station_observations
wind_speed, temperature, wind_direction, relative_humidity, time, precipitation
16.0, 6.5, 230.0, 96.0, 1988-04-21 00:00:00, 0.0
6.0, 6.0, 230.0, 99.0, 1988-04-22 00:00:00, 0.0
19.0, 6.3, 230.0, 83.0, 1988-04-23 00:00:00, 0.0
14.0, 5.7, 230.0, 93.0, 1988-04-24 00:00:00, 4.3
6.0, 7.8, 230.0, 92.0, 1988-04-25 00:00:00, 0.0
8.0, 13.6, 230.0, 69.0, 1988-04-26 00:00:00, 0.0
12.0, 9.7, 0.0, 95.0, 1988-04-27 00:00:00, 1.3
6.0, 9.7, 90.0, 97.0, 1988-04-28 00:00:00, 20.8
4.0, 5.7, 140.0, 98.0, 1988-04-29 00:00:00, 34.5
7.0, 1.8, 90.0, 99.0, 1988-04-30 00:00:00, 35.8
9.0, 5.9, 180.0, 86.0, 1988-05-01 00:00:00, 0.8
6.0, 5.9, 140.0, 87.0, 1988-05-02 00:00:00, 16.8
7.0, 7.4, 90.0, 87.0, 1988-05-03 00:00:00, 16.5
9.0, 9.4, 230.0, 70.0, 1988-05-04 00:00:00, 14.2
12.0, 10.4, 230.0, 77.0, 1988-05-05 00:00:00, 0.8
4.0, 6.4, 50.0, 10.0, 1988-05-06 00:00:00, 4.3
10.0, 13.3, 0.0, 71.0, 1988-05-07 00:00:00, 1.0
9.0, 13.1, 0.0, 87.0, 1988-05-08 00:00:00, 0.0
3.0, 12.9, 320.0, 57.0, 1988-05-09 00:00:00, 0.0
7.0, 16.9, 0.0, 76.0, 1988-05-10 00:00:00, 0.5
7.0, 20.6, 0.0, 63.0, 1988-05-11 00:00:00, 0.0
10.0, 16.5, 50.0, 63.0, 1988-05-12 00:00:00, 0.0
18.0, 6.6, 0.0, 99.0, 1988-05-13 00:00:00, 41.7
10.0, 9.3, 0.0, 94.0, 1988-05-14 00:00:00, 16.8
6.0, 12.4, 0.0, 90.0, 1988-05-15 00:00:00, 0.5
14.0, 8.3, 0.0, 96.0, 1988-05-16 00:00:00, 11.4
7.0, 6.8, 0.0, 96.0, 1988-05-17 00:00:00, 18.8
9.0, 7.6, 50.0, 99.0, 1988-05-18 00:00:00, 19.0
8.0, 8.6, 230.0, 95.0, 1988-05-19 00:00:00, 0.3
13.0, 15.5, 230.0, 67.0, 1988-05-20 00:00:00, 0.0
12.0, 20.0, 0.0, 56.0, 1988-05-21 00:00:00, 0.0
15.0, 8.8, 0.0, 99.0, 1988-05-22 00:00:00, 8.1
7.0, 8.7, 0.0, 87.0, 1988-05-23 00:00:00, 10.2
9.0, 11.5, 0.0, 73.0, 1988-05-24 00:00:00, 0.0
11.0, 13.0, 0.0, 72.0, 1988-05-25 00:00:00, 0.0
5.0, 10.0, 0.0, 86.0, 1988-05-26 00:00:00, 0.0
7.0, 9.5, 0.0, 99.0, 1988-05-27 00:00:00, 24.4
20.0, 8.3, 0.0, 92.0, 1988-05-28 00:00:00, 27.9
16.0, 10.1, 0.0, 76.0, 1988-05-29 00:00:00, 0.5
8.0, 11.3, 0.0, 61.0, 1988-05-30 00:00:00, 0.0
11.0, 7.5, 50.0, 99.0, 1988-05-31 00:00:00, 11.4
9.0, 5.9, 320.0, 99.0, 1988-06-01 00:00:00, 12.4
25.0, 8.4, 180.0, 96.0, 1988-06-02 00:00:00, 9.4
9.0, 10.1, 0.0, 87.0, 1988-06-03 00:00:00, 17.3
15.0, 9.6, 0.0, 90.0, 1988-06-04 00:00:00, 0.3
9.0, 11.8, 50.0, 82.0, 1988-06-05 00:00:00, 0.0
11.0, 12.6, 0.0, 86.0, 1988-06-06 00:00:00, 0.0
14.0, 10.7, 0.0, 94.0, 1988-06-07 00:00:00, 0.0
13.0, 10.9, 0.0, 81.0, 1988-06-08 00:00:00, 0.0
13.0, 16.7, 0.0, 70.0, 1988-06-09 00:00:00, 0.0
14.0, 8.6, 230.0, 99.0, 1988-06-10 00:00:00, 2.0
10.0, 12.4, 0.0, 82.0, 1988-06-11 00:00:00, 0.5
10.0, 14.8, 0.0, 80.0, 1988-06-12 00:00:00, 0.0
8.0, 19.4, 0.0, 62.0, 1988-06-13 00:00:00, 0.0
9.0, 22.9, 0.0, 52.0, 1988-06-14 00:00:00, 0.0
15.0, 14.6, 0.0, 92.0, 1988-06-15 00:00:00, 0.0
14.0, 9.5, 0.0, 99.0, 1988-06-16 00:00:00, 0.0
0.0, 11.1, 0.0, 99.0, 1988-06-17 00:00:00, 3.3
6.0, 12.0, 0.0, 87.0, 1988-06-18 00:00:00, 11.9
11.0, 13.4, 0.0, 68.0, 1988-06-19 00:00:00, 0.0
14.0, 13.3, 0.0, 90.0, 1988-06-20 00:00:00, 0.0
7.0, 17.1, 0.0, 56.0, 1988-06-21 00:00:00, 0.0
11.0, 13.9, 0.0, 86.0, 1988-06-22 00:00:00, 18.8
10.0, 9.6, 0.0, 93.0, 1988-06-23 00:00:00, 0.0
9.0, 16.4, 180.0, 70.0, 1988-06-24 00:00:00, 0.0
14.0, 16.1, 0.0, 82.0, 1988-06-25 00:00:00, 0.0
9.0, 10.2, 0.0, 99.0, 1988-06-26 00:00:00, 1.8
14.0, 12.0, 0.0, 86.0, 1988-06-27 00:00:00, 0.0
15.0, 12.1, 0.0, 76.0, 1988-06-28 00:00:00, 0.0
16.0, 12.4, 230.0, 89.0, 1988-06-29 00:00:00, 3.8
6.0, 14.7, 50.0, 62.0, 1988-06-30 00:00:00, 0.0
4.0, 12.9, 270.0, 99.0, 1988-07-01 00:00:00, 3.8
7.0, 9.6, 0.0, 99.0, 1988-07-02 00:00:00, 0.7
14.0, 12.3, 0.0, 80.0, 1988-07-03 00:00:00, 0.5
10.0, 10.8, 0.0, 94.0, 1988-07-04 00:00:00, 0.0
5.0, 8.8, 50.0, 99.0, 1988-07-05 00:00:00, 3.3
9.0, 9.8, 50.0, 99.0, 1988-07-06 00:00:00, 3.3
7.0, 17.6, 0.0, 77.0, 1988-07-07 00:00:00, 0.3
9.0, 21.1, 0.0, 51.0, 1988-07-08 00:00:00, 0.0
15.0, 13.9, 0.0, 93.0, 1988-07-09 00:00:00, 0.0
11.0, 11.7, 0.0, 99.0, 1988-07-10 00:00:00, 0.3
10.0, 9.8, 0.0, 99.0, 1988-07-11 00:00:00, 4.3
8.0, 11.9, 230.0, 99.0, 1988-07-12 00:00:00, 7.4
11.0, 11.7, 0.0, 99.0, 1988-07-13 00:00:00, 14.7
8.0, 14.9, 0.0, 80.0, 1988-07-14 00:00:00, 0.3
12.0, 16.0, 0.0, 81.0, 1988-07-15 00:00:00, 0.0
10.0, 16.6, 230.0, 71.0, 1988-07-16 00:00:00, 0.0
10.0, 17.0, 230.0, 70.0, 1988-07-17 00:00:00, 0.0
7.0, 22.3, 230.0, 51.0, 1988-07-18 00:00:00, 0.0
8.0, 26.6, 230.0, 46.0, 1988-07-19 00:00:00, 0.0
6.0, 21.6, 230.0, 61.0, 1988-07-20 00:00:00, 0.0
12.0, 11.3, 230.0, 99.0, 1988-07-21 00:00:00, 0.0
6.0, 11.1, 270.0, 99.0, 1988-07-22 00:00:00, 2.0
5.0, 19.4, 50.0, 65.0, 1988-07-23 00:00:00, 0.0
8.0, 21.5, 0.0, 67.0, 1988-07-24 00:00:00, 0.0
5.0, 27.0, 0.0, 45.0, 1988-07-25 00:00:00, 0.0
10.0, 24.3, 270.0, 42.0, 1988-07-26 00:00:00, 0.0
14.0, 11.7, 230.0, 98.0, 1988-07-27 00:00:00, 0.5
6.0, 13.9, 230.0, 90.0, 1988-07-28 00:00:00, 0.0
14.0, 16.3, 230.0, 83.0, 1988-07-29 00:00:00, 0.0
12.0, 14.7, 230.0, 90.0, 1988-07-30 00:00:00, 0.0
7.0, 16.3, 230.0, 77.0, 1988-07-31 00:00:00, 0.0
9.0, 18.2, 230.0, 61.0, 1988-08-01 00:00:00, 0.0
6.0, 22.7, 270.0, 53.0, 1988-08-02 00:00:00, 0.0
9.0, 26.0, 230.0, 38.0, 1988-08-03 00:00:00, 0.0
6.0, 21.7, 230.0, 56.0, 1988-08-04 00:00:00, 0.0
7.0, 10.3, 50.0, 99.0, 1988-08-05 00:00:00, 0.0
5.0, 12.9, 230.0, 87.0, 1988-08-06 00:00:00, 0.3
9.0, 16.2, 230.0, 80.0, 1988-08-07 00:00:00, 0.0
12.0, 16.9, 230.0, 81.0, 1988-08-08 00:00:00, 0.0
9.0, 14.7, 230.0, 98.0, 1988-08-09 00:00:00, 0.0
8.0, 18.4, 180.0, 79.0, 1988-08-10 00:00:00, 0.0
2.0, 15.2, 230.0, 89.0, 1988-08-11 00:00:00, 0.0
12.0, 13.1, 230.0, 90.0, 1988-08-12 00:00:00, 0.0
10.0, 13.7, 270.0, 91.0, 1988-08-13 00:00:00, 0.0
8.0, 12.7, 270.0, 94.0, 1988-08-14 00:00:00, 0.0
5.0, 11.6, 230.0, 99.0, 1988-08-15 00:00:00, 4.1
5.0, 13.9, 270.0, 86.0, 1988-08-16 00:00:00, 31.2
6.0, 15.1, 230.0, 89.0, 1988-08-17 00:00:00, 0.5
8.0, 16.1, 230.0, 83.0, 1988-08-18 00:00:00, 1.8
4.0, 13.2, 230.0, 99.0, 1988-08-19 00:00:00, 2.0
7.0, 14.5, 0.0, 85.0, 1988-08-20 00:00:00, 0.0
9.0, 18.4, 230.0, 66.0, 1988-08-21 00:00:00, 0.0
8.0, 22.6, 230.0, 63.0, 1988-08-22 00:00:00, 0.0
8.0, 25.8, 230.0, 57.0, 1988-08-23 00:00:00, 0.0
15.0, 17.9, 270.0, 80.0, 1988-08-24 00:00:00, 0.0
10.0, 16.3, 230.0, 83.0, 1988-08-25 00:00:00, 0.0
5.0, 18.2, 230.0, 80.0, 1988-08-26 00:00:00, 0.0
8.0, 22.2, 230.0, 71.0, 1988-08-27 00:00:00, 0.0
9.0, 23.6, 230.0, 67.0, 1988-08-28 00:00:00, 0.0
11.0, 14.1, 230.0, 96.0, 1988-08-29 00:00:00, 2.0
8.0, 16.1, 230.0, 83.0, 1988-08-30 00:00:00, 0.0
9.0, 19.6, 230.0, 66.0, 1988-08-31 00:00:00, 0.0
8.0, 24.4, 230.0, 54.0, 1988-09-01 00:00:00, 0.0
7.0, 27.8, 230.0, 52.0, 1988-09-02 00:00:00, 0.0
3.0, 25.2, 230.0, 53.0, 1988-09-03 00:00:00, 0.0
3.0, 14.8, 270.0, 94.0, 1988-09-04 00:00:00, 0.0
8.0, 12.0, 230.0, 98.0, 1988-09-05 00:00:00, 0.0
10.0, 12.3, 230.0, 99.0, 1988-09-06 00:00:00, 2.8
5.0, 11.7, 230.0, 99.0, 1988-09-07 00:00:00, 26.2
9.0, 13.2, 230.0, 99.0, 1988-09-08 00:00:00, 0.3
8.0, 9.5, 230.0, 91.0, 1988-09-09 00:00:00, 0.5
9.0, 15.8, 0.0, 63.0, 1988-09-10 00:00:00, 0.3
7.0, 18.2, 0.0, 62.0, 1988-09-11 00:00:00, 0.0
7.0, 22.0, 0.0, 59.0, 1988-09-12 00:00:00, 0.0
6.0, 23.5, 0.0, 51.0, 1988-09-13 00:00:00, 0.0
9.0, 20.7, 0.0, 62.0, 1988-09-14 00:00:00, 0.0
2.0, 10.6, 50.0, 98.0, 1988-09-15 00:00:00, 0.0
2.0, 9.6, 0.0, 94.0, 1988-09-16 00:00:00, 0.0
5.0, 13.9, 320.0, 67.0, 1988-09-17 00:00:00, 0.8
3.0, 9.7, 0.0, 81.0, 1988-09-18 00:00:00, 0.0
4.0, 10.5, 320.0, 99.0, 1988-09-19 00:00:00, 38.9
9.0, 14.7, 0.0, 81.0, 1988-09-20 00:00:00, 5.6
5.0, 13.0, 0.0, 87.0, 1988-09-21 00:00:00, 0.0
7.0, 11.0, 0.0, 91.0, 1988-09-22 00:00:00, 0.0
8.0, 7.8, 0.0, 99.0, 1988-09-23 00:00:00, 30.7
6.0, 10.3, 0.0, 93.0, 1988-09-24 00:00:00, 0.0
10.0, 10.9, 0.0, 94.0, 1988-09-25 00:00:00, 38.4
11.0, 10.3, 270.0, 96.0, 1988-09-26 00:00:00, 1.5
8.0, 10.3, 0.0, 99.0, 1988-09-27 00:00:00, 27.4
6.0, 14.5, 320.0, 69.0, 1988-09-28 00:00:00, 0.3
8.0, 18.7, 0.0, 64.0, 1988-09-29 00:00:00, 0.0
5.0, 18.9, 0.0, 81.0, 1988-09-30 00:00:00, 0.0
2.0, 21.8, 0.0, 70.0, 1988-10-01 00:00:00, 0.0
5.0, 11.3, 0.0, 97.0, 1988-10-02 00:00:00, 0.0
5.0, 12.5, 0.0, 95.0, 1988-10-03 00:00:00, 0.0
1.0, 14.1, 270.0, 98.0, 1988-10-04 00:00:00, 1.3
8.0, 16.2, 0.0, 89.0, 1988-10-05 00:00:00, 10.9
1.0, 12.6, 0.0, 97.0, 1988-10-06 00:00:00, 0.3
4.0, 12.2, 0.0, 96.0, 1988-10-07 00:00:00, 0.0
1.0, 16.5, 0.0, 88.0, 1988-10-08 00:00:00, 0.0
1.0, 20.7, 0.0, 65.0, 1988-10-09 00:00:00, 0.0
4.0, 21.3, 0.0, 62.0, 1988-10-10 00:00:00, 0.0
2.0, 11.7, 50.0, 98.0, 1988-10-11 00:00:00, 0.8
19.0, 20.4, 0.0, 27.0, 1989-04-29 00:00:00, 2.0
10.0, 23.0, 0.0, 32.0, 1989-04-30 00:00:00, 0.0
12.0, 10.3, 0.0, 96.0, 1989-05-01 00:00:00, 0.5
5.0, 9.1, 0.0, 99.0, 1989-05-02 00:00:00, 0.8
6.0, 15.0, 0.0, 82.0, 1989-05-03 00:00:00, 0.0
7.0, 18.0, 0.0, 60.0, 1989-05-04 00:00:00, 0.0
2.0, 17.5, 0.0, 70.0, 1989-05-05 00:00:00, 0.0
7.0, 14.4, 0.0, 97.0, 1989-05-06 00:00:00, 2.3
11.0, 12.8, 0.0, 91.0, 1989-05-07 00:00:00, 0.0
12.0, 9.9, 0.0, 97.0, 1989-05-08 00:00:00, 0.5
17.0, 10.6, 0.0, 81.0, 1989-05-09 00:00:00, 0.0
14.0, 5.1, 0.0, 97.0, 1989-05-10 00:00:00, 2.0
7.0, 20.6, 0.0, 63.0, 1989-05-11 00:00:00, 0.0
10.0, 16.5, 50.0, 63.0, 1989-05-12 00:00:00, 0.0
7.0, 14.7, 0.0, 51.0, 1989-05-13 00:00:00, 0.0
11.0, 18.1, 0.0, 43.0, 1989-05-14 00:00:00, 0.0
14.0, 13.2, 0.0, 84.0, 1989-05-15 00:00:00, 0.0
16.0, 7.5, 0.0, 99.0, 1989-05-16 00:00:00, 3.0
17.0, 6.0, 0.0, 98.0, 1989-05-17 00:00:00, 13.7
14.0, 6.2, 0.0, 95.0, 1989-05-18 00:00:00, 18.8
15.0, 9.4, 0.0, 78.0, 1989-05-19 00:00:00, 4.8
14.0, 9.7, 0.0, 77.0, 1989-05-20 00:00:00, 0.0
14.0, 10.0, 0.0, 75.0, 1989-05-21 00:00:00, 0.0
6.0, 11.5, 0.0, 69.0, 1989-05-22 00:00:00, 0.0
5.0, 8.1, 0.0, 90.0, 1989-05-23 00:00:00, 13.2
13.0, 10.1, 0.0, 88.0, 1989-05-24 00:00:00, 2.8
9.0, 8.6, 0.0, 93.0, 1989-05-25 00:00:00, 1.8
4.0, 8.3, 0.0, 98.0, 1989-05-26 00:00:00, 17.3
4.0, 9.0, 0.0, 85.0, 1989-05-27 00:00:00, 7.9
7.0, 10.6, 0.0, 92.0, 1989-05-28 00:00:00, 7.9
9.0, 11.7, 0.0, 88.0, 1989-05-29 00:00:00, 0.0
7.0, 12.9, 0.0, 85.0, 1989-05-30 00:00:00, 0.0
12.0, 17.4, 0.0, 76.0, 1989-05-31 00:00:00, 0.0
8.0, 20.3, 0.0, 69.0, 1989-06-01 00:00:00, 0.0
8.0, 22.1, 0.0, 56.0, 1989-06-02 00:00:00, 0.0
8.0, 26.3, 0.0, 40.0, 1989-06-03 00:00:00, 0.0
6.0, 28.0, 0.0, 26.0, 1989-06-04 00:00:00, 0.0
9.0, 21.8, 0.0, 53.0, 1989-06-05 00:00:00, 0.0
11.0, 16.5, 0.0, 70.0, 1989-06-06 00:00:00, 0.0
10.0, 15.8, 0.0, 84.0, 1989-06-07 00:00:00, 0.0
10.0, 9.5, 0.0, 98.0, 1989-06-08 00:00:00, 0.3
8.0, 11.2, 0.0, 90.0, 1989-06-09 00:00:00, 0.3
8.0, 11.2, 0.0, 90.0, 1989-06-10 00:00:00, 0.0
7.0, 21.1, 0.0, 65.0, 1989-06-11 00:00:00, 0.0
9.0, 10.9, 0.0, 91.0, 1989-06-12 00:00:00, 0.0
8.0, 13.9, 0.0, 84.0, 1989-06-13 00:00:00, 0.8
12.0, 13.4, 0.0, 82.0, 1989-06-14 00:00:00, 12.0
14.0, 11.6, 0.0, 87.0, 1989-06-15 00:00:00, 0.0
11.0, 13.0, 0.0, 75.0, 1989-06-16 00:00:00, 0.0
12.0, 9.6, 0.0, 96.0, 1989-06-17 00:00:00, 6.9
1.0, 10.5, 0.0, 89.0, 1989-06-18 00:00:00, 4.1
8.0, 8.0, 0.0, 96.0, 1989-06-19 00:00:00, 14.2
16.0, 12.7, 0.0, 86.0, 1989-06-20 00:00:00, 1.3
5.0, 13.7, 0.0, 76.0, 1989-06-21 00:00:00, 0.0
8.0, 18.3, 0.0, 72.0, 1989-06-22 00:00:00, 0.0
8.0, 23.6, 0.0, 52.0, 1989-06-23 00:00:00, 0.0
8.0, 27.3, 0.0, 34.0, 1989-06-24 00:00:00, 0.0
7.0, 22.6, 0.0, 55.0, 1989-06-25 00:00:00, 0.0
11.0, 11.9, 0.0, 93.0, 1989-06-26 00:00:00, 4.3
6.0, 11.8, 0.0, 86.0, 1989-06-27 00:00:00, 0.5
5.0, 14.0, 0.0, 80.0, 1989-06-28 00:00:00, 7.9
5.0, 14.6, 0.0, 89.0, 1989-06-29 00:00:00, 1.8
2.0, 12.2, 0.0, 84.0, 1989-06-30 00:00:00, 16.0
5.0, 11.4, 0.0, 94.0, 1989-07-01 00:00:00, 29.2
4.0, 12.9, 0.0, 93.0, 1989-07-02 00:00:00, 9.9
13.0, 10.1, 0.0, 97.0, 1989-07-03 00:00:00, 3.8
5.0, 12.1, 0.0, 92.0, 1989-07-04 00:00:00, 1.0
11.0, 14.7, 0.0, 88.0, 1989-07-05 00:00:00, 1.8
9.0, 17.9, 0.0, 67.0, 1989-07-06 00:00:00, 0.0
10.0, 10.5, 0.0, 98.0, 1989-07-07 00:00:00, 0.3
6.0, 12.4, 0.0, 93.0, 1989-07-08 00:00:00, 1.0
8.0, 14.7, 0.0, 87.0, 1989-07-09 00:00:00, 0.0
10.0, 12.5, 0.0, 94.0, 1989-07-10 00:00:00, 0.5
8.0, 18.0, 0.0, 66.0, 1989-07-11 00:00:00, 0.0
3.0, 16.8, 0.0, 90.0, 1989-07-12 00:00:00, 0.0
16.0, 14.8, 0.0, 87.0, 1989-07-13 00:00:00, 0.0
14.0, 16.2, 0.0, 84.0, 1989-07-14 00:00:00, 0.0
8.0, 15.2, 0.0, 75.0, 1989-07-15 00:00:00, 0.0
4.0, 13.9, 0.0, 94.0, 1989-07-16 00:00:00, 14.0
3.0, 14.6, 0.0, 93.0, 1989-07-17 00:00:00, 4.8
3.0, 15.9, 0.0, 89.0, 1989-07-18 00:00:00, 1.5
14.0, 16.4, 0.0, 79.0, 1989-07-19 00:00:00, 0.0
7.0, 14.2, 0.0, 88.0, 1989-07-20 00:00:00, 0.0
12.0, 15.3, 0.0, 87.0, 1989-07-21 00:00:00, 1.3
8.0, 18.2, 0.0, 73.0, 1989-07-22 00:00:00, 0.0
12.0, 13.3, 0.0, 93.0, 1989-07-23 00:00:00, 0.3
8.0, 19.0, 0.0, 71.0, 1989-07-24 00:00:00, 0.0
7.0, 20.4, 0.0, 70.0, 1989-07-25 00:00:00, 0.0
12.0, 13.6, 0.0, 95.0, 1989-07-26 00:00:00, 0.0
5.0, 12.9, 0.0, 90.0, 1989-07-27 00:00:00, 0.8
10.0, 14.8, 0.0, 77.0, 1989-07-28 00:00:00, 0.0
14.0, 16.0, 0.0, 87.0, 1989-07-29 00:00:00, 1.3
7.0, 12.7, 0.0, 96.0, 1989-07-30 00:00:00, 1.5
7.0, 12.3, 0.0, 96.0, 1989-07-31 00:00:00, 0.0
8.0, 17.3, 0.0, 69.0, 1989-08-01 00:00:00, 10.4
8.0, 12.0, 0.0, 97.0, 1989-08-02 00:00:00, 11.0
9.0, 12.6, 0.0, 98.0, 1989-08-03 00:00:00, 3.8
5.0, 18.3, 0.0, 86.0, 1989-08-04 00:00:00, 0.3
6.0, 15.7, 0.0, 91.0, 1989-08-05 00:00:00, 0.0
8.0, 20.5, 0.0, 75.0, 1989-08-06 00:00:00, 0.0
7.0, 20.2, 0.0, 73.0, 1989-08-07 00:00:00, 0.0
8.0, 19.2, 0.0, 77.0, 1989-08-08 00:00:00, 0.0
4.0, 15.9, 0.0, 80.0, 1989-08-09 00:00:00, 0.0
12.0, 15.2, 0.0, 80.0, 1989-08-10 00:00:00, 0.0
5.0, 16.4, 0.0, 70.0, 1989-08-11 00:00:00, 0.3
8.0, 19.0, 0.0, 61.0, 1989-08-12 00:00:00, 0.0
5.0, 14.4, 0.0, 93.0, 1989-08-13 00:00:00, 1.0
12.0, 15.7, 0.0, 88.0, 1989-08-14 00:00:00, 4.8
6.0, 13.5, 0.0, 92.0, 1989-08-15 00:00:00, 0.0
6.0, 14.0, 0.0, 90.0, 1989-08-16 00:00:00, 0.0
6.0, 17.6, 0.0, 81.0, 1989-08-17 00:00:00, 0.0
9.0, 19.7, 0.0, 79.0, 1989-08-18 00:00:00, 0.0
2.0, 15.5, 0.0, 93.0, 1989-08-19 00:00:00, 0.0
1.0, 13.5, 0.0, 93.0, 1989-08-20 00:00:00, 0.0
2.0, 13.5, 0.0, 96.0, 1989-08-21 00:00:00, 47.5
4.0, 14.8, 0.0, 82.0, 1989-08-22 00:00:00, 18.8
8.0, 15.8, 0.0, 86.0, 1989-08-23 00:00:00, 0.0
9.0, 16.8, 0.0, 82.0, 1989-08-24 00:00:00, 0.0
9.0, 18.6, 0.0, 79.0, 1989-08-25 00:00:00, 0.0
10.0, 12.6, 270.0, 91.0, 1990-06-25 00:00:00, 0.0
13.0, 14.0, 270.0, 82.0, 1990-06-26 00:00:00, 0.0
1.0, 14.0, 50.0, 76.0, 1990-06-27 00:00:00, 0.0
5.0, 15.3, 140.0, 92.0, 1990-06-28 00:00:00, 10.7
3.0, 14.8, 270.0, 96.0, 1990-06-29 00:00:00, 8.1
8.0, 14.5, 270.0, 89.0, 1990-06-30 00:00:00, 16.8
11.0, 15.6, 270.0, 72.0, 1990-07-01 00:00:00, 0.0
19.0, 14.0, 270.0, 86.0, 1990-07-02 00:00:00, 0.3
8.0, 17.3, 180.0, 76.0, 1990-07-03 00:00:00, 0.0
8.0, 20.0, 270.0, 68.0, 1990-07-04 00:00:00, 0.0
4.0, 13.9, 50.0, 90.0, 1990-07-05 00:00:00, 0.0
11.0, 16.1, 270.0, 88.0, 1990-07-06 00:00:00, 20.6
9.0, 18.0, 270.0, 82.0, 1990-07-07 00:00:00, 0.0
11.0, 19.1, 270.0, 80.0, 1990-07-08 00:00:00, 0.0
10.0, 19.5, 270.0, 72.0, 1990-07-09 00:00:00, 0.0
8.0, 23.9, 270.0, 56.0, 1990-07-10 00:00:00, 0.0
7.0, 27.3, 230.0, 51.0, 1990-07-11 00:00:00, 0.0
11.0, 20.5, 270.0, 74.0, 1990-07-12 00:00:00, 0.0
9.0, 21.3, 270.0, 71.0, 1990-07-13 00:00:00, 0.0
8.0, 24.3, 270.0, 53.0, 1990-07-14 00:00:00, 0.0
6.0, 23.0, 270.0, 59.0, 1990-07-15 00:00:00, 0.0
8.0, 17.4, 230.0, 73.0, 1990-07-16 00:00:00, 0.0
9.0, 17.9, 230.0, 72.0, 1990-07-17 00:00:00, 0.0
9.0, 20.7, 270.0, 63.0, 1990-07-18 00:00:00, 0.0
9.0, 24.7, 270.0, 54.0, 1990-07-19 00:00:00, 0.0
0.0, 10.0, 0.0, 99.0, 1992-04-28 00:00:00, 5.0
