station_observations
wind_speed, temperature, wind_direction, relative_humidity, time, precipitation
2.0, 20.0, 230.0, 99.0, 1981-05-08 00:00:00, 21.6
10.0, 12.0, 270.0, 90.0, 1981-05-09 00:00:00, 7.7
12.0, 11.0, 270.0, 52.0, 1981-05-10 00:00:00, 0.0
16.0, 12.0, 270.0, 42.0, 1981-05-11 00:00:00, 0.0
10.0, 18.0, 230.0, 31.0, 1981-05-12 00:00:00, 0.0
10.0, 20.0, 90.0, 56.0, 1981-05-13 00:00:00, 0.0
6.0, 5.0, 90.0, 99.0, 1981-05-14 00:00:00, 0.0
5.0, 4.0, 320.0, 84.0, 1981-05-15 00:00:00, 0.1
6.0, 4.0, 230.0, 42.0, 1981-05-16 00:00:00, 0.1
12.0, 18.0, 0.0, 50.0, 1981-05-17 00:00:00, 0.0
14.0, 19.0, 140.0, 44.0, 1981-05-18 00:00:00, 0.0
6.0, 18.0, 90.0, 47.0, 1981-05-19 00:00:00, 0.0
10.0, 22.0, 0.0, 45.0, 1981-05-20 00:00:00, 3.0
16.0, 21.0, 90.0, 60.0, 1981-05-21 00:00:00, 0.0
12.0, 17.0, 270.0, 62.0, 1981-05-22 00:00:00, 5.0
2.0, 19.0, 140.0, 51.0, 1981-05-23 00:00:00, 0.0
10.0, 13.0, 0.0, 99.0, 1981-05-24 00:00:00, 0.0
6.0, 16.0, 0.0, 99.0, 1981-05-25 00:00:00, 2.9
10.0, 10.0, 270.0, 92.0, 1981-05-26 00:00:00, 8.5
20.0, 15.0, 270.0, 60.0, 1981-05-27 00:00:00, 0.0
12.0, 22.0, 180.0, 50.0, 1981-05-28 00:00:00, 0.0
6.0, 18.0, 230.0, 42.0, 1981-05-29 00:00:00, 0.0
10.0, 18.0, 90.0, 99.0, 1981-05-30 00:00:00, 3.3
8.0, 15.0, 320.0, 99.0, 1981-05-31 00:00:00, 1.5
12.0, 18.0, 270.0, 52.0, 1981-06-01 00:00:00, 0.0
2.0, 16.0, 270.0, 60.0, 1981-06-02 00:00:00, 0.0
10.0, 16.0, 90.0, 90.0, 1981-06-03 00:00:00, 0.0
12.0, 15.0, 320.0, 60.0, 1981-06-04 00:00:00, 0.0
2.0, 16.0, 270.0, 50.0, 1981-06-05 00:00:00, 0.0
26.0, 16.0, 270.0, 40.0, 1981-06-06 00:00:00, 5.0
12.0, 15.0, 270.0, 46.0, 1981-06-07 00:00:00, 0.0
6.0, 14.0, 180.0, 76.0, 1981-06-08 00:00:00, 4.0
5.0, 12.0, 270.0, 62.0, 1981-06-09 00:00:00, 0.0
10.0, 15.0, 140.0, 58.0, 1981-06-10 00:00:00, 0.0
12.0, 18.0, 90.0, 46.0, 1981-06-11 00:00:00, 0.0
10.0, 18.0, 140.0, 54.0, 1981-06-12 00:00:00, 0.0
5.0, 17.0, 90.0, 56.0, 1981-06-13 00:00:00, 7.5
12.0, 20.0, 270.0, 42.0, 1981-06-14 00:00:00, 0.0
12.0, 16.0, 230.0, 42.0, 1981-06-15 00:00:00, 12.0
10.0, 9.0, 270.0, 98.0, 1981-06-16 00:00:00, 10.0
5.0, 12.0, 320.0, 66.0, 1981-06-17 00:00:00, 2.0
10.0, 11.0, 40.0, 92.0, 1981-06-18 00:00:00, 0.0
12.0, 13.0, 270.0, 72.0, 1981-06-19 00:00:00, 3.0
10.0, 17.0, 270.0, 46.0, 1981-06-20 00:00:00, 0.0
5.0, 15.0, 270.0, 58.0, 1981-06-21 00:00:00, 0.0
6.0, 18.0, 270.0, 44.0, 1981-06-22 00:00:00, 0.0
2.0, 17.0, 270.0, 52.0, 1981-06-23 00:00:00, 0.0
15.0, 17.0, 0.0, 50.0, 1981-06-24 00:00:00, 8.5
3.0, 15.0, 90.0, 80.0, 1981-06-25 00:00:00, 0.0
14.0, 16.0, 270.0, 52.0, 1981-06-26 00:00:00, 0.0
12.0, 18.0, 270.0, 49.0, 1981-06-27 00:00:00, 5.0
18.0, 19.0, 270.0, 47.0, 1981-06-28 00:00:00, 0.0
18.0, 15.0, 270.0, 78.0, 1981-06-29 00:00:00, 5.0
20.0, 17.0, 270.0, 52.0, 1981-06-30 00:00:00, 0.0
18.0, 22.0, 270.0, 40.0, 1981-07-01 00:00:00, 0.0
20.0, 18.0, 270.0, 69.0, 1981-07-02 00:00:00, 0.0
30.0, 19.0, 270.0, 71.0, 1981-07-03 00:00:00, 0.0
15.0, 20.0, 270.0, 50.0, 1981-07-04 00:00:00, 0.0
20.0, 21.0, 270.0, 51.0, 1981-07-05 00:00:00, 0.0
12.0, 17.0, 270.0, 46.0, 1981-07-06 00:00:00, 0.0
26.0, 17.0, 270.0, 65.0, 1981-07-07 00:00:00, 0.0
16.0, 17.0, 270.0, 50.0, 1981-07-08 00:00:00, 0.0
5.0, 16.0, 40.0, 54.0, 1981-07-09 00:00:00, 0.0
0.0, 22.0, 0.0, 40.0, 1981-07-10 00:00:00, 0.0
0.0, 25.0, 0.0, 44.0, 1981-07-11 00:00:00, 0.0
12.0, 27.0, 270.0, 36.0, 1981-07-12 00:00:00, 0.0
0.0, 18.0, 0.0, 86.0, 1981-07-13 00:00:00, 0.0
0.0, 16.0, 0.0, 70.0, 1981-07-14 00:00:00, 0.5
5.0, 19.0, 40.0, 66.0, 1981-07-15 00:00:00, 0.4
5.0, 25.0, 40.0, 50.0, 1981-07-16 00:00:00, 0.0
0.0, 27.0, 0.0, 45.0, 1981-07-17 00:00:00, 0.0
10.0, 27.0, 270.0, 26.0, 1981-07-18 00:00:00, 0.0
20.0, 29.0, 270.0, 49.0, 1981-07-19 00:00:00, 0.0
10.0, 25.0, 40.0, 68.0, 1981-07-20 00:00:00, 0.0
0.0, 15.0, 0.0, 99.0, 1981-07-21 00:00:00, 10.0
0.0, 20.0, 0.0, 64.0, 1981-07-22 00:00:00, 2.5
0.0, 16.0, 0.0, 77.0, 1981-07-23 00:00:00, 0.5
15.0, 18.0, 270.0, 68.0, 1981-07-24 00:00:00, 0.0
20.0, 21.0, 270.0, 59.0, 1981-07-25 00:00:00, 0.0
30.0, 20.0, 270.0, 61.0, 1981-07-26 00:00:00, 0.0
10.0, 23.0, 320.0, 50.0, 1981-07-27 00:00:00, 0.0
10.0, 18.0, 0.0, 80.0, 1981-07-28 00:00:00, 0.0
0.0, 18.0, 0.0, 68.0, 1981-07-29 00:00:00, 0.1
20.0, 25.0, 270.0, 42.0, 1981-07-30 00:00:00, 0.0
20.0, 20.0, 270.0, 50.0, 1981-07-31 00:00:00, 0.0
5.0, 15.0, 270.0, 90.0, 1981-08-01 00:00:00, 25.0
25.0, 21.0, 270.0, 58.0, 1981-08-02 00:00:00, 0.0
20.0, 22.0, 270.0, 58.0, 1981-08-03 00:00:00, 0.0
15.0, 24.0, 270.0, 44.0, 1981-08-04 00:00:00, 0.0
15.0, 22.0, 270.0, 56.0, 1981-08-05 00:00:00, 0.0
10.0, 26.0, 320.0, 48.0, 1981-08-06 00:00:00, 0.0
0.0, 28.0, 0.0, 40.0, 1981-08-07 00:00:00, 0.0
5.0, 29.0, 270.0, 42.0, 1981-08-08 00:00:00, 0.0
20.0, 31.0, 270.0, 35.0, 1981-08-09 00:00:00, 0.0
12.0, 26.0, 90.0, 50.0, 1981-08-10 00:00:00, 0.0
0.0, 21.0, 0.0, 42.0, 1981-08-11 00:00:00, 0.0
0.0, 17.0, 0.0, 50.0, 1981-08-12 00:00:00, 0.0
0.0, 16.0, 0.0, 64.0, 1981-08-13 00:00:00, 0.0
10.0, 22.0, 270.0, 35.0, 1981-08-14 00:00:00, 0.0
15.0, 18.0, 270.0, 46.0, 1981-08-15 00:00:00, 0.0
10.0, 18.0, 270.0, 34.0, 1981-08-16 00:00:00, 0.0
5.0, 22.0, 270.0, 30.0, 1981-08-17 00:00:00, 0.0
10.0, 17.0, 90.0, 54.0, 1981-08-18 00:00:00, 0.0
5.0, 20.0, 270.0, 42.0, 1981-08-19 00:00:00, 0.0
26.0, 17.0, 270.0, 42.0, 1981-08-20 00:00:00, 0.0
25.0, 16.0, 270.0, 60.0, 1981-08-21 00:00:00, 0.0
14.0, 17.0, 270.0, 54.0, 1981-08-22 00:00:00, 0.0
5.0, 14.0, 90.0, 68.0, 1981-08-23 00:00:00, 3.5
2.0, 16.0, 0.0, 62.0, 1981-08-24 00:00:00, 0.0
15.0, 16.0, 90.0, 70.0, 1981-08-25 00:00:00, 0.5
0.0, 17.0, 0.0, 40.0, 1981-08-26 00:00:00, 10.0
0.0, 9.0, 0.0, 84.0, 1981-08-27 00:00:00, 17.0
10.0, 28.0, 270.0, 68.0, 1981-08-28 00:00:00, 3.0
12.0, 6.0, 90.0, 80.0, 1981-08-29 00:00:00, 4.0
5.0, 5.0, 90.0, 88.0, 1981-08-30 00:00:00, 0.0
12.0, 14.0, 270.0, 40.0, 1981-08-31 00:00:00, 0.0
5.0, 8.0, 320.0, 99.0, 1981-09-01 00:00:00, 10.0
2.0, 12.0, 320.0, 54.0, 1981-09-02 00:00:00, 5.0
2.0, 15.0, 270.0, 64.0, 1981-09-03 00:00:00, 0.0
2.0, 16.0, 320.0, 58.0, 1981-09-04 00:00:00, 0.0
2.0, 16.0, 320.0, 58.0, 1981-09-05 00:00:00, 0.0
30.0, 16.0, 270.0, 53.0, 1981-09-06 00:00:00, 0.0
14.0, 19.0, 230.0, 62.0, 1981-09-07 00:00:00, 0.0
18.0, 16.0, 270.0, 64.0, 1981-09-08 00:00:00, 0.0
22.0, 20.0, 270.0, 50.0, 1981-09-09 00:00:00, 0.0
18.0, 16.0, 270.0, 66.0, 1981-09-10 00:00:00, 0.0
35.0, 16.0, 270.0, 54.0, 1981-09-11 00:00:00, 0.0
20.0, 15.0, 320.0, 50.0, 1981-09-12 00:00:00, 0.0
12.0, 15.0, 270.0, 44.0, 1981-09-13 00:00:00, 0.0
10.0, 11.0, 90.0, 60.0, 1981-09-14 00:00:00, 0.0
0.0, 12.0, 0.0, 52.0, 1981-09-15 00:00:00, 0.0
0.0, 11.0, 0.0, 56.0, 1981-09-16 00:00:00, 0.0
10.0, 20.0, 180.0, 49.0, 1981-09-17 00:00:00, 0.0
5.0, 24.0, 180.0, 50.0, 1981-09-18 00:00:00, 0.0
32.0, 11.0, 270.0, 66.0, 1981-09-19 00:00:00, 0.0
8.0, 10.0, 270.0, 72.0, 1981-09-20 00:00:00, 0.0
2.0, 7.0, 270.0, 99.0, 1981-09-21 00:00:00, 5.0
10.0, 4.0, 90.0, 96.0, 1981-09-22 00:00:00, 2.0
4.0, 7.0, 270.0, 60.0, 1981-09-23 00:00:00, 0.0
2.0, 4.0, 230.0, 85.0, 1981-09-24 00:00:00, 0.0
4.0, 5.0, 270.0, 70.0, 1981-09-25 00:00:00, 2.0
5.0, 6.0, 270.0, 58.0, 1981-09-26 00:00:00, 0.0
2.0, 0.0, 270.0, 99.0, 1981-09-27 00:00:00, 0.0
12.0, 7.0, 270.0, 70.0, 1981-09-28 00:00:00, 0.0
10.0, 6.0, 270.0, 60.0, 1981-09-29 00:00:00, 0.0
10.0, 5.0, 90.0, 75.0, 1981-09-30 00:00:00, 0.0
0.0, 0.0, 0.0, 0.0, 1982-06-07 00:00:00, 0.0
15.0, 8.0, 40.0, 84.0, 1982-06-08 00:00:00, 0.0
10.0, 10.0, 40.0, 50.0, 1982-06-09 00:00:00, 0.0
10.0, 23.0, 270.0, 52.0, 1982-06-10 00:00:00, 0.0
15.0, 25.0, 230.0, 30.0, 1982-06-11 00:00:00, 0.0
20.0, 30.0, 230.0, 30.0, 1982-06-12 00:00:00, 0.0
30.0, 27.0, 230.0, 35.0, 1982-06-13 00:00:00, 0.0
30.0, 13.0, 230.0, 34.0, 1982-06-14 00:00:00, 0.0
35.0, 14.0, 230.0, 29.0, 1982-06-15 00:00:00, 0.0
25.0, 18.0, 230.0, 28.0, 1982-06-16 00:00:00, 0.0
30.0, 20.0, 230.0, 30.0, 1982-06-17 00:00:00, 0.0
25.0, 28.0, 140.0, 48.0, 1982-06-18 00:00:00, 0.0
20.0, 29.0, 140.0, 50.0, 1982-06-19 00:00:00, 0.0
35.0, 31.0, 230.0, 30.0, 1982-06-20 00:00:00, 0.0
30.0, 28.0, 270.0, 28.0, 1982-06-21 00:00:00, 0.0
20.0, 17.0, 140.0, 40.0, 1982-06-22 00:00:00, 0.0
20.0, 19.0, 230.0, 50.0, 1982-06-23 00:00:00, 0.0
15.0, 16.0, 180.0, 55.0, 1982-06-24 00:00:00, 0.0
15.0, 21.0, 90.0, 51.0, 1982-06-25 00:00:00, 0.0
20.0, 21.0, 140.0, 54.0, 1982-06-26 00:00:00, 0.0
5.0, 17.0, 90.0, 65.0, 1982-06-27 00:00:00, 0.0
15.0, 20.0, 140.0, 59.0, 1982-06-28 00:00:00, 0.0
20.0, 25.0, 140.0, 45.0, 1982-06-29 00:00:00, 0.0
15.0, 28.0, 140.0, 49.0, 1982-06-30 00:00:00, 0.0
15.0, 25.0, 230.0, 41.0, 1982-07-01 00:00:00, 0.2
5.0, 16.0, 40.0, 90.0, 1982-07-02 00:00:00, 1.0
5.0, 12.0, 40.0, 92.0, 1982-07-03 00:00:00, 1.0
5.0, 14.0, 40.0, 90.0, 1982-07-04 00:00:00, 5.3
4.0, 15.0, 90.0, 85.0, 1982-07-05 00:00:00, 21.0
7.0, 20.0, 230.0, 60.0, 1982-07-06 00:00:00, 0.2
10.0, 17.0, 230.0, 70.0, 1982-07-07 00:00:00, 5.3
20.0, 22.0, 270.0, 40.0, 1982-07-08 00:00:00, 0.9
30.0, 23.0, 270.0, 30.0, 1982-07-09 00:00:00, 0.0
30.0, 22.0, 270.0, 31.0, 1982-07-10 00:00:00, 0.0
20.0, 21.0, 270.0, 65.0, 1982-07-11 00:00:00, 0.0
30.0, 25.0, 270.0, 38.0, 1982-07-12 00:00:00, 0.0
20.0, 20.0, 90.0, 61.0, 1982-07-13 00:00:00, 0.0
0.0, 13.0, 0.0, 95.0, 1982-07-14 00:00:00, 99.9
20.0, 21.0, 40.0, 51.0, 1982-07-15 00:00:00, 3.5
30.0, 25.0, 270.0, 40.0, 1982-07-16 00:00:00, 0.0
35.0, 20.0, 270.0, 49.0, 1982-07-17 00:00:00, 3.3
30.0, 15.0, 270.0, 51.0, 1982-07-18 00:00:00, 0.0
10.0, 10.0, 270.0, 90.0, 1982-07-19 00:00:00, 1.3
15.0, 13.0, 90.0, 70.0, 1982-07-20 00:00:00, 11.4
10.0, 14.0, 90.0, 60.0, 1982-07-21 00:00:00, 2.5
10.0, 20.0, 270.0, 49.0, 1982-07-22 00:00:00, 12.8
20.0, 25.0, 270.0, 49.0, 1982-07-23 00:00:00, 0.0
10.0, 23.0, 270.0, 42.0, 1982-07-24 00:00:00, 8.1
10.0, 25.0, 90.0, 40.0, 1982-07-25 00:00:00, 0.0
30.0, 28.0, 270.0, 31.0, 1982-07-26 00:00:00, 0.0
10.0, 20.0, 90.0, 60.0, 1982-07-27 00:00:00, 0.0
30.0, 29.0, 270.0, 21.0, 1982-07-28 00:00:00, 0.0
30.0, 30.0, 270.0, 28.0, 1982-07-29 00:00:00, 0.0
20.0, 27.0, 90.0, 32.0, 1982-07-30 00:00:00, 0.0
10.0, 26.0, 270.0, 42.0, 1982-07-31 00:00:00, 0.0
5.0, 14.0, 320.0, 94.0, 1982-08-01 00:00:00, 15.0
8.0, 10.0, 320.0, 94.0, 1982-08-02 00:00:00, 7.0
5.0, 12.0, 0.0, 80.0, 1982-08-03 00:00:00, 5.0
10.0, 16.0, 270.0, 53.0, 1982-08-04 00:00:00, 0.0
15.0, 17.0, 90.0, 54.0, 1982-08-05 00:00:00, 0.0
25.0, 18.0, 270.0, 48.0, 1982-08-06 00:00:00, 0.0
30.0, 20.0, 40.0, 50.0, 1982-08-07 00:00:00, 0.0
20.0, 22.0, 90.0, 60.0, 1982-08-08 00:00:00, 0.0
10.0, 26.0, 270.0, 62.0, 1982-08-09 00:00:00, 0.0
10.0, 16.0, 270.0, 82.0, 1982-08-10 00:00:00, 10.0
25.0, 14.0, 270.0, 52.0, 1982-08-11 00:00:00, 0.0
35.0, 15.0, 270.0, 44.0, 1982-08-12 00:00:00, 0.0
5.0, 14.0, 230.0, 78.0, 1982-08-13 00:00:00, 1.6
5.0, 12.0, 320.0, 62.0, 1982-08-14 00:00:00, 0.0
5.0, 12.0, 140.0, 84.0, 1982-08-15 00:00:00, 0.0
10.0, 10.0, 40.0, 86.0, 1982-08-16 00:00:00, 0.0
15.0, 16.0, 270.0, 58.0, 1982-08-17 00:00:00, 0.0
30.0, 17.0, 270.0, 44.0, 1982-08-18 00:00:00, 0.0
25.0, 16.0, 40.0, 48.0, 1982-08-19 00:00:00, 0.0
10.0, 17.0, 40.0, 56.0, 1982-08-20 00:00:00, 0.0
5.0, 14.0, 40.0, 94.0, 1982-08-21 00:00:00, 5.0
5.0, 21.0, 270.0, 40.0, 1982-08-22 00:00:00, 0.0
15.0, 17.0, 40.0, 60.0, 1982-08-23 00:00:00, 0.0
10.0, 17.0, 90.0, 58.0, 1982-08-24 00:00:00, 0.0
5.0, 9.0, 40.0, 82.0, 1982-08-25 00:00:00, 10.0
10.0, 10.0, 90.0, 84.0, 1982-08-26 00:00:00, 15.0
10.0, 12.0, 320.0, 72.0, 1982-08-27 00:00:00, 10.0
10.0, 10.0, 90.0, 74.0, 1982-08-28 00:00:00, 5.0
5.0, 9.0, 90.0, 91.0, 1982-08-29 00:00:00, 0.0
10.0, 16.0, 270.0, 62.0, 1982-08-30 00:00:00, 0.0
15.0, 15.0, 320.0, 52.0, 1982-08-31 00:00:00, 0.0
25.0, 15.0, 230.0, 62.0, 1982-09-01 00:00:00, 0.0
35.0, 20.0, 270.0, 46.0, 1982-09-02 00:00:00, 0.0
20.0, 15.0, 90.0, 54.0, 1982-09-03 00:00:00, 0.0
20.0, 9.0, 90.0, 82.0, 1982-09-04 00:00:00, 0.0
10.0, 15.0, 270.0, 66.0, 1982-09-05 00:00:00, 0.0
0.0, 15.0, 0.0, 60.0, 1982-09-06 00:00:00, 0.0
25.0, 15.0, 270.0, 49.0, 1982-09-07 00:00:00, 3.0
10.0, 14.0, 270.0, 56.0, 1982-09-08 00:00:00, 0.0
10.0, 9.0, 270.0, 82.0, 1982-09-09 00:00:00, 0.0
5.0, 10.0, 270.0, 68.0, 1982-09-10 00:00:00, 0.0
5.0, 14.0, 90.0, 40.0, 1985-05-01 00:00:00, 0.0
0.0, 16.0, 0.0, 45.0, 1985-05-02 00:00:00, 0.0
10.0, 12.0, 270.0, 38.0, 1985-05-03 00:00:00, 0.0
15.0, 10.0, 270.0, 56.0, 1985-05-04 00:00:00, 0.0
20.0, 10.0, 270.0, 48.0, 1985-05-05 00:00:00, 0.0
0.0, 11.0, 0.0, 38.0, 1985-05-06 00:00:00, 0.0
15.0, 12.0, 270.0, 45.0, 1985-05-07 00:00:00, 0.0
20.0, 10.0, 270.0, 50.0, 1985-05-08 00:00:00, 0.0
10.0, 8.0, 270.0, 62.0, 1985-05-09 00:00:00, 0.0
15.0, 12.0, 270.0, 42.0, 1985-05-10 00:00:00, 0.0
5.0, 8.0, 270.0, 30.0, 1985-05-11 00:00:00, 0.0
2.0, 8.0, 270.0, 65.0, 1985-05-12 00:00:00, 0.0
5.0, 9.0, 180.0, 68.0, 1985-05-13 00:00:00, 0.0
10.0, 12.0, 270.0, 40.0, 1985-05-14 00:00:00, 0.0
15.0, 14.0, 270.0, 45.0, 1985-05-15 00:00:00, 0.0
5.0, 20.0, 90.0, 30.0, 1985-05-16 00:00:00, 0.0
7.0, 26.0, 270.0, 30.0, 1985-05-17 00:00:00, 0.0
7.0, 24.0, 270.0, 36.0, 1985-05-18 00:00:00, 0.0
5.0, 23.0, 230.0, 24.0, 1985-05-19 00:00:00, 0.0
5.0, 22.0, 230.0, 30.0, 1985-05-20 00:00:00, 0.0
5.0, 20.0, 270.0, 32.0, 1985-05-21 00:00:00, 0.0
5.0, 15.0, 90.0, 45.0, 1985-05-22 00:00:00, 0.0
5.0, 9.0, 90.0, 75.0, 1985-05-23 00:00:00, 0.0
10.0, 12.0, 90.0, 60.0, 1985-05-24 00:00:00, 0.0
5.0, 15.0, 90.0, 50.0, 1985-05-25 00:00:00, 0.0
0.0, 13.0, 0.0, 75.0, 1985-05-26 00:00:00, 0.0
5.0, 16.0, 90.0, 68.0, 1985-05-27 00:00:00, 0.0
5.0, 11.0, 90.0, 80.0, 1985-05-28 00:00:00, 11.5
5.0, 15.0, 90.0, 55.0, 1985-05-29 00:00:00, 0.0
10.0, 21.0, 270.0, 40.0, 1985-05-30 00:00:00, 0.0
10.0, 21.0, 90.0, 50.0, 1985-05-31 00:00:00, 0.0
5.0, 23.0, 270.0, 60.0, 1985-06-01 00:00:00, 0.0
0.0, 22.0, 0.0, 40.0, 1985-06-02 00:00:00, 0.0
5.0, 18.0, 90.0, 38.0, 1985-06-03 00:00:00, 0.0
0.0, 16.0, 0.0, 62.0, 1985-06-04 00:00:00, 0.0
5.0, 18.0, 270.0, 42.0, 1985-06-05 00:00:00, 0.0
10.0, 15.0, 270.0, 40.0, 1985-06-06 00:00:00, 0.0
0.0, 16.0, 0.0, 38.0, 1985-06-07 00:00:00, 0.0
10.0, 15.0, 270.0, 38.0, 1985-06-08 00:00:00, 0.0
15.0, 15.0, 230.0, 40.0, 1985-06-09 00:00:00, 0.0
5.0, 14.0, 270.0, 30.0, 1985-06-10 00:00:00, 0.0
10.0, 16.0, 270.0, 58.0, 1985-06-11 00:00:00, 0.0
5.0, 15.0, 270.0, 45.0, 1985-06-12 00:00:00, 0.0
10.0, 14.0, 270.0, 40.0, 1985-06-13 00:00:00, 0.0
0.0, 12.0, 0.0, 62.0, 1985-06-14 00:00:00, 0.0
7.0, 8.0, 320.0, 60.0, 1985-06-15 00:00:00, 0.0
10.0, 18.0, 270.0, 45.0, 1985-06-16 00:00:00, 0.0
0.0, 18.0, 0.0, 40.0, 1985-06-17 00:00:00, 0.0
5.0, 24.0, 270.0, 45.0, 1985-06-18 00:00:00, 0.0
5.0, 20.0, 270.0, 40.0, 1985-06-19 00:00:00, 0.0
0.0, 18.0, 0.0, 58.0, 1985-06-20 00:00:00, 0.0
0.0, 10.0, 0.0, 80.0, 1985-06-21 00:00:00, 0.0
0.0, 10.0, 0.0, 70.0, 1985-06-22 00:00:00, 0.3
0.0, 9.0, 0.0, 85.0, 1985-06-23 00:00:00, 0.8
5.0, 16.0, 0.0, 55.0, 1985-06-24 00:00:00, 0.5
5.0, 24.0, 270.0, 40.0, 1985-06-25 00:00:00, 0.0
15.0, 18.0, 270.0, 38.0, 1985-06-26 00:00:00, 0.0
0.0, 14.0, 0.0, 60.0, 1985-06-27 00:00:00, 0.0
5.0, 15.0, 270.0, 50.0, 1985-06-28 00:00:00, 0.0
5.0, 15.0, 270.0, 55.0, 1985-06-29 00:00:00, 0.0
10.0, 21.0, 270.0, 40.0, 1985-06-30 00:00:00, 0.0
10.0, 21.0, 270.0, 50.0, 1985-07-01 00:00:00, 0.0
5.0, 20.0, 270.0, 40.0, 1985-07-02 00:00:00, 0.0
5.0, 25.0, 270.0, 24.0, 1985-07-03 00:00:00, 0.0
5.0, 20.0, 90.0, 40.0, 1985-07-04 00:00:00, 0.0
15.0, 16.0, 270.0, 50.0, 1985-07-05 00:00:00, 10.0
10.0, 15.0, 270.0, 45.0, 1985-07-06 00:00:00, 0.0
5.0, 20.0, 270.0, 40.0, 1985-07-07 00:00:00, 0.0
0.0, 25.0, 0.0, 30.0, 1985-07-08 00:00:00, 0.0
0.0, 28.0, 0.0, 30.0, 1985-07-09 00:00:00, 0.0
5.0, 22.0, 0.0, 55.0, 1985-07-10 00:00:00, 0.0
5.0, 20.0, 270.0, 50.0, 1985-07-11 00:00:00, 0.0
5.0, 18.0, 270.0, 50.0, 1985-07-12 00:00:00, 0.0
0.0, 20.0, 0.0, 40.0, 1985-07-13 00:00:00, 0.0
15.0, 20.0, 270.0, 45.0, 1985-07-14 00:00:00, 0.0
0.0, 23.0, 0.0, 40.0, 1985-07-15 00:00:00, 0.0
5.0, 18.0, 0.0, 60.0, 1985-07-16 00:00:00, 0.0
5.0, 25.0, 270.0, 35.0, 1985-07-17 00:00:00, 0.0
0.0, 28.0, 0.0, 24.0, 1985-07-18 00:00:00, 0.0
5.0, 22.0, 270.0, 40.0, 1985-07-19 00:00:00, 0.7
5.0, 25.0, 320.0, 40.0, 1985-07-20 00:00:00, 0.0
10.0, 22.0, 270.0, 45.0, 1985-07-21 00:00:00, 0.0
10.0, 18.0, 140.0, 50.0, 1985-07-22 00:00:00, 0.0
15.0, 20.0, 270.0, 45.0, 1985-07-23 00:00:00, 0.0
5.0, 14.0, 270.0, 50.0, 1985-07-24 00:00:00, 0.5
5.0, 18.0, 270.0, 45.0, 1985-07-25 00:00:00, 0.0
0.0, 13.0, 0.0, 45.0, 1985-07-26 00:00:00, 0.0
5.0, 15.0, 140.0, 22.0, 1985-07-27 00:00:00, 0.0
10.0, 18.0, 90.0, 10.0, 1985-07-28 00:00:00, 0.0
5.0, 19.0, 90.0, 12.0, 1985-07-29 00:00:00, 0.0
9.0, 19.0, 140.0, 59.0, 1985-07-30 00:00:00, 0.0
9.0, 19.0, 0.0, 59.0, 1985-07-31 00:00:00, 0.0
7.0, 29.0, 230.0, 29.0, 1985-08-01 00:00:00, 0.0
5.0, 25.0, 230.0, 45.0, 1985-08-02 00:00:00, 0.0
15.0, 19.0, 230.0, 54.0, 1985-08-03 00:00:00, 0.0
10.0, 19.0, 230.0, 50.0, 1985-08-04 00:00:00, 3.0
10.0, 18.0, 230.0, 45.0, 1985-08-05 00:00:00, 0.0
5.0, 18.0, 230.0, 50.0, 1985-08-06 00:00:00, 0.0
0.0, 14.0, 0.0, 81.0, 1985-08-07 00:00:00, 20.0
0.0, 18.0, 0.0, 20.0, 1985-08-08 00:00:00, 6.0
5.0, 13.0, 230.0, 84.0, 1985-08-09 00:00:00, 5.0
0.0, 18.0, 0.0, 50.0, 1985-08-10 00:00:00, 20.0
5.0, 19.0, 270.0, 55.0, 1985-08-11 00:00:00, 0.0
0.0, 18.0, 0.0, 40.0, 1985-08-12 00:00:00, 6.5
0.0, 22.0, 0.0, 44.0, 1985-08-13 00:00:00, 0.0
2.0, 15.0, 230.0, 94.0, 1985-08-14 00:00:00, 1.0
2.0, 14.0, 230.0, 50.0, 1985-08-15 00:00:00, 5.0
0.0, 22.0, 0.0, 36.0, 1985-08-16 00:00:00, 0.0
5.0, 24.0, 270.0, 40.0, 1985-08-17 00:00:00, 0.0
5.0, 16.0, 90.0, 70.0, 1985-08-18 00:00:00, 0.0
15.0, 12.0, 40.0, 74.0, 1985-08-19 00:00:00, 0.0
5.0, 14.0, 270.0, 60.0, 1985-08-20 00:00:00, 5.2
5.0, 15.0, 230.0, 42.0, 1985-08-21 00:00:00, 0.0
13.0, 16.0, 230.0, 60.0, 1985-08-22 00:00:00, 0.0
6.0, 19.0, 270.0, 46.0, 1985-08-23 00:00:00, 0.0
6.0, 19.0, 270.0, 50.0, 1985-08-24 00:00:00, 0.0
0.0, 13.0, 0.0, 44.0, 1985-08-25 00:00:00, 0.0
0.0, 16.0, 0.0, 40.0, 1985-08-26 00:00:00, 0.0
5.0, 15.0, 230.0, 60.0, 1985-08-27 00:00:00, 0.0
5.0, 15.0, 140.0, 48.0, 1985-08-28 00:00:00, 0.0
5.0, 17.0, 140.0, 64.0, 1985-08-29 00:00:00, 0.0
0.0, 15.0, 0.0, 84.0, 1985-08-30 00:00:00, 0.5
5.0, 16.0, 0.0, 50.0, 1985-08-31 00:00:00, 2.5
5.0, 16.0, 0.0, 50.0, 1985-09-01 00:00:00, 0.0
0.0, 16.0, 0.0, 61.0, 1985-09-02 00:00:00, 0.0
5.0, 13.0, 0.0, 66.0, 1985-09-03 00:00:00, 0.0
0.0, 11.0, 0.0, 86.0, 1985-09-04 00:00:00, 0.0
0.0, 6.0, 0.0, 98.0, 1985-09-05 00:00:00, 0.0
0.0, 4.0, 0.0, 75.0, 1985-09-06 00:00:00, 30.0
0.0, 5.0, 0.0, 60.0, 1985-09-07 00:00:00, 2.0
0.0, 14.0, 0.0, 34.0, 1985-09-08 00:00:00, 0.0
0.0, 19.0, 0.0, 36.0, 1985-09-09 00:00:00, 0.0
5.0, 10.0, 0.0, 32.0, 1985-09-10 00:00:00, 0.0
0.0, 18.0, 0.0, 46.0, 1985-09-11 00:00:00, 0.0
0.0, 10.0, 0.0, 96.0, 1985-09-12 00:00:00, 0.3
0.0, 11.0, 0.0, 95.0, 1985-09-13 00:00:00, 48.0
10.0, 10.0, 0.0, 75.0, 1985-09-14 00:00:00, 15.0
5.0, 12.0, 0.0, 50.0, 1985-09-15 00:00:00, 0.0
0.0, 11.0, 0.0, 82.0, 1985-09-16 00:00:00, 0.0
0.0, 6.0, 0.0, 74.0, 1985-09-17 00:00:00, 7.5
0.0, 12.0, 0.0, 80.0, 1985-09-18 00:00:00, 0.0
0.0, 4.0, 0.0, 75.0, 1985-09-19 00:00:00, 0.0
18.0, 12.0, 0.0, 60.0, 1985-09-20 00:00:00, 0.0
5.0, 12.0, 0.0, 55.0, 1985-09-21 00:00:00, 10.0
5.0, 4.0, 0.0, 65.0, 1985-09-22 00:00:00, 2.5
15.0, 11.0, 0.0, 64.0, 1985-09-23 00:00:00, 0.3
5.0, 15.0, 0.0, 42.0, 1985-09-24 00:00:00, 0.0
20.0, 15.0, 0.0, 52.0, 1985-09-25 00:00:00, 0.0
0.0, 6.0, 0.0, 68.0, 1985-09-26 00:00:00, 11.0
0.0, 10.0, 0.0, 52.0, 1985-09-27 00:00:00, 0.0
0.0, 0.0, 0.0, 0.0, 1988-07-09 00:00:00, 0.0
