station_observations
wind_speed, temperature, wind_direction, relative_humidity, time, precipitation
0.0, 0.0, 0.0, 0.0, 1989-03-31 00:00:00, 0.0
7.0, 2.5, 50.0, 99.0, 1989-04-01 00:00:00, 40.3
11.0, 4.6, 230.0, 92.0, 1989-04-02 00:00:00, 18.2
15.0, 3.7, 320.0, 99.0, 1989-04-03 00:00:00, 16.2
6.0, 7.2, 50.0, 90.0, 1989-04-04 00:00:00, 20.0
5.0, 8.5, 230.0, 94.0, 1989-04-05 00:00:00, 24.3
20.0, 9.6, 320.0, 97.0, 1989-04-06 00:00:00, 69.3
11.0, 11.9, 270.0, 63.0, 1989-04-07 00:00:00, 3.0
4.0, 11.5, 270.0, 69.0, 1989-04-08 00:00:00, 0.0
32.0, 15.7, 90.0, 29.0, 1989-04-09 00:00:00, 0.0
13.0, 19.2, 270.0, 30.0, 1989-04-10 00:00:00, 0.0
12.0, 17.7, 270.0, 47.0, 1989-04-11 00:00:00, 0.0
7.0, 18.0, 270.0, 53.0, 1989-04-12 00:00:00, 0.0
9.0, 21.9, 270.0, 34.0, 1989-04-13 00:00:00, 0.0
12.0, 15.9, 270.0, 69.0, 1989-04-14 00:00:00, 0.0
14.0, 12.3, 230.0, 58.0, 1989-04-15 00:00:00, 0.2
10.0, 10.2, 270.0, 72.0, 1989-04-16 00:00:00, 0.0
15.0, 17.4, 90.0, 38.0, 1989-04-17 00:00:00, 0.0
8.0, 12.9, 270.0, 70.0, 1989-04-18 00:00:00, 0.0
12.0, 11.4, 50.0, 93.0, 1989-04-19 00:00:00, 5.3
6.0, 8.5, 270.0, 93.0, 1989-04-20 00:00:00, 51.8
12.0, 7.2, 50.0, 92.0, 1989-04-21 00:00:00, 4.8
5.0, 6.8, 270.0, 98.0, 1989-04-22 00:00:00, 10.6
3.0, 12.9, 180.0, 77.0, 1989-04-23 00:00:00, 2.5
16.0, 19.2, 90.0, 37.0, 1989-04-24 00:00:00, 15.9
12.0, 21.3, 140.0, 22.0, 1989-04-25 00:00:00, 11.8
4.0, 9.9, 0.0, 92.0, 1989-04-26 00:00:00, 3.7
6.0, 12.8, 270.0, 71.0, 1989-04-27 00:00:00, 0.0
5.0, 20.0, 270.0, 53.0, 1989-04-28 00:00:00, 0.7
22.0, 22.4, 90.0, 27.0, 1989-04-29 00:00:00, 0.0
9.0, 24.9, 140.0, 23.0, 1989-04-30 00:00:00, 0.0
6.0, 12.7, 230.0, 88.0, 1989-05-01 00:00:00, 0.0
4.0, 13.0, 230.0, 89.0, 1989-05-02 00:00:00, 0.2
16.0, 18.5, 270.0, 64.0, 1989-05-03 00:00:00, 0.0
6.0, 21.7, 140.0, 45.0, 1989-05-04 00:00:00, 0.0
10.0, 18.9, 50.0, 67.0, 1989-05-05 00:00:00, 0.2
3.0, 18.5, 270.0, 85.0, 1989-05-06 00:00:00, 1.7
16.0, 18.8, 180.0, 72.0, 1989-05-07 00:00:00, 0.0
12.0, 16.6, 270.0, 69.0, 1989-05-08 00:00:00, 0.0
12.0, 13.2, 270.0, 70.0, 1989-05-09 00:00:00, 0.0
13.0, 6.8, 320.0, 91.0, 1989-05-10 00:00:00, 1.7
9.0, 11.8, 270.0, 67.0, 1989-05-11 00:00:00, 0.0
10.0, 13.8, 230.0, 51.0, 1989-05-12 00:00:00, 0.0
12.0, 17.8, 270.0, 43.0, 1989-05-13 00:00:00, 0.0
15.0, 21.5, 270.0, 33.0, 1989-05-14 00:00:00, 0.0
17.0, 19.3, 270.0, 46.0, 1989-05-15 00:00:00, 0.0
11.0, 13.4, 230.0, 78.0, 1989-05-16 00:00:00, 0.2
1.0, 6.4, 140.0, 96.0, 1989-05-17 00:00:00, 13.4
15.0, 11.7, 270.0, 61.0, 1989-05-18 00:00:00, 0.0
14.0, 12.6, 270.0, 61.0, 1989-05-19 00:00:00, 0.0
13.0, 12.6, 270.0, 61.0, 1989-05-20 00:00:00, 0.0
12.0, 12.2, 270.0, 58.0, 1989-05-21 00:00:00, 0.0
6.0, 10.0, 50.0, 85.0, 1989-05-22 00:00:00, 0.2
7.0, 9.1, 270.0, 88.0, 1989-05-23 00:00:00, 6.6
10.0, 12.4, 270.0, 79.0, 1989-05-24 00:00:00, 0.2
9.0, 9.3, 270.0, 89.0, 1989-05-25 00:00:00, 2.7
10.0, 9.7, 270.0, 96.0, 1989-05-26 00:00:00, 22.6
5.0, 12.8, 270.0, 74.0, 1989-05-27 00:00:00, 3.8
17.0, 15.9, 270.0, 81.0, 1989-05-28 00:00:00, 0.0
10.0, 15.8, 270.0, 77.0, 1989-05-29 00:00:00, 10.0
14.0, 12.6, 270.0, 61.0, 1989-05-30 00:00:00, 0.0
15.0, 21.3, 270.0, 63.0, 1989-05-31 00:00:00, 0.0
16.0, 24.6, 270.0, 53.0, 1989-06-01 00:00:00, 0.0
15.0, 25.5, 270.0, 46.0, 1989-06-02 00:00:00, 0.0
15.0, 31.1, 90.0, 8.0, 1989-06-03 00:00:00, 0.0
14.0, 31.5, 270.0, 15.0, 1989-06-04 00:00:00, 0.0
18.0, 25.4, 270.0, 41.0, 1989-06-05 00:00:00, 0.0
13.0, 19.0, 230.0, 63.0, 1989-06-06 00:00:00, 0.0
19.0, 19.1, 270.0, 65.0, 1989-06-07 00:00:00, 0.0
13.0, 16.5, 270.0, 79.0, 1989-06-08 00:00:00, 0.0
5.0, 15.6, 270.0, 75.0, 1989-06-09 00:00:00, 0.0
19.0, 16.9, 270.0, 74.0, 1989-06-10 00:00:00, 0.0
14.0, 24.2, 270.0, 45.0, 1989-06-11 00:00:00, 0.0
17.0, 16.5, 270.0, 74.0, 1989-06-12 00:00:00, 0.0
3.0, 12.3, 270.0, 96.0, 1989-06-13 00:00:00, 4.1
11.0, 15.2, 270.0, 77.0, 1989-06-14 00:00:00, 25.4
6.0, 13.8, 270.0, 71.0, 1989-06-15 00:00:00, 0.0
12.0, 15.3, 230.0, 68.0, 1989-06-16 00:00:00, 0.0
24.0, 11.3, 50.0, 94.0, 1989-06-17 00:00:00, 22.9
0.0, 11.4, 0.0, 89.0, 1989-06-18 00:00:00, 4.8
0.0, 8.9, 0.0, 94.0, 1989-06-19 00:00:00, 27.9
12.0, 14.5, 230.0, 83.0, 1989-06-20 00:00:00, 7.6
5.0, 15.4, 270.0, 73.0, 1989-06-21 00:00:00, 0.0
10.0, 22.1, 270.0, 58.0, 1989-06-22 00:00:00, 0.0
17.0, 28.6, 90.0, 23.0, 1989-06-23 00:00:00, 0.0
13.0, 31.0, 270.0, 23.0, 1989-06-24 00:00:00, 0.0
20.0, 19.2, 320.0, 68.0, 1989-06-25 00:00:00, 0.0
11.0, 15.1, 270.0, 72.0, 1989-06-26 00:00:00, 0.3
7.0, 11.1, 270.0, 93.0, 1989-06-27 00:00:00, 2.5
7.0, 11.9, 0.0, 93.0, 1989-06-28 00:00:00, 7.9
3.0, 15.1, 270.0, 88.0, 1989-06-29 00:00:00, 4.3
10.0, 12.0, 50.0, 93.0, 1989-06-30 00:00:00, 19.0
14.0, 11.9, 50.0, 92.0, 1989-07-01 00:00:00, 70.4
7.0, 12.5, 50.0, 94.0, 1989-07-02 00:00:00, 22.6
9.0, 12.3, 270.0, 94.0, 1989-07-03 00:00:00, 11.9
10.0, 11.7, 320.0, 93.0, 1989-07-04 00:00:00, 9.9
9.0, 16.1, 270.0, 75.0, 1989-07-05 00:00:00, 0.3
11.0, 20.7, 270.0, 53.0, 1989-07-06 00:00:00, 0.0
2.0, 14.9, 270.0, 87.0, 1989-07-07 00:00:00, 0.0
4.0, 15.2, 230.0, 77.0, 1989-07-08 00:00:00, 0.0
15.0, 19.2, 270.0, 69.0, 1989-07-09 00:00:00, 0.0
5.0, 13.7, 140.0, 92.0, 1989-07-10 00:00:00, 0.5
12.0, 21.1, 230.0, 66.0, 1989-07-11 00:00:00, 0.0
16.0, 25.2, 270.0, 53.0, 1989-07-12 00:00:00, 0.0
17.0, 21.3, 270.0, 61.0, 1989-07-13 00:00:00, 0.0
14.0, 20.8, 270.0, 60.0, 1989-07-14 00:00:00, 0.0
11.0, 16.6, 270.0, 72.0, 1989-07-15 00:00:00, 0.0
7.0, 15.0, 50.0, 93.0, 1989-07-16 00:00:00, 21.0
8.0, 14.7, 270.0, 94.0, 1989-07-17 00:00:00, 5.3
6.0, 16.1, 140.0, 91.0, 1989-07-18 00:00:00, 6.1
1.0, 16.1, 0.0, 83.0, 1989-07-19 00:00:00, 0.0
7.0, 15.9, 270.0, 79.0, 1989-07-20 00:00:00, 0.0
5.0, 14.3, 270.0, 90.0, 1989-07-21 00:00:00, 1.3
11.0, 21.9, 270.0, 59.0, 1989-07-22 00:00:00, 0.3
11.0, 15.2, 270.0, 90.0, 1989-07-23 00:00:00, 0.0
19.0, 22.7, 270.0, 55.0, 1989-07-24 00:00:00, 0.0
15.0, 24.6, 270.0, 48.0, 1989-07-25 00:00:00, 0.0
5.0, 13.9, 270.0, 93.0, 1989-07-26 00:00:00, 0.0
7.0, 15.7, 270.0, 79.0, 1989-07-27 00:00:00, 0.3
16.0, 18.8, 270.0, 63.0, 1989-07-28 00:00:00, 0.0
14.0, 18.8, 270.0, 77.0, 1989-07-29 00:00:00, 0.0
8.0, 15.8, 270.0, 90.0, 1989-07-30 00:00:00, 0.5
1.0, 16.2, 270.0, 89.0, 1989-07-31 00:00:00, 0.0
1.0, 15.6, 270.0, 86.0, 1989-08-01 00:00:00, 23.4
8.0, 15.2, 270.0, 91.0, 1989-08-02 00:00:00, 0.3
9.0, 17.3, 270.0, 87.0, 1989-08-03 00:00:00, 0.8
17.0, 21.5, 270.0, 78.0, 1989-08-04 00:00:00, 0.0
14.0, 21.2, 270.0, 77.0, 1989-08-05 00:00:00, 0.0
13.0, 25.7, 270.0, 34.0, 1989-08-06 00:00:00, 0.0
15.0, 25.1, 270.0, 50.0, 1989-08-07 00:00:00, 0.0
15.0, 23.0, 270.0, 54.0, 1989-08-08 00:00:00, 0.0
6.0, 15.2, 270.0, 87.0, 1989-08-09 00:00:00, 0.0
10.0, 13.9, 270.0, 89.0, 1989-08-10 00:00:00, 0.0
7.0, 17.4, 270.0, 69.0, 1989-08-11 00:00:00, 0.3
17.0, 22.5, 270.0, 48.0, 1989-08-12 00:00:00, 0.0
0.0, 14.4, 0.0, 95.0, 1989-08-13 00:00:00, 7.1
3.0, 14.8, 270.0, 91.0, 1989-08-14 00:00:00, 9.7
9.0, 15.4, 270.0, 90.0, 1989-08-15 00:00:00, 1.3
11.0, 16.9, 270.0, 88.0, 1989-08-16 00:00:00, 0.0
6.0, 21.2, 320.0, 75.0, 1989-08-17 00:00:00, 0.0
17.0, 22.9, 270.0, 67.0, 1989-08-18 00:00:00, 0.0
17.0, 20.1, 270.0, 80.0, 1989-08-19 00:00:00, 0.0
9.0, 14.2, 270.0, 92.0, 1989-08-20 00:00:00, 0.0
4.0, 14.2, 270.0, 93.0, 1989-08-21 00:00:00, 25.4
1.0, 14.5, 320.0, 89.0, 1989-08-22 00:00:00, 4.3
12.0, 18.7, 270.0, 81.0, 1989-08-23 00:00:00, 19.0
10.0, 19.6, 270.0, 75.0, 1989-08-24 00:00:00, 0.0
9.0, 21.7, 270.0, 69.0, 1989-08-25 00:00:00, 0.0
9.0, 24.3, 270.0, 60.0, 1989-08-26 00:00:00, 0.0
19.0, 16.9, 270.0, 84.0, 1989-08-27 00:00:00, 0.0
6.0, 17.1, 230.0, 86.0, 1989-08-28 00:00:00, 0.3
18.0, 23.3, 270.0, 67.0, 1989-08-29 00:00:00, 0.3
10.0, 14.1, 270.0, 91.0, 1989-08-30 00:00:00, 0.0
7.0, 13.0, 270.0, 94.0, 1989-08-31 00:00:00, 0.8
2.0, 15.7, 270.0, 81.0, 1989-09-01 00:00:00, 0.3
8.0, 16.0, 270.0, 82.0, 1989-09-02 00:00:00, 0.0
14.0, 19.9, 270.0, 60.0, 1989-09-03 00:00:00, 0.0
8.0, 16.2, 270.0, 92.0, 1989-09-04 00:00:00, 0.8
13.0, 20.2, 270.0, 57.0, 1989-09-05 00:00:00, 0.0
8.0, 25.4, 230.0, 35.0, 1989-09-06 00:00:00, 0.0
10.0, 26.4, 270.0, 36.0, 1989-09-07 00:00:00, 0.0
19.0, 27.9, 90.0, 30.0, 1989-09-08 00:00:00, 0.0
18.0, 25.8, 90.0, 16.0, 1989-09-09 00:00:00, 0.0
9.0, 26.8, 90.0, 20.0, 1989-09-10 00:00:00, 0.0
11.0, 27.0, 270.0, 25.0, 1989-09-11 00:00:00, 0.0
12.0, 27.1, 270.0, 31.0, 1989-09-12 00:00:00, 0.0
9.0, 27.6, 230.0, 35.0, 1989-09-13 00:00:00, 0.0
10.0, 26.2, 230.0, 41.0, 1989-09-14 00:00:00, 0.0
12.0, 16.7, 270.0, 77.0, 1989-09-15 00:00:00, 0.0
8.0, 14.1, 270.0, 82.0, 1989-09-16 00:00:00, 0.0
7.0, 14.8, 270.0, 61.0, 1989-09-17 00:00:00, 0.5
14.0, 15.8, 270.0, 75.0, 1989-09-18 00:00:00, 0.0
7.0, 18.9, 270.0, 62.0, 1989-09-19 00:00:00, 0.0
5.0, 22.2, 230.0, 55.0, 1989-09-20 00:00:00, 0.0
5.0, 25.2, 270.0, 44.0, 1989-09-21 00:00:00, 0.0
15.0, 28.7, 90.0, 25.0, 1989-09-22 00:00:00, 0.0
16.0, 25.7, 270.0, 41.0, 1989-09-23 00:00:00, 0.0
9.0, 26.2, 270.0, 38.0, 1989-09-24 00:00:00, 0.0
11.0, 16.7, 270.0, 82.0, 1989-09-25 00:00:00, 0.0
5.0, 15.6, 320.0, 89.0, 1989-09-26 00:00:00, 7.1
4.0, 20.3, 230.0, 72.0, 1989-09-27 00:00:00, 0.0
5.0, 25.0, 270.0, 50.0, 1989-09-28 00:00:00, 0.0
10.0, 23.7, 270.0, 55.0, 1989-09-29 00:00:00, 0.0
13.0, 14.9, 270.0, 81.0, 1989-09-30 00:00:00, 0.0
8.0, 15.5, 90.0, 76.0, 1989-10-01 00:00:00, 0.0
5.0, 19.2, 230.0, 42.0, 1989-10-02 00:00:00, 0.0
14.0, 18.5, 270.0, 47.0, 1989-10-03 00:00:00, 0.0
0.0, 0.0, 0.0, 0.0, 1990-04-11 00:00:00, 0.0
10.0, 10.0, 270.0, 88.0, 1990-04-12 00:00:00, 3.6
1.0, 9.6, 320.0, 99.0, 1990-04-13 00:00:00, 5.3
16.0, 13.4, 140.0, 84.0, 1990-04-14 00:00:00, 2.8
7.0, 21.3, 180.0, 56.0, 1990-04-15 00:00:00, 0.3
11.0, 22.7, 270.0, 46.0, 1990-04-16 00:00:00, 0.0
6.0, 10.0, 270.0, 94.0, 1990-04-17 00:00:00, 6.6
10.0, 10.0, 50.0, 82.0, 1990-04-18 00:00:00, 0.0
4.0, 10.1, 270.0, 99.0, 1990-04-19 00:00:00, 11.4
13.0, 14.4, 270.0, 77.0, 1990-04-20 00:00:00, 6.3
5.0, 8.6, 320.0, 90.0, 1990-04-21 00:00:00, 0.0
7.0, 11.4, 90.0, 97.0, 1990-04-22 00:00:00, 19.0
2.0, 11.0, 270.0, 99.0, 1990-04-23 00:00:00, 3.8
10.0, 8.1, 270.0, 81.0, 1990-04-24 00:00:00, 0.8
15.0, 7.6, 270.0, 99.0, 1990-04-25 00:00:00, 28.7
11.0, 7.1, 270.0, 94.0, 1990-04-26 00:00:00, 8.6
5.0, 6.4, 270.0, 99.0, 1990-04-27 00:00:00, 7.1
5.0, 13.5, 140.0, 72.0, 1990-04-28 00:00:00, 2.5
6.0, 14.1, 230.0, 55.0, 1990-04-29 00:00:00, 0.0
14.0, 17.2, 270.0, 58.0, 1990-04-30 00:00:00, 0.0
3.0, 9.6, 320.0, 99.0, 1990-05-01 00:00:00, 0.8
10.0, 15.1, 270.0, 89.0, 1990-05-02 00:00:00, 2.5
15.0, 16.6, 270.0, 78.0, 1990-05-03 00:00:00, 0.0
15.0, 24.0, 270.0, 54.0, 1990-05-04 00:00:00, 0.0
26.0, 13.7, 320.0, 64.0, 1990-05-05 00:00:00, 0.0
20.0, 9.0, 270.0, 79.0, 1990-05-06 00:00:00, 2.3
6.0, 11.7, 230.0, 61.0, 1990-05-07 00:00:00, 0.0
12.0, 15.8, 270.0, 63.0, 1990-05-08 00:00:00, 0.0
13.0, 18.6, 270.0, 50.0, 1990-05-09 00:00:00, 0.0
12.0, 16.2, 270.0, 63.0, 1990-05-10 00:00:00, 0.0
9.0, 9.4, 320.0, 95.0, 1990-05-11 00:00:00, 0.0
10.0, 10.9, 270.0, 90.0, 1990-05-12 00:00:00, 0.0
3.0, 8.5, 270.0, 97.0, 1990-05-13 00:00:00, 5.3
7.0, 10.8, 270.0, 94.0, 1990-05-14 00:00:00, 1.3
7.0, 9.9, 270.0, 95.0, 1990-05-15 00:00:00, 0.3
11.0, 13.4, 270.0, 81.0, 1990-05-16 00:00:00, 0.0
10.0, 10.2, 270.0, 93.0, 1990-05-17 00:00:00, 0.0
3.0, 10.4, 270.0, 91.0, 1990-05-18 00:00:00, 0.0
5.0, 11.8, 320.0, 69.0, 1990-05-19 00:00:00, 0.0
8.0, 8.6, 0.0, 97.0, 1990-05-20 00:00:00, 10.7
19.0, 13.3, 90.0, 76.0, 1990-05-21 00:00:00, 5.3
5.0, 10.7, 270.0, 98.0, 1990-05-22 00:00:00, 28.4
10.0, 14.2, 230.0, 68.0, 1990-05-23 00:00:00, 0.0
12.0, 11.2, 270.0, 80.0, 1990-05-24 00:00:00, 0.0
3.0, 12.4, 230.0, 75.0, 1990-05-25 00:00:00, 0.5
16.0, 13.8, 90.0, 71.0, 1990-05-26 00:00:00, 0.3
2.0, 13.7, 50.0, 99.0, 1990-05-27 00:00:00, 16.5
11.0, 18.4, 270.0, 81.0, 1990-05-28 00:00:00, 2.3
2.0, 12.3, 230.0, 89.0, 1990-05-29 00:00:00, 1.0
3.0, 14.5, 270.0, 85.0, 1990-05-30 00:00:00, 10.7
8.0, 9.7, 320.0, 99.0, 1990-05-31 00:00:00, 25.4
3.0, 10.0, 0.0, 99.0, 1990-06-01 00:00:00, 8.9
9.0, 13.3, 90.0, 99.0, 1990-06-02 00:00:00, 4.1
5.0, 11.4, 320.0, 97.0, 1990-06-03 00:00:00, 69.6
6.0, 10.2, 50.0, 98.0, 1990-06-04 00:00:00, 30.2
6.0, 14.8, 90.0, 69.0, 1990-06-05 00:00:00, 0.0
7.0, 11.7, 320.0, 99.0, 1990-06-06 00:00:00, 8.9
10.0, 10.4, 0.0, 99.0, 1990-06-07 00:00:00, 26.2
6.0, 11.6, 270.0, 99.0, 1990-06-08 00:00:00, 7.9
2.0, 11.6, 50.0, 94.0, 1990-06-09 00:00:00, 0.5
13.0, 8.7, 270.0, 99.0, 1990-06-10 00:00:00, 17.8
17.0, 11.0, 270.0, 85.0, 1990-06-11 00:00:00, 15.5
9.0, 13.6, 270.0, 81.0, 1990-06-12 00:00:00, 0.3
11.0, 17.9, 270.0, 75.0, 1990-06-13 00:00:00, 0.0
16.0, 23.1, 320.0, 58.0, 1990-06-14 00:00:00, 0.0
13.0, 16.3, 270.0, 91.0, 1990-06-15 00:00:00, 0.0
7.0, 14.6, 320.0, 76.0, 1990-06-16 00:00:00, 0.0
14.0, 20.0, 270.0, 64.0, 1990-06-17 00:00:00, 0.0
14.0, 18.5, 270.0, 81.0, 1990-06-18 00:00:00, 0.0
13.0, 14.7, 230.0, 98.0, 1990-06-19 00:00:00, 0.3
10.0, 21.3, 270.0, 75.0, 1990-06-20 00:00:00, 1.0
14.0, 28.1, 270.0, 40.0, 1990-06-21 00:00:00, 0.0
13.0, 28.6, 230.0, 37.0, 1990-06-22 00:00:00, 0.0
11.0, 18.3, 270.0, 69.0, 1990-06-23 00:00:00, 0.0
13.0, 19.3, 270.0, 63.0, 1990-06-24 00:00:00, 0.0
11.0, 13.5, 270.0, 83.0, 1990-06-25 00:00:00, 0.0
12.0, 18.2, 270.0, 63.0, 1990-06-26 00:00:00, 0.0
12.0, 15.6, 270.0, 71.0, 1990-06-27 00:00:00, 0.0
9.0, 14.5, 50.0, 99.0, 1990-06-28 00:00:00, 21.6
1.0, 14.4, 270.0, 99.0, 1990-06-29 00:00:00, 16.5
11.0, 13.7, 270.0, 94.0, 1990-06-30 00:00:00, 12.4
10.0, 15.7, 270.0, 81.0, 1990-07-01 00:00:00, 0.0
16.0, 16.1, 230.0, 81.0, 1990-07-02 00:00:00, 0.0
9.0, 18.4, 270.0, 68.0, 1990-07-03 00:00:00, 0.3
4.0, 23.5, 140.0, 48.0, 1990-07-04 00:00:00, 0.0
18.0, 16.6, 230.0, 95.0, 1990-07-05 00:00:00, 1.0
8.0, 15.8, 270.0, 96.0, 1990-07-06 00:00:00, 14.5
9.0, 19.2, 270.0, 81.0, 1990-07-07 00:00:00, 0.0
12.0, 22.3, 270.0, 71.0, 1990-07-08 00:00:00, 0.0
12.0, 23.0, 320.0, 42.0, 1990-07-09 00:00:00, 0.0
16.0, 27.3, 270.0, 42.0, 1990-07-10 00:00:00, 0.0
14.0, 30.6, 270.0, 35.0, 1990-07-11 00:00:00, 0.0
14.0, 25.4, 320.0, 58.0, 1990-07-12 00:00:00, 0.0
18.0, 24.3, 270.0, 62.0, 1990-07-13 00:00:00, 0.0
16.0, 27.3, 320.0, 41.0, 1990-07-14 00:00:00, 0.0
15.0, 26.8, 270.0, 46.0, 1990-07-15 00:00:00, 0.0
16.0, 20.8, 270.0, 65.0, 1990-07-16 00:00:00, 0.0
15.0, 21.1, 270.0, 64.0, 1990-07-17 00:00:00, 0.0
18.0, 24.4, 270.0, 48.0, 1990-07-18 00:00:00, 0.0
13.0, 28.2, 270.0, 34.0, 1990-07-19 00:00:00, 0.0
11.0, 31.7, 140.0, 24.0, 1990-07-20 00:00:00, 0.0
13.0, 32.0, 270.0, 26.0, 1990-07-21 00:00:00, 0.0
19.0, 20.7, 270.0, 71.0, 1990-07-22 00:00:00, 0.0
12.0, 18.0, 230.0, 82.0, 1990-07-23 00:00:00, 0.0
14.0, 14.7, 270.0, 93.0, 1990-07-24 00:00:00, 0.0
14.0, 20.4, 270.0, 79.0, 1990-07-25 00:00:00, 0.0
12.0, 16.2, 270.0, 92.0, 1990-07-26 00:00:00, 0.3
15.0, 24.3, 270.0, 64.0, 1990-07-27 00:00:00, 0.0
13.0, 29.1, 270.0, 44.0, 1990-07-28 00:00:00, 0.0
17.0, 33.2, 270.0, 30.0, 1990-07-29 00:00:00, 0.0
20.0, 29.9, 270.0, 44.0, 1990-07-30 00:00:00, 0.0
16.0, 21.8, 270.0, 72.0, 1990-07-31 00:00:00, 0.0
15.0, 17.3, 270.0, 88.0, 1990-08-01 00:00:00, 0.0
13.0, 24.1, 270.0, 61.0, 1990-08-02 00:00:00, 0.0
10.0, 28.6, 270.0, 51.0, 1990-08-03 00:00:00, 0.0
12.0, 31.9, 270.0, 40.0, 1990-08-04 00:00:00, 0.0
12.0, 21.0, 270.0, 78.0, 1990-08-05 00:00:00, 0.0
15.0, 25.1, 270.0, 54.0, 1990-08-06 00:00:00, 0.3
17.0, 25.7, 270.0, 51.0, 1990-08-07 00:00:00, 0.0
13.0, 29.5, 270.0, 34.0, 1990-08-08 00:00:00, 0.0
13.0, 32.1, 270.0, 35.0, 1990-08-09 00:00:00, 0.0
11.0, 30.2, 270.0, 45.0, 1990-08-10 00:00:00, 0.0
15.0, 30.1, 270.0, 40.0, 1990-08-11 00:00:00, 0.0
15.0, 26.1, 270.0, 56.0, 1990-08-12 00:00:00, 0.0
10.0, 24.1, 270.0, 57.0, 1990-08-13 00:00:00, 0.5
16.0, 23.8, 270.0, 48.0, 1990-08-14 00:00:00, 0.0
3.0, 16.5, 320.0, 94.0, 1990-08-15 00:00:00, 1.0
5.0, 16.6, 320.0, 98.0, 1990-08-16 00:00:00, 29.7
5.0, 19.9, 270.0, 91.0, 1990-08-17 00:00:00, 0.3
8.0, 18.7, 270.0, 88.0, 1990-08-18 00:00:00, 1.5
12.0, 23.4, 270.0, 75.0, 1990-08-19 00:00:00, 0.0
10.0, 26.9, 270.0, 62.0, 1990-08-20 00:00:00, 0.3
10.0, 18.2, 270.0, 90.0, 1990-08-21 00:00:00, 0.0
13.0, 20.7, 270.0, 77.0, 1990-08-22 00:00:00, 0.3
17.0, 18.5, 270.0, 67.0, 1990-08-23 00:00:00, 0.0
11.0, 19.7, 270.0, 57.0, 1990-08-24 00:00:00, 0.0
3.0, 18.5, 270.0, 76.0, 1990-08-25 00:00:00, 11.7
4.0, 23.6, 270.0, 51.0, 1990-08-26 00:00:00, 7.6
7.0, 26.4, 270.0, 36.0, 1990-08-27 00:00:00, 0.0
10.0, 27.7, 270.0, 39.0, 1990-08-28 00:00:00, 0.0
7.0, 16.6, 270.0, 90.0, 1990-08-29 00:00:00, 1.5
11.0, 15.0, 50.0, 99.0, 1990-08-30 00:00:00, 16.0
9.0, 17.2, 270.0, 90.0, 1990-08-31 00:00:00, 34.3
7.0, 21.7, 270.0, 54.0, 1990-09-01 00:00:00, 0.0
12.0, 21.8, 270.0, 56.0, 1990-09-02 00:00:00, 0.0
13.0, 26.1, 140.0, 36.0, 1990-09-03 00:00:00, 0.0
6.0, 29.7, 320.0, 24.0, 1990-09-04 00:00:00, 0.0
12.0, 24.9, 270.0, 58.0, 1990-09-05 00:00:00, 0.0
5.0, 27.8, 270.0, 42.0, 1990-09-06 00:00:00, 0.0
20.0, 22.6, 270.0, 58.0, 1990-09-07 00:00:00, 0.0
11.0, 17.5, 270.0, 86.0, 1990-09-08 00:00:00, 0.0
5.0, 21.8, 270.0, 75.0, 1990-09-09 00:00:00, 0.0
7.0, 26.2, 270.0, 59.0, 1990-09-10 00:00:00, 0.0
11.0, 17.0, 270.0, 90.0, 1990-09-11 00:00:00, 0.0
4.0, 17.7, 320.0, 81.0, 1990-09-12 00:00:00, 0.5
7.0, 25.1, 270.0, 51.0, 1990-09-13 00:00:00, 0.0
14.0, 25.8, 270.0, 40.0, 1990-09-14 00:00:00, 0.0
11.0, 17.4, 270.0, 90.0, 1990-09-15 00:00:00, 0.0
9.0, 14.4, 320.0, 99.0, 1990-09-16 00:00:00, 19.3
8.0, 17.7, 270.0, 88.0, 1990-09-17 00:00:00, 1.0
2.0, 20.3, 270.0, 77.0, 1990-09-18 00:00:00, 0.0
3.0, 24.0, 140.0, 51.0, 1990-09-19 00:00:00, 0.0
9.0, 25.0, 270.0, 43.0, 1990-09-20 00:00:00, 0.0
7.0, 30.7, 140.0, 34.0, 1990-09-21 00:00:00, 0.0
16.0, 31.9, 90.0, 30.0, 1990-09-22 00:00:00, 0.0
5.0, 17.3, 270.0, 88.0, 1990-09-23 00:00:00, 0.0
7.0, 18.0, 270.0, 91.0, 1990-09-24 00:00:00, 0.0
12.0, 15.9, 270.0, 97.0, 1990-09-25 00:00:00, 0.0
9.0, 18.2, 270.0, 82.0, 1990-09-26 00:00:00, 0.0
6.0, 20.4, 270.0, 73.0, 1990-09-27 00:00:00, 0.0
3.0, 18.2, 230.0, 85.0, 1990-09-28 00:00:00, 0.0
11.0, 18.2, 270.0, 81.0, 1990-09-29 00:00:00, 0.8
5.0, 17.2, 270.0, 58.0, 1990-09-30 00:00:00, 0.3
19.0, 12.1, 270.0, 89.0, 1990-10-01 00:00:00, 20.6
10.0, 12.6, 270.0, 80.0, 1990-10-02 00:00:00, 3.0
12.0, 14.1, 320.0, 99.0, 1990-10-03 00:00:00, 29.5
5.0, 10.6, 320.0, 99.0, 1990-10-04 00:00:00, 118.9
2.0, 10.0, 230.0, 99.0, 1990-10-05 00:00:00, 1.5
4.0, 12.0, 140.0, 76.0, 1990-10-06 00:00:00, 0.0
8.0, 11.0, 270.0, 91.0, 1990-10-07 00:00:00, 0.0
8.0, 11.6, 270.0, 97.0, 1990-10-08 00:00:00, 0.0
15.0, 12.2, 320.0, 99.0, 1990-10-09 00:00:00, 36.6
2.0, 12.9, 270.0, 87.0, 1990-10-10 00:00:00, 6.6
15.0, 9.4, 50.0, 93.0, 1990-10-11 00:00:00, 0.0
10.0, 10.6, 270.0, 91.0, 1990-10-12 00:00:00, 43.2
12.0, 9.1, 270.0, 99.0, 1990-10-13 00:00:00, 2.0
6.0, 5.9, 90.0, 99.0, 1990-10-14 00:00:00, 5.3
5.0, 9.6, 270.0, 98.0, 1990-10-15 00:00:00, 5.3
3.0, 13.6, 270.0, 83.0, 1991-04-15 00:00:00, 2.5
16.0, 17.7, 270.0, 53.0, 1991-04-16 00:00:00, 0.0
12.0, 12.6, 230.0, 83.0, 1991-04-17 00:00:00, 0.0
11.0, 15.3, 270.0, 73.0, 1991-04-18 00:00:00, 0.0
12.0, 18.8, 270.0, 56.0, 1991-04-19 00:00:00, 0.0
5.0, 23.9, 140.0, 30.0, 1991-04-20 00:00:00, 0.0
11.0, 11.0, 270.0, 87.0, 1991-04-21 00:00:00, 0.0
4.0, 9.0, 270.0, 85.0, 1991-04-22 00:00:00, 0.0
18.0, 7.5, 50.0, 96.0, 1991-04-23 00:00:00, 7.1
7.0, 5.5, 320.0, 93.0, 1991-04-24 00:00:00, 42.9
15.0, 6.7, 270.0, 89.0, 1991-04-25 00:00:00, 3.0
3.0, 7.9, 90.0, 94.0, 1991-04-26 00:00:00, 4.1
11.0, 9.9, 230.0, 76.0, 1991-04-27 00:00:00, 2.0
1.0, 7.4, 90.0, 99.0, 1991-04-28 00:00:00, 4.6
13.0, 12.8, 270.0, 73.0, 1991-04-29 00:00:00, 2.3
22.0, 19.7, 90.0, 39.0, 1991-04-30 00:00:00, 0.0
17.0, 21.9, 230.0, 24.0, 1991-05-01 00:00:00, 0.0
12.0, 22.5, 230.0, 28.0, 1991-05-02 00:00:00, 0.0
14.0, 10.3, 270.0, 88.0, 1991-05-03 00:00:00, 0.0
2.0, 10.8, 320.0, 77.0, 1991-05-04 00:00:00, 0.0
8.0, 10.2, 270.0, 98.0, 1991-05-05 00:00:00, 18.8
12.0, 9.3, 0.0, 95.0, 1991-05-06 00:00:00, 36.6
13.0, 9.0, 50.0, 95.0, 1991-05-07 00:00:00, 45.0
15.0, 7.1, 270.0, 93.0, 1991-05-08 00:00:00, 30.2
9.0, 11.0, 230.0, 82.0, 1991-05-09 00:00:00, 1.0
4.0, 11.9, 230.0, 85.0, 1991-05-10 00:00:00, 0.0
13.0, 16.5, 270.0, 69.0, 1991-05-11 00:00:00, 0.0
4.0, 9.6, 270.0, 98.0, 1991-05-12 00:00:00, 2.8
11.0, 12.0, 270.0, 82.0, 1991-05-13 00:00:00, 10.9
6.0, 10.4, 230.0, 93.0, 1991-05-14 00:00:00, 0.3
7.0, 10.1, 270.0, 98.0, 1991-05-15 00:00:00, 4.3
12.0, 14.0, 270.0, 82.0, 1991-05-16 00:00:00, 2.5
17.0, 19.2, 230.0, 51.0, 1991-05-17 00:00:00, 0.8
10.0, 15.8, 270.0, 78.0, 1991-05-18 00:00:00, 0.0
22.0, 15.5, 270.0, 81.0, 1991-05-19 00:00:00, 0.0
12.0, 13.1, 270.0, 90.0, 1991-05-20 00:00:00, 0.0
11.0, 14.5, 230.0, 78.0, 1991-05-21 00:00:00, 0.0
7.0, 13.1, 230.0, 66.0, 1991-05-22 00:00:00, 0.0
12.0, 11.7, 270.0, 77.0, 1991-05-23 00:00:00, 0.0
5.0, 11.0, 270.0, 85.0, 1991-05-24 00:00:00, 10.7
1.0, 9.0, 270.0, 99.0, 1991-05-25 00:00:00, 3.0
6.0, 12.2, 230.0, 89.0, 1991-05-26 00:00:00, 2.3
4.0, 9.8, 270.0, 94.0, 1991-05-27 00:00:00, 0.0
7.0, 14.3, 270.0, 80.0, 1991-05-28 00:00:00, 0.0
13.0, 8.7, 0.0, 93.0, 1991-05-29 00:00:00, 16.0
10.0, 11.1, 270.0, 92.0, 1991-05-30 00:00:00, 11.4
1.0, 11.0, 0.0, 85.0, 1991-05-31 00:00:00, 0.7
13.0, 14.9, 230.0, 77.0, 1991-06-01 00:00:00, 1.5
19.0, 11.5, 230.0, 70.0, 1991-06-02 00:00:00, 1.3
13.0, 12.8, 270.0, 57.0, 1991-06-03 00:00:00, 0.0
12.0, 13.7, 270.0, 67.0, 1991-06-04 00:00:00, 0.0
12.0, 22.9, 230.0, 37.0, 1991-06-05 00:00:00, 0.0
21.0, 17.0, 270.0, 64.0, 1991-06-06 00:00:00, 0.0
4.0, 11.6, 270.0, 96.0, 1991-06-07 00:00:00, 2.5
15.0, 14.3, 270.0, 86.0, 1991-06-08 00:00:00, 0.0
12.0, 19.8, 270.0, 63.0, 1991-06-09 00:00:00, 0.0
3.0, 14.0, 270.0, 97.0, 1991-06-10 00:00:00, 3.3
16.0, 10.0, 270.0, 90.0, 1991-06-11 00:00:00, 4.1
13.0, 10.1, 230.0, 94.0, 1991-06-12 00:00:00, 18.0
11.0, 12.1, 230.0, 89.0, 1991-06-13 00:00:00, 1.3
10.0, 10.5, 230.0, 92.0, 1991-06-14 00:00:00, 1.0
10.0, 10.7, 320.0, 90.0, 1991-06-15 00:00:00, 9.6
10.0, 12.6, 270.0, 80.0, 1991-06-16 00:00:00, 5.1
7.0, 14.2, 230.0, 78.0, 1991-06-17 00:00:00, 0.0
4.0, 18.6, 270.0, 62.0, 1991-06-18 00:00:00, 0.0
14.0, 25.5, 230.0, 38.0, 1991-06-19 00:00:00, 0.0
4.0, 13.1, 270.0, 93.0, 1991-06-20 00:00:00, 0.5
3.0, 12.9, 230.0, 93.0, 1991-06-21 00:00:00, 4.6
5.0, 14.0, 140.0, 91.0, 1991-06-22 00:00:00, 3.8
4.0, 16.0, 270.0, 87.0, 1991-06-23 00:00:00, 0.0
15.0, 18.7, 270.0, 78.0, 1991-06-24 00:00:00, 0.0
9.0, 12.1, 270.0, 95.0, 1991-06-25 00:00:00, 0.3
8.0, 14.7, 270.0, 87.0, 1991-06-26 00:00:00, 1.3
8.0, 20.7, 270.0, 68.0, 1991-06-27 00:00:00, 0.0
20.0, 18.4, 270.0, 81.0, 1991-06-28 00:00:00, 0.0
3.0, 12.4, 270.0, 96.0, 1991-06-29 00:00:00, 0.3
7.0, 13.8, 0.0, 93.0, 1991-06-30 00:00:00, 4.3
6.0, 19.6, 230.0, 85.0, 1991-07-01 00:00:00, 6.6
10.0, 26.5, 270.0, 53.0, 1991-07-02 00:00:00, 0.0
19.0, 20.0, 270.0, 78.0, 1991-07-03 00:00:00, 0.0
18.0, 18.8, 270.0, 78.0, 1991-07-04 00:00:00, 0.0
14.0, 18.5, 230.0, 74.0, 1991-07-05 00:00:00, 0.0
19.0, 22.1, 270.0, 51.0, 1991-07-06 00:00:00, 0.0
14.0, 26.1, 180.0, 39.0, 1991-07-07 00:00:00, 0.0
17.0, 21.0, 270.0, 64.0, 1991-07-08 00:00:00, 0.0
15.0, 15.8, 270.0, 86.0, 1991-07-09 00:00:00, 0.0
10.0, 11.7, 270.0, 94.0, 1991-07-10 00:00:00, 0.0
4.0, 15.3, 230.0, 95.0, 1991-07-11 00:00:00, 0.3
4.0, 19.1, 270.0, 90.0, 1991-07-12 00:00:00, 7.1
11.0, 14.8, 270.0, 87.0, 1991-07-13 00:00:00, 0.8
13.0, 14.6, 270.0, 75.0, 1991-07-14 00:00:00, 0.0
12.0, 13.6, 270.0, 96.0, 1991-07-15 00:00:00, 42.2
6.0, 15.3, 270.0, 88.0, 1991-07-16 00:00:00, 4.3
7.0, 16.8, 270.0, 85.0, 1991-07-17 00:00:00, 0.0
13.0, 19.1, 270.0, 72.0, 1991-07-18 00:00:00, 0.0
14.0, 16.3, 270.0, 84.0, 1991-07-19 00:00:00, 0.0
11.0, 15.8, 230.0, 80.0, 1991-07-20 00:00:00, 0.0
11.0, 15.1, 270.0, 95.0, 1991-07-21 00:00:00, 20.1
8.0, 26.3, 90.0, 55.0, 1991-07-22 00:00:00, 0.5
13.0, 33.6, 50.0, 27.0, 1991-07-23 00:00:00, 0.0
2.0, 17.5, 230.0, 91.0, 1991-07-24 00:00:00, 0.3
7.0, 13.2, 270.0, 94.0, 1991-07-25 00:00:00, 6.3
14.0, 11.6, 50.0, 97.0, 1991-07-26 00:00:00, 2.3
4.0, 17.1, 140.0, 85.0, 1991-07-27 00:00:00, 4.8
11.0, 19.5, 270.0, 76.0, 1991-07-28 00:00:00, 0.0
9.0, 18.6, 230.0, 58.0, 1991-07-29 00:00:00, 0.0
15.0, 21.5, 270.0, 81.0, 1991-07-30 00:00:00, 0.0
13.0, 23.4, 270.0, 89.0, 1991-07-31 00:00:00, 0.0
10.0, 15.0, 270.0, 91.0, 1991-08-01 00:00:00, 0.0
11.0, 22.1, 270.0, 63.0, 1991-08-02 00:00:00, 0.0
14.0, 24.4, 230.0, 57.0, 1991-08-03 00:00:00, 0.0
14.0, 23.1, 270.0, 72.0, 1991-08-04 00:00:00, 0.0
15.0, 21.0, 270.0, 74.0, 1991-08-05 00:00:00, 0.0
12.0, 21.1, 270.0, 70.0, 1991-08-06 00:00:00, 0.0
4.0, 16.4, 50.0, 91.0, 1991-08-07 00:00:00, 6.9
12.0, 14.0, 0.0, 99.0, 1991-08-08 00:00:00, 100.0
7.0, 14.0, 0.0, 99.0, 1991-08-09 00:00:00, 10.0
7.0, 14.0, 0.0, 95.0, 1991-08-10 00:00:00, 0.0
4.0, 18.0, 0.0, 80.0, 1991-08-11 00:00:00, 0.0
10.0, 20.0, 0.0, 75.0, 1991-08-12 00:00:00, 0.0
13.0, 22.7, 270.0, 53.0, 1991-08-13 00:00:00, 0.3
6.0, 24.2, 270.0, 63.0, 1991-08-14 00:00:00, 0.3
10.0, 28.3, 270.0, 47.0, 1991-08-15 00:00:00, 0.0
8.0, 20.7, 270.0, 77.0, 1991-08-16 00:00:00, 0.0
9.0, 24.0, 270.0, 70.0, 1991-08-17 00:00:00, 0.0
10.0, 26.7, 270.0, 59.0, 1991-08-18 00:00:00, 0.0
11.0, 20.3, 270.0, 77.0, 1991-08-19 00:00:00, 0.0
11.0, 24.1, 270.0, 80.0, 1991-08-20 00:00:00, 0.0
14.0, 25.1, 270.0, 56.0, 1991-08-21 00:00:00, 0.0
17.0, 20.0, 270.0, 68.0, 1991-08-22 00:00:00, 0.0
1.0, 14.8, 270.0, 81.0, 1991-08-23 00:00:00, 0.0
8.0, 17.8, 320.0, 69.0, 1991-08-24 00:00:00, 0.0
7.0, 18.0, 270.0, 70.0, 1991-08-25 00:00:00, 0.0
4.0, 12.8, 270.0, 96.0, 1991-08-26 00:00:00, 9.6
8.0, 15.1, 270.0, 91.0, 1991-08-27 00:00:00, 66.8
10.0, 13.3, 320.0, 92.0, 1991-08-28 00:00:00, 53.1
13.0, 16.1, 50.0, 95.0, 1991-08-29 00:00:00, 114.3
4.0, 13.4, 0.0, 99.0, 1991-08-30 00:00:00, 134.6
2.0, 16.6, 140.0, 87.0, 1991-08-31 00:00:00, 1.5
5.0, 15.0, 270.0, 87.0, 1991-09-01 00:00:00, 34.5
1.0, 18.5, 90.0, 70.0, 1991-09-02 00:00:00, 0.0
3.0, 24.3, 270.0, 58.0, 1991-09-03 00:00:00, 0.0
3.0, 28.2, 270.0, 38.0, 1991-09-04 00:00:00, 0.0
9.0, 25.6, 320.0, 41.0, 1991-09-05 00:00:00, 0.0
4.0, 18.0, 270.0, 85.0, 1991-09-06 00:00:00, 0.0
8.0, 17.3, 270.0, 79.0, 1991-09-07 00:00:00, 0.0
3.0, 20.0, 320.0, 57.0, 1991-09-08 00:00:00, 0.0
5.0, 22.0, 270.0, 40.0, 1991-09-09 00:00:00, 0.0
5.0, 20.0, 320.0, 50.0, 1991-09-10 00:00:00, 0.0
5.0, 16.4, 270.0, 80.0, 1991-09-11 00:00:00, 0.0
3.0, 13.3, 180.0, 89.0, 1991-09-12 00:00:00, 0.0
4.0, 18.5, 0.0, 75.0, 1991-09-13 00:00:00, 7.1
4.0, 18.4, 0.0, 63.0, 1991-09-14 00:00:00, 0.0
4.0, 22.6, 0.0, 50.0, 1991-09-15 00:00:00, 0.0
8.0, 25.0, 0.0, 56.0, 1991-09-16 00:00:00, 0.0
13.0, 27.8, 90.0, 27.0, 1991-09-17 00:00:00, 0.0
5.0, 27.2, 270.0, 37.0, 1991-09-18 00:00:00, 0.0
11.0, 19.6, 320.0, 73.0, 1991-09-19 00:00:00, 0.0
11.0, 17.0, 270.0, 66.0, 1991-09-20 00:00:00, 0.0
8.0, 17.7, 320.0, 50.0, 1991-09-21 00:00:00, 0.0
1.0, 15.6, 320.0, 70.0, 1991-09-22 00:00:00, 0.0
6.0, 21.3, 320.0, 55.0, 1991-09-23 00:00:00, 0.0
8.0, 17.8, 320.0, 69.0, 1991-09-24 00:00:00, 0.0
10.0, 31.3, 90.0, 27.0, 1991-09-25 00:00:00, 0.0
4.0, 17.1, 270.0, 84.0, 1991-09-26 00:00:00, 0.0
4.0, 17.1, 270.0, 84.0, 1991-09-27 00:00:00, 0.0
6.0, 21.3, 270.0, 64.0, 1991-09-28 00:00:00, 0.0
3.0, 21.4, 270.0, 61.0, 1991-09-29 00:00:00, 0.0
6.0, 21.2, 270.0, 56.0, 1991-09-30 00:00:00, 0.0
4.0, 17.4, 320.0, 72.0, 1991-10-01 00:00:00, 0.0
2.0, 16.1, 270.0, 82.0, 1991-10-02 00:00:00, 0.0
3.0, 16.5, 270.0, 62.0, 1991-10-03 00:00:00, 0.2
9.0, 22.3, 140.0, 28.0, 1991-10-04 00:00:00, 0.0
10.0, 24.6, 140.0, 21.0, 1991-10-05 00:00:00, 0.0
5.0, 13.4, 0.0, 93.0, 1991-10-06 00:00:00, 1.7
3.0, 14.3, 270.0, 83.0, 1991-10-07 00:00:00, 0.0
2.0, 15.5, 270.0, 71.0, 1991-10-08 00:00:00, 0.0
3.0, 21.8, 270.0, 40.0, 1991-10-09 00:00:00, 0.2
2.0, 25.3, 230.0, 52.0, 1991-10-10 00:00:00, 0.0
8.0, 22.8, 140.0, 56.0, 1991-10-11 00:00:00, 0.0
4.0, 17.3, 180.0, 78.0, 1991-10-12 00:00:00, 0.7
2.0, 19.4, 180.0, 55.0, 1991-10-13 00:00:00, 0.0
3.0, 22.5, 140.0, 49.0, 1991-10-14 00:00:00, 0.0
3.0, 20.8, 140.0, 54.0, 1991-10-15 00:00:00, 0.0
16.0, 10.3, 320.0, 69.0, 1991-10-16 00:00:00, 40.1
3.0, 11.5, 270.0, 77.0, 1991-10-17 00:00:00, 0.0
5.0, 11.0, 90.0, 71.0, 1991-10-18 00:00:00, 0.0
4.0, 12.8, 140.0, 86.0, 1991-10-19 00:00:00, 0.0
2.0, 11.8, 270.0, 98.0, 1991-10-20 00:00:00, 0.5
9.0, 11.8, 270.0, 72.0, 1991-10-21 00:00:00, 8.8
12.0, 10.9, 140.0, 68.0, 1991-10-22 00:00:00, 0.5
4.0, 8.6, 270.0, 88.0, 1991-10-23 00:00:00, 0.0
2.0, 8.0, 140.0, 89.0, 1991-10-24 00:00:00, 2.0
5.0, 7.1, 140.0, 97.0, 1991-10-25 00:00:00, 2.0
1.0, 9.4, 0.0, 57.0, 1991-10-26 00:00:00, 0.0
5.0, 8.0, 0.0, 53.0, 1991-10-27 00:00:00, 0.0
0.0, 0.0, 0.0, 0.0, 1992-05-01 00:00:00, 0.0
3.0, 14.8, 0.0, 75.0, 1992-05-02 00:00:00, 1.3
12.0, 22.3, 90.0, 39.0, 1992-05-03 00:00:00, 0.0
5.0, 24.1, 230.0, 40.0, 1992-05-04 00:00:00, 0.0
8.0, 24.8, 320.0, 39.0, 1992-05-05 00:00:00, 0.0
12.0, 24.9, 320.0, 46.0, 1992-05-06 00:00:00, 0.0
17.0, 17.0, 230.0, 62.0, 1992-05-07 00:00:00, 1.3
17.0, 13.1, 270.0, 72.0, 1992-05-08 00:00:00, 0.0
3.0, 9.0, 0.0, 99.0, 1992-05-09 00:00:00, 4.3
21.0, 10.1, 270.0, 69.0, 1992-05-10 00:00:00, 9.9
6.0, 10.5, 50.0, 69.0, 1992-05-11 00:00:00, 0.3
7.0, 14.8, 90.0, 43.0, 1992-05-12 00:00:00, 0.0
14.0, 19.8, 270.0, 34.0, 1992-05-13 00:00:00, 0.0
17.0, 19.5, 230.0, 34.0, 1992-05-14 00:00:00, 0.0
13.0, 17.4, 180.0, 57.0, 1992-05-15 00:00:00, 0.0
7.0, 23.4, 320.0, 31.0, 1992-05-16 00:00:00, 0.0
18.0, 24.0, 230.0, 30.0, 1992-05-17 00:00:00, 0.0
23.0, 15.0, 230.0, 68.0, 1992-05-18 00:00:00, 0.0
14.0, 18.0, 230.0, 58.0, 1992-05-19 00:00:00, 0.0
18.0, 13.9, 230.0, 62.0, 1992-05-20 00:00:00, 0.0
11.0, 15.0, 230.0, 56.0, 1992-05-21 00:00:00, 0.0
3.0, 16.8, 320.0, 39.0, 1992-05-22 00:00:00, 0.3
5.0, 23.7, 270.0, 41.0, 1992-05-23 00:00:00, 0.0
12.0, 27.0, 180.0, 37.0, 1992-05-24 00:00:00, 0.0
5.0, 18.7, 230.0, 43.0, 1992-05-25 00:00:00, 0.0
1.0, 12.0, 270.0, 89.0, 1992-05-26 00:00:00, 1.8
3.0, 12.2, 180.0, 96.0, 1992-05-27 00:00:00, 1.0
11.0, 13.8, 180.0, 99.0, 1992-05-28 00:00:00, 6.9
3.0, 16.3, 270.0, 94.0, 1992-05-29 00:00:00, 0.5
10.0, 22.0, 230.0, 54.0, 1992-05-30 00:00:00, 0.0
9.0, 23.3, 320.0, 49.0, 1992-05-31 00:00:00, 0.0
8.0, 19.7, 230.0, 69.0, 1992-06-01 00:00:00, 0.0
16.0, 18.8, 180.0, 54.0, 1992-06-02 00:00:00, 0.0
14.0, 21.7, 180.0, 36.0, 1992-06-03 00:00:00, 1.5
15.0, 20.3, 180.0, 51.0, 1992-06-04 00:00:00, 0.0
5.0, 22.3, 180.0, 50.0, 1992-06-05 00:00:00, 0.0
1.0, 17.2, 140.0, 76.0, 1992-06-06 00:00:00, 0.0
7.0, 16.4, 230.0, 70.0, 1992-06-07 00:00:00, 0.0
1.0, 12.5, 270.0, 96.0, 1992-06-08 00:00:00, 0.0
9.0, 12.2, 90.0, 99.0, 1992-06-09 00:00:00, 9.1
1.0, 13.3, 90.0, 99.0, 1992-06-10 00:00:00, 22.1
2.0, 18.6, 320.0, 71.0, 1992-06-11 00:00:00, 5.1
4.0, 13.1, 230.0, 99.0, 1992-06-12 00:00:00, 4.6
10.0, 12.1, 180.0, 99.0, 1992-06-13 00:00:00, 2.8
4.0, 14.8, 320.0, 92.0, 1992-06-14 00:00:00, 5.8
12.0, 17.0, 320.0, 86.0, 1992-06-15 00:00:00, 2.0
6.0, 14.1, 270.0, 95.0, 1992-06-16 00:00:00, 0.0
9.0, 19.2, 180.0, 71.0, 1992-06-17 00:00:00, 0.0
10.0, 22.7, 180.0, 50.0, 1992-06-18 00:00:00, 0.0
9.0, 18.9, 270.0, 76.0, 1992-06-19 00:00:00, 0.0
5.0, 22.1, 270.0, 68.0, 1992-06-20 00:00:00, 0.0
3.0, 29.9, 230.0, 47.0, 1992-06-21 00:00:00, 0.0
7.0, 32.0, 180.0, 36.0, 1992-06-22 00:00:00, 0.0
12.0, 30.3, 270.0, 36.0, 1992-06-23 00:00:00, 0.0
10.0, 29.9, 270.0, 37.0, 1992-06-24 00:00:00, 0.0
5.0, 20.9, 180.0, 67.0, 1992-06-25 00:00:00, 0.0
9.0, 19.2, 230.0, 76.0, 1992-06-26 00:00:00, 0.0
9.0, 25.3, 320.0, 57.0, 1992-06-27 00:00:00, 0.0
5.0, 18.4, 320.0, 97.0, 1992-06-28 00:00:00, 3.0
2.0, 14.3, 180.0, 99.0, 1992-06-29 00:00:00, 20.6
7.0, 19.3, 180.0, 82.0, 1992-06-30 00:00:00, 5.6
5.0, 15.9, 270.0, 95.0, 1992-07-01 00:00:00, 0.0
11.0, 15.2, 180.0, 94.0, 1992-07-02 00:00:00, 0.0
10.0, 18.0, 180.0, 78.0, 1992-07-03 00:00:00, 0.0
13.0, 21.0, 180.0, 68.0, 1992-07-04 00:00:00, 0.0
0.0, 13.7, 270.0, 99.0, 1992-07-05 00:00:00, 1.0
4.0, 16.3, 230.0, 82.0, 1992-07-06 00:00:00, 0.5
10.0, 14.3, 180.0, 99.0, 1992-07-07 00:00:00, 0.0
10.0, 19.5, 230.0, 70.0, 1992-07-08 00:00:00, 2.0
13.0, 22.8, 180.0, 61.0, 1992-07-09 00:00:00, 0.0
1.0, 16.8, 140.0, 99.0, 1992-07-10 00:00:00, 5.1
2.0, 21.9, 180.0, 74.0, 1992-07-11 00:00:00, 0.3
13.0, 16.8, 320.0, 90.0, 1992-07-12 00:00:00, 0.0
14.0, 16.2, 230.0, 74.0, 1992-07-13 00:00:00, 0.5
5.0, 17.4, 180.0, 74.0, 1992-07-14 00:00:00, 0.0
12.0, 23.9, 180.0, 53.0, 1992-07-15 00:00:00, 0.0
4.0, 29.2, 230.0, 36.0, 1992-07-16 00:00:00, 0.0
7.0, 30.9, 270.0, 33.0, 1992-07-17 00:00:00, 0.0
12.0, 28.5, 180.0, 38.0, 1992-07-18 00:00:00, 0.0
8.0, 20.9, 270.0, 77.0, 1992-07-19 00:00:00, 0.0
11.0, 19.3, 180.0, 82.0, 1992-07-20 00:00:00, 1.8
0.0, 15.4, 270.0, 99.0, 1992-07-21 00:00:00, 3.8
2.0, 17.0, 270.0, 96.0, 1992-07-22 00:00:00, 0.0
6.0, 15.0, 180.0, 92.0, 1992-07-23 00:00:00, 0.0
3.0, 16.0, 140.0, 92.0, 1992-07-24 00:00:00, 0.0
6.0, 23.4, 230.0, 57.0, 1992-07-25 00:00:00, 0.0
7.0, 21.4, 270.0, 68.0, 1992-07-26 00:00:00, 0.0
5.0, 23.5, 270.0, 53.0, 1992-07-27 00:00:00, 0.0
6.0, 25.0, 270.0, 51.0, 1992-07-28 00:00:00, 0.0
5.0, 27.4, 270.0, 46.0, 1992-07-29 00:00:00, 0.0
4.0, 30.6, 270.0, 40.0, 1992-07-30 00:00:00, 0.0
11.0, 19.2, 140.0, 83.0, 1992-07-31 00:00:00, 0.0
3.0, 16.0, 180.0, 91.0, 1992-08-01 00:00:00, 0.0
1.0, 16.4, 180.0, 87.0, 1992-08-02 00:00:00, 0.0
14.0, 22.3, 180.0, 64.0, 1992-08-03 00:00:00, 0.0
2.0, 14.7, 230.0, 93.0, 1992-08-04 00:00:00, 0.0
1.0, 16.2, 140.0, 88.0, 1992-08-05 00:00:00, 0.0
5.0, 16.5, 230.0, 99.0, 1992-08-06 00:00:00, 19.0
18.0, 15.5, 140.0, 94.0, 1992-08-07 00:00:00, 4.8
9.0, 13.0, 180.0, 99.0, 1992-08-08 00:00:00, 37.8
6.0, 19.7, 50.0, 85.0, 1992-08-09 00:00:00, 32.5
1.0, 25.5, 320.0, 85.0, 1992-08-10 00:00:00, 0.0
11.0, 31.2, 270.0, 44.0, 1992-08-11 00:00:00, 0.0
8.0, 32.5, 270.0, 36.0, 1992-08-12 00:00:00, 0.0
6.0, 26.9, 0.0, 60.0, 1992-08-13 00:00:00, 0.0
9.0, 21.5, 270.0, 80.0, 1992-08-14 00:00:00, 0.0
10.0, 23.1, 270.0, 64.0, 1992-08-15 00:00:00, 0.0
10.0, 25.6, 270.0, 54.0, 1992-08-16 00:00:00, 0.0
1.0, 28.4, 270.0, 42.0, 1992-08-17 00:00:00, 0.0
11.0, 20.9, 270.0, 79.0, 1992-08-18 00:00:00, 0.0
7.0, 21.8, 270.0, 69.0, 1992-08-19 00:00:00, 0.0
6.0, 14.8, 140.0, 62.0, 1992-08-20 00:00:00, 0.0
13.0, 16.8, 270.0, 65.0, 1992-08-21 00:00:00, 0.0
3.0, 21.4, 270.0, 59.0, 1992-08-22 00:00:00, 0.0
3.0, 16.6, 270.0, 61.0, 1992-08-23 00:00:00, 0.0
6.0, 22.4, 180.0, 46.0, 1992-08-24 00:00:00, 0.0
11.0, 24.2, 140.0, 36.0, 1992-08-25 00:00:00, 0.0
12.0, 23.8, 270.0, 39.0, 1992-08-26 00:00:00, 0.0
10.0, 19.9, 320.0, 61.0, 1992-08-27 00:00:00, 0.0
2.0, 20.5, 180.0, 61.0, 1992-08-28 00:00:00, 0.0
6.0, 20.2, 180.0, 58.0, 1992-08-29 00:00:00, 0.0
0.0, 15.2, 270.0, 99.0, 1992-08-30 00:00:00, 12.7
0.0, 16.3, 320.0, 99.0, 1992-08-31 00:00:00, 6.1
2.0, 17.0, 270.0, 96.0, 1992-09-01 00:00:00, 0.0
1.0, 17.1, 270.0, 93.0, 1992-09-02 00:00:00, 0.0
7.0, 16.0, 230.0, 97.0, 1992-09-03 00:00:00, 0.0
15.0, 15.9, 230.0, 61.0, 1992-09-04 00:00:00, 0.0
13.0, 15.8, 230.0, 63.0, 1992-09-05 00:00:00, 0.0
9.0, 15.6, 180.0, 65.0, 1992-09-06 00:00:00, 0.0
7.0, 10.5, 180.0, 99.0, 1992-09-07 00:00:00, 7.2
5.0, 15.3, 270.0, 92.0, 1992-09-08 00:00:00, 49.0
1.0, 18.9, 270.0, 72.0, 1992-09-09 00:00:00, 0.0
7.0, 21.4, 270.0, 74.0, 1992-09-10 00:00:00, 0.0
12.0, 12.5, 140.0, 99.0, 1992-09-11 00:00:00, 0.0
11.0, 15.2, 230.0, 63.0, 1992-09-12 00:00:00, 0.0
11.0, 12.6, 230.0, 59.0, 1992-09-13 00:00:00, 0.0
1.0, 12.3, 270.0, 56.0, 1992-09-14 00:00:00, 0.0
1.0, 15.7, 270.0, 34.0, 1992-09-15 00:00:00, 0.0
17.0, 15.7, 230.0, 53.0, 1992-09-16 00:00:00, 0.0
10.0, 15.4, 270.0, 54.0, 1992-09-17 00:00:00, 0.0
9.0, 4.9, 50.0, 38.0, 1993-04-20 00:00:00, 0.0
10.0, 9.5, 140.0, 93.0, 1993-04-21 00:00:00, 26.7
6.0, 9.2, 50.0, 90.0, 1993-04-22 00:00:00, 20.1
9.0, 9.4, 90.0, 91.0, 1993-04-23 00:00:00, 22.6
16.0, 9.2, 180.0, 96.0, 1993-04-24 00:00:00, 31.5
25.0, 10.1, 140.0, 85.0, 1993-04-25 00:00:00, 60.5
16.0, 8.0, 140.0, 99.0, 1993-04-26 00:00:00, 62.5
10.0, 9.5, 180.0, 88.0, 1993-04-27 00:00:00, 21.3
5.0, 7.7, 50.0, 98.0, 1993-04-28 00:00:00, 19.3
10.0, 10.9, 180.0, 89.0, 1993-04-29 00:00:00, 5.6
11.0, 10.5, 180.0, 79.0, 1993-04-30 00:00:00, 0.3
3.0, 6.3, 270.0, 99.0, 1993-05-01 00:00:00, 13.5
5.0, 9.7, 320.0, 81.0, 1993-05-02 00:00:00, 13.9
9.0, 11.3, 90.0, 84.0, 1993-05-03 00:00:00, 2.0
6.0, 9.5, 140.0, 98.0, 1993-05-04 00:00:00, 1.3
6.0, 9.5, 50.0, 96.0, 1993-05-05 00:00:00, 9.1
15.0, 10.0, 270.0, 87.0, 1993-05-06 00:00:00, 25.4
9.0, 6.7, 50.0, 97.0, 1993-05-07 00:00:00, 24.9
8.0, 9.1, 180.0, 94.0, 1993-05-08 00:00:00, 9.7
12.0, 10.1, 50.0, 78.0, 1993-05-09 00:00:00, 0.3
6.0, 14.7, 320.0, 99.0, 1993-05-10 00:00:00, 10.2
6.0, 17.2, 270.0, 80.0, 1993-05-11 00:00:00, 4.3
14.0, 24.8, 140.0, 52.0, 1993-05-12 00:00:00, 0.0
10.0, 11.7, 180.0, 97.0, 1993-05-13 00:00:00, 1.0
16.0, 11.6, 140.0, 96.0, 1993-05-14 00:00:00, 0.5
9.0, 13.0, 140.0, 90.0, 1993-05-15 00:00:00, 0.0
12.0, 16.5, 180.0, 64.0, 1993-05-16 00:00:00, 0.0
7.0, 24.4, 50.0, 45.0, 1993-05-17 00:00:00, 0.0
12.0, 19.8, 180.0, 66.0, 1993-05-18 00:00:00, 0.0
4.0, 15.1, 50.0, 99.0, 1993-05-19 00:00:00, 0.0
2.0, 14.4, 140.0, 91.0, 1993-05-20 00:00:00, 27.7
21.0, 10.8, 140.0, 97.0, 1993-05-21 00:00:00, 90.4
9.0, 13.4, 140.0, 92.0, 1993-05-22 00:00:00, 30.5
22.0, 20.6, 0.0, 42.0, 1993-05-23 00:00:00, 0.3
12.0, 26.3, 0.0, 31.0, 1993-05-24 00:00:00, 0.0
12.0, 22.1, 270.0, 69.0, 1993-05-25 00:00:00, 0.0
7.0, 20.6, 140.0, 68.0, 1993-05-26 00:00:00, 0.0
12.0, 21.3, 270.0, 73.0, 1993-05-27 00:00:00, 0.0
3.0, 15.6, 0.0, 83.0, 1993-05-28 00:00:00, 0.8
7.0, 14.6, 230.0, 93.0, 1993-05-29 00:00:00, 10.4
11.0, 17.7, 50.0, 85.0, 1993-05-30 00:00:00, 21.6
5.0, 13.6, 180.0, 98.0, 1993-05-31 00:00:00, 18.5
5.0, 13.2, 0.0, 96.0, 1993-06-01 00:00:00, 5.0
7.0, 16.3, 270.0, 87.0, 1993-06-02 00:00:00, 19.3
12.0, 17.7, 180.0, 68.0, 1993-06-03 00:00:00, 2.5
2.0, 15.4, 270.0, 92.0, 1993-06-04 00:00:00, 8.9
8.0, 23.6, 270.0, 64.0, 1993-06-05 00:00:00, 0.0
11.0, 13.1, 230.0, 96.0, 1993-06-06 00:00:00, 0.0
17.0, 13.6, 230.0, 70.0, 1993-06-07 00:00:00, 1.5
7.0, 13.4, 230.0, 73.0, 1993-06-08 00:00:00, 0.0
16.0, 11.0, 140.0, 99.0, 1993-06-09 00:00:00, 50.5
5.0, 12.0, 270.0, 90.0, 1993-06-10 00:00:00, 23.6
5.0, 14.2, 180.0, 72.0, 1993-06-11 00:00:00, 0.8
3.0, 12.7, 230.0, 90.0, 1993-06-12 00:00:00, 0.0
10.0, 18.5, 320.0, 59.0, 1993-06-13 00:00:00, 0.0
3.0, 13.0, 270.0, 99.0, 1993-06-14 00:00:00, 11.2
14.0, 15.1, 140.0, 93.0, 1993-06-15 00:00:00, 7.4
11.0, 16.9, 270.0, 91.0, 1993-06-16 00:00:00, 0.0
7.0, 20.6, 180.0, 76.0, 1993-06-17 00:00:00, 0.0
9.0, 17.5, 270.0, 85.0, 1993-06-18 00:00:00, 0.0
14.0, 17.8, 140.0, 62.0, 1993-06-19 00:00:00, 0.0
10.0, 18.2, 270.0, 67.0, 1993-06-20 00:00:00, 0.0
8.0, 13.6, 180.0, 63.0, 1993-06-21 00:00:00, 0.0
12.0, 10.7, 140.0, 93.0, 1993-06-22 00:00:00, 25.7
11.0, 15.7, 270.0, 62.0, 1993-06-23 00:00:00, 0.8
3.0, 12.7, 0.0, 98.0, 1993-06-24 00:00:00, 2.3
5.0, 19.9, 230.0, 86.0, 1993-06-25 00:00:00, 7.1
11.0, 18.1, 180.0, 90.0, 1993-06-26 00:00:00, 0.0
15.0, 12.6, 140.0, 92.0, 1993-06-27 00:00:00, 5.1
12.0, 14.9, 180.0, 82.0, 1993-06-28 00:00:00, 0.8
11.0, 13.8, 180.0, 79.0, 1993-06-29 00:00:00, 0.0
10.0, 14.7, 180.0, 99.0, 1993-06-30 00:00:00, 1.8
7.0, 13.7, 140.0, 96.0, 1993-07-01 00:00:00, 1.2
16.0, 18.8, 140.0, 70.0, 1993-07-02 00:00:00, 0.0
11.0, 17.6, 180.0, 69.0, 1993-07-03 00:00:00, 0.0
14.0, 17.7, 180.0, 78.0, 1993-07-04 00:00:00, 0.0
8.0, 16.6, 140.0, 78.0, 1993-07-05 00:00:00, 0.0
12.0, 19.3, 230.0, 65.0, 1993-07-06 00:00:00, 0.0
12.0, 21.6, 140.0, 61.0, 1993-07-07 00:00:00, 0.0
13.0, 20.1, 140.0, 64.0, 1993-07-08 00:00:00, 0.0
12.0, 19.7, 140.0, 68.0, 1993-07-09 00:00:00, 0.0
3.0, 13.5, 0.0, 89.0, 1993-07-10 00:00:00, 0.0
11.0, 14.8, 140.0, 87.0, 1993-07-11 00:00:00, 0.0
3.0, 13.3, 140.0, 96.0, 1993-07-12 00:00:00, 0.0
16.0, 12.0, 140.0, 72.0, 1993-07-13 00:00:00, 0.0
5.0, 16.2, 140.0, 86.0, 1993-07-14 00:00:00, 0.0
3.0, 12.8, 180.0, 97.0, 1993-07-15 00:00:00, 0.2
5.0, 15.5, 270.0, 90.0, 1993-07-16 00:00:00, 5.0
14.0, 17.7, 180.0, 88.0, 1993-07-17 00:00:00, 0.2
6.0, 19.7, 180.0, 76.0, 1993-07-18 00:00:00, 0.0
16.0, 21.3, 140.0, 86.0, 1993-07-19 00:00:00, 0.0
10.0, 14.5, 140.0, 92.0, 1993-07-20 00:00:00, 0.3
8.0, 14.6, 180.0, 85.0, 1993-07-21 00:00:00, 0.3
5.0, 14.1, 270.0, 99.0, 1993-07-22 00:00:00, 5.8
3.0, 15.1, 270.0, 94.0, 1993-07-23 00:00:00, 2.8
9.0, 16.3, 140.0, 90.0, 1993-07-24 00:00:00, 0.8
12.0, 21.7, 180.0, 89.0, 1993-07-25 00:00:00, 0.0
6.0, 20.7, 270.0, 88.0, 1993-07-26 00:00:00, 0.0
5.0, 15.7, 270.0, 94.0, 1993-07-27 00:00:00, 0.0
15.0, 13.3, 140.0, 94.0, 1993-07-28 00:00:00, 2.8
11.0, 13.1, 180.0, 95.0, 1993-07-29 00:00:00, 33.8
6.0, 13.8, 0.0, 92.0, 1993-07-30 00:00:00, 4.1
7.0, 19.4, 230.0, 89.0, 1993-07-31 00:00:00, 6.1
7.0, 25.6, 230.0, 57.0, 1993-08-01 00:00:00, 0.0
7.0, 29.9, 0.0, 41.0, 1993-08-02 00:00:00, 0.0
11.0, 31.6, 0.0, 29.0, 1993-08-03 00:00:00, 0.0
7.0, 33.2, 180.0, 30.0, 1993-08-04 00:00:00, 0.0
11.0, 21.9, 270.0, 79.0, 1993-08-05 00:00:00, 0.0
10.0, 15.8, 230.0, 94.0, 1993-08-06 00:00:00, 0.3
14.0, 19.3, 180.0, 80.0, 1993-08-07 00:00:00, 0.0
3.0, 16.2, 140.0, 91.0, 1993-08-08 00:00:00, 0.0
6.0, 14.8, 140.0, 99.0, 1993-08-09 00:00:00, 8.9
37.0, 16.5, 230.0, 93.0, 1993-08-10 00:00:00, 0.8
11.0, 21.1, 140.0, 74.0, 1993-08-11 00:00:00, 0.3
14.0, 16.6, 270.0, 92.0, 1993-08-12 00:00:00, 0.0
1.0, 15.1, 140.0, 86.0, 1993-08-13 00:00:00, 0.0
1.0, 14.0, 0.0, 98.0, 1993-08-14 00:00:00, 6.1
10.0, 19.0, 270.0, 90.0, 1993-08-15 00:00:00, 4.3
6.0, 14.6, 140.0, 95.0, 1993-08-16 00:00:00, 0.0
4.0, 20.0, 230.0, 77.0, 1993-08-17 00:00:00, 0.0
12.0, 23.6, 140.0, 67.0, 1993-08-18 00:00:00, 0.0
8.0, 26.9, 270.0, 51.0, 1993-08-19 00:00:00, 0.0
13.0, 18.4, 270.0, 87.0, 1993-08-20 00:00:00, 0.0
4.0, 13.0, 270.0, 99.0, 1993-08-21 00:00:00, 5.6
1.0, 15.2, 140.0, 91.0, 1993-08-22 00:00:00, 13.0
15.0, 14.2, 230.0, 81.0, 1993-08-23 00:00:00, 41.7
9.0, 14.6, 230.0, 75.0, 1993-08-24 00:00:00, 0.0
6.0, 16.2, 140.0, 66.0, 1993-08-25 00:00:00, 0.0
10.0, 17.5, 140.0, 78.0, 1993-08-26 00:00:00, 0.0
5.0, 17.8, 270.0, 79.0, 1993-08-27 00:00:00, 0.0
6.0, 20.6, 230.0, 58.0, 1993-08-28 00:00:00, 0.0
9.0, 23.0, 230.0, 47.0, 1993-08-29 00:00:00, 0.0
9.0, 25.5, 140.0, 34.0, 1993-08-30 00:00:00, 0.0
15.0, 24.4, 140.0, 39.0, 1993-08-31 00:00:00, 0.0
8.0, 22.0, 270.0, 64.0, 1993-09-01 00:00:00, 0.0
9.0, 25.5, 270.0, 61.0, 1993-09-02 00:00:00, 0.0
9.0, 19.3, 270.0, 83.0, 1993-09-03 00:00:00, 0.0
7.0, 15.7, 230.0, 94.0, 1993-09-04 00:00:00, 0.3
9.0, 19.1, 270.0, 81.0, 1993-09-05 00:00:00, 0.0
8.0, 25.7, 270.0, 62.0, 1993-09-06 00:00:00, 0.0
8.0, 27.2, 270.0, 47.0, 1993-09-07 00:00:00, 0.0
5.0, 27.2, 230.0, 51.0, 1993-09-08 00:00:00, 0.0
7.0, 26.5, 230.0, 44.0, 1993-09-09 00:00:00, 0.0
6.0, 20.6, 320.0, 70.0, 1993-09-10 00:00:00, 0.0
8.0, 15.4, 270.0, 91.0, 1993-09-11 00:00:00, 0.0
8.0, 19.2, 140.0, 59.0, 1993-09-12 00:00:00, 0.0
9.0, 20.7, 180.0, 46.0, 1993-09-13 00:00:00, 0.0
13.0, 18.1, 140.0, 66.0, 1993-09-14 00:00:00, 0.0
7.0, 15.2, 230.0, 89.0, 1993-09-15 00:00:00, 0.0
9.0, 21.5, 270.0, 42.0, 1993-09-16 00:00:00, 0.0
7.0, 17.5, 270.0, 66.0, 1993-09-17 00:00:00, 0.0
5.0, 13.1, 230.0, 81.0, 1993-09-18 00:00:00, 0.0
7.0, 12.9, 230.0, 87.0, 1993-09-19 00:00:00, 0.0
9.0, 15.7, 180.0, 74.0, 1993-09-20 00:00:00, 0.0
3.0, 16.6, 230.0, 58.0, 1993-09-21 00:00:00, 0.0
3.0, 18.1, 270.0, 58.0, 1993-09-22 00:00:00, 0.0
7.0, 19.1, 270.0, 59.0, 1993-09-23 00:00:00, 0.0
2.0, 11.5, 270.0, 97.0, 1993-09-24 00:00:00, 1.3
5.0, 15.7, 90.0, 89.0, 1993-09-25 00:00:00, 1.0
4.0, 22.7, 230.0, 39.0, 1993-09-26 00:00:00, 0.0
5.0, 23.7, 140.0, 56.0, 1993-09-27 00:00:00, 0.0
5.0, 22.2, 270.0, 68.0, 1993-09-28 00:00:00, 0.0
8.0, 20.8, 270.0, 71.0, 1993-09-29 00:00:00, 0.0
2.0, 17.0, 320.0, 84.0, 1993-09-30 00:00:00, 0.0
7.0, 19.8, 230.0, 67.0, 1993-10-01 00:00:00, 0.0
5.0, 22.0, 270.0, 62.0, 1993-10-02 00:00:00, 0.0
4.0, 19.1, 320.0, 76.0, 1993-10-03 00:00:00, 0.0
6.0, 11.2, 230.0, 98.0, 1993-10-04 00:00:00, 0.0
7.0, 13.3, 230.0, 91.0, 1993-10-05 00:00:00, 0.0
13.0, 14.2, 140.0, 90.0, 1993-10-06 00:00:00, 3.5
3.0, 14.6, 0.0, 83.0, 1993-10-07 00:00:00, 0.0
2.0, 17.4, 230.0, 62.0, 1993-10-08 00:00:00, 0.0
5.0, 20.0, 270.0, 47.0, 1993-10-09 00:00:00, 0.0
4.0, 20.0, 270.0, 47.0, 1993-10-10 00:00:00, 0.0
5.0, 19.1, 270.0, 53.0, 1993-10-11 00:00:00, 0.0
2.0, 13.3, 270.0, 99.0, 1993-10-12 00:00:00, 4.8
2.0, 13.2, 180.0, 99.0, 1993-10-13 00:00:00, 12.2
1.0, 11.9, 230.0, 99.0, 1993-10-14 00:00:00, 18.0
3.0, 11.6, 320.0, 89.0, 1993-10-15 00:00:00, 2.5
2.0, 14.0, 270.0, 90.0, 1993-10-16 00:00:00, 0.0
6.0, 11.7, 230.0, 92.0, 1993-10-17 00:00:00, 0.0
3.0, 10.3, 320.0, 98.0, 1993-10-18 00:00:00, 3.8
11.0, 12.9, 230.0, 77.0, 1994-05-15 00:00:00, 2.2
4.0, 15.0, 180.0, 66.0, 1994-05-16 00:00:00, 0.0
11.0, 16.8, 230.0, 71.0, 1994-05-17 00:00:00, 0.0
4.0, 19.5, 270.0, 59.0, 1994-05-18 00:00:00, 0.0
12.0, 23.9, 270.0, 33.0, 1994-05-19 00:00:00, 0.0
12.0, 11.4, 180.0, 93.0, 1994-05-20 00:00:00, 0.5
1.0, 12.3, 230.0, 95.0, 1994-05-21 00:00:00, 5.3
8.0, 16.3, 140.0, 72.0, 1994-05-22 00:00:00, 0.0
6.0, 19.9, 270.0, 61.0, 1994-05-23 00:00:00, 0.0
5.0, 21.6, 230.0, 48.0, 1994-05-24 00:00:00, 0.0
15.0, 15.6, 0.0, 68.0, 1994-05-25 00:00:00, 0.5
6.0, 14.4, 230.0, 55.0, 1994-05-26 00:00:00, 0.0
12.0, 11.6, 230.0, 63.0, 1994-05-27 00:00:00, 0.0
9.0, 9.3, 140.0, 96.0, 1994-05-28 00:00:00, 43.9
11.0, 10.2, 230.0, 95.0, 1994-05-29 00:00:00, 46.2
8.0, 14.0, 50.0, 72.0, 1994-05-30 00:00:00, 7.1
11.0, 11.2, 230.0, 95.0, 1994-05-31 00:00:00, 6.8
13.0, 14.0, 180.0, 77.0, 1994-06-01 00:00:00, 6.9
7.0, 18.6, 320.0, 50.0, 1994-06-02 00:00:00, 0.0
3.0, 17.3, 320.0, 62.0, 1994-06-03 00:00:00, 0.0
8.0, 11.2, 180.0, 94.0, 1994-06-04 00:00:00, 4.6
5.0, 16.0, 230.0, 70.0, 1994-06-05 00:00:00, 0.5
3.0, 12.5, 230.0, 89.0, 1994-06-06 00:00:00, 5.3
9.0, 11.4, 230.0, 92.0, 1994-06-07 00:00:00, 2.7
5.0, 16.7, 230.0, 73.0, 1994-06-08 00:00:00, 0.3
11.0, 16.1, 230.0, 65.0, 1994-06-09 00:00:00, 0.0
12.0, 17.9, 320.0, 76.0, 1994-06-10 00:00:00, 0.0
2.0, 14.0, 270.0, 97.0, 1994-06-11 00:00:00, 8.9
8.0, 11.6, 90.0, 87.0, 1994-06-12 00:00:00, 1.3
17.0, 9.2, 180.0, 95.0, 1994-06-13 00:00:00, 83.6
16.0, 9.1, 180.0, 96.0, 1994-06-14 00:00:00, 57.9
6.0, 14.6, 230.0, 86.0, 1994-06-15 00:00:00, 8.1
10.0, 16.3, 180.0, 79.0, 1994-06-16 00:00:00, 0.3
11.0, 18.5, 230.0, 67.0, 1994-06-17 00:00:00, 0.0
0.0, 12.7, 0.0, 89.0, 1994-06-18 00:00:00, 1.0
3.0, 18.7, 140.0, 63.0, 1994-06-19 00:00:00, 0.0
6.0, 23.4, 270.0, 47.0, 1994-06-20 00:00:00, 0.0
6.0, 19.8, 270.0, 69.0, 1994-06-21 00:00:00, 0.0
9.0, 18.4, 320.0, 78.0, 1994-06-22 00:00:00, 0.0
2.0, 13.1, 90.0, 65.0, 1994-06-23 00:00:00, 0.0
7.0, 13.5, 230.0, 88.0, 1994-06-24 00:00:00, 4.0
10.0, 16.9, 270.0, 78.0, 1994-06-25 00:00:00, 0.0
15.0, 13.1, 180.0, 96.0, 1994-06-26 00:00:00, 0.0
10.0, 21.1, 230.0, 66.0, 1994-06-27 00:00:00, 0.0
14.0, 21.4, 180.0, 56.0, 1994-06-28 00:00:00, 0.0
9.0, 16.7, 270.0, 72.0, 1994-06-29 00:00:00, 0.0
10.0, 13.7, 230.0, 84.0, 1994-06-30 00:00:00, 0.0
14.0, 13.7, 230.0, 87.0, 1994-07-01 00:00:00, 32.5
13.0, 14.8, 230.0, 76.0, 1994-07-02 00:00:00, 0.0
8.0, 14.7, 270.0, 74.0, 1994-07-03 00:00:00, 0.0
12.0, 15.1, 230.0, 82.0, 1994-07-04 00:00:00, 0.0
10.0, 20.9, 320.0, 76.0, 1994-07-05 00:00:00, 10.2
10.0, 20.8, 320.0, 70.0, 1994-07-06 00:00:00, 0.0
8.0, 21.2, 320.0, 69.0, 1994-07-07 00:00:00, 0.0
11.0, 19.9, 320.0, 63.0, 1994-07-08 00:00:00, 0.0
14.0, 21.8, 180.0, 56.0, 1994-07-09 00:00:00, 0.0
11.0, 20.9, 180.0, 58.0, 1994-07-10 00:00:00, 0.0
8.0, 23.8, 230.0, 46.0, 1994-07-11 00:00:00, 0.0
1.0, 24.3, 270.0, 50.0, 1994-07-12 00:00:00, 0.0
12.0, 20.6, 320.0, 74.0, 1994-07-13 00:00:00, 0.0
13.0, 19.3, 320.0, 77.0, 1994-07-14 00:00:00, 0.0
7.0, 24.3, 180.0, 56.0, 1994-07-15 00:00:00, 0.0
11.0, 22.2, 320.0, 68.0, 1994-07-16 00:00:00, 0.0
2.0, 16.7, 180.0, 88.0, 1994-07-17 00:00:00, 0.0
8.0, 22.9, 320.0, 64.0, 1994-07-18 00:00:00, 0.5
10.0, 28.8, 320.0, 47.0, 1994-07-19 00:00:00, 0.0
11.0, 31.7, 320.0, 40.0, 1994-07-20 00:00:00, 0.0
9.0, 29.1, 320.0, 52.0, 1994-07-21 00:00:00, 0.0
8.0, 32.0, 180.0, 43.0, 1994-07-22 00:00:00, 0.0
2.0, 18.9, 320.0, 63.0, 1994-07-23 00:00:00, 0.0
10.0, 20.6, 320.0, 78.0, 1994-07-24 00:00:00, 0.0
5.0, 14.8, 230.0, 91.0, 1994-07-25 00:00:00, 2.3
5.0, 21.4, 320.0, 72.0, 1994-07-26 00:00:00, 0.0
12.0, 25.1, 230.0, 53.0, 1994-07-27 00:00:00, 0.0
3.0, 19.4, 230.0, 50.0, 1994-07-28 00:00:00, 0.0
7.0, 17.9, 320.0, 69.0, 1994-07-29 00:00:00, 0.5
12.0, 19.2, 320.0, 56.0, 1994-07-30 00:00:00, 0.0
7.0, 21.0, 180.0, 60.0, 1994-07-31 00:00:00, 0.0
9.0, 24.1, 180.0, 49.0, 1994-08-01 00:00:00, 0.0
9.0, 25.4, 320.0, 59.0, 1994-08-02 00:00:00, 0.0
7.0, 23.7, 230.0, 70.0, 1994-08-03 00:00:00, 0.0
11.0, 18.0, 180.0, 55.0, 1994-08-04 00:00:00, 0.0
15.0, 17.2, 180.0, 78.0, 1994-08-05 00:00:00, 1.8
15.0, 21.1, 180.0, 61.0, 1994-08-06 00:00:00, 0.0
4.0, 21.7, 270.0, 59.0, 1994-08-07 00:00:00, 0.0
2.0, 17.0, 230.0, 85.0, 1994-08-08 00:00:00, 10.7
1.0, 18.0, 230.0, 82.0, 1994-08-09 00:00:00, 0.0
2.0, 24.9, 230.0, 48.0, 1994-08-10 00:00:00, 0.0
9.0, 25.3, 270.0, 55.0, 1994-08-11 00:00:00, 0.0
8.0, 20.3, 320.0, 80.0, 1994-08-12 00:00:00, 0.0
9.0, 23.4, 320.0, 84.0, 1994-08-13 00:00:00, 0.0
11.0, 19.9, 0.0, 87.0, 1994-08-14 00:00:00, 0.0
4.0, 19.6, 230.0, 73.0, 1994-08-15 00:00:00, 0.0
10.0, 18.4, 230.0, 86.0, 1994-08-16 00:00:00, 4.3
9.0, 21.0, 320.0, 74.0, 1994-08-17 00:00:00, 0.0
4.0, 21.4, 180.0, 75.0, 1994-08-18 00:00:00, 0.0
0.0, 16.0, 90.0, 92.0, 1994-08-19 00:00:00, 1.3
8.0, 17.8, 230.0, 89.0, 1994-08-20 00:00:00, 2.0
4.0, 17.0, 50.0, 87.0, 1994-08-21 00:00:00, 0.5
10.0, 14.5, 230.0, 94.0, 1994-08-22 00:00:00, 1.8
5.0, 19.3, 270.0, 73.0, 1994-08-23 00:00:00, 0.0
6.0, 20.7, 230.0, 66.0, 1994-08-24 00:00:00, 0.0
8.0, 22.7, 270.0, 51.0, 1994-08-25 00:00:00, 0.0
4.0, 23.5, 230.0, 54.0, 1994-08-26 00:00:00, 0.0
11.0, 27.0, 90.0, 35.0, 1994-08-27 00:00:00, 0.0
6.0, 17.9, 320.0, 88.0, 1994-08-28 00:00:00, 1.8
8.0, 19.9, 270.0, 78.0, 1994-08-29 00:00:00, 0.0
16.0, 22.4, 180.0, 60.0, 1994-08-30 00:00:00, 0.0
8.0, 23.0, 230.0, 54.0, 1994-08-31 00:00:00, 0.0
12.0, 18.6, 270.0, 41.0, 1994-09-01 00:00:00, 0.0
7.0, 17.5, 230.0, 69.0, 1994-09-02 00:00:00, 0.0
0.0, 13.3, 0.0, 92.0, 1994-09-03 00:00:00, 30.5
3.0, 15.6, 320.0, 87.0, 1994-09-04 00:00:00, 1.5
2.0, 21.3, 320.0, 55.0, 1994-09-05 00:00:00, 0.0
11.0, 20.6, 230.0, 70.0, 1994-09-06 00:00:00, 0.0
11.0, 14.7, 140.0, 88.0, 1994-09-07 00:00:00, 3.3
6.0, 13.5, 90.0, 90.0, 1994-09-08 00:00:00, 34.6
7.0, 11.5, 90.0, 91.0, 1994-09-09 00:00:00, 10.2
8.0, 14.7, 180.0, 88.0, 1994-09-10 00:00:00, 6.4
10.0, 18.0, 230.0, 75.0, 1994-09-11 00:00:00, 6.3
5.0, 18.0, 270.0, 71.0, 1994-09-12 00:00:00, 0.0
0.0, 13.6, 0.0, 94.0, 1994-09-13 00:00:00, 2.0
0.0, 14.6, 0.0, 94.0, 1994-09-14 00:00:00, 21.3
1.0, 16.6, 320.0, 92.0, 1994-09-15 00:00:00, 7.9
0.0, 23.1, 320.0, 77.0, 1994-09-16 00:00:00, 0.8
2.0, 21.9, 320.0, 77.0, 1994-09-17 00:00:00, 0.0
4.0, 21.2, 320.0, 76.0, 1994-09-18 00:00:00, 0.3
6.0, 23.2, 0.0, 70.0, 1994-09-19 00:00:00, 0.0
7.0, 21.1, 230.0, 35.0, 1994-09-20 00:00:00, 0.5
3.0, 29.4, 90.0, 36.0, 1994-09-21 00:00:00, 0.0
3.0, 29.1, 180.0, 44.0, 1994-09-22 00:00:00, 0.0
11.0, 23.5, 230.0, 64.0, 1994-09-23 00:00:00, 0.0
7.0, 25.3, 270.0, 58.0, 1994-09-24 00:00:00, 0.0
12.0, 20.2, 230.0, 78.0, 1994-09-25 00:00:00, 0.0
9.0, 20.8, 230.0, 77.0, 1994-09-26 00:00:00, 0.3
2.0, 24.4, 230.0, 66.0, 1994-09-27 00:00:00, 0.0
17.0, 20.5, 230.0, 71.0, 1994-09-28 00:00:00, 0.0
10.0, 16.8, 230.0, 55.0, 1994-09-29 00:00:00, 0.0
7.0, 14.0, 230.0, 93.0, 1994-09-30 00:00:00, 6.6
3.0, 17.0, 230.0, 83.0, 1994-10-01 00:00:00, 45.2
4.0, 18.9, 140.0, 48.0, 1994-10-02 00:00:00, 0.3
3.0, 19.4, 180.0, 39.0, 1994-10-03 00:00:00, 0.3
12.0, 18.1, 230.0, 46.0, 1994-10-04 00:00:00, 0.0
5.0, 17.4, 230.0, 73.0, 1994-10-05 00:00:00, 0.8
12.0, 14.0, 270.0, 83.0, 1994-10-06 00:00:00, 0.3
4.0, 17.5, 230.0, 68.0, 1994-10-07 00:00:00, 0.3
2.0, 19.2, 230.0, 65.0, 1994-10-08 00:00:00, 0.0
7.0, 14.4, 270.0, 82.0, 1994-10-09 00:00:00, 0.0
2.0, 12.4, 270.0, 81.0, 1994-10-10 00:00:00, 1.3
10.0, 12.1, 230.0, 83.0, 1994-10-11 00:00:00, 0.0
5.0, 14.3, 230.0, 62.0, 1994-10-12 00:00:00, 0.0
0.0, 8.8, 270.0, 94.0, 1994-10-13 00:00:00, 0.3
