station_observations
wind_speed, temperature, wind_direction, relative_humidity, time, precipitation
2.0, 6.0, 0.0, 96.0, 1983-05-01 00:00:00, 0.0
15.0, -8.0, 0.0, 96.0, 1983-05-02 00:00:00, 3.8
15.0, 9.0, 0.0, 41.0, 1983-05-03 00:00:00, 1.0
2.0, -1.0, 0.0, 99.0, 1983-05-04 00:00:00, 0.0
2.0, -1.0, 0.0, 99.0, 1983-05-05 00:00:00, 4.0
2.0, 2.5, 0.0, 90.0, 1983-05-06 00:00:00, 1.0
10.0, 0.0, 0.0, 90.0, 1983-05-07 00:00:00, 3.0
5.0, -2.0, 0.0, 90.0, 1983-05-08 00:00:00, 12.0
10.0, 8.0, 0.0, 50.0, 1983-05-09 00:00:00, 0.0
10.0, 10.0, 0.0, 75.0, 1983-05-10 00:00:00, 0.0
15.0, 5.0, 0.0, 80.0, 1983-05-11 00:00:00, 3.0
15.0, -1.0, 0.0, 90.0, 1983-05-12 00:00:00, 2.0
15.0, -2.0, 0.0, 90.0, 1983-05-13 00:00:00, 3.0
3.0, 7.0, 0.0, 56.0, 1983-05-14 00:00:00, 1.0
20.0, 14.0, 0.0, 90.0, 1983-05-15 00:00:00, 0.0
15.0, 12.0, 0.0, 59.0, 1983-05-16 00:00:00, 6.2
20.0, 8.0, 0.0, 47.0, 1983-05-17 00:00:00, 0.0
10.0, 10.0, 0.0, 40.0, 1983-05-18 00:00:00, 0.0
10.0, 12.0, 0.0, 52.0, 1983-05-19 00:00:00, 0.0
30.0, 9.0, 0.0, 94.0, 1983-05-20 00:00:00, 1.9
5.0, 13.0, 0.0, 81.0, 1983-05-21 00:00:00, 3.1
10.0, 6.0, 0.0, 70.0, 1983-05-22 00:00:00, 0.2
3.0, 8.0, 0.0, 66.0, 1983-05-23 00:00:00, 1.0
10.0, 13.0, 0.0, 45.0, 1983-05-24 00:00:00, 0.2
15.0, 12.0, 0.0, 42.0, 1983-05-25 00:00:00, 0.0
15.0, 10.0, 0.0, 40.0, 1983-05-26 00:00:00, 0.0
10.0, 14.0, 0.0, 47.0, 1983-05-27 00:00:00, 0.0
15.0, 23.0, 0.0, 41.0, 1983-05-28 00:00:00, 0.0
20.0, 28.0, 0.0, 32.0, 1983-05-29 00:00:00, 0.0
15.0, 25.0, 0.0, 35.0, 1983-05-30 00:00:00, 0.0
20.0, 19.0, 0.0, 47.0, 1983-05-31 00:00:00, 0.0
20.0, 12.0, 0.0, 57.0, 1983-06-01 00:00:00, 0.0
20.0, 8.0, 180.0, 70.0, 1983-06-02 00:00:00, 0.0
15.0, 10.0, 140.0, 55.0, 1983-06-03 00:00:00, 3.0
10.0, 4.0, 180.0, 85.0, 1983-06-04 00:00:00, 3.2
20.0, 6.0, 180.0, 59.0, 1983-06-05 00:00:00, 6.6
10.0, 12.0, 0.0, 40.0, 1983-06-06 00:00:00, 0.0
10.0, 14.0, 180.0, 45.0, 1983-06-07 00:00:00, 0.0
15.0, 12.0, 180.0, 56.0, 1983-06-08 00:00:00, 2.0
0.0, 10.0, 0.0, 80.0, 1983-06-09 00:00:00, 21.9
10.0, 8.0, 0.0, 85.0, 1983-06-10 00:00:00, 8.0
5.0, 8.0, 0.0, 85.0, 1983-06-11 00:00:00, 2.5
10.0, 8.0, 0.0, 75.0, 1983-06-12 00:00:00, 0.7
5.0, 16.0, 180.0, 47.0, 1983-06-13 00:00:00, 1.9
5.0, 16.0, 180.0, 50.0, 1983-06-14 00:00:00, 0.2
10.0, 18.0, 180.0, 45.0, 1983-06-15 00:00:00, 0.0
15.0, 14.0, 180.0, 45.0, 1983-06-16 00:00:00, 0.0
5.0, 10.0, 180.0, 60.0, 1983-06-17 00:00:00, 0.0
10.0, 12.0, 0.0, 86.0, 1983-06-18 00:00:00, 1.7
10.0, 6.0, 0.0, 86.0, 1983-06-19 00:00:00, 2.5
10.0, 8.0, 0.0, 64.0, 1983-06-20 00:00:00, 2.0
15.0, 16.0, 0.0, 49.0, 1983-06-21 00:00:00, 0.0
5.0, 18.0, 180.0, 50.0, 1983-06-22 00:00:00, 1.0
0.0, 14.0, 0.0, 58.0, 1983-06-23 00:00:00, 3.0
5.0, 18.0, 0.0, 63.0, 1983-06-24 00:00:00, 0.2
10.0, 16.0, 40.0, 60.0, 1983-06-25 00:00:00, 0.0
15.0, 18.0, 180.0, 47.0, 1983-06-26 00:00:00, 0.0
5.0, 20.0, 180.0, 50.0, 1983-06-27 00:00:00, 0.0
5.0, 20.0, 0.0, 53.0, 1983-06-28 00:00:00, 3.0
10.0, 18.0, 0.0, 60.0, 1983-06-29 00:00:00, 0.0
10.0, 18.0, 0.0, 53.0, 1983-06-30 00:00:00, 2.2
0.0, 14.0, 0.0, 75.0, 1983-07-01 00:00:00, 4.4
2.0, 18.0, 0.0, 60.0, 1983-07-02 00:00:00, 6.5
10.0, 20.0, 180.0, 45.0, 1983-07-03 00:00:00, 0.0
5.0, 12.0, 0.0, 70.0, 1983-07-04 00:00:00, 4.0
10.0, 18.0, 180.0, 45.0, 1983-07-05 00:00:00, 3.4
0.0, 8.0, 0.0, 86.0, 1983-07-06 00:00:00, 10.4
5.0, 4.0, 0.0, 86.0, 1983-07-07 00:00:00, 8.7
5.0, 18.0, 180.0, 45.0, 1983-07-08 00:00:00, 1.0
0.0, 16.0, 0.0, 45.0, 1983-07-09 00:00:00, 1.0
5.0, 13.0, 180.0, 52.0, 1983-07-10 00:00:00, 2.0
10.0, 14.0, 0.0, 45.0, 1983-07-11 00:00:00, 0.0
10.0, 18.0, 0.0, 50.0, 1983-07-12 00:00:00, 0.0
0.0, 14.0, 0.0, 55.0, 1983-07-13 00:00:00, 0.0
2.0, 12.0, 0.0, 75.0, 1983-07-14 00:00:00, 1.4
10.0, 14.0, 0.0, 63.0, 1983-07-15 00:00:00, 0.0
10.0, 16.0, 0.0, 69.0, 1983-07-16 00:00:00, 5.2
0.0, 14.0, 0.0, 57.0, 1983-07-17 00:00:00, 5.0
10.0, 16.0, 0.0, 65.0, 1983-07-18 00:00:00, 1.0
5.0, 20.0, 180.0, 54.0, 1983-07-19 00:00:00, 5.2
10.0, 18.0, 0.0, 70.0, 1983-07-20 00:00:00, 5.2
0.0, 12.0, 0.0, 85.0, 1983-07-21 00:00:00, 20.0
5.0, 16.0, 0.0, 55.0, 1983-07-22 00:00:00, 1.8
0.0, 18.0, 0.0, 52.0, 1983-07-23 00:00:00, 0.6
5.0, 18.0, 180.0, 55.0, 1983-07-24 00:00:00, 0.6
5.0, 12.0, 180.0, 92.0, 1983-07-25 00:00:00, 6.0
10.0, 12.0, 0.0, 85.0, 1983-07-26 00:00:00, 22.0
0.0, 10.0, 0.0, 85.0, 1983-07-27 00:00:00, 21.0
0.0, 18.0, 0.0, 53.0, 1983-07-28 00:00:00, 1.0
0.0, 16.0, 0.0, 60.0, 1983-07-29 00:00:00, 0.0
0.0, 20.0, 0.0, 50.0, 1983-07-30 00:00:00, 0.8
10.0, 24.0, 180.0, 50.0, 1983-07-31 00:00:00, 0.0
5.0, 18.0, 0.0, 47.0, 1983-08-01 00:00:00, 0.0
0.0, 10.0, 0.0, 85.0, 1983-08-02 00:00:00, 4.0
5.0, 12.0, 0.0, 75.0, 1983-08-03 00:00:00, 3.3
0.0, 14.0, 0.0, 52.0, 1983-08-04 00:00:00, 4.0
0.0, 18.0, 0.0, 40.0, 1983-08-05 00:00:00, 4.0
0.0, 18.0, 0.0, 50.0, 1983-08-06 00:00:00, 0.0
5.0, 16.0, 0.0, 47.0, 1983-08-07 00:00:00, 0.0
0.0, 16.0, 0.0, 45.0, 1983-08-08 00:00:00, 0.0
15.0, 24.0, 0.0, 48.0, 1983-08-09 00:00:00, 0.0
10.0, 22.0, 0.0, 45.0, 1983-08-10 00:00:00, 0.0
10.0, 10.0, 0.0, 87.0, 1983-08-11 00:00:00, 6.0
5.0, 14.0, 0.0, 42.0, 1983-08-12 00:00:00, 1.0
5.0, 16.0, 0.0, 50.0, 1983-08-13 00:00:00, 0.0
10.0, 8.0, 0.0, 73.0, 1983-08-14 00:00:00, 3.0
10.0, 14.0, 0.0, 46.0, 1983-08-15 00:00:00, 0.0
0.0, 13.0, 0.0, 57.0, 1983-08-16 00:00:00, 0.0
10.0, 2.0, 0.0, 90.0, 1983-08-17 00:00:00, 10.0
0.0, 10.0, 0.0, 50.0, 1983-08-18 00:00:00, 15.0
0.0, 10.0, 0.0, 75.0, 1983-08-19 00:00:00, 1.0
10.0, 14.0, 0.0, 53.0, 1983-08-20 00:00:00, 3.0
10.0, 14.0, 0.0, 60.0, 1983-08-21 00:00:00, 0.0
0.0, 16.0, 0.0, 55.0, 1983-08-22 00:00:00, 0.0
10.0, 14.0, 0.0, 60.0, 1983-08-23 00:00:00, 0.0
15.0, 16.0, 0.0, 55.0, 1983-08-24 00:00:00, 0.0
0.0, 16.0, 0.0, 60.0, 1983-08-25 00:00:00, 0.0
10.0, 16.0, 0.0, 59.0, 1983-08-26 00:00:00, 0.0
5.0, 15.0, 0.0, 60.0, 1983-08-27 00:00:00, 0.0
5.0, 16.0, 0.0, 63.0, 1983-08-28 00:00:00, 0.0
0.0, 2.0, 0.0, 90.0, 1983-08-29 00:00:00, 0.0
5.0, 18.0, 0.0, 50.0, 1983-08-30 00:00:00, 1.0
0.0, 15.0, 0.0, 60.0, 1983-08-31 00:00:00, 0.0
0.0, 10.0, 0.0, 70.0, 1983-09-01 00:00:00, 0.0
5.0, 14.0, 0.0, 60.0, 1983-09-02 00:00:00, 0.0
5.0, 14.0, 0.0, 65.0, 1983-09-03 00:00:00, 0.0
10.0, 6.0, 0.0, 90.0, 1983-09-04 00:00:00, 1.8
0.0, 8.0, 0.0, 65.0, 1983-09-05 00:00:00, 6.4
0.0, 0.0, 0.0, 95.0, 1983-09-06 00:00:00, 2.0
2.0, 0.0, 0.0, 90.0, 1983-09-07 00:00:00, 15.0
0.0, 4.0, 0.0, 74.0, 1983-09-08 00:00:00, 12.0
0.0, 4.0, 0.0, 63.0, 1983-09-09 00:00:00, 0.0
5.0, 12.0, 0.0, 55.0, 1983-09-10 00:00:00, 0.0
0.0, 10.0, 0.0, 50.0, 1983-09-11 00:00:00, 0.0
15.0, 10.0, 0.0, 65.0, 1983-09-12 00:00:00, 0.0
20.0, 10.0, 0.0, 75.0, 1983-09-13 00:00:00, 0.0
2.0, 14.0, 0.0, 55.0, 1983-09-14 00:00:00, 0.0
5.0, 8.0, 0.0, 55.0, 1983-09-15 00:00:00, 0.0
10.0, 0.0, 0.0, 90.0, 1983-09-16 00:00:00, 3.0
20.0, 5.0, 140.0, 38.0, 1984-05-01 00:00:00, 0.0
15.0, 5.0, 40.0, 59.0, 1984-05-02 00:00:00, 0.0
0.0, 0.0, 0.0, 92.0, 1984-05-03 00:00:00, 1.0
10.0, -1.0, 0.0, 69.0, 1984-05-04 00:00:00, 0.0
10.0, 1.0, 0.0, 44.0, 1984-05-05 00:00:00, 0.2
5.0, 2.0, 180.0, 85.0, 1984-05-06 00:00:00, 0.2
10.0, 0.0, 180.0, 60.0, 1984-05-07 00:00:00, 0.0
5.0, 4.0, 0.0, 35.0, 1984-05-08 00:00:00, 0.0
5.0, -5.0, 0.0, 85.0, 1984-05-09 00:00:00, 0.2
10.0, -2.0, 320.0, 53.0, 1984-05-10 00:00:00, 2.0
5.0, 3.0, 0.0, 25.0, 1984-05-11 00:00:00, 0.0
0.0, 8.0, 0.0, 22.0, 1984-05-12 00:00:00, 0.0
5.0, 5.0, 0.0, 55.0, 1984-05-13 00:00:00, 0.0
20.0, -2.0, 0.0, 90.0, 1984-05-14 00:00:00, 2.5
15.0, 0.0, 0.0, 90.0, 1984-05-15 00:00:00, 10.0
15.0, -4.0, 0.0, 93.0, 1984-05-16 00:00:00, 20.0
12.0, -5.0, 0.0, 94.0, 1984-05-17 00:00:00, 24.0
15.0, 4.0, 270.0, 49.0, 1984-05-18 00:00:00, 4.3
15.0, -6.0, 0.0, 96.0, 1984-05-19 00:00:00, 10.0
10.0, -5.0, 320.0, 96.0, 1984-05-20 00:00:00, 10.0
10.0, -3.0, 0.0, 96.0, 1984-05-21 00:00:00, 12.0
20.0, 0.0, 180.0, 63.0, 1984-05-22 00:00:00, 10.0
10.0, -5.0, 0.0, 95.0, 1984-05-23 00:00:00, 15.0
0.0, 4.0, 0.0, 40.0, 1984-05-24 00:00:00, 7.0
10.0, 2.0, 90.0, 55.0, 1984-05-25 00:00:00, 1.5
10.0, 2.0, 0.0, 65.0, 1984-05-26 00:00:00, 0.0
5.0, 7.0, 0.0, 30.0, 1984-05-27 00:00:00, 0.0
10.0, 5.0, 180.0, 47.0, 1984-05-28 00:00:00, 0.0
5.0, 5.0, 180.0, 25.0, 1984-05-29 00:00:00, 0.0
10.0, 3.0, 0.0, 43.0, 1984-05-30 00:00:00, 0.0
5.0, 0.0, 0.0, 85.0, 1984-05-31 00:00:00, 2.0
10.0, 8.0, 0.0, 29.0, 1984-06-01 00:00:00, 0.0
5.0, 5.0, 180.0, 50.0, 1984-06-02 00:00:00, 0.0
0.0, 6.0, 0.0, 30.0, 1984-06-03 00:00:00, 4.0
10.0, 5.0, 140.0, 55.0, 1984-06-04 00:00:00, 0.0
0.0, 2.0, 0.0, 96.0, 1984-06-05 00:00:00, 23.6
0.0, 5.0, 0.0, 96.0, 1984-06-06 00:00:00, 20.0
5.0, 7.0, 0.0, 92.0, 1984-06-07 00:00:00, 24.0
0.0, 12.0, 0.0, 90.0, 1984-06-08 00:00:00, 11.5
0.0, 16.0, 0.0, 45.0, 1984-06-09 00:00:00, 2.0
0.0, 19.0, 0.0, 33.0, 1984-06-10 00:00:00, 0.0
0.0, 22.0, 0.0, 55.0, 1984-06-11 00:00:00, 0.0
0.0, 15.0, 0.0, 51.0, 1984-06-12 00:00:00, 3.0
0.0, 17.5, 0.0, 26.0, 1984-06-13 00:00:00, 0.2
15.0, 15.5, 0.0, 44.0, 1984-06-14 00:00:00, 0.0
5.0, 14.0, 0.0, 22.0, 1984-06-15 00:00:00, 0.0
5.0, 5.0, 180.0, 80.0, 1984-06-16 00:00:00, 2.3
10.0, 8.0, 0.0, 65.0, 1984-06-17 00:00:00, 2.5
5.0, 6.0, 0.0, 87.0, 1984-06-18 00:00:00, 6.0
0.0, 12.0, 0.0, 51.0, 1984-06-19 00:00:00, 0.0
5.0, 8.0, 0.0, 88.0, 1984-06-20 00:00:00, 14.3
10.0, 13.0, 180.0, 53.0, 1984-06-21 00:00:00, 1.0
15.0, 16.0, 0.0, 56.0, 1984-06-22 00:00:00, 1.0
0.0, 17.0, 0.0, 43.0, 1984-06-23 00:00:00, 0.0
15.0, 13.0, 180.0, 53.0, 1984-06-24 00:00:00, 0.0
0.0, 13.0, 0.0, 80.0, 1984-06-25 00:00:00, 2.0
20.0, 15.0, 180.0, 55.0, 1984-06-26 00:00:00, 0.0
20.0, 12.0, 0.0, 34.0, 1984-06-27 00:00:00, 0.0
10.0, 12.0, 0.0, 34.0, 1984-06-28 00:00:00, 0.0
10.0, 12.5, 0.0, 39.0, 1984-06-29 00:00:00, 0.0
0.0, 15.5, 0.0, 39.0, 1984-06-30 00:00:00, 0.0
20.0, 12.0, 0.0, 60.0, 1984-07-01 00:00:00, 0.0
10.0, 13.0, 0.0, 63.0, 1984-07-02 00:00:00, 0.0
0.0, 14.0, 0.0, 38.0, 1984-07-03 00:00:00, 0.0
0.0, 8.0, 0.0, 88.0, 1984-07-04 00:00:00, 6.0
5.0, 7.5, 0.0, 99.0, 1984-07-05 00:00:00, 24.0
5.0, 9.0, 320.0, 88.0, 1984-07-06 00:00:00, 18.0
8.0, 9.0, 320.0, 94.0, 1984-07-07 00:00:00, 0.0
5.0, 15.0, 320.0, 64.0, 1984-07-08 00:00:00, 0.0
5.0, 16.5, 0.0, 49.0, 1984-07-09 00:00:00, 3.0
5.0, 15.0, 0.0, 39.0, 1984-07-10 00:00:00, 0.0
5.0, 16.0, 0.0, 56.0, 1984-07-11 00:00:00, 0.0
5.0, 13.0, 0.0, 61.0, 1984-07-12 00:00:00, 0.0
5.0, 11.0, 0.0, 79.0, 1984-07-13 00:00:00, 3.0
5.0, 13.0, 0.0, 53.0, 1984-07-14 00:00:00, 7.0
5.0, 15.0, 180.0, 39.0, 1984-07-15 00:00:00, 0.0
5.0, 18.0, 0.0, 51.0, 1984-07-16 00:00:00, 0.0
15.0, 13.0, 0.0, 44.0, 1984-07-17 00:00:00, 0.0
10.0, 12.0, 180.0, 79.0, 1984-07-18 00:00:00, 0.0
10.0, 13.0, 0.0, 36.0, 1984-07-19 00:00:00, 1.0
5.0, 9.0, 0.0, 88.0, 1984-07-20 00:00:00, 4.3
10.0, 12.0, 0.0, 70.0, 1984-07-21 00:00:00, 8.0
0.0, 18.0, 0.0, 84.0, 1984-07-22 00:00:00, 0.0
10.0, 19.0, 0.0, 39.0, 1984-07-23 00:00:00, 0.0
10.0, 24.0, 180.0, 40.0, 1984-07-24 00:00:00, 0.0
0.0, 25.0, 0.0, 36.0, 1984-07-25 00:00:00, 0.0
10.0, 18.0, 180.0, 25.0, 1984-07-26 00:00:00, 0.0
10.0, 12.0, 0.0, 17.0, 1984-07-27 00:00:00, 0.0
5.0, 20.0, 180.0, 47.0, 1984-07-28 00:00:00, 0.0
5.0, 23.0, 0.0, 50.0, 1984-07-29 00:00:00, 0.0
10.0, 24.5, 180.0, 32.0, 1984-07-30 00:00:00, 0.0
15.0, 20.0, 180.0, 43.0, 1984-07-31 00:00:00, 0.0
5.0, 21.0, 180.0, 64.0, 1984-08-01 00:00:00, 0.0
5.0, 21.5, 0.0, 59.0, 1984-08-02 00:00:00, 1.6
0.0, 20.0, 0.0, 68.0, 1984-08-03 00:00:00, 0.0
10.0, 23.0, 0.0, 57.0, 1984-08-04 00:00:00, 0.0
2.0, 23.5, 180.0, 54.0, 1984-08-05 00:00:00, 0.0
4.0, 14.0, 0.0, 92.0, 1984-08-06 00:00:00, 1.1
5.0, 13.0, 0.0, 80.0, 1984-08-07 00:00:00, 4.0
10.0, 19.0, 180.0, 60.0, 1984-08-08 00:00:00, 0.0
5.0, 15.0, 180.0, 56.0, 1984-08-09 00:00:00, 0.0
5.0, 15.0, 0.0, 64.0, 1984-08-10 00:00:00, 0.0
0.0, 15.0, 0.0, 64.0, 1984-08-11 00:00:00, 0.0
10.0, 14.0, 0.0, 81.0, 1984-08-12 00:00:00, 0.0
15.0, 4.0, 0.0, 93.0, 1984-08-13 00:00:00, 3.0
10.0, 3.0, 0.0, 93.0, 1984-08-14 00:00:00, 5.5
10.0, 14.5, 0.0, 50.0, 1984-08-15 00:00:00, 0.2
10.0, 18.0, 0.0, 55.0, 1984-08-16 00:00:00, 0.0
5.0, 20.0, 180.0, 61.0, 1984-08-17 00:00:00, 0.0
10.0, 14.0, 180.0, 62.0, 1984-08-18 00:00:00, 1.0
15.0, 12.0, 0.0, 79.0, 1984-08-19 00:00:00, 4.0
0.0, 16.5, 0.0, 61.0, 1984-08-20 00:00:00, 5.0
0.0, 17.0, 0.0, 65.0, 1984-08-21 00:00:00, 0.0
5.0, 16.0, 180.0, 72.0, 1984-08-22 00:00:00, 0.0
5.0, 15.0, 140.0, 64.0, 1984-08-23 00:00:00, 4.3
0.0, 15.0, 0.0, 64.0, 1984-08-24 00:00:00, 0.0
10.0, 10.0, 180.0, 78.0, 1984-08-25 00:00:00, 4.3
5.0, 15.0, 180.0, 55.0, 1984-08-26 00:00:00, 0.0
30.0, 2.0, 0.0, 99.0, 1984-08-27 00:00:00, 10.0
0.0, 2.0, 0.0, 92.0, 1984-08-28 00:00:00, 5.0
0.0, 6.0, 0.0, 75.0, 1984-08-29 00:00:00, 0.0
5.0, 1.5, 0.0, 92.0, 1984-08-30 00:00:00, 0.1
0.0, 1.5, 0.0, 92.0, 1984-08-31 00:00:00, 5.0
10.0, 0.0, 0.0, 90.0, 1984-09-01 00:00:00, 8.0
0.0, 5.0, 0.0, 87.0, 1984-09-02 00:00:00, 0.0
20.0, 9.5, 0.0, 52.0, 1984-09-03 00:00:00, 0.0
0.0, 6.0, 0.0, 94.0, 1984-09-04 00:00:00, 5.0
6.0, 4.0, 0.0, 93.0, 1984-09-05 00:00:00, 9.0
5.0, 1.0, 0.0, 70.0, 1984-09-06 00:00:00, 12.0
5.0, 1.0, 0.0, 63.0, 1984-09-07 00:00:00, 1.2
0.0, 2.0, 0.0, 92.0, 1984-09-08 00:00:00, 1.1
0.0, 6.0, 0.0, 75.0, 1984-09-09 00:00:00, 0.0
10.0, 3.5, 0.0, 93.0, 1984-09-10 00:00:00, 5.0
0.0, 5.5, 0.0, 81.0, 1984-09-11 00:00:00, 0.0
5.0, 5.0, 0.0, 80.0, 1984-09-12 00:00:00, 0.0
10.0, 4.0, 0.0, 73.0, 1984-09-13 00:00:00, 0.0
10.0, 7.0, 0.0, 55.0, 1984-09-14 00:00:00, 0.0
10.0, 13.0, 0.0, 38.0, 1984-09-15 00:00:00, 0.0
20.0, 12.0, 0.0, 40.0, 1984-09-16 00:00:00, 0.0
10.0, 10.0, 0.0, 45.0, 1984-09-17 00:00:00, 0.0
5.0, 13.0, 0.0, 40.0, 1984-09-18 00:00:00, 0.0
10.0, 12.0, 0.0, 35.0, 1984-09-19 00:00:00, 0.0
10.0, 5.0, 0.0, 68.0, 1984-09-20 00:00:00, 0.0
10.0, 4.0, 0.0, 60.0, 1984-09-21 00:00:00, 0.0
0.0, 0.0, 0.0, 65.0, 1984-09-22 00:00:00, 0.0
10.0, 0.0, 0.0, 85.0, 1984-09-23 00:00:00, 0.0
0.0, 0.0, 0.0, 90.0, 1984-09-24 00:00:00, 5.0
5.0, 4.0, 0.0, 70.0, 1984-09-25 00:00:00, 0.0
5.0, 3.0, 0.0, 32.0, 1984-09-26 00:00:00, 0.0
5.0, 6.0, 0.0, 26.0, 1984-09-27 00:00:00, 0.0
0.0, 7.0, 0.0, 40.0, 1984-09-28 00:00:00, 0.0
0.0, 0.0, 0.0, 0.0, 1985-05-09 00:00:00, 0.0
0.0, 7.0, 0.0, 53.0, 1985-05-10 00:00:00, 0.0
8.0, 5.0, 0.0, 73.0, 1985-05-11 00:00:00, 0.0
8.0, 7.0, 0.0, 53.0, 1985-05-12 00:00:00, 0.0
8.0, 11.0, 0.0, 59.0, 1985-05-13 00:00:00, 0.0
10.0, 8.0, 0.0, 44.0, 1985-05-14 00:00:00, 0.0
5.0, 13.0, 0.0, 57.0, 1985-05-15 00:00:00, 0.0
10.0, 20.0, 180.0, 54.0, 1985-05-16 00:00:00, 0.0
20.0, 16.5, 0.0, 42.0, 1985-05-17 00:00:00, 0.0
5.0, 15.0, 180.0, 39.0, 1985-05-18 00:00:00, 0.0
10.0, 15.5, 0.0, 37.0, 1985-05-19 00:00:00, 0.0
5.0, 15.0, 0.0, 36.0, 1985-05-20 00:00:00, 0.0
10.0, 15.0, 0.0, 39.0, 1985-05-21 00:00:00, 0.0
5.0, 6.5, 0.0, 58.0, 1985-05-22 00:00:00, 0.0
10.0, 11.0, 180.0, 49.0, 1985-05-23 00:00:00, 0.0
15.0, 7.5, 0.0, 76.0, 1985-05-24 00:00:00, 0.0
0.0, 5.5, 0.0, 87.0, 1985-05-25 00:00:00, 0.0
5.0, 9.0, 180.0, 72.0, 1985-05-26 00:00:00, 10.0
5.0, 3.5, 0.0, 86.0, 1985-05-27 00:00:00, 0.0
5.0, 10.0, 0.0, 78.0, 1985-05-28 00:00:00, 0.0
10.0, 12.0, 0.0, 65.0, 1985-05-29 00:00:00, 1.0
5.0, 18.0, 180.0, 44.0, 1985-05-30 00:00:00, 0.0
20.0, 11.5, 0.0, 74.0, 1985-05-31 00:00:00, 0.0
10.0, 18.0, 0.0, 48.0, 1985-06-01 00:00:00, 0.0
5.0, 17.0, 0.0, 58.0, 1985-06-02 00:00:00, 0.0
10.0, 19.0, 180.0, 53.0, 1985-06-03 00:00:00, 0.0
20.0, 18.0, 180.0, 48.0, 1985-06-04 00:00:00, 0.0
10.0, 19.0, 180.0, 53.0, 1985-06-05 00:00:00, 0.0
5.0, 11.0, 0.0, 59.0, 1985-06-06 00:00:00, 0.0
20.0, 8.0, 0.0, 71.0, 1985-06-07 00:00:00, 0.0
30.0, 5.0, 0.0, 87.0, 1985-06-08 00:00:00, 3.0
5.0, 6.0, 0.0, 75.0, 1985-06-09 00:00:00, 1.0
5.0, 11.0, 0.0, 45.0, 1985-06-10 00:00:00, 0.0
5.0, 14.0, 180.0, 58.0, 1985-06-11 00:00:00, 0.0
8.0, 11.0, 0.0, 49.0, 1985-06-12 00:00:00, 3.0
5.0, 10.0, 180.0, 63.0, 1985-06-13 00:00:00, 0.0
10.0, 11.0, 0.0, 69.0, 1985-06-14 00:00:00, 0.0
15.0, 9.0, 0.0, 77.0, 1985-06-15 00:00:00, 5.0
10.0, 11.0, 0.0, 59.0, 1985-06-16 00:00:00, 0.0
0.0, 17.0, 0.0, 46.0, 1985-06-17 00:00:00, 0.0
15.0, 22.0, 0.0, 26.0, 1985-06-18 00:00:00, 0.0
5.0, 13.0, 0.0, 53.0, 1985-06-19 00:00:00, 0.0
10.0, 6.5, 0.0, 81.0, 1985-06-20 00:00:00, 0.0
5.0, 5.0, 0.0, 93.0, 1985-06-21 00:00:00, 26.0
8.0, 9.0, 0.0, 94.0, 1985-06-22 00:00:00, 33.4
10.0, 7.5, 320.0, 94.0, 1985-06-23 00:00:00, 30.0
5.0, 12.0, 180.0, 70.0, 1985-06-24 00:00:00, 6.0
0.0, 17.0, 0.0, 61.0, 1985-06-25 00:00:00, 0.0
10.0, 15.5, 180.0, 44.0, 1985-06-26 00:00:00, 0.0
5.0, 10.0, 0.0, 58.0, 1985-06-27 00:00:00, 0.0
10.0, 14.0, 0.0, 46.0, 1985-06-28 00:00:00, 0.0
0.0, 17.0, 0.0, 54.0, 1985-06-29 00:00:00, 0.0
0.0, 20.0, 0.0, 48.0, 1985-06-30 00:00:00, 5.0
15.0, 13.0, 140.0, 53.0, 1985-07-01 00:00:00, 0.0
5.0, 19.5, 180.0, 50.0, 1985-07-02 00:00:00, 0.0
0.0, 20.5, 0.0, 44.0, 1985-07-03 00:00:00, 0.0
5.0, 21.0, 140.0, 42.0, 1985-07-04 00:00:00, 0.0
5.0, 13.5, 180.0, 62.0, 1985-07-05 00:00:00, 5.0
5.0, 7.5, 0.0, 94.0, 1985-07-06 00:00:00, 4.0
10.0, 11.0, 0.0, 89.0, 1985-07-07 00:00:00, 2.0
5.0, 18.5, 40.0, 67.0, 1985-07-08 00:00:00, 4.0
5.0, 19.0, 0.0, 46.0, 1985-07-09 00:00:00, 0.0
10.0, 15.0, 180.0, 72.0, 1985-07-10 00:00:00, 0.2
15.0, 15.0, 0.0, 55.0, 1985-07-11 00:00:00, 0.5
10.0, 12.0, 0.0, 65.0, 1985-07-12 00:00:00, 0.1
0.0, 13.0, 0.0, 61.0, 1985-07-13 00:00:00, 0.0
0.0, 14.0, 0.0, 54.0, 1985-07-14 00:00:00, 0.0
10.0, 13.0, 180.0, 75.0, 1985-07-15 00:00:00, 4.0
0.0, 18.0, 0.0, 59.0, 1985-07-16 00:00:00, 8.0
5.0, 18.0, 0.0, 47.0, 1985-07-17 00:00:00, 0.0
5.0, 7.0, 0.0, 88.0, 1985-07-18 00:00:00, 4.0
10.0, 15.0, 0.0, 64.0, 1985-07-19 00:00:00, 2.0
0.0, 19.0, 0.0, 46.0, 1985-07-20 00:00:00, 8.0
10.0, 13.0, 40.0, 85.0, 1985-07-21 00:00:00, 1.6
15.0, 12.0, 0.0, 65.0, 1985-07-22 00:00:00, 3.0
0.0, 10.5, 0.0, 84.0, 1985-07-23 00:00:00, 0.0
10.0, 10.0, 180.0, 89.0, 1985-07-24 00:00:00, 3.2
10.0, 10.0, 0.0, 89.0, 1985-07-25 00:00:00, 1.0
20.0, 12.0, 0.0, 70.0, 1985-07-26 00:00:00, 4.0
10.0, 15.0, 0.0, 72.0, 1985-07-27 00:00:00, 3.5
0.0, 18.0, 0.0, 59.0, 1985-07-28 00:00:00, 0.0
0.0, 22.0, 0.0, 43.0, 1985-07-29 00:00:00, 0.0
15.0, 22.0, 180.0, 31.0, 1985-07-30 00:00:00, 0.0
20.0, 22.0, 180.0, 49.0, 1985-07-31 00:00:00, 0.0
0.0, 22.0, 0.0, 43.0, 1985-08-01 00:00:00, 0.0
15.0, 19.0, 0.0, 60.0, 1985-08-02 00:00:00, 0.0
0.0, 15.0, 0.0, 68.0, 1985-08-03 00:00:00, 0.0
10.0, 10.0, 0.0, 94.0, 1985-08-04 00:00:00, 10.0
10.0, 11.5, 0.0, 69.0, 1985-08-05 00:00:00, 0.0
0.0, 15.0, 0.0, 59.0, 1985-08-06 00:00:00, 0.0
5.0, 10.0, 0.0, 89.0, 1985-08-07 00:00:00, 2.2
10.0, 16.0, 0.0, 65.0, 1985-08-08 00:00:00, 0.0
5.0, 8.0, 0.0, 94.0, 1985-08-09 00:00:00, 15.0
5.0, 12.0, 0.0, 79.0, 1985-08-10 00:00:00, 2.3
0.0, 12.0, 0.0, 70.0, 1985-08-11 00:00:00, 0.0
15.0, 15.0, 0.0, 47.0, 1985-08-12 00:00:00, 4.2
0.0, 13.5, 0.0, 58.0, 1985-08-13 00:00:00, 0.0
25.0, 8.0, 0.0, 77.0, 1985-08-14 00:00:00, 2.3
0.0, 14.0, 0.0, 54.0, 1985-08-15 00:00:00, 0.0
0.0, 18.5, 0.0, 56.0, 1985-08-16 00:00:00, 0.0
15.0, 16.0, 0.0, 53.0, 1985-08-17 00:00:00, 0.0
5.0, 11.0, 0.0, 84.0, 1985-08-18 00:00:00, 0.0
5.0, 2.0, 0.0, 61.0, 1985-08-19 00:00:00, 0.0
5.0, 12.0, 0.0, 61.0, 1985-08-20 00:00:00, 0.0
5.0, 12.0, 0.0, 70.0, 1985-08-21 00:00:00, 0.0
10.0, 16.0, 0.0, 54.0, 1985-08-22 00:00:00, 0.0
0.0, 14.0, 0.0, 71.0, 1985-08-23 00:00:00, 0.0
5.0, 4.0, 0.0, 86.0, 1985-08-24 00:00:00, 0.0
15.0, 1.5, 0.0, 92.0, 1985-08-25 00:00:00, 5.0
0.0, 11.0, 0.0, 49.0, 1985-08-26 00:00:00, 0.0
5.0, 5.5, 0.0, 93.0, 1985-08-27 00:00:00, 8.0
5.0, 11.0, 0.0, 79.0, 1985-08-28 00:00:00, 6.0
10.0, 9.0, 0.0, 88.0, 1985-08-29 00:00:00, 0.0
5.0, 10.0, 0.0, 78.0, 1985-08-30 00:00:00, 0.0
0.0, 12.0, 0.0, 70.0, 1985-08-31 00:00:00, 0.0
10.0, 14.0, 0.0, 81.0, 1985-09-01 00:00:00, 0.0
0.0, 12.0, 0.0, 70.0, 1985-09-02 00:00:00, 0.0
5.0, 7.0, 0.0, 76.0, 1985-09-03 00:00:00, 10.0
5.0, 5.0, 0.0, 93.0, 1985-09-04 00:00:00, 1.0
