station_observations
wind_speed, temperature, wind_direction, relative_humidity, time, precipitation
6.0, 23.0, 90.0, 28.0, 1987-05-28 00:00:00, 0.0
7.0, 6.5, 230.0, 99.0, 1987-05-29 00:00:00, 11.4
3.0, 13.8, 230.0, 51.0, 1987-05-30 00:00:00, 4.6
3.0, 10.8, 320.0, 76.0, 1987-05-31 00:00:00, 0.5
14.0, 5.4, 320.0, 96.0, 1987-06-01 00:00:00, 11.9
12.0, 9.9, 320.0, 80.0, 1987-06-02 00:00:00, 17.0
10.0, 14.2, 320.0, 40.0, 1987-06-03 00:00:00, 0.0
2.0, 17.4, 230.0, 40.0, 1987-06-04 00:00:00, 0.3
7.0, 15.1, 140.0, 69.0, 1987-06-05 00:00:00, 2.3
10.0, 10.4, 0.0, 79.0, 1987-06-06 00:00:00, 3.8
2.0, 16.7, 230.0, 52.0, 1987-06-07 00:00:00, 0.0
2.0, 23.1, 140.0, 37.0, 1987-06-08 00:00:00, 0.0
1.0, 19.5, 230.0, 54.0, 1987-06-09 00:00:00, 0.0
11.0, 16.9, 270.0, 36.0, 1987-06-10 00:00:00, 0.0
13.0, 15.2, 230.0, 53.0, 1987-06-11 00:00:00, 0.0
12.0, 14.1, 270.0, 54.0, 1987-06-12 00:00:00, 0.0
18.0, 13.7, 270.0, 40.0, 1987-06-13 00:00:00, 0.0
2.0, 16.2, 270.0, 32.0, 1987-06-14 00:00:00, 0.0
3.0, 12.4, 180.0, 83.0, 1987-06-15 00:00:00, 4.6
5.0, 14.4, 270.0, 41.0, 1987-06-16 00:00:00, 0.5
11.0, 16.7, 270.0, 36.0, 1987-06-17 00:00:00, 0.0
9.0, 19.3, 270.0, 46.0, 1987-06-18 00:00:00, 0.0
0.0, 22.4, 0.0, 30.0, 1987-06-19 00:00:00, 0.0
3.0, 22.9, 140.0, 47.0, 1987-06-20 00:00:00, 0.0
2.0, 11.0, 270.0, 96.0, 1987-06-21 00:00:00, 26.4
12.0, 12.8, 270.0, 52.0, 1987-06-22 00:00:00, 0.3
12.0, 7.2, 0.0, 99.0, 1987-06-23 00:00:00, 7.9
9.0, 16.1, 270.0, 50.0, 1987-06-24 00:00:00, 3.6
7.0, 17.5, 270.0, 50.0, 1987-06-25 00:00:00, 0.5
8.0, 19.5, 320.0, 42.0, 1987-06-26 00:00:00, 0.0
6.0, 16.7, 40.0, 57.0, 1987-06-27 00:00:00, 0.0
2.0, 21.5, 320.0, 44.0, 1987-06-28 00:00:00, 0.0
1.0, 14.9, 140.0, 82.0, 1987-06-29 00:00:00, 0.0
0.0, 18.9, 0.0, 57.0, 1987-06-30 00:00:00, 1.0
2.0, 24.3, 180.0, 46.0, 1987-07-01 00:00:00, 0.0
2.0, 22.6, 230.0, 48.0, 1987-07-02 00:00:00, 2.8
5.0, 17.5, 40.0, 50.0, 1987-07-03 00:00:00, 0.0
0.0, 16.4, 0.0, 55.0, 1987-07-04 00:00:00, 0.0
1.0, 16.3, 180.0, 54.0, 1987-07-05 00:00:00, 1.3
3.0, 19.9, 320.0, 55.0, 1987-07-06 00:00:00, 0.0
1.0, 12.7, 140.0, 92.0, 1987-07-07 00:00:00, 10.2
1.0, 12.0, 40.0, 96.0, 1987-07-08 00:00:00, 15.0
5.0, 14.4, 0.0, 73.0, 1987-07-09 00:00:00, 1.5
0.0, 16.9, 0.0, 61.0, 1987-07-10 00:00:00, 6.9
4.0, 20.3, 180.0, 52.0, 1987-07-11 00:00:00, 0.0
6.0, 19.7, 270.0, 59.0, 1987-07-12 00:00:00, 0.0
12.0, 20.3, 320.0, 47.0, 1987-07-13 00:00:00, 0.0
20.0, 15.8, 270.0, 27.0, 1987-07-14 00:00:00, 0.0
14.0, 11.8, 0.0, 50.0, 1987-07-15 00:00:00, 0.0
7.0, 12.9, 40.0, 98.0, 1987-07-16 00:00:00, 14.5
0.0, 18.0, 0.0, 55.0, 1987-07-17 00:00:00, 0.5
3.0, 19.0, 180.0, 52.0, 1987-07-18 00:00:00, 0.3
0.0, 18.1, 0.0, 56.0, 1987-07-19 00:00:00, 0.0
6.0, 12.4, 40.0, 80.0, 1987-07-20 00:00:00, 0.0
0.0, 15.6, 0.0, 65.0, 1987-07-21 00:00:00, 0.0
0.0, 20.0, 0.0, 61.0, 1987-07-22 00:00:00, 0.0
1.0, 24.1, 180.0, 45.0, 1987-07-23 00:00:00, 0.3
1.0, 26.5, 230.0, 37.0, 1987-07-24 00:00:00, 0.0
4.0, 25.7, 180.0, 40.0, 1987-07-25 00:00:00, 0.0
9.0, 15.0, 230.0, 88.0, 1987-07-26 00:00:00, 9.4
5.0, 19.8, 40.0, 74.0, 1987-07-27 00:00:00, 0.3
1.0, 18.2, 40.0, 90.0, 1987-07-28 00:00:00, 0.3
0.0, 20.9, 0.0, 73.0, 1987-07-29 00:00:00, 1.0
3.0, 20.5, 90.0, 78.0, 1987-07-30 00:00:00, 1.0
5.0, 15.6, 0.0, 95.0, 1987-07-31 00:00:00, 0.5
13.0, 10.7, 40.0, 98.0, 1987-08-01 00:00:00, 1.5
2.0, 10.6, 320.0, 93.0, 1987-08-02 00:00:00, 1.5
0.0, 14.9, 0.0, 75.0, 1987-08-03 00:00:00, 2.3
7.0, 17.7, 40.0, 66.0, 1987-08-04 00:00:00, 1.5
6.0, 19.2, 320.0, 53.0, 1987-08-05 00:00:00, 1.3
5.0, 20.9, 270.0, 58.0, 1987-08-06 00:00:00, 0.0
4.0, 19.4, 0.0, 52.0, 1987-08-07 00:00:00, 0.0
5.0, 18.8, 0.0, 55.0, 1987-08-08 00:00:00, 0.0
6.0, 9.5, 40.0, 96.0, 1987-08-09 00:00:00, 0.0
3.0, 10.4, 40.0, 80.0, 1987-08-10 00:00:00, 0.3
2.0, 13.3, 270.0, 65.0, 1987-08-11 00:00:00, 0.3
8.0, 7.4, 0.0, 85.0, 1987-08-12 00:00:00, 0.0
3.0, 14.6, 0.0, 49.0, 1987-08-13 00:00:00, 0.0
4.0, 17.6, 230.0, 49.0, 1987-08-14 00:00:00, 0.0
2.0, 18.4, 270.0, 53.0, 1987-08-15 00:00:00, 0.0
4.0, 10.9, 0.0, 94.0, 1987-08-16 00:00:00, 0.3
5.0, 11.2, 270.0, 88.0, 1987-08-17 00:00:00, 0.0
1.0, 13.1, 0.0, 62.0, 1987-08-18 00:00:00, 0.0
1.0, 12.0, 40.0, 76.0, 1987-08-19 00:00:00, 0.0
1.0, 15.7, 230.0, 59.0, 1987-08-20 00:00:00, 0.0
1.0, 15.3, 230.0, 67.0, 1987-08-21 00:00:00, 0.0
2.0, 15.0, 230.0, 66.0, 1987-08-22 00:00:00, 0.3
2.0, 15.7, 0.0, 59.0, 1987-08-23 00:00:00, 0.0
12.0, 16.6, 40.0, 54.0, 1987-08-24 00:00:00, 0.0
0.0, 17.0, 0.0, 55.0, 1987-08-25 00:00:00, 0.0
3.0, 19.5, 180.0, 57.0, 1987-08-26 00:00:00, 0.0
8.0, 14.9, 230.0, 70.0, 1987-08-27 00:00:00, 0.0
9.0, 7.8, 320.0, 96.0, 1987-08-28 00:00:00, 0.0
2.0, 13.7, 230.0, 75.0, 1987-08-29 00:00:00, 0.0
8.0, 13.0, 230.0, 91.0, 1987-08-30 00:00:00, 0.0
1.0, 5.8, 180.0, 97.0, 1987-08-31 00:00:00, 0.0
0.0, 12.6, 0.0, 90.0, 1987-09-01 00:00:00, 0.8
8.0, 7.0, 40.0, 97.0, 1987-09-02 00:00:00, 0.0
3.0, 14.6, 320.0, 63.0, 1987-09-03 00:00:00, 0.0
3.0, 18.9, 270.0, 54.0, 1987-09-04 00:00:00, 0.3
12.0, 17.3, 320.0, 51.0, 1987-09-05 00:00:00, 0.5
3.0, 12.2, 40.0, 61.0, 1987-09-06 00:00:00, 0.0
3.0, 17.4, 0.0, 46.0, 1987-09-07 00:00:00, 0.0
12.0, 19.1, 320.0, 54.0, 1987-09-08 00:00:00, 0.0
9.0, 17.4, 320.0, 50.0, 1987-09-09 00:00:00, 0.0
87.0, 21.1, 230.0, 58.0, 1988-08-03 00:00:00, 0.0
21.0, 15.6, 230.0, 44.0, 1988-08-04 00:00:00, 0.5
3.0, 15.1, 230.0, 64.0, 1988-08-05 00:00:00, 0.0
0.0, 6.9, 0.0, 91.0, 1988-08-06 00:00:00, 2.0
12.0, 15.0, 180.0, 67.0, 1988-08-07 00:00:00, 0.0
18.0, 17.0, 230.0, 62.0, 1988-08-08 00:00:00, 0.0
8.0, 14.0, 230.0, 87.0, 1988-08-09 00:00:00, 0.0
11.0, 12.4, 320.0, 96.0, 1988-08-10 00:00:00, 2.2
8.0, 15.6, 180.0, 83.0, 1988-08-11 00:00:00, 0.5
13.0, 17.8, 180.0, 58.0, 1988-08-12 00:00:00, 0.2
0.0, 14.7, 0.0, 98.0, 1988-08-13 00:00:00, 1.5
2.0, 10.9, 0.0, 97.0, 1988-08-14 00:00:00, 2.1
6.0, 11.7, 50.0, 90.0, 1988-08-15 00:00:00, 6.3
2.0, 14.6, 0.0, 81.0, 1988-08-16 00:00:00, 2.5
5.0, 12.2, 0.0, 96.0, 1988-08-17 00:00:00, 0.2
9.0, 11.0, 230.0, 99.0, 1988-08-18 00:00:00, 3.5
7.0, 14.9, 230.0, 79.0, 1988-08-19 00:00:00, 1.2
9.0, 14.4, 0.0, 70.0, 1988-08-20 00:00:00, 1.5
0.0, 15.4, 0.0, 54.0, 1988-08-21 00:00:00, 0.0
22.0, 17.5, 270.0, 57.0, 1988-08-22 00:00:00, 0.0
23.0, 18.8, 230.0, 36.0, 1988-08-23 00:00:00, 0.0
8.0, 15.1, 180.0, 47.0, 1988-08-24 00:00:00, 0.0
0.0, 20.2, 0.0, 48.0, 1988-08-25 00:00:00, 0.0
11.0, 16.1, 180.0, 70.0, 1988-08-26 00:00:00, 0.0
1.0, 14.4, 230.0, 89.0, 1988-08-27 00:00:00, 0.0
2.0, 20.0, 180.0, 63.0, 1988-08-28 00:00:00, 0.0
12.0, 19.7, 230.0, 62.0, 1988-08-29 00:00:00, 0.0
13.0, 14.8, 270.0, 48.0, 1988-08-30 00:00:00, 0.2
8.0, 15.2, 270.0, 49.0, 1988-08-31 00:00:00, 0.0
13.0, 19.2, 230.0, 54.0, 1988-09-01 00:00:00, 0.0
3.0, 21.3, 270.0, 47.0, 1988-09-02 00:00:00, 0.0
2.0, 17.3, 140.0, 60.0, 1988-09-03 00:00:00, 0.0
8.0, 18.9, 180.0, 74.0, 1988-09-04 00:00:00, 0.0
13.0, 19.1, 230.0, 52.0, 1988-09-05 00:00:00, 0.0
0.0, 11.8, 0.0, 53.0, 1988-09-06 00:00:00, 0.0
13.0, 10.3, 270.0, 47.0, 1988-09-07 00:00:00, 0.0
5.0, 4.3, 50.0, 79.0, 1988-09-08 00:00:00, 0.2
7.0, 0.9, 50.0, 99.0, 1988-09-09 00:00:00, 0.2
5.0, 6.2, 270.0, 89.0, 1988-09-10 00:00:00, 6.6
5.0, 10.9, 230.0, 67.0, 1988-09-11 00:00:00, 0.0
8.0, 15.7, 270.0, 60.0, 1988-09-12 00:00:00, 0.0
20.0, 20.7, 230.0, 37.0, 1988-09-13 00:00:00, 0.2
13.0, 9.6, 50.0, 80.0, 1988-09-14 00:00:00, 0.2
7.0, 4.1, 320.0, 99.0, 1988-09-15 00:00:00, 1.7
3.0, 3.1, 0.0, 83.0, 1988-09-16 00:00:00, 0.0
6.0, 7.0, 230.0, 68.0, 1988-09-17 00:00:00, 0.2
8.0, 5.8, 50.0, 78.0, 1988-09-18 00:00:00, 0.0
9.0, 0.5, 0.0, 88.0, 1988-09-19 00:00:00, 0.0
14.0, 5.8, 230.0, 65.0, 1988-09-20 00:00:00, 0.0
7.0, 10.3, 270.0, 45.0, 1988-09-21 00:00:00, 0.0
18.0, 8.9, 270.0, 49.0, 1988-09-22 00:00:00, 0.0
0.0, 0.1, 0.0, 99.0, 1988-09-23 00:00:00, 0.0
0.0, 0.8, 0.0, 99.0, 1988-09-24 00:00:00, 3.8
0.0, 0.8, 0.0, 99.0, 1988-09-25 00:00:00, 0.2
6.0, 3.3, 230.0, 94.0, 1988-09-26 00:00:00, 0.0
0.0, 3.2, 0.0, 32.0, 1988-09-27 00:00:00, 0.0
26.0, 7.7, 230.0, 74.0, 1988-09-28 00:00:00, 0.0
0.0, 0.0, 0.0, 0.0, 1989-05-19 00:00:00, 0.0
20.0, 2.0, 320.0, 96.0, 1989-05-20 00:00:00, 3.6
13.0, -0.7, 0.0, 99.0, 1989-05-21 00:00:00, 3.6
6.0, 6.0, 140.0, 68.0, 1989-05-22 00:00:00, 8.1
2.0, 9.8, 180.0, 57.0, 1989-05-23 00:00:00, 0.0
9.0, 10.8, 50.0, 51.0, 1989-05-24 00:00:00, 0.0
19.0, 12.9, 270.0, 49.0, 1989-05-25 00:00:00, 0.0
16.0, 2.9, 0.0, 99.0, 1989-05-26 00:00:00, 6.6
3.0, 9.0, 270.0, 35.0, 1989-05-27 00:00:00, 0.3
15.0, 16.1, 180.0, 31.0, 1989-05-28 00:00:00, 0.0
10.0, 18.4, 0.0, 38.0, 1989-05-29 00:00:00, 0.0
3.0, 19.1, 230.0, 51.0, 1989-05-30 00:00:00, 0.5
20.0, 19.2, 270.0, 46.0, 1989-05-31 00:00:00, 8.6
10.0, 19.0, 230.0, 33.0, 1989-06-01 00:00:00, 0.0
3.0, 18.4, 320.0, 33.0, 1989-06-02 00:00:00, 0.0
8.0, 20.9, 180.0, 41.0, 1989-06-03 00:00:00, 0.0
9.0, 25.4, 270.0, 28.0, 1989-06-04 00:00:00, 0.0
7.0, 20.3, 90.0, 50.0, 1989-06-05 00:00:00, 0.0
2.0, 13.1, 180.0, 72.0, 1989-06-06 00:00:00, 1.8
5.0, 17.1, 90.0, 59.0, 1989-06-07 00:00:00, 1.8
3.0, 16.1, 140.0, 58.0, 1989-06-08 00:00:00, 3.4
0.0, 12.8, 0.0, 88.0, 1989-06-09 00:00:00, 1.0
7.0, 20.0, 180.0, 52.0, 1989-06-10 00:00:00, 1.0
8.0, 24.3, 180.0, 38.0, 1989-06-11 00:00:00, 0.0
10.0, 26.0, 140.0, 38.0, 1989-06-12 00:00:00, 0.0
7.0, 23.0, 230.0, 42.0, 1989-06-13 00:00:00, 0.0
16.0, 18.3, 230.0, 51.0, 1989-06-14 00:00:00, 0.5
11.0, 10.0, 0.0, 97.0, 1989-06-15 00:00:00, 16.0
4.0, 12.9, 230.0, 64.0, 1989-06-16 00:00:00, 0.0
14.0, 17.1, 140.0, 39.0, 1989-06-17 00:00:00, 0.0
19.0, 13.6, 230.0, 44.0, 1989-06-18 00:00:00, 0.0
17.0, 8.1, 270.0, 77.0, 1989-06-19 00:00:00, 0.0
20.0, 15.4, 270.0, 61.0, 1989-06-20 00:00:00, 0.8
11.0, 18.9, 230.0, 51.0, 1989-06-21 00:00:00, 0.8
17.0, 18.9, 0.0, 46.0, 1989-06-22 00:00:00, 0.0
10.0, 21.0, 230.0, 52.0, 1989-06-23 00:00:00, 4.3
1.0, 13.5, 320.0, 86.0, 1989-06-24 00:00:00, 3.6
13.0, 12.8, 140.0, 80.0, 1989-06-25 00:00:00, 1.0
21.0, 13.0, 50.0, 69.0, 1989-06-26 00:00:00, 2.3
15.0, 10.8, 0.0, 64.0, 1989-06-27 00:00:00, 2.5
6.0, 13.5, 230.0, 66.0, 1989-06-28 00:00:00, 3.5
8.0, 17.6, 180.0, 48.0, 1989-06-29 00:00:00, 0.0
5.0, 16.2, 230.0, 60.0, 1989-06-30 00:00:00, 0.3
14.0, 15.6, 0.0, 63.0, 1989-07-01 00:00:00, 1.3
1.0, 15.3, 270.0, 81.0, 1989-07-02 00:00:00, 5.1
8.0, 17.1, 230.0, 68.0, 1989-07-03 00:00:00, 13.2
0.0, 10.5, 0.0, 78.0, 1989-07-04 00:00:00, 8.1
1.0, 19.1, 230.0, 49.0, 1989-07-05 00:00:00, 0.3
10.0, 13.7, 320.0, 86.0, 1989-07-06 00:00:00, 0.8
0.0, 15.3, 0.0, 76.0, 1989-07-07 00:00:00, 3.0
2.0, 17.8, 320.0, 72.0, 1989-07-08 00:00:00, 8.9
15.0, 18.6, 0.0, 60.0, 1989-07-09 00:00:00, 0.0
15.0, 19.9, 50.0, 44.0, 1989-07-10 00:00:00, 0.5
0.0, 17.5, 0.0, 51.0, 1989-07-11 00:00:00, 0.0
11.0, 22.1, 180.0, 50.0, 1989-07-12 00:00:00, 0.0
9.0, 25.8, 140.0, 46.0, 1989-07-13 00:00:00, 0.0
8.0, 24.3, 180.0, 45.0, 1989-07-14 00:00:00, 0.5
6.0, 18.3, 180.0, 78.0, 1989-07-15 00:00:00, 0.0
5.0, 21.6, 180.0, 60.0, 1989-07-16 00:00:00, 4.1
3.0, 21.0, 270.0, 55.0, 1989-07-17 00:00:00, 0.0
5.0, 19.2, 230.0, 74.0, 1989-07-18 00:00:00, 5.6
0.0, 17.1, 0.0, 79.0, 1989-07-19 00:00:00, 1.5
8.0, 18.9, 180.0, 59.0, 1989-07-20 00:00:00, 0.0
9.0, 16.3, 230.0, 66.0, 1989-07-21 00:00:00, 2.5
16.0, 16.6, 270.0, 54.0, 1989-07-22 00:00:00, 0.0
0.0, 20.2, 0.0, 48.0, 1989-07-23 00:00:00, 0.0
4.0, 17.4, 230.0, 75.0, 1989-07-24 00:00:00, 2.0
3.0, 21.8, 230.0, 52.0, 1989-07-25 00:00:00, 0.0
7.0, 23.5, 140.0, 46.0, 1989-07-26 00:00:00, 0.0
0.0, 11.9, 0.0, 99.0, 1989-07-27 00:00:00, 2.3
5.0, 16.0, 320.0, 87.0, 1989-07-28 00:00:00, 1.3
0.0, 11.8, 0.0, 92.0, 1989-07-29 00:00:00, 0.3
5.0, 20.6, 140.0, 63.0, 1989-07-30 00:00:00, 0.0
12.0, 17.8, 230.0, 76.0, 1989-07-31 00:00:00, 0.3
1.0, 17.2, 230.0, 86.0, 1989-08-01 00:00:00, 1.0
9.0, 20.6, 0.0, 66.0, 1989-08-02 00:00:00, 0.0
3.0, 23.2, 320.0, 52.0, 1989-08-03 00:00:00, 0.0
0.0, 21.1, 0.0, 57.0, 1989-08-04 00:00:00, 0.5
0.0, 17.7, 0.0, 76.0, 1989-08-05 00:00:00, 0.0
1.0, 17.3, 230.0, 94.0, 1989-08-06 00:00:00, 0.0
0.0, 18.3, 0.0, 88.0, 1989-08-07 00:00:00, 0.0
1.0, 24.0, 180.0, 69.0, 1989-08-08 00:00:00, 0.0
13.0, 15.2, 0.0, 96.0, 1989-08-09 00:00:00, 2.8
1.0, 15.5, 50.0, 94.0, 1989-08-10 00:00:00, 8.6
2.0, 18.6, 230.0, 85.0, 1989-08-11 00:00:00, 1.0
0.0, 23.4, 0.0, 61.0, 1989-08-12 00:00:00, 0.2
11.0, 24.8, 90.0, 62.0, 1989-08-13 00:00:00, 0.0
9.0, 22.1, 180.0, 55.0, 1989-08-14 00:00:00, 1.0
10.0, 21.8, 0.0, 61.0, 1989-08-15 00:00:00, 0.0
11.0, 15.3, 0.0, 94.0, 1989-08-16 00:00:00, 9.4
0.0, 19.7, 0.0, 74.0, 1989-08-17 00:00:00, 0.3
5.0, 19.6, 180.0, 77.0, 1989-08-18 00:00:00, 0.5
0.0, 22.6, 0.0, 55.0, 1989-08-19 00:00:00, 0.3
8.0, 14.3, 230.0, 89.0, 1989-08-20 00:00:00, 9.9
1.0, 15.2, 0.0, 83.0, 1989-08-21 00:00:00, 0.0
9.0, 9.6, 0.0, 98.0, 1989-08-22 00:00:00, 30.7
0.0, 12.2, 0.0, 88.0, 1989-08-23 00:00:00, 0.5
0.0, 12.5, 0.0, 82.0, 1989-08-24 00:00:00, 3.6
14.0, 15.9, 0.0, 65.0, 1989-08-25 00:00:00, 2.0
10.0, 14.5, 0.0, 63.0, 1989-08-26 00:00:00, 1.8
10.0, 11.9, 0.0, 70.0, 1989-08-27 00:00:00, 0.0
0.0, 10.7, 0.0, 70.0, 1989-08-28 00:00:00, 0.5
4.0, 11.8, 180.0, 76.0, 1989-08-29 00:00:00, 0.0
7.0, 13.5, 180.0, 66.0, 1989-08-30 00:00:00, 0.0
7.0, 15.2, 180.0, 56.0, 1989-08-31 00:00:00, 0.0
1.0, 16.4, 180.0, 66.0, 1989-09-01 00:00:00, 0.0
5.0, 15.4, 270.0, 71.0, 1989-09-02 00:00:00, 0.5
22.0, 17.6, 230.0, 56.0, 1989-09-03 00:00:00, 0.0
12.0, 12.7, 230.0, 55.0, 1989-09-04 00:00:00, 0.0
13.0, 13.1, 0.0, 82.0, 1989-09-05 00:00:00, 2.8
9.0, 19.1, 270.0, 48.0, 1989-09-06 00:00:00, 0.0
11.0, 12.2, 0.0, 74.0, 1989-09-07 00:00:00, 2.0
5.0, 10.0, 0.0, 79.0, 1989-09-08 00:00:00, 0.0
9.0, 13.7, 0.0, 51.0, 1989-09-09 00:00:00, 0.0
2.0, 15.6, 180.0, 62.0, 1989-09-10 00:00:00, 0.0
4.0, 21.0, 230.0, 54.0, 1989-09-11 00:00:00, 0.0
7.0, 20.5, 230.0, 46.0, 1989-09-12 00:00:00, 0.0
13.0, 17.9, 270.0, 44.0, 1989-09-13 00:00:00, 0.0
13.0, 13.3, 50.0, 60.0, 1989-09-14 00:00:00, 0.0
6.0, 7.5, 180.0, 93.0, 1989-09-15 00:00:00, 7.6
20.0, 0.4, 0.0, 98.0, 1989-09-16 00:00:00, 0.8
16.0, 1.7, 230.0, 89.0, 1989-09-17 00:00:00, 0.8
0.0, 5.7, 0.0, 93.0, 1989-09-18 00:00:00, 0.3
16.0, 3.4, 0.0, 91.0, 1989-09-19 00:00:00, 0.3
7.0, 6.3, 180.0, 99.0, 1989-09-20 00:00:00, 0.5
6.0, 1.1, 90.0, 99.0, 1989-09-21 00:00:00, 0.0
10.0, 13.1, 230.0, 95.0, 1989-09-22 00:00:00, 0.0
17.0, 16.9, 270.0, 38.0, 1989-09-23 00:00:00, 0.0
11.0, 14.2, 230.0, 59.0, 1989-09-24 00:00:00, 0.0
17.0, 18.7, 230.0, 48.0, 1989-09-25 00:00:00, 0.0
10.0, 16.8, 230.0, 47.0, 1989-09-26 00:00:00, 0.0
5.0, 11.8, 140.0, 46.0, 1989-09-27 00:00:00, 0.0
10.0, 11.4, 230.0, 69.0, 1989-09-28 00:00:00, 0.0
4.0, 5.9, 0.0, 99.0, 1989-09-29 00:00:00, 14.2
10.0, 0.4, 0.0, 99.0, 1989-09-30 00:00:00, 6.6
7.0, 2.3, 180.0, 98.0, 1989-10-01 00:00:00, 1.0
9.0, 11.6, 230.0, 66.0, 1989-10-02 00:00:00, 0.0
15.0, 13.9, 230.0, 59.0, 1989-10-03 00:00:00, 0.0
10.0, 6.7, 0.0, 73.0, 1989-10-04 00:00:00, 1.5
0.0, 8.1, 0.0, 76.0, 1989-10-05 00:00:00, 0.0
13.0, 9.9, 180.0, 73.0, 1989-10-06 00:00:00, 0.3
27.0, 15.0, 270.0, 41.0, 1989-10-07 00:00:00, 0.0
17.0, 11.3, 270.0, 38.0, 1989-10-08 00:00:00, 0.0
23.0, 13.4, 230.0, 55.0, 1989-10-09 00:00:00, 0.3
18.0, 8.0, 270.0, 43.0, 1989-10-10 00:00:00, 0.0
29.0, 7.9, 270.0, 44.0, 1989-10-11 00:00:00, 0.0
14.0, 9.0, 0.0, 53.0, 1989-10-12 00:00:00, 0.0
17.0, 4.0, 0.0, 74.0, 1989-10-13 00:00:00, 0.6
