station_observations
wind_speed, temperature, wind_direction, relative_humidity, time, precipitation
0.0, 0.0, 0.0, 0.0, 1988-05-12 00:00:00, 0.0
8.0, 14.0, 50.0, 68.0, 1988-05-13 00:00:00, 0.0
14.0, 7.4, 230.0, 63.0, 1988-05-14 00:00:00, 0.2
3.0, 11.7, 50.0, 38.0, 1988-05-15 00:00:00, 0.5
1.0, 10.4, 90.0, 74.0, 1988-05-16 00:00:00, 0.0
10.0, 7.7, 230.0, 52.0, 1988-05-17 00:00:00, 7.3
14.0, 10.6, 230.0, 41.0, 1988-05-18 00:00:00, 0.0
14.0, 9.3, 180.0, 47.0, 1988-05-19 00:00:00, 0.0
12.0, 9.2, 230.0, 39.0, 1988-05-20 00:00:00, 0.0
8.0, 9.6, 50.0, 64.0, 1988-05-21 00:00:00, 0.0
5.0, 14.0, 50.0, 62.0, 1988-05-22 00:00:00, 0.5
16.0, 10.1, 180.0, 63.0, 1988-05-23 00:00:00, 5.5
16.0, 11.0, 230.0, 47.0, 1988-05-24 00:00:00, 0.0
3.0, 9.6, 90.0, 61.0, 1988-05-25 00:00:00, 0.0
2.0, 12.6, 0.0, 40.0, 1988-05-26 00:00:00, 0.7
5.0, 11.5, 230.0, 50.0, 1988-05-27 00:00:00, 0.5
6.0, 8.9, 50.0, 83.0, 1988-05-28 00:00:00, 4.5
14.0, 11.1, 50.0, 70.0, 1988-05-29 00:00:00, 8.6
20.0, 10.6, 230.0, 45.0, 1988-05-30 00:00:00, 0.5
8.0, 11.7, 90.0, 48.0, 1988-05-31 00:00:00, 0.0
14.0, 11.8, 230.0, 31.0, 1988-06-01 00:00:00, 0.0
6.0, 14.4, 140.0, 30.0, 1988-06-02 00:00:00, 0.0
11.0, 10.1, 140.0, 44.0, 1988-06-03 00:00:00, 0.0
12.0, 13.3, 140.0, 35.0, 1988-06-04 00:00:00, 0.2
7.0, 7.7, 180.0, 83.0, 1988-06-05 00:00:00, 9.3
6.0, 8.6, 180.0, 83.0, 1988-06-06 00:00:00, 24.3
4.0, 15.7, 90.0, 71.0, 1988-06-07 00:00:00, 2.0
16.0, 12.8, 50.0, 73.0, 1988-06-08 00:00:00, 6.0
1.0, 10.2, 140.0, 79.0, 1988-06-09 00:00:00, 0.2
2.0, 16.3, 50.0, 45.0, 1988-06-10 00:00:00, 0.2
4.0, 14.4, 50.0, 62.0, 1988-06-11 00:00:00, 0.0
4.0, 11.1, 90.0, 76.0, 1988-06-12 00:00:00, 1.7
8.0, 19.6, 50.0, 37.0, 1988-06-13 00:00:00, 0.0
6.0, 17.7, 140.0, 44.0, 1988-06-14 00:00:00, 2.7
8.0, 18.9, 140.0, 48.0, 1988-06-15 00:00:00, 0.0
21.0, 18.0, 180.0, 44.0, 1988-06-16 00:00:00, 0.0
14.0, 17.0, 180.0, 52.0, 1988-06-17 00:00:00, 0.0
26.0, 12.3, 50.0, 49.0, 1988-06-18 00:00:00, 0.0
13.0, 12.6, 180.0, 31.0, 1988-06-19 00:00:00, 0.0
13.0, 14.9, 230.0, 28.0, 1988-06-20 00:00:00, 0.0
8.0, 18.5, 50.0, 24.0, 1988-06-21 00:00:00, 0.0
14.0, 17.2, 230.0, 47.0, 1988-06-22 00:00:00, 0.0
13.0, 16.3, 230.0, 32.0, 1988-06-23 00:00:00, 0.0
11.0, 14.1, 230.0, 36.0, 1988-06-24 00:00:00, 0.0
10.0, 17.9, 90.0, 41.0, 1988-06-25 00:00:00, 0.0
2.0, 13.6, 50.0, 71.0, 1988-06-26 00:00:00, 11.9
1.0, 10.9, 0.0, 89.0, 1988-06-27 00:00:00, 2.7
2.0, 14.4, 230.0, 62.0, 1988-06-28 00:00:00, 0.0
4.0, 17.3, 0.0, 48.0, 1988-06-29 00:00:00, 0.0
22.0, 16.7, 230.0, 43.0, 1988-06-30 00:00:00, 0.2
19.0, 16.6, 180.0, 35.0, 1988-07-01 00:00:00, 0.0
3.0, 15.3, 50.0, 53.0, 1988-07-02 00:00:00, 0.0
4.0, 10.4, 270.0, 79.0, 1988-07-03 00:00:00, 12.7
2.0, 13.0, 140.0, 54.0, 1988-07-04 00:00:00, 2.0
2.0, 18.8, 180.0, 34.0, 1988-07-05 00:00:00, 0.0
4.0, 12.8, 0.0, 80.0, 1988-07-06 00:00:00, 0.5
10.0, 18.8, 230.0, 39.0, 1988-07-07 00:00:00, 0.5
40.0, 21.4, 320.0, 45.0, 1988-07-08 00:00:00, 0.0
0.0, 14.9, 0.0, 72.0, 1988-07-09 00:00:00, 0.2
17.0, 19.7, 50.0, 51.0, 1988-07-10 00:00:00, 0.0
0.0, 14.9, 0.0, 86.0, 1988-07-11 00:00:00, 3.8
4.0, 11.6, 230.0, 86.0, 1988-07-12 00:00:00, 23.6
8.0, 12.3, 230.0, 71.0, 1988-07-13 00:00:00, 0.2
13.0, 13.0, 180.0, 61.0, 1988-07-14 00:00:00, 0.0
15.0, 12.1, 230.0, 68.0, 1988-07-15 00:00:00, 0.0
15.0, 13.9, 180.0, 54.0, 1988-07-16 00:00:00, 0.0
15.0, 18.3, 230.0, 50.0, 1988-07-17 00:00:00, 0.0
2.0, 22.6, 140.0, 37.0, 1988-07-18 00:00:00, 0.0
4.0, 25.3, 230.0, 33.0, 1988-07-19 00:00:00, 0.0
0.0, 25.9, 0.0, 31.0, 1988-07-20 00:00:00, 0.0
13.0, 19.8, 230.0, 37.0, 1988-07-21 00:00:00, 0.0
25.0, 13.2, 180.0, 45.0, 1988-07-22 00:00:00, 0.5
17.0, 13.1, 230.0, 52.0, 1988-07-23 00:00:00, 0.0
16.0, 15.5, 180.0, 58.0, 1988-07-24 00:00:00, 0.0
19.0, 18.4, 230.0, 43.0, 1988-07-25 00:00:00, 0.0
19.0, 15.9, 140.0, 46.0, 1988-07-26 00:00:00, 0.0
7.0, 16.1, 230.0, 42.0, 1988-07-27 00:00:00, 0.2
1.0, 18.5, 140.0, 38.0, 1988-07-28 00:00:00, 0.0
18.0, 17.4, 180.0, 46.0, 1988-07-29 00:00:00, 0.0
17.0, 14.8, 230.0, 43.0, 1988-07-30 00:00:00, 0.5
2.0, 15.1, 270.0, 40.0, 1988-07-31 00:00:00, 0.0
0.0, 17.5, 0.0, 49.0, 1988-08-01 00:00:00, 1.0
10.0, 21.9, 180.0, 38.0, 1988-08-02 00:00:00, 0.0
11.0, 21.8, 90.0, 44.0, 1988-08-03 00:00:00, 0.0
19.0, 14.3, 230.0, 43.0, 1988-08-04 00:00:00, 2.7
6.0, 14.2, 320.0, 56.0, 1988-08-05 00:00:00, 0.0
6.0, 12.4, 50.0, 62.0, 1988-08-06 00:00:00, 4.8
17.0, 20.1, 50.0, 32.0, 1988-08-07 00:00:00, 0.0
20.0, 15.9, 140.0, 54.0, 1988-08-08 00:00:00, 0.0
19.0, 14.9, 180.0, 57.0, 1988-08-09 00:00:00, 0.7
1.0, 14.4, 90.0, 80.0, 1988-08-10 00:00:00, 3.0
10.0, 18.7, 90.0, 53.0, 1988-08-11 00:00:00, 5.5
1.0, 16.7, 180.0, 48.0, 1988-08-12 00:00:00, 1.7
4.0, 18.2, 230.0, 50.0, 1988-08-13 00:00:00, 5.0
4.0, 11.1, 0.0, 79.0, 1988-08-14 00:00:00, 5.0
3.0, 12.3, 270.0, 78.0, 1988-08-15 00:00:00, 2.0
4.0, 14.6, 230.0, 67.0, 1988-08-16 00:00:00, 0.0
1.0, 12.1, 140.0, 87.0, 1988-08-17 00:00:00, 4.8
9.0, 14.9, 230.0, 73.0, 1988-08-18 00:00:00, 5.0
12.0, 15.1, 180.0, 65.0, 1988-08-19 00:00:00, 0.2
9.0, 15.1, 230.0, 71.0, 1988-08-20 00:00:00, 15.7
17.0, 15.6, 230.0, 49.0, 1988-08-21 00:00:00, 0.0
14.0, 18.3, 140.0, 44.0, 1988-08-22 00:00:00, 0.0
14.0, 17.5, 140.0, 33.0, 1988-08-23 00:00:00, 0.0
2.0, 18.8, 0.0, 35.0, 1988-08-24 00:00:00, 0.0
5.0, 24.8, 230.0, 27.0, 1988-08-25 00:00:00, 0.0
1.0, 22.7, 90.0, 46.0, 1988-08-26 00:00:00, 0.0
2.0, 20.1, 50.0, 59.0, 1988-08-27 00:00:00, 0.0
2.0, 23.7, 50.0, 36.0, 1988-08-28 00:00:00, 0.0
7.0, 14.4, 50.0, 69.0, 1988-08-29 00:00:00, 0.7
19.0, 15.1, 230.0, 41.0, 1988-08-30 00:00:00, 0.0
18.0, 17.7, 230.0, 36.0, 1988-08-31 00:00:00, 0.0
14.0, 20.5, 180.0, 43.0, 1988-09-01 00:00:00, 0.1
8.0, 24.3, 230.0, 33.0, 1988-09-02 00:00:00, 0.0
1.0, 22.2, 50.0, 52.0, 1988-09-03 00:00:00, 0.0
24.0, 20.9, 50.0, 34.0, 1988-09-04 00:00:00, 0.0
24.0, 20.9, 180.0, 34.0, 1988-09-05 00:00:00, 0.0
18.0, 13.3, 230.0, 35.0, 1988-09-06 00:00:00, 0.0
14.0, 10.0, 180.0, 41.0, 1988-09-07 00:00:00, 0.5
12.0, 8.0, 50.0, 64.0, 1988-09-08 00:00:00, 0.0
1.0, 5.4, 90.0, 78.0, 1988-09-09 00:00:00, 4.5
8.0, 10.9, 180.0, 49.0, 1988-09-10 00:00:00, 0.2
12.0, 15.7, 180.0, 51.0, 1988-09-11 00:00:00, 0.0
12.0, 17.7, 180.0, 43.0, 1988-09-12 00:00:00, 0.0
12.0, 20.4, 180.0, 39.0, 1988-09-13 00:00:00, 0.0
4.0, 9.2, 270.0, 83.0, 1988-09-14 00:00:00, 0.2
3.0, 8.4, 180.0, 74.0, 1988-09-15 00:00:00, 9.9
2.0, 7.1, 180.0, 61.0, 1988-09-16 00:00:00, 3.0
4.0, 9.6, 50.0, 51.0, 1988-09-17 00:00:00, 0.2
5.0, 9.3, 50.0, 54.0, 1988-09-18 00:00:00, 0.0
6.0, 6.5, 0.0, 50.0, 1988-09-19 00:00:00, 0.0
15.0, 10.7, 140.0, 47.0, 1988-09-20 00:00:00, 0.0
18.0, 10.2, 180.0, 43.0, 1988-09-21 00:00:00, 0.2
8.0, 8.2, 230.0, 51.0, 1988-09-22 00:00:00, 0.0
12.0, 2.2, 230.0, 81.0, 1988-09-23 00:00:00, 0.2
0.0, 2.4, 0.0, 84.0, 1988-09-24 00:00:00, 5.0
0.0, 5.9, 0.0, 57.0, 1988-09-25 00:00:00, 2.7
0.0, 5.5, 0.0, 65.0, 1988-09-26 00:00:00, 0.0
5.0, 8.6, 140.0, 51.0, 1988-09-27 00:00:00, 0.0
0.0, 7.3, 0.0, 75.0, 1988-09-28 00:00:00, 0.0
16.0, 11.1, 230.0, 47.0, 1988-09-29 00:00:00, 15.4
10.0, 11.0, 0.0, 58.0, 1988-09-30 00:00:00, 1.0
6.0, 15.0, 0.0, 46.0, 1988-10-01 00:00:00, 0.0
