station_observations
wind_speed, temperature, wind_direction, relative_humidity, time, precipitation
10.0, 15.0, 230.0, 25.0, 1981-05-16 00:00:00, 0.2
10.0, 15.0, 140.0, 47.0, 1981-05-17 00:00:00, 0.4
5.0, 15.5, 270.0, 40.0, 1981-05-18 00:00:00, 0.0
0.0, 18.5, 0.0, 38.0, 1981-05-19 00:00:00, 0.4
3.0, 20.0, 320.0, 37.0, 1981-05-20 00:00:00, 0.0
2.0, 13.5, 320.0, 80.0, 1981-05-21 00:00:00, 2.6
10.0, 14.5, 230.0, 39.0, 1981-05-22 00:00:00, 0.8
10.0, 19.0, 140.0, 42.0, 1981-05-23 00:00:00, 0.0
5.0, 15.0, 180.0, 59.0, 1981-05-24 00:00:00, 0.4
5.0, 13.0, 180.0, 90.0, 1981-05-25 00:00:00, 0.3
15.0, 12.0, 180.0, 60.0, 1981-05-26 00:00:00, 10.8
5.0, 7.5, 180.0, 88.0, 1981-05-27 00:00:00, 1.0
5.0, 16.5, 320.0, 38.0, 1981-05-28 00:00:00, 1.0
10.0, 20.0, 140.0, 34.0, 1981-05-29 00:00:00, 0.0
10.0, 15.0, 270.0, 64.0, 1981-05-30 00:00:00, 4.0
14.0, 16.0, 320.0, 41.0, 1981-05-31 00:00:00, 0.0
7.0, 18.0, 270.0, 31.0, 1981-06-01 00:00:00, 0.0
10.0, 16.0, 270.0, 41.0, 1981-06-02 00:00:00, 0.0
10.0, 13.0, 180.0, 53.0, 1981-06-03 00:00:00, 4.0
15.0, 12.0, 270.0, 47.0, 1981-06-04 00:00:00, 0.4
10.0, 12.5, 140.0, 56.0, 1981-06-05 00:00:00, 0.0
10.0, 11.0, 230.0, 49.0, 1981-06-06 00:00:00, 4.8
10.0, 9.5, 270.0, 42.0, 1981-06-07 00:00:00, 0.0
15.0, 11.0, 140.0, 45.0, 1981-06-08 00:00:00, 0.0
10.0, 14.5, 230.0, 35.0, 1981-06-09 00:00:00, 0.0
10.0, 12.0, 90.0, 56.0, 1981-06-10 00:00:00, 0.0
15.0, 8.0, 180.0, 88.0, 1981-06-11 00:00:00, 12.0
5.0, 9.0, 180.0, 83.0, 1981-06-12 00:00:00, 16.2
4.0, 15.0, 140.0, 51.0, 1981-06-13 00:00:00, 1.4
10.0, 14.5, 270.0, 46.0, 1981-06-14 00:00:00, 1.8
10.0, 14.0, 230.0, 38.0, 1981-06-15 00:00:00, 0.0
8.0, 10.5, 140.0, 58.0, 1981-06-16 00:00:00, 4.6
8.0, 12.0, 320.0, 42.0, 1981-06-17 00:00:00, 0.0
10.0, 14.0, 140.0, 46.0, 1981-06-18 00:00:00, 0.0
15.0, 10.0, 270.0, 73.0, 1981-06-19 00:00:00, 9.2
14.0, 8.5, 320.0, 66.0, 1981-06-20 00:00:00, 0.6
15.0, 13.0, 270.0, 44.0, 1981-06-21 00:00:00, 0.0
10.0, 11.5, 40.0, 55.0, 1981-06-22 00:00:00, 0.0
10.0, 15.5, 320.0, 52.0, 1981-06-23 00:00:00, 1.2
10.0, 14.0, 320.0, 46.0, 1981-06-24 00:00:00, 0.0
10.0, 15.5, 230.0, 44.0, 1981-06-25 00:00:00, 0.0
10.0, 15.0, 270.0, 39.0, 1981-06-26 00:00:00, 1.6
10.0, 14.0, 230.0, 46.0, 1981-06-27 00:00:00, 0.2
10.0, 15.0, 270.0, 39.0, 1981-06-28 00:00:00, 0.0
10.0, 12.5, 270.0, 70.0, 1981-06-29 00:00:00, 7.0
5.0, 14.5, 270.0, 46.0, 1981-06-30 00:00:00, 0.4
10.0, 19.5, 270.0, 40.0, 1981-07-01 00:00:00, 0.0
5.0, 17.0, 270.0, 50.0, 1981-07-02 00:00:00, 0.6
20.0, 14.0, 270.0, 42.0, 1981-07-03 00:00:00, 0.0
10.0, 15.5, 270.0, 33.0, 1981-07-04 00:00:00, 0.0
12.0, 17.0, 270.0, 29.0, 1981-07-05 00:00:00, 0.0
10.0, 15.0, 230.0, 32.0, 1981-07-06 00:00:00, 0.0
15.0, 13.0, 320.0, 44.0, 1981-07-07 00:00:00, 0.0
10.0, 13.5, 320.0, 49.0, 1981-07-08 00:00:00, 0.0
5.0, 15.5, 230.0, 37.0, 1981-07-09 00:00:00, 0.0
5.0, 20.0, 40.0, 28.0, 1981-07-10 00:00:00, 0.0
5.0, 25.0, 180.0, 28.0, 1981-07-11 00:00:00, 0.0
10.0, 25.0, 230.0, 28.0, 1981-07-12 00:00:00, 0.0
5.0, 22.5, 180.0, 44.0, 1981-07-13 00:00:00, 0.0
10.0, 16.5, 40.0, 73.0, 1981-07-14 00:00:00, 28.0
8.0, 21.0, 0.0, 42.0, 1981-07-15 00:00:00, 2.4
5.0, 25.5, 270.0, 36.0, 1981-07-16 00:00:00, 0.0
0.0, 23.5, 0.0, 45.0, 1981-07-17 00:00:00, 0.0
5.0, 28.0, 270.0, 37.0, 1981-07-18 00:00:00, 0.0
10.0, 22.0, 320.0, 53.0, 1981-07-19 00:00:00, 0.0
10.0, 22.0, 0.0, 46.0, 1981-07-20 00:00:00, 0.0
0.0, 16.0, 0.0, 77.0, 1981-07-21 00:00:00, 3.0
5.0, 19.0, 90.0, 63.0, 1981-07-22 00:00:00, 4.6
5.0, 17.0, 90.0, 65.0, 1981-07-23 00:00:00, 14.4
5.0, 21.0, 90.0, 39.0, 1981-07-24 00:00:00, 0.0
15.0, 19.5, 270.0, 64.0, 1981-07-25 00:00:00, 1.6
10.0, 21.0, 270.0, 36.0, 1981-07-26 00:00:00, 0.0
8.0, 20.5, 270.0, 41.0, 1981-07-27 00:00:00, 0.0
10.0, 14.0, 90.0, 81.0, 1981-07-28 00:00:00, 0.8
5.0, 18.5, 90.0, 52.0, 1981-07-29 00:00:00, 0.4
10.0, 19.0, 270.0, 46.0, 1981-07-30 00:00:00, 0.0
10.0, 17.0, 270.0, 50.0, 1981-07-31 00:00:00, 0.0
10.0, 18.5, 270.0, 41.0, 1981-08-01 00:00:00, 0.0
10.0, 18.5, 270.0, 48.0, 1981-08-02 00:00:00, 0.0
5.0, 19.0, 180.0, 53.0, 1981-08-03 00:00:00, 0.0
5.0, 20.0, 230.0, 47.0, 1981-08-04 00:00:00, 0.6
6.0, 19.0, 270.0, 56.0, 1981-08-05 00:00:00, 0.0
5.0, 24.0, 270.0, 34.0, 1981-08-06 00:00:00, 0.0
0.0, 28.5, 0.0, 28.0, 1981-08-07 00:00:00, 0.0
6.0, 30.0, 140.0, 26.0, 1981-08-08 00:00:00, 0.0
5.0, 31.5, 270.0, 22.0, 1981-08-09 00:00:00, 0.0
10.0, 29.0, 270.0, 20.0, 1981-08-10 00:00:00, 0.0
10.0, 28.0, 270.0, 28.0, 1981-08-11 00:00:00, 0.0
7.0, 22.5, 0.0, 24.0, 1981-08-12 00:00:00, 0.0
10.0, 24.5, 270.0, 27.0, 1981-08-13 00:00:00, 0.0
10.0, 25.0, 320.0, 28.0, 1981-08-14 00:00:00, 0.0
15.0, 21.0, 270.0, 33.0, 1981-08-15 00:00:00, 0.0
7.0, 23.0, 270.0, 36.0, 1981-08-16 00:00:00, 0.0
10.0, 23.5, 270.0, 23.0, 1981-08-17 00:00:00, 0.0
6.0, 26.5, 230.0, 28.0, 1981-08-18 00:00:00, 0.0
5.0, 24.0, 230.0, 29.0, 1981-08-19 00:00:00, 0.0
10.0, 20.0, 270.0, 31.0, 1981-08-20 00:00:00, 0.0
10.0, 16.5, 230.0, 46.0, 1981-08-21 00:00:00, 0.0
5.0, 19.0, 270.0, 39.0, 1981-08-22 00:00:00, 0.0
6.0, 15.0, 140.0, 81.0, 1981-08-23 00:00:00, 0.8
6.0, 22.5, 90.0, 44.0, 1981-08-24 00:00:00, 0.2
5.0, 18.0, 180.0, 70.0, 1981-08-25 00:00:00, 3.4
10.0, 17.0, 40.0, 39.0, 1981-08-26 00:00:00, 1.8
5.0, 11.5, 270.0, 64.0, 1981-08-27 00:00:00, 0.6
5.0, 8.0, 230.0, 94.0, 1981-08-28 00:00:00, 2.0
10.0, 13.5, 270.0, 49.0, 1981-08-29 00:00:00, 1.9
7.0, 16.5, 270.0, 46.0, 1981-08-30 00:00:00, 0.0
5.0, 14.5, 230.0, 59.0, 1981-08-31 00:00:00, 0.0
10.0, 12.0, 180.0, 65.0, 1981-09-01 00:00:00, 4.4
5.0, 10.0, 40.0, 78.0, 1981-09-02 00:00:00, 7.6
5.0, 12.5, 270.0, 61.0, 1981-09-03 00:00:00, 1.0
5.0, 15.5, 270.0, 44.0, 1981-09-04 00:00:00, 0.6
10.0, 13.0, 230.0, 61.0, 1981-09-05 00:00:00, 0.0
10.0, 17.0, 270.0, 65.0, 1981-09-06 00:00:00, 2.8
0.0, 22.5, 0.0, 47.0, 1981-09-07 00:00:00, 0.0
0.0, 22.5, 0.0, 50.0, 1981-09-08 00:00:00, 0.0
10.0, 17.0, 270.0, 43.0, 1981-09-09 00:00:00, 0.4
10.0, 14.0, 270.0, 50.0, 1981-09-10 00:00:00, 0.0
5.0, 12.0, 270.0, 51.0, 1981-09-11 00:00:00, 0.8
10.0, 10.5, 320.0, 44.0, 1981-09-12 00:00:00, 0.6
7.0, 12.0, 40.0, 47.0, 1981-09-13 00:00:00, 0.0
5.0, 13.0, 180.0, 48.0, 1981-09-14 00:00:00, 0.0
5.0, 20.0, 180.0, 47.0, 1981-09-15 00:00:00, 0.9
5.0, 20.0, 180.0, 47.0, 1981-09-16 00:00:00, 0.0
5.0, 23.0, 140.0, 39.0, 1981-09-17 00:00:00, 0.0
5.0, 17.5, 270.0, 47.0, 1981-09-18 00:00:00, 0.0
10.0, 10.5, 320.0, 63.0, 1981-09-19 00:00:00, 2.8
5.0, 10.0, 180.0, 58.0, 1981-09-20 00:00:00, 0.4
5.0, 7.0, 90.0, 82.0, 1981-09-21 00:00:00, 1.0
0.0, 5.0, 0.0, 87.0, 1981-09-22 00:00:00, 10.2
5.0, 7.0, 90.0, 88.0, 1981-09-23 00:00:00, 1.8
0.0, 7.5, 0.0, 70.0, 1981-09-24 00:00:00, 3.2
0.0, 8.0, 0.0, 65.0, 1981-09-25 00:00:00, 0.4
10.0, 7.5, 90.0, 70.0, 1981-09-26 00:00:00, 0.0
10.0, 9.5, 140.0, 62.0, 1981-09-27 00:00:00, 0.0
5.0, 8.0, 230.0, 82.0, 1981-09-28 00:00:00, 5.4
5.0, 7.0, 180.0, 70.0, 1981-09-29 00:00:00, 0.8
15.0, 5.5, 140.0, 87.0, 1981-09-30 00:00:00, 15.0
0.0, 0.0, 0.0, 0.0, 1982-05-23 00:00:00, 0.0
10.0, 12.0, 320.0, 51.0, 1982-05-24 00:00:00, 0.8
13.0, 7.0, 270.0, 47.0, 1982-05-25 00:00:00, 0.4
15.0, 10.5, 40.0, 44.0, 1982-05-26 00:00:00, 0.0
5.0, 12.0, 90.0, 42.0, 1982-05-27 00:00:00, 0.0
7.0, 16.5, 320.0, 31.0, 1982-05-28 00:00:00, 0.0
5.0, 19.5, 320.0, 30.0, 1982-05-29 00:00:00, 0.0
10.0, 18.5, 40.0, 41.0, 1982-05-30 00:00:00, 0.0
10.0, 17.0, 40.0, 50.0, 1982-05-31 00:00:00, 4.0
4.0, 18.0, 40.0, 44.0, 1982-06-01 00:00:00, 0.0
5.0, 19.0, 40.0, 46.0, 1982-06-02 00:00:00, 13.8
10.0, 18.5, 230.0, 35.0, 1982-06-03 00:00:00, 1.2
7.0, 13.5, 270.0, 53.0, 1982-06-04 00:00:00, 0.0
10.0, 9.0, 40.0, 56.0, 1982-06-05 00:00:00, 0.3
7.0, 12.5, 40.0, 39.0, 1982-06-06 00:00:00, 0.0
10.0, 17.0, 320.0, 29.0, 1982-06-07 00:00:00, 0.0
12.0, 17.5, 320.0, 43.0, 1982-06-08 00:00:00, 0.0
10.0, 18.0, 320.0, 37.0, 1982-06-09 00:00:00, 0.0
0.0, 19.5, 0.0, 36.0, 1982-06-10 00:00:00, 0.0
12.0, 22.5, 270.0, 24.0, 1982-06-11 00:00:00, 0.0
5.0, 25.5, 140.0, 29.0, 1982-06-12 00:00:00, 0.0
5.0, 19.0, 90.0, 60.0, 1982-06-13 00:00:00, 2.0
10.0, 15.5, 320.0, 48.0, 1982-06-14 00:00:00, 2.4
10.0, 17.0, 320.0, 43.0, 1982-06-15 00:00:00, 0.0
8.0, 21.0, 270.0, 36.0, 1982-06-16 00:00:00, 0.0
10.0, 24.0, 320.0, 32.0, 1982-06-17 00:00:00, 0.0
5.0, 27.0, 140.0, 31.0, 1982-06-18 00:00:00, 0.0
8.0, 27.5, 230.0, 32.0, 1982-06-19 00:00:00, 0.0
10.0, 22.5, 270.0, 35.0, 1982-06-20 00:00:00, 0.0
10.0, 21.0, 320.0, 30.0, 1982-06-21 00:00:00, 0.0
0.0, 21.0, 0.0, 30.0, 1982-06-22 00:00:00, 0.0
5.0, 20.0, 270.0, 44.0, 1982-06-23 00:00:00, 0.0
7.0, 21.0, 40.0, 36.0, 1982-06-24 00:00:00, 1.6
5.0, 23.0, 320.0, 33.0, 1982-06-25 00:00:00, 0.0
5.0, 24.0, 90.0, 37.0, 1982-06-26 00:00:00, 0.0
0.0, 14.5, 0.0, 95.0, 1982-06-27 00:00:00, 15.4
5.0, 19.5, 40.0, 53.0, 1982-06-28 00:00:00, 0.8
7.0, 23.0, 270.0, 33.0, 1982-06-29 00:00:00, 6.8
0.0, 23.0, 0.0, 44.0, 1982-06-30 00:00:00, 0.0
10.0, 18.5, 270.0, 59.0, 1982-07-01 00:00:00, 0.0
5.0, 13.0, 270.0, 95.0, 1982-07-02 00:00:00, 3.0
5.0, 17.0, 270.0, 65.0, 1982-07-03 00:00:00, 0.0
5.0, 14.5, 320.0, 81.0, 1982-07-04 00:00:00, 6.0
0.0, 15.5, 0.0, 81.0, 1982-07-05 00:00:00, 3.4
5.0, 14.0, 180.0, 85.0, 1982-07-06 00:00:00, 2.0
5.0, 17.0, 180.0, 61.0, 1982-07-07 00:00:00, 8.0
5.0, 17.0, 320.0, 50.0, 1982-07-08 00:00:00, 0.0
7.0, 18.0, 270.0, 48.0, 1982-07-09 00:00:00, 0.0
5.0, 18.0, 270.0, 44.0, 1982-07-10 00:00:00, 0.0
5.0, 18.0, 230.0, 48.0, 1982-07-11 00:00:00, 0.8
7.0, 18.5, 320.0, 45.0, 1982-07-12 00:00:00, 0.0
7.0, 20.0, 140.0, 61.0, 1982-07-13 00:00:00, 0.4
0.0, 11.5, 0.0, 95.0, 1982-07-14 00:00:00, 30.2
10.0, 20.0, 40.0, 50.0, 1982-07-15 00:00:00, 11.8
10.0, 19.0, 270.0, 60.0, 1982-07-16 00:00:00, 0.0
10.0, 16.5, 230.0, 57.0, 1982-07-17 00:00:00, 0.0
5.0, 10.0, 270.0, 78.0, 1982-07-18 00:00:00, 0.0
10.0, 14.5, 270.0, 46.0, 1982-07-19 00:00:00, 0.4
5.0, 13.5, 90.0, 58.0, 1982-07-20 00:00:00, 0.0
7.0, 9.0, 270.0, 99.0, 1982-07-21 00:00:00, 10.2
6.0, 16.0, 270.0, 73.0, 1982-07-22 00:00:00, 1.2
8.0, 18.0, 180.0, 59.0, 1982-07-23 00:00:00, 0.0
5.0, 21.5, 180.0, 46.0, 1982-07-24 00:00:00, 0.0
5.0, 24.0, 0.0, 40.0, 1982-07-25 00:00:00, 0.0
7.0, 25.0, 230.0, 36.0, 1982-07-26 00:00:00, 0.8
4.0, 25.0, 40.0, 41.0, 1982-07-27 00:00:00, 0.0
5.0, 28.5, 230.0, 33.0, 1982-07-28 00:00:00, 0.0
10.0, 27.0, 320.0, 33.0, 1982-07-29 00:00:00, 0.0
7.0, 23.0, 230.0, 44.0, 1982-07-30 00:00:00, 0.0
10.0, 24.0, 270.0, 49.0, 1982-07-31 00:00:00, 0.0
5.0, 18.5, 270.0, 56.0, 1982-08-01 00:00:00, 0.0
0.0, 11.0, 0.0, 95.0, 1982-08-02 00:00:00, 7.4
5.0, 14.5, 180.0, 63.0, 1982-08-03 00:00:00, 3.0
7.0, 13.0, 270.0, 61.0, 1982-08-04 00:00:00, 0.0
10.0, 14.5, 180.0, 59.0, 1982-08-05 00:00:00, 0.0
7.0, 15.5, 270.0, 60.0, 1982-08-06 00:00:00, 4.4
5.0, 21.0, 90.0, 42.0, 1982-08-07 00:00:00, 0.0
2.0, 25.5, 40.0, 42.0, 1982-08-08 00:00:00, 0.0
5.0, 22.5, 270.0, 38.0, 1982-08-09 00:00:00, 0.0
10.0, 12.0, 270.0, 90.0, 1982-08-10 00:00:00, 19.7
10.0, 9.0, 270.0, 83.0, 1982-08-11 00:00:00, 2.2
10.0, 9.5, 270.0, 72.0, 1982-08-12 00:00:00, 0.4
5.0, 13.5, 270.0, 58.0, 1982-08-13 00:00:00, 0.0
0.0, 12.0, 0.0, 74.0, 1982-08-14 00:00:00, 5.3
5.0, 16.5, 270.0, 73.0, 1982-08-15 00:00:00, 9.6
0.0, 12.5, 0.0, 99.0, 1982-08-16 00:00:00, 16.2
10.0, 13.5, 270.0, 66.0, 1982-08-17 00:00:00, 0.6
12.0, 13.5, 230.0, 53.0, 1982-08-18 00:00:00, 0.0
5.0, 16.0, 180.0, 49.0, 1982-08-19 00:00:00, 0.0
3.0, 19.0, 90.0, 46.0, 1982-08-20 00:00:00, 0.0
7.0, 18.5, 0.0, 45.0, 1982-08-21 00:00:00, 0.0
8.0, 18.0, 270.0, 48.0, 1982-08-22 00:00:00, 0.0
8.0, 19.0, 320.0, 46.0, 1982-08-23 00:00:00, 0.0
8.0, 20.5, 0.0, 51.0, 1982-08-24 00:00:00, 0.0
5.0, 18.0, 320.0, 51.0, 1982-08-25 00:00:00, 0.0
3.0, 8.0, 40.0, 94.0, 1982-08-26 00:00:00, 10.0
10.0, 13.0, 270.0, 61.0, 1982-08-27 00:00:00, 3.4
10.0, 12.5, 270.0, 61.0, 1982-08-28 00:00:00, 0.0
0.0, 10.0, 0.0, 78.0, 1982-08-29 00:00:00, 1.0
7.0, 10.0, 180.0, 89.0, 1982-08-30 00:00:00, 1.0
8.0, 11.0, 270.0, 74.0, 1982-08-31 00:00:00, 0.0
3.0, 13.0, 0.0, 95.0, 1982-09-01 00:00:00, 3.2
7.0, 17.5, 0.0, 58.0, 1982-09-02 00:00:00, 0.0
3.0, 16.5, 0.0, 49.0, 1982-09-03 00:00:00, 0.0
10.0, 12.5, 0.0, 65.0, 1982-09-04 00:00:00, 0.0
5.0, 14.5, 0.0, 67.0, 1982-09-05 00:00:00, 1.8
8.0, 12.0, 0.0, 90.0, 1982-09-06 00:00:00, 9.0
3.0, 10.0, 0.0, 89.0, 1982-09-07 00:00:00, 3.7
5.0, 11.0, 0.0, 89.0, 1982-09-08 00:00:00, 16.0
7.0, 9.5, 0.0, 67.0, 1982-09-09 00:00:00, 1.6
15.0, 10.0, 0.0, 58.0, 1982-09-10 00:00:00, 1.4
5.0, 7.0, 0.0, 82.0, 1982-09-11 00:00:00, 3.6
5.0, 9.5, 0.0, 67.0, 1982-09-12 00:00:00, 2.0
3.0, 9.5, 0.0, 83.0, 1982-09-13 00:00:00, 0.0
7.0, 13.5, 0.0, 58.0, 1982-09-14 00:00:00, 0.0
5.0, 17.0, 0.0, 58.0, 1982-09-15 00:00:00, 0.0
10.0, 18.0, 0.0, 62.0, 1982-09-16 00:00:00, 0.0
5.0, 18.0, 0.0, 66.0, 1982-09-17 00:00:00, 0.0
5.0, 18.5, 0.0, 45.0, 1982-09-18 00:00:00, 0.0
0.0, 19.0, 0.0, 60.0, 1982-09-19 00:00:00, 0.0
3.0, 19.5, 0.0, 57.0, 1982-09-20 00:00:00, 0.0
0.0, 18.5, 0.0, 56.0, 1982-09-21 00:00:00, 0.0
7.0, 15.0, 0.0, 55.0, 1982-09-22 00:00:00, 0.0
7.0, 13.5, 0.0, 62.0, 1982-09-23 00:00:00, 0.0
0.0, 13.5, 0.0, 71.0, 1982-09-24 00:00:00, 0.0
3.0, 13.0, 0.0, 75.0, 1982-09-25 00:00:00, 0.0
5.0, 12.0, 0.0, 70.0, 1982-09-26 00:00:00, 0.0
5.0, 11.5, 0.0, 69.0, 1982-09-27 00:00:00, 0.8
7.0, 9.5, 0.0, 62.0, 1982-09-28 00:00:00, 1.6
5.0, 8.5, 0.0, 61.0, 1982-09-29 00:00:00, 0.0
10.0, 10.5, 0.0, 63.0, 1982-09-30 00:00:00, 0.0
0.0, 0.0, 0.0, 0.0, 1983-05-08 00:00:00, 0.0
7.0, 6.5, 90.0, 69.0, 1983-05-09 00:00:00, 3.2
3.0, 9.5, 180.0, 52.0, 1983-05-10 00:00:00, 0.4
3.0, 11.5, 90.0, 46.0, 1983-05-11 00:00:00, 0.0
0.0, 13.0, 0.0, 44.0, 1983-05-12 00:00:00, 0.0
15.0, 12.0, 90.0, 51.0, 1983-05-13 00:00:00, 0.0
10.0, 10.0, 40.0, 63.0, 1983-05-14 00:00:00, 0.6
10.0, 15.0, 320.0, 47.0, 1983-05-15 00:00:00, 0.0
10.0, 14.0, 320.0, 42.0, 1983-05-16 00:00:00, 0.0
12.0, 9.5, 270.0, 52.0, 1983-05-17 00:00:00, 0.0
15.0, 9.5, 320.0, 52.0, 1983-05-18 00:00:00, 1.2
10.0, 10.5, 320.0, 63.0, 1983-05-19 00:00:00, 0.4
7.0, 8.5, 270.0, 88.0, 1983-05-20 00:00:00, 2.2
10.0, 13.0, 320.0, 53.0, 1983-05-21 00:00:00, 1.6
10.0, 14.5, 320.0, 46.0, 1983-05-22 00:00:00, 0.0
10.0, 13.5, 320.0, 41.0, 1983-05-23 00:00:00, 0.0
10.0, 18.0, 270.0, 37.0, 1983-05-24 00:00:00, 0.0
10.0, 11.5, 320.0, 50.0, 1983-05-25 00:00:00, 0.4
6.0, 10.5, 320.0, 44.0, 1983-05-26 00:00:00, 0.6
5.0, 19.0, 140.0, 39.0, 1983-05-27 00:00:00, 0.0
5.0, 26.0, 140.0, 34.0, 1983-05-28 00:00:00, 0.0
3.0, 30.5, 180.0, 25.0, 1983-05-29 00:00:00, 0.0
7.0, 30.0, 140.0, 24.0, 1983-05-30 00:00:00, 0.0
7.0, 28.0, 140.0, 30.0, 1983-05-31 00:00:00, 0.0
10.0, 15.5, 90.0, 52.0, 1983-06-01 00:00:00, 0.6
3.0, 13.0, 90.0, 53.0, 1983-06-02 00:00:00, 0.0
7.0, 8.5, 270.0, 94.0, 1983-06-03 00:00:00, 8.6
10.0, 10.5, 270.0, 53.0, 1983-06-04 00:00:00, 0.0
3.0, 8.0, 270.0, 88.0, 1983-06-05 00:00:00, 0.4
10.0, 9.5, 320.0, 62.0, 1983-06-06 00:00:00, 2.4
8.0, 17.0, 230.0, 46.0, 1983-06-07 00:00:00, 0.0
5.0, 16.0, 270.0, 56.0, 1983-06-08 00:00:00, 0.0
5.0, 13.0, 270.0, 53.0, 1983-06-09 00:00:00, 2.0
10.0, 10.0, 270.0, 68.0, 1983-06-10 00:00:00, 1.8
5.0, 8.5, 270.0, 94.0, 1983-06-11 00:00:00, 1.6
7.0, 14.0, 270.0, 67.0, 1983-06-12 00:00:00, 2.2
7.0, 16.5, 180.0, 53.0, 1983-06-13 00:00:00, 0.6
10.0, 19.0, 140.0, 53.0, 1983-06-14 00:00:00, 0.0
10.0, 14.5, 270.0, 50.0, 1983-06-15 00:00:00, 0.0
7.0, 11.0, 320.0, 69.0, 1983-06-16 00:00:00, 0.0
0.0, 9.5, 0.0, 83.0, 1983-06-17 00:00:00, 2.0
4.0, 10.5, 0.0, 89.0, 1983-06-18 00:00:00, 4.0
5.0, 8.5, 270.0, 99.0, 1983-06-19 00:00:00, 20.0
5.0, 12.5, 0.0, 80.0, 1983-06-20 00:00:00, 7.8
5.0, 17.0, 230.0, 58.0, 1983-06-21 00:00:00, 0.0
7.0, 17.0, 40.0, 65.0, 1983-06-22 00:00:00, 0.2
7.0, 19.0, 90.0, 46.0, 1983-06-23 00:00:00, 2.0
5.0, 11.0, 90.0, 99.0, 1983-06-24 00:00:00, 4.8
0.0, 8.5, 0.0, 99.0, 1983-06-25 00:00:00, 8.2
0.0, 15.0, 0.0, 72.0, 1983-06-26 00:00:00, 1.4
7.0, 17.0, 180.0, 65.0, 1983-06-27 00:00:00, 4.4
0.0, 20.5, 0.0, 44.0, 1983-06-28 00:00:00, 0.0
0.0, 12.5, 0.0, 80.0, 1983-06-29 00:00:00, 3.2
0.0, 11.5, 0.0, 95.0, 1983-06-30 00:00:00, 11.0
5.0, 17.0, 270.0, 50.0, 1983-07-01 00:00:00, 0.8
5.0, 14.0, 40.0, 81.0, 1983-07-02 00:00:00, 4.2
5.0, 14.0, 270.0, 90.0, 1983-07-03 00:00:00, 18.0
10.0, 16.0, 230.0, 56.0, 1983-07-04 00:00:00, 0.4
7.0, 12.0, 270.0, 74.0, 1983-07-05 00:00:00, 4.4
10.0, 17.0, 90.0, 50.0, 1983-07-06 00:00:00, 1.0
5.0, 12.0, 270.0, 70.0, 1983-07-07 00:00:00, 28.6
7.0, 16.0, 320.0, 53.0, 1983-07-08 00:00:00, 1.0
17.0, 13.0, 270.0, 61.0, 1983-07-09 00:00:00, 0.8
7.0, 12.0, 230.0, 70.0, 1983-07-10 00:00:00, 2.8
5.0, 11.0, 270.0, 89.0, 1983-07-11 00:00:00, 6.0
10.0, 13.0, 270.0, 57.0, 1983-07-12 00:00:00, 0.8
10.0, 9.5, 0.0, 83.0, 1983-07-13 00:00:00, 1.6
0.0, 13.0, 0.0, 90.0, 1983-07-14 00:00:00, 13.2
7.0, 18.0, 40.0, 51.0, 1983-07-15 00:00:00, 1.0
0.0, 17.0, 0.0, 54.0, 1983-07-16 00:00:00, 0.3
0.0, 18.0, 0.0, 74.0, 1983-07-17 00:00:00, 5.4
8.0, 20.0, 270.0, 50.0, 1983-07-18 00:00:00, 16.6
6.0, 22.5, 180.0, 44.0, 1983-07-19 00:00:00, 0.0
3.0, 18.5, 90.0, 71.0, 1983-07-20 00:00:00, 0.4
9.0, 14.0, 270.0, 76.0, 1983-07-21 00:00:00, 10.6
7.0, 17.0, 230.0, 58.0, 1983-07-22 00:00:00, 0.4
5.0, 15.0, 90.0, 64.0, 1983-07-23 00:00:00, 0.4
5.0, 18.0, 90.0, 62.0, 1983-07-24 00:00:00, 2.4
0.0, 14.0, 0.0, 81.0, 1983-07-25 00:00:00, 1.2
7.0, 11.0, 270.0, 74.0, 1983-07-26 00:00:00, 0.2
5.0, 13.0, 180.0, 80.0, 1983-07-27 00:00:00, 0.0
5.0, 17.0, 270.0, 58.0, 1983-07-28 00:00:00, 3.0
10.0, 16.0, 270.0, 56.0, 1983-07-29 00:00:00, 1.2
10.0, 21.5, 140.0, 52.0, 1983-07-30 00:00:00, 0.0
10.0, 21.5, 320.0, 39.0, 1983-07-31 00:00:00, 0.0
3.0, 14.0, 270.0, 62.0, 1983-08-01 00:00:00, 0.0
5.0, 17.0, 180.0, 70.0, 1983-08-02 00:00:00, 1.6
13.0, 15.5, 270.0, 52.0, 1983-08-03 00:00:00, 6.6
3.0, 15.0, 320.0, 51.0, 1983-08-04 00:00:00, 0.0
7.0, 18.0, 270.0, 48.0, 1983-08-05 00:00:00, 0.0
7.0, 13.0, 270.0, 71.0, 1983-08-06 00:00:00, 0.6
5.0, 16.5, 230.0, 53.0, 1983-08-07 00:00:00, 0.6
5.0, 21.0, 320.0, 48.0, 1983-08-08 00:00:00, 0.0
7.0, 24.5, 270.0, 32.0, 1983-08-09 00:00:00, 0.0
5.0, 23.0, 230.0, 57.0, 1983-08-10 00:00:00, 0.0
10.0, 16.0, 320.0, 56.0, 1983-08-11 00:00:00, 0.0
10.0, 13.5, 320.0, 58.0, 1983-08-12 00:00:00, 0.4
7.0, 15.0, 270.0, 55.0, 1983-08-13 00:00:00, 0.6
15.0, 14.0, 270.0, 54.0, 1983-08-14 00:00:00, 0.0
7.0, 12.5, 270.0, 65.0, 1983-08-15 00:00:00, 0.0
5.0, 12.0, 230.0, 84.0, 1983-08-16 00:00:00, 4.2
18.0, 12.5, 320.0, 52.0, 1983-08-17 00:00:00, 3.4
0.0, 11.5, 0.0, 60.0, 1983-08-18 00:00:00, 0.0
5.0, 10.5, 230.0, 84.0, 1983-08-19 00:00:00, 4.2
10.0, 12.0, 320.0, 60.0, 1983-08-20 00:00:00, 2.0
7.0, 16.5, 270.0, 53.0, 1983-08-21 00:00:00, 0.0
3.0, 18.5, 270.0, 48.0, 1983-08-22 00:00:00, 0.0
7.0, 19.5, 270.0, 43.0, 1983-08-23 00:00:00, 0.0
3.0, 16.5, 320.0, 49.0, 1983-08-24 00:00:00, 0.0
0.0, 17.0, 0.0, 54.0, 1983-08-25 00:00:00, 0.0
5.0, 17.0, 270.0, 50.0, 1983-08-26 00:00:00, 0.0
10.0, 16.5, 140.0, 57.0, 1983-08-27 00:00:00, 2.2
5.0, 16.5, 90.0, 61.0, 1983-08-28 00:00:00, 0.0
3.0, 15.0, 270.0, 77.0, 1983-08-29 00:00:00, 0.4
5.0, 18.5, 180.0, 56.0, 1983-08-30 00:00:00, 0.0
5.0, 17.0, 320.0, 54.0, 1983-08-31 00:00:00, 0.0
0.0, 14.0, 0.0, 62.0, 1983-09-01 00:00:00, 0.0
7.0, 10.5, 0.0, 94.0, 1983-09-02 00:00:00, 1.8
7.0, 14.0, 0.0, 62.0, 1983-09-03 00:00:00, 5.8
10.0, 11.5, 0.0, 64.0, 1983-09-04 00:00:00, 2.6
15.0, 9.5, 0.0, 52.0, 1983-09-05 00:00:00, 0.0
10.0, 6.5, 0.0, 99.0, 1983-09-06 00:00:00, 10.0
5.0, 7.5, 0.0, 76.0, 1983-09-07 00:00:00, 3.2
5.0, 5.5, 0.0, 87.0, 1983-09-08 00:00:00, 0.4
5.0, 8.5, 0.0, 61.0, 1983-09-09 00:00:00, 1.2
10.0, 11.0, 0.0, 59.0, 1983-09-10 00:00:00, 0.0
5.0, 10.0, 0.0, 73.0, 1983-09-11 00:00:00, 0.0
5.0, 9.5, 0.0, 94.0, 1983-09-12 00:00:00, 2.8
5.0, 9.5, 0.0, 99.0, 1983-09-13 00:00:00, 15.2
7.0, 10.0, 0.0, 63.0, 1983-09-14 00:00:00, 3.6
7.0, 8.5, 0.0, 66.0, 1983-09-15 00:00:00, 0.4
0.0, 5.5, 0.0, 87.0, 1983-09-16 00:00:00, 3.8
5.0, 4.0, 0.0, 73.0, 1983-09-17 00:00:00, 3.4
5.0, 6.5, 0.0, 63.0, 1983-09-18 00:00:00, 0.4
10.0, 8.0, 0.0, 54.0, 1983-09-19 00:00:00, 0.6
7.0, 9.0, 0.0, 83.0, 1983-09-20 00:00:00, 0.4
10.0, 15.5, 0.0, 60.0, 1983-09-21 00:00:00, 0.0
5.0, 15.0, 0.0, 64.0, 1983-09-22 00:00:00, 0.0
10.0, 11.0, 0.0, 59.0, 1983-09-23 00:00:00, 0.0
5.0, 8.0, 0.0, 99.0, 1983-09-24 00:00:00, 3.4
10.0, 10.5, 0.0, 68.0, 1983-09-25 00:00:00, 0.8
10.0, 6.5, 0.0, 58.0, 1983-09-26 00:00:00, 3.8
0.0, 0.0, 0.0, 70.0, 1983-09-27 00:00:00, 0.8
5.0, 3.5, 0.0, 52.0, 1983-09-28 00:00:00, 0.0
5.0, 5.0, 0.0, 49.0, 1983-09-29 00:00:00, 0.0
7.0, 8.0, 0.0, 54.0, 1983-09-30 00:00:00, 0.0
0.0, 0.0, 0.0, 0.0, 1984-05-14 00:00:00, 0.0
2.0, 5.0, 320.0, 93.0, 1984-05-15 00:00:00, 13.1
5.0, 7.0, 320.0, 76.0, 1984-05-16 00:00:00, 2.7
10.0, 9.5, 270.0, 52.0, 1984-05-17 00:00:00, 3.7
0.0, 6.0, 0.0, 87.0, 1984-05-18 00:00:00, 0.7
7.0, 5.0, 140.0, 99.0, 1984-05-19 00:00:00, 8.4
3.0, 5.0, 230.0, 74.0, 1984-05-20 00:00:00, 6.9
9.0, 7.5, 230.0, 48.0, 1984-05-21 00:00:00, 0.0
12.0, 9.5, 180.0, 47.0, 1984-05-22 00:00:00, 0.0
8.0, 5.5, 180.0, 81.0, 1984-05-23 00:00:00, 8.8
10.0, 8.5, 320.0, 50.0, 1984-05-24 00:00:00, 0.2
5.0, 10.5, 230.0, 44.0, 1984-05-25 00:00:00, 0.4
3.0, 9.0, 270.0, 56.0, 1984-05-26 00:00:00, 0.2
5.0, 12.5, 270.0, 39.0, 1984-05-27 00:00:00, 0.0
3.0, 6.5, 230.0, 94.0, 1984-05-28 00:00:00, 1.6
7.0, 12.0, 320.0, 51.0, 1984-05-29 00:00:00, 1.2
12.0, 9.0, 320.0, 46.0, 1984-05-30 00:00:00, 1.4
15.0, 11.0, 320.0, 59.0, 1984-05-31 00:00:00, 2.4
10.0, 13.5, 320.0, 45.0, 1984-06-01 00:00:00, 0.0
7.0, 9.5, 270.0, 57.0, 1984-06-02 00:00:00, 0.0
7.0, 10.5, 230.0, 53.0, 1984-06-03 00:00:00, 0.0
5.0, 9.0, 180.0, 94.0, 1984-06-04 00:00:00, 5.8
0.0, 9.5, 0.0, 94.0, 1984-06-05 00:00:00, 8.0
5.0, 10.0, 40.0, 89.0, 1984-06-06 00:00:00, 7.4
3.0, 12.5, 90.0, 75.0, 1984-06-07 00:00:00, 0.0
5.0, 12.5, 270.0, 80.0, 1984-06-08 00:00:00, 3.4
7.0, 16.0, 90.0, 53.0, 1984-06-09 00:00:00, 3.6
7.0, 19.0, 270.0, 46.0, 1984-06-10 00:00:00, 0.0
5.0, 19.5, 270.0, 46.0, 1984-06-11 00:00:00, 0.0
3.0, 19.0, 270.0, 49.0, 1984-06-12 00:00:00, 0.6
10.0, 17.5, 230.0, 33.0, 1984-06-13 00:00:00, 0.0
10.0, 15.5, 270.0, 48.0, 1984-06-14 00:00:00, 0.0
8.0, 13.5, 320.0, 45.0, 1984-06-15 00:00:00, 0.0
7.0, 9.0, 270.0, 61.0, 1984-06-16 00:00:00, 0.4
5.0, 9.0, 270.0, 56.0, 1984-06-17 00:00:00, 1.0
10.0, 11.0, 270.0, 59.0, 1984-06-18 00:00:00, 0.2
3.0, 9.0, 90.0, 77.0, 1984-06-19 00:00:00, 10.6
0.0, 12.5, 0.0, 85.0, 1984-06-20 00:00:00, 1.4
10.0, 16.5, 180.0, 57.0, 1984-06-21 00:00:00, 1.4
7.0, 20.0, 230.0, 50.0, 1984-06-22 00:00:00, 15.4
3.0, 15.5, 270.0, 64.0, 1984-06-23 00:00:00, 0.4
5.0, 14.5, 320.0, 59.0, 1984-06-24 00:00:00, 17.6
7.0, 14.5, 270.0, 55.0, 1984-06-25 00:00:00, 1.4
3.0, 11.5, 270.0, 79.0, 1984-06-26 00:00:00, 2.2
2.0, 3.0, 180.0, 99.0, 1984-06-27 00:00:00, 13.2
5.0, 10.5, 230.0, 58.0, 1984-06-28 00:00:00, 2.6
7.0, 6.0, 320.0, 94.0, 1984-06-29 00:00:00, 5.0
10.0, 11.0, 320.0, 59.0, 1984-06-30 00:00:00, 1.8
10.0, 11.0, 230.0, 74.0, 1984-07-01 00:00:00, 2.4
12.0, 12.5, 320.0, 56.0, 1984-07-02 00:00:00, 0.4
5.0, 15.5, 270.0, 52.0, 1984-07-03 00:00:00, 0.0
5.0, 15.5, 180.0, 60.0, 1984-07-04 00:00:00, 4.6
5.0, 10.0, 270.0, 78.0, 1984-07-05 00:00:00, 4.4
5.0, 9.0, 230.0, 77.0, 1984-07-06 00:00:00, 0.6
7.0, 12.5, 270.0, 75.0, 1984-07-07 00:00:00, 0.4
10.0, 13.5, 270.0, 62.0, 1984-07-08 00:00:00, 0.0
5.0, 14.0, 270.0, 58.0, 1984-07-09 00:00:00, 0.0
7.0, 15.0, 270.0, 51.0, 1984-07-10 00:00:00, 0.0
10.0, 17.5, 270.0, 43.0, 1984-07-11 00:00:00, 0.0
12.0, 15.5, 270.0, 52.0, 1984-07-12 00:00:00, 0.0
15.0, 16.0, 270.0, 49.0, 1984-07-13 00:00:00, 0.0
10.0, 17.5, 270.0, 43.0, 1984-07-14 00:00:00, 0.0
10.0, 17.0, 320.0, 50.0, 1984-07-15 00:00:00, 0.0
10.0, 20.5, 320.0, 51.0, 1984-07-16 00:00:00, 0.0
7.0, 14.5, 270.0, 39.0, 1984-07-17 00:00:00, 0.0
10.0, 12.0, 270.0, 51.0, 1984-07-18 00:00:00, 0.0
10.0, 11.5, 270.0, 60.0, 1984-07-19 00:00:00, 0.0
7.0, 9.5, 270.0, 78.0, 1984-07-20 00:00:00, 0.6
3.0, 16.0, 270.0, 56.0, 1984-07-21 00:00:00, 0.0
0.0, 19.0, 0.0, 53.0, 1984-07-22 00:00:00, 2.4
5.0, 24.0, 180.0, 40.0, 1984-07-23 00:00:00, 0.0
3.0, 26.0, 180.0, 34.0, 1984-07-24 00:00:00, 0.0
5.0, 28.0, 230.0, 30.0, 1984-07-25 00:00:00, 0.0
10.0, 25.0, 230.0, 41.0, 1984-07-26 00:00:00, 0.0
10.0, 17.5, 270.0, 51.0, 1984-07-27 00:00:00, 15.2
5.0, 20.0, 230.0, 47.0, 1984-07-28 00:00:00, 0.0
4.0, 21.5, 270.0, 42.0, 1984-07-29 00:00:00, 0.0
2.0, 25.0, 180.0, 41.0, 1984-07-30 00:00:00, 0.0
5.0, 24.0, 270.0, 46.0, 1984-07-31 00:00:00, 5.2
0.0, 23.0, 0.0, 39.0, 1984-08-01 00:00:00, 0.0
30.0, 24.0, 180.0, 46.0, 1984-08-02 00:00:00, 0.0
5.0, 23.0, 140.0, 60.0, 1984-08-03 00:00:00, 6.2
3.0, 20.5, 180.0, 58.0, 1984-08-04 00:00:00, 0.4
0.0, 22.5, 0.0, 53.0, 1984-08-05 00:00:00, 0.0
8.0, 15.0, 230.0, 64.0, 1984-08-06 00:00:00, 5.4
10.0, 16.0, 270.0, 56.0, 1984-08-07 00:00:00, 0.0
10.0, 22.0, 180.0, 56.0, 1984-08-08 00:00:00, 0.0
7.0, 17.0, 230.0, 46.0, 1984-08-09 00:00:00, 0.8
10.0, 15.5, 230.0, 52.0, 1984-08-10 00:00:00, 0.0
5.0, 18.0, 270.0, 48.0, 1984-08-11 00:00:00, 0.0
10.0, 19.0, 270.0, 42.0, 1984-08-12 00:00:00, 0.0
10.0, 15.5, 270.0, 60.0, 1984-08-13 00:00:00, 0.0
0.0, 11.5, 0.0, 99.0, 1984-08-14 00:00:00, 4.4
0.0, 14.0, 0.0, 71.0, 1984-08-15 00:00:00, 1.6
0.0, 18.0, 0.0, 50.0, 1984-08-16 00:00:00, 0.0
5.0, 16.5, 180.0, 69.0, 1984-08-17 00:00:00, 0.4
10.0, 12.5, 270.0, 61.0, 1984-08-18 00:00:00, 0.0
5.0, 11.5, 320.0, 69.0, 1984-08-19 00:00:00, 2.0
3.0, 16.5, 230.0, 53.0, 1984-08-20 00:00:00, 0.2
5.0, 19.0, 180.0, 53.0, 1984-08-21 00:00:00, 0.0
3.0, 14.5, 180.0, 76.0, 1984-08-22 00:00:00, 0.8
7.0, 14.0, 230.0, 62.0, 1984-08-23 00:00:00, 0.8
5.0, 12.5, 270.0, 70.0, 1984-08-24 00:00:00, 0.0
10.0, 9.0, 180.0, 99.0, 1984-08-25 00:00:00, 5.0
5.0, 13.0, 270.0, 80.0, 1984-08-26 00:00:00, 2.8
7.0, 11.0, 320.0, 59.0, 1984-08-27 00:00:00, 2.0
8.0, 6.5, 320.0, 81.0, 1984-08-28 00:00:00, 0.4
5.0, 10.0, 270.0, 58.0, 1984-08-29 00:00:00, 0.4
5.0, 13.0, 230.0, 71.0, 1984-08-30 00:00:00, 2.6
0.0, 9.0, 0.0, 88.0, 1984-08-31 00:00:00, 10.0
10.0, 8.5, 0.0, 71.0, 1984-09-01 00:00:00, 3.6
5.0, 11.5, 0.0, 55.0, 1984-09-02 00:00:00, 0.4
7.0, 15.0, 0.0, 53.0, 1984-09-03 00:00:00, 0.0
3.0, 13.0, 0.0, 71.0, 1984-09-04 00:00:00, 1.8
5.0, 6.5, 0.0, 99.0, 1984-09-05 00:00:00, 15.2
5.0, 10.0, 0.0, 68.0, 1984-09-06 00:00:00, 0.4
3.0, 9.0, 0.0, 77.0, 1984-09-07 00:00:00, 1.2
0.0, 8.0, 0.0, 88.0, 1984-09-08 00:00:00, 11.2
5.0, 11.0, 0.0, 74.0, 1984-09-09 00:00:00, 0.4
4.0, 8.5, 0.0, 88.0, 1984-09-10 00:00:00, 2.8
10.0, 5.5, 0.0, 87.0, 1984-09-11 00:00:00, 13.8
3.0, 7.5, 0.0, 76.0, 1984-09-12 00:00:00, 0.4
5.0, 10.5, 0.0, 73.0, 1984-09-13 00:00:00, 0.6
10.0, 11.0, 0.0, 69.0, 1984-09-14 00:00:00, 0.8
0.0, 12.5, 0.0, 61.0, 1984-09-15 00:00:00, 0.2
10.0, 8.5, 0.0, 94.0, 1984-09-16 00:00:00, 6.8
3.0, 11.5, 0.0, 64.0, 1984-09-17 00:00:00, 0.8
10.0, 12.0, 0.0, 60.0, 1984-09-18 00:00:00, 0.0
0.0, 10.0, 0.0, 68.0, 1984-09-19 00:00:00, 0.6
7.0, 9.0, 0.0, 66.0, 1984-09-20 00:00:00, 0.0
5.0, 6.5, 0.0, 81.0, 1984-09-21 00:00:00, 0.8
20.0, 5.0, 0.0, 55.0, 1984-09-22 00:00:00, 0.0
6.0, 7.0, 0.0, 47.0, 1984-09-23 00:00:00, 0.0
5.0, 4.0, 0.0, 66.0, 1984-09-24 00:00:00, 0.0
3.0, 0.0, 0.0, 99.0, 1984-09-25 00:00:00, 3.2
5.0, 2.0, 0.0, 70.0, 1984-09-26 00:00:00, 0.0
5.0, 6.0, 0.0, 51.0, 1984-09-27 00:00:00, 0.0
5.0, 8.0, 0.0, 49.0, 1984-09-28 00:00:00, 0.0
5.0, 11.0, 0.0, 49.0, 1984-09-29 00:00:00, 0.0
5.0, 9.0, 0.0, 66.0, 1984-09-30 00:00:00, 0.0
0.0, 0.0, 0.0, 0.0, 1985-05-17 00:00:00, 0.0
15.0, 18.5, 320.0, 28.0, 1985-05-18 00:00:00, 0.0
7.0, 19.5, 320.0, 27.0, 1985-05-19 00:00:00, 0.0
10.0, 16.0, 180.0, 34.0, 1985-05-20 00:00:00, 0.0
5.0, 16.0, 180.0, 34.0, 1985-05-21 00:00:00, 0.0
8.0, 15.5, 40.0, 37.0, 1985-05-22 00:00:00, 0.0
5.0, 15.5, 40.0, 44.0, 1985-05-23 00:00:00, 0.0
2.0, 7.5, 140.0, 94.0, 1985-05-24 00:00:00, 4.0
0.0, 11.0, 0.0, 69.0, 1985-05-25 00:00:00, 2.8
0.0, 12.5, 0.0, 65.0, 1985-05-26 00:00:00, 1.0
5.0, 13.5, 90.0, 60.0, 1985-05-27 00:00:00, 6.2
6.0, 13.0, 40.0, 53.0, 1985-05-28 00:00:00, 1.4
10.0, 16.0, 230.0, 37.0, 1985-05-29 00:00:00, 0.4
7.0, 18.0, 230.0, 44.0, 1985-05-30 00:00:00, 0.0
2.0, 18.0, 180.0, 37.0, 1985-05-31 00:00:00, 0.0
7.0, 21.0, 180.0, 30.0, 1985-06-01 00:00:00, 0.0
5.0, 21.5, 140.0, 39.0, 1985-06-02 00:00:00, 0.0
9.0, 21.0, 90.0, 30.0, 1985-06-03 00:00:00, 0.0
5.0, 10.5, 140.0, 89.0, 1985-06-04 00:00:00, 6.8
10.0, 11.5, 140.0, 50.0, 1985-06-05 00:00:00, 1.8
10.0, 12.0, 230.0, 42.0, 1985-06-06 00:00:00, 0.0
0.0, 11.0, 0.0, 54.0, 1985-06-07 00:00:00, 0.0
15.0, 11.0, 230.0, 40.0, 1985-06-08 00:00:00, 0.0
8.0, 8.0, 180.0, 44.0, 1985-06-09 00:00:00, 0.0
10.0, 14.0, 180.0, 38.0, 1985-06-10 00:00:00, 0.0
10.0, 15.5, 180.0, 60.0, 1985-06-11 00:00:00, 0.6
7.0, 12.0, 230.0, 51.0, 1985-06-12 00:00:00, 2.4
8.0, 13.0, 230.0, 57.0, 1985-06-13 00:00:00, 0.6
5.0, 5.5, 180.0, 93.0, 1985-06-14 00:00:00, 2.6
20.0, 8.0, 230.0, 54.0, 1985-06-15 00:00:00, 3.8
10.0, 12.5, 270.0, 31.0, 1985-06-16 00:00:00, 0.0
3.0, 19.0, 180.0, 36.0, 1985-06-17 00:00:00, 0.0
10.0, 23.0, 230.0, 33.0, 1985-06-18 00:00:00, 0.0
10.0, 17.0, 270.0, 36.0, 1985-06-19 00:00:00, 0.0
10.0, 17.5, 230.0, 36.0, 1985-06-20 00:00:00, 0.0
10.0, 10.5, 230.0, 53.0, 1985-06-21 00:00:00, 0.0
10.0, 10.0, 230.0, 50.0, 1985-06-22 00:00:00, 0.0
6.0, 8.5, 230.0, 83.0, 1985-06-23 00:00:00, 2.2
7.0, 16.5, 180.0, 49.0, 1985-06-24 00:00:00, 0.6
7.0, 16.5, 230.0, 46.0, 1985-06-25 00:00:00, 1.6
7.0, 17.5, 230.0, 36.0, 1985-06-26 00:00:00, 0.0
9.0, 11.0, 230.0, 59.0, 1985-06-27 00:00:00, 0.0
10.0, 17.5, 140.0, 43.0, 1985-06-28 00:00:00, 0.0
9.0, 21.0, 140.0, 58.0, 1985-06-29 00:00:00, 5.6
3.0, 14.0, 180.0, 81.0, 1985-06-30 00:00:00, 18.2
10.0, 15.5, 230.0, 44.0, 1985-07-01 00:00:00, 0.4
12.0, 18.5, 270.0, 32.0, 1985-07-02 00:00:00, 0.0
7.0, 22.0, 270.0, 31.0, 1985-07-03 00:00:00, 0.0
0.0, 23.5, 0.0, 36.0, 1985-07-04 00:00:00, 0.0
14.0, 14.5, 230.0, 55.0, 1985-07-05 00:00:00, 10.8
5.0, 12.5, 230.0, 56.0, 1985-07-06 00:00:00, 0.0
7.0, 17.5, 270.0, 51.0, 1985-07-07 00:00:00, 0.0
7.0, 22.5, 230.0, 35.0, 1985-07-08 00:00:00, 0.0
5.0, 25.0, 270.0, 36.0, 1985-07-09 00:00:00, 0.0
15.0, 30.0, 230.0, 44.0, 1985-07-10 00:00:00, 0.0
12.0, 14.5, 230.0, 50.0, 1985-07-11 00:00:00, 0.0
14.0, 14.0, 320.0, 58.0, 1985-07-12 00:00:00, 0.4
10.0, 17.5, 230.0, 47.0, 1985-07-13 00:00:00, 0.4
7.0, 17.0, 230.0, 50.0, 1985-07-14 00:00:00, 0.0
5.0, 19.0, 270.0, 42.0, 1985-07-15 00:00:00, 0.0
2.0, 22.0, 180.0, 37.0, 1985-07-16 00:00:00, 0.0
4.0, 23.0, 180.0, 33.0, 1985-07-17 00:00:00, 0.0
0.0, 23.5, 0.0, 34.0, 1985-07-18 00:00:00, 0.0
5.0, 21.0, 140.0, 48.0, 1985-07-19 00:00:00, 0.0
5.0, 24.5, 270.0, 35.0, 1985-07-20 00:00:00, 0.0
12.0, 20.0, 180.0, 50.0, 1985-07-21 00:00:00, 0.0
10.0, 16.5, 230.0, 49.0, 1985-07-22 00:00:00, 0.0
5.0, 16.5, 230.0, 65.0, 1985-07-23 00:00:00, 0.0
5.0, 15.0, 230.0, 47.0, 1985-07-24 00:00:00, 0.4
7.0, 13.5, 270.0, 53.0, 1985-07-25 00:00:00, 0.0
0.0, 15.0, 0.0, 51.0, 1985-07-26 00:00:00, 2.0
3.0, 21.0, 230.0, 33.0, 1985-07-27 00:00:00, 0.0
5.0, 21.0, 40.0, 39.0, 1985-07-28 00:00:00, 0.0
5.0, 24.0, 140.0, 32.0, 1985-07-29 00:00:00, 0.0
5.0, 25.0, 180.0, 31.0, 1985-07-30 00:00:00, 0.0
5.0, 25.5, 230.0, 29.0, 1985-07-31 00:00:00, 0.0
5.0, 24.5, 180.0, 25.0, 1985-08-01 00:00:00, 0.0
12.0, 20.5, 230.0, 44.0, 1985-08-02 00:00:00, 0.0
4.0, 16.0, 180.0, 56.0, 1985-08-03 00:00:00, 2.4
10.0, 14.5, 230.0, 50.0, 1985-08-04 00:00:00, 0.6
10.0, 17.5, 270.0, 47.0, 1985-08-05 00:00:00, 0.2
5.0, 19.0, 230.0, 42.0, 1985-08-06 00:00:00, 0.0
10.0, 12.5, 90.0, 85.0, 1985-08-07 00:00:00, 13.2
3.0, 18.0, 230.0, 44.0, 1985-08-08 00:00:00, 0.2
7.0, 9.0, 230.0, 88.0, 1985-08-09 00:00:00, 2.2
7.0, 13.0, 230.0, 57.0, 1985-08-10 00:00:00, 1.2
10.0, 17.0, 230.0, 46.0, 1985-08-11 00:00:00, 0.0
12.0, 16.5, 230.0, 28.0, 1985-08-12 00:00:00, 0.0
10.0, 20.5, 270.0, 41.0, 1985-08-13 00:00:00, 0.0
18.0, 22.5, 270.0, 38.0, 1985-08-14 00:00:00, 0.0
5.0, 16.0, 90.0, 41.0, 1985-08-15 00:00:00, 2.8
5.0, 21.0, 180.0, 33.0, 1985-08-16 00:00:00, 0.0
10.0, 20.5, 230.0, 38.0, 1985-08-17 00:00:00, 0.0
5.0, 15.5, 230.0, 37.0, 1985-08-18 00:00:00, 0.0
0.0, 14.5, 0.0, 42.0, 1985-08-19 00:00:00, 0.0
5.0, 16.0, 140.0, 41.0, 1985-08-20 00:00:00, 0.2
5.0, 15.0, 230.0, 47.0, 1985-08-21 00:00:00, 0.0
10.0, 17.5, 230.0, 58.0, 1985-08-22 00:00:00, 0.0
5.0, 16.0, 230.0, 49.0, 1985-08-23 00:00:00, 0.0
10.0, 13.0, 270.0, 53.0, 1985-08-24 00:00:00, 2.6
5.0, 13.5, 230.0, 41.0, 1985-08-25 00:00:00, 0.0
7.0, 15.5, 180.0, 44.0, 1985-08-26 00:00:00, 0.0
5.0, 16.0, 140.0, 45.0, 1985-08-27 00:00:00, 0.0
5.0, 17.5, 140.0, 51.0, 1985-08-28 00:00:00, 0.0
0.0, 15.5, 0.0, 52.0, 1985-08-29 00:00:00, 0.0
0.0, 13.0, 0.0, 61.0, 1985-08-30 00:00:00, 0.8
10.0, 13.0, 230.0, 61.0, 1985-08-31 00:00:00, 9.2
3.0, 13.5, 0.0, 53.0, 1985-09-01 00:00:00, 0.0
10.0, 15.0, 0.0, 59.0, 1985-09-02 00:00:00, 0.0
0.0, 15.5, 0.0, 40.0, 1985-09-03 00:00:00, 0.0
0.0, 9.0, 0.0, 99.0, 1985-09-04 00:00:00, 11.2
15.0, 1.5, 0.0, 99.0, 1985-09-05 00:00:00, 24.0
25.0, 3.0, 0.0, 65.0, 1985-09-06 00:00:00, 1.6
5.0, 6.5, 0.0, 52.0, 1985-09-07 00:00:00, 0.0
5.0, 10.5, 0.0, 44.0, 1985-09-08 00:00:00, 0.0
5.0, 15.5, 0.0, 37.0, 1985-09-09 00:00:00, 0.0
5.0, 14.0, 0.0, 46.0, 1985-09-10 00:00:00, 0.0
3.0, 16.0, 0.0, 49.0, 1985-09-11 00:00:00, 0.0
0.0, 11.0, 0.0, 95.0, 1985-09-12 00:00:00, 4.0
5.0, 9.5, 0.0, 99.0, 1985-09-13 00:00:00, 25.2
0.0, 8.0, 0.0, 99.0, 1985-09-14 00:00:00, 9.8
5.0, 8.0, 0.0, 99.0, 1985-09-15 00:00:00, 2.4
7.0, 10.5, 0.0, 63.0, 1985-09-16 00:00:00, 5.6
5.0, 8.0, 0.0, 65.0, 1985-09-17 00:00:00, 1.6
8.0, 4.5, 0.0, 79.0, 1985-09-18 00:00:00, 2.2
5.0, 7.0, 0.0, 64.0, 1985-09-19 00:00:00, 0.4
3.0, 9.5, 0.0, 89.0, 1985-09-20 00:00:00, 11.6
7.0, 10.5, 0.0, 39.0, 1985-09-21 00:00:00, 0.4
0.0, 7.5, 0.0, 43.0, 1985-09-22 00:00:00, 0.0
5.0, 3.5, 0.0, 93.0, 1985-09-23 00:00:00, 1.8
5.0, 13.0, 0.0, 53.0, 1985-09-24 00:00:00, 0.0
7.0, 11.5, 0.0, 69.0, 1985-09-25 00:00:00, 0.0
5.0, 10.5, 0.0, 44.0, 1985-09-26 00:00:00, 1.8
0.0, 7.0, 0.0, 58.0, 1985-09-27 00:00:00, 0.0
3.0, 7.5, 0.0, 59.0, 1985-09-28 00:00:00, 0.0
0.0, 10.0, 0.0, 58.0, 1985-09-29 00:00:00, 0.0
7.0, 7.0, 0.0, 88.0, 1985-09-30 00:00:00, 1.2
0.0, 0.0, 0.0, 0.0, 1986-05-18 00:00:00, 0.0
5.0, 6.5, 140.0, 94.0, 1986-05-19 00:00:00, 6.8
10.0, 5.5, 230.0, 81.0, 1986-05-20 00:00:00, 13.0
5.0, 8.5, 140.0, 40.0, 1986-05-21 00:00:00, 0.4
10.0, 8.5, 230.0, 50.0, 1986-05-22 00:00:00, 0.0
10.0, 6.0, 140.0, 70.0, 1986-05-23 00:00:00, 0.4
0.0, 8.5, 0.0, 99.0, 1986-05-24 00:00:00, 4.6
5.0, 12.5, 140.0, 90.0, 1986-05-25 00:00:00, 5.6
10.0, 11.0, 230.0, 95.0, 1986-05-26 00:00:00, 3.4
8.0, 14.0, 0.0, 46.0, 1986-05-27 00:00:00, 2.2
5.0, 16.5, 180.0, 42.0, 1986-05-28 00:00:00, 0.0
5.0, 20.0, 180.0, 34.0, 1986-05-29 00:00:00, 0.0
8.0, 16.0, 180.0, 34.0, 1986-05-30 00:00:00, 0.0
12.0, 18.0, 230.0, 27.0, 1986-05-31 00:00:00, 0.0
15.0, 14.5, 230.0, 27.0, 1986-06-01 00:00:00, 0.0
5.0, 14.0, 230.0, 38.0, 1986-06-02 00:00:00, 0.0
5.0, 14.5, 140.0, 31.0, 1986-06-03 00:00:00, 0.0
12.0, 18.5, 140.0, 48.0, 1986-06-04 00:00:00, 0.0
3.0, 22.0, 180.0, 26.0, 1986-06-05 00:00:00, 0.0
7.0, 18.0, 140.0, 48.0, 1986-06-06 00:00:00, 0.0
7.0, 14.0, 230.0, 62.0, 1986-06-07 00:00:00, 0.0
15.0, 13.0, 230.0, 40.0, 1986-06-08 00:00:00, 0.0
5.0, 10.0, 180.0, 73.0, 1986-06-09 00:00:00, 1.2
8.0, 11.0, 180.0, 45.0, 1986-06-10 00:00:00, 1.6
8.0, 11.0, 230.0, 45.0, 1986-06-11 00:00:00, 0.0
10.0, 15.0, 230.0, 32.0, 1986-06-12 00:00:00, 0.0
3.0, 17.5, 180.0, 33.0, 1986-06-13 00:00:00, 0.0
12.0, 18.5, 90.0, 41.0, 1986-06-14 00:00:00, 0.0
3.0, 7.0, 180.0, 99.0, 1986-06-15 00:00:00, 13.8
3.0, 13.0, 180.0, 57.0, 1986-06-16 00:00:00, 0.2
7.0, 14.0, 230.0, 54.0, 1986-06-17 00:00:00, 1.8
5.0, 9.5, 180.0, 83.0, 1986-06-18 00:00:00, 0.2
15.0, 8.5, 230.0, 71.0, 1986-06-19 00:00:00, 2.0
18.0, 13.5, 270.0, 49.0, 1986-06-20 00:00:00, 0.0
5.0, 8.5, 180.0, 94.0, 1986-06-21 00:00:00, 1.2
5.0, 13.0, 180.0, 85.0, 1986-06-22 00:00:00, 5.0
5.0, 12.5, 180.0, 43.0, 1986-06-23 00:00:00, 0.4
12.0, 10.5, 270.0, 49.0, 1986-06-24 00:00:00, 0.0
15.0, 13.0, 270.0, 40.0, 1986-06-25 00:00:00, 0.0
3.0, 17.5, 180.0, 36.0, 1986-06-26 00:00:00, 0.0
5.0, 18.5, 140.0, 41.0, 1986-06-27 00:00:00, 0.0
5.0, 22.5, 140.0, 27.0, 1986-06-28 00:00:00, 0.0
3.0, 25.0, 180.0, 31.0, 1986-06-29 00:00:00, 0.0
3.0, 20.0, 180.0, 50.0, 1986-06-30 00:00:00, 18.0
5.0, 12.0, 180.0, 90.0, 1986-07-01 00:00:00, 2.4
7.0, 12.0, 230.0, 56.0, 1986-07-02 00:00:00, 21.0
12.0, 13.0, 320.0, 53.0, 1986-07-03 00:00:00, 0.0
5.0, 14.5, 230.0, 55.0, 1986-07-04 00:00:00, 1.2
5.0, 18.0, 180.0, 51.0, 1986-07-05 00:00:00, 0.0
5.0, 19.0, 180.0, 58.0, 1986-07-06 00:00:00, 0.0
5.0, 20.0, 180.0, 51.0, 1986-07-07 00:00:00, 2.6
5.0, 20.5, 180.0, 48.0, 1986-07-08 00:00:00, 0.0
5.0, 18.5, 180.0, 59.0, 1986-07-09 00:00:00, 0.0
10.0, 11.5, 180.0, 89.0, 1986-07-10 00:00:00, 0.8
5.0, 16.0, 180.0, 56.0, 1986-07-11 00:00:00, 2.4
10.0, 17.0, 230.0, 54.0, 1986-07-12 00:00:00, 0.0
10.0, 15.0, 230.0, 55.0, 1986-07-13 00:00:00, 0.0
5.0, 12.5, 180.0, 75.0, 1986-07-14 00:00:00, 0.0
5.0, 13.0, 180.0, 85.0, 1986-07-15 00:00:00, 8.5
9.0, 18.0, 90.0, 51.0, 1986-07-16 00:00:00, 0.0
5.0, 13.0, 90.0, 85.0, 1986-07-17 00:00:00, 1.2
10.0, 20.0, 140.0, 47.0, 1986-07-18 00:00:00, 3.0
7.0, 23.0, 230.0, 36.0, 1986-07-19 00:00:00, 0.0
15.0, 24.0, 270.0, 40.0, 1986-07-20 00:00:00, 0.0
8.0, 23.0, 230.0, 36.0, 1986-07-21 00:00:00, 0.0
10.0, 21.0, 230.0, 51.0, 1986-07-22 00:00:00, 0.0
10.0, 16.0, 230.0, 56.0, 1986-07-23 00:00:00, 11.6
15.0, 15.5, 270.0, 48.0, 1986-07-24 00:00:00, 0.0
3.0, 15.0, 180.0, 59.0, 1986-07-25 00:00:00, 0.4
0.0, 11.5, 0.0, 95.0, 1986-07-26 00:00:00, 13.6
5.0, 14.0, 180.0, 58.0, 1986-07-27 00:00:00, 0.6
12.0, 10.5, 230.0, 63.0, 1986-07-28 00:00:00, 0.0
0.0, 11.5, 0.0, 79.0, 1986-07-29 00:00:00, 0.4
5.0, 15.0, 180.0, 64.0, 1986-07-30 00:00:00, 1.0
6.0, 19.0, 180.0, 46.0, 1986-07-31 00:00:00, 0.0
5.0, 19.5, 230.0, 50.0, 1986-08-01 00:00:00, 0.0
5.0, 22.0, 230.0, 43.0, 1986-08-02 00:00:00, 0.0
10.0, 18.5, 270.0, 48.0, 1986-08-03 00:00:00, 0.0
7.0, 18.0, 270.0, 48.0, 1986-08-04 00:00:00, 0.0
10.0, 18.5, 230.0, 48.0, 1986-08-05 00:00:00, 0.0
10.0, 20.5, 270.0, 44.0, 1986-08-06 00:00:00, 0.0
18.0, 21.5, 230.0, 39.0, 1986-08-07 00:00:00, 0.0
6.0, 21.0, 270.0, 36.0, 1986-08-08 00:00:00, 0.0
4.0, 22.5, 140.0, 35.0, 1986-08-09 00:00:00, 0.0
6.0, 25.0, 180.0, 31.0, 1986-08-10 00:00:00, 0.0
12.0, 24.5, 230.0, 27.0, 1986-08-11 00:00:00, 0.0
10.0, 19.0, 320.0, 49.0, 1986-08-12 00:00:00, 0.0
10.0, 19.5, 230.0, 57.0, 1986-08-13 00:00:00, 0.0
12.0, 13.5, 230.0, 41.0, 1986-08-14 00:00:00, 0.0
3.0, 12.0, 230.0, 51.0, 1986-08-15 00:00:00, 0.0
5.0, 15.0, 230.0, 39.0, 1986-08-16 00:00:00, 0.0
7.0, 16.5, 230.0, 46.0, 1986-08-17 00:00:00, 0.0
3.0, 9.0, 180.0, 77.0, 1986-08-18 00:00:00, 5.2
5.0, 15.0, 230.0, 48.0, 1986-08-19 00:00:00, 0.0
10.0, 17.0, 270.0, 36.0, 1986-08-20 00:00:00, 0.0
5.0, 17.0, 180.0, 36.0, 1986-08-21 00:00:00, 0.0
5.0, 19.0, 230.0, 32.0, 1986-08-22 00:00:00, 0.0
10.0, 14.0, 230.0, 54.0, 1986-08-23 00:00:00, 0.0
0.0, 10.5, 0.0, 84.0, 1986-08-24 00:00:00, 2.6
5.0, 15.5, 230.0, 52.0, 1986-08-25 00:00:00, 0.0
3.0, 20.0, 180.0, 47.0, 1986-08-26 00:00:00, 0.0
5.0, 24.5, 230.0, 38.0, 1986-08-27 00:00:00, 0.0
10.0, 23.5, 230.0, 31.0, 1986-08-28 00:00:00, 0.0
20.0, 19.5, 270.0, 43.0, 1986-08-29 00:00:00, 0.0
2.0, 18.0, 180.0, 37.0, 1986-08-30 00:00:00, 0.0
10.0, 17.0, 230.0, 39.0, 1986-08-31 00:00:00, 0.0
0.0, 15.0, 0.0, 72.0, 1986-09-01 00:00:00, 2.6
15.0, 15.0, 230.0, 47.0, 1986-09-02 00:00:00, 0.0
5.0, 13.0, 180.0, 66.0, 1986-09-03 00:00:00, 0.0
13.0, 12.0, 140.0, 70.0, 1986-09-04 00:00:00, 5.0
5.0, 14.5, 140.0, 46.0, 1986-09-05 00:00:00, 1.6
5.0, 14.5, 140.0, 42.0, 1986-09-06 00:00:00, 0.0
10.0, 16.0, 140.0, 37.0, 1986-09-07 00:00:00, 0.0
5.0, 16.5, 140.0, 31.0, 1986-09-08 00:00:00, 0.0
5.0, 12.5, 180.0, 52.0, 1986-09-09 00:00:00, 0.0
10.0, 7.0, 270.0, 64.0, 1986-09-10 00:00:00, 4.6
10.0, 5.0, 90.0, 93.0, 1986-09-11 00:00:00, 2.4
10.0, 6.0, 90.0, 63.0, 1986-09-12 00:00:00, 0.0
10.0, 8.5, 90.0, 50.0, 1986-09-13 00:00:00, 0.0
5.0, 6.0, 90.0, 63.0, 1986-09-14 00:00:00, 0.0
3.0, 5.0, 140.0, 80.0, 1986-09-15 00:00:00, 0.4
5.0, 5.5, 90.0, 81.0, 1986-09-16 00:00:00, 0.0
10.0, 9.0, 40.0, 61.0, 1986-09-17 00:00:00, 0.0
5.0, 12.0, 230.0, 47.0, 1986-09-18 00:00:00, 0.0
0.0, 12.0, 0.0, 51.0, 1986-09-19 00:00:00, 0.0
5.0, 15.0, 90.0, 43.0, 1986-09-20 00:00:00, 0.0
5.0, 15.0, 180.0, 47.0, 1986-09-21 00:00:00, 0.0
0.0, 10.0, 0.0, 94.0, 1986-09-22 00:00:00, 3.6
10.0, 7.0, 180.0, 99.0, 1986-09-23 00:00:00, 28.0
5.0, 7.5, 180.0, 82.0, 1986-09-24 00:00:00, 4.8
0.0, 8.5, 0.0, 77.0, 1986-09-25 00:00:00, 0.2
10.0, 7.6, 0.0, 90.0, 1986-09-26 00:00:00, 3.6
0.0, 8.0, 0.0, 65.0, 1986-09-27 00:00:00, 0.6
0.0, 7.5, 0.0, 88.0, 1986-09-28 00:00:00, 0.4
5.0, 8.0, 180.0, 99.0, 1986-09-29 00:00:00, 10.8
30.0, 9.3, 0.0, 13.0, 1986-09-30 00:00:00, 4.4
0.0, 0.0, 0.0, 0.0, 1987-05-15 00:00:00, 0.0
6.0, 8.0, 230.0, 66.0, 1987-05-16 00:00:00, 0.0
10.0, 7.5, 230.0, 54.0, 1987-05-17 00:00:00, 0.0
10.0, 7.0, 140.0, 64.0, 1987-05-18 00:00:00, 0.0
5.0, 10.0, 230.0, 63.0, 1987-05-19 00:00:00, 0.0
3.0, 13.0, 90.0, 48.0, 1987-05-20 00:00:00, 0.0
7.0, 15.0, 140.0, 32.0, 1987-05-21 00:00:00, 0.0
3.0, 11.0, 140.0, 59.0, 1987-05-22 00:00:00, 0.0
7.0, 16.0, 140.0, 49.0, 1987-05-23 00:00:00, 0.0
7.0, 15.0, 230.0, 39.0, 1987-05-24 00:00:00, 0.6
8.0, 16.0, 230.0, 45.0, 1987-05-25 00:00:00, 0.0
5.0, 16.5, 180.0, 46.0, 1987-05-26 00:00:00, 0.0
5.0, 19.0, 180.0, 39.0, 1987-05-27 00:00:00, 0.0
3.0, 9.5, 180.0, 94.0, 1987-05-28 00:00:00, 7.2
5.0, 11.5, 180.0, 55.0, 1987-05-29 00:00:00, 4.6
10.0, 13.5, 230.0, 58.0, 1987-05-30 00:00:00, 3.0
5.0, 11.0, 230.0, 59.0, 1987-05-31 00:00:00, 5.0
10.0, 9.0, 230.0, 56.0, 1987-06-01 00:00:00, 0.6
10.0, 11.5, 230.0, 50.0, 1987-06-02 00:00:00, 0.6
7.0, 14.5, 230.0, 42.0, 1987-06-03 00:00:00, 0.0
10.0, 19.0, 180.0, 39.0, 1987-06-04 00:00:00, 0.0
20.0, 18.0, 180.0, 59.0, 1987-06-05 00:00:00, 1.6
8.0, 11.0, 230.0, 45.0, 1987-06-06 00:00:00, 4.4
3.0, 18.0, 140.0, 44.0, 1987-06-07 00:00:00, 0.0
8.0, 23.5, 180.0, 34.0, 1987-06-08 00:00:00, 0.0
10.0, 17.0, 230.0, 46.0, 1987-06-09 00:00:00, 1.2
10.0, 9.5, 180.0, 62.0, 1987-06-10 00:00:00, 0.0
12.0, 12.5, 180.0, 75.0, 1987-06-11 00:00:00, 4.8
5.0, 11.5, 180.0, 79.0, 1987-06-12 00:00:00, 13.0
8.0, 13.0, 230.0, 56.0, 1987-06-13 00:00:00, 0.6
5.0, 13.0, 140.0, 48.0, 1987-06-14 00:00:00, 0.0
8.0, 11.5, 230.0, 55.0, 1987-06-15 00:00:00, 0.0
10.0, 13.5, 230.0, 41.0, 1987-06-16 00:00:00, 0.0
8.0, 13.5, 230.0, 49.0, 1987-06-17 00:00:00, 0.0
8.0, 15.5, 230.0, 52.0, 1987-06-18 00:00:00, 0.6
0.0, 18.0, 0.0, 44.0, 1987-06-19 00:00:00, 0.0
20.0, 22.5, 140.0, 44.0, 1987-06-20 00:00:00, 0.2
10.0, 13.0, 230.0, 66.0, 1987-06-21 00:00:00, 11.0
17.0, 11.5, 270.0, 55.0, 1987-06-22 00:00:00, 0.2
10.0, 11.5, 230.0, 50.0, 1987-06-23 00:00:00, 0.4
13.0, 16.5, 270.0, 42.0, 1987-06-24 00:00:00, 0.0
10.0, 18.5, 230.0, 38.0, 1987-06-25 00:00:00, 0.0
7.0, 17.0, 270.0, 50.0, 1987-06-26 00:00:00, 0.0
5.0, 21.5, 140.0, 46.0, 1987-06-27 00:00:00, 0.0
5.0, 24.5, 230.0, 35.0, 1987-06-28 00:00:00, 0.0
5.0, 27.0, 180.0, 31.0, 1987-06-29 00:00:00, 0.0
0.0, 25.0, 0.0, 38.0, 1987-06-30 00:00:00, 0.0
8.0, 27.5, 180.0, 32.0, 1987-07-01 00:00:00, 0.0
12.0, 20.5, 270.0, 35.0, 1987-07-02 00:00:00, 0.0
5.0, 22.0, 180.0, 43.0, 1987-07-03 00:00:00, 0.0
15.0, 16.0, 40.0, 65.0, 1987-07-04 00:00:00, 6.0
8.0, 18.5, 90.0, 52.0, 1987-07-05 00:00:00, 0.0
10.0, 18.5, 230.0, 59.0, 1987-07-06 00:00:00, 0.0
5.0, 13.5, 180.0, 80.0, 1987-07-07 00:00:00, 0.0
0.0, 11.0, 0.0, 99.0, 1987-07-08 00:00:00, 19.0
7.0, 13.5, 140.0, 76.0, 1987-07-09 00:00:00, 19.2
8.0, 18.5, 230.0, 52.0, 1987-07-10 00:00:00, 0.6
10.0, 20.5, 230.0, 44.0, 1987-07-11 00:00:00, 0.6
10.0, 19.6, 270.0, 40.0, 1987-07-12 00:00:00, 0.0
7.0, 18.0, 270.0, 51.0, 1987-07-13 00:00:00, 0.0
12.0, 12.5, 270.0, 47.0, 1987-07-14 00:00:00, 0.0
20.0, 14.0, 270.0, 46.0, 1987-07-15 00:00:00, 0.0
15.0, 17.5, 40.0, 43.0, 1987-07-16 00:00:00, 0.6
5.0, 17.5, 90.0, 51.0, 1987-07-17 00:00:00, 0.0
10.0, 22.0, 90.0, 29.0, 1987-07-18 00:00:00, 0.0
0.0, 23.0, 0.0, 39.0, 1987-07-19 00:00:00, 0.0
0.0, 15.5, 0.0, 77.0, 1987-07-20 00:00:00, 1.0
7.0, 17.0, 270.0, 58.0, 1987-07-21 00:00:00, 2.0
5.0, 24.0, 180.0, 32.0, 1987-07-22 00:00:00, 0.0
15.0, 25.5, 270.0, 31.0, 1987-07-23 00:00:00, 0.0
0.0, 25.0, 0.0, 41.0, 1987-07-24 00:00:00, 0.0
5.0, 20.0, 90.0, 57.0, 1987-07-25 00:00:00, 0.0
5.0, 17.0, 230.0, 70.0, 1987-07-26 00:00:00, 26.4
3.0, 18.0, 180.0, 62.0, 1987-07-27 00:00:00, 2.6
7.0, 19.5, 180.0, 53.0, 1987-07-28 00:00:00, 0.2
7.0, 18.5, 140.0, 52.0, 1987-07-29 00:00:00, 0.0
10.0, 18.0, 230.0, 59.0, 1987-07-30 00:00:00, 0.0
5.0, 15.5, 90.0, 60.0, 1987-07-31 00:00:00, 0.0
10.0, 14.5, 230.0, 76.0, 1987-08-01 00:00:00, 5.2
5.0, 12.0, 90.0, 70.0, 1987-08-02 00:00:00, 2.0
5.0, 17.0, 180.0, 54.0, 1987-08-03 00:00:00, 0.0
7.0, 14.5, 180.0, 81.0, 1987-08-04 00:00:00, 0.4
10.0, 20.5, 230.0, 51.0, 1987-08-05 00:00:00, 3.4
10.0, 20.0, 270.0, 47.0, 1987-08-06 00:00:00, 0.0
10.0, 22.5, 270.0, 44.0, 1987-08-07 00:00:00, 0.0
0.0, 19.0, 0.0, 53.0, 1987-08-08 00:00:00, 0.0
10.0, 13.0, 40.0, 71.0, 1987-08-09 00:00:00, 3.0
5.0, 15.0, 40.0, 55.0, 1987-08-10 00:00:00, 0.0
5.0, 16.0, 180.0, 56.0, 1987-08-11 00:00:00, 1.6
5.0, 13.0, 90.0, 66.0, 1987-08-12 00:00:00, 1.4
10.0, 15.0, 40.0, 43.0, 1987-08-13 00:00:00, 0.4
7.0, 19.0, 140.0, 39.0, 1987-08-14 00:00:00, 0.0
15.0, 16.5, 230.0, 49.0, 1987-08-15 00:00:00, 0.0
7.0, 13.5, 140.0, 53.0, 1987-08-16 00:00:00, 1.2
10.0, 14.5, 270.0, 42.0, 1987-08-17 00:00:00, 0.0
5.0, 15.0, 180.0, 47.0, 1987-08-18 00:00:00, 0.0
5.0, 14.0, 230.0, 54.0, 1987-08-19 00:00:00, 0.0
0.0, 10.0, 0.0, 89.0, 1987-08-20 00:00:00, 9.2
0.0, 9.5, 0.0, 94.0, 1987-08-21 00:00:00, 21.2
0.0, 17.0, 0.0, 50.0, 1987-08-22 00:00:00, 0.6
10.0, 18.0, 90.0, 51.0, 1987-08-23 00:00:00, 0.0
5.0, 19.5, 140.0, 40.0, 1987-08-24 00:00:00, 0.0
0.0, 19.5, 0.0, 43.0, 1987-08-25 00:00:00, 0.0
3.0, 18.0, 180.0, 59.0, 1987-08-26 00:00:00, 0.0
10.0, 15.0, 230.0, 47.0, 1987-08-27 00:00:00, 0.0
3.0, 8.0, 180.0, 94.0, 1987-08-28 00:00:00, 3.8
5.0, 14.5, 180.0, 59.0, 1987-08-29 00:00:00, 0.6
12.0, 13.5, 180.0, 95.0, 1987-08-30 00:00:00, 4.8
3.0, 14.0, 180.0, 90.0, 1987-08-31 00:00:00, 1.0
7.0, 13.5, 180.0, 80.0, 1987-09-01 00:00:00, 2.0
3.0, 13.0, 180.0, 66.0, 1987-09-02 00:00:00, 1.0
10.0, 15.5, 230.0, 64.0, 1987-09-03 00:00:00, 0.0
5.0, 14.5, 180.0, 67.0, 1987-09-04 00:00:00, 0.0
10.0, 17.5, 320.0, 43.0, 1987-09-05 00:00:00, 0.0
7.0, 16.5, 180.0, 42.0, 1987-09-06 00:00:00, 0.0
5.0, 18.0, 140.0, 44.0, 1987-09-07 00:00:00, 0.0
10.0, 21.0, 270.0, 51.0, 1987-09-08 00:00:00, 0.0
10.0, 19.0, 230.0, 53.0, 1987-09-09 00:00:00, 0.0
5.0, 21.0, 180.0, 51.0, 1987-09-10 00:00:00, 0.0
5.0, 20.5, 180.0, 41.0, 1987-09-11 00:00:00, 0.0
7.0, 13.0, 230.0, 57.0, 1987-09-12 00:00:00, 0.0
0.0, 9.0, 0.0, 51.0, 1987-09-13 00:00:00, 1.8
8.0, 9.0, 180.0, 94.0, 1987-09-14 00:00:00, 6.8
3.0, 6.0, 180.0, 99.0, 1987-09-15 00:00:00, 6.8
5.0, 9.5, 230.0, 57.0, 1987-09-16 00:00:00, 2.4
5.0, 8.0, 180.0, 76.0, 1987-09-17 00:00:00, 0.0
3.0, 8.0, 180.0, 82.0, 1987-09-18 00:00:00, 5.8
0.0, 11.0, 0.0, 74.0, 1987-09-19 00:00:00, 0.0
5.0, 9.0, 230.0, 99.0, 1987-09-20 00:00:00, 2.8
10.0, 17.0, 230.0, 46.0, 1987-09-21 00:00:00, 1.0
7.0, 18.5, 230.0, 41.0, 1987-09-22 00:00:00, 0.0
5.0, 15.5, 140.0, 56.0, 1987-09-23 00:00:00, 0.0
5.0, 16.5, 180.0, 53.0, 1987-09-24 00:00:00, 0.0
7.0, 14.0, 230.0, 54.0, 1987-09-25 00:00:00, 0.0
10.0, 10.0, 230.0, 53.0, 1987-09-26 00:00:00, 0.2
10.0, 12.0, 270.0, 60.0, 1987-09-27 00:00:00, 0.2
5.0, 11.0, 180.0, 79.0, 1987-09-28 00:00:00, 1.2
5.0, 14.0, 180.0, 76.0, 1987-09-29 00:00:00, 1.8
7.0, 17.5, 180.0, 58.0, 1987-09-30 00:00:00, 0.6
0.0, 0.0, 0.0, 0.0, 1988-05-15 00:00:00, 0.0
5.0, 8.0, 180.0, 99.0, 1988-05-16 00:00:00, 4.2
12.0, 7.5, 230.0, 59.0, 1988-05-17 00:00:00, 3.8
5.0, 7.0, 180.0, 64.0, 1988-05-18 00:00:00, 0.8
10.0, 7.0, 230.0, 58.0, 1988-05-19 00:00:00, 3.6
10.0, 10.5, 230.0, 44.0, 1988-05-20 00:00:00, 0.4
0.0, 12.0, 0.0, 65.0, 1988-05-21 00:00:00, 1.6
0.0, 15.5, 0.0, 64.0, 1988-05-22 00:00:00, 2.2
10.0, 5.5, 230.0, 87.0, 1988-05-23 00:00:00, 10.6
5.0, 11.0, 180.0, 54.0, 1988-05-24 00:00:00, 2.2
12.0, 8.0, 230.0, 76.0, 1988-05-25 00:00:00, 1.0
0.0, 6.0, 0.0, 99.0, 1988-05-26 00:00:00, 2.4
3.0, 9.5, 180.0, 83.0, 1988-05-27 00:00:00, 11.8
0.0, 6.0, 0.0, 99.0, 1988-05-28 00:00:00, 17.8
5.0, 8.0, 180.0, 82.0, 1988-05-29 00:00:00, 2.8
7.0, 9.5, 180.0, 52.0, 1988-05-30 00:00:00, 0.0
3.0, 5.0, 180.0, 99.0, 1988-05-31 00:00:00, 7.0
5.0, 7.5, 270.0, 65.0, 1988-06-01 00:00:00, 5.2
10.0, 12.0, 180.0, 51.0, 1988-06-02 00:00:00, 0.0
10.0, 10.5, 230.0, 53.0, 1988-06-03 00:00:00, 0.8
0.0, 13.0, 0.0, 36.0, 1988-06-04 00:00:00, 0.0
5.0, 8.5, 140.0, 94.0, 1988-06-05 00:00:00, 4.2
15.0, 7.5, 90.0, 94.0, 1988-06-06 00:00:00, 10.8
5.0, 16.0, 140.0, 65.0, 1988-06-07 00:00:00, 0.0
5.0, 7.5, 140.0, 99.0, 1988-06-08 00:00:00, 13.0
5.0, 8.5, 180.0, 83.0, 1988-06-09 00:00:00, 4.2
7.0, 12.0, 230.0, 60.0, 1988-06-10 00:00:00, 1.2
5.0, 11.5, 230.0, 64.0, 1988-06-11 00:00:00, 0.0
5.0, 14.0, 180.0, 58.0, 1988-06-12 00:00:00, 0.0
5.0, 19.0, 180.0, 46.0, 1988-06-13 00:00:00, 0.0
5.0, 22.5, 180.0, 41.0, 1988-06-14 00:00:00, 0.0
12.0, 17.0, 270.0, 58.0, 1988-06-15 00:00:00, 0.4
10.0, 14.5, 230.0, 67.0, 1988-06-16 00:00:00, 1.8
3.0, 14.0, 180.0, 76.0, 1988-06-17 00:00:00, 0.4
18.0, 12.5, 230.0, 75.0, 1988-06-18 00:00:00, 7.0
5.0, 9.5, 180.0, 83.0, 1988-06-19 00:00:00, 0.0
5.0, 14.0, 230.0, 42.0, 1988-06-20 00:00:00, 0.0
15.0, 18.0, 180.0, 41.0, 1988-06-21 00:00:00, 0.0
15.0, 16.0, 230.0, 56.0, 1988-06-22 00:00:00, 4.8
15.0, 13.0, 180.0, 48.0, 1988-06-23 00:00:00, 0.0
10.0, 11.5, 230.0, 50.0, 1988-06-24 00:00:00, 0.0
15.0, 18.0, 270.0, 48.0, 1988-06-25 00:00:00, 0.0
15.0, 18.0, 230.0, 66.0, 1988-06-26 00:00:00, 0.0
5.0, 13.5, 180.0, 71.0, 1988-06-27 00:00:00, 2.4
10.0, 16.5, 180.0, 57.0, 1988-06-28 00:00:00, 0.0
15.0, 18.0, 230.0, 51.0, 1988-06-29 00:00:00, 0.0
17.0, 14.0, 270.0, 46.0, 1988-06-30 00:00:00, 0.0
5.0, 15.0, 180.0, 51.0, 1988-07-01 00:00:00, 0.0
0.0, 14.0, 0.0, 67.0, 1988-07-02 00:00:00, 4.8
7.0, 9.5, 230.0, 72.0, 1988-07-03 00:00:00, 6.8
5.0, 14.0, 180.0, 50.0, 1988-07-04 00:00:00, 0.0
0.0, 16.5, 0.0, 46.0, 1988-07-05 00:00:00, 0.6
15.0, 19.0, 230.0, 49.0, 1988-07-06 00:00:00, 0.0
10.0, 16.4, 230.0, 45.0, 1988-07-07 00:00:00, 0.0
3.0, 19.5, 180.0, 50.0, 1988-07-08 00:00:00, 0.0
10.0, 16.5, 270.0, 57.0, 1988-07-09 00:00:00, 5.4
50.0, 16.0, 50.0, 69.0, 1988-07-10 00:00:00, 1.0
5.0, 18.0, 180.0, 62.0, 1988-07-11 00:00:00, 1.0
10.0, 12.0, 230.0, 65.0, 1988-07-12 00:00:00, 3.0
5.0, 12.5, 180.0, 70.0, 1988-07-13 00:00:00, 0.0
10.0, 14.0, 230.0, 54.0, 1988-07-14 00:00:00, 2.4
10.0, 15.0, 270.0, 55.0, 1988-07-15 00:00:00, 0.0
5.0, 12.0, 230.0, 79.0, 1988-07-16 00:00:00, 0.0
5.0, 15.0, 180.0, 81.0, 1988-07-17 00:00:00, 0.0
5.0, 20.5, 180.0, 51.0, 1988-07-18 00:00:00, 0.0
5.0, 24.0, 180.0, 37.0, 1988-07-19 00:00:00, 0.0
5.0, 26.0, 180.0, 30.0, 1988-07-20 00:00:00, 0.0
20.0, 18.0, 230.0, 51.0, 1988-07-21 00:00:00, 0.0
12.0, 13.5, 230.0, 53.0, 1988-07-22 00:00:00, 0.4
4.0, 9.5, 180.0, 94.0, 1988-07-23 00:00:00, 2.2
3.0, 12.0, 180.0, 99.0, 1988-07-24 00:00:00, 27.0
3.0, 13.5, 180.0, 95.0, 1988-07-25 00:00:00, 3.8
12.0, 15.0, 180.0, 51.0, 1988-07-26 00:00:00, 1.4
10.0, 15.5, 230.0, 52.0, 1988-07-27 00:00:00, 0.0
5.0, 16.0, 230.0, 49.0, 1988-07-28 00:00:00, 1.0
10.0, 13.5, 180.0, 62.0, 1988-07-29 00:00:00, 1.0
10.0, 15.5, 230.0, 48.0, 1988-07-30 00:00:00, 0.4
3.0, 14.5, 180.0, 50.0, 1988-07-31 00:00:00, 0.0
8.0, 17.5, 90.0, 58.0, 1988-08-01 00:00:00, 1.0
10.0, 21.5, 180.0, 39.0, 1988-08-02 00:00:00, 0.0
8.0, 20.5, 140.0, 58.0, 1988-08-03 00:00:00, 0.0
15.0, 16.0, 230.0, 46.0, 1988-08-04 00:00:00, 1.5
8.0, 17.5, 140.0, 74.0, 1988-08-05 00:00:00, 0.0
3.0, 17.0, 90.0, 58.0, 1988-08-06 00:00:00, 0.0
3.0, 18.0, 90.0, 51.0, 1988-08-07 00:00:00, 0.0
3.0, 14.0, 140.0, 81.0, 1988-08-08 00:00:00, 3.2
20.0, 14.0, 230.0, 62.0, 1988-08-09 00:00:00, 1.2
5.0, 14.0, 140.0, 71.0, 1988-08-10 00:00:00, 0.0
3.0, 18.0, 140.0, 59.0, 1988-08-11 00:00:00, 0.0
5.0, 21.0, 140.0, 45.0, 1988-08-12 00:00:00, 0.0
5.0, 14.0, 140.0, 81.0, 1988-08-13 00:00:00, 5.0
10.0, 17.0, 140.0, 54.0, 1988-08-14 00:00:00, 1.0
2.0, 11.5, 140.0, 95.0, 1988-08-15 00:00:00, 1.0
15.0, 15.0, 50.0, 68.0, 1988-08-16 00:00:00, 2.0
7.0, 13.5, 140.0, 85.0, 1988-08-17 00:00:00, 8.0
10.0, 12.5, 180.0, 90.0, 1988-08-18 00:00:00, 1.6
10.0, 12.0, 140.0, 74.0, 1988-08-19 00:00:00, 0.2
0.0, 12.0, 0.0, 74.0, 1988-08-20 00:00:00, 0.2
10.0, 15.5, 140.0, 60.0, 1988-08-21 00:00:00, 0.0
10.0, 19.0, 140.0, 53.0, 1988-08-22 00:00:00, 0.0
12.0, 17.5, 140.0, 47.0, 1988-08-23 00:00:00, 0.0
5.0, 20.5, 140.0, 38.0, 1988-08-24 00:00:00, 0.0
5.0, 25.0, 90.0, 33.0, 1988-08-25 00:00:00, 0.0
3.0, 24.5, 90.0, 38.0, 1988-08-26 00:00:00, 0.0
10.0, 23.5, 90.0, 48.0, 1988-08-27 00:00:00, 0.0
8.0, 22.5, 90.0, 44.0, 1988-08-28 00:00:00, 0.0
10.0, 12.5, 140.0, 65.0, 1988-08-29 00:00:00, 11.0
18.0, 13.0, 180.0, 61.0, 1988-08-30 00:00:00, 1.0
10.0, 15.5, 180.0, 56.0, 1988-08-31 00:00:00, 0.0
15.0, 19.0, 140.0, 56.0, 1988-09-01 00:00:00, 0.0
3.0, 23.0, 180.0, 47.0, 1988-09-02 00:00:00, 0.0
0.0, 26.0, 0.0, 42.0, 1988-09-03 00:00:00, 0.0
5.0, 25.0, 90.0, 44.0, 1988-09-04 00:00:00, 0.0
10.0, 17.0, 180.0, 58.0, 1988-09-05 00:00:00, 0.0
15.0, 11.0, 180.0, 64.0, 1988-09-06 00:00:00, 0.0
15.0, 10.0, 230.0, 48.0, 1988-09-07 00:00:00, 0.0
12.0, 7.0, 140.0, 64.0, 1988-09-08 00:00:00, 0.0
3.0, 5.0, 140.0, 93.0, 1988-09-09 00:00:00, 0.0
5.0, 11.0, 90.0, 59.0, 1988-09-10 00:00:00, 0.0
10.0, 15.0, 140.0, 64.0, 1988-09-11 00:00:00, 0.0
10.0, 18.0, 180.0, 62.0, 1988-09-12 00:00:00, 0.0
15.0, 19.5, 180.0, 46.0, 1988-09-13 00:00:00, 0.0
10.0, 13.5, 140.0, 66.0, 1988-09-14 00:00:00, 0.0
5.0, 10.5, 140.0, 53.0, 1988-09-15 00:00:00, 3.5
10.0, 7.0, 50.0, 76.0, 1988-09-16 00:00:00, 0.0
10.0, 10.0, 0.0, 48.0, 1988-09-17 00:00:00, 0.0
0.0, 6.0, 0.0, 81.0, 1988-09-18 00:00:00, 3.0
20.0, 7.0, 0.0, 64.0, 1988-09-19 00:00:00, 2.5
10.0, 11.0, 0.0, 66.0, 1988-09-20 00:00:00, 0.0
20.0, 10.0, 140.0, 58.0, 1988-09-21 00:00:00, 0.0
15.0, 8.0, 140.0, 65.0, 1988-09-22 00:00:00, 0.0
0.0, 5.0, 0.0, 61.0, 1988-09-23 00:00:00, 0.0
5.0, 5.0, 90.0, 67.0, 1988-09-24 00:00:00, 0.0
0.0, 3.0, 0.0, 79.0, 1988-09-25 00:00:00, 0.0
5.0, 5.5, 140.0, 93.0, 1988-09-26 00:00:00, 2.0
0.0, 3.5, 0.0, 93.0, 1988-09-27 00:00:00, 0.0
6.0, 5.5, 140.0, 99.0, 1988-09-28 00:00:00, 22.0
19.0, 11.4, 230.0, 54.0, 1988-09-29 00:00:00, 10.0
15.0, 9.0, 140.0, 66.0, 1988-09-30 00:00:00, 1.0
5.0, 11.0, 180.0, 64.0, 1988-10-01 00:00:00, 0.0
5.0, 10.5, 180.0, 73.0, 1988-10-02 00:00:00, 0.0
0.0, 15.0, 0.0, 68.0, 1988-10-03 00:00:00, 0.0
0.0, 17.0, 0.0, 61.0, 1988-10-04 00:00:00, 0.0
0.0, 13.0, 0.0, 66.0, 1988-10-05 00:00:00, 0.0
0.0, 11.5, 0.0, 74.0, 1988-10-06 00:00:00, 0.0
0.0, 7.0, 0.0, 88.0, 1988-10-07 00:00:00, 1.0
0.0, 13.0, 0.0, 66.0, 1988-10-08 00:00:00, 1.0
0.0, 15.0, 0.0, 64.0, 1988-10-09 00:00:00, 0.0
0.0, 14.5, 0.0, 59.0, 1988-10-10 00:00:00, 0.0
10.0, 12.5, 0.0, 75.0, 1988-10-11 00:00:00, 0.0
10.0, 9.0, 0.0, 99.0, 1988-10-12 00:00:00, 1.0
0.0, 8.5, 0.0, 99.0, 1988-10-13 00:00:00, 3.0
0.0, 4.5, 0.0, 98.0, 1988-10-14 00:00:00, 9.0
10.0, 7.0, 140.0, 76.0, 1988-10-15 00:00:00, 0.0
8.0, 4.0, 180.0, 80.0, 1988-10-16 00:00:00, 0.0
5.0, 3.0, 140.0, 86.0, 1988-10-17 00:00:00, 0.1
0.0, 0.0, 0.0, 0.0, 1989-05-15 00:00:00, 0.0
12.0, 9.5, 230.0, 42.0, 1989-05-16 00:00:00, 0.0
10.0, 6.5, 50.0, 69.0, 1989-05-17 00:00:00, 1.0
8.0, 5.0, 90.0, 87.0, 1989-05-18 00:00:00, 5.5
10.0, 5.5, 0.0, 81.0, 1989-05-19 00:00:00, 0.2
5.0, 6.0, 90.0, 87.0, 1989-05-20 00:00:00, 1.1
2.0, 6.0, 90.0, 81.0, 1989-05-21 00:00:00, 3.4
4.0, 7.0, 180.0, 82.0, 1989-05-22 00:00:00, 2.6
3.0, 6.5, 90.0, 58.0, 1989-05-23 00:00:00, 1.0
3.0, 7.5, 90.0, 52.0, 1989-05-24 00:00:00, 0.1
5.0, 11.5, 90.0, 37.0, 1989-05-25 00:00:00, 0.0
2.0, 6.5, 50.0, 87.0, 1989-05-26 00:00:00, 6.9
15.0, 12.5, 50.0, 35.0, 1989-05-27 00:00:00, 0.1
3.0, 16.0, 50.0, 34.0, 1989-05-28 00:00:00, 0.0
2.0, 19.5, 90.0, 40.0, 1989-05-29 00:00:00, 0.0
15.0, 21.5, 230.0, 39.0, 1989-05-30 00:00:00, 0.0
10.0, 16.5, 180.0, 61.0, 1989-05-31 00:00:00, 0.0
10.0, 19.5, 180.0, 27.0, 1989-06-01 00:00:00, 0.0
10.0, 20.0, 90.0, 34.0, 1989-06-02 00:00:00, 0.0
16.0, 25.0, 230.0, 26.0, 1989-06-03 00:00:00, 0.0
15.0, 27.5, 230.0, 25.0, 1989-06-04 00:00:00, 0.0
20.0, 19.0, 230.0, 39.0, 1989-06-05 00:00:00, 0.0
0.0, 15.5, 0.0, 44.0, 1989-06-06 00:00:00, 0.0
5.0, 15.5, 140.0, 48.0, 1989-06-07 00:00:00, 0.0
10.0, 19.0, 50.0, 42.0, 1989-06-08 00:00:00, 0.0
5.0, 12.5, 90.0, 80.0, 1989-06-09 00:00:00, 1.0
5.0, 22.0, 90.0, 43.0, 1989-06-10 00:00:00, 1.0
5.0, 24.0, 140.0, 43.0, 1989-06-11 00:00:00, 0.0
15.0, 23.5, 180.0, 42.0, 1989-06-12 00:00:00, 0.0
10.0, 13.9, 140.0, 79.0, 1989-06-13 00:00:00, 1.5
12.0, 16.5, 140.0, 53.0, 1989-06-14 00:00:00, 22.5
10.0, 15.5, 140.0, 40.0, 1989-06-15 00:00:00, 0.0
10.0, 15.5, 230.0, 37.0, 1989-06-16 00:00:00, 0.0
2.0, 10.5, 90.0, 78.0, 1989-06-17 00:00:00, 0.0
10.0, 11.5, 140.0, 50.0, 1989-06-18 00:00:00, 0.0
10.0, 12.0, 140.0, 51.0, 1989-06-19 00:00:00, 0.0
10.0, 15.0, 140.0, 55.0, 1989-06-20 00:00:00, 0.0
10.0, 12.0, 140.0, 70.0, 1989-06-21 00:00:00, 0.0
5.0, 18.0, 140.0, 55.0, 1989-06-22 00:00:00, 1.0
5.0, 20.5, 140.0, 51.0, 1989-06-23 00:00:00, 0.0
2.0, 21.5, 140.0, 46.0, 1989-06-24 00:00:00, 0.0
10.0, 24.0, 140.0, 43.0, 1989-06-25 00:00:00, 0.0
0.0, 9.5, 0.0, 67.0, 1989-06-26 00:00:00, 0.0
20.0, 11.5, 50.0, 69.0, 1989-06-27 00:00:00, 3.0
5.0, 12.5, 90.0, 61.0, 1989-06-28 00:00:00, 0.0
15.0, 16.4, 90.0, 61.0, 1989-06-29 00:00:00, 0.0
2.0, 10.5, 140.0, 94.0, 1989-06-30 00:00:00, 8.0
5.0, 13.0, 140.0, 66.0, 1989-07-01 00:00:00, 8.0
5.0, 14.5, 140.0, 71.0, 1989-07-02 00:00:00, 0.5
5.0, 13.5, 140.0, 71.0, 1989-07-03 00:00:00, 1.5
15.0, 15.5, 180.0, 60.0, 1989-07-04 00:00:00, 1.0
2.0, 14.0, 140.0, 62.0, 1989-07-05 00:00:00, 0.0
8.0, 18.5, 140.0, 52.0, 1989-07-06 00:00:00, 5.0
10.0, 14.5, 140.0, 72.0, 1989-07-07 00:00:00, 1.0
2.0, 16.5, 140.0, 65.0, 1989-07-08 00:00:00, 5.0
5.0, 20.0, 90.0, 48.0, 1989-07-09 00:00:00, 3.0
20.0, 20.5, 90.0, 41.0, 1989-07-10 00:00:00, 0.0
15.0, 19.5, 90.0, 50.0, 1989-07-11 00:00:00, 0.0
8.0, 23.0, 140.0, 42.0, 1989-07-12 00:00:00, 0.0
10.0, 19.0, 140.0, 63.0, 1989-07-13 00:00:00, 2.0
5.0, 21.0, 140.0, 62.0, 1989-07-14 00:00:00, 0.0
5.0, 21.5, 140.0, 49.0, 1989-07-15 00:00:00, 0.5
10.0, 19.5, 140.0, 57.0, 1989-07-16 00:00:00, 0.0
10.0, 21.0, 140.0, 51.0, 1989-07-17 00:00:00, 0.0
2.0, 14.0, 140.0, 90.0, 1989-07-18 00:00:00, 6.5
10.0, 17.5, 140.0, 70.0, 1989-07-19 00:00:00, 1.5
2.0, 17.0, 140.0, 82.0, 1989-07-20 00:00:00, 0.0
25.0, 14.0, 0.0, 95.0, 1989-07-21 00:00:00, 0.0
10.0, 13.0, 140.0, 95.0, 1989-07-22 00:00:00, 0.0
10.0, 15.5, 140.0, 95.0, 1989-07-23 00:00:00, 0.0
10.0, 21.5, 140.0, 96.0, 1989-07-24 00:00:00, 0.0
10.0, 23.5, 140.0, 45.0, 1989-07-25 00:00:00, 0.0
10.0, 23.0, 140.0, 41.0, 1989-07-26 00:00:00, 0.0
15.0, 17.0, 140.0, 65.0, 1989-07-27 00:00:00, 0.0
5.0, 15.5, 140.0, 68.0, 1989-07-28 00:00:00, 0.0
2.0, 24.0, 90.0, 55.0, 1989-07-29 00:00:00, 0.0
10.0, 26.0, 140.0, 59.0, 1989-07-30 00:00:00, 6.0
10.0, 22.0, 140.0, 62.0, 1989-07-31 00:00:00, 0.0
5.0, 18.0, 90.0, 66.0, 1989-08-01 00:00:00, 2.0
15.0, 19.5, 90.0, 79.0, 1989-08-02 00:00:00, 0.5
15.0, 20.9, 90.0, 56.0, 1989-08-03 00:00:00, 5.0
5.0, 20.5, 140.0, 92.0, 1989-08-04 00:00:00, 0.0
10.0, 21.5, 90.0, 84.0, 1989-08-05 00:00:00, 0.0
5.0, 26.0, 140.0, 59.0, 1989-08-06 00:00:00, 0.0
5.0, 18.5, 140.0, 63.0, 1989-08-07 00:00:00, 0.0
8.0, 18.0, 140.0, 62.0, 1989-08-08 00:00:00, 0.0
10.0, 16.5, 140.0, 82.0, 1989-08-09 00:00:00, 1.5
0.0, 16.0, 0.0, 81.0, 1989-08-10 00:00:00, 2.0
10.0, 20.0, 50.0, 79.0, 1989-08-11 00:00:00, 0.0
12.0, 23.0, 90.0, 77.0, 1989-08-12 00:00:00, 6.0
15.0, 18.0, 90.0, 87.0, 1989-08-13 00:00:00, 0.0
0.0, 16.5, 0.0, 82.0, 1989-08-14 00:00:00, 2.0
1.0, 24.0, 90.0, 85.0, 1989-08-15 00:00:00, 1.0
10.0, 19.0, 50.0, 75.0, 1989-08-16 00:00:00, 10.0
5.0, 20.0, 320.0, 83.0, 1989-08-17 00:00:00, 1.0
5.0, 20.0, 140.0, 68.0, 1989-08-18 00:00:00, 1.0
10.0, 19.5, 180.0, 96.0, 1989-08-19 00:00:00, 0.0
5.0, 11.5, 140.0, 89.0, 1989-08-20 00:00:00, 2.0
10.0, 15.5, 140.0, 77.0, 1989-08-21 00:00:00, 3.5
5.0, 13.0, 50.0, 95.0, 1989-08-22 00:00:00, 0.5
3.0, 16.0, 140.0, 73.0, 1989-08-23 00:00:00, 0.0
5.0, 17.0, 140.0, 95.0, 1989-08-24 00:00:00, 2.0
5.0, 17.0, 50.0, 95.0, 1989-08-25 00:00:00, 0.0
10.0, 18.0, 90.0, 70.0, 1989-08-26 00:00:00, 0.0
5.0, 14.5, 90.0, 63.0, 1989-08-27 00:00:00, 1.0
2.0, 11.5, 140.0, 84.0, 1989-08-28 00:00:00, 2.0
2.0, 19.0, 90.0, 63.0, 1989-08-29 00:00:00, 0.0
2.0, 19.5, 90.0, 64.0, 1989-08-30 00:00:00, 0.0
5.0, 15.5, 90.0, 68.0, 1989-08-31 00:00:00, 3.0
10.0, 16.0, 140.0, 65.0, 1989-09-01 00:00:00, 0.0
5.0, 13.5, 140.0, 76.0, 1989-09-02 00:00:00, 0.0
10.0, 12.0, 140.0, 84.0, 1989-09-03 00:00:00, 0.0
10.0, 12.5, 230.0, 95.0, 1989-09-04 00:00:00, 0.0
5.0, 16.0, 90.0, 77.0, 1989-09-05 00:00:00, 0.0
0.0, 17.0, 0.0, 86.0, 1989-09-06 00:00:00, 0.0
10.0, 15.5, 230.0, 91.0, 1989-09-07 00:00:00, 0.0
5.0, 14.0, 230.0, 90.0, 1989-09-08 00:00:00, 0.0
5.0, 17.5, 320.0, 87.0, 1989-09-09 00:00:00, 0.0
5.0, 20.0, 320.0, 96.0, 1989-09-10 00:00:00, 0.0
5.0, 19.5, 320.0, 96.0, 1989-09-11 00:00:00, 0.0
15.0, 19.0, 320.0, 96.0, 1989-09-12 00:00:00, 0.0
5.0, 21.0, 320.0, 92.0, 1989-09-13 00:00:00, 0.0
20.0, 14.5, 230.0, 86.0, 1989-09-14 00:00:00, 0.0
0.0, 10.5, 0.0, 63.0, 1989-09-15 00:00:00, 0.0
10.0, 8.0, 140.0, 65.0, 1989-09-16 00:00:00, 0.0
10.0, 10.0, 140.0, 99.0, 1989-09-17 00:00:00, 0.0
10.0, 7.5, 140.0, 94.0, 1989-09-18 00:00:00, 0.0
15.0, 12.5, 140.0, 90.0, 1989-09-19 00:00:00, 2.0
10.0, 14.0, 140.0, 81.0, 1989-09-20 00:00:00, 1.5
2.0, 11.5, 140.0, 95.0, 1989-09-21 00:00:00, 0.0
10.0, 17.0, 140.0, 95.0, 1989-09-22 00:00:00, 0.0
20.0, 17.5, 230.0, 95.0, 1989-09-23 00:00:00, 0.0
10.0, 16.5, 140.0, 91.0, 1989-09-24 00:00:00, 0.0
10.0, 20.0, 140.0, 96.0, 1989-09-25 00:00:00, 0.0
20.0, 17.5, 230.0, 87.0, 1989-09-26 00:00:00, 0.0
20.0, 16.0, 140.0, 95.0, 1989-09-27 00:00:00, 0.0
5.0, 15.0, 140.0, 90.0, 1989-09-28 00:00:00, 0.0
3.0, 11.0, 140.0, 99.0, 1989-09-29 00:00:00, 8.0
20.0, 6.0, 50.0, 87.0, 1989-09-30 00:00:00, 9.0
5.0, 9.0, 140.0, 77.0, 1989-10-01 00:00:00, 0.0
5.0, 11.5, 140.0, 64.0, 1989-10-02 00:00:00, 0.0
10.0, 10.5, 90.0, 73.0, 1989-10-03 00:00:00, 0.0
3.0, 10.5, 140.0, 94.0, 1989-10-04 00:00:00, 2.0
2.0, 7.0, 90.0, 99.0, 1989-10-05 00:00:00, 2.0
15.0, 8.0, 140.0, 88.0, 1989-10-06 00:00:00, 0.0
15.0, 12.0, 180.0, 60.0, 1989-10-07 00:00:00, 1.0
5.0, 8.5, 140.0, 66.0, 1989-10-08 00:00:00, 1.0
15.0, 12.0, 140.0, 70.0, 1989-10-09 00:00:00, 7.0
20.0, 8.0, 270.0, 70.0, 1989-10-10 00:00:00, 0.5
15.0, 6.5, 140.0, 67.0, 1989-10-11 00:00:00, 2.5
10.0, 5.5, 180.0, 74.0, 1989-10-12 00:00:00, 2.0
5.0, 5.0, 90.0, 80.0, 1989-10-13 00:00:00, 0.0
15.0, 3.5, 180.0, 86.0, 1989-10-14 00:00:00, 3.0
0.0, 3.5, 0.0, 79.0, 1989-10-15 00:00:00, 0.0
