station_observations
wind_speed, temperature, wind_direction, relative_humidity, time, precipitation
0.0, 0.0, 0.0, 0.0, 1992-04-30 00:00:00, 0.0
9.0, 0.3, 230.0, 73.0, 1992-05-01 00:00:00, 0.8
8.0, 2.0, 180.0, 82.0, 1992-05-02 00:00:00, 0.0
0.0, 4.4, 0.0, 81.0, 1992-05-03 00:00:00, 1.0
10.0, 12.7, 180.0, 32.0, 1992-05-04 00:00:00, 0.0
2.0, 8.6, 90.0, 73.0, 1992-05-05 00:00:00, 0.0
6.0, 0.0, 180.0, 50.0, 1992-05-06 00:00:00, 0.0
6.0, 13.0, 180.0, 35.0, 1992-05-07 00:00:00, 0.0
22.0, 7.3, 270.0, 47.0, 1992-05-08 00:00:00, 0.0
7.0, 2.1, 230.0, 93.0, 1992-05-09 00:00:00, 2.8
19.0, 2.4, 270.0, 87.0, 1992-05-10 00:00:00, 2.5
17.0, 3.0, 90.0, 83.0, 1992-05-11 00:00:00, 2.5
13.0, 8.8, 320.0, 53.0, 1992-05-12 00:00:00, 2.5
22.0, 11.6, 270.0, 33.0, 1992-05-13 00:00:00, 0.0
12.0, 9.7, 320.0, 44.0, 1992-05-14 00:00:00, 0.0
9.0, 10.9, 0.0, 43.0, 1992-05-15 00:00:00, 1.5
24.0, 15.1, 320.0, 32.0, 1992-05-16 00:00:00, 0.0
13.0, 14.1, 230.0, 24.0, 1992-05-17 00:00:00, 0.0
29.0, 3.5, 270.0, 53.0, 1992-05-18 00:00:00, 0.0
7.0, 5.1, 320.0, 42.0, 1992-05-19 00:00:00, 0.0
10.0, 6.3, 0.0, 35.0, 1992-05-20 00:00:00, 0.0
17.0, 7.2, 90.0, 35.0, 1992-05-21 00:00:00, 0.0
14.0, 10.8, 90.0, 25.0, 1992-05-22 00:00:00, 0.0
11.0, 15.3, 230.0, 34.0, 1992-05-23 00:00:00, 0.0
11.0, 17.5, 90.0, 40.0, 1992-05-24 00:00:00, 0.0
18.0, 21.6, 270.0, 34.0, 1992-05-25 00:00:00, 0.0
19.0, 14.4, 270.0, 45.0, 1992-05-26 00:00:00, 1.5
9.0, 11.7, 320.0, 54.0, 1992-05-27 00:00:00, 0.0
6.0, 14.9, 140.0, 51.0, 1992-05-28 00:00:00, 0.3
19.0, 12.3, 320.0, 62.0, 1992-05-29 00:00:00, 10.2
13.0, 16.1, 230.0, 42.0, 1992-05-30 00:00:00, 0.8
8.0, 13.0, 180.0, 74.0, 1992-05-31 00:00:00, 3.1
13.0, 13.0, 320.0, 35.0, 1992-06-01 00:00:00, 2.5
22.0, 9.9, 320.0, 52.0, 1992-06-02 00:00:00, 0.0
5.0, 14.5, 230.0, 39.0, 1992-06-03 00:00:00, 0.0
7.0, 16.5, 320.0, 40.0, 1992-06-04 00:00:00, 0.0
13.0, 17.7, 320.0, 33.0, 1992-06-05 00:00:00, 0.0
12.0, 16.6, 320.0, 33.0, 1992-06-06 00:00:00, 0.0
25.0, 12.8, 270.0, 63.0, 1992-06-07 00:00:00, 0.3
7.0, 16.3, 0.0, 42.0, 1992-06-08 00:00:00, 0.0
5.0, 8.6, 0.0, 97.0, 1992-06-09 00:00:00, 4.3
7.0, 10.1, 230.0, 37.0, 1992-06-10 00:00:00, 1.0
13.0, 15.7, 90.0, 62.0, 1992-06-11 00:00:00, 4.6
16.0, 20.2, 50.0, 58.0, 1992-06-12 00:00:00, 0.0
9.0, 15.4, 50.0, 75.0, 1992-06-13 00:00:00, 8.9
11.0, 16.8, 180.0, 78.0, 1992-06-14 00:00:00, 0.0
12.0, 17.4, 320.0, 70.0, 1992-06-15 00:00:00, 0.0
20.0, 14.3, 320.0, 51.0, 1992-06-16 00:00:00, 0.0
10.0, 16.0, 0.0, 44.0, 1992-06-17 00:00:00, 0.0
5.0, 19.5, 0.0, 47.0, 1992-06-18 00:00:00, 0.0
9.0, 13.9, 180.0, 85.0, 1992-06-19 00:00:00, 5.3
14.0, 16.8, 270.0, 58.0, 1992-06-20 00:00:00, 0.3
17.0, 18.8, 320.0, 36.0, 1992-06-21 00:00:00, 0.0
12.0, 21.1, 230.0, 37.0, 1992-06-22 00:00:00, 0.0
6.0, 20.5, 320.0, 25.0, 1992-06-23 00:00:00, 0.0
10.0, 24.0, 90.0, 24.0, 1992-06-24 00:00:00, 0.0
10.0, 26.4, 230.0, 27.0, 1992-06-25 00:00:00, 0.0
13.0, 27.6, 0.0, 20.0, 1992-06-26 00:00:00, 0.0
12.0, 24.7, 90.0, 31.0, 1992-06-27 00:00:00, 0.0
19.0, 25.1, 90.0, 38.0, 1992-06-28 00:00:00, 0.0
39.0, 21.8, 90.0, 35.0, 1992-06-29 00:00:00, 0.0
22.0, 21.5, 90.0, 34.0, 1992-06-30 00:00:00, 0.0
9.0, 14.5, 320.0, 61.0, 1992-07-01 00:00:00, 0.0
13.0, 20.5, 50.0, 32.0, 1992-07-02 00:00:00, 4.3
12.0, 11.0, 90.0, 95.0, 1992-07-03 00:00:00, 11.7
6.0, 13.5, 0.0, 73.0, 1992-07-04 00:00:00, 7.4
6.0, 17.0, 140.0, 61.0, 1992-07-05 00:00:00, 1.3
23.0, 14.6, 320.0, 67.0, 1992-07-06 00:00:00, 1.5
19.0, 14.5, 320.0, 57.0, 1992-07-07 00:00:00, 0.5
17.0, 15.6, 320.0, 54.0, 1992-07-08 00:00:00, 0.0
4.0, 15.7, 50.0, 77.0, 1992-07-09 00:00:00, 2.3
5.0, 15.0, 0.0, 87.0, 1992-07-10 00:00:00, 2.8
11.0, 20.4, 180.0, 57.0, 1992-07-11 00:00:00, 4.1
12.0, 14.9, 270.0, 79.0, 1992-07-12 00:00:00, 1.0
21.0, 11.5, 270.0, 71.0, 1992-07-13 00:00:00, 0.3
22.0, 13.6, 320.0, 56.0, 1992-07-14 00:00:00, 1.3
6.0, 18.4, 0.0, 41.0, 1992-07-15 00:00:00, 0.0
6.0, 20.4, 0.0, 40.0, 1992-07-16 00:00:00, 0.0
13.0, 20.7, 320.0, 35.0, 1992-07-17 00:00:00, 0.0
14.0, 20.8, 90.0, 40.0, 1992-07-18 00:00:00, 0.0
10.0, 20.2, 140.0, 40.0, 1992-07-19 00:00:00, 0.0
9.0, 25.2, 0.0, 30.0, 1992-07-20 00:00:00, 0.0
17.0, 19.8, 270.0, 32.0, 1992-07-21 00:00:00, 0.0
9.0, 20.5, 320.0, 34.0, 1992-07-22 00:00:00, 0.0
17.0, 21.4, 320.0, 36.0, 1992-07-23 00:00:00, 0.0
11.0, 19.5, 320.0, 40.0, 1992-07-24 00:00:00, 0.0
12.0, 14.5, 270.0, 75.0, 1992-07-25 00:00:00, 0.3
14.0, 13.8, 320.0, 49.0, 1992-07-26 00:00:00, 0.3
16.0, 16.2, 320.0, 49.0, 1992-07-27 00:00:00, 0.0
12.0, 18.4, 270.0, 51.0, 1992-07-28 00:00:00, 2.0
12.0, 21.0, 320.0, 45.0, 1992-07-29 00:00:00, 0.0
8.0, 21.9, 0.0, 33.0, 1992-07-30 00:00:00, 0.0
11.0, 25.7, 90.0, 27.0, 1992-07-31 00:00:00, 0.0
11.0, 27.3, 90.0, 21.0, 1992-08-01 00:00:00, 0.0
7.0, 25.6, 0.0, 34.0, 1992-08-02 00:00:00, 3.3
9.0, 23.1, 230.0, 35.0, 1992-08-03 00:00:00, 0.0
9.0, 26.0, 270.0, 31.0, 1992-08-04 00:00:00, 0.0
12.0, 23.0, 230.0, 24.0, 1992-08-05 00:00:00, 0.0
7.0, 12.7, 270.0, 91.0, 1992-08-06 00:00:00, 5.1
17.0, 11.3, 320.0, 70.0, 1992-08-07 00:00:00, 6.1
9.0, 14.2, 180.0, 47.0, 1992-08-08 00:00:00, 0.5
10.0, 13.6, 270.0, 57.0, 1992-08-09 00:00:00, 8.4
8.0, 19.3, 140.0, 39.0, 1992-08-10 00:00:00, 0.0
7.0, 25.7, 270.0, 36.0, 1992-08-11 00:00:00, 0.0
6.0, 27.4, 0.0, 29.0, 1992-08-12 00:00:00, 0.0
7.0, 25.2, 50.0, 36.0, 1992-08-13 00:00:00, 0.0
16.0, 18.4, 320.0, 41.0, 1992-08-14 00:00:00, 0.0
12.0, 17.7, 270.0, 39.0, 1992-08-15 00:00:00, 0.0
4.0, 21.1, 90.0, 36.0, 1992-08-16 00:00:00, 0.0
13.0, 24.0, 270.0, 34.0, 1992-08-17 00:00:00, 0.0
5.0, 15.7, 230.0, 72.0, 1992-08-18 00:00:00, 0.3
15.0, 16.6, 320.0, 26.0, 1992-08-19 00:00:00, 0.0
6.0, 19.1, 90.0, 23.0, 1992-08-20 00:00:00, 0.0
17.0, 13.6, 90.0, 38.0, 1992-08-21 00:00:00, 0.0
9.0, 12.7, 90.0, 24.0, 1992-08-22 00:00:00, 0.0
12.0, 16.6, 320.0, 20.0, 1992-08-23 00:00:00, 0.0
14.0, 19.4, 270.0, 43.0, 1992-08-24 00:00:00, 0.0
21.0, 19.2, 320.0, 51.0, 1992-08-25 00:00:00, 0.0
24.0, 17.7, 270.0, 46.0, 1992-08-26 00:00:00, 0.0
14.0, 13.0, 320.0, 40.0, 1992-08-27 00:00:00, 0.0
8.0, 14.9, 320.0, 30.0, 1992-08-28 00:00:00, 0.0
8.0, 11.4, 180.0, 46.0, 1992-08-29 00:00:00, 0.0
9.0, 14.4, 90.0, 89.0, 1992-08-30 00:00:00, 4.6
16.0, 14.2, 320.0, 79.0, 1992-08-31 00:00:00, 4.1
28.0, 14.4, 320.0, 43.0, 1992-09-01 00:00:00, 0.0
17.0, 10.7, 320.0, 38.0, 1992-09-02 00:00:00, 0.0
9.0, 10.0, 320.0, 68.0, 1992-09-03 00:00:00, 0.0
16.0, 7.3, 320.0, 68.0, 1992-09-04 00:00:00, 1.0
6.0, 4.3, 50.0, 86.0, 1992-09-05 00:00:00, 3.6
10.0, 8.4, 270.0, 62.0, 1992-09-06 00:00:00, 0.0
15.0, 11.6, 230.0, 59.0, 1992-09-07 00:00:00, 0.3
26.0, 8.9, 270.0, 56.0, 1992-09-08 00:00:00, 1.0
19.0, 10.8, 230.0, 96.0, 1992-09-09 00:00:00, 4.6
30.0, 10.0, 270.0, 64.0, 1992-09-10 00:00:00, 2.8
15.0, 7.0, 320.0, 63.0, 1992-09-11 00:00:00, 0.0
15.0, 5.4, 320.0, 48.0, 1992-09-12 00:00:00, 0.0
9.0, 3.6, 270.0, 83.0, 1992-09-13 00:00:00, 3.0
10.0, 3.3, 0.0, 63.0, 1992-09-14 00:00:00, 0.8
10.0, 7.6, 180.0, 27.0, 1992-09-15 00:00:00, 0.3
17.0, 3.5, 320.0, 99.0, 1992-09-16 00:00:00, 4.8
9.0, 8.0, 230.0, 59.0, 1992-09-17 00:00:00, 0.5
14.0, 10.2, 270.0, 83.0, 1992-09-18 00:00:00, 3.6
16.0, 10.7, 230.0, 91.0, 1992-09-19 00:00:00, 1.5
27.0, 11.6, 270.0, 44.0, 1992-09-20 00:00:00, 1.5
14.0, 12.1, 230.0, 80.0, 1992-09-21 00:00:00, 3.0
12.0, 14.3, 230.0, 67.0, 1992-09-22 00:00:00, 0.8
8.0, 11.3, 230.0, 91.0, 1992-09-23 00:00:00, 6.9
18.0, 8.6, 270.0, 88.0, 1992-09-24 00:00:00, 3.0
22.0, 6.6, 270.0, 57.0, 1992-09-25 00:00:00, 0.5
35.0, 1.5, 270.0, 97.0, 1992-09-26 00:00:00, 18.8
13.0, 4.1, 180.0, 79.0, 1992-09-27 00:00:00, 0.3
10.0, 12.4, 140.0, 59.0, 1992-09-28 00:00:00, 0.0
14.0, 20.1, 270.0, 24.0, 1992-09-29 00:00:00, 0.0
5.0, 13.7, 90.0, 43.0, 1992-09-30 00:00:00, 0.0
4.0, 19.9, 90.0, 64.0, 1992-10-01 00:00:00, 3.0
3.0, 16.8, 90.0, 77.0, 1992-10-02 00:00:00, 0.0
20.0, 6.0, 270.0, 83.0, 1992-10-03 00:00:00, 2.3
11.0, 7.3, 270.0, 58.0, 1992-10-04 00:00:00, 0.3
7.0, 6.9, 270.0, 56.0, 1992-10-05 00:00:00, 0.0
6.0, 8.9, 320.0, 48.0, 1992-10-06 00:00:00, 0.0
10.0, 6.0, 180.0, 44.0, 1992-10-07 00:00:00, 0.0
29.0, 5.1, 270.0, 55.0, 1992-10-08 00:00:00, 0.0
14.0, 9.6, 230.0, 41.0, 1992-10-09 00:00:00, 0.0
19.0, 5.9, 270.0, 97.0, 1992-10-10 00:00:00, 3.0
4.0, 5.2, 270.0, 44.0, 1992-10-11 00:00:00, 0.3
9.0, 2.8, 0.0, 55.0, 1992-10-12 00:00:00, 0.0
20.0, 1.5, 270.0, 52.0, 1992-10-13 00:00:00, 0.0
8.0, -2.3, 50.0, 76.0, 1992-10-14 00:00:00, 0.0
5.0, 0.3, 90.0, 60.0, 1992-10-15 00:00:00, 1.0
11.0, -4.5, 90.0, 79.0, 1992-10-16 00:00:00, 3.8
11.0, -3.9, 90.0, 96.0, 1992-10-17 00:00:00, 0.0
8.0, 2.7, 230.0, 94.0, 1992-10-18 00:00:00, 0.3
11.0, 6.9, 140.0, 75.0, 1992-10-19 00:00:00, 2.5
13.0, 6.6, 270.0, 90.0, 1992-10-20 00:00:00, 5.6
6.0, 4.0, 90.0, 86.0, 1992-10-21 00:00:00, 0.0
24.0, 8.9, 230.0, 75.0, 1992-10-22 00:00:00, 2.0
7.0, 10.4, 230.0, 83.0, 1992-10-23 00:00:00, 2.8
21.0, 5.4, 270.0, 75.0, 1992-10-24 00:00:00, 2.8
6.0, 6.1, 230.0, 58.0, 1992-10-25 00:00:00, 0.0
16.0, 2.7, 270.0, 87.0, 1992-10-26 00:00:00, 2.8
12.0, 3.9, 140.0, 74.0, 1992-10-27 00:00:00, 0.3
5.0, 8.2, 180.0, 58.0, 1992-10-28 00:00:00, 0.0
20.0, 2.3, 90.0, 91.0, 1992-10-29 00:00:00, 0.0
8.0, 3.3, 90.0, 94.0, 1992-10-30 00:00:00, 2.0
11.0, -1.5, 140.0, 95.0, 1992-10-31 00:00:00, 0.0
11.0, -1.4, 90.0, 94.0, 1992-11-01 00:00:00, 0.0
0.0, -1.4, 0.0, 94.0, 1992-11-02 00:00:00, 0.0
0.0, 0.0, 0.0, 0.0, 1998-05-27 00:00:00, 0.0
1.0, 16.0, 225.0, 73.0, 1998-05-28 00:00:00, 0.0
3.0, 20.2, 0.0, 57.0, 1998-05-29 00:00:00, 0.0
7.0, 25.2, 135.0, 81.0, 1998-05-30 00:00:00, 2.79
2.0, 16.3, 315.0, 64.0, 1998-05-31 00:00:00, 0.25
3.0, 11.1, 0.0, 86.0, 1998-06-01 00:00:00, 11.18
3.0, 17.9, 135.0, 67.0, 1998-06-02 00:00:00, 0.0
13.0, 15.9, 90.0, 49.0, 1998-06-03 00:00:00, 0.0
14.0, 19.4, 135.0, 33.0, 1998-06-04 00:00:00, 0.0
7.0, 23.0, 135.0, 27.0, 1998-06-05 00:00:00, 0.0
0.0, 15.1, 270.0, 45.0, 1998-06-06 00:00:00, 1.02
5.0, 2.4, 135.0, 87.0, 1998-06-07 00:00:00, 1.27
6.0, 23.5, 225.0, 62.0, 1998-06-08 00:00:00, 0.0
10.0, 21.3, 270.0, 75.0, 1998-06-09 00:00:00, 0.25
6.0, 23.4, 180.0, 45.0, 1998-06-10 00:00:00, 0.0
12.0, 23.1, 270.0, 33.0, 1998-06-11 00:00:00, 0.0
10.0, 20.0, 270.0, 28.0, 1998-06-12 00:00:00, 0.0
6.0, 10.0, 45.0, 90.0, 1998-06-13 00:00:00, 3.05
0.0, 10.9, 180.0, 94.0, 1998-06-14 00:00:00, 4.83
6.0, 7.3, 180.0, 94.0, 1998-06-15 00:00:00, 9.91
0.0, 14.5, 180.0, 63.0, 1998-06-16 00:00:00, 4.57
0.0, 13.1, 180.0, 67.0, 1998-06-17 00:00:00, 0.25
0.0, 13.8, 270.0, 83.0, 1998-06-18 00:00:00, 4.57
0.0, 20.3, 0.0, 57.0, 1998-06-19 00:00:00, 1.02
5.0, 20.5, 180.0, 53.0, 1998-06-20 00:00:00, 0.0
10.0, 21.2, 180.0, 40.0, 1998-06-21 00:00:00, 0.25
9.0, 17.2, 225.0, 61.0, 1998-06-22 00:00:00, 0.0
11.0, 15.2, 180.0, 92.0, 1998-06-23 00:00:00, 0.0
8.0, 16.1, 90.0, 81.0, 1998-06-24 00:00:00, 3.05
0.0, 11.9, 0.0, 90.0, 1998-06-25 00:00:00, 12.45
0.0, 15.9, 180.0, 98.0, 1998-06-26 00:00:00, 17.78
0.0, 19.6, 270.0, 67.0, 1998-06-27 00:00:00, 0.25
7.0, 21.8, 0.0, 49.0, 1998-06-28 00:00:00, 0.0
7.0, 21.3, 90.0, 85.0, 1998-06-29 00:00:00, 0.0
5.0, 17.9, 45.0, 95.0, 1998-06-30 00:00:00, 1.78
0.0, 16.3, 45.0, 93.0, 1998-07-01 00:00:00, 6.1
0.0, 19.4, 45.0, 72.0, 1998-07-02 00:00:00, 3.56
0.0, 21.2, 225.0, 66.0, 1998-07-03 00:00:00, 1.27
0.0, 22.3, 180.0, 71.0, 1998-07-04 00:00:00, 0.0
0.0, 20.8, 225.0, 66.0, 1998-07-05 00:00:00, 5.33
