station_observations
wind_speed, temperature, wind_direction, relative_humidity, time, precipitation
0.0, 0.0, 0.0, 0.0, 1983-05-09 00:00:00, 0.0
5.0, 9.5, 230.0, 50.0, 1983-05-10 00:00:00, 0.5
5.0, 14.0, 40.0, 30.0, 1983-05-11 00:00:00, 0.0
10.0, 13.5, 40.0, 39.0, 1983-05-12 00:00:00, 0.0
14.0, 15.0, 270.0, 33.0, 1983-05-13 00:00:00, 0.0
9.0, 4.0, 230.0, 99.0, 1983-05-14 00:00:00, 1.2
10.0, 12.0, 270.0, 61.0, 1983-05-15 00:00:00, 5.5
16.0, 13.5, 230.0, 37.0, 1983-05-16 00:00:00, 0.0
10.0, 8.0, 230.0, 81.0, 1983-05-17 00:00:00, 0.0
13.0, 10.0, 270.0, 46.0, 1983-05-18 00:00:00, 0.7
16.0, 13.5, 270.0, 99.0, 1983-05-19 00:00:00, 0.2
18.0, 9.0, 230.0, 99.0, 1983-05-20 00:00:00, 0.2
15.0, 13.5, 230.0, 49.0, 1983-05-21 00:00:00, 0.0
15.0, 16.0, 270.0, 47.0, 1983-05-22 00:00:00, 0.0
13.0, 15.0, 230.0, 53.0, 1983-05-23 00:00:00, 0.0
8.0, 19.5, 230.0, 28.0, 1983-05-24 00:00:00, 0.0
21.0, 12.5, 230.0, 50.0, 1983-05-25 00:00:00, 0.0
10.0, 12.0, 180.0, 54.0, 1983-05-26 00:00:00, 0.0
10.0, 22.0, 40.0, 45.0, 1983-05-27 00:00:00, 0.0
7.0, 29.5, 0.0, 19.0, 1983-05-28 00:00:00, 0.0
10.0, 32.0, 90.0, 10.0, 1983-05-29 00:00:00, 0.0
17.0, 31.5, 90.0, 10.0, 1983-05-30 00:00:00, 0.0
9.0, 21.5, 270.0, 44.0, 1983-05-31 00:00:00, 0.0
4.0, 15.5, 40.0, 81.0, 1983-06-01 00:00:00, 3.8
3.0, 8.0, 40.0, 95.0, 1983-06-02 00:00:00, 7.3
16.0, 13.0, 270.0, 42.0, 1983-06-03 00:00:00, 1.0
3.0, 6.0, 320.0, 80.0, 1983-06-04 00:00:00, 0.5
10.0, 10.0, 40.0, 92.0, 1983-06-05 00:00:00, 5.3
1.0, 9.0, 270.0, 94.0, 1983-06-06 00:00:00, 3.3
7.0, 15.0, 270.0, 30.0, 1983-06-07 00:00:00, 6.9
11.0, 17.0, 270.0, 46.0, 1983-06-08 00:00:00, 0.0
10.0, 14.0, 230.0, 35.0, 1983-06-09 00:00:00, 5.3
11.0, 10.0, 230.0, 50.0, 1983-06-10 00:00:00, 0.5
17.0, 11.0, 270.0, 62.0, 1983-06-11 00:00:00, 2.0
10.0, 14.0, 40.0, 39.0, 1983-06-12 00:00:00, 0.0
3.0, 16.0, 40.0, 52.0, 1983-06-13 00:00:00, 0.0
9.0, 12.0, 230.0, 77.0, 1983-06-14 00:00:00, 1.2
10.0, 12.0, 270.0, 61.0, 1983-06-15 00:00:00, 5.5
9.0, 10.5, 40.0, 83.0, 1983-06-16 00:00:00, 0.5
3.0, 12.5, 270.0, 69.0, 1983-06-17 00:00:00, 7.8
13.0, 10.0, 270.0, 46.0, 1983-06-18 00:00:00, 12.9
14.0, 8.5, 230.0, 67.0, 1983-06-19 00:00:00, 0.5
19.0, 6.0, 230.0, 99.0, 1983-06-20 00:00:00, 0.2
2.0, 12.0, 40.0, 79.0, 1983-06-21 00:00:00, 0.0
18.0, 20.5, 90.0, 37.0, 1983-06-22 00:00:00, 0.0
14.0, 16.0, 90.0, 64.0, 1983-06-23 00:00:00, 0.2
8.0, 13.0, 180.0, 72.0, 1983-06-24 00:00:00, 18.2
21.0, 13.0, 270.0, 50.0, 1983-06-25 00:00:00, 11.4
10.0, 12.0, 180.0, 54.0, 1983-06-26 00:00:00, 3.5
10.0, 22.0, 40.0, 40.0, 1983-06-27 00:00:00, 0.7
7.0, 18.0, 40.0, 48.0, 1983-06-28 00:00:00, 0.0
0.0, 12.0, 0.0, 90.0, 1983-06-29 00:00:00, 6.1
0.0, 17.5, 0.0, 70.0, 1983-06-30 00:00:00, 22.1
5.0, 16.0, 230.0, 48.0, 1983-07-01 00:00:00, 0.0
12.0, 11.0, 230.0, 93.0, 1983-07-02 00:00:00, 0.5
3.0, 15.5, 180.0, 56.0, 1983-07-03 00:00:00, 0.5
3.0, 10.0, 320.0, 80.0, 1983-07-04 00:00:00, 0.5
12.0, 13.5, 320.0, 60.0, 1983-07-05 00:00:00, 0.7
13.0, 16.0, 40.0, 59.0, 1983-07-06 00:00:00, 2.7
2.0, 14.0, 40.0, 44.0, 1983-07-07 00:00:00, 1.2
8.0, 12.0, 320.0, 70.0, 1983-07-08 00:00:00, 4.0
7.0, 13.0, 320.0, 70.0, 1983-07-09 00:00:00, 1.0
15.0, 16.0, 230.0, 53.0, 1983-07-10 00:00:00, 0.2
5.0, 12.0, 230.0, 76.0, 1983-07-11 00:00:00, 1.7
10.0, 12.5, 230.0, 66.0, 1983-07-12 00:00:00, 2.5
6.0, 19.0, 270.0, 97.0, 1983-07-13 00:00:00, 7.3
12.0, 8.0, 230.0, 97.0, 1983-07-14 00:00:00, 25.4
8.0, 9.0, 230.0, 94.0, 1983-07-15 00:00:00, 8.3
6.0, 17.5, 320.0, 61.0, 1983-07-16 00:00:00, 0.7
4.0, 21.0, 180.0, 48.0, 1983-07-17 00:00:00, 3.0
16.0, 22.0, 270.0, 28.0, 1983-07-18 00:00:00, 0.0
9.0, 25.0, 230.0, 36.0, 1983-07-19 00:00:00, 0.0
6.0, 15.5, 270.0, 67.0, 1983-07-20 00:00:00, 2.5
8.0, 16.5, 320.0, 53.0, 1983-07-21 00:00:00, 0.0
8.0, 16.5, 40.0, 59.0, 1983-07-22 00:00:00, 0.7
14.0, 16.0, 90.0, 64.0, 1983-07-23 00:00:00, 0.2
9.0, 20.0, 230.0, 46.0, 1983-07-24 00:00:00, 0.0
8.0, 9.0, 230.0, 97.0, 1983-07-25 00:00:00, 12.9
5.0, 13.5, 230.0, 56.0, 1983-07-26 00:00:00, 0.7
9.0, 18.0, 180.0, 49.0, 1983-07-27 00:00:00, 0.7
17.0, 13.0, 320.0, 81.0, 1983-07-28 00:00:00, 2.0
4.0, 18.0, 230.0, 53.0, 1983-07-29 00:00:00, 1.8
8.0, 25.5, 40.0, 38.0, 1983-07-30 00:00:00, 0.0
10.0, 26.0, 140.0, 32.0, 1983-07-31 00:00:00, 0.0
5.0, 15.0, 320.0, 68.0, 1983-08-01 00:00:00, 0.0
14.0, 20.0, 180.0, 43.0, 1983-08-02 00:00:00, 0.2
8.0, 13.5, 230.0, 48.0, 1983-08-03 00:00:00, 4.0
10.0, 15.0, 40.0, 59.0, 1983-08-04 00:00:00, 0.2
5.0, 14.5, 230.0, 62.0, 1983-08-05 00:00:00, 0.5
10.0, 17.5, 270.0, 54.0, 1983-08-06 00:00:00, 0.0
1.0, 20.0, 0.0, 46.0, 1983-08-07 00:00:00, 0.0
1.0, 21.0, 40.0, 57.0, 1983-08-08 00:00:00, 0.0
3.0, 24.0, 40.0, 49.0, 1983-08-09 00:00:00, 1.2
2.0, 23.5, 270.0, 45.0, 1983-08-10 00:00:00, 0.0
15.0, 17.5, 270.0, 54.0, 1983-08-11 00:00:00, 0.0
4.0, 14.0, 230.0, 66.0, 1983-08-12 00:00:00, 0.0
6.0, 17.0, 230.0, 54.0, 1983-08-13 00:00:00, 0.0
9.0, 16.0, 320.0, 47.0, 1983-08-14 00:00:00, 0.0
