station_observations
wind_speed, temperature, wind_direction, relative_humidity, time, precipitation
11.0, 17.0, 0.0, 28.0, 1987-07-14 00:00:00, 0.0
16.0, 12.8, 270.0, 43.0, 1987-07-15 00:00:00, 0.0
16.0, 13.6, 320.0, 62.0, 1987-07-16 00:00:00, 0.0
17.0, 18.4, 0.0, 43.0, 1987-07-17 00:00:00, 0.0
7.0, 19.3, 270.0, 39.0, 1987-07-18 00:00:00, 0.0
10.0, 21.4, 320.0, 39.0, 1987-07-19 00:00:00, 0.0
3.0, 16.6, 140.0, 77.0, 1987-07-20 00:00:00, 0.0
10.0, 16.8, 320.0, 86.0, 1987-07-21 00:00:00, 6.6
12.0, 20.3, 320.0, 57.0, 1987-07-22 00:00:00, 0.0
5.0, 23.2, 230.0, 46.0, 1987-07-23 00:00:00, 0.0
9.0, 24.8, 270.0, 41.0, 1987-07-24 00:00:00, 0.3
9.0, 23.1, 140.0, 45.0, 1987-07-25 00:00:00, 0.0
7.0, 18.0, 180.0, 68.0, 1987-07-26 00:00:00, 9.9
8.0, 17.4, 0.0, 51.0, 1987-07-27 00:00:00, 4.8
5.0, 21.3, 90.0, 39.0, 1987-07-28 00:00:00, 0.3
11.0, 20.9, 180.0, 38.0, 1987-07-29 00:00:00, 0.0
9.0, 17.9, 270.0, 54.0, 1987-07-30 00:00:00, 0.0
14.0, 9.5, 270.0, 95.0, 1987-07-31 00:00:00, 2.5
9.0, 8.8, 270.0, 92.0, 1987-08-01 00:00:00, 2.3
14.0, 10.4, 320.0, 92.0, 1987-08-02 00:00:00, 2.0
8.0, 18.1, 230.0, 54.0, 1987-08-03 00:00:00, 0.0
9.0, 13.3, 230.0, 91.0, 1987-08-04 00:00:00, 6.1
2.0, 15.7, 180.0, 78.0, 1987-08-05 00:00:00, 4.1
8.0, 18.4, 270.0, 49.0, 1987-08-06 00:00:00, 0.0
7.0, 20.5, 230.0, 53.0, 1987-08-07 00:00:00, 0.0
14.0, 21.0, 320.0, 48.0, 1987-08-08 00:00:00, 0.0
15.0, 20.1, 320.0, 56.0, 1987-08-09 00:00:00, 0.0
19.0, 16.5, 320.0, 50.0, 1987-08-10 00:00:00, 0.3
12.0, 16.9, 320.0, 42.0, 1987-08-11 00:00:00, 0.3
3.0, 12.5, 270.0, 80.0, 1987-08-12 00:00:00, 1.3
8.0, 12.0, 0.0, 91.0, 1987-08-13 00:00:00, 2.5
14.0, 14.5, 320.0, 55.0, 1987-08-14 00:00:00, 0.0
12.0, 16.0, 270.0, 52.0, 1987-08-15 00:00:00, 0.0
5.0, 10.9, 320.0, 68.0, 1987-08-16 00:00:00, 2.0
2.0, 12.8, 270.0, 59.0, 1987-08-17 00:00:00, 2.0
4.0, 13.6, 320.0, 65.0, 1987-08-18 00:00:00, 4.3
6.0, 11.4, 140.0, 76.0, 1987-08-19 00:00:00, 1.3
9.0, 9.1, 270.0, 80.0, 1987-08-20 00:00:00, 15.7
7.0, 15.4, 230.0, 50.0, 1987-08-21 00:00:00, 0.3
12.0, 19.5, 320.0, 34.0, 1987-08-22 00:00:00, 0.0
22.0, 19.5, 320.0, 44.0, 1987-08-23 00:00:00, 0.0
18.0, 20.4, 320.0, 39.0, 1987-08-24 00:00:00, 0.0
6.0, 20.3, 230.0, 43.0, 1987-08-25 00:00:00, 0.0
9.0, 21.0, 140.0, 40.0, 1987-08-26 00:00:00, 0.0
2.0, 18.8, 230.0, 48.0, 1987-08-27 00:00:00, 0.0
7.0, 12.8, 320.0, 58.0, 1987-08-28 00:00:00, 0.0
6.0, 17.2, 40.0, 43.0, 1987-08-29 00:00:00, 0.0
15.0, 16.7, 140.0, 54.0, 1987-08-30 00:00:00, 0.0
7.0, 23.9, 230.0, 33.0, 1987-08-31 00:00:00, 0.0
12.0, 16.1, 140.0, 52.0, 1987-09-01 00:00:00, 0.0
19.0, 11.9, 320.0, 68.0, 1987-09-02 00:00:00, 0.5
8.0, 13.3, 270.0, 60.0, 1987-09-03 00:00:00, 0.3
9.0, 16.7, 270.0, 48.0, 1987-09-04 00:00:00, 0.0
12.0, 20.2, 320.0, 39.0, 1987-09-05 00:00:00, 0.0
10.0, 19.4, 320.0, 31.0, 1987-09-06 00:00:00, 0.0
5.0, 20.5, 270.0, 26.0, 1987-09-07 00:00:00, 0.0
6.0, 20.0, 320.0, 39.0, 1987-09-08 00:00:00, 0.0
9.0, 19.7, 0.0, 43.0, 1987-09-09 00:00:00, 0.0
5.0, 24.2, 230.0, 31.0, 1987-09-10 00:00:00, 0.0
5.0, 24.4, 140.0, 24.0, 1987-09-11 00:00:00, 0.0
9.0, 18.5, 0.0, 38.0, 1987-09-12 00:00:00, 0.0
6.0, 13.1, 0.0, 24.0, 1987-09-13 00:00:00, 0.0
29.0, 13.6, 140.0, 49.0, 1987-09-14 00:00:00, 0.0
14.0, 5.4, 140.0, 93.0, 1987-09-15 00:00:00, 0.8
10.0, 9.7, 230.0, 42.0, 1987-09-16 00:00:00, 2.3
22.0, 13.6, 140.0, 40.0, 1987-09-17 00:00:00, 0.0
4.0, 14.1, 0.0, 39.0, 1987-09-18 00:00:00, 0.0
21.0, 17.0, 140.0, 37.0, 1987-09-19 00:00:00, 0.0
24.0, 19.2, 140.0, 42.0, 1987-09-20 00:00:00, 0.0
19.0, 23.5, 140.0, 28.0, 1987-09-21 00:00:00, 0.0
13.0, 25.2, 140.0, 15.0, 1987-09-22 00:00:00, 0.0
4.0, 21.8, 270.0, 24.0, 1987-09-23 00:00:00, 0.0
10.0, 24.5, 140.0, 15.0, 1987-09-24 00:00:00, 0.0
20.0, 12.3, 320.0, 56.0, 1987-09-25 00:00:00, 0.0
7.0, 9.5, 320.0, 67.0, 1987-09-26 00:00:00, 6.9
17.0, 12.1, 140.0, 50.0, 1987-09-27 00:00:00, 0.0
14.0, 15.2, 140.0, 42.0, 1987-09-28 00:00:00, 0.0
12.0, 16.4, 140.0, 47.0, 1987-09-29 00:00:00, 0.8
14.0, 16.9, 140.0, 36.0, 1987-09-30 00:00:00, 0.0
19.0, 22.2, 140.0, 21.0, 1987-10-01 00:00:00, 0.0
19.0, 21.9, 140.0, 22.0, 1987-10-02 00:00:00, 0.0
12.0, 13.4, 270.0, 55.0, 1987-10-03 00:00:00, 0.3
8.0, 8.8, 140.0, 44.0, 1987-10-04 00:00:00, 0.0
0.0, 11.7, 0.0, 61.0, 1987-10-05 00:00:00, 1.8
8.0, 14.8, 140.0, 41.0, 1987-10-06 00:00:00, 0.0
27.0, 8.1, 320.0, 48.0, 1987-10-07 00:00:00, 0.0
15.0, 8.2, 320.0, 41.0, 1987-10-08 00:00:00, 0.0
10.0, 8.2, 270.0, 44.0, 1987-10-09 00:00:00, 0.0
7.0, 13.6, 140.0, 25.0, 1987-10-10 00:00:00, 0.0
18.0, 17.3, 140.0, 15.0, 1987-10-11 00:00:00, 0.0
12.0, 9.9, 320.0, 27.0, 1987-10-12 00:00:00, 0.0
10.0, 9.9, 140.0, 26.0, 1987-10-13 00:00:00, 0.0
11.0, 6.9, 0.0, 41.0, 1987-10-14 00:00:00, 0.0
2.0, 8.1, 230.0, 48.0, 1987-10-15 00:00:00, 0.0
11.0, 3.9, 0.0, 81.0, 1987-10-16 00:00:00, 0.8
1.0, 3.8, 230.0, 48.0, 1987-10-17 00:00:00, 0.0
3.0, 7.3, 40.0, 50.0, 1987-10-18 00:00:00, 0.0
4.0, 9.6, 270.0, 51.0, 1987-10-19 00:00:00, 0.0
18.0, 9.1, 140.0, 57.0, 1987-10-20 00:00:00, 0.0
4.0, 6.8, 0.0, 41.0, 1987-10-21 00:00:00, 0.0
3.0, 9.8, 270.0, 30.0, 1987-10-22 00:00:00, 0.0
12.0, 4.5, 140.0, 56.0, 1987-10-23 00:00:00, 0.0
19.0, 8.2, 140.0, 58.0, 1987-10-24 00:00:00, 0.0
27.0, 8.0, 270.0, 45.0, 1987-10-25 00:00:00, 0.8
10.0, 5.9, 140.0, 49.0, 1987-10-26 00:00:00, 0.0
16.0, 6.3, 140.0, 78.0, 1987-10-27 00:00:00, 2.0
15.0, 11.0, 140.0, 50.0, 1987-10-28 00:00:00, 0.0
18.0, 10.8, 140.0, 73.0, 1987-10-29 00:00:00, 1.5
9.0, 9.1, 140.0, 89.0, 1987-10-30 00:00:00, 3.6
9.0, 8.5, 140.0, 84.0, 1987-10-31 00:00:00, 0.0
0.0, 0.3, 0.0, 93.0, 1987-11-01 00:00:00, 4.8
21.0, 1.6, 140.0, 90.0, 1987-11-02 00:00:00, 0.3
8.0, 3.2, 0.0, 91.0, 1987-11-03 00:00:00, 2.3
13.0, 2.8, 140.0, 94.0, 1987-11-04 00:00:00, 4.6
0.0, 8.2, 0.0, 68.0, 1988-05-03 00:00:00, 1.8
15.0, 5.9, 0.0, 96.0, 1988-05-04 00:00:00, 1.3
16.0, 10.2, 230.0, 64.0, 1988-05-05 00:00:00, 0.8
14.0, 8.4, 320.0, 72.0, 1988-05-06 00:00:00, 0.0
3.0, 14.7, 0.0, 30.0, 1988-05-07 00:00:00, 0.0
13.0, 17.9, 230.0, 33.0, 1988-05-08 00:00:00, 0.0
4.0, 19.0, 230.0, 36.0, 1988-05-09 00:00:00, 0.0
11.0, 19.4, 140.0, 33.0, 1988-05-10 00:00:00, 0.0
5.0, 21.6, 270.0, 39.0, 1988-05-11 00:00:00, 0.0
17.0, 24.3, 140.0, 33.0, 1988-05-12 00:00:00, 0.0
21.0, 7.1, 270.0, 97.0, 1988-05-13 00:00:00, 9.9
7.0, 9.7, 0.0, 68.0, 1988-05-14 00:00:00, 9.4
21.0, 11.9, 140.0, 58.0, 1988-05-15 00:00:00, 0.3
20.0, 9.5, 140.0, 95.0, 1988-05-16 00:00:00, 2.8
18.0, 11.3, 230.0, 42.0, 1988-05-17 00:00:00, 1.3
6.0, 11.3, 180.0, 43.0, 1988-05-18 00:00:00, 0.0
9.0, 15.1, 180.0, 47.0, 1988-05-19 00:00:00, 4.6
10.0, 12.7, 270.0, 45.0, 1988-05-20 00:00:00, 0.8
19.0, 19.9, 140.0, 29.0, 1988-05-21 00:00:00, 0.0
22.0, 17.6, 140.0, 43.0, 1988-05-22 00:00:00, 0.0
3.0, 9.5, 230.0, 71.0, 1988-05-23 00:00:00, 15.0
8.0, 14.8, 320.0, 46.0, 1988-05-24 00:00:00, 0.0
8.0, 15.9, 230.0, 38.0, 1988-05-25 00:00:00, 0.0
21.0, 14.1, 140.0, 42.0, 1988-05-26 00:00:00, 2.0
20.0, 18.0, 140.0, 49.0, 1988-05-27 00:00:00, 0.8
10.0, 15.7, 140.0, 45.0, 1988-05-28 00:00:00, 0.0
9.0, 10.0, 320.0, 53.0, 1988-05-29 00:00:00, 4.3
10.0, 14.8, 230.0, 34.0, 1988-05-30 00:00:00, 0.0
21.0, 14.2, 140.0, 42.0, 1988-05-31 00:00:00, 0.0
14.0, 11.2, 140.0, 66.0, 1988-06-01 00:00:00, 11.7
30.0, 10.9, 140.0, 52.0, 1988-06-02 00:00:00, 0.8
22.0, 14.6, 140.0, 36.0, 1988-06-03 00:00:00, 0.0
9.0, 14.6, 270.0, 52.0, 1988-06-04 00:00:00, 0.0
5.0, 12.5, 90.0, 69.0, 1988-06-05 00:00:00, 3.3
15.0, 13.4, 140.0, 88.0, 1988-06-06 00:00:00, 3.0
2.0, 14.7, 320.0, 81.0, 1988-06-07 00:00:00, 0.0
14.0, 11.3, 230.0, 85.0, 1988-06-08 00:00:00, 2.3
14.0, 16.2, 140.0, 51.0, 1988-06-09 00:00:00, 4.3
10.0, 6.8, 320.0, 99.0, 1988-06-10 00:00:00, 2.5
11.0, 11.2, 0.0, 71.0, 1988-06-11 00:00:00, 6.6
9.0, 15.4, 270.0, 54.0, 1988-06-12 00:00:00, 0.0
8.0, 20.7, 320.0, 40.0, 1988-06-13 00:00:00, 0.0
9.0, 25.2, 140.0, 25.0, 1988-06-14 00:00:00, 0.0
11.0, 20.7, 230.0, 41.0, 1988-06-15 00:00:00, 0.0
7.0, 23.1, 140.0, 35.0, 1988-06-16 00:00:00, 0.0
13.0, 22.2, 140.0, 40.0, 1988-06-17 00:00:00, 0.0
20.0, 10.2, 320.0, 85.0, 1988-06-18 00:00:00, 1.5
6.0, 14.6, 320.0, 47.0, 1988-06-19 00:00:00, 0.5
5.0, 17.5, 320.0, 46.0, 1988-06-20 00:00:00, 0.0
23.0, 21.3, 140.0, 36.0, 1988-06-21 00:00:00, 0.0
14.0, 22.6, 230.0, 38.0, 1988-06-22 00:00:00, 0.8
14.0, 17.3, 270.0, 44.0, 1988-06-23 00:00:00, 0.0
4.0, 15.2, 90.0, 54.0, 1988-06-24 00:00:00, 4.3
13.0, 22.6, 140.0, 34.0, 1988-06-25 00:00:00, 0.0
2.0, 22.1, 270.0, 35.0, 1988-06-26 00:00:00, 0.0
12.0, 14.8, 320.0, 74.0, 1988-06-27 00:00:00, 0.0
16.0, 16.0, 0.0, 65.0, 1988-06-28 00:00:00, 2.0
4.0, 12.0, 50.0, 75.0, 1988-06-29 00:00:00, 4.3
8.0, 14.9, 230.0, 49.0, 1988-06-30 00:00:00, 0.0
17.0, 16.5, 140.0, 50.0, 1988-07-01 00:00:00, 0.5
11.0, 9.3, 230.0, 93.0, 1988-07-02 00:00:00, 6.6
3.0, 14.7, 320.0, 48.0, 1988-07-03 00:00:00, 8.6
13.0, 16.2, 320.0, 61.0, 1988-07-04 00:00:00, 0.0
13.0, 16.4, 320.0, 56.0, 1988-07-05 00:00:00, 0.3
14.0, 19.9, 270.0, 45.0, 1988-07-06 00:00:00, 0.0
7.0, 18.6, 270.0, 44.0, 1988-07-07 00:00:00, 0.0
8.0, 25.4, 230.0, 29.0, 1988-07-08 00:00:00, 0.0
12.0, 22.9, 320.0, 40.0, 1988-07-09 00:00:00, 0.0
6.0, 25.7, 140.0, 38.0, 1988-07-10 00:00:00, 0.0
12.0, 11.3, 270.0, 95.0, 1988-07-11 00:00:00, 8.9
14.0, 15.0, 140.0, 69.0, 1988-07-12 00:00:00, 11.7
5.0, 15.4, 140.0, 70.0, 1988-07-13 00:00:00, 11.7
15.0, 14.3, 270.0, 66.0, 1988-07-14 00:00:00, 5.3
9.0, 16.8, 270.0, 57.0, 1988-07-15 00:00:00, 0.8
13.0, 16.7, 230.0, 55.0, 1988-07-16 00:00:00, 1.0
16.0, 13.8, 270.0, 58.0, 1988-07-17 00:00:00, 0.0
3.0, 21.3, 0.0, 52.0, 1988-07-18 00:00:00, 0.0
8.0, 25.5, 230.0, 45.0, 1988-07-19 00:00:00, 0.0
16.0, 26.5, 270.0, 33.0, 1988-07-20 00:00:00, 0.0
8.0, 22.7, 320.0, 36.0, 1988-07-21 00:00:00, 0.0
16.0, 14.5, 320.0, 43.0, 1988-07-22 00:00:00, 0.0
3.0, 16.9, 230.0, 45.0, 1988-07-23 00:00:00, 0.0
0.0, 18.5, 0.0, 73.0, 1988-07-24 00:00:00, 5.3
12.0, 19.1, 230.0, 58.0, 1988-07-25 00:00:00, 1.0
6.0, 18.4, 140.0, 64.0, 1988-07-26 00:00:00, 0.0
11.0, 18.5, 320.0, 59.0, 1988-07-27 00:00:00, 0.0
15.0, 19.5, 270.0, 43.0, 1988-07-28 00:00:00, 0.0
7.0, 17.7, 230.0, 58.0, 1988-07-29 00:00:00, 0.0
13.0, 17.0, 270.0, 52.0, 1988-07-30 00:00:00, 0.0
12.0, 15.2, 320.0, 63.0, 1988-07-31 00:00:00, 0.0
23.0, 17.3, 320.0, 55.0, 1988-08-01 00:00:00, 0.0
14.0, 20.6, 320.0, 45.0, 1988-08-02 00:00:00, 0.3
3.0, 23.4, 270.0, 45.0, 1988-08-03 00:00:00, 0.0
11.0, 15.8, 50.0, 86.0, 1988-08-04 00:00:00, 4.1
6.0, 11.9, 320.0, 94.0, 1988-08-05 00:00:00, 10.2
13.0, 15.3, 320.0, 72.0, 1988-08-06 00:00:00, 0.0
7.0, 18.0, 230.0, 58.0, 1988-08-07 00:00:00, 0.8
8.0, 12.3, 140.0, 95.0, 1988-08-08 00:00:00, 8.1
15.0, 12.4, 270.0, 87.0, 1988-08-09 00:00:00, 8.1
4.0, 13.5, 0.0, 70.0, 1988-08-10 00:00:00, 0.0
10.0, 17.3, 270.0, 64.0, 1988-08-11 00:00:00, 0.0
6.0, 20.0, 0.0, 43.0, 1988-08-12 00:00:00, 0.0
11.0, 19.1, 230.0, 49.0, 1988-08-13 00:00:00, 0.0
4.0, 15.7, 270.0, 59.0, 1988-08-14 00:00:00, 0.0
1.0, 14.1, 0.0, 77.0, 1988-08-15 00:00:00, 0.8
0.0, 13.8, 0.0, 91.0, 1988-08-16 00:00:00, 6.3
11.0, 13.8, 270.0, 88.0, 1988-08-17 00:00:00, 6.3
11.0, 13.0, 230.0, 75.0, 1988-08-18 00:00:00, 3.0
7.0, 11.6, 0.0, 94.0, 1988-08-19 00:00:00, 0.5
10.0, 10.9, 320.0, 78.0, 1988-08-20 00:00:00, 5.1
10.0, 15.3, 320.0, 57.0, 1988-08-21 00:00:00, 0.0
5.0, 19.3, 270.0, 61.0, 1988-08-22 00:00:00, 0.0
6.0, 22.7, 270.0, 41.0, 1988-08-23 00:00:00, 0.0
9.0, 23.1, 320.0, 30.0, 1988-08-24 00:00:00, 0.0
19.0, 23.0, 320.0, 47.0, 1988-08-25 00:00:00, 0.0
6.0, 22.7, 270.0, 53.0, 1988-08-26 00:00:00, 0.0
17.0, 24.6, 140.0, 43.0, 1988-08-27 00:00:00, 0.0
20.0, 25.2, 140.0, 38.0, 1988-08-28 00:00:00, 0.0
17.0, 9.8, 320.0, 96.0, 1988-08-29 00:00:00, 2.0
4.0, 12.9, 230.0, 66.0, 1988-08-30 00:00:00, 2.3
12.0, 16.1, 270.0, 54.0, 1988-08-31 00:00:00, 0.0
7.0, 23.5, 140.0, 38.0, 1988-09-01 00:00:00, 0.0
3.0, 27.4, 230.0, 33.0, 1988-09-02 00:00:00, 0.0
18.0, 29.7, 140.0, 25.0, 1988-09-03 00:00:00, 0.0
17.0, 31.1, 140.0, 18.0, 1988-09-04 00:00:00, 0.0
8.0, 24.0, 0.0, 28.0, 1988-09-05 00:00:00, 0.0
15.0, 5.1, 0.0, 97.0, 1988-09-06 00:00:00, 5.3
20.0, 11.0, 270.0, 49.0, 1988-09-07 00:00:00, 1.3
3.0, 6.1, 140.0, 80.0, 1988-09-08 00:00:00, 0.0
9.0, 8.1, 320.0, 72.0, 1988-09-09 00:00:00, 8.4
19.0, 10.9, 320.0, 61.0, 1988-09-10 00:00:00, 0.0
8.0, 15.2, 270.0, 47.0, 1988-09-11 00:00:00, 0.0
5.0, 19.5, 230.0, 44.0, 1988-09-12 00:00:00, 0.0
11.0, 22.5, 140.0, 44.0, 1988-09-13 00:00:00, 0.0
15.0, 20.6, 140.0, 39.0, 1988-09-14 00:00:00, 0.0
16.0, 10.6, 320.0, 71.0, 1988-09-15 00:00:00, 0.0
18.0, 8.9, 320.0, 60.0, 1988-09-16 00:00:00, 0.0
16.0, 9.1, 320.0, 42.0, 1988-09-17 00:00:00, 0.0
16.0, 6.6, 140.0, 57.0, 1988-09-18 00:00:00, 0.0
12.0, 8.7, 320.0, 84.0, 1988-09-19 00:00:00, 4.8
13.0, 8.9, 230.0, 43.0, 1988-09-20 00:00:00, 0.0
16.0, 9.0, 320.0, 52.0, 1988-09-21 00:00:00, 0.0
17.0, 10.4, 230.0, 47.0, 1988-09-22 00:00:00, 0.0
11.0, 6.3, 0.0, 77.0, 1988-09-23 00:00:00, 0.0
4.0, 7.8, 180.0, 52.0, 1988-09-24 00:00:00, 0.0
11.0, 7.6, 270.0, 55.0, 1988-09-25 00:00:00, 0.0
22.0, 5.5, 140.0, 88.0, 1988-09-26 00:00:00, 0.3
13.0, 8.7, 320.0, 68.0, 1988-09-27 00:00:00, 4.3
36.0, 8.1, 140.0, 81.0, 1988-09-28 00:00:00, 5.3
19.0, 12.7, 230.0, 84.0, 1988-09-29 00:00:00, 1.3
9.0, 12.9, 50.0, 53.0, 1988-09-30 00:00:00, 0.0
0.0, 10.4, 0.0, 69.0, 1988-10-01 00:00:00, 0.0
0.0, 9.4, 0.0, 83.0, 1988-10-02 00:00:00, 0.0
17.0, 21.3, 230.0, 40.0, 1988-10-03 00:00:00, 0.0
21.0, 21.6, 230.0, 35.0, 1988-10-04 00:00:00, 0.0
8.0, 17.1, 50.0, 56.0, 1988-10-05 00:00:00, 0.0
1.0, 16.9, 320.0, 62.0, 1988-10-06 00:00:00, 0.0
7.0, 14.6, 320.0, 70.0, 1988-10-07 00:00:00, 0.0
9.0, 17.1, 230.0, 50.0, 1988-10-08 00:00:00, 0.0
1.0, 17.6, 320.0, 41.0, 1988-10-09 00:00:00, 0.0
0.0, 17.3, 0.0, 51.0, 1988-10-10 00:00:00, 0.0
19.0, 18.6, 230.0, 45.0, 1988-10-11 00:00:00, 0.0
8.0, 13.4, 230.0, 53.0, 1988-10-12 00:00:00, 0.0
25.0, 11.5, 230.0, 77.0, 1988-10-13 00:00:00, 0.3
12.0, 9.2, 230.0, 77.0, 1988-10-14 00:00:00, 2.5
11.0, 5.6, 230.0, 95.0, 1988-10-15 00:00:00, 5.1
19.0, 5.5, 0.0, 75.0, 1988-10-16 00:00:00, 4.6
3.0, 5.3, 180.0, 62.0, 1988-10-17 00:00:00, 0.0
0.0, 0.0, 0.0, 0.0, 1989-04-26 00:00:00, 0.0
5.0, 13.4, 140.0, 40.0, 1989-04-27 00:00:00, 0.0
6.0, 17.4, 90.0, 33.0, 1989-04-28 00:00:00, 0.0
11.0, 19.3, 270.0, 27.0, 1989-04-29 00:00:00, 0.0
22.0, 15.8, 320.0, 36.0, 1989-04-30 00:00:00, 0.0
26.0, 13.5, 320.0, 58.0, 1989-05-01 00:00:00, 0.0
13.0, 13.6, 320.0, 46.0, 1989-05-02 00:00:00, 0.0
19.0, 14.6, 270.0, 37.0, 1989-05-03 00:00:00, 0.0
8.0, 17.2, 320.0, 30.0, 1989-05-04 00:00:00, 0.0
6.0, 18.7, 320.0, 26.0, 1989-05-05 00:00:00, 0.0
15.0, 17.3, 230.0, 40.0, 1989-05-06 00:00:00, 0.0
1.0, 14.0, 0.0, 51.0, 1989-05-07 00:00:00, 4.1
11.0, 19.5, 140.0, 34.0, 1989-05-08 00:00:00, 0.0
15.0, 19.9, 140.0, 29.0, 1989-05-09 00:00:00, 0.0
16.0, 4.4, 320.0, 92.0, 1989-05-10 00:00:00, 1.0
9.0, 6.6, 180.0, 69.0, 1989-05-11 00:00:00, 1.5
5.0, 7.4, 270.0, 49.0, 1989-05-12 00:00:00, 0.5
10.0, 14.1, 230.0, 36.0, 1989-05-13 00:00:00, 0.0
6.0, 15.5, 270.0, 24.0, 1989-05-14 00:00:00, 0.0
9.0, 14.6, 230.0, 37.0, 1989-05-15 00:00:00, 0.0
9.0, 12.7, 270.0, 40.0, 1989-05-16 00:00:00, 0.3
5.0, 5.5, 140.0, 96.0, 1989-05-17 00:00:00, 9.7
10.0, 4.8, 230.0, 91.0, 1989-05-18 00:00:00, 4.3
13.0, 5.9, 230.0, 73.0, 1989-05-19 00:00:00, 6.3
15.0, 8.0, 270.0, 45.0, 1989-05-20 00:00:00, 0.0
11.0, 8.0, 0.0, 53.0, 1989-05-21 00:00:00, 0.0
9.0, 11.5, 320.0, 47.0, 1989-05-22 00:00:00, 0.0
7.0, 11.5, 50.0, 57.0, 1989-05-23 00:00:00, 0.0
27.0, 14.3, 320.0, 39.0, 1989-05-24 00:00:00, 0.0
16.0, 4.1, 270.0, 90.0, 1989-05-25 00:00:00, 1.0
15.0, 5.8, 140.0, 96.0, 1989-05-26 00:00:00, 2.8
22.0, 11.9, 320.0, 53.0, 1989-05-27 00:00:00, 0.5
22.0, 16.0, 320.0, 27.0, 1989-05-28 00:00:00, 0.0
13.0, 19.4, 320.0, 27.0, 1989-05-29 00:00:00, 0.0
21.0, 22.3, 270.0, 35.0, 1989-05-30 00:00:00, 0.0
19.0, 18.6, 270.0, 45.0, 1989-05-31 00:00:00, 0.0
14.0, 17.7, 270.0, 39.0, 1989-06-01 00:00:00, 0.0
15.0, 19.4, 270.0, 30.0, 1989-06-02 00:00:00, 0.0
18.0, 22.1, 230.0, 27.0, 1989-06-03 00:00:00, 0.0
12.0, 25.2, 320.0, 23.0, 1989-06-04 00:00:00, 0.0
5.0, 22.2, 230.0, 30.0, 1989-06-05 00:00:00, 0.0
14.0, 16.9, 320.0, 39.0, 1989-06-06 00:00:00, 0.0
5.0, 21.5, 180.0, 33.0, 1989-06-07 00:00:00, 0.0
15.0, 17.9, 320.0, 44.0, 1989-06-08 00:00:00, 0.0
21.0, 13.7, 320.0, 68.0, 1989-06-09 00:00:00, 0.8
13.0, 20.5, 230.0, 53.0, 1989-06-10 00:00:00, 0.0
9.0, 25.1, 230.0, 37.0, 1989-06-11 00:00:00, 0.0
16.0, 27.1, 140.0, 21.0, 1989-06-12 00:00:00, 0.0
16.0, 15.2, 140.0, 81.0, 1989-06-13 00:00:00, 0.0
13.0, 18.4, 90.0, 54.0, 1989-06-14 00:00:00, 4.8
13.0, 18.4, 90.0, 54.0, 1989-06-15 00:00:00, 4.8
13.0, 15.1, 230.0, 47.0, 1989-06-16 00:00:00, 0.0
15.0, 12.5, 140.0, 49.0, 1989-06-17 00:00:00, 0.8
9.0, 12.7, 180.0, 51.0, 1989-06-18 00:00:00, 1.5
12.0, 10.1, 270.0, 55.0, 1989-06-19 00:00:00, 0.0
4.0, 9.7, 50.0, 88.0, 1989-06-20 00:00:00, 7.1
14.0, 14.2, 270.0, 54.0, 1989-06-21 00:00:00, 0.0
16.0, 14.8, 320.0, 78.0, 1989-06-22 00:00:00, 3.3
10.0, 21.8, 320.0, 44.0, 1989-06-23 00:00:00, 0.0
15.0, 21.4, 320.0, 53.0, 1989-06-24 00:00:00, 0.0
17.0, 22.5, 140.0, 39.0, 1989-06-25 00:00:00, 0.0
10.0, 12.3, 320.0, 48.0, 1989-06-26 00:00:00, 0.8
17.0, 5.5, 140.0, 96.0, 1989-06-27 00:00:00, 7.1
10.0, 10.0, 140.0, 80.0, 1989-06-28 00:00:00, 0.3
14.0, 12.7, 140.0, 78.0, 1989-06-29 00:00:00, 0.5
17.0, 17.8, 140.0, 63.0, 1989-06-30 00:00:00, 4.8
9.0, 12.7, 90.0, 89.0, 1989-07-01 00:00:00, 19.6
10.0, 12.6, 270.0, 69.0, 1989-07-02 00:00:00, 3.0
15.0, 16.1, 270.0, 44.0, 1989-07-03 00:00:00, 0.0
10.0, 12.9, 230.0, 68.0, 1989-07-04 00:00:00, 0.0
6.0, 13.5, 50.0, 78.0, 1989-07-05 00:00:00, 5.6
7.0, 17.3, 270.0, 50.0, 1989-07-06 00:00:00, 2.5
17.0, 17.5, 320.0, 59.0, 1989-07-07 00:00:00, 0.3
13.0, 14.8, 270.0, 64.0, 1989-07-08 00:00:00, 2.8
13.0, 18.1, 270.0, 70.0, 1989-07-09 00:00:00, 0.0
1.0, 16.3, 180.0, 82.0, 1989-07-10 00:00:00, 6.3
12.0, 18.6, 140.0, 71.0, 1989-07-11 00:00:00, 11.7
14.0, 24.0, 140.0, 44.0, 1989-07-12 00:00:00, 1.8
6.0, 23.3, 90.0, 58.0, 1989-07-13 00:00:00, 0.0
8.0, 22.6, 140.0, 62.0, 1989-07-14 00:00:00, 0.3
6.0, 14.1, 0.0, 92.0, 1989-07-15 00:00:00, 1.3
15.0, 16.4, 140.0, 67.0, 1989-07-16 00:00:00, 4.3
14.0, 19.5, 140.0, 56.0, 1989-07-17 00:00:00, 0.5
16.0, 19.0, 140.0, 45.0, 1989-07-18 00:00:00, 0.5
7.0, 20.4, 230.0, 43.0, 1989-07-19 00:00:00, 0.0
7.0, 20.4, 230.0, 43.0, 1989-07-20 00:00:00, 0.0
5.0, 10.5, 0.0, 97.0, 1989-07-21 00:00:00, 4.8
5.0, 15.4, 180.0, 60.0, 1989-07-22 00:00:00, 3.6
23.0, 18.5, 270.0, 55.0, 1989-07-23 00:00:00, 0.0
6.0, 17.5, 0.0, 65.0, 1989-07-24 00:00:00, 12.4
7.0, 22.1, 230.0, 44.0, 1989-07-25 00:00:00, 0.0
7.0, 22.1, 230.0, 44.0, 1989-07-26 00:00:00, 0.0
13.0, 20.7, 270.0, 63.0, 1989-07-27 00:00:00, 0.0
9.0, 20.3, 270.0, 57.0, 1989-07-28 00:00:00, 0.0
7.0, 24.5, 320.0, 54.0, 1989-07-29 00:00:00, 0.0
18.0, 24.9, 320.0, 51.0, 1989-07-30 00:00:00, 0.0
8.0, 24.7, 320.0, 48.0, 1989-07-31 00:00:00, 0.0
9.0, 19.1, 320.0, 64.0, 1989-08-01 00:00:00, 0.0
11.0, 10.6, 140.0, 95.0, 1989-08-02 00:00:00, 72.1
6.0, 16.3, 230.0, 77.0, 1989-08-03 00:00:00, 7.6
7.0, 21.0, 230.0, 66.0, 1989-08-04 00:00:00, 0.0
15.0, 24.3, 140.0, 53.0, 1989-08-05 00:00:00, 3.8
7.0, 23.5, 270.0, 62.0, 1989-08-06 00:00:00, 0.0
8.0, 24.0, 270.0, 46.0, 1989-08-07 00:00:00, 0.0
10.0, 22.7, 270.0, 49.0, 1989-08-08 00:00:00, 0.0
16.0, 19.3, 320.0, 59.0, 1989-08-09 00:00:00, 0.0
11.0, 16.7, 270.0, 66.0, 1989-08-10 00:00:00, 1.5
10.0, 17.0, 230.0, 58.0, 1989-08-11 00:00:00, 1.0
15.0, 25.2, 140.0, 31.0, 1989-08-12 00:00:00, 0.0
12.0, 22.3, 140.0, 49.0, 1989-08-13 00:00:00, 0.0
3.0, 16.5, 0.0, 80.0, 1989-08-14 00:00:00, 13.0
0.0, 12.0, 0.0, 95.0, 1989-08-15 00:00:00, 3.8
14.0, 16.6, 320.0, 73.0, 1989-08-16 00:00:00, 0.8
11.0, 20.9, 270.0, 59.0, 1989-08-17 00:00:00, 0.0
8.0, 20.7, 270.0, 63.0, 1989-08-18 00:00:00, 0.0
7.0, 19.5, 320.0, 72.0, 1989-08-19 00:00:00, 1.8
7.0, 15.5, 270.0, 73.0, 1989-08-20 00:00:00, 0.0
9.0, 15.4, 140.0, 91.0, 1989-08-21 00:00:00, 6.1
10.0, 10.6, 230.0, 89.0, 1989-08-22 00:00:00, 25.9
5.0, 12.0, 270.0, 92.0, 1989-08-23 00:00:00, 1.5
17.0, 14.7, 320.0, 78.0, 1989-08-24 00:00:00, 2.0
22.0, 17.8, 320.0, 51.0, 1989-08-25 00:00:00, 0.0
22.0, 17.8, 320.0, 51.0, 1989-08-26 00:00:00, 0.0
19.0, 16.2, 270.0, 55.0, 1989-08-27 00:00:00, 0.0
9.0, 11.5, 320.0, 78.0, 1989-08-28 00:00:00, 0.0
8.0, 17.0, 270.0, 57.0, 1989-08-29 00:00:00, 0.0
2.0, 18.0, 0.0, 65.0, 1989-08-30 00:00:00, 0.0
13.0, 14.6, 230.0, 70.0, 1989-08-31 00:00:00, 1.0
2.0, 13.9, 270.0, 73.0, 1989-09-01 00:00:00, 2.0
9.0, 12.2, 320.0, 68.0, 1989-09-02 00:00:00, 0.3
15.0, 16.9, 140.0, 57.0, 1989-09-03 00:00:00, 0.0
9.0, 11.7, 320.0, 70.0, 1989-09-04 00:00:00, 5.8
17.0, 9.3, 320.0, 82.0, 1989-09-05 00:00:00, 0.3
10.0, 16.6, 320.0, 58.0, 1989-09-06 00:00:00, 0.0
21.0, 19.0, 320.0, 57.0, 1989-09-07 00:00:00, 0.0
14.0, 16.8, 0.0, 41.0, 1989-09-08 00:00:00, 0.0
18.0, 16.3, 320.0, 48.0, 1989-09-09 00:00:00, 0.0
14.0, 17.4, 270.0, 39.0, 1989-09-10 00:00:00, 0.0
8.0, 19.6, 230.0, 44.0, 1989-09-11 00:00:00, 0.0
12.0, 21.0, 270.0, 39.0, 1989-09-12 00:00:00, 0.0
11.0, 19.6, 230.0, 35.0, 1989-09-13 00:00:00, 0.0
12.0, 16.9, 320.0, 43.0, 1989-09-14 00:00:00, 0.0
0.0, 13.5, 0.0, 57.0, 1989-09-15 00:00:00, 0.0
12.0, 12.1, 320.0, 60.0, 1989-09-16 00:00:00, 0.0
17.0, 8.4, 320.0, 62.0, 1989-09-17 00:00:00, 0.0
13.0, 8.7, 230.0, 64.0, 1989-09-18 00:00:00, 0.0
0.0, 8.7, 0.0, 98.0, 1989-09-19 00:00:00, 7.4
17.0, 16.7, 140.0, 68.0, 1989-09-20 00:00:00, 0.3
3.0, 17.3, 230.0, 62.0, 1989-09-21 00:00:00, 0.3
22.0, 20.5, 140.0, 50.0, 1989-09-22 00:00:00, 0.0
8.0, 19.3, 0.0, 44.0, 1989-09-23 00:00:00, 0.0
7.0, 20.9, 140.0, 43.0, 1989-09-24 00:00:00, 0.0
9.0, 22.6, 140.0, 40.0, 1989-09-25 00:00:00, 0.0
4.0, 15.1, 140.0, 65.0, 1989-09-26 00:00:00, 0.0
6.0, 16.2, 320.0, 60.0, 1989-09-27 00:00:00, 0.0
7.0, 20.0, 140.0, 51.0, 1989-09-28 00:00:00, 0.0
11.0, 18.3, 230.0, 52.0, 1989-09-29 00:00:00, 0.0
21.0, 4.6, 320.0, 90.0, 1989-09-30 00:00:00, 4.6
10.0, 7.4, 270.0, 68.0, 1989-10-01 00:00:00, 0.3
4.0, 11.2, 270.0, 55.0, 1989-10-02 00:00:00, 0.0
13.0, 15.2, 140.0, 47.0, 1989-10-03 00:00:00, 0.0
7.0, 13.1, 90.0, 60.0, 1989-10-04 00:00:00, 0.0
14.0, 8.6, 320.0, 99.0, 1989-10-05 00:00:00, 4.8
20.0, 12.9, 140.0, 76.0, 1989-10-06 00:00:00, 0.3
0.0, 14.6, 0.0, 61.0, 1989-10-07 00:00:00, 1.0
0.0, 12.8, 0.0, 57.0, 1989-10-08 00:00:00, 0.0
0.0, 11.9, 0.0, 65.0, 1989-10-09 00:00:00, 0.0
10.0, 6.1, 230.0, 84.0, 1989-10-10 00:00:00, 6.3
14.0, 9.6, 230.0, 59.0, 1989-10-11 00:00:00, 0.0
14.0, 7.8, 270.0, 56.0, 1989-10-12 00:00:00, 0.3
7.0, 8.2, 140.0, 69.0, 1989-10-13 00:00:00, 0.0
2.0, 4.0, 50.0, 88.0, 1989-10-14 00:00:00, 0.0
12.0, 4.1, 140.0, 82.0, 1989-10-15 00:00:00, 0.0
10.0, 5.9, 140.0, 57.0, 1989-10-16 00:00:00, 0.0
33.0, 8.7, 140.0, 68.0, 1989-10-17 00:00:00, 2.0
9.0, 9.0, 180.0, 83.0, 1989-10-18 00:00:00, 1.3
18.0, 7.2, 140.0, 77.0, 1989-10-19 00:00:00, 0.3
17.0, 8.8, 140.0, 64.0, 1989-10-20 00:00:00, 0.0
14.0, 2.3, 320.0, 95.0, 1990-04-27 00:00:00, 4.2
18.0, 6.5, 320.0, 53.0, 1990-04-28 00:00:00, 1.3
13.0, 6.7, 320.0, 42.0, 1990-04-29 00:00:00, 0.0
11.0, 13.4, 230.0, 33.0, 1990-04-30 00:00:00, 0.0
8.0, 5.9, 140.0, 83.0, 1990-05-01 00:00:00, 0.3
6.0, 11.0, 230.0, 71.0, 1990-05-02 00:00:00, 3.8
13.0, 14.6, 140.0, 57.0, 1990-05-03 00:00:00, 0.0
12.0, 18.7, 140.0, 40.0, 1990-05-04 00:00:00, 0.0
25.0, 22.9, 140.0, 29.0, 1990-05-05 00:00:00, 0.0
2.0, 5.8, 230.0, 43.0, 1990-05-06 00:00:00, 0.0
19.0, 5.2, 320.0, 87.0, 1990-05-07 00:00:00, 1.8
10.0, 7.3, 270.0, 62.0, 1990-05-08 00:00:00, 0.0
12.0, 12.3, 230.0, 53.0, 1990-05-09 00:00:00, 0.0
14.0, 10.3, 90.0, 63.0, 1990-05-10 00:00:00, 1.5
18.0, 7.1, 320.0, 83.0, 1990-05-11 00:00:00, 2.3
4.0, 9.7, 320.0, 47.0, 1990-05-12 00:00:00, 0.0
19.0, 10.3, 320.0, 49.0, 1990-05-13 00:00:00, 1.0
15.0, 13.3, 320.0, 40.0, 1990-05-14 00:00:00, 0.0
9.0, 15.6, 320.0, 24.0, 1990-05-15 00:00:00, 1.0
11.0, 12.9, 320.0, 58.0, 1990-05-16 00:00:00, 0.0
12.0, 12.9, 0.0, 69.0, 1990-05-17 00:00:00, 1.0
8.0, 11.7, 320.0, 60.0, 1990-05-18 00:00:00, 0.0
5.0, 11.5, 270.0, 64.0, 1990-05-19 00:00:00, 1.0
11.0, 15.4, 140.0, 39.0, 1990-05-20 00:00:00, 0.0
16.0, 13.1, 140.0, 53.0, 1990-05-21 00:00:00, 1.0
23.0, 12.6, 140.0, 65.0, 1990-05-22 00:00:00, 0.0
6.0, 12.2, 180.0, 67.0, 1990-05-23 00:00:00, 1.0
19.0, 15.6, 270.0, 55.0, 1990-05-24 00:00:00, 0.0
15.0, 8.4, 270.0, 99.0, 1990-05-25 00:00:00, 3.0
0.0, 12.8, 140.0, 66.0, 1990-05-26 00:00:00, 2.0
19.0, 19.1, 140.0, 42.0, 1990-05-27 00:00:00, 0.0
9.0, 18.0, 90.0, 53.0, 1990-05-28 00:00:00, 0.0
6.0, 12.4, 320.0, 99.0, 1990-05-29 00:00:00, 4.6
0.0, 13.6, 140.0, 88.0, 1990-05-30 00:00:00, 0.3
5.0, 16.8, 90.0, 64.0, 1990-05-31 00:00:00, 0.0
14.0, 14.6, 320.0, 63.0, 1990-06-01 00:00:00, 1.0
7.0, 15.6, 270.0, 59.0, 1990-06-02 00:00:00, 0.0
0.0, 9.5, 0.0, 98.0, 1990-06-03 00:00:00, 1.0
14.0, 11.0, 230.0, 72.0, 1990-06-04 00:00:00, 0.0
8.0, 12.1, 140.0, 67.0, 1990-06-05 00:00:00, 25.0
13.0, 17.0, 140.0, 45.0, 1990-06-06 00:00:00, 0.0
16.0, 13.9, 230.0, 63.0, 1990-06-07 00:00:00, 0.0
17.0, 13.0, 140.0, 63.0, 1990-06-08 00:00:00, 0.0
17.0, 13.0, 140.0, 69.0, 1990-06-09 00:00:00, 25.0
0.0, 11.7, 140.0, 96.0, 1990-06-10 00:00:00, 0.3
38.0, 6.1, 270.0, 99.0, 1990-06-11 00:00:00, 25.0
0.0, 6.8, 0.0, 99.0, 1990-06-12 00:00:00, 25.0
15.0, 17.1, 0.0, 54.0, 1990-06-13 00:00:00, 0.0
6.0, 19.2, 230.0, 44.0, 1990-06-14 00:00:00, 0.0
12.0, 20.3, 270.0, 44.0, 1990-06-15 00:00:00, 0.0
15.0, 14.0, 270.0, 53.0, 1990-06-16 00:00:00, 0.0
16.0, 16.0, 230.0, 52.0, 1990-06-17 00:00:00, 0.0
10.0, 13.6, 320.0, 70.0, 1990-06-18 00:00:00, 3.0
19.0, 11.9, 230.0, 82.0, 1990-06-19 00:00:00, 0.0
5.0, 14.2, 320.0, 71.0, 1990-06-20 00:00:00, 0.0
3.0, 22.2, 270.0, 48.0, 1990-06-21 00:00:00, 8.9
21.0, 26.2, 140.0, 39.0, 1990-06-22 00:00:00, 0.0
7.0, 16.8, 320.0, 48.0, 1990-06-23 00:00:00, 0.0
4.0, 18.7, 320.0, 47.0, 1990-06-24 00:00:00, 0.0
9.0, 19.3, 270.0, 55.0, 1990-06-25 00:00:00, 10.6
0.0, 10.2, 0.0, 96.0, 1990-06-26 00:00:00, 2.6
7.0, 17.6, 230.0, 58.0, 1990-06-27 00:00:00, 0.0
0.0, 15.3, 140.0, 72.0, 1990-06-28 00:00:00, 0.0
17.0, 15.5, 140.0, 71.0, 1990-06-29 00:00:00, 0.0
6.0, 17.2, 180.0, 81.0, 1990-06-30 00:00:00, 3.0
10.0, 13.9, 270.0, 66.0, 1990-07-01 00:00:00, 0.0
15.0, 13.0, 320.0, 83.0, 1990-07-02 00:00:00, 0.0
0.0, 11.8, 180.0, 93.0, 1990-07-03 00:00:00, 17.3
16.0, 18.9, 140.0, 51.0, 1990-07-04 00:00:00, 0.3
16.0, 21.2, 270.0, 58.0, 1990-07-05 00:00:00, 0.0
12.0, 13.3, 320.0, 99.0, 1990-07-06 00:00:00, 5.1
9.0, 19.5, 230.0, 69.0, 1990-07-07 00:00:00, 6.1
4.0, 22.0, 180.0, 59.0, 1990-07-08 00:00:00, 0.0
11.0, 19.1, 270.0, 63.0, 1990-07-09 00:00:00, 0.8
9.0, 25.7, 180.0, 41.0, 1990-07-10 00:00:00, 0.0
14.0, 28.7, 140.0, 38.0, 1990-07-11 00:00:00, 0.0
21.0, 28.0, 140.0, 40.0, 1990-07-12 00:00:00, 0.3
8.0, 18.0, 320.0, 40.0, 1990-07-13 00:00:00, 0.0
11.0, 18.5, 320.0, 40.0, 1990-07-14 00:00:00, 0.0
6.0, 19.0, 320.0, 56.0, 1990-07-15 00:00:00, 0.0
16.0, 14.5, 230.0, 59.0, 1990-07-16 00:00:00, 0.0
10.0, 15.4, 320.0, 50.0, 1990-07-17 00:00:00, 0.0
17.0, 12.6, 270.0, 88.0, 1990-07-18 00:00:00, 0.0
15.0, 18.4, 270.0, 52.0, 1990-07-19 00:00:00, 1.0
7.0, 21.3, 320.0, 45.0, 1990-07-20 00:00:00, 0.0
11.0, 23.0, 230.0, 35.0, 1990-07-21 00:00:00, 0.0
8.0, 26.9, 0.0, 28.0, 1990-07-22 00:00:00, 0.0
15.0, 22.5, 270.0, 55.0, 1990-07-23 00:00:00, 0.0
14.0, 21.4, 270.0, 73.0, 1990-07-24 00:00:00, 0.3
14.0, 22.7, 320.0, 71.0, 1990-07-25 00:00:00, 4.1
13.0, 21.6, 320.0, 46.0, 1990-07-26 00:00:00, 0.0
8.0, 19.1, 320.0, 49.0, 1990-07-27 00:00:00, 0.0
15.0, 22.2, 320.0, 46.0, 1990-07-28 00:00:00, 0.0
10.0, 25.4, 270.0, 44.0, 1990-07-29 00:00:00, 0.0
7.0, 28.4, 270.0, 39.0, 1990-07-30 00:00:00, 0.0
15.0, 22.7, 270.0, 50.0, 1990-07-31 00:00:00, 0.0
10.0, 19.6, 270.0, 39.0, 1990-08-01 00:00:00, 0.0
3.0, 15.2, 50.0, 61.0, 1990-08-02 00:00:00, 0.0
6.0, 21.3, 140.0, 51.0, 1990-08-03 00:00:00, 0.3
11.0, 26.8, 140.0, 37.0, 1990-08-04 00:00:00, 0.0
26.0, 29.8, 140.0, 22.0, 1990-08-05 00:00:00, 0.0
17.0, 20.8, 270.0, 41.0, 1990-08-06 00:00:00, 0.0
5.0, 18.7, 230.0, 46.0, 1990-08-07 00:00:00, 0.0
8.0, 23.9, 320.0, 35.0, 1990-08-08 00:00:00, 0.0
8.0, 24.8, 320.0, 44.0, 1990-08-09 00:00:00, 0.0
8.0, 28.0, 50.0, 35.0, 1990-08-10 00:00:00, 0.0
7.0, 31.0, 270.0, 26.0, 1990-08-11 00:00:00, 0.0
12.0, 29.7, 140.0, 30.0, 1990-08-12 00:00:00, 0.0
16.0, 31.3, 140.0, 22.0, 1990-08-13 00:00:00, 0.0
7.0, 25.0, 0.0, 47.0, 1990-08-14 00:00:00, 0.0
8.0, 21.5, 270.0, 58.0, 1990-08-15 00:00:00, 0.0
4.0, 19.0, 230.0, 73.0, 1990-08-16 00:00:00, 0.0
3.0, 20.6, 230.0, 68.0, 1990-08-17 00:00:00, 4.1
10.0, 21.4, 230.0, 56.0, 1990-08-18 00:00:00, 0.0
14.0, 23.7, 320.0, 46.0, 1990-08-19 00:00:00, 0.0
10.0, 25.9, 270.0, 34.0, 1990-08-20 00:00:00, 0.0
14.0, 25.8, 270.0, 42.0, 1990-08-21 00:00:00, 0.0
20.0, 16.0, 320.0, 55.0, 1990-08-22 00:00:00, 3.0
10.0, 12.0, 320.0, 65.0, 1990-08-23 00:00:00, 10.0
12.0, 14.0, 0.0, 50.0, 1990-08-24 00:00:00, 6.0
10.0, 15.0, 320.0, 45.0, 1990-08-25 00:00:00, 0.0
12.0, 15.0, 0.0, 45.0, 1990-08-26 00:00:00, 0.0
13.0, 19.0, 230.0, 45.0, 1990-08-27 00:00:00, 0.0
13.0, 16.0, 230.0, 50.0, 1990-08-28 00:00:00, 0.0
13.0, 17.0, 230.0, 45.0, 1990-08-29 00:00:00, 0.0
13.0, 12.0, 230.0, 77.0, 1990-08-30 00:00:00, 12.0
13.0, 13.0, 230.0, 55.0, 1990-08-31 00:00:00, 15.0
11.0, 10.3, 140.0, 81.0, 1990-09-01 00:00:00, 0.0
8.0, 18.4, 0.0, 52.0, 1990-09-02 00:00:00, 0.0
13.0, 16.1, 140.0, 63.0, 1990-09-03 00:00:00, 0.0
8.0, 19.2, 230.0, 39.0, 1990-09-04 00:00:00, 0.0
8.0, 18.4, 0.0, 52.0, 1990-09-05 00:00:00, 0.0
11.0, 21.2, 230.0, 35.0, 1990-09-06 00:00:00, 0.0
12.0, 22.2, 270.0, 29.0, 1990-09-07 00:00:00, 0.0
13.0, 19.0, 320.0, 51.0, 1990-09-08 00:00:00, 0.0
13.0, 19.2, 270.0, 33.0, 1990-09-09 00:00:00, 0.0
3.0, 21.5, 230.0, 31.0, 1990-09-10 00:00:00, 0.0
2.0, 19.9, 230.0, 43.0, 1990-09-11 00:00:00, 0.0
15.0, 14.9, 320.0, 54.0, 1990-09-12 00:00:00, 0.0
8.0, 18.0, 270.0, 45.0, 1990-09-13 00:00:00, 0.0
8.0, 20.0, 140.0, 45.0, 1990-09-14 00:00:00, 0.0
9.0, 21.9, 140.0, 41.0, 1990-09-15 00:00:00, 0.0
13.0, 11.0, 320.0, 99.0, 1990-09-16 00:00:00, 7.1
0.0, 13.8, 140.0, 83.0, 1990-09-17 00:00:00, 0.3
17.0, 14.8, 270.0, 59.0, 1990-09-18 00:00:00, 0.0
15.0, 15.0, 320.0, 55.0, 1990-09-19 00:00:00, 2.0
4.0, 15.0, 140.0, 51.0, 1990-09-20 00:00:00, 0.0
5.0, 18.2, 230.0, 65.0, 1990-09-21 00:00:00, 0.0
17.0, 22.1, 140.0, 49.0, 1990-09-22 00:00:00, 0.0
11.0, 22.3, 230.0, 36.0, 1990-09-23 00:00:00, 0.0
9.0, 21.6, 230.0, 35.0, 1990-09-24 00:00:00, 0.0
18.0, 18.0, 320.0, 45.0, 1990-09-25 00:00:00, 0.0
10.0, 16.0, 50.0, 45.0, 1990-09-26 00:00:00, 0.0
10.0, 14.0, 140.0, 40.0, 1990-09-27 00:00:00, 0.0
15.0, 12.0, 140.0, 50.0, 1990-09-28 00:00:00, 0.0
15.0, 15.0, 230.0, 45.0, 1990-09-29 00:00:00, 0.0
13.0, 12.3, 230.0, 41.0, 1990-09-30 00:00:00, 0.0
15.0, 13.4, 180.0, 36.0, 1990-10-01 00:00:00, 0.3
0.0, 5.4, 230.0, 59.0, 1990-10-02 00:00:00, 0.3
6.0, 1.3, 140.0, 99.0, 1990-10-03 00:00:00, 2.3
35.0, 3.4, 270.0, 99.0, 1990-10-04 00:00:00, 30.0
12.0, 0.5, 320.0, 94.0, 1990-10-05 00:00:00, 0.8
9.0, 4.1, 230.0, 67.0, 1990-10-06 00:00:00, 0.0
12.0, 0.5, 140.0, 99.0, 1990-10-07 00:00:00, 0.3
17.0, 6.0, 140.0, 99.0, 1990-10-08 00:00:00, 17.5
23.0, 5.3, 140.0, 99.0, 1990-10-09 00:00:00, 7.6
11.0, 4.0, 270.0, 72.0, 1990-10-10 00:00:00, 3.8
24.0, 1.7, 140.0, 83.0, 1990-10-11 00:00:00, 0.0
10.0, 5.4, 140.0, 84.0, 1990-10-12 00:00:00, 4.3
9.0, -0.5, 140.0, 99.0, 1990-10-13 00:00:00, 0.3
14.0, 2.0, 140.0, 84.0, 1990-10-14 00:00:00, 2.3
5.0, 3.8, 140.0, 69.0, 1990-10-15 00:00:00, 0.0
17.0, 2.4, 320.0, 55.0, 1990-10-16 00:00:00, 0.3
33.0, -0.2, 140.0, 87.0, 1990-10-17 00:00:00, 0.0
12.0, 4.2, 140.0, 81.0, 1990-10-18 00:00:00, 2.5
2.0, 0.8, 140.0, 99.0, 1990-10-19 00:00:00, 0.8
17.0, 2.9, 140.0, 83.0, 1990-10-20 00:00:00, 1.8
6.0, 6.1, 180.0, 78.0, 1990-10-21 00:00:00, 4.1
6.0, 4.2, 270.0, 55.0, 1990-10-22 00:00:00, 0.5
31.0, 4.1, 140.0, 66.0, 1990-10-23 00:00:00, 0.0
11.0, 7.8, 140.0, 60.0, 1990-10-24 00:00:00, 0.0
8.0, 2.2, 320.0, 99.0, 1990-10-25 00:00:00, 12.7
11.0, 6.4, 140.0, 61.0, 1990-10-26 00:00:00, 4.3
42.0, 11.4, 140.0, 41.0, 1990-10-27 00:00:00, 0.0
18.0, 1.7, 140.0, 99.0, 1990-10-28 00:00:00, 2.5
20.0, 1.3, 140.0, 77.0, 1990-10-29 00:00:00, 0.0
17.0, 7.5, 180.0, 49.0, 1990-10-30 00:00:00, 0.0
3.0, -0.2, 230.0, 97.0, 1990-10-31 00:00:00, 0.0
8.0, -0.2, 270.0, 77.0, 1990-11-01 00:00:00, 0.0
11.0, 1.0, 140.0, 61.0, 1990-11-02 00:00:00, 0.0
22.0, 0.2, 180.0, 99.0, 1990-11-03 00:00:00, 0.0
1.0, 3.6, 140.0, 98.0, 1990-11-04 00:00:00, 2.5
15.0, -4.4, 320.0, 84.0, 1990-11-05 00:00:00, 4.1
25.0, -2.0, 140.0, 74.0, 1990-11-06 00:00:00, 0.0
26.0, 0.2, 140.0, 99.0, 1990-11-07 00:00:00, 0.0
2.0, -1.8, 230.0, 78.0, 1990-11-08 00:00:00, 1.3
2.0, -1.8, 230.0, 78.0, 1990-11-09 00:00:00, 1.3
2.0, -1.1, 0.0, 99.0, 1990-11-10 00:00:00, 3.0
0.0, -0.2, 0.0, 99.0, 1990-11-11 00:00:00, 0.0
30.0, 10.6, 180.0, 56.0, 1990-11-12 00:00:00, 13.5
13.0, -0.5, 140.0, 99.0, 1990-11-13 00:00:00, 1.0
6.0, 13.5, 140.0, 23.0, 1991-05-01 00:00:00, 0.0
6.0, 15.0, 270.0, 20.0, 1991-05-02 00:00:00, 0.0
10.0, 14.9, 270.0, 41.0, 1991-05-03 00:00:00, 0.0
16.0, 8.6, 50.0, 53.0, 1991-05-04 00:00:00, 0.0
18.0, 7.4, 140.0, 79.0, 1991-05-05 00:00:00, 0.0
12.0, 9.0, 140.0, 75.0, 1991-05-06 00:00:00, 4.8
23.0, 9.5, 140.0, 69.0, 1991-05-07 00:00:00, 0.5
12.0, 9.0, 230.0, 62.0, 1991-05-08 00:00:00, 3.8
11.0, 6.0, 0.0, 99.0, 1991-05-09 00:00:00, 1.0
8.0, 13.9, 320.0, 44.0, 1991-05-10 00:00:00, 0.3
9.0, 20.7, 140.0, 36.0, 1991-05-11 00:00:00, 0.0
15.0, 14.2, 270.0, 58.0, 1991-05-12 00:00:00, 0.0
17.0, 12.3, 270.0, 53.0, 1991-05-13 00:00:00, 0.0
11.0, 9.9, 270.0, 44.0, 1991-05-14 00:00:00, 0.0
12.0, 14.1, 180.0, 37.0, 1991-05-15 00:00:00, 0.0
10.0, 15.7, 140.0, 42.0, 1991-05-16 00:00:00, 0.0
15.0, 17.2, 320.0, 50.0, 1991-05-17 00:00:00, 0.3
22.0, 19.8, 320.0, 52.0, 1991-05-18 00:00:00, 0.0
16.0, 19.7, 320.0, 30.0, 1991-05-19 00:00:00, 0.0
5.0, 17.8, 0.0, 33.0, 1991-05-20 00:00:00, 0.0
6.0, 10.5, 270.0, 45.0, 1991-05-21 00:00:00, 0.0
12.0, 8.8, 320.0, 44.0, 1991-05-22 00:00:00, 0.0
6.0, 9.3, 50.0, 62.0, 1991-05-23 00:00:00, 0.0
9.0, 9.6, 320.0, 60.0, 1991-05-24 00:00:00, 0.8
7.0, 12.2, 320.0, 49.0, 1991-05-25 00:00:00, 1.3
3.0, 14.6, 230.0, 52.0, 1991-05-26 00:00:00, 0.3
10.0, 16.0, 270.0, 43.0, 1991-05-27 00:00:00, 0.0
14.0, 18.1, 270.0, 37.0, 1991-05-28 00:00:00, 0.0
22.0, 17.4, 140.0, 35.0, 1991-05-29 00:00:00, 0.0
13.0, 15.9, 270.0, 48.0, 1991-05-30 00:00:00, 0.0
12.0, 15.9, 270.0, 48.0, 1991-05-31 00:00:00, 2.8
10.0, 10.8, 230.0, 39.0, 1991-06-01 00:00:00, 0.0
16.0, 12.0, 270.0, 44.0, 1991-06-02 00:00:00, 0.0
15.0, 7.3, 230.0, 69.0, 1991-06-03 00:00:00, 11.9
9.0, 6.0, 270.0, 96.0, 1991-06-04 00:00:00, 2.5
8.0, 16.2, 320.0, 54.0, 1991-06-05 00:00:00, 0.0
11.0, 20.0, 270.0, 42.0, 1991-06-06 00:00:00, 0.0
13.0, 15.9, 320.0, 63.0, 1991-06-07 00:00:00, 0.0
9.0, 12.0, 320.0, 58.0, 1991-06-08 00:00:00, 0.0
2.0, 14.1, 230.0, 70.0, 1991-06-09 00:00:00, 0.3
18.0, 16.5, 140.0, 80.0, 1991-06-10 00:00:00, 3.3
14.0, 11.3, 270.0, 59.0, 1991-06-11 00:00:00, 3.0
19.0, 10.3, 270.0, 57.0, 1991-06-12 00:00:00, 1.0
14.0, 10.4, 270.0, 63.0, 1991-06-13 00:00:00, 0.0
16.0, 9.5, 270.0, 93.0, 1991-06-14 00:00:00, 6.6
9.0, 8.9, 270.0, 93.0, 1991-06-15 00:00:00, 15.5
13.0, 11.7, 0.0, 75.0, 1991-06-16 00:00:00, 4.3
13.0, 9.4, 270.0, 97.0, 1991-06-17 00:00:00, 9.1
15.0, 14.5, 50.0, 81.0, 1991-06-18 00:00:00, 1.0
9.0, 17.9, 0.0, 61.0, 1991-06-19 00:00:00, 0.8
6.0, 20.5, 230.0, 46.0, 1991-06-20 00:00:00, 1.0
13.0, 18.3, 320.0, 68.0, 1991-06-21 00:00:00, 0.0
6.0, 15.6, 320.0, 84.0, 1991-06-22 00:00:00, 1.5
3.0, 13.6, 50.0, 87.0, 1991-06-23 00:00:00, 2.8
11.0, 16.1, 320.0, 85.0, 1991-06-24 00:00:00, 1.5
0.0, 17.7, 320.0, 73.0, 1991-06-25 00:00:00, 0.5
4.0, 13.7, 0.0, 94.0, 1991-06-26 00:00:00, 0.3
9.0, 19.8, 270.0, 62.0, 1991-06-27 00:00:00, 0.3
11.0, 17.7, 270.0, 71.0, 1991-06-28 00:00:00, 0.0
15.0, 21.4, 270.0, 61.0, 1991-06-29 00:00:00, 0.0
4.0, 15.9, 0.0, 78.0, 1991-06-30 00:00:00, 13.5
12.0, 19.6, 230.0, 51.0, 1991-07-01 00:00:00, 0.0
8.0, 22.6, 230.0, 50.0, 1991-07-02 00:00:00, 0.0
16.0, 16.6, 320.0, 68.0, 1991-07-03 00:00:00, 0.0
11.0, 16.1, 320.0, 58.0, 1991-07-04 00:00:00, 0.0
16.0, 10.2, 320.0, 63.0, 1991-07-05 00:00:00, 0.0
14.0, 14.0, 320.0, 79.0, 1991-07-06 00:00:00, 1.8
10.0, 18.8, 270.0, 64.0, 1991-07-07 00:00:00, 0.0
12.0, 21.8, 270.0, 43.0, 1991-07-08 00:00:00, 0.0
5.0, 19.7, 320.0, 40.0, 1991-07-09 00:00:00, 0.0
8.0, 23.7, 270.0, 41.0, 1991-07-10 00:00:00, 0.0
8.0, 19.6, 180.0, 56.0, 1991-07-11 00:00:00, 0.0
11.0, 19.5, 270.0, 65.0, 1991-07-12 00:00:00, 3.8
9.0, 11.3, 140.0, 99.0, 1991-07-13 00:00:00, 3.0
8.0, 15.2, 180.0, 62.0, 1991-07-14 00:00:00, 7.6
17.0, 13.2, 140.0, 87.0, 1991-07-15 00:00:00, 4.3
2.0, 17.0, 230.0, 68.0, 1991-07-16 00:00:00, 11.2
12.0, 14.0, 230.0, 72.0, 1991-07-17 00:00:00, 7.1
1.0, 14.4, 320.0, 61.0, 1991-07-18 00:00:00, 0.8
11.0, 12.9, 320.0, 67.0, 1991-07-19 00:00:00, 0.0
10.0, 14.7, 270.0, 57.0, 1991-07-20 00:00:00, 0.0
2.0, 11.6, 50.0, 96.0, 1991-07-21 00:00:00, 2.0
7.0, 20.7, 270.0, 52.0, 1991-07-22 00:00:00, 0.5
7.0, 24.2, 270.0, 56.0, 1991-07-23 00:00:00, 0.0
6.0, 29.0, 140.0, 36.0, 1991-07-24 00:00:00, 0.0
8.0, 11.2, 320.0, 98.0, 1991-07-25 00:00:00, 6.4
14.0, 16.1, 140.0, 76.0, 1991-07-26 00:00:00, 6.6
15.0, 13.7, 270.0, 85.0, 1991-07-27 00:00:00, 23.4
1.0, 16.6, 140.0, 54.0, 1991-07-28 00:00:00, 0.3
5.0, 12.1, 230.0, 80.0, 1991-07-29 00:00:00, 2.5
3.0, 15.9, 270.0, 57.0, 1991-07-30 00:00:00, 2.8
11.0, 19.7, 320.0, 60.0, 1991-07-31 00:00:00, 0.0
9.0, 21.4, 0.0, 48.0, 1991-08-01 00:00:00, 0.0
9.0, 20.6, 270.0, 54.0, 1991-08-02 00:00:00, 0.0
9.0, 24.1, 180.0, 39.0, 1991-08-03 00:00:00, 0.0
5.0, 24.7, 230.0, 41.0, 1991-08-04 00:00:00, 0.0
13.0, 15.0, 320.0, 74.0, 1991-08-05 00:00:00, 0.0
2.0, 20.9, 320.0, 65.0, 1991-08-06 00:00:00, 0.0
16.0, 22.3, 180.0, 51.0, 1991-08-07 00:00:00, 0.0
31.0, 22.5, 180.0, 53.0, 1991-08-08 00:00:00, 0.0
18.0, 12.8, 140.0, 99.0, 1991-08-09 00:00:00, 1.0
17.0, 14.5, 320.0, 85.0, 1991-08-10 00:00:00, 2.5
10.0, 16.9, 270.0, 77.0, 1991-08-11 00:00:00, 6.9
14.0, 19.4, 270.0, 73.0, 1991-08-12 00:00:00, 0.0
6.0, 14.6, 270.0, 95.0, 1991-08-13 00:00:00, 4.1
12.0, 20.5, 270.0, 86.0, 1991-08-14 00:00:00, 4.3
7.0, 25.4, 270.0, 52.0, 1991-08-15 00:00:00, 0.0
4.0, 25.8, 320.0, 56.0, 1991-08-16 00:00:00, 0.0
6.0, 25.8, 320.0, 55.0, 1991-08-17 00:00:00, 0.0
4.0, 25.7, 270.0, 45.0, 1991-08-18 00:00:00, 0.0
8.0, 21.6, 270.0, 36.0, 1991-08-19 00:00:00, 0.0
13.0, 18.7, 270.0, 54.0, 1991-08-20 00:00:00, 1.3
4.0, 18.6, 270.0, 50.0, 1991-08-21 00:00:00, 0.0
2.0, 20.1, 0.0, 37.0, 1991-08-22 00:00:00, 0.0
8.0, 13.7, 270.0, 53.0, 1991-08-23 00:00:00, 0.0
6.0, 12.4, 180.0, 76.0, 1991-08-24 00:00:00, 1.3
11.0, 15.7, 270.0, 53.0, 1991-08-25 00:00:00, 0.0
21.0, 10.8, 140.0, 93.0, 1991-08-26 00:00:00, 5.8
24.0, 14.7, 180.0, 76.0, 1991-08-27 00:00:00, 1.0
26.0, 13.4, 180.0, 69.0, 1991-08-28 00:00:00, 13.5
32.0, 12.4, 140.0, 80.0, 1991-08-29 00:00:00, 0.0
26.0, 11.6, 140.0, 96.0, 1991-08-30 00:00:00, 3.0
10.0, 14.1, 180.0, 73.0, 1991-08-31 00:00:00, 0.3
11.0, 10.4, 270.0, 78.0, 1991-09-01 00:00:00, 14.2
8.0, 12.0, 230.0, 56.0, 1991-09-02 00:00:00, 0.0
15.0, 16.4, 140.0, 59.0, 1991-09-03 00:00:00, 0.0
10.0, 18.4, 320.0, 63.0, 1991-09-04 00:00:00, 0.0
9.0, 21.7, 180.0, 47.0, 1991-09-05 00:00:00, 0.0
1.0, 17.9, 270.0, 74.0, 1991-09-06 00:00:00, 0.0
15.0, 11.0, 320.0, 68.0, 1991-09-07 00:00:00, 24.1
17.0, 13.4, 320.0, 62.0, 1991-09-08 00:00:00, 0.0
9.0, 16.3, 140.0, 49.0, 1991-09-09 00:00:00, 0.0
7.0, 16.0, 320.0, 59.0, 1991-09-10 00:00:00, 0.0
3.0, 17.6, 230.0, 59.0, 1991-09-11 00:00:00, 0.5
14.0, 13.9, 140.0, 79.0, 1991-09-12 00:00:00, 0.0
2.0, 7.2, 270.0, 93.0, 1991-09-13 00:00:00, 3.3
2.0, 11.7, 270.0, 72.0, 1991-09-14 00:00:00, 0.3
5.0, 16.0, 140.0, 67.0, 1991-09-15 00:00:00, 1.0
13.0, 12.3, 320.0, 81.0, 1991-09-16 00:00:00, 3.3
6.0, 16.3, 140.0, 57.0, 1991-09-17 00:00:00, 0.3
16.0, 19.7, 140.0, 52.0, 1991-09-18 00:00:00, 0.0
10.0, 18.0, 270.0, 45.0, 1991-09-19 00:00:00, 0.0
15.0, 12.0, 270.0, 45.0, 1991-09-20 00:00:00, 0.0
15.0, 12.0, 320.0, 40.0, 1991-09-21 00:00:00, 0.0
15.0, 13.5, 320.0, 40.0, 1991-09-22 00:00:00, 0.0
10.0, 14.0, 270.0, 40.0, 1991-09-23 00:00:00, 0.0
4.0, 17.8, 140.0, 70.0, 1991-09-24 00:00:00, 0.0
6.0, 20.4, 140.0, 56.0, 1991-09-25 00:00:00, 0.0
7.0, 21.4, 180.0, 44.0, 1991-09-26 00:00:00, 0.0
0.0, 21.4, 0.0, 53.0, 1991-09-27 00:00:00, 0.0
13.0, 13.3, 0.0, 45.0, 1991-09-28 00:00:00, 0.0
4.0, 9.2, 0.0, 57.0, 1991-09-29 00:00:00, 0.0
4.0, 9.2, 0.0, 57.0, 1991-09-30 00:00:00, 0.0
22.0, 9.8, 320.0, 50.0, 1991-10-01 00:00:00, 0.0
12.0, 9.0, 320.0, 50.0, 1991-10-02 00:00:00, 0.0
12.0, 9.0, 320.0, 50.0, 1991-10-03 00:00:00, 0.0
13.0, 10.6, 140.0, 46.0, 1991-10-04 00:00:00, 0.0
17.0, 15.2, 180.0, 41.0, 1991-10-05 00:00:00, 0.0
20.0, 13.9, 180.0, 38.0, 1991-10-06 00:00:00, 0.0
13.0, 7.6, 270.0, 44.0, 1991-10-07 00:00:00, 0.0
17.0, 7.2, 140.0, 51.0, 1991-10-08 00:00:00, 0.0
22.0, 13.0, 180.0, 59.0, 1991-10-09 00:00:00, 3.6
15.0, 19.5, 180.0, 50.0, 1991-10-10 00:00:00, 0.0
13.0, 21.2, 180.0, 42.0, 1991-10-11 00:00:00, 0.0
19.0, 8.8, 320.0, 55.0, 1991-10-12 00:00:00, 0.8
10.0, 5.9, 140.0, 78.0, 1991-10-13 00:00:00, 0.3
16.0, 12.9, 140.0, 86.0, 1991-10-14 00:00:00, 5.3
20.0, 8.5, 320.0, 77.0, 1991-10-15 00:00:00, 0.0
34.0, -2.0, 320.0, 99.0, 1991-10-16 00:00:00, 0.8
14.0, -0.9, 140.0, 97.0, 1991-10-17 00:00:00, 0.5
20.0, -0.7, 180.0, 98.0, 1991-10-18 00:00:00, 1.5
16.0, 3.7, 140.0, 95.0, 1991-10-19 00:00:00, 2.5
16.0, 3.7, 140.0, 95.0, 1991-10-20 00:00:00, 2.5
19.0, -0.2, 320.0, 97.0, 1991-10-21 00:00:00, 21.3
19.0, -0.2, 320.0, 97.0, 1991-10-22 00:00:00, 21.3
7.0, -2.6, 180.0, 78.0, 1991-10-23 00:00:00, 0.0
1.0, -2.2, 0.0, 96.0, 1991-10-24 00:00:00, 0.0
1.0, -2.2, 0.0, 96.0, 1991-10-25 00:00:00, 0.0
1.0, -2.2, 0.0, 96.0, 1991-10-26 00:00:00, 0.0
1.0, -2.2, 0.0, 96.0, 1991-10-27 00:00:00, 0.0
4.0, -7.0, 140.0, 65.0, 1991-10-28 00:00:00, 0.0
4.0, -7.0, 140.0, 65.0, 1991-10-29 00:00:00, 0.0
4.0, -7.0, 140.0, 65.0, 1991-10-30 00:00:00, 0.0
14.0, -8.5, 320.0, 97.0, 1991-10-31 00:00:00, 0.0
0.0, 0.0, 0.0, 0.0, 1992-04-04 00:00:00, 0.0
6.0, 5.1, 270.0, 45.0, 1992-04-05 00:00:00, 0.0
6.0, 2.2, 270.0, 70.0, 1992-04-06 00:00:00, 0.8
13.0, 4.1, 270.0, 50.0, 1992-04-07 00:00:00, 0.0
12.0, 0.3, 320.0, 49.0, 1992-04-08 00:00:00, 0.0
17.0, -0.4, 320.0, 43.0, 1992-04-09 00:00:00, 0.0
14.0, -0.6, 0.0, 30.0, 1992-04-10 00:00:00, 0.0
13.0, 5.6, 140.0, 19.0, 1992-04-11 00:00:00, 0.0
15.0, 11.0, 140.0, 28.0, 1992-04-12 00:00:00, 0.0
8.0, 13.0, 180.0, 45.0, 1992-04-13 00:00:00, 0.0
20.0, 13.1, 140.0, 49.0, 1992-04-14 00:00:00, 0.0
21.0, 12.7, 180.0, 56.0, 1992-04-15 00:00:00, 2.1
41.0, 12.1, 180.0, 66.0, 1992-04-16 00:00:00, 0.5
19.0, 9.0, 320.0, 56.0, 1992-04-17 00:00:00, 0.0
11.0, 7.9, 270.0, 53.0, 1992-04-18 00:00:00, 0.3
32.0, 13.0, 180.0, 39.0, 1992-04-19 00:00:00, 0.0
20.0, 8.4, 270.0, 39.0, 1992-04-20 00:00:00, 0.0
5.0, 7.8, 180.0, 30.0, 1992-04-21 00:00:00, 0.0
19.0, 8.7, 320.0, 49.0, 1992-04-22 00:00:00, 0.0
10.0, 6.7, 320.0, 58.0, 1992-04-23 00:00:00, 0.0
33.0, 10.7, 140.0, 39.0, 1992-04-24 00:00:00, 0.0
19.0, 15.5, 140.0, 36.0, 1992-04-25 00:00:00, 0.0
15.0, 11.6, 140.0, 74.0, 1992-04-26 00:00:00, 0.0
11.0, 11.3, 0.0, 79.0, 1992-04-27 00:00:00, 6.1
8.0, 9.3, 230.0, 76.0, 1992-04-28 00:00:00, 1.0
3.0, 7.4, 230.0, 86.0, 1992-04-29 00:00:00, 2.3
7.0, 4.8, 50.0, 84.0, 1992-04-30 00:00:00, 11.9
15.0, 8.4, 180.0, 58.0, 1992-05-01 00:00:00, 0.0
4.0, 7.9, 230.0, 79.0, 1992-05-02 00:00:00, 1.3
14.0, 14.4, 180.0, 52.0, 1992-05-03 00:00:00, 0.0
16.0, 19.4, 180.0, 31.0, 1992-05-04 00:00:00, 0.0
5.0, 16.2, 140.0, 36.0, 1992-05-05 00:00:00, 0.0
10.0, 12.4, 320.0, 35.0, 1992-05-06 00:00:00, 0.0
7.0, 15.3, 270.0, 27.0, 1992-05-07 00:00:00, 0.0
12.0, 9.5, 270.0, 36.0, 1992-05-08 00:00:00, 0.0
8.0, 5.3, 230.0, 65.0, 1992-05-09 00:00:00, 0.0
25.0, 3.9, 270.0, 84.0, 1992-05-10 00:00:00, 6.6
15.0, 5.9, 320.0, 73.0, 1992-05-11 00:00:00, 1.3
6.0, 10.2, 320.0, 31.0, 1992-05-12 00:00:00, 0.3
15.0, 13.0, 270.0, 23.0, 1992-05-13 00:00:00, 0.0
12.0, 11.7, 320.0, 37.0, 1992-05-14 00:00:00, 0.0
16.0, 12.7, 0.0, 22.0, 1992-05-15 00:00:00, 0.0
10.0, 16.3, 270.0, 19.0, 1992-05-16 00:00:00, 0.0
11.0, 17.5, 180.0, 25.0, 1992-05-17 00:00:00, 0.0
4.0, 12.4, 0.0, 25.0, 1992-05-18 00:00:00, 0.0
12.0, 10.0, 0.0, 31.0, 1992-05-19 00:00:00, 0.0
19.0, 8.6, 0.0, 27.0, 1992-05-20 00:00:00, 0.0
11.0, 9.7, 0.0, 24.0, 1992-05-21 00:00:00, 0.0
6.0, 12.5, 230.0, 22.0, 1992-05-22 00:00:00, 0.0
3.0, 15.1, 180.0, 37.0, 1992-05-23 00:00:00, 0.0
5.0, 19.2, 180.0, 35.0, 1992-05-24 00:00:00, 0.0
10.0, 24.2, 140.0, 22.0, 1992-05-25 00:00:00, 0.0
9.0, 13.4, 270.0, 63.0, 1992-05-26 00:00:00, 2.5
15.0, 13.6, 270.0, 49.0, 1992-05-27 00:00:00, 0.0
8.0, 16.2, 180.0, 50.0, 1992-05-28 00:00:00, 0.8
3.0, 9.4, 230.0, 79.0, 1992-05-29 00:00:00, 13.7
8.0, 15.3, 270.0, 53.0, 1992-05-30 00:00:00, 0.0
5.0, 20.2, 180.0, 35.0, 1992-05-31 00:00:00, 0.0
12.0, 18.2, 0.0, 49.0, 1992-06-01 00:00:00, 0.0
13.0, 8.9, 320.0, 77.0, 1992-06-02 00:00:00, 4.1
6.0, 14.6, 230.0, 40.0, 1992-06-03 00:00:00, 0.0
12.0, 16.0, 0.0, 47.0, 1992-06-04 00:00:00, 0.0
11.0, 18.3, 320.0, 35.0, 1992-06-05 00:00:00, 0.0
14.0, 19.5, 270.0, 30.0, 1992-06-06 00:00:00, 0.0
7.0, 15.7, 230.0, 50.0, 1992-06-07 00:00:00, 0.0
8.0, 17.5, 320.0, 49.0, 1992-06-08 00:00:00, 0.3
9.0, 9.7, 270.0, 88.0, 1992-06-09 00:00:00, 5.6
7.0, 16.0, 230.0, 60.0, 1992-06-10 00:00:00, 4.3
5.0, 20.2, 270.0, 50.0, 1992-06-11 00:00:00, 1.0
4.0, 23.7, 0.0, 50.0, 1992-06-12 00:00:00, 0.0
13.0, 20.4, 320.0, 64.0, 1992-06-13 00:00:00, 0.0
10.0, 19.4, 180.0, 51.0, 1992-06-14 00:00:00, 2.8
12.0, 20.3, 270.0, 54.0, 1992-06-15 00:00:00, 0.0
8.0, 16.5, 270.0, 62.0, 1992-06-16 00:00:00, 1.0
8.0, 15.5, 270.0, 40.0, 1992-06-17 00:00:00, 0.0
9.0, 20.8, 270.0, 38.0, 1992-06-18 00:00:00, 0.0
0.0, 15.3, 320.0, 78.0, 1992-06-19 00:00:00, 0.0
5.0, 19.6, 270.0, 51.0, 1992-06-20 00:00:00, 4.6
7.0, 19.6, 320.0, 60.0, 1992-06-21 00:00:00, 0.0
6.0, 23.3, 320.0, 33.0, 1992-06-22 00:00:00, 0.0
12.0, 21.1, 270.0, 37.0, 1992-06-23 00:00:00, 0.0
11.0, 23.9, 270.0, 33.0, 1992-06-24 00:00:00, 0.0
5.0, 28.0, 270.0, 20.0, 1992-06-25 00:00:00, 0.0
9.0, 27.9, 0.0, 23.0, 1992-06-26 00:00:00, 0.0
12.0, 16.4, 50.0, 70.0, 1992-06-27 00:00:00, 0.3
10.0, 26.5, 320.0, 41.0, 1992-06-28 00:00:00, 0.0
8.0, 24.0, 90.0, 41.0, 1992-06-29 00:00:00, 0.3
12.0, 19.2, 320.0, 68.0, 1992-06-30 00:00:00, 5.1
16.0, 19.9, 320.0, 41.0, 1992-07-01 00:00:00, 0.0
25.0, 16.1, 140.0, 53.0, 1992-07-02 00:00:00, 0.0
5.0, 18.1, 140.0, 56.0, 1992-07-03 00:00:00, 10.4
7.0, 16.5, 50.0, 72.0, 1992-07-04 00:00:00, 3.8
14.0, 20.5, 270.0, 55.0, 1992-07-05 00:00:00, 0.0
16.0, 16.1, 270.0, 74.0, 1992-07-06 00:00:00, 0.8
9.0, 17.4, 270.0, 54.0, 1992-07-07 00:00:00, 0.5
9.0, 14.5, 320.0, 62.0, 1992-07-08 00:00:00, 0.0
12.0, 18.2, 320.0, 52.0, 1992-07-09 00:00:00, 1.0
7.0, 21.4, 0.0, 35.0, 1992-07-10 00:00:00, 0.0
9.0, 21.1, 270.0, 44.0, 1992-07-11 00:00:00, 0.0
15.0, 18.0, 140.0, 68.0, 1992-07-12 00:00:00, 0.8
4.0, 13.4, 0.0, 68.0, 1992-07-13 00:00:00, 9.7
5.0, 13.3, 320.0, 60.0, 1992-07-14 00:00:00, 1.5
3.0, 18.1, 50.0, 45.0, 1992-07-15 00:00:00, 0.0
10.0, 22.4, 140.0, 36.0, 1992-07-16 00:00:00, 0.0
9.0, 23.7, 270.0, 32.0, 1992-07-17 00:00:00, 0.0
18.0, 21.1, 320.0, 42.0, 1992-07-18 00:00:00, 0.0
8.0, 22.7, 0.0, 37.0, 1992-07-19 00:00:00, 0.0
8.0, 24.8, 0.0, 24.0, 1992-07-20 00:00:00, 0.0
4.0, 22.4, 320.0, 47.0, 1992-07-21 00:00:00, 0.0
6.0, 20.7, 320.0, 47.0, 1992-07-22 00:00:00, 0.0
16.0, 23.7, 320.0, 21.0, 1992-07-23 00:00:00, 0.0
9.0, 23.5, 230.0, 28.0, 1992-07-24 00:00:00, 0.0
11.0, 22.3, 230.0, 31.0, 1992-07-25 00:00:00, 0.0
13.0, 16.7, 320.0, 42.0, 1992-07-26 00:00:00, 0.0
6.0, 18.4, 320.0, 42.0, 1992-07-27 00:00:00, 0.0
8.0, 17.1, 270.0, 64.0, 1992-07-28 00:00:00, 0.5
7.0, 21.5, 320.0, 37.0, 1992-07-29 00:00:00, 0.0
13.0, 29.0, 270.0, 15.0, 1992-07-30 00:00:00, 0.0
11.0, 28.1, 270.0, 15.0, 1992-07-31 00:00:00, 0.0
9.0, 27.1, 270.0, 22.0, 1992-08-01 00:00:00, 0.0
18.0, 24.6, 320.0, 40.0, 1992-08-02 00:00:00, 0.0
14.0, 25.8, 0.0, 28.0, 1992-08-03 00:00:00, 0.0
19.0, 26.3, 320.0, 26.0, 1992-08-04 00:00:00, 0.0
11.0, 24.0, 270.0, 44.0, 1992-08-05 00:00:00, 0.0
13.0, 12.8, 180.0, 88.0, 1992-08-06 00:00:00, 3.6
17.0, 7.6, 270.0, 83.0, 1992-08-07 00:00:00, 15.7
4.0, 12.3, 140.0, 72.0, 1992-08-08 00:00:00, 8.1
13.0, 15.0, 180.0, 55.0, 1992-08-09 00:00:00, 0.0
7.0, 19.0, 230.0, 50.0, 1992-08-10 00:00:00, 0.0
9.0, 24.0, 180.0, 45.0, 1992-08-11 00:00:00, 0.0
9.0, 26.0, 230.0, 40.0, 1992-08-12 00:00:00, 0.0
9.0, 26.0, 140.0, 45.0, 1992-08-13 00:00:00, 0.0
9.0, 25.0, 50.0, 30.0, 1992-08-14 00:00:00, 0.0
7.0, 20.0, 270.0, 29.0, 1992-08-15 00:00:00, 0.0
9.0, 21.0, 0.0, 31.0, 1992-08-16 00:00:00, 0.0
5.0, 26.0, 180.0, 27.0, 1992-08-17 00:00:00, 0.0
14.0, 23.4, 270.0, 36.0, 1992-08-18 00:00:00, 0.0
13.0, 15.0, 320.0, 50.0, 1992-08-19 00:00:00, 0.0
16.0, 18.9, 320.0, 30.0, 1992-08-20 00:00:00, 0.0
27.0, 14.4, 320.0, 44.0, 1992-08-21 00:00:00, 0.0
20.0, 11.3, 320.0, 38.0, 1992-08-22 00:00:00, 0.0
16.0, 13.7, 320.0, 24.0, 1992-08-23 00:00:00, 0.0
7.0, 19.0, 0.0, 29.0, 1992-08-24 00:00:00, 0.0
2.0, 19.2, 320.0, 44.0, 1992-08-25 00:00:00, 0.0
2.0, 19.1, 320.0, 61.0, 1992-08-26 00:00:00, 0.5
3.0, 14.1, 180.0, 45.0, 1992-08-27 00:00:00, 0.0
11.0, 12.4, 320.0, 53.0, 1992-08-28 00:00:00, 0.0
12.0, 15.3, 140.0, 39.0, 1992-08-29 00:00:00, 0.3
10.0, 20.1, 140.0, 37.0, 1992-08-30 00:00:00, 0.0
7.0, 18.3, 230.0, 62.0, 1992-08-31 00:00:00, 0.0
20.0, 16.7, 270.0, 48.0, 1992-09-01 00:00:00, 0.0
0.0, 10.7, 0.0, 57.0, 1992-09-02 00:00:00, 0.0
0.0, 9.9, 0.0, 87.0, 1992-09-03 00:00:00, 0.5
0.0, 5.2, 0.0, 84.0, 1992-09-04 00:00:00, 5.0
4.0, 4.4, 320.0, 85.0, 1992-09-05 00:00:00, 2.0
0.0, 8.9, 230.0, 56.0, 1992-09-06 00:00:00, 0.3
28.0, 3.7, 140.0, 88.0, 1992-09-07 00:00:00, 0.0
17.0, 5.3, 320.0, 83.0, 1992-09-08 00:00:00, 5.0
18.0, 6.9, 140.0, 87.0, 1992-09-09 00:00:00, 3.0
19.0, 11.0, 320.0, 82.0, 1992-09-10 00:00:00, 0.0
5.0, 12.9, 270.0, 53.0, 1992-09-11 00:00:00, 16.0
12.0, 6.3, 230.0, 65.0, 1992-09-12 00:00:00, 0.3
0.0, 2.6, 270.0, 75.0, 1992-09-13 00:00:00, 0.5
0.0, 2.8, 320.0, 85.0, 1992-09-14 00:00:00, 0.8
0.0, 5.6, 0.0, 43.0, 1992-09-15 00:00:00, 0.3
40.0, 3.4, 180.0, 87.0, 1992-09-16 00:00:00, 2.6
11.0, 4.3, 140.0, 85.0, 1992-09-17 00:00:00, 7.1
18.0, 6.9, 180.0, 87.0, 1992-09-18 00:00:00, 5.9
17.0, 8.4, 140.0, 86.0, 1992-09-19 00:00:00, 3.3
0.0, 14.3, 50.0, 65.0, 1992-09-20 00:00:00, 11.2
20.0, 8.4, 140.0, 82.0, 1992-09-21 00:00:00, 0.3
12.0, 17.7, 140.0, 57.0, 1992-09-22 00:00:00, 0.3
8.0, 16.3, 180.0, 57.0, 1992-09-23 00:00:00, 0.0
11.0, 8.4, 270.0, 85.0, 1992-09-24 00:00:00, 11.7
7.0, 4.7, 270.0, 85.0, 1992-09-25 00:00:00, 5.6
11.0, 6.8, 270.0, 69.0, 1992-09-26 00:00:00, 2.5
21.0, 7.2, 140.0, 77.0, 1992-09-27 00:00:00, 1.8
21.0, 13.1, 180.0, 48.0, 1992-09-28 00:00:00, 0.0
9.0, 20.4, 180.0, 25.0, 1992-09-29 00:00:00, 0.0
0.0, 17.8, 140.0, 38.0, 1992-09-30 00:00:00, 0.0
0.0, 22.1, 140.0, 41.0, 1992-10-01 00:00:00, 0.0
0.0, 20.6, 140.0, 46.0, 1992-10-02 00:00:00, 0.0
0.0, 14.2, 180.0, 78.0, 1992-10-03 00:00:00, 3.3
0.0, 8.2, 140.0, 55.0, 1992-10-04 00:00:00, 4.1
1.0, 7.4, 0.0, 64.0, 1992-10-05 00:00:00, 0.0
0.0, 7.3, 270.0, 49.0, 1992-10-06 00:00:00, 0.0
1.0, 5.2, 180.0, 54.0, 1992-10-07 00:00:00, 0.0
6.0, 7.1, 270.0, 49.0, 1992-10-08 00:00:00, 0.0
10.0, 3.3, 140.0, 85.0, 1992-10-09 00:00:00, 4.1
16.0, 12.7, 180.0, 61.0, 1992-10-10 00:00:00, 0.0
0.0, 6.0, 320.0, 45.0, 1992-10-11 00:00:00, 0.0
0.0, 1.6, 320.0, 87.0, 1992-10-12 00:00:00, 0.3
17.0, 1.1, 270.0, 57.0, 1992-10-13 00:00:00, 0.0
12.0, -2.6, 320.0, 89.0, 1992-10-14 00:00:00, 0.0
11.0, -2.3, 140.0, 85.0, 1992-10-15 00:00:00, 0.3
1.0, -1.1, 140.0, 67.0, 1992-10-16 00:00:00, 0.5
13.0, 1.2, 140.0, 86.0, 1992-10-17 00:00:00, 1.4
26.0, 6.8, 180.0, 85.0, 1992-10-18 00:00:00, 11.0
25.0, 10.0, 180.0, 50.0, 1992-10-19 00:00:00, 4.1
15.0, 9.0, 230.0, 45.0, 1992-10-20 00:00:00, 1.0
15.0, 10.0, 180.0, 50.0, 1992-10-21 00:00:00, 1.0
15.0, 9.0, 270.0, 50.0, 1992-10-22 00:00:00, 1.0
