station_observations
wind_speed, temperature, wind_direction, relative_humidity, time, precipitation
5.0, 11.8, 140.0, 29.0, 1983-05-01 00:00:00, 0.0
3.0, 10.3, 270.0, 47.0, 1983-05-02 00:00:00, 0.7
5.0, 19.1, 90.0, 54.0, 1983-05-03 00:00:00, 0.0
7.0, 8.9, 180.0, 51.0, 1983-05-04 00:00:00, 0.0
3.0, 12.0, 180.0, 40.0, 1983-05-05 00:00:00, 0.0
6.0, 9.5, 180.0, 56.0, 1983-05-06 00:00:00, 0.0
6.0, 4.5, 180.0, 75.0, 1983-05-07 00:00:00, 2.5
3.0, 4.0, 180.0, 59.0, 1983-05-08 00:00:00, 2.0
1.0, 6.0, 90.0, 65.0, 1983-05-09 00:00:00, 5.0
4.0, 8.0, 0.0, 45.0, 1983-05-10 00:00:00, 0.2
3.0, 7.5, 180.0, 50.0, 1983-05-11 00:00:00, 0.0
4.0, 12.5, 180.0, 40.0, 1983-05-12 00:00:00, 0.0
4.0, 12.0, 230.0, 32.0, 1983-05-13 00:00:00, 0.0
8.0, 7.0, 180.0, 53.0, 1983-05-14 00:00:00, 0.0
3.0, 12.0, 270.0, 46.0, 1983-05-15 00:00:00, 0.0
4.0, 14.0, 270.0, 27.0, 1983-05-16 00:00:00, 0.0
2.0, 6.5, 0.0, 78.0, 1983-05-17 00:00:00, 1.5
2.0, 7.5, 320.0, 58.0, 1983-05-18 00:00:00, 10.0
3.0, 9.0, 0.0, 73.0, 1983-05-19 00:00:00, 0.0
4.0, 16.0, 320.0, 34.0, 1983-05-20 00:00:00, 0.0
3.0, 13.0, 40.0, 45.0, 1983-05-21 00:00:00, 0.0
4.0, 16.5, 320.0, 30.0, 1983-05-22 00:00:00, 0.0
4.0, 17.5, 270.0, 31.0, 1983-05-23 00:00:00, 0.0
3.0, 21.0, 270.0, 18.0, 1983-05-24 00:00:00, 0.0
7.0, 18.5, 180.0, 22.0, 1983-05-25 00:00:00, 0.0
4.0, 15.0, 0.0, 40.0, 1983-05-26 00:00:00, 0.0
7.0, 21.0, 140.0, 28.0, 1983-05-27 00:00:00, 0.0
7.0, 25.0, 140.0, 22.0, 1983-05-28 00:00:00, 0.0
6.0, 29.0, 180.0, 15.0, 1983-05-29 00:00:00, 0.0
8.0, 27.0, 140.0, 15.0, 1983-05-30 00:00:00, 0.0
3.0, 26.0, 180.0, 18.0, 1983-05-31 00:00:00, 0.0
3.0, 20.0, 320.0, 36.0, 1983-06-01 00:00:00, 0.5
2.0, 8.0, 0.0, 79.0, 1983-06-02 00:00:00, 2.5
4.0, 12.0, 270.0, 59.0, 1983-06-03 00:00:00, 4.5
3.0, 13.0, 320.0, 50.0, 1983-06-04 00:00:00, 0.2
8.0, 13.0, 180.0, 56.0, 1983-06-05 00:00:00, 0.2
4.0, 16.0, 140.0, 51.0, 1983-06-06 00:00:00, 0.0
3.0, 17.0, 180.0, 41.0, 1983-06-07 00:00:00, 0.0
5.0, 20.0, 180.0, 41.0, 1983-06-08 00:00:00, 0.0
6.0, 16.0, 0.0, 38.0, 1983-06-09 00:00:00, 0.0
4.0, 8.0, 0.0, 69.0, 1983-06-10 00:00:00, 0.7
6.0, 9.0, 0.0, 70.0, 1983-06-11 00:00:00, 0.0
2.0, 9.0, 90.0, 74.0, 1983-06-12 00:00:00, 0.0
7.0, 16.0, 90.0, 42.0, 1983-06-13 00:00:00, 0.0
11.0, 17.0, 180.0, 40.0, 1983-06-14 00:00:00, 0.0
4.0, 13.0, 180.0, 75.0, 1983-06-15 00:00:00, 4.5
11.0, 14.0, 180.0, 60.0, 1983-06-16 00:00:00, 0.2
2.0, 6.5, 180.0, 78.0, 1983-06-17 00:00:00, 1.7
4.0, 11.0, 180.0, 77.0, 1983-06-18 00:00:00, 1.2
2.0, 10.0, 40.0, 59.0, 1983-06-19 00:00:00, 4.3
8.0, 6.0, 0.0, 80.0, 1983-06-20 00:00:00, 0.0
0.0, 10.0, 0.0, 77.0, 1983-06-21 00:00:00, 0.0
9.0, 16.0, 90.0, 51.0, 1983-06-22 00:00:00, 0.1
8.0, 12.0, 180.0, 63.0, 1983-06-23 00:00:00, 5.8
8.0, 15.5, 230.0, 63.0, 1983-06-24 00:00:00, 5.8
8.0, 10.0, 180.0, 70.0, 1983-06-25 00:00:00, 0.0
6.0, 13.0, 180.0, 63.0, 1983-06-26 00:00:00, 0.0
1.0, 17.0, 90.0, 48.0, 1983-06-27 00:00:00, 0.0
8.0, 20.0, 140.0, 37.0, 1983-06-28 00:00:00, 0.0
0.0, 10.9, 0.0, 97.0, 1983-06-29 00:00:00, 1.7
1.0, 10.0, 180.0, 95.0, 1983-06-30 00:00:00, 14.2
5.0, 13.0, 140.0, 66.0, 1983-07-01 00:00:00, 0.2
5.0, 10.0, 0.0, 95.0, 1983-07-02 00:00:00, 5.3
10.0, 11.0, 320.0, 95.0, 1983-07-03 00:00:00, 6.6
6.0, 14.5, 180.0, 69.0, 1983-07-04 00:00:00, 1.5
6.0, 21.0, 180.0, 42.0, 1983-07-05 00:00:00, 0.0
14.0, 16.0, 180.0, 52.0, 1983-07-06 00:00:00, 0.0
4.0, 14.0, 180.0, 48.0, 1983-07-07 00:00:00, 0.0
2.0, 11.0, 320.0, 78.0, 1983-07-08 00:00:00, 2.2
5.0, 12.0, 40.0, 70.0, 1983-07-09 00:00:00, 0.2
2.0, 16.0, 180.0, 59.0, 1983-07-10 00:00:00, 0.0
9.0, 12.0, 180.0, 94.0, 1983-07-11 00:00:00, 4.3
3.0, 14.0, 40.0, 71.0, 1983-07-12 00:00:00, 6.6
9.0, 14.0, 180.0, 86.0, 1983-07-13 00:00:00, 1.7
2.0, 9.0, 140.0, 79.0, 1983-07-14 00:00:00, 0.5
6.0, 9.0, 0.0, 95.0, 1983-07-15 00:00:00, 0.5
2.0, 15.0, 0.0, 59.0, 1983-07-16 00:00:00, 0.0
2.0, 17.0, 180.0, 51.0, 1983-07-17 00:00:00, 0.0
8.0, 19.0, 140.0, 43.0, 1983-07-18 00:00:00, 0.0
6.0, 23.5, 180.0, 27.0, 1983-07-19 00:00:00, 0.7
2.0, 11.0, 140.0, 91.0, 1983-07-20 00:00:00, 0.5
7.0, 14.0, 180.0, 71.0, 1983-07-21 00:00:00, 0.5
9.0, 20.0, 180.0, 41.0, 1983-07-22 00:00:00, 0.0
11.0, 19.0, 180.0, 42.0, 1983-07-23 00:00:00, 0.0
6.0, 21.0, 180.0, 49.0, 1983-07-24 00:00:00, 0.2
9.0, 15.0, 180.0, 68.0, 1983-07-25 00:00:00, 24.0
9.0, 11.0, 180.0, 80.0, 1983-07-26 00:00:00, 0.0
7.0, 14.0, 180.0, 68.0, 1983-07-27 00:00:00, 0.0
7.0, 16.0, 180.0, 59.0, 1983-07-28 00:00:00, 0.0
5.0, 17.0, 140.0, 55.0, 1983-07-29 00:00:00, 0.0
11.0, 22.0, 180.0, 36.0, 1983-07-30 00:00:00, 0.0
8.0, 25.0, 180.0, 36.0, 1983-07-31 00:00:00, 0.0
4.0, 22.0, 180.0, 47.0, 1983-08-01 00:00:00, 0.0
7.0, 20.0, 180.0, 45.0, 1983-08-02 00:00:00, 0.0
6.0, 16.5, 180.0, 47.0, 1983-08-03 00:00:00, 0.0
4.0, 19.5, 180.0, 31.0, 1983-08-04 00:00:00, 0.0
5.0, 24.5, 180.0, 30.0, 1983-08-05 00:00:00, 0.0
3.0, 17.0, 140.0, 45.0, 1983-08-06 00:00:00, 0.0
6.0, 22.0, 90.0, 26.0, 1983-08-07 00:00:00, 0.0
2.0, 23.0, 90.0, 41.0, 1983-08-08 00:00:00, 0.0
5.0, 25.0, 180.0, 45.0, 1983-08-09 00:00:00, 0.0
0.0, 16.0, 0.0, 93.0, 1983-08-10 00:00:00, 0.5
0.0, 15.0, 0.0, 87.0, 1983-08-11 00:00:00, 0.4
2.0, 16.0, 90.0, 69.0, 1983-08-12 00:00:00, 0.0
6.0, 21.0, 140.0, 54.0, 1983-08-13 00:00:00, 0.0
0.0, 16.0, 0.0, 54.0, 1983-08-14 00:00:00, 0.0
2.0, 17.5, 0.0, 41.0, 1983-08-15 00:00:00, 0.0
0.0, 20.0, 0.0, 24.0, 1983-08-16 00:00:00, 0.0
3.0, 16.0, 180.0, 51.0, 1983-08-17 00:00:00, 0.0
4.0, 15.0, 0.0, 40.0, 1983-08-18 00:00:00, 0.5
3.0, 20.0, 180.0, 24.0, 1983-08-19 00:00:00, 0.0
3.0, 14.0, 0.0, 42.0, 1983-08-20 00:00:00, 0.0
4.0, 17.0, 230.0, 34.0, 1983-08-21 00:00:00, 0.0
9.0, 20.0, 180.0, 41.0, 1983-08-22 00:00:00, 0.0
8.0, 21.0, 180.0, 41.0, 1983-08-23 00:00:00, 0.0
6.0, 21.0, 180.0, 41.0, 1983-08-24 00:00:00, 0.2
9.0, 15.0, 180.0, 68.0, 1983-08-25 00:00:00, 23.6
9.0, 11.0, 180.0, 80.0, 1983-08-26 00:00:00, 0.0
9.0, 14.0, 180.0, 71.0, 1983-08-27 00:00:00, 0.0
4.0, 15.0, 140.0, 74.0, 1983-08-28 00:00:00, 0.5
5.0, 17.0, 140.0, 56.0, 1983-08-29 00:00:00, 0.0
11.0, 22.0, 180.0, 36.0, 1983-08-30 00:00:00, 0.0
9.0, 21.0, 180.0, 49.0, 1983-08-31 00:00:00, 0.0
5.0, 11.5, 0.0, 96.0, 1983-09-01 00:00:00, 0.5
8.0, 12.0, 0.0, 86.0, 1983-09-02 00:00:00, 0.0
6.0, 17.0, 0.0, 47.0, 1983-09-03 00:00:00, 0.0
4.0, 20.0, 0.0, 31.0, 1983-09-04 00:00:00, 0.0
5.0, 24.0, 0.0, 30.0, 1983-09-05 00:00:00, 0.0
3.0, 16.0, 0.0, 45.0, 1983-09-06 00:00:00, 0.0
0.0, 0.0, 0.0, 0.0, 1984-05-15 00:00:00, 0.0
2.0, 7.6, 140.0, 60.0, 1984-05-16 00:00:00, 0.0
2.0, 7.0, 0.0, 61.0, 1984-05-17 00:00:00, 0.5
7.0, 9.0, 320.0, 62.0, 1984-05-18 00:00:00, 2.0
10.0, 6.0, 0.0, 89.0, 1984-05-19 00:00:00, 23.3
5.0, 5.0, 90.0, 90.0, 1984-05-20 00:00:00, 3.0
15.0, 7.0, 0.0, 85.0, 1984-05-21 00:00:00, 3.5
15.0, 7.0, 0.0, 80.0, 1984-05-22 00:00:00, 2.5
6.0, 9.0, 90.0, 50.0, 1984-05-23 00:00:00, 3.3
5.0, 4.0, 270.0, 73.0, 1984-05-24 00:00:00, 2.7
6.0, 6.0, 0.0, 73.0, 1984-05-25 00:00:00, 3.8
0.0, 4.0, 0.0, 79.0, 1984-05-26 00:00:00, 0.0
0.0, 9.0, 0.0, 71.0, 1984-05-27 00:00:00, 3.3
11.0, 11.0, 180.0, 59.0, 1984-05-28 00:00:00, 0.0
0.0, 15.0, 0.0, 64.0, 1984-05-29 00:00:00, 0.2
11.0, 13.0, 140.0, 56.0, 1984-05-30 00:00:00, 0.0
7.0, 2.9, 180.0, 86.0, 1984-05-31 00:00:00, 3.3
2.0, 7.8, 90.0, 50.0, 1984-06-01 00:00:00, 0.2
10.0, 11.9, 270.0, 42.0, 1984-06-02 00:00:00, 0.0
4.0, 8.5, 0.0, 69.0, 1984-06-03 00:00:00, 0.2
0.0, 6.6, 0.0, 92.0, 1984-06-04 00:00:00, 3.5
0.0, 8.5, 0.0, 84.0, 1984-06-05 00:00:00, 4.8
0.0, 9.7, 0.0, 78.0, 1984-06-06 00:00:00, 4.8
0.0, 10.9, 0.0, 75.0, 1984-06-07 00:00:00, 3.0
0.0, 8.0, 0.0, 93.0, 1984-06-08 00:00:00, 1.7
7.0, 9.0, 90.0, 85.0, 1984-06-09 00:00:00, 0.0
7.0, 12.0, 0.0, 70.0, 1984-06-10 00:00:00, 0.0
3.0, 18.5, 270.0, 47.0, 1984-06-11 00:00:00, 0.0
2.0, 20.5, 320.0, 44.0, 1984-06-12 00:00:00, 0.0
0.0, 18.0, 0.0, 56.0, 1984-06-13 00:00:00, 4.5
2.0, 20.0, 270.0, 49.0, 1984-06-14 00:00:00, 0.0
6.0, 5.0, 230.0, 69.0, 1984-06-15 00:00:00, 0.0
0.0, 5.0, 0.0, 89.0, 1984-06-16 00:00:00, 0.0
2.0, 7.0, 0.0, 61.0, 1984-06-17 00:00:00, 0.5
7.0, 9.0, 320.0, 62.0, 1984-06-18 00:00:00, 2.0
0.0, 9.5, 0.0, 63.0, 1984-06-19 00:00:00, 1.5
3.0, 13.5, 270.0, 52.0, 1984-06-20 00:00:00, 0.2
0.0, 18.5, 0.0, 38.0, 1984-06-21 00:00:00, 0.2
1.0, 16.6, 320.0, 58.0, 1984-06-22 00:00:00, 0.0
8.0, 15.5, 0.0, 65.0, 1984-06-23 00:00:00, 7.3
1.0, 16.0, 0.0, 56.0, 1984-06-24 00:00:00, 0.0
2.0, 16.0, 320.0, 46.0, 1984-06-25 00:00:00, 0.0
8.0, 16.5, 40.0, 51.0, 1984-06-26 00:00:00, 0.0
11.0, 9.0, 0.0, 64.0, 1984-06-27 00:00:00, 0.0
28.0, 13.1, 320.0, 81.0, 1984-06-28 00:00:00, 0.0
3.0, 7.4, 0.0, 96.0, 1984-06-29 00:00:00, 7.3
4.0, 9.4, 0.0, 67.0, 1984-06-30 00:00:00, 12.1
1.0, 9.0, 140.0, 84.0, 1984-07-01 00:00:00, 9.0
2.0, 14.0, 40.0, 56.0, 1984-07-02 00:00:00, 1.0
1.0, 16.5, 140.0, 57.0, 1984-07-03 00:00:00, 0.0
0.0, 15.0, 0.0, 62.0, 1984-07-04 00:00:00, 0.7
5.0, 15.0, 0.0, 41.0, 1984-07-05 00:00:00, 0.2
0.0, 9.5, 0.0, 68.0, 1984-07-06 00:00:00, 1.7
0.0, 9.0, 0.0, 78.0, 1984-07-07 00:00:00, 2.7
2.0, 13.5, 230.0, 65.0, 1984-07-08 00:00:00, 0.0
0.0, 14.0, 0.0, 76.0, 1984-07-09 00:00:00, 0.2
1.0, 19.5, 0.0, 41.0, 1984-07-10 00:00:00, 0.0
22.0, 20.5, 320.0, 28.0, 1984-07-11 00:00:00, 0.0
2.0, 13.5, 180.0, 73.0, 1984-07-12 00:00:00, 0.0
5.0, 15.5, 270.0, 55.0, 1984-07-13 00:00:00, 0.0
0.0, 17.5, 0.0, 40.0, 1984-07-14 00:00:00, 0.0
0.0, 22.0, 0.0, 38.0, 1984-07-15 00:00:00, 0.0
0.0, 24.0, 0.0, 37.0, 1984-07-16 00:00:00, 0.0
0.0, 22.0, 0.0, 36.0, 1984-07-17 00:00:00, 0.0
1.0, 23.0, 0.0, 27.0, 1984-07-18 00:00:00, 0.0
0.0, 16.0, 0.0, 37.0, 1984-07-19 00:00:00, 0.0
0.0, 12.0, 0.0, 57.0, 1984-07-20 00:00:00, 1.0
3.0, 11.0, 180.0, 78.0, 1984-07-21 00:00:00, 3.0
2.0, 18.0, 90.0, 49.0, 1984-07-22 00:00:00, 0.2
3.0, 22.5, 90.0, 27.0, 1984-07-23 00:00:00, 0.0
0.0, 25.5, 0.0, 27.0, 1984-07-24 00:00:00, 0.0
2.0, 28.0, 320.0, 26.0, 1984-07-25 00:00:00, 0.0
1.0, 27.0, 270.0, 28.0, 1984-07-26 00:00:00, 0.2
5.0, 23.0, 270.0, 35.0, 1984-07-27 00:00:00, 0.0
24.0, 23.5, 0.0, 32.0, 1984-07-28 00:00:00, 0.0
0.0, 23.5, 0.0, 43.0, 1984-07-29 00:00:00, 0.0
3.0, 25.0, 320.0, 40.0, 1984-07-30 00:00:00, 1.0
1.0, 25.0, 0.0, 42.0, 1984-07-31 00:00:00, 0.0
0.0, 19.5, 0.0, 59.0, 1984-08-01 00:00:00, 0.0
5.0, 22.5, 320.0, 48.0, 1984-08-02 00:00:00, 0.0
9.0, 22.5, 0.0, 44.0, 1984-08-03 00:00:00, 0.2
5.0, 21.5, 0.0, 53.0, 1984-08-04 00:00:00, 0.0
2.0, 23.3, 270.0, 54.0, 1984-08-05 00:00:00, 3.8
0.0, 12.4, 0.0, 73.0, 1984-08-06 00:00:00, 5.3
0.0, 10.7, 0.0, 90.0, 1984-08-07 00:00:00, 1.0
6.0, 19.5, 0.0, 65.0, 1984-08-08 00:00:00, 0.0
2.0, 24.2, 0.0, 45.0, 1984-08-09 00:00:00, 0.0
0.0, 22.2, 0.0, 41.0, 1984-08-10 00:00:00, 0.0
6.0, 21.8, 270.0, 50.0, 1984-08-11 00:00:00, 0.2
2.0, 14.4, 0.0, 69.0, 1984-08-12 00:00:00, 1.0
0.0, 10.6, 0.0, 92.0, 1984-08-13 00:00:00, 0.0
7.0, 14.8, 0.0, 67.0, 1984-08-14 00:00:00, 3.0
0.0, 16.9, 0.0, 48.0, 1984-08-15 00:00:00, 0.0
3.0, 21.1, 320.0, 40.0, 1984-08-16 00:00:00, 0.0
2.0, 19.1, 320.0, 56.0, 1984-08-17 00:00:00, 0.0
0.0, 16.6, 0.0, 42.0, 1984-08-18 00:00:00, 0.0
2.0, 10.7, 180.0, 64.0, 1984-08-19 00:00:00, 3.5
2.0, 16.2, 140.0, 51.0, 1984-08-20 00:00:00, 0.0
10.0, 20.0, 320.0, 41.0, 1984-08-21 00:00:00, 0.0
0.0, 20.5, 0.0, 40.0, 1984-08-22 00:00:00, 0.0
0.0, 17.2, 0.0, 46.0, 1984-08-23 00:00:00, 0.0
0.0, 14.7, 0.0, 50.0, 1984-08-24 00:00:00, 0.0
0.0, 14.1, 0.0, 71.0, 1984-08-25 00:00:00, 2.7
4.0, 12.9, 0.0, 90.0, 1984-08-26 00:00:00, 1.7
3.0, 7.4, 180.0, 90.0, 1984-08-27 00:00:00, 5.3
0.0, 7.7, 0.0, 75.0, 1984-08-28 00:00:00, 2.2
0.0, 10.0, 0.0, 63.0, 1984-08-29 00:00:00, 0.0
1.0, 11.8, 0.0, 66.0, 1984-08-30 00:00:00, 0.0
0.0, 14.0, 0.0, 62.0, 1984-08-31 00:00:00, 0.0
0.0, 10.0, 0.0, 60.0, 1984-09-01 00:00:00, 2.5
5.0, 13.0, 90.0, 40.0, 1984-09-02 00:00:00, 0.0
4.0, 15.0, 0.0, 52.0, 1984-09-03 00:00:00, 0.0
5.0, 21.0, 0.0, 53.0, 1984-09-04 00:00:00, 0.0
0.0, 6.5, 0.0, 99.0, 1984-09-05 00:00:00, 18.0
0.0, 12.5, 0.0, 73.0, 1984-09-06 00:00:00, 5.3
0.0, 10.5, 0.0, 65.0, 1984-09-07 00:00:00, 1.0
0.0, 5.0, 0.0, 99.0, 1984-09-08 00:00:00, 3.0
0.0, 6.0, 0.0, 80.0, 1984-09-09 00:00:00, 3.0
0.0, 7.0, 0.0, 89.0, 1984-09-10 00:00:00, 8.0
3.0, 5.5, 230.0, 94.0, 1984-09-11 00:00:00, 1.2
0.0, 5.5, 0.0, 97.0, 1984-09-12 00:00:00, 7.6
0.0, 6.5, 0.0, 91.0, 1984-09-13 00:00:00, 3.3
9.0, 10.0, 0.0, 52.0, 1984-09-14 00:00:00, 0.0
5.0, 12.5, 0.0, 48.0, 1984-09-15 00:00:00, 0.0
11.0, 10.0, 0.0, 93.0, 1984-09-16 00:00:00, 3.0
0.0, 16.5, 0.0, 66.0, 1984-09-17 00:00:00, 0.0
0.0, 16.5, 0.0, 51.0, 1984-09-18 00:00:00, 0.5
2.0, 11.5, 320.0, 50.0, 1984-09-19 00:00:00, 0.0
2.0, 3.5, 140.0, 98.0, 1984-09-20 00:00:00, 5.0
0.0, 1.5, 0.0, 99.0, 1984-09-21 00:00:00, 3.8
0.0, 2.5, 0.0, 91.0, 1984-09-22 00:00:00, 7.8
11.0, 1.0, 140.0, 86.0, 1984-09-23 00:00:00, 1.5
0.0, 4.0, 0.0, 58.0, 1984-09-24 00:00:00, 0.0
0.0, 3.5, 0.0, 57.0, 1984-09-25 00:00:00, 0.0
3.0, 7.5, 180.0, 90.0, 1984-09-26 00:00:00, 5.3
2.0, 6.5, 0.0, 38.0, 1984-09-27 00:00:00, 0.0
0.0, 18.0, 0.0, 38.0, 1984-09-28 00:00:00, 0.0
10.0, 10.5, 0.0, 33.0, 1984-09-29 00:00:00, 0.0
0.0, 12.5, 0.0, 35.0, 1984-09-30 00:00:00, 0.0
0.0, 0.0, 0.0, 0.0, 1986-05-05 00:00:00, 0.0
3.0, 10.4, 180.0, 40.0, 1986-05-06 00:00:00, 0.0
5.0, 6.5, 90.0, 73.0, 1986-05-07 00:00:00, 0.5
0.0, 9.1, 0.0, 51.0, 1986-05-08 00:00:00, 0.0
3.0, 5.9, 230.0, 60.0, 1986-05-09 00:00:00, 0.0
8.0, 7.3, 180.0, 56.0, 1986-05-10 00:00:00, 0.0
10.0, 1.8, 180.0, 88.0, 1986-05-11 00:00:00, 0.0
0.0, 8.4, 0.0, 76.0, 1986-05-12 00:00:00, 0.0
0.0, 1.1, 0.0, 75.0, 1986-05-13 00:00:00, 1.1
0.0, 10.0, 0.0, 40.0, 1986-05-14 00:00:00, 3.3
0.0, 8.6, 0.0, 25.0, 1986-05-15 00:00:00, 0.0
3.0, 6.3, 180.0, 41.0, 1986-05-16 00:00:00, 0.0
0.0, 5.1, 0.0, 94.0, 1986-05-17 00:00:00, 4.8
4.0, 11.8, 180.0, 66.0, 1986-05-18 00:00:00, 0.2
7.0, 13.5, 180.0, 50.0, 1986-05-19 00:00:00, 0.2
0.0, 9.2, 0.0, 60.0, 1986-05-20 00:00:00, 3.5
4.0, 6.9, 270.0, 53.0, 1986-05-21 00:00:00, 0.5
4.0, 5.5, 230.0, 61.0, 1986-05-22 00:00:00, 0.0
7.0, 7.5, 140.0, 53.0, 1986-05-23 00:00:00, 2.9
9.0, 8.0, 180.0, 63.0, 1986-05-24 00:00:00, 0.0
4.0, 15.4, 140.0, 47.0, 1986-05-25 00:00:00, 0.0
11.0, 23.1, 180.0, 31.0, 1986-05-26 00:00:00, 0.0
0.0, 17.4, 0.0, 44.0, 1986-05-27 00:00:00, 0.0
7.0, 21.3, 180.0, 32.0, 1986-05-28 00:00:00, 0.0
2.0, 24.2, 140.0, 9.0, 1986-05-29 00:00:00, 0.0
0.0, 27.1, 0.0, 6.0, 1986-05-30 00:00:00, 0.0
0.0, 26.5, 0.0, 13.0, 1986-05-31 00:00:00, 0.0
0.0, 25.2, 0.0, 14.0, 1986-06-01 00:00:00, 0.0
6.0, 17.7, 40.0, 13.0, 1986-06-02 00:00:00, 0.0
0.0, 20.0, 0.0, 21.0, 1986-06-03 00:00:00, 0.0
6.0, 16.5, 180.0, 48.0, 1986-06-04 00:00:00, 0.0
2.0, 7.8, 180.0, 43.0, 1986-06-05 00:00:00, 2.5
3.0, 10.4, 180.0, 40.0, 1986-06-06 00:00:00, 0.0
0.0, 12.9, 0.0, 52.0, 1986-06-07 00:00:00, 1.0
1.0, 17.0, 140.0, 43.0, 1986-06-08 00:00:00, 0.0
1.0, 15.9, 230.0, 60.0, 1986-06-09 00:00:00, 0.0
0.0, 17.3, 0.0, 26.0, 1986-06-10 00:00:00, 0.0
0.0, 17.0, 0.0, 88.0, 1986-06-11 00:00:00, 0.2
8.0, 16.0, 180.0, 43.0, 1986-06-12 00:00:00, 0.0
4.0, 21.0, 320.0, 35.0, 1986-06-13 00:00:00, 0.7
8.0, 16.0, 180.0, 12.0, 1986-06-14 00:00:00, 16.0
10.0, 15.0, 140.0, 47.0, 1986-06-15 00:00:00, 0.0
8.0, 16.0, 140.0, 49.0, 1986-06-16 00:00:00, 0.0
0.0, 9.6, 0.0, 80.0, 1986-06-17 00:00:00, 0.0
2.0, 15.4, 230.0, 36.0, 1986-06-18 00:00:00, 0.0
0.0, 10.6, 0.0, 60.0, 1986-06-19 00:00:00, 4.7
0.0, 7.7, 0.0, 71.0, 1986-06-20 00:00:00, 0.2
7.0, 14.7, 180.0, 45.0, 1986-06-21 00:00:00, 0.2
0.0, 16.6, 0.0, 56.0, 1986-06-22 00:00:00, 0.2
3.0, 17.9, 180.0, 38.0, 1986-06-23 00:00:00, 0.0
0.0, 18.5, 0.0, 37.0, 1986-06-24 00:00:00, 0.0
0.0, 17.0, 0.0, 22.0, 1986-06-25 00:00:00, 0.0
0.0, 19.3, 0.0, 10.0, 1986-06-26 00:00:00, 0.0
1.0, 22.2, 140.0, 14.0, 1986-06-27 00:00:00, 0.0
2.0, 22.6, 140.0, 22.0, 1986-06-28 00:00:00, 0.0
0.0, 14.4, 0.0, 74.0, 1986-06-29 00:00:00, 1.0
1.0, 16.6, 140.0, 69.0, 1986-06-30 00:00:00, 12.1
6.0, 12.5, 180.0, 89.0, 1986-07-01 00:00:00, 2.7
3.0, 14.5, 180.0, 45.0, 1986-07-02 00:00:00, 1.7
3.0, 8.2, 180.0, 45.0, 1986-07-03 00:00:00, 1.7
4.0, 12.7, 320.0, 47.0, 1986-07-04 00:00:00, 0.0
0.0, 13.0, 0.0, 67.0, 1986-07-05 00:00:00, 0.7
0.0, 14.7, 0.0, 78.0, 1986-07-06 00:00:00, 0.7
1.0, 19.5, 140.0, 43.0, 1986-07-07 00:00:00, 0.0
0.0, 16.3, 0.0, 67.0, 1986-07-08 00:00:00, 22.0
1.0, 17.5, 180.0, 43.0, 1986-07-09 00:00:00, 0.0
0.0, 8.5, 0.0, 92.0, 1986-07-10 00:00:00, 3.8
0.0, 10.5, 0.0, 92.0, 1986-07-11 00:00:00, 5.3
1.0, 12.3, 230.0, 80.0, 1986-07-12 00:00:00, 0.5
0.0, 15.3, 0.0, 56.0, 1986-07-13 00:00:00, 1.5
0.0, 16.0, 0.0, 45.0, 1986-07-14 00:00:00, 0.7
0.0, 10.0, 0.0, 91.0, 1986-07-15 00:00:00, 6.0
0.0, 8.3, 0.0, 87.0, 1986-07-16 00:00:00, 7.0
0.0, 9.9, 0.0, 84.0, 1986-07-17 00:00:00, 0.5
0.0, 19.3, 0.0, 45.0, 1986-07-18 00:00:00, 0.0
0.0, 19.3, 0.0, 45.0, 1986-07-19 00:00:00, 0.0
0.0, 19.9, 0.0, 42.0, 1986-07-20 00:00:00, 0.0
0.0, 24.5, 0.0, 22.0, 1986-07-21 00:00:00, 0.0
0.0, 22.5, 0.0, 37.0, 1986-07-22 00:00:00, 0.0
1.0, 15.8, 0.0, 50.0, 1986-07-23 00:00:00, 0.2
0.0, 18.3, 0.0, 44.0, 1986-07-24 00:00:00, 0.0
0.0, 16.2, 0.0, 37.0, 1986-07-25 00:00:00, 0.0
0.0, 15.6, 0.0, 52.0, 1986-07-26 00:00:00, 2.2
2.0, 13.1, 140.0, 71.0, 1986-07-27 00:00:00, 2.5
0.0, 9.3, 0.0, 84.0, 1986-07-28 00:00:00, 0.2
0.0, 9.3, 0.0, 75.0, 1986-07-29 00:00:00, 17.0
0.0, 14.6, 0.0, 52.0, 1986-07-30 00:00:00, 0.7
0.0, 17.0, 0.0, 42.0, 1986-07-31 00:00:00, 0.0
0.0, 26.0, 0.0, 38.0, 1986-08-01 00:00:00, 0.0
0.0, 24.8, 0.0, 27.0, 1986-08-02 00:00:00, 0.0
0.0, 22.2, 0.0, 42.0, 1986-08-03 00:00:00, 0.0
0.0, 20.5, 0.0, 38.0, 1986-08-04 00:00:00, 0.0
0.0, 14.2, 0.0, 73.0, 1986-08-05 00:00:00, 7.6
0.0, 20.9, 0.0, 41.0, 1986-08-06 00:00:00, 0.0
0.0, 24.4, 0.0, 28.0, 1986-08-07 00:00:00, 0.0
0.0, 24.2, 0.0, 34.0, 1986-08-08 00:00:00, 0.0
0.0, 23.3, 0.0, 25.0, 1986-08-09 00:00:00, 0.0
0.0, 25.8, 0.0, 24.0, 1986-08-10 00:00:00, 0.0
1.0, 21.0, 0.0, 50.0, 1986-08-11 00:00:00, 0.7
0.0, 21.0, 0.0, 46.0, 1986-08-12 00:00:00, 0.2
0.0, 21.3, 0.0, 41.0, 1986-08-13 00:00:00, 0.0
6.0, 18.2, 320.0, 16.0, 1986-08-14 00:00:00, 0.0
0.0, 15.4, 0.0, 22.0, 1986-08-15 00:00:00, 0.0
0.0, 17.1, 0.0, 22.0, 1986-08-16 00:00:00, 0.0
0.0, 21.1, 0.0, 22.0, 1986-08-17 00:00:00, 0.0
1.0, 22.5, 180.0, 22.0, 1986-08-18 00:00:00, 0.0
0.0, 15.3, 0.0, 29.0, 1986-08-19 00:00:00, 0.0
0.0, 19.9, 0.0, 21.0, 1986-08-20 00:00:00, 0.0
0.0, 21.8, 0.0, 24.0, 1986-08-21 00:00:00, 0.0
0.0, 21.4, 0.0, 22.0, 1986-08-22 00:00:00, 0.0
0.0, 20.0, 0.0, 29.0, 1986-08-23 00:00:00, 0.0
0.0, 17.0, 0.0, 37.0, 1986-08-24 00:00:00, 0.0
0.0, 20.0, 0.0, 39.0, 1986-08-25 00:00:00, 0.0
1.0, 22.7, 140.0, 30.0, 1986-08-26 00:00:00, 0.0
0.0, 25.5, 0.0, 24.0, 1986-08-27 00:00:00, 0.0
0.0, 21.8, 0.0, 39.0, 1986-08-28 00:00:00, 0.0
0.0, 20.2, 0.0, 50.0, 1986-08-29 00:00:00, 0.5
0.0, 19.8, 0.0, 58.0, 1986-08-30 00:00:00, 0.5
0.0, 17.0, 0.0, 68.0, 1986-08-31 00:00:00, 1.2
0.0, 14.0, 0.0, 85.0, 1986-09-01 00:00:00, 0.5
0.0, 17.4, 0.0, 52.0, 1986-09-02 00:00:00, 1.0
1.0, 14.0, 270.0, 67.0, 1986-09-03 00:00:00, 0.0
0.0, 18.0, 0.0, 38.0, 1986-09-04 00:00:00, 0.0
0.0, 14.2, 0.0, 73.0, 1986-09-05 00:00:00, 0.0
9.0, 13.1, 180.0, 28.0, 1986-09-06 00:00:00, 0.0
0.0, 15.5, 0.0, 21.0, 1986-09-07 00:00:00, 0.0
0.0, 11.5, 0.0, 63.0, 1986-09-08 00:00:00, 0.0
2.0, 14.0, 230.0, 39.0, 1986-09-09 00:00:00, 0.2
0.0, 4.5, 0.0, 91.0, 1986-09-10 00:00:00, 5.5
0.0, 7.5, 0.0, 64.0, 1986-09-11 00:00:00, 1.2
0.0, 8.0, 0.0, 50.0, 1986-09-12 00:00:00, 0.0
0.0, 10.4, 0.0, 37.0, 1986-09-13 00:00:00, 0.0
0.0, 5.7, 0.0, 85.0, 1986-09-14 00:00:00, 2.5
0.0, 10.2, 0.0, 43.0, 1986-09-15 00:00:00, 0.0
0.0, 7.9, 0.0, 74.0, 1986-09-16 00:00:00, 0.0
0.0, 8.2, 0.0, 76.0, 1986-09-17 00:00:00, 1.0
0.0, 11.0, 0.0, 40.0, 1986-09-18 00:00:00, 0.0
0.0, 11.5, 0.0, 49.0, 1986-09-19 00:00:00, 0.0
0.0, 9.9, 0.0, 52.0, 1986-09-20 00:00:00, 0.0
0.0, 11.9, 0.0, 38.0, 1986-09-21 00:00:00, 0.0
0.0, 10.9, 0.0, 61.0, 1986-09-22 00:00:00, 0.0
12.0, 5.2, 180.0, 93.0, 1986-09-23 00:00:00, 32.0
0.0, 4.2, 0.0, 91.0, 1986-09-24 00:00:00, 6.3
0.0, 6.5, 0.0, 75.0, 1986-09-25 00:00:00, 0.0
0.0, 3.9, 0.0, 91.0, 1986-09-26 00:00:00, 8.3
0.0, 1.3, 0.0, 91.0, 1986-09-27 00:00:00, 8.8
0.0, 3.2, 0.0, 91.0, 1986-09-28 00:00:00, 0.0
0.0, 5.8, 0.0, 89.0, 1986-09-29 00:00:00, 4.3
0.0, 4.2, 0.0, 90.0, 1986-09-30 00:00:00, 5.5
10.0, 10.0, 40.0, 10.0, 1986-10-01 00:00:00, 1.0
1.0, 4.6, 0.0, 46.0, 1987-04-22 00:00:00, 0.7
4.0, 2.6, 180.0, 73.0, 1987-04-23 00:00:00, 0.0
3.0, 7.1, 180.0, 32.0, 1987-04-24 00:00:00, 0.0
0.0, 7.8, 0.0, 32.0, 1987-04-25 00:00:00, 0.0
5.0, 9.0, 180.0, 36.0, 1987-04-26 00:00:00, 0.0
1.0, 17.3, 180.0, 29.0, 1987-04-27 00:00:00, 0.0
1.0, 17.9, 180.0, 36.0, 1987-04-28 00:00:00, 0.0
0.0, 13.5, 0.0, 79.0, 1987-04-29 00:00:00, 7.5
0.0, 10.0, 0.0, 95.0, 1987-04-30 00:00:00, 3.0
5.0, 7.9, 180.0, 68.0, 1987-05-01 00:00:00, 13.2
10.0, 6.0, 180.0, 51.0, 1987-05-02 00:00:00, 0.0
9.0, 5.1, 180.0, 68.0, 1987-05-03 00:00:00, 0.5
0.0, 7.8, 0.0, 89.0, 1987-05-04 00:00:00, 0.5
4.0, 13.5, 180.0, 52.0, 1987-05-05 00:00:00, 0.7
0.0, 19.5, 0.0, 33.0, 1987-05-06 00:00:00, 0.0
2.0, 22.2, 180.0, 35.0, 1987-05-07 00:00:00, 0.0
1.0, 22.8, 180.0, 16.0, 1987-05-08 00:00:00, 0.0
0.0, 18.4, 0.0, 25.0, 1987-05-09 00:00:00, 0.0
10.0, 16.7, 320.0, 31.0, 1987-05-10 00:00:00, 0.0
7.0, 13.6, 180.0, 45.0, 1987-05-11 00:00:00, 0.0
1.0, 10.7, 140.0, 45.0, 1987-05-12 00:00:00, 0.0
7.0, 7.8, 140.0, 56.0, 1987-05-13 00:00:00, 0.5
6.0, 14.0, 180.0, 54.0, 1987-05-14 00:00:00, 0.0
1.0, 11.0, 230.0, 48.0, 1987-05-15 00:00:00, 0.0
1.0, 11.7, 90.0, 29.0, 1987-05-16 00:00:00, 0.0
2.0, 11.6, 140.0, 37.0, 1987-05-17 00:00:00, 0.0
1.0, 2.0, 0.0, 95.0, 1987-05-18 00:00:00, 3.0
3.0, 2.4, 320.0, 85.0, 1987-05-19 00:00:00, 3.8
2.0, 9.5, 90.0, 38.0, 1987-05-20 00:00:00, 0.0
8.0, 6.8, 180.0, 63.0, 1987-05-21 00:00:00, 0.0
6.0, 5.8, 180.0, 72.0, 1987-05-22 00:00:00, 1.0
1.0, 5.6, 320.0, 90.0, 1987-05-23 00:00:00, 7.3
0.0, 24.9, 0.0, 60.0, 1987-05-24 00:00:00, 4.7
2.0, 15.6, 90.0, 35.0, 1987-05-25 00:00:00, 0.0
1.0, 19.0, 320.0, 30.0, 1987-05-26 00:00:00, 0.0
2.0, 20.0, 40.0, 29.0, 1987-05-27 00:00:00, 0.0
1.0, 7.3, 230.0, 84.0, 1987-05-28 00:00:00, 1.0
9.0, 8.9, 180.0, 55.0, 1987-05-29 00:00:00, 0.7
10.0, 7.6, 180.0, 92.0, 1987-05-30 00:00:00, 4.5
1.0, 11.8, 180.0, 45.0, 1987-05-31 00:00:00, 0.2
2.0, 9.2, 270.0, 52.0, 1987-06-01 00:00:00, 0.2
7.0, 10.4, 270.0, 45.0, 1987-06-02 00:00:00, 0.2
2.0, 17.5, 140.0, 41.0, 1987-06-03 00:00:00, 0.0
4.0, 20.8, 180.0, 39.0, 1987-06-04 00:00:00, 0.0
3.0, 19.6, 140.0, 43.0, 1987-06-05 00:00:00, 0.0
0.0, 14.9, 0.0, 44.0, 1987-06-06 00:00:00, 0.0
1.0, 19.0, 40.0, 35.0, 1987-06-07 00:00:00, 0.0
0.0, 22.8, 0.0, 27.0, 1987-06-08 00:00:00, 0.0
0.0, 11.5, 0.0, 88.0, 1987-06-09 00:00:00, 8.1
8.0, 10.7, 180.0, 66.0, 1987-06-10 00:00:00, 2.2
11.0, 11.8, 180.0, 71.0, 1987-06-11 00:00:00, 0.2
11.0, 12.7, 180.0, 62.0, 1987-06-12 00:00:00, 0.2
0.0, 13.8, 0.0, 60.0, 1987-06-13 00:00:00, 0.0
0.0, 19.6, 0.0, 38.0, 1987-06-14 00:00:00, 0.0
0.0, 16.3, 0.0, 45.0, 1987-06-15 00:00:00, 0.2
0.0, 13.0, 0.0, 43.0, 1987-06-16 00:00:00, 0.0
0.0, 15.6, 0.0, 52.0, 1987-06-17 00:00:00, 0.0
0.0, 18.3, 0.0, 40.0, 1987-06-18 00:00:00, 0.0
0.0, 20.8, 0.0, 38.0, 1987-06-19 00:00:00, 0.0
1.0, 21.6, 40.0, 44.0, 1987-06-20 00:00:00, 0.0
6.0, 11.3, 40.0, 68.0, 1987-06-21 00:00:00, 6.0
1.0, 7.6, 320.0, 81.0, 1987-06-22 00:00:00, 2.0
1.0, 11.3, 320.0, 44.0, 1987-06-23 00:00:00, 1.2
2.0, 15.8, 0.0, 35.0, 1987-06-24 00:00:00, 0.0
1.0, 21.0, 90.0, 35.0, 1987-06-25 00:00:00, 0.0
0.0, 24.8, 0.0, 31.0, 1987-06-26 00:00:00, 0.0
0.0, 23.1, 0.0, 37.0, 1987-06-27 00:00:00, 0.0
0.0, 23.5, 0.0, 33.0, 1987-06-28 00:00:00, 0.0
0.0, 25.8, 0.0, 25.0, 1987-06-29 00:00:00, 0.0
0.0, 23.1, 0.0, 37.0, 1987-06-30 00:00:00, 0.0
0.0, 26.9, 0.0, 29.0, 1987-07-01 00:00:00, 0.0
0.0, 25.0, 0.0, 35.0, 1987-07-02 00:00:00, 0.0
0.0, 9.6, 0.0, 89.0, 1987-07-03 00:00:00, 1.0
0.0, 14.6, 0.0, 81.0, 1987-07-04 00:00:00, 5.3
1.0, 7.6, 180.0, 92.0, 1987-07-05 00:00:00, 10.4
1.0, 10.3, 180.0, 91.0, 1987-07-06 00:00:00, 5.0
2.0, 11.3, 140.0, 74.0, 1987-07-07 00:00:00, 0.0
7.0, 9.2, 140.0, 82.0, 1987-07-08 00:00:00, 2.0
0.0, 10.4, 0.0, 82.0, 1987-07-09 00:00:00, 8.1
1.0, 16.3, 90.0, 53.0, 1987-07-10 00:00:00, 3.3
0.0, 13.6, 0.0, 86.0, 1987-07-11 00:00:00, 1.2
1.0, 17.9, 90.0, 60.0, 1987-07-12 00:00:00, 0.7
0.0, 23.5, 0.0, 35.0, 1987-07-13 00:00:00, 0.0
1.0, 21.4, 40.0, 28.0, 1987-07-14 00:00:00, 0.0
1.0, 16.0, 270.0, 36.0, 1987-07-15 00:00:00, 0.0
1.0, 12.0, 0.0, 47.0, 1987-07-16 00:00:00, 0.0
1.0, 17.0, 0.0, 35.0, 1987-07-17 00:00:00, 0.0
0.0, 16.2, 0.0, 42.0, 1987-07-18 00:00:00, 0.0
0.0, 12.3, 0.0, 82.0, 1987-07-19 00:00:00, 0.2
1.0, 16.4, 0.0, 59.0, 1987-07-20 00:00:00, 0.5
0.0, 16.9, 0.0, 57.0, 1987-07-21 00:00:00, 0.0
0.0, 23.1, 0.0, 37.0, 1987-07-22 00:00:00, 0.0
0.0, 21.9, 0.0, 40.0, 1987-07-23 00:00:00, 0.0
2.0, 23.9, 90.0, 35.0, 1987-07-24 00:00:00, 0.0
1.0, 15.5, 0.0, 80.0, 1987-07-25 00:00:00, 3.8
6.0, 19.0, 0.0, 61.0, 1987-07-26 00:00:00, 0.5
0.0, 19.6, 0.0, 51.0, 1987-07-27 00:00:00, 0.0
2.0, 22.7, 0.0, 37.0, 1987-07-28 00:00:00, 0.0
0.0, 22.2, 0.0, 36.0, 1987-07-29 00:00:00, 0.0
0.0, 17.9, 0.0, 38.0, 1987-07-30 00:00:00, 1.5
1.0, 7.4, 270.0, 92.0, 1987-07-31 00:00:00, 3.8
1.0, 8.2, 320.0, 80.0, 1987-08-01 00:00:00, 7.8
0.0, 10.1, 0.0, 87.0, 1987-08-02 00:00:00, 0.0
0.0, 17.0, 0.0, 57.0, 1987-08-03 00:00:00, 0.0
0.0, 15.7, 0.0, 65.0, 1987-08-04 00:00:00, 0.0
0.0, 14.0, 0.0, 85.0, 1987-08-05 00:00:00, 4.8
0.0, 19.7, 0.0, 52.0, 1987-08-06 00:00:00, 0.0
0.0, 22.5, 0.0, 45.0, 1987-08-07 00:00:00, 0.0
0.0, 23.3, 0.0, 34.0, 1987-08-08 00:00:00, 0.0
0.0, 23.1, 0.0, 38.0, 1987-08-09 00:00:00, 0.0
0.0, 22.6, 0.0, 99.0, 1987-08-10 00:00:00, 2.5
0.0, 14.4, 0.0, 51.0, 1987-08-11 00:00:00, 0.2
0.0, 11.4, 0.0, 70.0, 1987-08-12 00:00:00, 0.2
0.0, 10.4, 0.0, 88.0, 1987-08-13 00:00:00, 1.7
1.0, 13.2, 270.0, 59.0, 1987-08-14 00:00:00, 2.2
1.0, 16.0, 270.0, 36.0, 1987-08-15 00:00:00, 0.0
0.0, 11.1, 0.0, 56.0, 1987-08-16 00:00:00, 3.5
1.0, 17.1, 90.0, 35.0, 1987-08-17 00:00:00, 0.0
0.0, 12.3, 0.0, 82.0, 1987-08-18 00:00:00, 0.2
0.0, 12.3, 0.0, 82.0, 1987-08-19 00:00:00, 0.2
3.0, 11.6, 180.0, 55.0, 1987-08-20 00:00:00, 9.3
0.0, 16.5, 0.0, 57.0, 1987-08-21 00:00:00, 0.0
0.0, 18.8, 0.0, 27.0, 1987-08-22 00:00:00, 0.0
0.0, 20.8, 0.0, 29.0, 1987-08-23 00:00:00, 0.0
2.0, 23.9, 90.0, 35.0, 1987-08-24 00:00:00, 0.0
0.0, 19.4, 0.0, 38.0, 1987-08-25 00:00:00, 0.0
0.0, 19.0, 0.0, 42.0, 1987-08-26 00:00:00, 0.0
0.0, 19.5, 0.0, 44.0, 1987-08-27 00:00:00, 0.0
0.0, 16.0, 0.0, 51.0, 1987-08-28 00:00:00, 0.0
0.0, 17.1, 0.0, 35.0, 1987-08-29 00:00:00, 0.0
0.0, 20.8, 0.0, 29.0, 1987-08-30 00:00:00, 0.0
0.0, 22.9, 0.0, 32.0, 1987-08-31 00:00:00, 0.0
0.0, 20.0, 0.0, 54.0, 1987-09-01 00:00:00, 0.0
1.0, 9.0, 0.0, 99.0, 1987-09-02 00:00:00, 5.0
0.0, 16.0, 0.0, 54.0, 1987-09-03 00:00:00, 0.0
0.0, 19.2, 0.0, 58.0, 1987-09-04 00:00:00, 0.0
0.0, 19.0, 0.0, 48.0, 1987-09-05 00:00:00, 0.0
0.0, 19.0, 0.0, 46.0, 1987-09-06 00:00:00, 0.0
0.0, 20.2, 0.0, 29.0, 1987-09-07 00:00:00, 0.0
0.0, 19.5, 0.0, 42.0, 1987-09-08 00:00:00, 0.0
1.0, 19.5, 0.0, 47.0, 1987-09-09 00:00:00, 0.0
0.0, 20.2, 0.0, 49.0, 1987-09-10 00:00:00, 0.0
4.0, 21.0, 0.0, 44.0, 1987-09-11 00:00:00, 0.0
0.0, 19.4, 0.0, 40.0, 1987-09-12 00:00:00, 0.0
0.0, 16.0, 0.0, 52.0, 1987-09-13 00:00:00, 0.0
13.0, 13.9, 180.0, 63.0, 1987-09-14 00:00:00, 0.0
4.0, 8.3, 180.0, 70.0, 1987-09-15 00:00:00, 1.5
3.0, 9.0, 270.0, 53.0, 1987-09-16 00:00:00, 0.0
3.0, 9.8, 140.0, 55.0, 1987-09-17 00:00:00, 0.0
0.0, 18.6, 0.0, 48.0, 1987-09-18 00:00:00, 0.0
2.0, 13.9, 180.0, 62.0, 1987-09-19 00:00:00, 0.0
1.0, 16.5, 180.0, 64.0, 1987-09-20 00:00:00, 0.0
9.0, 20.2, 180.0, 49.0, 1987-09-21 00:00:00, 0.0
1.0, 22.1, 180.0, 41.0, 1987-09-22 00:00:00, 0.0
0.0, 20.0, 0.0, 40.0, 1987-09-23 00:00:00, 0.0
0.0, 20.5, 0.0, 37.0, 1987-09-24 00:00:00, 0.0
0.0, 16.0, 0.0, 48.0, 1987-09-25 00:00:00, 0.0
0.0, 6.5, 0.0, 72.0, 1987-09-26 00:00:00, 0.2
0.0, 8.9, 0.0, 48.0, 1987-09-27 00:00:00, 0.0
0.0, 14.1, 0.0, 89.0, 1987-09-28 00:00:00, 0.0
0.0, 16.0, 0.0, 77.0, 1987-09-29 00:00:00, 0.0
0.0, 17.0, 0.0, 39.0, 1987-09-30 00:00:00, 0.0
4.0, 18.0, 180.0, 37.0, 1987-10-01 00:00:00, 0.0
0.0, 17.0, 0.0, 42.0, 1987-10-02 00:00:00, 0.0
0.0, 16.0, 0.0, 92.0, 1987-10-03 00:00:00, 0.7
0.0, 10.2, 0.0, 55.0, 1987-10-04 00:00:00, 0.0
1.0, 11.8, 140.0, 48.0, 1987-10-05 00:00:00, 0.0
1.0, 12.5, 180.0, 46.0, 1987-10-06 00:00:00, 0.0
0.0, 15.0, 0.0, 62.0, 1987-10-07 00:00:00, 0.0
0.0, 12.3, 0.0, 62.0, 1987-10-08 00:00:00, 0.0
1.0, 14.0, 0.0, 47.0, 1987-10-09 00:00:00, 0.0
0.0, 14.5, 0.0, 65.0, 1987-10-10 00:00:00, 0.0
0.0, 15.0, 0.0, 35.0, 1987-10-11 00:00:00, 0.0
0.0, 14.5, 0.0, 54.0, 1987-10-12 00:00:00, 0.0
0.0, 12.0, 0.0, 52.0, 1987-10-13 00:00:00, 0.0
4.0, 12.2, 0.0, 70.0, 1987-10-14 00:00:00, 0.0
1.0, 14.0, 40.0, 61.0, 1987-10-15 00:00:00, 0.0
0.0, 6.3, 0.0, 54.0, 1987-10-16 00:00:00, 0.0
0.0, 4.0, 0.0, 99.0, 1987-10-17 00:00:00, 0.0
0.0, 6.0, 0.0, 98.0, 1987-10-18 00:00:00, 0.0
0.0, 5.0, 0.0, 96.0, 1987-10-19 00:00:00, 0.0
1.0, 7.0, 180.0, 64.0, 1987-10-20 00:00:00, 0.0
9.0, 6.8, 0.0, 49.0, 1987-10-21 00:00:00, 0.0
1.0, 10.0, 180.0, 41.0, 1987-10-22 00:00:00, 0.0
0.0, 12.0, 0.0, 92.0, 1987-10-23 00:00:00, 0.2
0.0, 11.3, 0.0, 83.0, 1987-10-24 00:00:00, 0.0
0.0, 4.2, 0.0, 98.0, 1987-10-25 00:00:00, 6.0
9.0, 4.5, 180.0, 39.0, 1987-10-26 00:00:00, 0.0
8.0, 6.5, 180.0, 70.0, 1987-10-27 00:00:00, 0.0
0.0, 9.8, 0.0, 89.0, 1987-10-28 00:00:00, 0.2
4.0, 9.0, 140.0, 81.0, 1987-10-29 00:00:00, 0.0
3.0, 8.3, 90.0, 95.0, 1987-10-30 00:00:00, 0.0
0.0, 5.0, 0.0, 99.0, 1987-10-31 00:00:00, 3.0
0.0, 7.2, 0.0, 99.0, 1987-11-01 00:00:00, 0.0
0.0, 6.3, 0.0, 69.0, 1987-11-02 00:00:00, 0.0
0.0, 4.8, 0.0, 99.0, 1987-11-03 00:00:00, 7.8
0.0, 4.1, 0.0, 56.0, 1987-11-04 00:00:00, 0.0
1.0, 6.4, 40.0, 92.0, 1987-11-05 00:00:00, 0.0
0.0, 7.8, 0.0, 62.0, 1987-11-06 00:00:00, 0.0
6.0, 4.3, 180.0, 94.0, 1987-11-07 00:00:00, 8.2
4.0, 4.1, 140.0, 55.0, 1987-11-08 00:00:00, 0.0
2.0, 5.8, 180.0, 89.0, 1987-11-09 00:00:00, 0.0
0.0, 5.5, 0.0, 75.0, 1988-04-25 00:00:00, 4.3
7.0, 6.7, 180.0, 59.0, 1988-04-26 00:00:00, 0.2
6.0, 10.7, 180.0, 50.0, 1988-04-27 00:00:00, 0.0
7.0, 11.6, 180.0, 50.0, 1988-04-28 00:00:00, 0.0
0.0, 5.6, 0.0, 54.0, 1988-04-29 00:00:00, 2.7
3.0, 2.6, 320.0, 71.0, 1988-04-30 00:00:00, 0.5
0.0, 1.9, 0.0, 68.0, 1988-05-01 00:00:00, 0.0
1.0, 1.4, 180.0, 88.0, 1988-05-02 00:00:00, 0.0
7.0, 3.5, 180.0, 81.0, 1988-05-03 00:00:00, 1.0
0.0, 2.0, 0.0, 92.0, 1988-05-04 00:00:00, 1.5
1.0, 9.9, 180.0, 45.0, 1988-05-05 00:00:00, 0.0
0.0, 7.4, 0.0, 84.0, 1988-05-06 00:00:00, 1.5
0.0, 9.1, 0.0, 61.0, 1988-05-07 00:00:00, 0.0
0.0, 10.8, 0.0, 53.0, 1988-05-08 00:00:00, 0.0
0.0, 15.8, 0.0, 35.0, 1988-05-09 00:00:00, 0.0
0.0, 15.4, 0.0, 46.0, 1988-05-10 00:00:00, 0.0
0.0, 18.6, 0.0, 45.0, 1988-05-11 00:00:00, 0.0
10.0, 20.6, 180.0, 40.0, 1988-05-12 00:00:00, 0.0
0.0, 5.0, 0.0, 95.0, 1988-05-13 00:00:00, 6.6
0.0, 3.7, 0.0, 88.0, 1988-05-14 00:00:00, 0.0
0.0, 8.8, 0.0, 69.0, 1988-05-15 00:00:00, 0.0
6.0, 7.5, 180.0, 90.0, 1988-05-16 00:00:00, 0.5
1.0, 8.4, 180.0, 48.0, 1988-05-17 00:00:00, 0.0
4.0, 6.3, 180.0, 59.0, 1988-05-18 00:00:00, 0.0
1.0, 9.2, 180.0, 65.0, 1988-05-19 00:00:00, 0.0
0.0, 13.2, 0.0, 31.0, 1988-05-20 00:00:00, 0.0
0.0, 13.4, 0.0, 40.0, 1988-05-21 00:00:00, 0.0
0.0, 10.1, 0.0, 71.0, 1988-05-22 00:00:00, 0.0
0.0, 2.9, 0.0, 71.0, 1988-05-23 00:00:00, 0.0
0.0, 11.8, 0.0, 44.0, 1988-05-24 00:00:00, 0.0
0.0, 10.1, 0.0, 70.0, 1988-05-25 00:00:00, 0.0
5.0, 8.8, 140.0, 42.0, 1988-05-26 00:00:00, 0.0
6.0, 10.7, 180.0, 50.0, 1988-05-27 00:00:00, 0.0
0.0, 3.0, 0.0, 99.0, 1988-05-28 00:00:00, 2.5
0.0, 9.9, 0.0, 92.0, 1988-05-29 00:00:00, 0.0
0.0, 10.8, 0.0, 45.0, 1988-05-30 00:00:00, 0.0
0.0, 7.1, 0.0, 68.0, 1988-05-31 00:00:00, 0.0
0.0, 5.3, 0.0, 88.0, 1988-06-01 00:00:00, 0.7
0.0, 8.1, 0.0, 56.0, 1988-06-02 00:00:00, 0.0
0.0, 9.7, 0.0, 54.0, 1988-06-03 00:00:00, 1.0
0.0, 10.3, 0.0, 62.0, 1988-06-04 00:00:00, 2.0
0.0, 5.9, 0.0, 91.0, 1988-06-05 00:00:00, 6.0
5.0, 8.8, 50.0, 92.0, 1988-06-06 00:00:00, 2.7
1.0, 11.3, 50.0, 77.0, 1988-06-07 00:00:00, 1.5
6.0, 10.4, 180.0, 63.0, 1988-06-08 00:00:00, 1.0
7.0, 12.7, 180.0, 53.0, 1988-06-09 00:00:00, 0.5
0.0, 10.2, 0.0, 74.0, 1988-06-10 00:00:00, 1.0
0.0, 6.4, 0.0, 88.0, 1988-06-11 00:00:00, 5.8
0.0, 13.2, 0.0, 57.0, 1988-06-12 00:00:00, 1.7
0.0, 16.6, 0.0, 45.0, 1988-06-13 00:00:00, 0.0
1.0, 20.9, 90.0, 34.0, 1988-06-14 00:00:00, 0.0
1.0, 22.4, 180.0, 33.0, 1988-06-15 00:00:00, 0.0
2.0, 21.1, 140.0, 39.0, 1988-06-16 00:00:00, 0.0
4.0, 17.8, 180.0, 46.0, 1988-06-17 00:00:00, 0.0
7.0, 16.1, 180.0, 37.0, 1988-06-18 00:00:00, 3.0
3.0, 13.5, 180.0, 50.0, 1988-06-19 00:00:00, 0.0
0.0, 16.5, 0.0, 42.0, 1988-06-20 00:00:00, 0.0
2.0, 15.8, 140.0, 45.0, 1988-06-21 00:00:00, 0.0
0.0, 14.7, 0.0, 87.0, 1988-06-22 00:00:00, 1.0
0.0, 14.9, 0.0, 57.0, 1988-06-23 00:00:00, 0.2
0.0, 14.1, 0.0, 52.0, 1988-06-24 00:00:00, 0.5
10.0, 22.6, 140.0, 32.0, 1988-06-25 00:00:00, 0.0
1.0, 18.6, 320.0, 56.0, 1988-06-26 00:00:00, 2.2
5.0, 17.3, 180.0, 97.0, 1988-06-27 00:00:00, 0.0
0.0, 13.0, 0.0, 63.0, 1988-06-28 00:00:00, 0.0
1.0, 7.7, 320.0, 95.0, 1988-06-29 00:00:00, 8.1
9.0, 6.8, 180.0, 79.0, 1988-06-30 00:00:00, 1.1
45.0, 12.4, 140.0, 70.0, 1988-07-01 00:00:00, 0.2
27.0, 15.9, 180.0, 55.0, 1988-07-02 00:00:00, 0.2
0.0, 11.9, 0.0, 62.0, 1988-07-03 00:00:00, 0.0
0.0, 12.0, 0.0, 78.0, 1988-07-04 00:00:00, 0.7
0.0, 12.1, 0.0, 81.0, 1988-07-05 00:00:00, 0.2
1.0, 14.5, 270.0, 66.0, 1988-07-06 00:00:00, 3.3
1.0, 13.2, 180.0, 69.0, 1988-07-07 00:00:00, 0.0
3.0, 21.2, 140.0, 33.0, 1988-07-08 00:00:00, 0.0
0.0, 21.1, 0.0, 39.0, 1988-07-09 00:00:00, 0.0
3.0, 22.9, 140.0, 36.0, 1988-07-10 00:00:00, 0.0
0.0, 11.3, 0.0, 95.0, 1988-07-11 00:00:00, 12.1
9.0, 9.5, 180.0, 80.0, 1988-07-12 00:00:00, 14.9
6.0, 14.8, 180.0, 62.0, 1988-07-13 00:00:00, 4.3
1.0, 11.4, 180.0, 64.0, 1988-07-14 00:00:00, 0.0
0.0, 8.6, 0.0, 87.0, 1988-07-15 00:00:00, 3.0
2.0, 13.6, 180.0, 63.0, 1988-07-16 00:00:00, 4.8
0.0, 17.7, 0.0, 43.0, 1988-07-17 00:00:00, 0.2
0.0, 19.3, 0.0, 40.0, 1988-07-18 00:00:00, 0.0
0.0, 23.6, 0.0, 33.0, 1988-07-19 00:00:00, 0.0
0.0, 27.1, 0.0, 26.0, 1988-07-20 00:00:00, 0.0
0.0, 26.1, 0.0, 21.0, 1988-07-21 00:00:00, 0.0
1.0, 16.6, 270.0, 38.0, 1988-07-22 00:00:00, 0.0
0.0, 19.0, 0.0, 37.0, 1988-07-23 00:00:00, 0.0
4.0, 23.3, 180.0, 37.0, 1988-07-24 00:00:00, 0.0
0.0, 22.1, 0.0, 37.0, 1988-07-25 00:00:00, 0.0
1.0, 25.6, 180.0, 25.0, 1988-07-26 00:00:00, 0.0
0.0, 21.0, 0.0, 45.0, 1988-07-27 00:00:00, 0.0
0.0, 19.3, 0.0, 36.0, 1988-07-28 00:00:00, 0.0
6.0, 20.2, 180.0, 49.0, 1988-07-29 00:00:00, 0.0
1.0, 19.0, 230.0, 39.0, 1988-07-30 00:00:00, 0.0
0.0, 16.6, 0.0, 45.0, 1988-07-31 00:00:00, 0.0
1.0, 10.3, 0.0, 91.0, 1988-08-01 00:00:00, 9.1
1.0, 19.2, 320.0, 44.0, 1988-08-02 00:00:00, 0.0
1.0, 22.9, 180.0, 41.0, 1988-08-03 00:00:00, 0.0
1.0, 21.2, 180.0, 38.0, 1988-08-04 00:00:00, 0.0
5.0, 10.8, 0.0, 91.0, 1988-08-05 00:00:00, 1.0
1.0, 14.9, 320.0, 64.0, 1988-08-06 00:00:00, 2.0
0.0, 14.8, 0.0, 55.0, 1988-08-07 00:00:00, 0.2
0.0, 10.9, 0.0, 94.0, 1988-08-08 00:00:00, 3.5
0.0, 12.9, 0.0, 90.0, 1988-08-09 00:00:00, 4.8
0.0, 15.0, 0.0, 62.0, 1988-08-10 00:00:00, 2.0
1.0, 17.5, 90.0, 45.0, 1988-08-11 00:00:00, 0.0
0.0, 21.4, 0.0, 37.0, 1988-08-12 00:00:00, 0.0
0.0, 21.2, 0.0, 40.0, 1988-08-13 00:00:00, 0.0
1.0, 15.9, 180.0, 58.0, 1988-08-14 00:00:00, 0.0
0.0, 11.9, 0.0, 82.0, 1988-08-15 00:00:00, 0.0
1.0, 10.4, 180.0, 94.0, 1988-08-16 00:00:00, 8.8
7.0, 12.9, 180.0, 81.0, 1988-08-17 00:00:00, 2.2
0.0, 13.1, 0.0, 75.0, 1988-08-18 00:00:00, 13.4
0.0, 9.4, 0.0, 94.0, 1988-08-19 00:00:00, 4.5
1.0, 8.5, 320.0, 91.0, 1988-08-20 00:00:00, 13.4
1.0, 14.2, 270.0, 58.0, 1988-08-21 00:00:00, 0.0
1.0, 19.3, 270.0, 52.0, 1988-08-22 00:00:00, 0.0
0.0, 23.2, 0.0, 38.0, 1988-08-23 00:00:00, 0.0
0.0, 25.6, 0.0, 36.0, 1988-08-24 00:00:00, 0.0
1.0, 17.2, 320.0, 65.0, 1988-08-25 00:00:00, 0.0
0.0, 20.7, 0.0, 58.0, 1988-08-26 00:00:00, 20.5
1.0, 22.9, 140.0, 44.0, 1988-08-27 00:00:00, 0.0
1.0, 23.2, 140.0, 37.0, 1988-08-28 00:00:00, 0.0
1.0, 18.9, 180.0, 47.0, 1988-08-29 00:00:00, 0.0
0.0, 11.6, 0.0, 62.0, 1988-08-30 00:00:00, 6.0
0.0, 15.8, 0.0, 49.0, 1988-08-31 00:00:00, 0.0
0.0, 24.9, 0.0, 39.0, 1988-09-01 00:00:00, 0.0
27.0, 21.1, 140.0, 37.0, 1988-09-02 00:00:00, 0.0
15.0, 27.4, 180.0, 23.0, 1988-09-03 00:00:00, 0.0
0.0, 28.3, 0.0, 24.0, 1988-09-04 00:00:00, 0.0
0.0, 25.9, 0.0, 22.0, 1988-09-05 00:00:00, 0.0
0.0, 12.2, 0.0, 93.0, 1988-09-06 00:00:00, 3.8
1.0, 8.0, 270.0, 63.0, 1988-09-07 00:00:00, 20.5
5.0, 9.9, 0.0, 72.0, 1988-09-08 00:00:00, 0.0
1.0, 7.3, 140.0, 85.0, 1988-09-09 00:00:00, 0.0
1.0, 10.3, 270.0, 60.0, 1988-09-10 00:00:00, 0.0
0.0, 14.2, 0.0, 37.0, 1988-09-11 00:00:00, 0.0
1.0, 18.3, 320.0, 49.0, 1988-09-12 00:00:00, 0.0
0.0, 19.9, 0.0, 48.0, 1988-09-13 00:00:00, 0.0
1.0, 19.7, 140.0, 44.0, 1988-09-14 00:00:00, 0.0
0.0, 15.9, 0.0, 46.0, 1988-09-15 00:00:00, 0.0
1.0, 6.8, 0.0, 62.0, 1988-09-16 00:00:00, 0.5
2.0, 5.1, 270.0, 79.0, 1988-09-17 00:00:00, 2.2
6.0, 5.1, 180.0, 70.0, 1988-09-18 00:00:00, 0.0
0.0, 3.4, 0.0, 97.0, 1988-09-19 00:00:00, 13.7
0.0, 5.8, 0.0, 81.0, 1988-09-20 00:00:00, 0.7
8.0, 8.1, 320.0, 55.0, 1988-09-21 00:00:00, 0.0
0.0, 8.3, 0.0, 65.0, 1988-09-22 00:00:00, 0.0
0.0, 4.4, 0.0, 87.0, 1988-09-23 00:00:00, 2.2
0.0, 2.6, 0.0, 95.0, 1988-09-24 00:00:00, 2.2
0.0, 1.3, 0.0, 97.0, 1988-09-25 00:00:00, 0.5
1.0, 2.8, 180.0, 97.0, 1988-09-26 00:00:00, 0.0
0.0, 4.6, 0.0, 91.0, 1988-09-27 00:00:00, 8.8
7.0, 5.3, 180.0, 87.0, 1988-09-28 00:00:00, 0.2
0.0, 14.5, 0.0, 65.0, 1988-09-29 00:00:00, 0.0
0.0, 12.3, 0.0, 44.0, 1988-09-30 00:00:00, 0.0
0.0, 14.9, 0.0, 57.0, 1988-10-01 00:00:00, 0.0
1.0, 15.1, 140.0, 59.0, 1988-10-02 00:00:00, 0.0
2.0, 17.4, 180.0, 49.0, 1988-10-03 00:00:00, 0.0
6.0, 18.4, 180.0, 38.0, 1988-10-04 00:00:00, 0.0
1.0, 14.6, 90.0, 66.0, 1988-10-05 00:00:00, 0.0
0.0, 14.7, 0.0, 66.0, 1988-10-06 00:00:00, 0.0
0.0, 15.5, 0.0, 70.0, 1988-10-07 00:00:00, 0.0
0.0, 14.9, 0.0, 44.0, 1988-10-08 00:00:00, 0.0
0.0, 15.1, 0.0, 58.0, 1988-10-09 00:00:00, 0.0
0.0, 16.9, 0.0, 48.0, 1988-10-10 00:00:00, 0.0
0.0, 18.0, 0.0, 45.0, 1988-10-11 00:00:00, 0.0
10.0, 16.7, 180.0, 42.0, 1988-10-12 00:00:00, 0.0
1.0, 11.8, 140.0, 70.0, 1988-10-13 00:00:00, 0.5
0.0, 6.0, 0.0, 93.0, 1988-10-14 00:00:00, 0.7
0.0, 4.9, 0.0, 96.0, 1988-10-15 00:00:00, 3.5
0.0, 3.1, 0.0, 96.0, 1988-10-16 00:00:00, 10.1
0.0, 3.6, 0.0, 76.0, 1988-10-17 00:00:00, 0.0
1.0, 2.2, 140.0, 80.0, 1988-10-18 00:00:00, 0.0
4.0, 3.8, 180.0, 95.0, 1988-10-19 00:00:00, 0.5
0.0, 5.3, 0.0, 95.0, 1988-10-20 00:00:00, 0.0
1.0, 9.1, 180.0, 78.0, 1988-10-21 00:00:00, 0.0
3.0, 3.7, 180.0, 77.0, 1988-10-22 00:00:00, 4.5
0.0, 3.8, 0.0, 94.0, 1988-10-23 00:00:00, 2.5
0.0, 5.5, 0.0, 59.0, 1988-10-24 00:00:00, 0.0
17.0, 12.0, 90.0, 63.0, 1991-06-01 00:00:00, 0.0
15.0, 11.9, 140.0, 44.0, 1991-06-02 00:00:00, 0.0
4.0, 4.9, 270.0, 71.0, 1991-06-03 00:00:00, 5.6
3.0, 4.9, 270.0, 90.0, 1991-06-04 00:00:00, 7.6
11.0, 14.5, 50.0, 51.0, 1991-06-05 00:00:00, 0.0
12.0, 17.2, 90.0, 39.0, 1991-06-06 00:00:00, 0.0
10.0, 14.6, 90.0, 67.0, 1991-06-07 00:00:00, 0.0
12.0, 12.0, 230.0, 61.0, 1991-06-08 00:00:00, 1.5
16.0, 15.0, 90.0, 61.0, 1991-06-09 00:00:00, 0.0
12.0, 14.9, 140.0, 71.0, 1991-06-10 00:00:00, 0.0
17.0, 10.3, 230.0, 58.0, 1991-06-11 00:00:00, 2.5
16.0, 4.6, 230.0, 90.0, 1991-06-12 00:00:00, 7.4
11.0, 8.5, 230.0, 61.0, 1991-06-13 00:00:00, 1.8
12.0, 6.6, 230.0, 84.0, 1991-06-14 00:00:00, 4.8
14.0, 7.2, 140.0, 86.0, 1991-06-15 00:00:00, 5.1
12.0, 7.0, 140.0, 92.0, 1991-06-16 00:00:00, 1.8
11.0, 10.0, 230.0, 84.0, 1991-06-17 00:00:00, 0.5
1.0, 7.5, 270.0, 96.0, 1991-06-18 00:00:00, 2.8
7.0, 16.8, 50.0, 47.0, 1991-06-19 00:00:00, 2.0
11.0, 13.4, 50.0, 67.0, 1991-06-20 00:00:00, 0.0
10.0, 14.5, 50.0, 70.0, 1991-06-21 00:00:00, 2.0
9.0, 10.8, 140.0, 87.0, 1991-06-22 00:00:00, 1.5
6.0, 10.4, 230.0, 89.0, 1991-06-23 00:00:00, 1.3
1.0, 13.4, 270.0, 74.0, 1991-06-24 00:00:00, 0.0
7.0, 12.4, 50.0, 87.0, 1991-06-25 00:00:00, 10.7
2.0, 10.5, 140.0, 96.0, 1991-06-26 00:00:00, 7.6
8.0, 17.6, 140.0, 55.0, 1991-06-27 00:00:00, 0.0
9.0, 17.9, 50.0, 60.0, 1991-06-28 00:00:00, 1.0
13.0, 19.6, 140.0, 49.0, 1991-06-29 00:00:00, 0.8
13.0, 12.1, 230.0, 86.0, 1991-06-30 00:00:00, 1.3
11.0, 16.0, 90.0, 70.0, 1991-07-01 00:00:00, 0.0
17.0, 22.3, 90.0, 48.0, 1991-07-02 00:00:00, 0.0
12.0, 23.0, 230.0, 28.0, 1991-07-03 00:00:00, 0.0
11.0, 19.1, 230.0, 43.0, 1991-07-04 00:00:00, 0.0
5.0, 5.0, 230.0, 99.0, 1991-07-05 00:00:00, 2.0
10.0, 8.1, 230.0, 93.0, 1991-07-06 00:00:00, 2.0
16.0, 17.5, 90.0, 45.0, 1991-07-07 00:00:00, 0.0
9.0, 18.3, 320.0, 48.0, 1991-07-08 00:00:00, 0.0
4.0, 20.9, 270.0, 38.0, 1991-07-09 00:00:00, 0.0
6.0, 21.6, 50.0, 32.0, 1991-07-10 00:00:00, 0.0
14.0, 19.9, 90.0, 38.0, 1991-07-11 00:00:00, 0.0
13.0, 16.8, 90.0, 84.0, 1991-07-12 00:00:00, 4.8
8.0, 10.3, 270.0, 84.0, 1991-07-13 00:00:00, 0.8
14.0, 13.9, 90.0, 65.0, 1991-07-14 00:00:00, 7.4
7.0, 9.7, 140.0, 96.0, 1991-07-15 00:00:00, 5.8
15.0, 14.0, 140.0, 68.0, 1991-07-16 00:00:00, 0.3
11.0, 12.8, 230.0, 77.0, 1991-07-17 00:00:00, 6.9
11.0, 12.6, 230.0, 60.0, 1991-07-18 00:00:00, 3.0
8.0, 13.6, 230.0, 64.0, 1991-07-19 00:00:00, 3.0
9.0, 12.2, 90.0, 70.0, 1991-07-20 00:00:00, 0.3
3.0, 13.7, 230.0, 67.0, 1991-07-21 00:00:00, 1.5
4.0, 15.0, 230.0, 60.0, 1991-07-22 00:00:00, 0.0
5.0, 20.0, 230.0, 50.0, 1991-07-23 00:00:00, 0.0
0.0, 21.0, 0.0, 50.0, 1991-07-24 00:00:00, 0.0
6.0, 15.9, 270.0, 85.0, 1991-07-25 00:00:00, 8.4
15.0, 14.2, 90.0, 76.0, 1991-07-26 00:00:00, 7.6
0.0, 15.0, 0.0, 55.0, 1991-07-27 00:00:00, 2.0
10.0, 15.0, 90.0, 55.0, 1991-07-28 00:00:00, 0.0
10.0, 13.0, 90.0, 76.0, 1991-07-29 00:00:00, 0.0
0.0, 14.2, 0.0, 60.0, 1991-07-30 00:00:00, 0.0
5.0, 15.0, 90.0, 55.0, 1991-07-31 00:00:00, 0.0
8.0, 19.8, 230.0, 39.0, 1991-08-01 00:00:00, 0.0
13.0, 21.2, 140.0, 40.0, 1991-08-02 00:00:00, 0.0
17.0, 23.0, 140.0, 36.0, 1991-08-03 00:00:00, 0.0
13.0, 24.4, 140.0, 34.0, 1991-08-04 00:00:00, 0.0
5.0, 18.0, 140.0, 60.0, 1991-08-05 00:00:00, 0.0
5.0, 14.0, 140.0, 60.0, 1991-08-06 00:00:00, 0.0
13.0, 17.0, 140.0, 55.0, 1991-08-07 00:00:00, 1.0
10.0, 16.0, 230.0, 60.0, 1991-08-08 00:00:00, 4.0
0.0, 11.0, 0.0, 75.0, 1991-08-09 00:00:00, 4.0
1.0, 12.9, 270.0, 93.0, 1991-08-10 00:00:00, 18.5
3.0, 14.3, 320.0, 87.0, 1991-08-11 00:00:00, 3.0
0.0, 14.0, 0.0, 75.0, 1991-08-12 00:00:00, 15.0
0.0, 10.0, 0.0, 95.0, 1991-08-13 00:00:00, 2.0
6.0, 15.0, 0.0, 88.0, 1991-08-14 00:00:00, 0.8
6.0, 23.1, 0.0, 61.0, 1991-08-15 00:00:00, 0.0
0.0, 19.0, 0.0, 61.0, 1991-08-16 00:00:00, 0.0
8.0, 26.6, 0.0, 33.0, 1991-08-17 00:00:00, 0.0
5.0, 20.2, 50.0, 65.0, 1991-08-18 00:00:00, 0.0
5.0, 22.7, 270.0, 44.0, 1991-08-19 00:00:00, 10.7
5.0, 20.1, 90.0, 59.0, 1991-08-20 00:00:00, 0.0
10.0, 21.0, 90.0, 51.0, 1991-08-21 00:00:00, 0.0
9.0, 20.1, 90.0, 42.0, 1991-08-22 00:00:00, 0.0
1.0, 16.2, 320.0, 45.0, 1991-08-23 00:00:00, 0.0
11.0, 12.6, 230.0, 65.0, 1991-08-24 00:00:00, 0.3
11.0, 12.6, 230.0, 65.0, 1991-08-25 00:00:00, 0.3
11.0, 12.6, 230.0, 65.0, 1991-08-26 00:00:00, 0.3
11.0, 12.6, 230.0, 65.0, 1991-08-27 00:00:00, 0.3
8.0, 12.0, 140.0, 72.0, 1991-08-28 00:00:00, 0.3
8.0, 12.0, 140.0, 72.0, 1991-08-29 00:00:00, 0.3
17.0, 17.4, 140.0, 58.0, 1991-08-30 00:00:00, 0.3
13.0, 10.3, 140.0, 93.0, 1991-08-31 00:00:00, 2.5
10.0, 7.3, 270.0, 91.0, 1991-09-01 00:00:00, 8.9
11.0, 10.0, 230.0, 62.0, 1991-09-02 00:00:00, 0.8
11.0, 15.4, 50.0, 57.0, 1991-09-03 00:00:00, 0.0
7.0, 18.1, 0.0, 49.0, 1991-09-04 00:00:00, 0.0
16.0, 20.2, 90.0, 48.0, 1991-09-05 00:00:00, 0.0
2.0, 16.4, 320.0, 65.0, 1991-09-06 00:00:00, 0.0
12.0, 12.0, 230.0, 65.0, 1991-09-07 00:00:00, 0.3
10.0, 8.9, 270.0, 74.0, 1991-09-08 00:00:00, 0.0
10.0, 14.6, 90.0, 51.0, 1991-09-09 00:00:00, 0.0
6.0, 16.1, 270.0, 48.0, 1991-09-10 00:00:00, 0.0
7.0, 17.3, 50.0, 55.0, 1991-09-11 00:00:00, 0.0
9.0, 18.1, 90.0, 50.0, 1991-09-12 00:00:00, 0.0
13.0, 8.1, 270.0, 72.0, 1991-09-13 00:00:00, 0.3
10.0, 12.2, 230.0, 61.0, 1991-09-14 00:00:00, 0.3
10.0, 15.4, 230.0, 62.0, 1991-09-15 00:00:00, 0.5
11.0, 13.7, 270.0, 63.0, 1991-09-16 00:00:00, 0.3
9.0, 14.9, 50.0, 54.0, 1991-09-17 00:00:00, 0.0
12.0, 18.0, 90.0, 48.0, 1991-09-18 00:00:00, 0.0
3.0, 18.6, 270.0, 48.0, 1991-09-19 00:00:00, 0.0
11.0, 9.5, 230.0, 51.0, 1991-09-20 00:00:00, 0.0
11.0, 6.7, 270.0, 60.0, 1991-09-21 00:00:00, 0.0
4.0, 3.8, 140.0, 85.0, 1991-09-22 00:00:00, 0.3
5.0, 10.5, 230.0, 85.0, 1991-09-23 00:00:00, 4.1
0.0, 17.4, 0.0, 64.0, 1991-09-24 00:00:00, 0.0
0.0, 17.3, 50.0, 67.0, 1991-09-25 00:00:00, 0.0
0.0, 19.6, 90.0, 51.0, 1991-09-26 00:00:00, 0.0
0.0, 20.5, 50.0, 53.0, 1991-09-27 00:00:00, 0.0
0.0, 13.8, 230.0, 59.0, 1991-09-28 00:00:00, 0.0
0.0, 10.6, 230.0, 41.0, 1991-09-29 00:00:00, 0.0
0.0, 10.7, 90.0, 54.0, 1991-09-30 00:00:00, 0.0
0.0, 10.2, 270.0, 47.0, 1991-10-01 00:00:00, 0.0
13.0, 9.2, 230.0, 38.0, 1991-10-02 00:00:00, 0.0
12.0, 7.3, 270.0, 54.0, 1991-10-03 00:00:00, 0.0
6.0, 8.9, 90.0, 47.0, 1991-10-04 00:00:00, 0.0
17.0, 12.5, 90.0, 38.0, 1991-10-05 00:00:00, 0.0
0.0, 13.2, 90.0, 35.0, 1991-10-06 00:00:00, 0.0
0.0, 7.0, 270.0, 47.0, 1991-10-07 00:00:00, 0.0
18.0, 8.5, 140.0, 49.0, 1991-10-08 00:00:00, 0.0
19.0, 11.3, 90.0, 41.0, 1991-10-09 00:00:00, 0.0
14.0, 17.1, 50.0, 53.0, 1991-10-10 00:00:00, 0.0
17.0, 18.4, 140.0, 36.0, 1991-10-11 00:00:00, 0.0
16.0, 8.5, 270.0, 42.0, 1991-10-12 00:00:00, 1.8
6.0, 9.6, 90.0, 52.0, 1991-10-13 00:00:00, 0.0
7.0, 15.2, 50.0, 48.0, 1991-10-14 00:00:00, 0.0
14.0, 17.0, 180.0, 46.0, 1991-10-15 00:00:00, 0.0
20.0, -2.4, 270.0, 96.0, 1991-10-16 00:00:00, 0.3
7.0, 0.0, 50.0, 64.0, 1991-10-17 00:00:00, 2.0
19.0, -0.1, 90.0, 79.0, 1991-10-18 00:00:00, 0.3
12.0, 4.6, 90.0, 86.0, 1991-10-19 00:00:00, 0.0
12.0, 4.6, 90.0, 86.0, 1991-10-20 00:00:00, 0.0
7.0, -0.1, 230.0, 94.0, 1991-10-21 00:00:00, 9.1
11.0, -6.4, 230.0, 96.0, 1991-10-22 00:00:00, 1.0
9.0, -3.7, 90.0, 94.0, 1991-10-23 00:00:00, 0.0
9.0, -3.7, 90.0, 94.0, 1991-10-24 00:00:00, 0.0
2.0, -3.8, 270.0, 91.0, 1991-10-25 00:00:00, 0.0
2.0, -3.8, 270.0, 91.0, 1991-10-26 00:00:00, 0.0
2.0, -3.8, 270.0, 91.0, 1991-10-27 00:00:00, 0.0
2.0, -3.8, 270.0, 91.0, 1991-10-28 00:00:00, 0.0
11.0, -9.9, 230.0, 81.0, 1991-10-29 00:00:00, 0.0
0.0, 0.0, 0.0, 0.0, 1992-04-09 00:00:00, 0.0
6.0, -1.1, 320.0, 23.0, 1992-04-10 00:00:00, 0.5
10.0, 1.5, 50.0, 30.0, 1992-04-11 00:00:00, 0.0
14.0, 4.9, 90.0, 68.0, 1992-04-12 00:00:00, 0.0
3.0, 8.6, 140.0, 60.0, 1992-04-13 00:00:00, 0.0
17.0, 9.1, 90.0, 67.0, 1992-04-14 00:00:00, 0.0
14.0, 9.3, 140.0, 68.0, 1992-04-15 00:00:00, 0.0
0.0, 6.2, 0.0, 94.0, 1992-04-16 00:00:00, 0.5
0.0, 8.6, 0.0, 59.0, 1992-04-17 00:00:00, 4.1
0.0, 4.2, 0.0, 64.0, 1992-04-18 00:00:00, 1.3
0.0, 8.3, 0.0, 56.0, 1992-04-19 00:00:00, 0.0
0.0, 5.8, 0.0, 65.0, 1992-04-20 00:00:00, 0.8
0.0, 5.3, 0.0, 40.0, 1992-04-21 00:00:00, 0.0
0.0, 0.9, 0.0, 85.0, 1992-04-22 00:00:00, 0.0
0.0, 1.1, 230.0, 92.0, 1992-04-23 00:00:00, 1.0
0.0, 6.3, 140.0, 57.0, 1992-04-24 00:00:00, 0.3
0.0, 12.6, 90.0, 40.0, 1992-04-25 00:00:00, 0.0
0.0, 12.1, 140.0, 48.0, 1992-04-26 00:00:00, 0.0
0.0, 12.7, 140.0, 70.0, 1992-04-27 00:00:00, 0.0
0.0, 9.2, 140.0, 64.0, 1992-04-28 00:00:00, 1.0
0.0, 9.2, 140.0, 64.0, 1992-04-29 00:00:00, 1.0
0.0, 0.1, 270.0, 98.0, 1992-04-30 00:00:00, 9.7
0.0, 6.0, 90.0, 75.0, 1992-05-01 00:00:00, 4.8
0.0, 9.0, 180.0, 55.0, 1992-05-02 00:00:00, 0.0
0.0, 13.8, 140.0, 51.0, 1992-05-03 00:00:00, 0.0
16.0, 16.2, 140.0, 43.0, 1992-05-04 00:00:00, 0.0
14.0, 19.9, 140.0, 30.0, 1992-05-05 00:00:00, 0.0
10.0, 17.2, 320.0, 46.0, 1992-05-06 00:00:00, 0.0
12.0, 16.7, 90.0, 44.0, 1992-05-07 00:00:00, 0.0
11.0, 7.5, 270.0, 48.0, 1992-05-08 00:00:00, 0.0
14.0, 5.3, 140.0, 64.0, 1992-05-09 00:00:00, 0.0
10.0, 0.9, 270.0, 90.0, 1992-05-10 00:00:00, 5.3
11.0, 1.9, 230.0, 95.0, 1992-05-11 00:00:00, 5.1
6.0, 4.4, 320.0, 83.0, 1992-05-12 00:00:00, 0.8
12.0, 8.8, 90.0, 59.0, 1992-05-13 00:00:00, 5.8
15.0, 12.4, 230.0, 34.0, 1992-05-14 00:00:00, 0.0
14.0, 8.7, 0.0, 42.0, 1992-05-15 00:00:00, 0.0
12.0, 15.1, 50.0, 31.0, 1992-05-16 00:00:00, 0.0
18.0, 16.7, 90.0, 29.0, 1992-05-17 00:00:00, 0.0
16.0, 12.2, 140.0, 34.0, 1992-05-18 00:00:00, 0.0
12.0, 9.2, 140.0, 40.0, 1992-05-19 00:00:00, 0.0
9.0, 8.7, 320.0, 46.0, 1992-05-20 00:00:00, 0.0
1.0, 7.7, 230.0, 36.0, 1992-05-21 00:00:00, 0.0
15.0, 10.5, 90.0, 44.0, 1992-05-22 00:00:00, 0.0
3.0, 9.6, 180.0, 70.0, 1992-05-23 00:00:00, 0.8
8.0, 17.3, 90.0, 46.0, 1992-05-24 00:00:00, 0.0
17.0, 22.8, 90.0, 36.0, 1992-05-25 00:00:00, 0.0
15.0, 10.8, 230.0, 87.0, 1992-05-26 00:00:00, 18.3
11.0, 10.6, 230.0, 56.0, 1992-05-27 00:00:00, 1.0
10.0, 11.9, 90.0, 73.0, 1992-05-28 00:00:00, 2.3
11.0, 10.8, 230.0, 71.0, 1992-05-29 00:00:00, 7.4
9.0, 15.5, 140.0, 46.0, 1992-05-30 00:00:00, 0.0
11.0, 17.8, 90.0, 42.0, 1992-05-31 00:00:00, 0.0
9.0, 15.8, 180.0, 49.0, 1992-06-01 00:00:00, 0.0
14.0, 7.9, 230.0, 48.0, 1992-06-02 00:00:00, 0.5
9.0, 13.0, 270.0, 39.0, 1992-06-03 00:00:00, 0.0
6.0, 13.7, 270.0, 47.0, 1992-06-04 00:00:00, 0.5
7.0, 15.3, 320.0, 36.0, 1992-06-05 00:00:00, 0.3
13.0, 18.0, 140.0, 40.0, 1992-06-06 00:00:00, 0.0
0.0, 0.0, 0.0, 0.0, 1992-06-07 00:00:00, 0.0
14.0, 16.7, 50.0, 47.0, 1992-06-08 00:00:00, 0.0
13.0, 15.7, 140.0, 50.0, 1992-06-09 00:00:00, 0.0
15.0, 14.7, 140.0, 49.0, 1992-06-10 00:00:00, 0.0
12.0, 19.8, 0.0, 39.0, 1992-06-11 00:00:00, 0.0
18.0, 22.0, 140.0, 46.0, 1992-06-12 00:00:00, 1.5
5.0, 18.8, 50.0, 61.0, 1992-06-13 00:00:00, 0.0
13.0, 13.9, 50.0, 67.0, 1992-06-14 00:00:00, 0.3
9.0, 17.3, 230.0, 61.0, 1992-06-15 00:00:00, 0.0
14.0, 14.4, 230.0, 80.0, 1992-06-16 00:00:00, 4.3
13.0, 16.5, 230.0, 45.0, 1992-06-17 00:00:00, 0.0
3.0, 20.8, 230.0, 27.0, 1992-06-18 00:00:00, 0.0
12.0, 21.3, 90.0, 36.0, 1992-06-19 00:00:00, 0.0
4.0, 19.2, 50.0, 52.0, 1992-06-20 00:00:00, 0.0
9.0, 20.8, 50.0, 44.0, 1992-06-21 00:00:00, 0.0
6.0, 24.9, 230.0, 39.0, 1992-06-22 00:00:00, 0.0
8.0, 26.0, 50.0, 25.0, 1992-06-23 00:00:00, 0.0
13.0, 24.6, 50.0, 25.0, 1992-06-24 00:00:00, 0.0
10.0, 26.0, 50.0, 20.0, 1992-06-25 00:00:00, 0.0
8.0, 27.1, 50.0, 36.0, 1992-06-26 00:00:00, 0.0
7.0, 24.0, 0.0, 44.0, 1992-06-27 00:00:00, 11.4
11.0, 24.8, 90.0, 39.0, 1992-06-28 00:00:00, 0.0
2.0, 14.5, 90.0, 89.0, 1992-06-29 00:00:00, 9.9
0.0, 10.9, 230.0, 93.0, 1992-06-30 00:00:00, 17.5
5.0, 13.7, 90.0, 77.0, 1992-07-01 00:00:00, 36.1
7.0, 13.4, 140.0, 75.0, 1992-07-02 00:00:00, 4.6
13.0, 12.0, 230.0, 74.0, 1992-07-03 00:00:00, 0.0
3.0, 14.7, 230.0, 67.0, 1992-07-04 00:00:00, 1.8
15.0, 13.0, 90.0, 84.0, 1992-07-05 00:00:00, 3.6
10.0, 15.4, 320.0, 72.0, 1992-07-06 00:00:00, 3.6
6.0, 11.5, 50.0, 86.0, 1992-07-07 00:00:00, 1.5
13.0, 13.3, 230.0, 71.0, 1992-07-08 00:00:00, 6.1
15.0, 14.0, 230.0, 74.0, 1992-07-09 00:00:00, 0.0
8.0, 14.1, 90.0, 83.0, 1992-07-10 00:00:00, 2.5
4.0, 17.7, 270.0, 56.0, 1992-07-11 00:00:00, 0.8
5.0, 15.2, 0.0, 81.0, 1992-07-12 00:00:00, 0.0
0.0, 12.1, 230.0, 83.0, 1992-07-13 00:00:00, 2.5
10.0, 11.4, 320.0, 61.0, 1992-07-14 00:00:00, 3.6
7.0, 15.9, 270.0, 50.0, 1992-07-15 00:00:00, 0.0
17.0, 20.7, 90.0, 41.0, 1992-07-16 00:00:00, 0.0
6.0, 20.7, 90.0, 63.0, 1992-07-17 00:00:00, 5.6
13.0, 21.0, 230.0, 31.0, 1992-07-18 00:00:00, 0.0
5.0, 21.8, 0.0, 39.0, 1992-07-19 00:00:00, 0.0
7.0, 22.3, 0.0, 40.0, 1992-07-20 00:00:00, 0.0
11.0, 20.7, 140.0, 58.0, 1992-07-21 00:00:00, 0.0
3.0, 12.8, 270.0, 94.0, 1992-07-22 00:00:00, 24.9
6.0, 18.9, 230.0, 60.0, 1992-07-23 00:00:00, 0.0
12.0, 19.1, 90.0, 72.0, 1992-07-24 00:00:00, 0.0
15.0, 20.8, 140.0, 55.0, 1992-07-25 00:00:00, 0.0
7.0, 17.5, 180.0, 52.0, 1992-07-26 00:00:00, 0.0
6.0, 16.2, 270.0, 52.0, 1992-07-27 00:00:00, 0.0
10.0, 15.3, 50.0, 74.0, 1992-07-28 00:00:00, 0.3
7.0, 20.2, 230.0, 52.0, 1992-07-29 00:00:00, 0.0
4.0, 24.4, 230.0, 37.0, 1992-07-30 00:00:00, 0.0
14.0, 26.0, 90.0, 39.0, 1992-07-31 00:00:00, 0.0
9.0, 26.0, 90.0, 33.0, 1992-08-01 00:00:00, 0.0
7.0, 22.3, 270.0, 49.0, 1992-08-02 00:00:00, 0.0
5.0, 22.3, 180.0, 48.0, 1992-08-03 00:00:00, 0.0
10.0, 17.4, 230.0, 64.0, 1992-08-04 00:00:00, 1.5
8.0, 17.3, 140.0, 77.0, 1992-08-05 00:00:00, 6.4
14.0, 9.8, 140.0, 94.0, 1992-08-06 00:00:00, 1.8
12.0, 8.7, 230.0, 89.0, 1992-08-07 00:00:00, 3.0
15.0, 10.4, 140.0, 76.0, 1992-08-08 00:00:00, 3.3
5.0, 11.7, 0.0, 66.0, 1992-08-09 00:00:00, 1.0
7.0, 17.2, 50.0, 47.0, 1992-08-10 00:00:00, 0.0
7.0, 22.8, 50.0, 39.0, 1992-08-11 00:00:00, 0.0
13.0, 24.8, 90.0, 31.0, 1992-08-12 00:00:00, 0.0
0.0, 21.1, 90.0, 63.0, 1992-08-13 00:00:00, 0.0
3.0, 23.5, 90.0, 41.0, 1992-08-14 00:00:00, 0.3
9.0, 22.0, 230.0, 34.0, 1992-08-15 00:00:00, 0.0
6.0, 22.3, 230.0, 34.0, 1992-08-16 00:00:00, 0.0
12.0, 25.2, 90.0, 25.0, 1992-08-17 00:00:00, 0.0
3.0, 25.5, 90.0, 25.0, 1992-08-18 00:00:00, 0.0
14.0, 16.6, 230.0, 36.0, 1992-08-19 00:00:00, 0.0
6.0, 17.0, 230.0, 37.0, 1992-08-20 00:00:00, 0.0
7.0, 15.3, 270.0, 42.0, 1992-08-21 00:00:00, 0.0
15.0, 9.1, 230.0, 51.0, 1992-08-22 00:00:00, 0.0
11.0, 10.4, 230.0, 33.0, 1992-08-23 00:00:00, 0.0
4.0, 15.5, 230.0, 31.0, 1992-08-24 00:00:00, 0.0
2.0, 17.2, 270.0, 48.0, 1992-08-25 00:00:00, 0.0
7.0, 14.5, 50.0, 82.0, 1992-08-26 00:00:00, 0.5
6.0, 14.3, 230.0, 46.0, 1992-08-27 00:00:00, 1.5
11.0, 10.5, 270.0, 51.0, 1992-08-28 00:00:00, 0.0
17.0, 13.0, 140.0, 41.0, 1992-08-29 00:00:00, 0.0
16.0, 16.2, 90.0, 40.0, 1992-08-30 00:00:00, 0.0
2.0, 17.5, 230.0, 49.0, 1992-08-31 00:00:00, 0.5
11.0, 14.9, 230.0, 65.0, 1992-09-01 00:00:00, 0.0
3.0, 15.0, 90.0, 41.0, 1992-09-02 00:00:00, 0.0
3.0, 10.8, 0.0, 86.0, 1992-09-03 00:00:00, 0.8
13.0, 4.1, 230.0, 93.0, 1992-09-04 00:00:00, 11.3
11.0, 4.8, 230.0, 77.0, 1992-09-05 00:00:00, 2.4
10.0, 2.8, 270.0, 82.0, 1992-09-06 00:00:00, 3.5
21.0, 3.1, 140.0, 88.0, 1992-09-07 00:00:00, 0.0
10.0, 5.1, 270.0, 73.0, 1992-09-08 00:00:00, 8.9
13.0, 11.0, 90.0, 74.0, 1992-09-09 00:00:00, 0.0
16.0, 16.0, 140.0, 58.0, 1992-09-10 00:00:00, 0.0
9.0, 14.3, 90.0, 62.0, 1992-09-11 00:00:00, 0.0
11.0, 5.7, 230.0, 62.0, 1992-09-12 00:00:00, 1.0
7.0, 1.5, 230.0, 80.0, 1992-09-13 00:00:00, 0.0
2.0, 3.1, 180.0, 68.0, 1992-09-14 00:00:00, 0.0
3.0, 4.9, 140.0, 41.0, 1992-09-15 00:00:00, 0.0
13.0, 2.9, 90.0, 63.0, 1992-09-16 00:00:00, 0.5
5.0, 6.5, 140.0, 66.0, 1992-09-17 00:00:00, 2.0
15.0, 6.9, 90.0, 58.0, 1992-09-18 00:00:00, 0.0
21.0, 9.9, 90.0, 71.0, 1992-09-19 00:00:00, 0.3
7.0, 15.5, 230.0, 62.0, 1992-09-20 00:00:00, 2.0
16.0, 13.6, 90.0, 72.0, 1992-09-21 00:00:00, 0.0
13.0, 16.6, 90.0, 55.0, 1992-09-22 00:00:00, 0.0
14.0, 12.2, 140.0, 66.0, 1992-09-23 00:00:00, 0.0
17.0, 7.5, 230.0, 91.0, 1992-09-24 00:00:00, 4.1
14.0, 5.0, 230.0, 83.0, 1992-09-25 00:00:00, 5.1
11.0, 8.6, 230.0, 74.0, 1992-09-26 00:00:00, 2.8
16.0, 6.6, 90.0, 62.0, 1992-09-27 00:00:00, 2.8
12.0, 7.8, 140.0, 59.0, 1992-09-28 00:00:00, 0.0
21.0, 16.1, 140.0, 41.0, 1992-09-29 00:00:00, 0.0
8.0, 20.3, 140.0, 32.0, 1992-09-30 00:00:00, 0.0
3.0, 21.2, 50.0, 38.0, 1992-10-01 00:00:00, 0.0
3.0, 20.6, 0.0, 41.0, 1992-10-02 00:00:00, 0.0
9.0, 14.6, 180.0, 67.0, 1992-10-03 00:00:00, 0.8
9.0, 7.2, 230.0, 46.0, 1992-10-04 00:00:00, 0.0
10.0, 6.8, 320.0, 35.0, 1992-10-05 00:00:00, 0.3
8.0, 4.6, 270.0, 43.0, 1992-10-06 00:00:00, 0.0
21.0, 4.7, 140.0, 45.0, 1992-10-07 00:00:00, 0.0
13.0, 6.8, 270.0, 43.0, 1992-10-08 00:00:00, 0.0
11.0, 5.2, 140.0, 65.0, 1992-10-09 00:00:00, 0.0
0.0, 10.7, 140.0, 66.0, 1992-10-10 00:00:00, 0.0
7.0, 6.8, 0.0, 34.0, 1992-10-11 00:00:00, 0.0
9.0, 2.4, 270.0, 95.0, 1992-10-12 00:00:00, 5.8
0.0, -0.5, 230.0, 77.0, 1992-10-13 00:00:00, 0.5
15.0, -2.8, 230.0, 83.0, 1992-10-14 00:00:00, 0.3
10.0, -1.5, 90.0, 63.0, 1992-10-15 00:00:00, 0.5
14.0, -1.7, 90.0, 73.0, 1992-10-16 00:00:00, 0.0
9.0, 0.8, 90.0, 91.0, 1992-10-17 00:00:00, 0.0
18.0, 3.1, 140.0, 94.0, 1992-10-18 00:00:00, 1.3
