station_observations
wind_speed, temperature, wind_direction, relative_humidity, time, precipitation
0.0, 0.0, 0.0, 0.0, 1981-06-05 00:00:00, 0.0
0.0, 10.5, 0.0, 46.0, 1981-06-06 00:00:00, 6.3
6.0, 4.0, 230.0, 61.0, 1981-06-07 00:00:00, 9.4
0.0, 8.0, 0.0, 88.0, 1981-06-08 00:00:00, 7.5
0.0, 8.0, 0.0, 99.0, 1981-06-09 00:00:00, 5.0
0.0, 6.0, 0.0, 88.0, 1981-06-10 00:00:00, 7.8
10.0, 8.0, 90.0, 77.0, 1981-06-11 00:00:00, 10.6
6.0, 10.5, 90.0, 74.0, 1981-06-12 00:00:00, 3.0
5.0, 9.5, 90.0, 75.0, 1981-06-13 00:00:00, 1.6
4.0, 9.0, 90.0, 70.0, 1981-06-14 00:00:00, 2.3
4.0, 10.0, 320.0, 64.0, 1981-06-15 00:00:00, 2.6
3.0, 6.0, 0.0, 88.0, 1981-06-16 00:00:00, 6.5
8.0, 5.0, 40.0, 75.0, 1981-06-17 00:00:00, 1.5
14.0, 4.5, 0.0, 93.0, 1981-06-18 00:00:00, 11.4
16.0, 9.0, 230.0, 78.0, 1981-06-19 00:00:00, 12.2
5.0, 8.0, 140.0, 77.0, 1981-06-20 00:00:00, 20.0
2.0, 8.0, 0.0, 77.0, 1981-06-21 00:00:00, 10.0
8.0, 6.5, 140.0, 88.0, 1981-06-22 00:00:00, 4.7
8.0, 6.0, 140.0, 88.0, 1981-06-23 00:00:00, 8.0
8.0, 10.0, 140.0, 69.0, 1981-06-24 00:00:00, 2.7
12.0, 17.0, 180.0, 44.0, 1981-06-25 00:00:00, 0.0
10.0, 12.5, 270.0, 49.0, 1981-06-26 00:00:00, 0.0
8.0, 12.5, 270.0, 57.0, 1981-06-27 00:00:00, 0.0
10.0, 9.0, 320.0, 73.0, 1981-06-28 00:00:00, 0.2
20.0, 16.0, 180.0, 58.0, 1981-06-29 00:00:00, 0.2
2.0, 8.5, 0.0, 89.0, 1981-06-30 00:00:00, 0.2
4.0, 10.5, 230.0, 69.0, 1981-07-01 00:00:00, 1.4
8.0, 12.0, 180.0, 52.0, 1981-07-02 00:00:00, 0.0
8.0, 19.5, 320.0, 58.0, 1981-07-03 00:00:00, 1.5
4.0, 14.0, 180.0, 81.0, 1981-07-04 00:00:00, 4.0
8.0, 17.0, 230.0, 44.0, 1981-07-05 00:00:00, 0.0
8.0, 11.0, 180.0, 74.0, 1981-07-06 00:00:00, 3.0
4.0, 10.5, 140.0, 59.0, 1981-07-07 00:00:00, 0.5
4.0, 10.0, 180.0, 69.0, 1981-07-08 00:00:00, 1.3
8.0, 9.5, 180.0, 84.0, 1981-07-09 00:00:00, 6.8
4.0, 16.0, 270.0, 58.0, 1981-07-10 00:00:00, 0.0
4.0, 12.5, 270.0, 53.0, 1981-07-11 00:00:00, 4.0
8.0, 18.5, 320.0, 43.0, 1981-07-12 00:00:00, 0.0
12.0, 18.0, 140.0, 52.0, 1981-07-13 00:00:00, 0.0
8.0, 16.0, 140.0, 74.0, 1981-07-14 00:00:00, 0.0
0.0, 12.0, 0.0, 95.0, 1981-07-15 00:00:00, 2.0
8.0, 18.0, 140.0, 75.0, 1981-07-16 00:00:00, 10.0
8.0, 16.5, 180.0, 82.0, 1981-07-17 00:00:00, 1.6
4.0, 20.0, 0.0, 60.0, 1981-07-18 00:00:00, 0.0
4.0, 18.0, 270.0, 67.0, 1981-07-19 00:00:00, 0.8
0.0, 9.5, 0.0, 94.0, 1981-07-20 00:00:00, 1.4
4.0, 15.0, 180.0, 82.0, 1981-07-21 00:00:00, 7.4
6.0, 17.0, 270.0, 66.0, 1981-07-22 00:00:00, 1.4
0.0, 13.5, 0.0, 95.0, 1981-07-23 00:00:00, 1.6
4.0, 16.0, 0.0, 74.0, 1981-07-24 00:00:00, 4.6
10.0, 19.0, 180.0, 47.0, 1981-07-25 00:00:00, 1.3
7.0, 20.5, 180.0, 65.0, 1981-07-26 00:00:00, 0.0
2.0, 22.5, 180.0, 54.0, 1981-07-27 00:00:00, 0.0
8.0, 18.5, 180.0, 64.0, 1981-07-28 00:00:00, 1.0
4.0, 10.5, 0.0, 95.0, 1981-07-29 00:00:00, 14.3
4.0, 15.5, 180.0, 77.0, 1981-07-30 00:00:00, 2.3
0.0, 11.0, 0.0, 89.0, 1981-07-31 00:00:00, 1.0
4.0, 13.0, 90.0, 81.0, 1981-08-01 00:00:00, 1.0
4.0, 15.0, 180.0, 64.0, 1981-08-02 00:00:00, 0.0
8.0, 17.0, 0.0, 59.0, 1981-08-03 00:00:00, 15.0
12.0, 18.0, 180.0, 67.0, 1981-08-04 00:00:00, 0.0
0.0, 20.0, 0.0, 62.0, 1981-08-05 00:00:00, 0.0
4.0, 24.5, 180.0, 50.0, 1981-08-06 00:00:00, 0.0
4.0, 24.0, 180.0, 49.0, 1981-08-07 00:00:00, 0.0
0.0, 27.5, 0.0, 33.0, 1981-08-08 00:00:00, 0.0
4.0, 28.0, 180.0, 31.0, 1981-08-09 00:00:00, 0.0
11.0, 28.0, 180.0, 36.0, 1981-08-10 00:00:00, 0.0
8.0, 28.0, 180.0, 36.0, 1981-08-11 00:00:00, 0.0
10.0, 25.5, 0.0, 35.0, 1981-08-12 00:00:00, 0.0
10.0, 25.5, 180.0, 40.0, 1981-08-13 00:00:00, 0.0
4.0, 29.0, 0.0, 30.0, 1981-08-14 00:00:00, 0.0
4.0, 26.0, 0.0, 38.0, 1981-08-15 00:00:00, 0.0
10.0, 20.5, 180.0, 69.0, 1981-08-16 00:00:00, 0.0
10.0, 25.0, 0.0, 37.0, 1981-08-17 00:00:00, 0.0
14.0, 25.0, 180.0, 37.0, 1981-08-18 00:00:00, 0.0
0.0, 22.0, 0.0, 50.0, 1981-08-19 00:00:00, 0.0
0.0, 17.0, 0.0, 74.0, 1981-08-20 00:00:00, 0.0
4.0, 15.0, 180.0, 73.0, 1981-08-21 00:00:00, 0.0
0.0, 19.0, 0.0, 54.0, 1981-08-22 00:00:00, 0.0
0.0, 21.0, 0.0, 56.0, 1981-08-23 00:00:00, 0.0
6.0, 25.0, 180.0, 37.0, 1981-08-24 00:00:00, 0.0
6.0, 20.5, 0.0, 52.0, 1981-08-25 00:00:00, 0.0
4.0, 17.5, 90.0, 55.0, 1981-08-26 00:00:00, 0.0
10.0, 10.0, 140.0, 79.0, 1981-08-27 00:00:00, 5.2
8.0, 15.0, 140.0, 52.0, 1981-08-28 00:00:00, 0.0
0.0, 9.0, 0.0, 89.0, 1981-08-29 00:00:00, 6.0
6.0, 13.0, 0.0, 71.0, 1981-08-30 00:00:00, 16.4
20.0, 9.0, 140.0, 89.0, 1981-08-31 00:00:00, 0.0
0.0, 6.0, 0.0, 99.0, 1981-09-01 00:00:00, 20.2
6.0, 10.0, 0.0, 74.0, 1981-09-02 00:00:00, 13.8
4.0, 11.5, 140.0, 75.0, 1981-09-03 00:00:00, 6.3
0.0, 9.0, 0.0, 94.0, 1981-09-04 00:00:00, 6.6
6.0, 11.0, 180.0, 79.0, 1981-09-05 00:00:00, 0.0
0.0, 15.0, 0.0, 73.0, 1981-09-06 00:00:00, 0.0
6.0, 12.0, 180.0, 70.0, 1981-09-07 00:00:00, 0.0
12.0, 22.0, 140.0, 50.0, 1981-09-08 00:00:00, 0.0
4.0, 12.0, 140.0, 99.0, 1981-09-09 00:00:00, 0.0
8.0, 12.5, 320.0, 76.0, 1981-09-10 00:00:00, 0.0
4.0, 15.0, 40.0, 60.0, 1981-09-11 00:00:00, 1.2
3.0, 10.5, 0.0, 84.0, 1981-09-12 00:00:00, 0.0
0.0, 11.0, 0.0, 79.0, 1981-09-13 00:00:00, 0.0
15.0, 16.0, 140.0, 50.0, 1981-09-14 00:00:00, 0.0
8.0, 23.0, 270.0, 64.0, 1981-09-15 00:00:00, 0.0
12.0, 22.5, 270.0, 48.0, 1981-09-16 00:00:00, 0.0
12.0, 24.0, 270.0, 49.0, 1981-09-17 00:00:00, 0.0
16.0, 21.5, 320.0, 56.0, 1981-09-18 00:00:00, 0.0
3.0, 5.0, 140.0, 99.0, 1981-09-19 00:00:00, 14.8
8.0, 5.0, 140.0, 99.0, 1981-09-20 00:00:00, 1.8
12.0, 3.5, 140.0, 99.0, 1981-09-21 00:00:00, 7.0
8.0, 4.0, 180.0, 99.0, 1981-09-22 00:00:00, 4.8
0.0, 0.0, 0.0, 0.0, 1982-06-22 00:00:00, 0.0
11.0, 18.5, 40.0, 46.0, 1982-06-23 00:00:00, 0.0
6.0, 9.0, 230.0, 99.0, 1982-06-24 00:00:00, 5.0
2.0, 19.0, 230.0, 57.0, 1982-06-25 00:00:00, 19.0
7.0, 16.0, 140.0, 74.0, 1982-06-26 00:00:00, 6.4
8.0, 11.0, 140.0, 99.0, 1982-06-27 00:00:00, 3.2
3.0, 13.5, 140.0, 90.0, 1982-06-28 00:00:00, 7.0
8.0, 17.5, 140.0, 71.0, 1982-06-29 00:00:00, 2.0
11.0, 15.5, 140.0, 91.0, 1982-06-30 00:00:00, 14.0
0.0, 11.0, 0.0, 99.0, 1982-07-01 00:00:00, 6.6
3.0, 10.0, 140.0, 99.0, 1982-07-02 00:00:00, 13.3
10.0, 10.0, 180.0, 99.0, 1982-07-03 00:00:00, 5.0
10.0, 9.5, 270.0, 97.0, 1982-07-04 00:00:00, 25.0
7.0, 12.0, 140.0, 80.0, 1982-07-05 00:00:00, 5.6
11.0, 8.0, 40.0, 65.0, 1982-07-06 00:00:00, 8.0
12.0, 11.0, 40.0, 84.0, 1982-07-07 00:00:00, 9.5
3.0, 15.0, 0.0, 74.0, 1982-07-08 00:00:00, 0.6
7.0, 15.0, 0.0, 60.0, 1982-07-09 00:00:00, 2.0
8.0, 16.0, 0.0, 75.0, 1982-07-10 00:00:00, 0.0
5.0, 17.0, 0.0, 70.0, 1982-07-11 00:00:00, 0.0
0.0, 16.5, 0.0, 60.0, 1982-07-12 00:00:00, 0.6
6.0, 17.5, 40.0, 72.0, 1982-07-13 00:00:00, 1.0
0.0, 4.0, 0.0, 99.0, 1982-07-14 00:00:00, 24.5
5.0, 8.0, 0.0, 99.0, 1982-07-15 00:00:00, 9.0
10.0, 12.0, 40.0, 90.0, 1982-07-16 00:00:00, 0.5
0.0, 12.0, 0.0, 90.0, 1982-07-17 00:00:00, 22.5
5.0, 14.0, 180.0, 75.0, 1982-07-18 00:00:00, 0.0
5.0, 13.0, 180.0, 65.0, 1982-07-19 00:00:00, 5.0
10.0, 13.0, 140.0, 62.0, 1982-07-20 00:00:00, 16.0
9.0, 7.5, 180.0, 82.0, 1982-07-21 00:00:00, 3.0
9.0, 7.0, 320.0, 88.0, 1982-07-22 00:00:00, 14.4
8.0, 11.5, 140.0, 85.0, 1982-07-23 00:00:00, 7.0
11.0, 14.0, 140.0, 63.0, 1982-07-24 00:00:00, 2.0
4.0, 16.0, 140.0, 58.0, 1982-07-25 00:00:00, 6.0
10.0, 22.0, 140.0, 44.0, 1982-07-26 00:00:00, 2.0
9.0, 23.5, 40.0, 40.0, 1982-07-27 00:00:00, 0.0
10.0, 25.0, 0.0, 37.0, 1982-07-28 00:00:00, 0.0
4.0, 22.0, 0.0, 50.0, 1982-07-29 00:00:00, 0.0
16.0, 25.0, 140.0, 38.0, 1982-07-30 00:00:00, 0.0
0.0, 14.0, 0.0, 90.0, 1982-07-31 00:00:00, 0.3
5.0, 10.0, 140.0, 84.0, 1982-08-01 00:00:00, 18.2
0.0, 8.0, 0.0, 88.0, 1982-08-02 00:00:00, 13.2
10.0, 13.0, 0.0, 71.0, 1982-08-03 00:00:00, 1.0
2.0, 11.5, 140.0, 75.0, 1982-08-04 00:00:00, 2.0
17.0, 10.0, 140.0, 69.0, 1982-08-05 00:00:00, 1.8
4.0, 15.0, 140.0, 64.0, 1982-08-06 00:00:00, 3.0
8.0, 24.5, 180.0, 44.0, 1982-08-07 00:00:00, 0.0
8.0, 23.0, 180.0, 45.0, 1982-08-08 00:00:00, 0.0
10.0, 21.0, 140.0, 56.0, 1982-08-09 00:00:00, 0.0
0.0, 11.0, 0.0, 89.0, 1982-08-10 00:00:00, 10.2
6.0, 6.5, 140.0, 88.0, 1982-08-11 00:00:00, 14.4
6.0, 6.5, 140.0, 94.0, 1982-08-12 00:00:00, 1.2
9.0, 10.0, 90.0, 84.0, 1982-08-13 00:00:00, 10.6
2.0, 8.0, 180.0, 77.0, 1982-08-14 00:00:00, 4.6
4.0, 10.0, 180.0, 69.0, 1982-08-15 00:00:00, 7.2
10.0, 13.0, 140.0, 71.0, 1982-08-16 00:00:00, 0.0
12.0, 10.5, 140.0, 69.0, 1982-08-17 00:00:00, 0.0
13.0, 15.5, 40.0, 61.0, 1982-08-18 00:00:00, 0.0
5.0, 18.0, 180.0, 49.0, 1982-08-19 00:00:00, 0.0
7.0, 17.0, 230.0, 51.0, 1982-08-20 00:00:00, 0.0
14.0, 15.0, 270.0, 73.0, 1982-08-21 00:00:00, 0.0
10.0, 15.0, 0.0, 56.0, 1982-08-22 00:00:00, 0.0
11.0, 14.5, 0.0, 60.0, 1982-08-23 00:00:00, 0.0
14.0, 18.0, 320.0, 60.0, 1982-08-24 00:00:00, 0.0
9.0, 18.0, 0.0, 63.0, 1982-08-25 00:00:00, 0.0
6.0, 17.0, 140.0, 59.0, 1982-08-26 00:00:00, 0.0
8.0, 14.0, 0.0, 72.0, 1982-08-27 00:00:00, 4.6
6.0, 14.0, 180.0, 63.0, 1982-08-28 00:00:00, 2.6
12.0, 9.0, 180.0, 89.0, 1982-08-29 00:00:00, 0.0
4.0, 9.5, 140.0, 89.0, 1982-08-30 00:00:00, 7.0
7.0, 8.5, 140.0, 72.0, 1982-08-31 00:00:00, 2.1
13.0, 16.0, 140.0, 78.0, 1982-09-01 00:00:00, 8.4
11.0, 15.5, 230.0, 82.0, 1982-09-02 00:00:00, 0.0
19.0, 19.5, 180.0, 61.0, 1982-09-03 00:00:00, 0.0
3.0, 9.0, 180.0, 99.0, 1982-09-04 00:00:00, 15.0
6.0, 12.0, 180.0, 70.0, 1982-09-05 00:00:00, 14.0
17.0, 13.0, 180.0, 68.0, 1982-09-06 00:00:00, 1.6
23.0, 13.5, 140.0, 76.0, 1982-09-07 00:00:00, 0.0
13.0, 11.0, 140.0, 79.0, 1982-09-08 00:00:00, 2.6
16.0, 7.5, 320.0, 75.0, 1982-09-09 00:00:00, 4.0
14.0, 5.5, 180.0, 68.0, 1982-09-10 00:00:00, 2.0
