station_observations
wind_speed, temperature, wind_direction, relative_humidity, time, precipitation
13.0, 10.1, 0.0, 49.0, 1986-04-01 00:00:00, 0.0
4.0, 11.6, 0.0, 38.0, 1986-04-02 00:00:00, 0.0
7.0, 10.4, 140.0, 45.0, 1986-04-03 00:00:00, 0.0
3.0, 11.1, 140.0, 60.0, 1986-04-04 00:00:00, 0.0
9.0, 12.3, 140.0, 50.0, 1986-04-05 00:00:00, 7.4
5.0, 13.7, 320.0, 45.0, 1986-04-06 00:00:00, 0.0
8.0, 15.9, 0.0, 44.0, 1986-04-07 00:00:00, 0.0
6.0, 16.9, 320.0, 45.0, 1986-04-08 00:00:00, 0.0
4.0, 16.7, 90.0, 40.0, 1986-04-09 00:00:00, 0.0
10.0, 10.2, 230.0, 39.0, 1986-04-10 00:00:00, 0.0
6.0, 9.1, 90.0, 51.0, 1986-04-11 00:00:00, 0.0
20.0, 7.2, 0.0, 83.0, 1986-04-12 00:00:00, 9.7
2.0, 8.0, 180.0, 79.0, 1986-04-13 00:00:00, 3.6
2.0, 9.1, 0.0, 66.0, 1986-04-14 00:00:00, 1.8
7.0, 8.4, 320.0, 89.0, 1986-04-15 00:00:00, 1.3
8.0, 11.6, 270.0, 65.0, 1986-04-16 00:00:00, 3.0
14.0, 11.2, 140.0, 59.0, 1986-04-17 00:00:00, 0.0
27.0, 13.4, 180.0, 46.0, 1986-04-18 00:00:00, 2.0
3.0, 9.6, 40.0, 83.0, 1986-04-19 00:00:00, 1.3
13.0, 10.7, 320.0, 81.0, 1986-04-20 00:00:00, 7.6
5.0, 9.8, 0.0, 95.0, 1986-04-21 00:00:00, 4.1
13.0, 8.6, 320.0, 55.0, 1986-04-22 00:00:00, 2.0
5.0, 8.7, 90.0, 63.0, 1986-04-23 00:00:00, 0.8
6.0, 10.1, 180.0, 45.0, 1986-04-24 00:00:00, 0.0
5.0, 6.6, 320.0, 83.0, 1986-04-25 00:00:00, 3.0
4.0, 12.3, 180.0, 49.0, 1986-04-26 00:00:00, 0.3
8.0, 8.7, 180.0, 78.0, 1986-04-27 00:00:00, 0.8
21.0, 10.0, 230.0, 38.0, 1986-04-28 00:00:00, 0.5
17.0, 10.9, 230.0, 47.0, 1986-04-29 00:00:00, 0.0
14.0, 11.1, 40.0, 40.0, 1986-04-30 00:00:00, 0.0
14.0, 14.5, 0.0, 42.0, 1986-05-01 00:00:00, 0.0
10.0, 11.9, 0.0, 83.0, 1986-05-02 00:00:00, 1.5
3.0, 12.2, 270.0, 78.0, 1986-05-03 00:00:00, 7.6
4.0, 13.7, 320.0, 55.0, 1986-05-04 00:00:00, 0.0
6.0, 15.3, 320.0, 40.0, 1986-05-05 00:00:00, 0.0
6.0, 17.3, 0.0, 41.0, 1986-05-06 00:00:00, 0.0
6.0, 17.9, 230.0, 41.0, 1986-05-07 00:00:00, 0.0
6.0, 16.8, 270.0, 45.0, 1986-05-08 00:00:00, 0.0
12.0, 13.3, 270.0, 50.0, 1986-05-09 00:00:00, 0.0
6.0, 13.9, 180.0, 44.0, 1986-05-10 00:00:00, 1.0
25.0, 12.3, 230.0, 44.0, 1986-05-11 00:00:00, 0.0
9.0, 11.1, 180.0, 52.0, 1986-05-12 00:00:00, 0.0
11.0, 9.1, 180.0, 52.0, 1986-05-13 00:00:00, 1.5
20.0, 13.1, 320.0, 29.0, 1986-05-14 00:00:00, 0.5
6.0, 14.9, 0.0, 35.0, 1986-05-15 00:00:00, 0.0
6.0, 13.6, 270.0, 49.0, 1986-05-16 00:00:00, 0.0
5.0, 14.5, 320.0, 79.0, 1986-05-17 00:00:00, 24.1
5.0, 19.0, 320.0, 69.0, 1986-05-18 00:00:00, 2.5
4.0, 21.2, 320.0, 52.0, 1986-05-19 00:00:00, 0.3
3.0, 16.9, 90.0, 54.0, 1986-05-20 00:00:00, 2.8
19.0, 12.1, 230.0, 52.0, 1986-05-21 00:00:00, 0.0
23.0, 12.7, 230.0, 48.0, 1986-05-22 00:00:00, 1.0
6.0, 16.3, 230.0, 49.0, 1986-05-23 00:00:00, 0.0
7.0, 17.2, 40.0, 53.0, 1986-05-24 00:00:00, 0.0
3.0, 21.1, 320.0, 58.0, 1986-05-25 00:00:00, 0.0
8.0, 25.8, 320.0, 53.0, 1986-05-26 00:00:00, 0.0
5.0, 25.6, 40.0, 42.0, 1986-05-27 00:00:00, 0.0
2.0, 27.2, 320.0, 46.0, 1986-05-28 00:00:00, 0.0
10.0, 27.8, 0.0, 36.0, 1986-05-29 00:00:00, 0.0
7.0, 28.7, 40.0, 38.0, 1986-05-30 00:00:00, 0.0
6.0, 28.9, 0.0, 34.0, 1986-05-31 00:00:00, 1.5
1.0, 29.3, 0.0, 36.0, 1986-06-01 00:00:00, 0.0
10.0, 26.6, 0.0, 20.0, 1986-06-02 00:00:00, 0.0
7.0, 25.1, 0.0, 20.0, 1986-06-03 00:00:00, 0.0
8.0, 24.1, 320.0, 32.0, 1986-06-04 00:00:00, 0.0
5.0, 22.7, 320.0, 52.0, 1986-06-05 00:00:00, 5.6
4.0, 22.3, 270.0, 42.0, 1986-06-06 00:00:00, 6.6
8.0, 20.7, 320.0, 58.0, 1986-06-07 00:00:00, 0.0
12.0, 20.2, 180.0, 49.0, 1986-06-08 00:00:00, 0.5
1.0, 23.5, 0.0, 38.0, 1986-06-09 00:00:00, 0.0
8.0, 26.7, 320.0, 36.0, 1986-06-10 00:00:00, 0.0
22.0, 21.9, 0.0, 30.0, 1986-06-11 00:00:00, 0.0
9.0, 21.4, 0.0, 21.0, 1986-06-12 00:00:00, 0.0
2.0, 25.8, 320.0, 26.0, 1986-06-13 00:00:00, 0.0
11.0, 22.6, 270.0, 39.0, 1986-06-14 00:00:00, 0.0
21.0, 19.6, 230.0, 26.0, 1986-06-15 00:00:00, 5.8
5.0, 17.5, 140.0, 50.0, 1986-06-16 00:00:00, 0.0
6.0, 20.1, 320.0, 54.0, 1986-06-17 00:00:00, 0.0
6.0, 20.4, 320.0, 56.0, 1986-06-18 00:00:00, 10.4
9.0, 15.3, 90.0, 59.0, 1986-06-19 00:00:00, 13.7
6.0, 19.0, 180.0, 40.0, 1986-06-20 00:00:00, 0.0
6.0, 19.9, 320.0, 44.0, 1986-06-21 00:00:00, 1.8
7.0, 24.0, 320.0, 48.0, 1986-06-22 00:00:00, 0.0
7.0, 26.3, 320.0, 48.0, 1986-06-23 00:00:00, 0.0
0.0, 25.7, 0.0, 40.0, 1986-06-24 00:00:00, 0.0
2.0, 24.9, 320.0, 29.0, 1986-06-25 00:00:00, 0.0
8.0, 24.4, 40.0, 6.0, 1986-06-26 00:00:00, 0.0
1.0, 28.1, 270.0, 20.0, 1986-06-27 00:00:00, 0.0
12.0, 22.6, 270.0, 37.0, 1986-06-28 00:00:00, 0.0
39.0, 14.2, 230.0, 87.0, 1986-06-29 00:00:00, 26.2
6.0, 21.0, 40.0, 56.0, 1986-06-30 00:00:00, 5.1
10.0, 20.5, 0.0, 75.0, 1986-07-01 00:00:00, 0.0
10.0, 13.0, 0.0, 92.0, 1986-07-02 00:00:00, 5.6
26.0, 18.8, 230.0, 41.0, 1986-07-03 00:00:00, 1.8
7.0, 16.2, 230.0, 57.0, 1986-07-04 00:00:00, 0.8
13.0, 16.9, 230.0, 61.0, 1986-07-05 00:00:00, 2.5
4.0, 22.4, 320.0, 49.0, 1986-07-06 00:00:00, 0.0
8.0, 25.0, 320.0, 48.0, 1986-07-07 00:00:00, 0.0
6.0, 22.2, 270.0, 55.0, 1986-07-08 00:00:00, 0.0
11.0, 21.8, 270.0, 49.0, 1986-07-09 00:00:00, 0.0
6.0, 14.9, 320.0, 85.0, 1986-07-10 00:00:00, 1.8
12.0, 21.7, 180.0, 49.0, 1986-07-11 00:00:00, 2.5
5.0, 18.1, 90.0, 66.0, 1986-07-12 00:00:00, 3.1
5.0, 21.4, 270.0, 49.0, 1986-07-13 00:00:00, 0.8
4.0, 21.6, 0.0, 50.0, 1986-07-14 00:00:00, 0.0
9.0, 20.3, 320.0, 46.0, 1986-07-15 00:00:00, 0.0
7.0, 17.3, 0.0, 61.0, 1986-07-16 00:00:00, 16.8
16.0, 17.0, 230.0, 55.0, 1986-07-17 00:00:00, 0.5
3.0, 21.9, 40.0, 43.0, 1986-07-18 00:00:00, 0.0
5.0, 25.0, 0.0, 42.0, 1986-07-19 00:00:00, 0.0
1.0, 26.8, 0.0, 42.0, 1986-07-20 00:00:00, 0.0
3.0, 27.4, 270.0, 39.0, 1986-07-21 00:00:00, 0.0
8.0, 26.1, 320.0, 48.0, 1986-07-22 00:00:00, 0.0
4.0, 23.8, 140.0, 52.0, 1986-07-23 00:00:00, 0.5
3.0, 24.8, 320.0, 43.0, 1986-07-24 00:00:00, 0.0
0.0, 23.5, 0.0, 36.0, 1986-07-25 00:00:00, 1.8
9.0, 16.6, 270.0, 79.0, 1986-07-26 00:00:00, 1.3
11.0, 20.6, 270.0, 50.0, 1986-07-27 00:00:00, 0.5
14.0, 21.4, 180.0, 38.0, 1986-07-28 00:00:00, 0.0
14.0, 18.8, 230.0, 42.0, 1986-07-29 00:00:00, 0.0
7.0, 19.7, 0.0, 43.0, 1986-07-30 00:00:00, 4.6
5.0, 23.0, 40.0, 43.0, 1986-07-31 00:00:00, 0.0
2.0, 25.7, 0.0, 38.0, 1986-08-01 00:00:00, 0.0
1.0, 26.3, 40.0, 39.0, 1986-08-02 00:00:00, 0.0
3.0, 30.7, 320.0, 30.0, 1986-08-03 00:00:00, 0.0
12.0, 27.7, 0.0, 32.0, 1986-08-04 00:00:00, 0.0
11.0, 23.7, 320.0, 36.0, 1986-08-05 00:00:00, 0.0
6.0, 25.5, 320.0, 35.0, 1986-08-06 00:00:00, 0.0
1.0, 28.5, 40.0, 38.0, 1986-08-07 00:00:00, 0.0
4.0, 30.0, 0.0, 33.0, 1986-08-08 00:00:00, 0.0
10.0, 28.8, 0.0, 20.0, 1986-08-09 00:00:00, 0.0
8.0, 30.1, 40.0, 27.0, 1986-08-10 00:00:00, 0.0
0.0, 25.8, 0.0, 37.0, 1986-08-11 00:00:00, 0.0
2.0, 26.7, 40.0, 41.0, 1986-08-12 00:00:00, 0.0
3.0, 28.1, 270.0, 35.0, 1986-08-13 00:00:00, 0.0
4.0, 28.0, 0.0, 19.0, 1986-08-14 00:00:00, 0.8
5.0, 24.8, 320.0, 11.0, 1986-08-15 00:00:00, 0.0
11.0, 24.4, 0.0, 6.0, 1986-08-16 00:00:00, 0.0
3.0, 25.0, 0.0, 21.0, 1986-08-17 00:00:00, 0.0
6.0, 27.5, 320.0, 19.0, 1986-08-18 00:00:00, 0.3
5.0, 24.3, 0.0, 13.0, 1986-08-19 00:00:00, 0.3
6.0, 24.0, 40.0, 18.0, 1986-08-20 00:00:00, 0.0
0.0, 26.0, 0.0, 19.0, 1986-08-21 00:00:00, 0.0
0.0, 27.1, 0.0, 18.0, 1986-08-22 00:00:00, 0.0
5.0, 25.3, 180.0, 24.0, 1986-08-23 00:00:00, 0.0
9.0, 23.5, 140.0, 29.0, 1986-08-24 00:00:00, 0.0
10.0, 26.1, 40.0, 34.0, 1986-08-25 00:00:00, 0.0
3.0, 27.2, 0.0, 31.0, 1986-08-26 00:00:00, 0.0
2.0, 28.7, 0.0, 23.0, 1986-08-27 00:00:00, 0.0
5.0, 26.6, 0.0, 34.0, 1986-08-28 00:00:00, 0.0
0.0, 29.9, 0.0, 35.0, 1986-08-29 00:00:00, 0.0
0.0, 17.6, 0.0, 90.0, 1986-08-30 00:00:00, 12.2
0.0, 23.2, 0.0, 58.0, 1986-08-31 00:00:00, 1.3
0.0, 20.5, 0.0, 73.0, 1986-09-01 00:00:00, 0.0
1.0, 24.0, 140.0, 51.0, 1986-09-02 00:00:00, 0.0
0.0, 23.9, 0.0, 34.0, 1986-09-03 00:00:00, 0.0
0.0, 21.8, 0.0, 46.0, 1986-09-04 00:00:00, 0.0
16.0, 21.5, 0.0, 35.0, 1986-09-05 00:00:00, 0.0
14.0, 21.0, 270.0, 21.0, 1986-09-06 00:00:00, 0.0
2.0, 21.5, 40.0, 22.0, 1986-09-07 00:00:00, 0.0
3.0, 21.8, 320.0, 36.0, 1986-09-08 00:00:00, 0.0
1.0, 20.2, 320.0, 48.0, 1986-09-09 00:00:00, 0.1
15.0, 19.5, 0.0, 47.0, 1986-09-10 00:00:00, 0.3
8.0, 16.2, 180.0, 42.0, 1986-09-11 00:00:00, 0.0
16.0, 15.8, 0.0, 46.0, 1986-09-12 00:00:00, 0.0
14.0, 17.4, 0.0, 31.0, 1986-09-13 00:00:00, 0.0
1.0, 16.2, 0.0, 52.0, 1986-09-14 00:00:00, 1.8
2.0, 16.2, 270.0, 51.0, 1986-09-15 00:00:00, 0.0
5.0, 12.6, 180.0, 89.0, 1986-09-16 00:00:00, 1.5
2.0, 14.5, 0.0, 64.0, 1986-09-17 00:00:00, 0.3
3.0, 13.3, 0.0, 66.0, 1986-09-18 00:00:00, 0.0
9.0, 15.0, 0.0, 59.0, 1986-09-19 00:00:00, 0.0
0.0, 17.6, 0.0, 46.0, 1986-09-20 00:00:00, 0.0
7.0, 15.7, 320.0, 59.0, 1986-09-21 00:00:00, 0.0
5.0, 17.4, 320.0, 49.0, 1986-09-22 00:00:00, 0.0
10.0, 10.1, 180.0, 89.0, 1986-09-23 00:00:00, 22.1
0.0, 11.4, 0.0, 80.0, 1986-09-24 00:00:00, 10.8
0.0, 13.5, 0.0, 68.0, 1986-09-25 00:00:00, 2.8
18.0, 10.9, 230.0, 78.0, 1986-09-26 00:00:00, 3.0
0.0, 9.8, 0.0, 74.0, 1986-09-27 00:00:00, 4.3
3.0, 10.2, 90.0, 81.0, 1986-09-28 00:00:00, 1.3
5.0, 11.7, 40.0, 86.0, 1986-09-29 00:00:00, 2.8
4.0, 14.1, 90.0, 67.0, 1986-09-30 00:00:00, 14.2
7.0, 12.8, 320.0, 47.0, 1986-10-01 00:00:00, 0.0
0.0, 8.3, 0.0, 78.0, 1986-10-02 00:00:00, 0.0
7.0, 12.1, 0.0, 75.0, 1986-10-03 00:00:00, 0.0
3.0, 13.0, 0.0, 75.0, 1986-10-08 00:00:00, 0.0
2.0, 12.8, 40.0, 73.0, 1986-10-09 00:00:00, 0.0
7.0, 4.7, 180.0, 77.0, 1987-03-09 00:00:00, 0.0
0.0, 4.4, 0.0, 99.0, 1987-03-10 00:00:00, 2.0
7.0, 7.7, 90.0, 82.0, 1987-03-11 00:00:00, 0.2
0.0, 6.4, 0.0, 94.0, 1987-03-12 00:00:00, 0.0
6.0, 6.1, 180.0, 89.0, 1987-03-13 00:00:00, 2.7
3.0, 8.6, 230.0, 71.0, 1987-03-14 00:00:00, 0.0
5.0, 8.3, 0.0, 71.0, 1987-03-15 00:00:00, 0.0
2.0, 12.0, 0.0, 59.0, 1987-03-16 00:00:00, 0.2
8.0, 7.8, 180.0, 80.0, 1987-03-17 00:00:00, 1.2
10.0, 8.6, 0.0, 58.0, 1987-03-18 00:00:00, 0.2
0.0, 9.1, 0.0, 64.0, 1987-03-19 00:00:00, 0.0
14.0, 11.0, 230.0, 38.0, 1987-03-20 00:00:00, 0.0
10.0, 9.5, 0.0, 53.0, 1987-03-21 00:00:00, 0.0
7.0, 10.0, 270.0, 53.0, 1987-03-22 00:00:00, 0.0
2.0, 11.0, 90.0, 51.0, 1987-03-23 00:00:00, 0.0
6.0, 13.0, 180.0, 42.0, 1987-03-24 00:00:00, 0.0
0.0, 6.6, 0.0, 61.0, 1987-03-25 00:00:00, 0.0
22.0, 9.0, 320.0, 38.0, 1987-03-26 00:00:00, 0.0
19.0, 8.0, 320.0, 37.0, 1987-03-27 00:00:00, 0.0
7.0, 5.7, 320.0, 28.0, 1987-03-28 00:00:00, 0.0
5.0, 7.7, 270.0, 35.0, 1987-03-29 00:00:00, 0.0
5.0, 10.7, 320.0, 40.0, 1987-03-30 00:00:00, 0.0
2.0, 12.7, 270.0, 42.0, 1987-03-31 00:00:00, 0.0
5.0, 15.5, 0.0, 42.0, 1987-04-01 00:00:00, 0.0
2.0, 16.0, 0.0, 42.0, 1987-04-02 00:00:00, 0.0
8.0, 17.5, 0.0, 40.0, 1987-04-03 00:00:00, 0.0
3.0, 15.3, 90.0, 48.0, 1987-04-04 00:00:00, 0.0
10.0, 12.2, 0.0, 75.0, 1987-04-05 00:00:00, 0.2
1.0, 13.3, 90.0, 63.0, 1987-04-06 00:00:00, 5.5
13.0, 13.2, 270.0, 42.0, 1987-04-07 00:00:00, 0.0
25.0, 11.6, 230.0, 42.0, 1987-04-08 00:00:00, 2.5
20.0, 13.0, 230.0, 39.0, 1987-04-09 00:00:00, 0.0
2.0, 13.2, 320.0, 49.0, 1987-04-10 00:00:00, 0.0
22.0, 11.9, 230.0, 42.0, 1987-04-11 00:00:00, 3.0
15.0, 12.7, 140.0, 41.0, 1987-04-12 00:00:00, 0.0
10.0, 9.7, 0.0, 60.0, 1987-04-13 00:00:00, 0.0
14.0, 17.8, 180.0, 41.0, 1987-04-14 00:00:00, 0.0
18.0, 13.7, 230.0, 43.0, 1987-04-15 00:00:00, 0.0
34.0, 18.3, 180.0, 37.0, 1987-04-16 00:00:00, 0.0
5.0, 11.1, 0.0, 35.0, 1987-04-17 00:00:00, 0.0
12.0, 10.4, 230.0, 36.0, 1987-04-18 00:00:00, 0.0
13.0, 11.5, 320.0, 41.0, 1987-04-19 00:00:00, 0.0
7.0, 11.5, 320.0, 46.0, 1987-04-20 00:00:00, 0.0
6.0, 14.6, 180.0, 48.0, 1987-04-21 00:00:00, 0.0
20.0, 14.5, 0.0, 27.0, 1987-04-22 00:00:00, 0.0
6.0, 11.6, 180.0, 40.0, 1987-04-23 00:00:00, 0.0
1.0, 15.4, 140.0, 34.0, 1987-04-24 00:00:00, 0.0
6.0, 15.4, 90.0, 33.0, 1987-04-25 00:00:00, 0.0
3.0, 16.5, 0.0, 38.0, 1987-04-26 00:00:00, 0.0
6.0, 21.8, 40.0, 36.0, 1987-04-27 00:00:00, 0.0
5.0, 22.7, 0.0, 39.0, 1987-04-28 00:00:00, 0.0
2.0, 19.4, 90.0, 77.0, 1987-04-29 00:00:00, 0.2
0.0, 13.2, 0.0, 94.0, 1987-04-30 00:00:00, 1.5
3.0, 12.3, 140.0, 73.0, 1987-05-01 00:00:00, 16.7
8.0, 13.1, 140.0, 61.0, 1987-05-02 00:00:00, 1.2
0.0, 14.3, 0.0, 56.0, 1987-05-03 00:00:00, 2.2
7.0, 17.0, 320.0, 58.0, 1987-05-04 00:00:00, 0.0
1.0, 18.8, 320.0, 49.0, 1987-05-05 00:00:00, 0.0
4.0, 21.8, 0.0, 49.0, 1987-05-06 00:00:00, 0.0
3.0, 23.6, 0.0, 46.0, 1987-05-07 00:00:00, 0.0
0.0, 31.0, 0.0, 33.0, 1987-05-08 00:00:00, 0.0
15.0, 28.1, 270.0, 19.0, 1987-05-09 00:00:00, 0.0
9.0, 24.4, 230.0, 72.0, 1987-05-10 00:00:00, 0.0
20.0, 24.8, 230.0, 32.0, 1987-05-11 00:00:00, 0.0
5.0, 18.9, 270.0, 41.0, 1987-05-12 00:00:00, 0.0
3.0, 18.3, 180.0, 35.0, 1987-05-13 00:00:00, 0.0
18.0, 20.2, 140.0, 54.0, 1987-05-14 00:00:00, 0.0
8.0, 20.4, 320.0, 39.0, 1987-05-15 00:00:00, 0.0
5.0, 18.7, 40.0, 27.0, 1987-05-16 00:00:00, 0.0
3.0, 20.3, 320.0, 33.0, 1987-05-17 00:00:00, 0.0
3.0, 11.6, 320.0, 49.0, 1987-05-18 00:00:00, 0.3
7.0, 12.8, 180.0, 60.0, 1987-05-19 00:00:00, 1.0
12.0, 16.1, 0.0, 32.0, 1987-05-20 00:00:00, 0.3
5.0, 15.7, 270.0, 47.0, 1987-05-21 00:00:00, 0.3
20.0, 14.8, 270.0, 48.0, 1987-05-22 00:00:00, 0.0
8.0, 19.0, 320.0, 39.0, 1987-05-23 00:00:00, 0.0
1.0, 19.5, 0.0, 36.0, 1987-05-24 00:00:00, 0.0
7.0, 22.7, 0.0, 34.0, 1987-05-25 00:00:00, 0.0
8.0, 22.2, 270.0, 39.0, 1987-05-26 00:00:00, 0.0
8.0, 22.5, 270.0, 41.0, 1987-05-27 00:00:00, 0.0
5.0, 15.8, 320.0, 69.0, 1987-05-28 00:00:00, 1.3
8.0, 18.4, 180.0, 35.0, 1987-05-29 00:00:00, 0.5
10.0, 15.3, 180.0, 77.0, 1987-05-30 00:00:00, 2.5
16.0, 14.9, 180.0, 53.0, 1987-05-31 00:00:00, 6.3
19.0, 15.8, 230.0, 38.0, 1987-06-01 00:00:00, 0.0
10.0, 18.4, 40.0, 35.0, 1987-06-02 00:00:00, 0.0
1.0, 21.8, 320.0, 41.0, 1987-06-03 00:00:00, 0.0
1.0, 26.1, 320.0, 39.0, 1987-06-04 00:00:00, 0.0
1.0, 23.1, 270.0, 55.0, 1987-06-05 00:00:00, 0.0
8.0, 22.1, 0.0, 35.0, 1987-06-06 00:00:00, 0.0
13.0, 25.9, 0.0, 33.0, 1987-06-07 00:00:00, 0.0
5.0, 19.7, 40.0, 54.0, 1987-06-08 00:00:00, 0.0
6.0, 23.1, 270.0, 43.0, 1987-06-09 00:00:00, 0.0
20.0, 20.0, 230.0, 34.0, 1987-06-10 00:00:00, 0.5
5.0, 23.5, 40.0, 40.0, 1987-06-11 00:00:00, 0.0
22.0, 25.4, 230.0, 34.0, 1987-06-12 00:00:00, 0.0
8.0, 25.3, 320.0, 37.0, 1987-06-13 00:00:00, 0.0
3.0, 28.5, 0.0, 31.0, 1987-06-14 00:00:00, 0.0
3.0, 24.4, 140.0, 31.0, 1987-06-15 00:00:00, 0.0
17.0, 14.0, 230.0, 61.0, 1987-06-16 00:00:00, 0.3
4.0, 21.4, 320.0, 42.0, 1987-06-17 00:00:00, 0.0
4.0, 26.4, 0.0, 31.0, 1987-06-18 00:00:00, 0.0
0.0, 29.1, 0.0, 28.0, 1987-06-19 00:00:00, 0.0
18.0, 27.3, 180.0, 38.0, 1987-06-20 00:00:00, 0.0
14.0, 15.8, 230.0, 66.0, 1987-06-21 00:00:00, 1.3
8.0, 18.7, 230.0, 34.0, 1987-06-22 00:00:00, 0.3
3.0, 19.4, 40.0, 35.0, 1987-06-23 00:00:00, 0.0
6.0, 24.6, 40.0, 24.0, 1987-06-24 00:00:00, 0.0
4.0, 28.4, 40.0, 26.0, 1987-06-25 00:00:00, 0.0
6.0, 30.6, 320.0, 23.0, 1987-06-26 00:00:00, 0.0
2.0, 31.3, 270.0, 20.0, 1987-06-27 00:00:00, 0.0
12.0, 31.2, 0.0, 17.0, 1987-06-28 00:00:00, 0.0
4.0, 32.4, 90.0, 13.0, 1987-06-29 00:00:00, 0.0
0.0, 32.8, 0.0, 18.0, 1987-06-30 00:00:00, 0.0
5.0, 33.4, 320.0, 14.0, 1987-07-01 00:00:00, 0.0
1.0, 32.1, 40.0, 18.0, 1987-07-02 00:00:00, 0.0
0.0, 18.3, 0.0, 89.0, 1987-07-03 00:00:00, 11.4
4.0, 24.8, 180.0, 40.0, 1987-07-04 00:00:00, 2.0
22.0, 18.3, 230.0, 48.0, 1987-07-05 00:00:00, 0.5
2.0, 18.4, 0.0, 64.0, 1987-07-06 00:00:00, 0.0
13.0, 21.1, 90.0, 57.0, 1987-07-07 00:00:00, 18.0
17.0, 20.6, 230.0, 43.0, 1987-07-08 00:00:00, 5.6
17.0, 20.5, 230.0, 43.0, 1987-07-09 00:00:00, 0.0
7.0, 22.7, 40.0, 42.0, 1987-07-10 00:00:00, 0.0
16.0, 25.5, 270.0, 37.0, 1987-07-11 00:00:00, 0.0
10.0, 27.6, 270.0, 38.0, 1987-07-12 00:00:00, 0.0
2.0, 29.8, 0.0, 28.0, 1987-07-13 00:00:00, 0.0
7.0, 31.2, 180.0, 18.0, 1987-07-14 00:00:00, 0.0
10.0, 24.4, 270.0, 12.0, 1987-07-15 00:00:00, 0.0
5.0, 22.7, 0.0, 21.0, 1987-07-16 00:00:00, 0.0
25.0, 24.2, 0.0, 24.0, 1987-07-17 00:00:00, 0.0
10.0, 23.1, 0.0, 35.0, 1987-07-18 00:00:00, 0.0
11.0, 19.6, 320.0, 65.0, 1987-07-19 00:00:00, 0.5
8.0, 22.5, 180.0, 54.0, 1987-07-20 00:00:00, 0.0
4.0, 26.7, 0.0, 35.0, 1987-07-21 00:00:00, 0.0
1.0, 27.7, 270.0, 34.0, 1987-07-22 00:00:00, 0.0
4.0, 28.0, 270.0, 34.0, 1987-07-23 00:00:00, 0.0
9.0, 24.8, 180.0, 44.0, 1987-07-24 00:00:00, 0.0
8.0, 18.2, 230.0, 79.0, 1987-07-25 00:00:00, 1.5
3.0, 25.3, 40.0, 53.0, 1987-07-26 00:00:00, 1.0
1.0, 28.4, 140.0, 38.0, 1987-07-27 00:00:00, 0.0
2.0, 29.3, 320.0, 30.0, 1987-07-28 00:00:00, 0.0
4.0, 27.8, 40.0, 29.0, 1987-07-29 00:00:00, 0.0
8.0, 26.5, 0.0, 34.0, 1987-07-30 00:00:00, 0.0
1.0, 16.2, 140.0, 65.0, 1987-07-31 00:00:00, 1.0
14.0, 21.6, 180.0, 32.0, 1987-08-01 00:00:00, 0.0
7.0, 20.8, 40.0, 47.0, 1987-08-02 00:00:00, 0.0
4.0, 24.7, 0.0, 37.0, 1987-08-03 00:00:00, 0.0
5.0, 28.7, 180.0, 26.0, 1987-08-04 00:00:00, 0.0
5.0, 24.4, 40.0, 36.0, 1987-08-05 00:00:00, 0.0
3.0, 26.1, 320.0, 27.0, 1987-08-06 00:00:00, 0.0
3.0, 29.7, 40.0, 24.0, 1987-08-07 00:00:00, 0.0
13.0, 31.8, 0.0, 17.0, 1987-08-08 00:00:00, 0.0
6.0, 32.4, 0.0, 18.0, 1987-08-09 00:00:00, 0.0
4.0, 21.8, 270.0, 35.0, 1987-08-10 00:00:00, 0.0
4.0, 22.8, 40.0, 32.0, 1987-08-11 00:00:00, 0.0
2.0, 21.0, 320.0, 39.0, 1987-08-12 00:00:00, 0.0
5.0, 20.3, 40.0, 64.0, 1987-08-13 00:00:00, 0.3
6.0, 20.3, 320.0, 0.0, 1987-08-14 00:00:00, 20.6
15.0, 20.3, 320.0, 55.0, 1987-08-15 00:00:00, 0.5
23.0, 16.8, 230.0, 58.0, 1987-08-16 00:00:00, 3.6
9.0, 18.5, 270.0, 54.0, 1987-08-17 00:00:00, 2.8
1.0, 21.7, 0.0, 40.0, 1987-08-18 00:00:00, 0.0
3.0, 22.6, 40.0, 42.0, 1987-08-19 00:00:00, 0.0
23.0, 17.7, 0.0, 47.0, 1987-08-20 00:00:00, 0.0
10.0, 21.1, 0.0, 41.0, 1987-08-21 00:00:00, 0.0
6.0, 24.0, 40.0, 31.0, 1987-08-22 00:00:00, 0.0
2.0, 25.4, 320.0, 31.0, 1987-08-23 00:00:00, 0.0
5.0, 26.1, 40.0, 28.0, 1987-08-24 00:00:00, 0.0
0.0, 25.0, 0.0, 31.0, 1987-08-25 00:00:00, 0.0
10.0, 25.5, 320.0, 37.0, 1987-08-26 00:00:00, 0.0
4.0, 26.2, 320.0, 33.0, 1987-08-27 00:00:00, 0.0
16.0, 24.0, 230.0, 28.0, 1987-08-28 00:00:00, 0.0
7.0, 24.0, 0.0, 25.0, 1987-08-29 00:00:00, 0.0
9.0, 24.4, 320.0, 25.0, 1987-08-30 00:00:00, 0.0
0.0, 28.1, 0.0, 28.0, 1987-08-31 00:00:00, 0.0
0.0, 28.0, 0.0, 30.0, 1987-09-01 00:00:00, 0.0
16.0, 16.1, 270.0, 49.0, 1987-09-02 00:00:00, 1.0
5.0, 20.3, 40.0, 47.0, 1987-09-03 00:00:00, 0.8
10.0, 24.3, 90.0, 36.0, 1987-09-04 00:00:00, 0.0
0.0, 24.5, 0.0, 39.0, 1987-09-05 00:00:00, 0.0
5.0, 25.6, 40.0, 24.0, 1987-09-06 00:00:00, 0.0
2.0, 23.5, 0.0, 33.0, 1987-09-07 00:00:00, 0.0
0.0, 24.4, 0.0, 28.0, 1987-09-08 00:00:00, 0.0
0.0, 26.2, 0.0, 31.0, 1987-09-09 00:00:00, 0.0
1.0, 26.1, 0.0, 32.0, 1987-09-10 00:00:00, 0.0
1.0, 25.7, 320.0, 33.0, 1987-09-11 00:00:00, 0.0
6.0, 26.8, 320.0, 32.0, 1987-09-12 00:00:00, 0.0
3.0, 23.3, 40.0, 32.0, 1987-09-13 00:00:00, 0.0
12.0, 20.3, 270.0, 42.0, 1987-09-14 00:00:00, 0.0
19.0, 18.1, 230.0, 36.0, 1987-09-15 00:00:00, 6.6
0.0, 17.5, 0.0, 34.0, 1987-09-16 00:00:00, 0.0
2.0, 17.6, 90.0, 36.0, 1987-09-17 00:00:00, 0.0
1.0, 20.8, 0.0, 32.0, 1987-09-18 00:00:00, 0.0
0.0, 20.4, 0.0, 40.0, 1987-09-19 00:00:00, 0.0
1.0, 22.5, 320.0, 33.0, 1987-09-20 00:00:00, 0.0
0.0, 24.3, 0.0, 34.0, 1987-09-21 00:00:00, 0.0
0.0, 25.0, 0.0, 31.0, 1987-09-22 00:00:00, 0.0
2.0, 23.8, 0.0, 36.0, 1987-09-23 00:00:00, 0.0
1.0, 22.4, 320.0, 38.0, 1987-09-24 00:00:00, 0.0
0.0, 20.3, 0.0, 42.0, 1987-09-25 00:00:00, 0.0
20.0, 17.5, 320.0, 37.0, 1987-09-26 00:00:00, 2.5
1.0, 15.8, 40.0, 44.0, 1987-09-27 00:00:00, 0.0
0.0, 17.0, 0.0, 37.0, 1987-09-28 00:00:00, 0.0
0.0, 18.8, 0.0, 39.0, 1987-09-29 00:00:00, 0.0
0.0, 20.1, 0.0, 37.0, 1987-09-30 00:00:00, 0.0
1.0, 20.5, 0.0, 37.0, 1987-10-01 00:00:00, 0.0
6.0, 16.3, 140.0, 52.0, 1987-10-02 00:00:00, 0.0
18.0, 20.7, 230.0, 43.0, 1987-10-03 00:00:00, 0.0
2.0, 16.6, 320.0, 23.0, 1987-10-04 00:00:00, 0.0
4.0, 16.6, 40.0, 30.0, 1987-10-05 00:00:00, 0.0
2.0, 16.2, 40.0, 43.0, 1987-10-06 00:00:00, 0.0
0.0, 17.5, 0.0, 45.0, 1987-10-07 00:00:00, 0.0
13.0, 14.4, 0.0, 23.0, 1987-10-08 00:00:00, 0.0
5.0, 13.0, 40.0, 31.0, 1987-10-09 00:00:00, 0.0
2.0, 12.6, 320.0, 28.0, 1987-10-10 00:00:00, 0.0
1.0, 14.3, 320.0, 34.0, 1987-10-11 00:00:00, 0.0
0.0, 15.3, 0.0, 31.0, 1987-10-12 00:00:00, 0.0
0.0, 11.7, 0.0, 23.0, 1987-10-13 00:00:00, 0.0
1.0, 7.9, 0.0, 68.0, 1987-10-14 00:00:00, 0.0
0.0, 4.5, 0.0, 85.0, 1987-10-15 00:00:00, 4.5
4.0, 12.7, 0.0, 56.0, 1987-10-16 00:00:00, 0.0
0.0, 10.4, 0.0, 47.0, 1987-10-17 00:00:00, 0.5
0.0, 9.8, 0.0, 52.0, 1987-10-18 00:00:00, 0.0
9.0, 8.1, 40.0, 68.0, 1987-10-19 00:00:00, 0.0
0.0, 9.4, 0.0, 59.0, 1987-10-20 00:00:00, 0.0
5.0, 9.8, 40.0, 64.0, 1987-10-21 00:00:00, 0.0
6.0, 9.1, 0.0, 67.0, 1987-10-22 00:00:00, 0.0
1.0, 9.1, 230.0, 66.0, 1987-10-23 00:00:00, 0.0
1.0, 9.3, 40.0, 88.0, 1987-10-24 00:00:00, 0.0
23.0, 17.0, 230.0, 45.0, 1987-10-25 00:00:00, 3.0
3.0, 8.8, 0.0, 72.0, 1987-10-26 00:00:00, 1.0
1.0, 8.5, 180.0, 68.0, 1987-10-27 00:00:00, 0.0
0.0, 10.8, 0.0, 70.0, 1987-10-28 00:00:00, 0.0
0.0, 12.0, 0.0, 81.0, 1987-10-29 00:00:00, 0.8
0.0, 0.0, 0.0, 0.0, 1990-07-10 00:00:00, 0.0
