station_observations
wind_speed, temperature, wind_direction, relative_humidity, time, precipitation
1.0, 13.9, 180.0, 45.0, 1987-07-10 00:00:00, 0.3
5.0, 9.5, 140.0, 41.0, 1987-07-11 00:00:00, 2.5
5.0, 20.8, 140.0, 42.0, 1987-07-12 00:00:00, 0.3
4.0, 23.0, 40.0, 39.0, 1987-07-13 00:00:00, 0.0
18.0, 23.7, 230.0, 33.0, 1987-07-14 00:00:00, 0.0
12.0, 15.6, 230.0, 35.0, 1987-07-15 00:00:00, 0.0
13.0, 13.4, 270.0, 44.0, 1987-07-16 00:00:00, 0.0
9.0, 16.7, 40.0, 39.0, 1987-07-17 00:00:00, 0.0
6.0, 12.8, 40.0, 47.0, 1987-07-18 00:00:00, 0.0
8.0, 11.2, 270.0, 37.0, 1987-07-19 00:00:00, 1.3
1.0, 15.4, 90.0, 41.0, 1987-07-20 00:00:00, 2.3
4.0, 20.5, 40.0, 39.0, 1987-07-21 00:00:00, 0.0
6.0, 19.7, 270.0, 45.0, 1987-07-22 00:00:00, 0.0
4.0, 17.4, 0.0, 45.0, 1987-07-23 00:00:00, 0.0
11.0, 22.6, 40.0, 37.0, 1987-07-24 00:00:00, 0.0
6.0, 12.6, 90.0, 39.0, 1987-07-25 00:00:00, 0.5
1.0, 13.9, 180.0, 45.0, 1987-07-26 00:00:00, 0.3
5.0, 22.4, 140.0, 43.0, 1987-07-27 00:00:00, 0.8
3.0, 24.4, 180.0, 33.0, 1987-07-28 00:00:00, 0.0
6.0, 22.5, 140.0, 40.0, 1987-07-29 00:00:00, 0.0
0.0, 19.1, 0.0, 43.0, 1987-07-30 00:00:00, 0.0
11.0, 5.6, 230.0, 36.0, 1987-07-31 00:00:00, 2.5
10.0, 8.1, 230.0, 36.0, 1987-08-01 00:00:00, 10.9
9.0, 10.4, 270.0, 37.0, 1987-08-02 00:00:00, 0.0
2.0, 17.9, 230.0, 43.0, 1987-08-03 00:00:00, 0.0
9.0, 16.9, 230.0, 45.0, 1987-08-04 00:00:00, 0.0
7.0, 15.9, 270.0, 43.0, 1987-08-05 00:00:00, 3.0
10.0, 20.1, 270.0, 40.0, 1987-08-06 00:00:00, 0.8
6.0, 23.5, 320.0, 42.0, 1987-08-07 00:00:00, 0.0
5.0, 24.8, 90.0, 34.0, 1987-08-08 00:00:00, 0.0
5.0, 21.5, 90.0, 43.0, 1987-08-09 00:00:00, 0.0
9.0, 13.2, 270.0, 39.0, 1987-08-10 00:00:00, 0.0
8.0, 15.4, 270.0, 37.0, 1987-08-11 00:00:00, 0.3
6.0, 11.6, 320.0, 38.0, 1987-08-12 00:00:00, 0.0
4.0, 9.6, 90.0, 35.0, 1987-08-13 00:00:00, 8.9
11.0, 13.0, 270.0, 37.0, 1987-08-14 00:00:00, 10.2
3.0, 14.3, 230.0, 42.0, 1987-08-15 00:00:00, 0.0
20.0, 9.2, 270.0, 38.0, 1987-08-16 00:00:00, 9.7
4.0, 10.4, 90.0, 38.0, 1987-08-17 00:00:00, 0.0
3.0, 12.9, 90.0, 38.0, 1987-08-18 00:00:00, 0.0
7.0, 14.3, 140.0, 36.0, 1987-08-19 00:00:00, 0.5
7.0, 9.5, 230.0, 35.0, 1987-08-20 00:00:00, 1.3
7.0, 14.3, 90.0, 44.0, 1987-08-21 00:00:00, 0.3
10.0, 17.7, 40.0, 39.0, 1987-08-22 00:00:00, 0.0
4.0, 20.0, 320.0, 33.0, 1987-08-23 00:00:00, 0.0
5.0, 19.7, 270.0, 39.0, 1987-08-24 00:00:00, 0.0
5.0, 19.2, 90.0, 41.0, 1987-08-25 00:00:00, 0.0
11.0, 19.2, 230.0, 35.0, 1987-08-26 00:00:00, 0.0
8.0, 18.6, 90.0, 43.0, 1987-08-27 00:00:00, 0.0
6.0, 15.6, 230.0, 44.0, 1987-08-28 00:00:00, 0.0
6.0, 14.6, 90.0, 42.0, 1987-08-29 00:00:00, 0.0
6.0, 20.9, 180.0, 39.0, 1987-08-30 00:00:00, 0.0
5.0, 22.5, 90.0, 38.0, 1987-08-31 00:00:00, 0.0
18.0, 24.7, 230.0, 25.0, 1987-09-01 00:00:00, 0.0
19.0, 5.1, 270.0, 36.0, 1987-09-02 00:00:00, 10.2
10.0, 14.2, 270.0, 45.0, 1987-09-03 00:00:00, 6.3
5.0, 17.0, 230.0, 45.0, 1987-09-04 00:00:00, 0.0
10.0, 19.7, 270.0, 43.0, 1987-09-05 00:00:00, 0.0
2.0, 17.0, 180.0, 42.0, 1987-09-06 00:00:00, 0.0
2.0, 19.0, 90.0, 33.0, 1987-09-07 00:00:00, 0.0
8.0, 20.0, 270.0, 33.0, 1987-09-08 00:00:00, 0.0
3.0, 24.1, 0.0, 33.0, 1987-09-09 00:00:00, 0.0
3.0, 22.9, 180.0, 36.0, 1987-09-10 00:00:00, 0.0
2.0, 24.9, 140.0, 30.0, 1987-09-11 00:00:00, 0.0
5.0, 21.9, 230.0, 23.0, 1987-09-12 00:00:00, 0.0
3.0, 16.8, 90.0, 40.0, 1987-09-13 00:00:00, 0.0
2.0, 11.7, 180.0, 41.0, 1987-09-14 00:00:00, 0.0
7.0, 6.7, 180.0, 37.0, 1987-09-15 00:00:00, 12.4
6.0, 9.8, 270.0, 45.0, 1987-09-16 00:00:00, 0.5
3.0, 11.9, 230.0, 43.0, 1987-09-17 00:00:00, 0.0
5.0, 14.4, 140.0, 37.0, 1987-09-18 00:00:00, 0.0
8.0, 14.2, 230.0, 44.0, 1987-09-19 00:00:00, 0.0
4.0, 17.4, 140.0, 45.0, 1987-09-20 00:00:00, 0.0
3.0, 22.1, 140.0, 33.0, 1987-09-21 00:00:00, 0.0
5.0, 24.4, 140.0, 26.0, 1987-09-22 00:00:00, 0.0
1.0, 24.8, 230.0, 23.0, 1987-09-23 00:00:00, 0.0
1.0, 24.7, 180.0, 19.0, 1987-09-24 00:00:00, 0.0
1.0, 16.5, 230.0, 42.0, 1987-09-25 00:00:00, 0.0
19.0, 8.7, 270.0, 45.0, 1987-09-26 00:00:00, 0.8
5.0, 12.0, 140.0, 44.0, 1987-09-27 00:00:00, 0.0
1.0, 14.6, 180.0, 39.0, 1987-09-28 00:00:00, 0.0
1.0, 18.2, 140.0, 36.0, 1987-09-29 00:00:00, 0.0
1.0, 20.2, 140.0, 28.0, 1987-09-30 00:00:00, 0.0
1.0, 20.2, 140.0, 28.0, 1987-10-01 00:00:00, 0.0
2.0, 18.6, 140.0, 32.0, 1987-10-02 00:00:00, 0.0
19.0, 14.4, 230.0, 44.0, 1987-10-03 00:00:00, 0.0
2.0, 9.8, 90.0, 39.0, 1987-10-04 00:00:00, 0.0
0.0, 14.4, 0.0, 40.0, 1987-10-05 00:00:00, 0.0
19.0, 14.4, 230.0, 44.0, 1987-10-06 00:00:00, 0.0
7.0, 15.4, 320.0, 32.0, 1987-10-07 00:00:00, 0.0
4.0, 8.7, 270.0, 26.0, 1987-10-08 00:00:00, 0.0
4.0, 9.9, 140.0, 32.0, 1987-10-09 00:00:00, 0.0
3.0, 12.6, 40.0, 21.0, 1987-10-10 00:00:00, 0.0
9.0, 14.4, 40.0, 17.0, 1987-10-11 00:00:00, 0.0
11.0, 11.6, 270.0, 20.0, 1987-10-12 00:00:00, 0.0
4.0, 11.1, 230.0, 16.0, 1987-10-13 00:00:00, 0.0
4.0, 4.7, 230.0, 39.0, 1987-10-14 00:00:00, 0.0
4.0, 6.9, 180.0, 45.0, 1987-10-15 00:00:00, 0.0
1.0, 4.9, 180.0, 35.0, 1987-10-16 00:00:00, 2.0
3.0, 2.5, 270.0, 40.0, 1987-10-17 00:00:00, 2.8
8.0, 3.3, 320.0, 41.0, 1987-10-18 00:00:00, 0.0
1.0, 8.1, 180.0, 44.0, 1987-10-19 00:00:00, 0.0
4.0, 7.6, 40.0, 44.0, 1987-10-20 00:00:00, 0.0
2.0, 11.3, 180.0, 31.0, 1987-10-21 00:00:00, 0.0
2.0, 12.0, 230.0, 42.0, 1987-10-22 00:00:00, 0.0
2.0, 10.9, 90.0, 37.0, 1987-10-23 00:00:00, 0.0
8.0, 7.5, 180.0, 39.0, 1987-10-24 00:00:00, 1.0
8.0, 1.0, 230.0, 35.0, 1987-10-25 00:00:00, 3.8
3.0, 5.0, 140.0, 46.0, 1987-10-26 00:00:00, 0.0
3.0, 6.4, 40.0, 47.0, 1987-10-27 00:00:00, 0.0
12.0, 8.4, 230.0, 42.0, 1987-10-28 00:00:00, 0.3
0.0, 9.0, 0.0, 36.0, 1987-10-29 00:00:00, 2.8
0.0, 8.9, 0.0, 41.0, 1987-10-30 00:00:00, 0.5
8.0, 4.2, 40.0, 36.0, 1987-10-31 00:00:00, 1.8
0.0, 3.8, 0.0, 39.0, 1987-11-01 00:00:00, 0.8
3.0, 4.7, 230.0, 41.0, 1987-11-02 00:00:00, 0.0
12.0, 6.3, 230.0, 38.0, 1987-11-03 00:00:00, 0.0
3.0, 8.2, 180.0, 38.0, 1987-11-04 00:00:00, 0.8
9.0, 4.5, 40.0, 37.0, 1987-11-05 00:00:00, 0.3
5.0, 9.1, 230.0, 40.0, 1987-11-06 00:00:00, 0.3
2.0, 2.7, 140.0, 35.0, 1987-11-07 00:00:00, 0.3
9.0, 2.1, 40.0, 36.0, 1987-11-08 00:00:00, 0.0
0.0, 4.1, 0.0, 36.0, 1987-11-09 00:00:00, 0.0
0.0, 0.0, 0.0, 0.0, 1988-05-17 00:00:00, 0.0
3.0, 2.7, 140.0, 71.0, 1988-05-18 00:00:00, 0.0
4.0, 6.1, 50.0, 74.0, 1988-05-19 00:00:00, 0.8
0.0, 9.6, 0.0, 57.0, 1988-05-20 00:00:00, 0.0
6.0, 16.6, 140.0, 36.0, 1988-05-21 00:00:00, 0.0
2.0, 16.0, 90.0, 39.0, 1988-05-22 00:00:00, 0.0
2.0, 5.9, 90.0, 57.0, 1988-05-23 00:00:00, 4.3
1.0, 10.2, 140.0, 53.0, 1988-05-24 00:00:00, 0.0
19.0, 11.0, 230.0, 47.0, 1988-05-25 00:00:00, 0.0
5.0, 12.1, 180.0, 40.0, 1988-05-26 00:00:00, 0.0
0.0, 7.3, 0.0, 87.0, 1988-05-27 00:00:00, 0.8
1.0, 5.0, 180.0, 94.0, 1988-05-28 00:00:00, 17.3
0.0, 6.2, 0.0, 80.0, 1988-05-29 00:00:00, 0.0
2.0, 7.3, 90.0, 64.0, 1988-05-30 00:00:00, 0.0
2.0, 7.1, 140.0, 62.0, 1988-05-31 00:00:00, 0.0
0.0, 2.1, 0.0, 98.0, 1988-06-01 00:00:00, 5.1
13.0, 4.8, 90.0, 77.0, 1988-06-02 00:00:00, 5.1
1.0, 9.0, 180.0, 67.0, 1988-06-03 00:00:00, 13.0
4.0, 9.1, 90.0, 71.0, 1988-06-04 00:00:00, 0.0
1.0, 5.2, 270.0, 96.0, 1988-06-05 00:00:00, 1.8
1.0, 8.5, 140.0, 89.0, 1988-06-06 00:00:00, 3.8
2.0, 10.1, 180.0, 85.0, 1988-06-07 00:00:00, 3.8
1.0, 9.7, 140.0, 71.0, 1988-06-08 00:00:00, 3.0
5.0, 10.3, 90.0, 61.0, 1988-06-09 00:00:00, 0.0
8.0, 3.6, 270.0, 94.0, 1988-06-10 00:00:00, 4.3
0.0, 7.4, 0.0, 83.0, 1988-06-11 00:00:00, 13.0
6.0, 10.0, 90.0, 72.0, 1988-06-12 00:00:00, 1.3
3.0, 16.1, 270.0, 46.0, 1988-06-13 00:00:00, 0.3
5.0, 18.1, 140.0, 37.0, 1988-06-14 00:00:00, 0.0
8.0, 22.0, 230.0, 41.0, 1988-06-15 00:00:00, 0.0
11.0, 20.8, 230.0, 35.0, 1988-06-16 00:00:00, 0.0
6.0, 15.3, 140.0, 57.0, 1988-06-17 00:00:00, 0.0
23.0, 13.8, 230.0, 50.0, 1988-06-18 00:00:00, 0.0
4.0, 14.1, 90.0, 49.0, 1988-06-19 00:00:00, 0.0
8.0, 16.9, 270.0, 37.0, 1988-06-20 00:00:00, 0.0
6.0, 17.7, 140.0, 47.0, 1988-06-21 00:00:00, 0.0
10.0, 14.3, 230.0, 79.0, 1988-06-22 00:00:00, 4.6
2.0, 14.4, 180.0, 55.0, 1988-06-23 00:00:00, 0.0
7.0, 12.8, 50.0, 55.0, 1988-06-24 00:00:00, 0.0
4.0, 22.2, 140.0, 34.0, 1988-06-25 00:00:00, 0.0
5.0, 18.3, 140.0, 56.0, 1988-06-26 00:00:00, 0.0
9.0, 14.5, 230.0, 65.0, 1988-06-27 00:00:00, 0.0
1.0, 12.5, 90.0, 66.0, 1988-06-28 00:00:00, 2.5
9.0, 4.9, 270.0, 96.0, 1988-06-29 00:00:00, 4.8
2.0, 7.6, 140.0, 85.0, 1988-06-30 00:00:00, 0.3
10.0, 12.2, 230.0, 68.0, 1988-07-01 00:00:00, 0.0
10.0, 14.8, 230.0, 65.0, 1988-07-02 00:00:00, 1.0
2.0, 10.6, 180.0, 60.0, 1988-07-03 00:00:00, 0.0
1.0, 12.4, 270.0, 68.0, 1988-07-04 00:00:00, 0.3
0.0, 10.8, 0.0, 82.0, 1988-07-05 00:00:00, 4.6
10.0, 11.8, 230.0, 82.0, 1988-07-06 00:00:00, 28.7
5.0, 13.0, 50.0, 71.0, 1988-07-07 00:00:00, 4.8
4.0, 19.3, 230.0, 43.0, 1988-07-08 00:00:00, 0.0
2.0, 18.4, 140.0, 54.0, 1988-07-09 00:00:00, 0.0
4.0, 21.8, 140.0, 42.0, 1988-07-10 00:00:00, 0.0
2.0, 8.1, 270.0, 95.0, 1988-07-11 00:00:00, 7.6
6.0, 8.3, 140.0, 79.0, 1988-07-12 00:00:00, 4.8
10.0, 12.0, 230.0, 71.0, 1988-07-13 00:00:00, 4.1
6.0, 11.2, 230.0, 63.0, 1988-07-14 00:00:00, 0.0
4.0, 12.3, 230.0, 60.0, 1988-07-15 00:00:00, 0.0
1.0, 11.1, 90.0, 64.0, 1988-07-16 00:00:00, 0.5
1.0, 15.3, 90.0, 45.0, 1988-07-17 00:00:00, 0.0
0.0, 16.5, 0.0, 56.0, 1988-07-18 00:00:00, 0.0
8.0, 20.5, 90.0, 37.0, 1988-07-19 00:00:00, 0.0
7.0, 24.6, 230.0, 36.0, 1988-07-20 00:00:00, 0.0
9.0, 22.9, 230.0, 35.0, 1988-07-21 00:00:00, 0.0
12.0, 13.1, 270.0, 54.0, 1988-07-22 00:00:00, 0.0
7.0, 18.0, 230.0, 43.0, 1988-07-23 00:00:00, 0.0
3.0, 20.9, 90.0, 42.0, 1988-07-24 00:00:00, 0.0
11.0, 20.8, 230.0, 44.0, 1988-07-25 00:00:00, 0.0
4.0, 24.0, 140.0, 40.0, 1988-07-26 00:00:00, 0.0
12.0, 19.8, 270.0, 45.0, 1988-07-27 00:00:00, 0.0
7.0, 18.7, 270.0, 46.0, 1988-07-28 00:00:00, 0.0
2.0, 18.1, 140.0, 52.0, 1988-07-29 00:00:00, 0.0
5.0, 16.8, 230.0, 53.0, 1988-07-30 00:00:00, 0.0
2.0, 17.7, 50.0, 47.0, 1988-07-31 00:00:00, 0.0
5.0, 8.8, 320.0, 87.0, 1988-08-01 00:00:00, 12.2
14.0, 14.3, 140.0, 62.0, 1988-08-02 00:00:00, 0.0
3.0, 18.5, 90.0, 57.0, 1988-08-03 00:00:00, 0.0
11.0, 21.1, 230.0, 40.0, 1988-08-04 00:00:00, 0.0
7.0, 15.0, 230.0, 64.0, 1988-08-05 00:00:00, 0.0
9.0, 16.8, 230.0, 74.0, 1988-08-06 00:00:00, 8.6
1.0, 13.4, 180.0, 78.0, 1988-08-07 00:00:00, 6.6
4.0, 11.1, 180.0, 87.0, 1988-08-08 00:00:00, 1.3
15.0, 15.4, 180.0, 74.0, 1988-08-09 00:00:00, 1.8
4.0, 13.3, 270.0, 59.0, 1988-08-10 00:00:00, 0.8
0.0, 14.9, 0.0, 64.0, 1988-08-11 00:00:00, 0.0
5.0, 19.3, 50.0, 47.0, 1988-08-12 00:00:00, 0.0
6.0, 21.2, 230.0, 40.0, 1988-08-13 00:00:00, 0.0
2.0, 16.0, 230.0, 57.0, 1988-08-14 00:00:00, 0.0
1.0, 12.6, 140.0, 79.0, 1988-08-15 00:00:00, 0.0
1.0, 8.8, 180.0, 93.0, 1988-08-16 00:00:00, 8.1
1.0, 8.4, 50.0, 93.0, 1988-08-17 00:00:00, 2.3
2.0, 9.7, 180.0, 89.0, 1988-08-18 00:00:00, 4.1
0.0, 7.8, 0.0, 92.0, 1988-08-19 00:00:00, 1.5
7.0, 7.0, 270.0, 91.0, 1988-08-20 00:00:00, 8.9
7.0, 12.7, 270.0, 67.0, 1988-08-21 00:00:00, 0.0
5.0, 18.6, 270.0, 58.0, 1988-08-22 00:00:00, 0.0
3.0, 21.4, 90.0, 58.0, 1988-08-23 00:00:00, 0.0
4.0, 24.0, 50.0, 38.0, 1988-08-24 00:00:00, 0.0
1.0, 22.9, 230.0, 49.0, 1988-08-25 00:00:00, 0.0
1.0, 26.0, 270.0, 75.0, 1988-08-26 00:00:00, 4.3
5.0, 21.8, 50.0, 45.0, 1988-08-27 00:00:00, 0.0
4.0, 23.6, 180.0, 40.0, 1988-08-28 00:00:00, 0.0
18.0, 17.8, 230.0, 55.0, 1988-08-29 00:00:00, 0.0
0.0, 11.5, 0.0, 64.0, 1988-08-30 00:00:00, 0.0
1.0, 14.9, 90.0, 56.0, 1988-08-31 00:00:00, 0.0
3.0, 21.0, 90.0, 39.0, 1988-09-01 00:00:00, 0.0
4.0, 24.3, 90.0, 32.0, 1988-09-02 00:00:00, 0.0
4.0, 26.2, 50.0, 33.0, 1988-09-03 00:00:00, 0.0
0.0, 27.9, 0.0, 24.0, 1988-09-04 00:00:00, 0.0
8.0, 26.4, 270.0, 28.0, 1988-09-05 00:00:00, 0.0
21.0, 17.1, 230.0, 51.0, 1988-09-06 00:00:00, 0.0
14.0, 6.5, 270.0, 64.0, 1988-09-07 00:00:00, 7.1
4.0, 11.2, 140.0, 60.0, 1988-09-08 00:00:00, 0.0
0.0, 7.4, 0.0, 80.0, 1988-09-09 00:00:00, 0.0
9.0, 8.4, 270.0, 72.0, 1988-09-10 00:00:00, 19.6
4.0, 13.4, 270.0, 32.0, 1988-09-11 00:00:00, 0.0
2.0, 18.1, 270.0, 40.0, 1988-09-12 00:00:00, 0.0
1.0, 19.8, 180.0, 48.0, 1988-09-13 00:00:00, 0.0
11.0, 20.7, 230.0, 35.0, 1988-09-14 00:00:00, 0.0
9.0, 15.0, 230.0, 47.0, 1988-09-15 00:00:00, 0.0
8.0, 7.8, 270.0, 49.0, 1988-09-16 00:00:00, 0.0
3.0, 6.6, 320.0, 75.0, 1988-09-17 00:00:00, 2.8
2.0, 4.5, 140.0, 73.0, 1988-09-18 00:00:00, 0.0
0.0, 0.3, 0.0, 92.0, 1988-09-19 00:00:00, 0.3
0.0, 4.9, 0.0, 79.0, 1988-09-20 00:00:00, 17.8
6.0, 7.7, 270.0, 62.0, 1988-09-21 00:00:00, 0.3
3.0, 5.5, 230.0, 76.0, 1988-09-22 00:00:00, 0.3
0.0, 2.3, 0.0, 93.0, 1988-09-23 00:00:00, 4.6
6.0, 1.7, 50.0, 91.0, 1988-09-24 00:00:00, 3.0
10.0, 2.8, 270.0, 96.0, 1988-09-25 00:00:00, 6.9
1.0, 3.5, 90.0, 96.0, 1988-09-26 00:00:00, 6.9
13.0, 4.3, 270.0, 87.0, 1988-09-27 00:00:00, 4.6
4.0, 3.6, 230.0, 93.0, 1988-09-28 00:00:00, 1.2
16.0, 14.4, 230.0, 66.0, 1988-09-29 00:00:00, 0.2
3.0, 14.8, 230.0, 42.0, 1988-09-30 00:00:00, 0.0
0.0, 0.0, 0.0, 0.0, 1989-05-25 00:00:00, 0.0
2.0, 4.4, 140.0, 75.0, 1989-05-26 00:00:00, 0.5
2.0, 4.8, 50.0, 91.0, 1989-05-27 00:00:00, 18.5
1.0, 10.6, 320.0, 48.0, 1989-05-28 00:00:00, 0.0
4.0, 13.7, 270.0, 35.0, 1989-05-29 00:00:00, 0.3
1.0, 15.6, 90.0, 44.0, 1989-05-30 00:00:00, 0.0
11.0, 14.9, 270.0, 57.0, 1989-05-31 00:00:00, 0.0
11.0, 15.2, 320.0, 53.0, 1989-06-01 00:00:00, 0.0
8.0, 17.0, 270.0, 32.0, 1989-06-02 00:00:00, 0.0
4.0, 17.2, 0.0, 36.0, 1989-06-03 00:00:00, 0.0
10.0, 20.0, 320.0, 29.0, 1989-06-04 00:00:00, 0.0
6.0, 22.1, 180.0, 32.0, 1989-06-05 00:00:00, 0.0
5.0, 16.2, 230.0, 36.0, 1989-06-06 00:00:00, 1.0
5.0, 18.6, 50.0, 34.0, 1989-06-07 00:00:00, 0.0
1.0, 14.6, 270.0, 54.0, 1989-06-08 00:00:00, 0.0
12.0, 12.1, 270.0, 61.0, 1989-06-09 00:00:00, 3.0
1.0, 13.3, 140.0, 66.0, 1989-06-10 00:00:00, 1.0
1.0, 19.2, 90.0, 48.0, 1989-06-11 00:00:00, 0.0
7.0, 20.2, 90.0, 43.0, 1989-06-12 00:00:00, 0.0
14.0, 17.9, 140.0, 50.0, 1989-06-13 00:00:00, 0.0
3.0, 11.7, 140.0, 81.0, 1989-06-14 00:00:00, 12.3
0.0, 9.2, 0.0, 76.0, 1989-06-15 00:00:00, 10.0
8.0, 7.6, 230.0, 87.0, 1989-06-16 00:00:00, 2.5
8.0, 9.8, 140.0, 62.0, 1989-06-17 00:00:00, 2.0
9.0, 10.7, 180.0, 55.0, 1989-06-18 00:00:00, 1.1
18.0, 3.6, 270.0, 85.0, 1989-06-19 00:00:00, 6.0
4.0, 3.7, 230.0, 97.0, 1989-06-20 00:00:00, 6.3
4.0, 11.5, 180.0, 69.0, 1989-06-21 00:00:00, 0.0
4.0, 11.5, 180.0, 69.0, 1989-06-22 00:00:00, 3.0
6.0, 16.6, 270.0, 46.0, 1989-06-23 00:00:00, 0.0
11.0, 17.3, 320.0, 45.0, 1989-06-24 00:00:00, 0.0
11.0, 17.3, 320.0, 45.0, 1989-06-25 00:00:00, 1.6
4.0, 13.6, 180.0, 55.0, 1989-06-26 00:00:00, 5.8
6.0, 6.1, 140.0, 66.0, 1989-06-27 00:00:00, 5.3
1.0, 8.7, 90.0, 83.0, 1989-06-28 00:00:00, 2.0
1.0, 11.1, 140.0, 82.0, 1989-06-29 00:00:00, 3.4
3.0, 12.0, 140.0, 72.0, 1989-06-30 00:00:00, 6.6
3.0, 9.0, 180.0, 76.0, 1989-07-01 00:00:00, 5.1
9.0, 10.5, 140.0, 73.0, 1989-07-02 00:00:00, 0.8
13.0, 11.3, 180.0, 62.0, 1989-07-03 00:00:00, 1.6
2.0, 11.2, 180.0, 58.0, 1989-07-04 00:00:00, 0.0
5.0, 12.1, 140.0, 59.0, 1989-07-05 00:00:00, 0.0
6.0, 16.0, 180.0, 46.0, 1989-07-06 00:00:00, 0.0
4.0, 16.5, 230.0, 34.0, 1989-07-07 00:00:00, 0.1
4.0, 10.3, 230.0, 67.0, 1989-07-08 00:00:00, 1.7
1.0, 13.6, 50.0, 69.0, 1989-07-09 00:00:00, 0.8
0.0, 13.0, 0.0, 69.0, 1989-07-10 00:00:00, 4.0
2.0, 14.0, 50.0, 77.0, 1989-07-11 00:00:00, 1.3
2.0, 20.8, 50.0, 40.0, 1989-07-12 00:00:00, 0.0
9.0, 20.0, 90.0, 56.0, 1989-07-13 00:00:00, 0.8
9.0, 22.2, 90.0, 55.0, 1989-07-14 00:00:00, 2.9
4.0, 11.5, 50.0, 94.0, 1989-07-15 00:00:00, 30.3
6.0, 13.0, 230.0, 68.0, 1989-07-16 00:00:00, 0.0
1.0, 12.1, 50.0, 82.0, 1989-07-17 00:00:00, 0.3
4.0, 16.5, 90.0, 61.0, 1989-07-18 00:00:00, 2.6
6.0, 18.4, 180.0, 66.0, 1989-07-19 00:00:00, 0.3
7.0, 19.0, 180.0, 30.0, 1989-07-20 00:00:00, 0.0
1.0, 12.1, 230.0, 68.0, 1989-07-21 00:00:00, 0.0
1.0, 13.4, 180.0, 57.0, 1989-07-22 00:00:00, 0.5
14.0, 18.6, 180.0, 39.0, 1989-07-23 00:00:00, 0.0
1.0, 15.9, 270.0, 48.0, 1989-07-24 00:00:00, 0.0
4.0, 19.2, 90.0, 48.0, 1989-07-25 00:00:00, 0.0
3.0, 23.4, 90.0, 30.0, 1989-07-26 00:00:00, 0.0
5.0, 18.6, 90.0, 64.0, 1989-07-27 00:00:00, 0.5
6.0, 18.5, 140.0, 54.0, 1989-07-28 00:00:00, 0.0
7.0, 21.6, 140.0, 34.0, 1989-07-29 00:00:00, 0.0
4.0, 23.7, 90.0, 36.0, 1989-07-30 00:00:00, 0.0
3.0, 23.4, 90.0, 41.0, 1989-07-31 00:00:00, 0.0
2.0, 15.6, 180.0, 64.0, 1989-08-01 00:00:00, 0.0
3.0, 6.5, 230.0, 95.0, 1989-08-02 00:00:00, 14.5
2.0, 9.9, 270.0, 89.0, 1989-08-03 00:00:00, 11.2
1.0, 15.3, 140.0, 76.0, 1989-08-04 00:00:00, 0.0
5.0, 19.6, 140.0, 54.0, 1989-08-05 00:00:00, 0.0
7.0, 22.6, 140.0, 42.0, 1989-08-06 00:00:00, 0.0
4.0, 21.0, 180.0, 46.0, 1989-08-07 00:00:00, 0.0
5.0, 23.2, 90.0, 39.0, 1989-08-08 00:00:00, 0.0
7.0, 16.7, 90.0, 69.0, 1989-08-09 00:00:00, 0.8
10.0, 15.8, 180.0, 51.0, 1989-08-10 00:00:00, 0.0
8.0, 17.6, 90.0, 50.0, 1989-08-11 00:00:00, 0.0
2.0, 21.0, 50.0, 35.0, 1989-08-12 00:00:00, 0.0
10.0, 18.0, 180.0, 69.0, 1989-08-13 00:00:00, 5.8
2.0, 14.2, 270.0, 68.0, 1989-08-14 00:00:00, 0.0
0.0, 6.9, 0.0, 96.0, 1989-08-15 00:00:00, 10.4
1.0, 7.7, 230.0, 94.0, 1989-08-16 00:00:00, 20.8
0.0, 12.6, 0.0, 87.0, 1989-08-17 00:00:00, 5.8
0.0, 14.8, 0.0, 87.0, 1989-08-18 00:00:00, 1.0
1.0, 14.1, 180.0, 88.0, 1989-08-19 00:00:00, 3.3
2.0, 13.6, 180.0, 82.0, 1989-08-20 00:00:00, 0.0
2.0, 11.9, 230.0, 85.0, 1989-08-21 00:00:00, 1.0
3.0, 10.7, 90.0, 77.0, 1989-08-22 00:00:00, 1.0
8.0, 10.7, 270.0, 68.0, 1989-08-23 00:00:00, 0.8
6.0, 13.8, 320.0, 61.0, 1989-08-24 00:00:00, 0.0
0.0, 11.9, 0.0, 76.0, 1989-08-25 00:00:00, 0.0
0.0, 10.0, 0.0, 91.0, 1989-08-26 00:00:00, 25.4
12.0, 12.3, 270.0, 57.0, 1989-08-27 00:00:00, 9.4
2.0, 12.8, 180.0, 60.0, 1989-08-28 00:00:00, 0.0
4.0, 10.6, 270.0, 67.0, 1989-08-29 00:00:00, 0.0
2.0, 13.2, 180.0, 71.0, 1989-08-30 00:00:00, 1.5
0.0, 6.8, 0.0, 94.0, 1989-08-31 00:00:00, 17.3
1.0, 10.9, 90.0, 81.0, 1989-09-01 00:00:00, 6.9
2.0, 10.3, 230.0, 86.0, 1989-09-02 00:00:00, 11.9
2.0, 9.6, 140.0, 86.0, 1989-09-03 00:00:00, 1.8
0.0, 9.5, 0.0, 89.0, 1989-09-04 00:00:00, 0.3
7.0, 6.6, 230.0, 83.0, 1989-09-05 00:00:00, 3.6
1.0, 11.6, 50.0, 75.0, 1989-09-06 00:00:00, 0.0
7.0, 15.5, 320.0, 58.0, 1989-09-07 00:00:00, 0.0
7.0, 12.8, 230.0, 51.0, 1989-09-08 00:00:00, 0.0
8.0, 12.1, 270.0, 40.0, 1989-09-09 00:00:00, 0.0
4.0, 12.0, 140.0, 48.0, 1989-09-10 00:00:00, 0.0
8.0, 15.6, 320.0, 45.0, 1989-09-11 00:00:00, 0.0
1.0, 18.4, 140.0, 52.0, 1989-09-12 00:00:00, 0.0
1.0, 19.0, 180.0, 49.0, 1989-09-13 00:00:00, 0.0
2.0, 18.0, 230.0, 38.0, 1989-09-14 00:00:00, 0.0
3.0, 15.4, 230.0, 47.0, 1989-09-15 00:00:00, 0.0
1.0, 3.7, 180.0, 96.0, 1989-09-16 00:00:00, 2.3
0.0, 4.1, 0.0, 92.0, 1989-09-17 00:00:00, 3.6
2.0, 7.2, 270.0, 62.0, 1989-09-18 00:00:00, 1.8
1.0, 8.3, 90.0, 80.0, 1989-09-19 00:00:00, 0.0
4.0, 11.6, 140.0, 70.0, 1989-09-20 00:00:00, 0.0
0.0, 15.9, 0.0, 58.0, 1989-09-21 00:00:00, 0.0
5.0, 17.2, 90.0, 49.0, 1989-09-22 00:00:00, 0.0
3.0, 18.2, 90.0, 46.0, 1989-09-23 00:00:00, 0.0
2.0, 17.3, 90.0, 35.0, 1989-09-24 00:00:00, 0.0
9.0, 19.2, 140.0, 38.0, 1989-09-25 00:00:00, 0.3
3.0, 14.1, 180.0, 63.0, 1989-09-26 00:00:00, 0.0
3.0, 14.7, 90.0, 67.0, 1989-09-27 00:00:00, 0.0
10.0, 16.2, 140.0, 53.0, 1989-09-28 00:00:00, 0.0
10.0, 17.5, 140.0, 53.0, 1989-09-29 00:00:00, 0.0
15.0, 7.0, 270.0, 60.0, 1989-09-30 00:00:00, 0.0
6.0, 4.6, 270.0, 74.0, 1989-10-01 00:00:00, 0.0
0.0, 8.1, 0.0, 50.0, 1989-10-02 00:00:00, 0.0
3.0, 10.1, 140.0, 49.0, 1989-10-03 00:00:00, 0.0
5.0, 10.7, 230.0, 49.0, 1989-10-04 00:00:00, 0.0
0.0, 8.0, 0.0, 82.0, 1989-10-05 00:00:00, 0.0
2.0, 5.8, 270.0, 69.0, 1990-05-09 00:00:00, 0.0
0.0, 5.4, 0.0, 93.0, 1990-05-10 00:00:00, 8.1
6.0, 4.9, 270.0, 81.0, 1990-05-11 00:00:00, 2.0
6.0, 6.4, 270.0, 51.0, 1990-05-12 00:00:00, 5.8
1.0, 1.3, 180.0, 99.0, 1990-05-13 00:00:00, 8.4
11.0, 7.7, 320.0, 56.0, 1990-05-14 00:00:00, 4.6
6.0, 8.5, 0.0, 52.0, 1990-05-15 00:00:00, 0.0
8.0, 9.5, 140.0, 58.0, 1990-05-16 00:00:00, 3.3
0.0, 3.6, 0.0, 94.0, 1990-05-17 00:00:00, 1.8
8.0, 6.5, 320.0, 81.0, 1990-05-18 00:00:00, 4.3
6.0, 8.1, 180.0, 79.0, 1990-05-19 00:00:00, 18.8
6.0, 8.6, 90.0, 60.0, 1990-05-20 00:00:00, 1.0
9.0, 7.5, 140.0, 62.0, 1990-05-21 00:00:00, 5.6
4.0, 9.8, 180.0, 77.0, 1990-05-22 00:00:00, 5.6
4.0, 7.4, 140.0, 85.0, 1990-05-23 00:00:00, 0.0
4.0, 4.5, 320.0, 99.0, 1990-05-24 00:00:00, 8.9
0.0, 3.5, 0.0, 99.0, 1990-05-25 00:00:00, 11.7
1.0, 6.9, 140.0, 92.0, 1990-05-26 00:00:00, 6.9
6.0, 11.2, 90.0, 63.0, 1990-05-27 00:00:00, 0.0
0.0, 9.7, 0.0, 92.0, 1990-05-28 00:00:00, 6.1
5.0, 8.0, 270.0, 99.0, 1990-05-29 00:00:00, 18.0
3.0, 9.2, 140.0, 77.0, 1990-05-30 00:00:00, 5.1
13.0, 6.4, 180.0, 94.0, 1990-05-31 00:00:00, 0.0
16.0, 6.0, 320.0, 95.0, 1990-06-01 00:00:00, 1.5
1.0, 5.2, 180.0, 98.0, 1990-06-02 00:00:00, 3.3
0.0, 4.0, 180.0, 99.0, 1990-06-03 00:00:00, 8.6
6.0, 4.3, 270.0, 86.0, 1990-06-04 00:00:00, 10.9
4.0, 6.4, 230.0, 76.0, 1990-06-05 00:00:00, 0.5
9.0, 11.1, 180.0, 53.0, 1990-06-06 00:00:00, 5.3
4.0, 8.3, 270.0, 73.0, 1990-06-07 00:00:00, 8.3
9.0, 4.6, 140.0, 93.0, 1990-06-08 00:00:00, 0.2
5.0, 9.3, 90.0, 83.0, 1990-06-09 00:00:00, 0.0
10.0, 4.6, 230.0, 99.0, 1990-06-10 00:00:00, 20.0
15.0, 1.2, 270.0, 99.0, 1990-06-11 00:00:00, 1.5
7.0, 2.0, 270.0, 97.0, 1990-06-12 00:00:00, 24.4
6.0, 11.1, 0.0, 67.0, 1990-06-13 00:00:00, 10.4
4.0, 13.4, 180.0, 56.0, 1990-06-14 00:00:00, 0.0
4.0, 12.6, 230.0, 71.0, 1990-06-15 00:00:00, 1.3
0.0, 8.0, 140.0, 97.0, 1990-06-16 00:00:00, 5.8
1.0, 12.7, 90.0, 76.0, 1990-06-17 00:00:00, 1.8
5.0, 11.0, 320.0, 77.0, 1990-06-18 00:00:00, 0.0
2.0, 10.0, 270.0, 94.0, 1990-06-19 00:00:00, 2.5
2.0, 12.1, 270.0, 70.0, 1990-06-20 00:00:00, 5.0
3.0, 17.1, 90.0, 58.0, 1990-06-21 00:00:00, 0.0
13.0, 20.5, 140.0, 46.0, 1990-06-22 00:00:00, 0.0
7.0, 17.9, 270.0, 56.0, 1990-06-23 00:00:00, 1.7
7.0, 17.3, 270.0, 46.0, 1990-06-24 00:00:00, 0.0
1.0, 19.7, 180.0, 34.0, 1990-06-25 00:00:00, 0.0
11.0, 14.6, 180.0, 55.0, 1990-06-26 00:00:00, 0.0
0.0, 18.2, 140.0, 53.0, 1990-06-27 00:00:00, 0.0
4.0, 15.9, 180.0, 59.0, 1990-06-28 00:00:00, 1.0
9.0, 16.4, 140.0, 64.0, 1990-06-29 00:00:00, 0.0
7.0, 15.1, 180.0, 79.0, 1990-06-30 00:00:00, 6.8
4.0, 13.7, 270.0, 56.0, 1990-07-01 00:00:00, 0.0
6.0, 6.2, 140.0, 96.0, 1990-07-02 00:00:00, 5.3
0.0, 8.0, 270.0, 86.0, 1990-07-03 00:00:00, 10.2
5.0, 14.4, 140.0, 62.0, 1990-07-04 00:00:00, 0.0
2.0, 18.5, 140.0, 45.0, 1990-07-05 00:00:00, 0.0
11.0, 7.6, 270.0, 96.0, 1990-07-06 00:00:00, 24.1
3.0, 10.7, 140.0, 91.0, 1990-07-07 00:00:00, 1.0
2.0, 15.2, 140.0, 71.0, 1990-07-08 00:00:00, 0.0
5.0, 16.0, 0.0, 62.0, 1990-07-09 00:00:00, 0.0
6.0, 21.5, 140.0, 43.0, 1990-07-10 00:00:00, 0.0
9.0, 25.7, 140.0, 35.0, 1990-07-11 00:00:00, 0.0
5.0, 20.0, 140.0, 70.0, 1990-07-12 00:00:00, 0.5
5.0, 19.0, 140.0, 45.0, 1990-07-13 00:00:00, 0.0
7.0, 18.2, 320.0, 25.0, 1990-07-14 00:00:00, 0.0
8.0, 19.7, 180.0, 41.0, 1990-07-15 00:00:00, 0.0
9.0, 15.8, 270.0, 57.0, 1990-07-16 00:00:00, 0.0
10.0, 13.6, 320.0, 47.0, 1990-07-17 00:00:00, 0.0
10.0, 12.3, 320.0, 71.0, 1990-07-18 00:00:00, 0.0
2.0, 14.2, 230.0, 61.0, 1990-07-19 00:00:00, 0.0
5.0, 17.5, 230.0, 47.0, 1990-07-20 00:00:00, 0.0
5.0, 20.0, 180.0, 35.0, 1990-07-21 00:00:00, 0.0
6.0, 22.5, 140.0, 38.0, 1990-07-22 00:00:00, 0.0
9.0, 18.7, 180.0, 55.0, 1990-07-23 00:00:00, 0.8
0.0, 13.8, 0.0, 91.0, 1990-07-24 00:00:00, 3.6
5.0, 16.5, 0.0, 76.0, 1990-07-25 00:00:00, 3.6
0.0, 17.0, 0.0, 72.0, 1990-07-26 00:00:00, 0.0
0.0, 19.0, 0.0, 45.0, 1990-07-27 00:00:00, 0.0
5.0, 19.0, 0.0, 53.0, 1990-07-28 00:00:00, 0.0
5.0, 22.0, 0.0, 50.0, 1990-07-29 00:00:00, 0.0
5.0, 23.0, 0.0, 43.0, 1990-07-30 00:00:00, 0.0
5.0, 21.0, 50.0, 67.0, 1990-07-31 00:00:00, 5.0
5.0, 19.0, 320.0, 47.0, 1990-08-01 00:00:00, 0.0
3.0, 18.3, 320.0, 45.0, 1990-08-02 00:00:00, 0.0
3.0, 17.7, 180.0, 59.0, 1990-08-03 00:00:00, 0.0
3.0, 21.7, 180.0, 41.0, 1990-08-04 00:00:00, 0.0
9.0, 24.9, 140.0, 33.0, 1990-08-05 00:00:00, 0.0
6.0, 19.4, 270.0, 41.0, 1990-08-06 00:00:00, 0.0
1.0, 19.4, 90.0, 43.0, 1990-08-07 00:00:00, 0.0
4.0, 22.1, 180.0, 39.0, 1990-08-08 00:00:00, 0.0
3.0, 22.3, 230.0, 40.0, 1990-08-09 00:00:00, 0.0
0.0, 24.1, 50.0, 38.0, 1990-08-10 00:00:00, 0.0
5.0, 23.8, 180.0, 42.0, 1990-08-11 00:00:00, 0.0
4.0, 25.1, 140.0, 36.0, 1990-08-12 00:00:00, 0.0
8.0, 25.9, 180.0, 36.0, 1990-08-13 00:00:00, 0.0
5.0, 20.4, 180.0, 45.0, 1990-08-14 00:00:00, 1.8
4.0, 21.0, 180.0, 28.0, 1990-08-15 00:00:00, 0.0
4.0, 16.5, 50.0, 65.0, 1990-08-16 00:00:00, 0.0
6.0, 15.5, 230.0, 62.0, 1990-08-17 00:00:00, 0.0
10.0, 15.8, 140.0, 74.0, 1990-08-18 00:00:00, 0.0
5.0, 18.3, 270.0, 65.0, 1990-08-19 00:00:00, 0.0
0.0, 20.3, 180.0, 56.0, 1990-08-20 00:00:00, 0.0
7.0, 13.9, 140.0, 90.0, 1990-08-21 00:00:00, 2.0
4.0, 14.7, 270.0, 69.0, 1990-08-22 00:00:00, 17.0
5.0, 7.9, 270.0, 78.0, 1990-08-23 00:00:00, 17.0
3.0, 7.4, 320.0, 81.0, 1990-08-24 00:00:00, 0.3
0.0, 5.3, 90.0, 95.0, 1990-08-25 00:00:00, 12.4
0.0, 6.7, 230.0, 88.0, 1990-08-26 00:00:00, 11.4
9.0, 13.1, 180.0, 63.0, 1990-08-27 00:00:00, 0.3
3.0, 15.1, 140.0, 57.0, 1990-08-28 00:00:00, 0.0
2.0, 16.9, 230.0, 54.0, 1990-08-29 00:00:00, 0.0
6.0, 9.2, 270.0, 89.0, 1990-08-30 00:00:00, 9.9
5.0, 10.4, 270.0, 75.0, 1990-08-31 00:00:00, 6.1
11.0, 11.1, 180.0, 68.0, 1990-09-01 00:00:00, 0.0
2.0, 12.9, 230.0, 69.0, 1990-09-02 00:00:00, 0.0
5.0, 12.8, 320.0, 40.0, 1990-09-03 00:00:00, 0.0
4.0, 15.8, 180.0, 48.0, 1990-09-04 00:00:00, 0.0
5.0, 19.3, 270.0, 31.0, 1990-09-05 00:00:00, 0.0
3.0, 18.9, 140.0, 43.0, 1990-09-06 00:00:00, 0.0
4.0, 19.6, 180.0, 35.0, 1990-09-07 00:00:00, 0.0
2.0, 19.4, 230.0, 37.0, 1990-09-08 00:00:00, 0.0
1.0, 19.4, 140.0, 36.0, 1990-09-09 00:00:00, 0.0
6.0, 19.2, 180.0, 39.0, 1990-09-10 00:00:00, 0.0
3.0, 19.4, 230.0, 31.0, 1990-09-11 00:00:00, 0.0
9.0, 14.2, 270.0, 49.0, 1990-09-12 00:00:00, 0.0
2.0, 14.4, 180.0, 50.0, 1990-09-13 00:00:00, 0.0
1.0, 19.9, 90.0, 24.0, 1990-09-14 00:00:00, 0.0
2.0, 17.0, 270.0, 48.0, 1990-09-15 00:00:00, 0.0
4.0, 10.7, 320.0, 88.0, 1990-09-16 00:00:00, 0.8
0.0, 9.5, 90.0, 89.0, 1990-09-17 00:00:00, 0.8
6.0, 15.1, 230.0, 54.0, 1990-09-18 00:00:00, 0.0
17.0, 10.7, 270.0, 50.0, 1990-09-19 00:00:00, 0.0
9.0, 13.9, 320.0, 29.0, 1990-09-20 00:00:00, 0.0
9.0, 15.7, 0.0, 57.0, 1990-09-21 00:00:00, 0.0
4.0, 18.8, 140.0, 51.0, 1990-09-22 00:00:00, 0.0
7.0, 19.9, 270.0, 41.0, 1990-09-23 00:00:00, 0.0
4.0, 19.1, 180.0, 39.0, 1990-09-24 00:00:00, 0.0
8.0, 14.7, 270.0, 45.0, 1990-09-25 00:00:00, 0.0
1.0, 12.9, 270.0, 47.0, 1990-09-26 00:00:00, 0.0
2.0, 15.2, 180.0, 37.0, 1990-09-27 00:00:00, 0.0
2.0, 16.8, 230.0, 30.0, 1990-09-28 00:00:00, 0.0
7.0, 10.4, 0.0, 50.0, 1990-09-29 00:00:00, 0.3
8.0, 10.5, 230.0, 54.0, 1990-09-30 00:00:00, 0.0
10.0, 12.0, 230.0, 41.0, 1990-10-01 00:00:00, 0.0
7.0, 7.5, 50.0, 55.0, 1990-10-02 00:00:00, 0.0
0.0, 0.2, 180.0, 96.0, 1990-10-03 00:00:00, 0.8
9.0, 7.5, 230.0, 90.0, 1990-10-04 00:00:00, 3.6
8.0, -1.2, 320.0, 83.0, 1990-10-05 00:00:00, 6.1
1.0, -1.1, 270.0, 69.0, 1990-10-06 00:00:00, 0.0
5.0, 2.3, 180.0, 79.0, 1990-10-07 00:00:00, 0.0
4.0, 4.3, 180.0, 88.0, 1990-10-08 00:00:00, 2.3
3.0, 2.9, 230.0, 93.0, 1990-10-09 00:00:00, 4.1
7.0, -0.1, 270.0, 85.0, 1990-10-10 00:00:00, 3.3
5.0, -0.3, 180.0, 83.0, 1990-10-11 00:00:00, 0.3
8.0, 1.7, 270.0, 88.0, 1990-10-12 00:00:00, 0.3
7.0, 0.8, 270.0, 63.0, 1990-10-13 00:00:00, 4.3
2.0, -0.6, 180.0, 60.0, 1990-10-14 00:00:00, 0.8
0.0, -0.6, 90.0, 93.0, 1990-10-15 00:00:00, 0.8
1.0, -1.8, 270.0, 89.0, 1990-10-16 00:00:00, 0.3
3.0, -3.6, 90.0, 95.0, 1990-10-17 00:00:00, 0.3
1.0, 1.8, 270.0, 88.0, 1990-10-18 00:00:00, 0.3
2.0, 3.0, 0.0, 64.0, 1990-10-19 00:00:00, 1.0
5.0, 3.8, 180.0, 55.0, 1990-10-20 00:00:00, 0.0
0.0, 0.2, 320.0, 92.0, 1990-10-21 00:00:00, 0.3
2.0, 1.0, 270.0, 74.0, 1990-10-22 00:00:00, 2.0
2.0, 0.8, 90.0, 89.0, 1990-10-23 00:00:00, 1.5
1.0, 1.0, 50.0, 90.0, 1990-10-24 00:00:00, 3.0
5.0, 6.0, 140.0, 79.0, 1990-10-25 00:00:00, 4.1
5.0, 3.7, 180.0, 63.0, 1990-10-26 00:00:00, 0.0
5.0, 3.7, 180.0, 63.0, 1990-10-27 00:00:00, 0.0
4.0, 0.7, 180.0, 86.0, 1990-10-28 00:00:00, 1.5
2.0, -0.6, 90.0, 82.0, 1990-10-29 00:00:00, 0.0
2.0, 0.7, 230.0, 85.0, 1990-10-30 00:00:00, 1.0
4.0, 0.4, 320.0, 68.0, 1990-10-31 00:00:00, 0.0
6.0, -3.0, 270.0, 56.0, 1990-11-01 00:00:00, 0.0
3.0, -2.1, 180.0, 69.0, 1990-11-02 00:00:00, 0.0
0.0, -4.8, 0.0, 94.0, 1990-11-03 00:00:00, 0.0
0.0, 0.9, 0.0, 91.0, 1990-11-04 00:00:00, 1.5
0.0, 0.9, 0.0, 91.0, 1990-11-05 00:00:00, 1.5
0.0, 0.9, 0.0, 91.0, 1990-11-06 00:00:00, 1.5
0.0, 0.9, 0.0, 91.0, 1990-11-07 00:00:00, 1.5
1.0, -4.3, 320.0, 82.0, 1990-11-08 00:00:00, 0.0
0.0, 0.4, 0.0, 93.0, 1990-11-09 00:00:00, 0.0
3.0, 2.0, 230.0, 96.0, 1990-11-10 00:00:00, 39.6
10.0, 6.5, 180.0, 85.0, 1990-11-11 00:00:00, 11.9
3.0, 8.2, 90.0, 72.0, 1990-11-12 00:00:00, 0.0
8.0, 1.1, 230.0, 88.0, 1990-11-13 00:00:00, 2.3
8.0, -2.4, 180.0, 74.0, 1990-11-14 00:00:00, 0.0
8.0, -2.4, 180.0, 74.0, 1990-11-15 00:00:00, 0.0
2.0, 0.3, 140.0, 89.0, 1990-11-16 00:00:00, 0.0
2.0, -2.3, 320.0, 90.0, 1990-11-17 00:00:00, 0.3
2.0, -2.3, 320.0, 90.0, 1990-11-18 00:00:00, 0.3
2.0, -2.3, 320.0, 90.0, 1990-11-19 00:00:00, 0.3
2.0, -2.3, 320.0, 90.0, 1990-11-20 00:00:00, 0.3
2.0, -2.3, 320.0, 90.0, 1990-11-21 00:00:00, 0.3
0.0, -1.3, 270.0, 90.0, 1990-11-22 00:00:00, 0.0
21.0, 3.8, 230.0, 83.0, 1990-11-23 00:00:00, 9.1
21.0, 3.8, 230.0, 83.0, 1990-11-24 00:00:00, 9.1
21.0, 3.8, 230.0, 83.0, 1990-11-25 00:00:00, 9.1
21.0, 3.8, 230.0, 83.0, 1990-11-26 00:00:00, 9.1
21.0, 3.8, 230.0, 83.0, 1990-11-27 00:00:00, 9.1
21.0, 3.8, 230.0, 83.0, 1990-11-28 00:00:00, 9.1
21.0, 3.8, 230.0, 83.0, 1990-11-29 00:00:00, 9.1
21.0, 3.8, 230.0, 83.0, 1990-11-30 00:00:00, 9.1
21.0, 3.8, 230.0, 83.0, 1990-12-01 00:00:00, 9.1
21.0, 3.8, 230.0, 83.0, 1990-12-02 00:00:00, 9.1
21.0, 3.8, 230.0, 83.0, 1990-12-03 00:00:00, 9.1
21.0, 3.8, 230.0, 83.0, 1990-12-04 00:00:00, 9.1
0.0, -3.2, 230.0, 85.0, 1990-12-05 00:00:00, 0.3
0.0, -1.4, 140.0, 89.0, 1990-12-06 00:00:00, 0.0
0.0, -3.5, 90.0, 90.0, 1990-12-07 00:00:00, 0.0
6.0, 1.7, 180.0, 86.0, 1991-05-05 00:00:00, 5.4
5.0, 4.7, 230.0, 84.0, 1991-05-06 00:00:00, 2.0
9.0, 2.9, 140.0, 87.0, 1991-05-07 00:00:00, 8.4
0.0, 0.6, 270.0, 84.0, 1991-05-08 00:00:00, 10.7
8.0, 0.0, 270.0, 85.0, 1991-05-09 00:00:00, 1.5
1.0, 7.5, 140.0, 82.0, 1991-05-10 00:00:00, 9.4
2.0, 13.8, 140.0, 46.0, 1991-05-11 00:00:00, 0.0
1.0, 8.8, 270.0, 72.0, 1991-05-12 00:00:00, 0.0
14.0, 7.8, 320.0, 64.0, 1991-05-13 00:00:00, 1.8
8.0, 8.5, 270.0, 46.0, 1991-05-14 00:00:00, 1.0
6.0, 7.6, 140.0, 58.0, 1991-05-15 00:00:00, 0.0
5.0, 9.3, 140.0, 59.0, 1991-05-16 00:00:00, 0.0
6.0, 13.1, 0.0, 64.0, 1991-05-17 00:00:00, 1.5
6.0, 15.9, 320.0, 57.0, 1991-05-18 00:00:00, 0.0
9.0, 17.6, 0.0, 54.0, 1991-05-19 00:00:00, 0.0
8.0, 14.1, 180.0, 69.0, 1991-05-20 00:00:00, 0.0
9.0, 11.0, 270.0, 42.0, 1991-05-21 00:00:00, 0.0
5.0, 6.4, 230.0, 49.0, 1991-05-22 00:00:00, 0.0
1.0, 6.4, 140.0, 61.0, 1991-05-23 00:00:00, 1.3
0.0, 1.7, 0.0, 99.0, 1991-05-24 00:00:00, 8.1
1.0, 3.1, 270.0, 95.0, 1991-05-25 00:00:00, 3.8
1.0, 6.6, 270.0, 85.0, 1991-05-26 00:00:00, 2.3
1.0, 8.7, 180.0, 75.0, 1991-05-27 00:00:00, 0.0
0.0, 8.9, 0.0, 74.0, 1991-05-28 00:00:00, 0.3
8.0, 10.8, 230.0, 61.0, 1991-05-29 00:00:00, 1.3
4.0, 8.5, 180.0, 88.0, 1991-05-30 00:00:00, 14.2
4.0, 8.6, 180.0, 72.0, 1991-05-31 00:00:00, 7.4
0.0, 9.8, 0.0, 64.0, 1991-06-01 00:00:00, 0.0
11.0, 11.5, 230.0, 42.0, 1991-06-02 00:00:00, 0.0
7.0, 3.3, 270.0, 67.0, 1991-06-03 00:00:00, 0.3
4.0, 3.4, 230.0, 72.0, 1991-06-04 00:00:00, 0.5
6.0, 13.5, 50.0, 42.0, 1991-06-05 00:00:00, 0.0
4.0, 13.5, 230.0, 46.0, 1991-06-06 00:00:00, 0.0
1.0, 12.0, 230.0, 72.0, 1991-06-07 00:00:00, 0.0
3.0, 15.3, 230.0, 50.0, 1991-06-08 00:00:00, 3.8
5.0, 13.6, 180.0, 68.0, 1991-06-09 00:00:00, 0.8
14.0, 14.4, 180.0, 71.0, 1991-06-10 00:00:00, 0.0
16.0, 9.5, 270.0, 57.0, 1991-06-11 00:00:00, 0.0
4.0, 5.9, 270.0, 68.0, 1991-06-12 00:00:00, 4.8
8.0, 6.8, 270.0, 73.0, 1991-06-13 00:00:00, 3.3
6.0, 6.5, 230.0, 76.0, 1991-06-14 00:00:00, 1.5
8.0, 5.2, 180.0, 88.0, 1991-06-15 00:00:00, 0.3
4.0, 2.9, 230.0, 99.0, 1991-06-16 00:00:00, 6.4
2.0, 6.0, 270.0, 94.0, 1991-06-17 00:00:00, 0.5
2.0, 9.0, 320.0, 88.0, 1991-06-18 00:00:00, 7.6
3.0, 15.8, 50.0, 47.0, 1991-06-19 00:00:00, 1.0
5.0, 11.1, 140.0, 83.0, 1991-06-20 00:00:00, 0.8
2.0, 9.0, 140.0, 94.0, 1991-06-21 00:00:00, 2.3
3.0, 9.7, 90.0, 82.0, 1991-06-22 00:00:00, 1.5
3.0, 10.3, 230.0, 80.0, 1991-06-23 00:00:00, 0.8
0.0, 11.6, 0.0, 89.0, 1991-06-24 00:00:00, 7.9
3.0, 11.5, 270.0, 89.0, 1991-06-25 00:00:00, 17.3
0.0, 9.1, 0.0, 96.0, 1991-06-26 00:00:00, 1.5
7.0, 16.0, 140.0, 57.0, 1991-06-27 00:00:00, 4.3
0.0, 15.7, 0.0, 73.0, 1991-06-28 00:00:00, 0.0
1.0, 15.0, 230.0, 63.0, 1991-06-29 00:00:00, 0.3
6.0, 8.7, 270.0, 95.0, 1991-06-30 00:00:00, 4.3
7.0, 15.4, 140.0, 69.0, 1991-07-01 00:00:00, 0.0
5.0, 20.8, 230.0, 46.0, 1991-07-02 00:00:00, 0.0
8.0, 21.2, 270.0, 38.0, 1991-07-03 00:00:00, 0.0
10.0, 17.8, 270.0, 47.0, 1991-07-04 00:00:00, 0.0
16.0, 10.3, 230.0, 69.0, 1991-07-05 00:00:00, 0.0
2.0, 7.7, 270.0, 85.0, 1991-07-06 00:00:00, 2.3
4.0, 15.4, 180.0, 57.0, 1991-07-07 00:00:00, 0.0
4.0, 17.1, 180.0, 53.0, 1991-07-08 00:00:00, 0.0
1.0, 18.5, 0.0, 49.0, 1991-07-09 00:00:00, 0.0
1.0, 18.2, 180.0, 56.0, 1991-07-10 00:00:00, 0.0
9.0, 17.2, 180.0, 42.0, 1991-07-11 00:00:00, 0.0
7.0, 16.1, 230.0, 81.0, 1991-07-12 00:00:00, 4.8
4.0, 14.6, 230.0, 83.0, 1991-07-13 00:00:00, 1.3
4.0, 11.8, 140.0, 72.0, 1991-07-14 00:00:00, 0.3
6.0, 8.0, 230.0, 96.0, 1991-07-15 00:00:00, 4.3
7.0, 11.9, 180.0, 84.0, 1991-07-16 00:00:00, 1.5
2.0, 10.7, 270.0, 82.0, 1991-07-17 00:00:00, 6.9
1.0, 11.0, 270.0, 72.0, 1991-07-18 00:00:00, 2.3
2.0, 12.0, 270.0, 71.0, 1991-07-19 00:00:00, 0.5
7.0, 11.5, 180.0, 76.0, 1991-07-20 00:00:00, 0.0
0.0, 12.5, 270.0, 77.0, 1991-07-21 00:00:00, 2.8
0.0, 16.0, 0.0, 55.0, 1991-07-22 00:00:00, 0.0
0.0, 19.0, 0.0, 45.0, 1991-07-23 00:00:00, 0.0
1.0, 24.1, 180.0, 39.0, 1991-07-24 00:00:00, 0.5
0.0, 12.1, 270.0, 92.0, 1991-07-25 00:00:00, 5.6
6.0, 12.3, 180.0, 80.0, 1991-07-26 00:00:00, 3.6
9.0, 12.6, 230.0, 75.0, 1991-07-27 00:00:00, 0.8
4.0, 14.6, 270.0, 58.0, 1991-07-28 00:00:00, 0.0
10.0, 15.4, 270.0, 44.0, 1991-07-29 00:00:00, 0.0
2.0, 15.1, 230.0, 48.0, 1991-07-30 00:00:00, 0.0
5.0, 17.5, 230.0, 42.0, 1991-07-31 00:00:00, 0.0
9.0, 18.3, 320.0, 40.0, 1991-08-01 00:00:00, 0.0
7.0, 19.9, 180.0, 44.0, 1991-08-02 00:00:00, 0.0
5.0, 21.3, 180.0, 37.0, 1991-08-03 00:00:00, 0.0
13.0, 22.7, 180.0, 37.0, 1991-08-04 00:00:00, 0.0
3.0, 19.8, 180.0, 57.0, 1991-08-05 00:00:00, 0.0
0.0, 18.5, 90.0, 59.0, 1991-08-06 00:00:00, 0.0
4.0, 18.1, 140.0, 72.0, 1991-08-07 00:00:00, 1.0
8.0, 20.3, 180.0, 62.0, 1991-08-08 00:00:00, 0.0
4.0, 19.7, 270.0, 63.0, 1991-08-09 00:00:00, 0.0
4.0, 13.3, 230.0, 88.0, 1991-08-10 00:00:00, 13.7
0.0, 11.0, 230.0, 88.0, 1991-08-11 00:00:00, 3.6
4.0, 9.6, 90.0, 93.0, 1991-08-12 00:00:00, 0.0
0.0, 10.0, 140.0, 92.0, 1991-08-13 00:00:00, 3.0
1.0, 10.6, 270.0, 91.0, 1991-08-14 00:00:00, 6.1
0.0, 19.6, 140.0, 73.0, 1991-08-15 00:00:00, 0.0
0.0, 22.3, 270.0, 63.0, 1991-08-16 00:00:00, 0.0
4.0, 24.4, 140.0, 57.0, 1991-08-17 00:00:00, 0.0
4.0, 23.4, 270.0, 46.0, 1991-08-18 00:00:00, 0.0
4.0, 21.5, 270.0, 46.0, 1991-08-19 00:00:00, 0.5
9.0, 20.3, 270.0, 52.0, 1991-08-20 00:00:00, 0.0
8.0, 19.1, 180.0, 53.0, 1991-08-21 00:00:00, 4.3
7.0, 19.5, 180.0, 47.0, 1991-08-22 00:00:00, 0.0
8.0, 17.0, 270.0, 55.0, 1991-08-23 00:00:00, 0.0
2.0, 12.4, 270.0, 68.0, 1991-08-24 00:00:00, 0.0
5.0, 13.1, 320.0, 55.0, 1991-08-25 00:00:00, 0.0
3.0, 4.5, 180.0, 94.0, 1991-08-26 00:00:00, 7.4
1.0, 7.6, 140.0, 95.0, 1991-08-27 00:00:00, 31.5
9.0, 9.4, 230.0, 79.0, 1991-08-28 00:00:00, 5.1
8.0, 7.3, 140.0, 91.0, 1991-08-29 00:00:00, 7.1
7.0, 16.3, 140.0, 60.0, 1991-08-30 00:00:00, 0.0
9.0, 10.2, 270.0, 81.0, 1991-08-31 00:00:00, 0.3
5.0, 6.8, 270.0, 91.0, 1991-09-01 00:00:00, 20.6
0.0, 7.4, 90.0, 84.0, 1991-09-02 00:00:00, 0.5
3.0, 14.0, 180.0, 63.0, 1991-09-03 00:00:00, 0.0
1.0, 17.5, 180.0, 58.0, 1991-09-04 00:00:00, 0.0
6.0, 18.7, 230.0, 53.0, 1991-09-05 00:00:00, 0.0
8.0, 17.3, 230.0, 56.0, 1991-09-06 00:00:00, 0.0
8.0, 11.5, 320.0, 69.0, 1991-09-07 00:00:00, 0.0
6.0, 7.9, 0.0, 75.0, 1991-09-08 00:00:00, 5.1
0.0, 13.1, 140.0, 62.0, 1991-09-09 00:00:00, 0.0
9.0, 15.0, 320.0, 50.0, 1991-09-10 00:00:00, 0.0
2.0, 16.5, 180.0, 58.0, 1991-09-11 00:00:00, 0.0
9.0, 15.9, 230.0, 46.0, 1991-09-12 00:00:00, 0.0
13.0, 6.2, 320.0, 74.0, 1991-09-13 00:00:00, 0.3
5.0, 10.0, 140.0, 72.0, 1991-09-14 00:00:00, 0.0
1.0, 13.3, 180.0, 65.0, 1991-09-15 00:00:00, 0.0
9.0, 13.0, 270.0, 60.0, 1991-09-16 00:00:00, 0.0
5.0, 14.0, 180.0, 59.0, 1991-09-17 00:00:00, 0.0
7.0, 16.0, 180.0, 51.0, 1991-09-18 00:00:00, 0.0
7.0, 17.7, 230.0, 52.0, 1991-09-19 00:00:00, 0.0
15.0, 8.3, 320.0, 43.0, 1991-09-20 00:00:00, 0.0
21.0, 6.0, 320.0, 57.0, 1991-09-21 00:00:00, 0.0
3.0, 6.0, 230.0, 57.0, 1991-09-22 00:00:00, 0.0
5.0, 11.4, 320.0, 73.0, 1991-09-23 00:00:00, 3.6
0.0, 15.9, 230.0, 69.0, 1991-09-24 00:00:00, 0.3
1.0, 18.4, 140.0, 49.0, 1991-09-25 00:00:00, 0.0
4.0, 19.1, 180.0, 51.0, 1991-09-26 00:00:00, 0.0
1.0, 20.7, 180.0, 46.0, 1991-09-27 00:00:00, 0.0
15.0, 13.1, 320.0, 54.0, 1991-09-28 00:00:00, 0.0
6.0, 11.4, 270.0, 36.0, 1991-09-29 00:00:00, 0.0
0.0, 11.4, 270.0, 57.0, 1991-09-30 00:00:00, 0.0
9.0, 10.9, 270.0, 50.0, 1991-10-01 00:00:00, 0.0
12.0, 8.9, 320.0, 38.0, 1991-10-02 00:00:00, 0.0
13.0, 5.4, 320.0, 53.0, 1991-10-03 00:00:00, 0.0
4.0, 7.0, 180.0, 52.0, 1991-10-04 00:00:00, 0.0
4.0, 12.7, 180.0, 37.0, 1991-10-05 00:00:00, 0.0
5.0, 14.8, 230.0, 31.0, 1991-10-06 00:00:00, 0.0
1.0, 7.6, 320.0, 62.0, 1991-10-07 00:00:00, 0.0
5.0, 9.2, 180.0, 51.0, 1991-10-08 00:00:00, 0.0
9.0, 13.1, 230.0, 43.0, 1991-10-09 00:00:00, 0.0
6.0, 17.3, 180.0, 52.0, 1991-10-10 00:00:00, 0.0
10.0, 17.9, 180.0, 29.0, 1991-10-11 00:00:00, 0.0
9.0, 8.2, 320.0, 50.0, 1991-10-12 00:00:00, 4.1
9.0, 9.7, 180.0, 49.0, 1991-10-13 00:00:00, 0.0
1.0, 16.7, 270.0, 50.0, 1991-10-14 00:00:00, 0.0
10.0, 17.4, 270.0, 50.0, 1991-10-15 00:00:00, 0.0
10.0, 17.4, 270.0, 50.0, 1991-10-16 00:00:00, 0.0
2.0, -1.2, 180.0, 73.0, 1991-10-17 00:00:00, 1.0
4.0, -1.8, 180.0, 86.0, 1991-10-18 00:00:00, 0.5
2.0, 4.5, 180.0, 83.0, 1991-10-19 00:00:00, 0.5
2.0, 4.5, 180.0, 83.0, 1991-10-20 00:00:00, 0.5
6.0, -1.8, 270.0, 92.0, 1991-10-21 00:00:00, 0.8
6.0, -1.8, 270.0, 92.0, 1991-10-22 00:00:00, 0.8
1.0, -4.0, 230.0, 85.0, 1991-10-23 00:00:00, 0.0
1.0, -1.9, 140.0, 82.0, 1991-10-24 00:00:00, 0.0
1.0, -1.9, 140.0, 82.0, 1991-10-25 00:00:00, 0.0
1.0, -1.9, 140.0, 82.0, 1991-10-26 00:00:00, 0.0
1.0, -1.9, 140.0, 82.0, 1991-10-27 00:00:00, 0.0
1.0, -9.6, 140.0, 71.0, 1991-10-28 00:00:00, 0.0
8.0, 12.9, 230.0, 55.0, 1992-06-09 00:00:00, 0.0
3.0, 11.3, 180.0, 61.0, 1992-06-10 00:00:00, 0.0
4.0, 20.1, 50.0, 36.0, 1992-06-11 00:00:00, 0.0
10.0, 17.2, 230.0, 62.0, 1992-06-12 00:00:00, 1.5
3.0, 8.0, 180.0, 98.0, 1992-06-13 00:00:00, 12.7
1.0, 10.0, 320.0, 89.0, 1992-06-14 00:00:00, 3.8
0.0, 15.0, 0.0, 75.0, 1992-06-15 00:00:00, 0.0
5.0, 14.4, 270.0, 79.0, 1992-06-16 00:00:00, 4.6
3.0, 13.7, 180.0, 66.0, 1992-06-17 00:00:00, 1.8
6.0, 17.8, 180.0, 37.0, 1992-06-18 00:00:00, 0.0
2.0, 19.0, 270.0, 31.0, 1992-06-19 00:00:00, 0.0
10.0, 16.9, 180.0, 63.0, 1992-06-20 00:00:00, 0.0
0.0, 20.3, 0.0, 50.0, 1992-06-21 00:00:00, 0.0
0.0, 22.2, 0.0, 50.0, 1992-06-22 00:00:00, 0.0
5.0, 22.4, 270.0, 39.0, 1992-06-23 00:00:00, 0.0
2.0, 23.6, 180.0, 34.0, 1992-06-24 00:00:00, 0.0
13.0, 25.4, 180.0, 29.0, 1992-06-25 00:00:00, 0.0
4.0, 23.6, 230.0, 46.0, 1992-06-26 00:00:00, 0.0
6.0, 24.2, 180.0, 41.0, 1992-06-27 00:00:00, 0.0
7.0, 23.0, 180.0, 50.0, 1992-06-28 00:00:00, 0.0
9.0, 11.2, 180.0, 98.0, 1992-06-29 00:00:00, 13.7
2.0, 10.3, 270.0, 95.0, 1992-06-30 00:00:00, 14.5
0.0, 8.9, 0.0, 91.0, 1992-07-01 00:00:00, 1.0
0.0, 10.9, 0.0, 83.0, 1992-07-02 00:00:00, 11.9
1.0, 10.5, 270.0, 90.0, 1992-07-03 00:00:00, 10.2
4.0, 16.2, 140.0, 62.0, 1992-07-04 00:00:00, 0.0
2.0, 8.6, 230.0, 96.0, 1992-07-05 00:00:00, 5.1
6.0, 9.7, 270.0, 95.0, 1992-07-06 00:00:00, 9.4
5.0, 11.6, 230.0, 86.0, 1992-07-07 00:00:00, 9.9
1.0, 13.1, 270.0, 72.0, 1992-07-08 00:00:00, 2.3
5.0, 13.7, 270.0, 70.0, 1992-07-09 00:00:00, 0.0
0.0, 11.1, 0.0, 91.0, 1992-07-10 00:00:00, 3.6
6.0, 14.6, 180.0, 78.0, 1992-07-11 00:00:00, 1.0
6.0, 15.1, 230.0, 73.0, 1992-07-12 00:00:00, 0.0
4.0, 14.2, 230.0, 65.0, 1992-07-13 00:00:00, 0.0
3.0, 10.3, 230.0, 71.0, 1992-07-14 00:00:00, 6.9
5.0, 13.3, 0.0, 56.0, 1992-07-15 00:00:00, 0.0
9.0, 18.7, 180.0, 51.0, 1992-07-16 00:00:00, 0.0
2.0, 19.7, 140.0, 62.0, 1992-07-17 00:00:00, 0.3
10.0, 19.9, 320.0, 37.0, 1992-07-18 00:00:00, 0.0
4.0, 20.4, 270.0, 47.0, 1992-07-19 00:00:00, 0.0
2.0, 19.1, 180.0, 54.0, 1992-07-20 00:00:00, 0.0
8.0, 17.7, 180.0, 68.0, 1992-07-21 00:00:00, 0.0
9.0, 13.6, 270.0, 86.0, 1992-07-22 00:00:00, 0.5
2.0, 14.8, 180.0, 82.0, 1992-07-23 00:00:00, 0.0
1.0, 13.2, 140.0, 89.0, 1992-07-24 00:00:00, 11.9
6.0, 18.1, 180.0, 70.0, 1992-07-25 00:00:00, 0.0
7.0, 16.5, 270.0, 51.0, 1992-07-26 00:00:00, 0.0
0.0, 14.6, 180.0, 67.0, 1992-07-27 00:00:00, 0.0
0.0, 15.9, 320.0, 65.0, 1992-07-28 00:00:00, 0.0
1.0, 17.2, 140.0, 70.0, 1992-07-29 00:00:00, 0.0
0.0, 21.4, 320.0, 54.0, 1992-07-30 00:00:00, 0.0
10.0, 24.5, 230.0, 28.0, 1992-07-31 00:00:00, 0.0
4.0, 23.5, 230.0, 41.0, 1992-08-01 00:00:00, 0.0
7.0, 21.2, 230.0, 45.0, 1992-08-02 00:00:00, 0.0
2.0, 20.6, 140.0, 47.0, 1992-08-03 00:00:00, 0.0
10.0, 19.0, 180.0, 53.0, 1992-08-04 00:00:00, 0.0
0.0, 16.2, 230.0, 72.0, 1992-08-05 00:00:00, 0.0
3.0, 9.1, 230.0, 96.0, 1992-08-06 00:00:00, 5.0
9.0, 10.9, 230.0, 78.0, 1992-08-07 00:00:00, 6.9
11.0, 8.9, 230.0, 67.0, 1992-08-08 00:00:00, 4.8
1.0, 10.1, 180.0, 70.0, 1992-08-09 00:00:00, 0.0
6.0, 15.6, 140.0, 58.0, 1992-08-10 00:00:00, 0.0
7.0, 20.9, 180.0, 46.0, 1992-08-11 00:00:00, 0.0
2.0, 24.2, 140.0, 36.0, 1992-08-12 00:00:00, 0.0
16.0, 22.5, 180.0, 42.0, 1992-08-13 00:00:00, 0.0
3.0, 23.5, 270.0, 33.0, 1992-08-14 00:00:00, 0.8
6.0, 21.5, 0.0, 40.0, 1992-08-15 00:00:00, 0.0
4.0, 21.3, 50.0, 31.0, 1992-08-16 00:00:00, 0.0
5.0, 23.4, 180.0, 30.0, 1992-08-17 00:00:00, 0.0
9.0, 24.1, 230.0, 16.0, 1992-08-18 00:00:00, 0.0
14.0, 16.9, 320.0, 42.0, 1992-08-19 00:00:00, 0.0
1.0, 16.1, 180.0, 41.0, 1992-08-20 00:00:00, 0.0
11.0, 14.6, 320.0, 39.0, 1992-08-21 00:00:00, 0.0
7.0, 7.0, 0.0, 53.0, 1992-08-22 00:00:00, 0.0
1.0, 9.0, 180.0, 41.0, 1992-08-23 00:00:00, 0.0
5.0, 10.8, 180.0, 56.0, 1992-08-24 00:00:00, 0.0
3.0, 16.0, 180.0, 49.0, 1992-08-25 00:00:00, 0.0
0.0, 14.2, 180.0, 66.0, 1992-08-26 00:00:00, 0.0
5.0, 15.5, 270.0, 42.0, 1992-08-27 00:00:00, 0.0
15.0, 9.1, 320.0, 49.0, 1992-08-28 00:00:00, 5.6
5.0, 12.2, 140.0, 45.0, 1992-08-29 00:00:00, 0.0
4.0, 15.5, 230.0, 45.0, 1992-08-30 00:00:00, 0.0
4.0, 15.1, 230.0, 68.0, 1992-08-31 00:00:00, 0.8
2.0, 14.5, 270.0, 67.0, 1992-09-01 00:00:00, 0.0
6.0, 15.2, 180.0, 45.0, 1992-09-02 00:00:00, 10.9
7.0, 12.8, 180.0, 68.0, 1992-09-03 00:00:00, 0.0
4.0, 4.9, 270.0, 96.0, 1992-09-04 00:00:00, 3.6
3.0, 4.9, 230.0, 71.0, 1992-09-05 00:00:00, 4.1
8.0, 1.3, 320.0, 86.0, 1992-09-06 00:00:00, 1.5
9.0, 3.0, 230.0, 84.0, 1992-09-07 00:00:00, 0.3
14.0, 4.7, 320.0, 70.0, 1992-09-08 00:00:00, 11.4
8.0, 8.7, 180.0, 76.0, 1992-09-09 00:00:00, 0.0
9.0, 15.2, 230.0, 54.0, 1992-09-10 00:00:00, 0.0
9.0, 12.1, 230.0, 71.0, 1992-09-11 00:00:00, 0.0
1.0, 6.4, 230.0, 62.0, 1992-09-12 00:00:00, 0.0
1.0, 1.3, 270.0, 83.0, 1992-09-13 00:00:00, 3.3
0.0, -0.2, 180.0, 88.0, 1992-09-14 00:00:00, 3.6
0.0, 0.4, 230.0, 67.0, 1992-09-15 00:00:00, 2.0
3.0, 2.7, 230.0, 66.0, 1992-09-16 00:00:00, 1.0
5.0, 4.3, 180.0, 76.0, 1992-09-17 00:00:00, 1.3
0.0, 7.5, 180.0, 46.0, 1992-09-18 00:00:00, 0.0
8.0, 10.2, 230.0, 73.0, 1992-09-19 00:00:00, 0.0
8.0, 14.5, 270.0, 65.0, 1992-09-20 00:00:00, 0.8
7.0, 13.7, 230.0, 69.0, 1992-09-21 00:00:00, 0.3
3.0, 16.5, 180.0, 49.0, 1992-09-22 00:00:00, 0.0
3.0, 9.9, 230.0, 80.0, 1992-09-23 00:00:00, 0.5
7.0, 7.4, 270.0, 89.0, 1992-09-24 00:00:00, 8.1
10.0, 1.2, 320.0, 93.0, 1992-09-25 00:00:00, 17.5
1.0, 1.4, 90.0, 94.0, 1992-09-26 00:00:00, 1.8
3.0, 5.7, 140.0, 70.0, 1992-09-27 00:00:00, 5.1
2.0, 5.9, 90.0, 68.0, 1992-09-28 00:00:00, 0.0
3.0, 15.6, 140.0, 42.0, 1992-09-29 00:00:00, 0.0
4.0, 20.7, 180.0, 30.0, 1992-09-30 00:00:00, 0.0
2.0, 19.6, 90.0, 36.0, 1992-10-01 00:00:00, 0.0
2.0, 21.7, 90.0, 31.0, 1992-10-02 00:00:00, 0.0
5.0, 11.4, 230.0, 84.0, 1992-10-03 00:00:00, 0.0
4.0, 6.8, 320.0, 44.0, 1992-10-04 00:00:00, 0.0
8.0, 6.6, 320.0, 30.0, 1992-10-05 00:00:00, 0.0
5.0, 4.1, 270.0, 44.0, 1992-10-06 00:00:00, 0.0
0.0, 4.0, 0.0, 49.0, 1992-10-07 00:00:00, 0.0
11.0, 5.2, 320.0, 54.0, 1992-10-08 00:00:00, 0.0
4.0, 3.9, 230.0, 77.0, 1992-10-09 00:00:00, 0.0
18.0, 9.6, 230.0, 79.0, 1992-10-10 00:00:00, 0.0
1.0, 7.0, 270.0, 56.0, 1992-10-11 00:00:00, 0.0
3.0, 4.2, 270.0, 93.0, 1992-10-12 00:00:00, 8.9
7.0, -1.4, 320.0, 68.0, 1992-10-13 00:00:00, 2.0
4.0, -5.4, 320.0, 91.0, 1992-10-14 00:00:00, 0.0
2.0, -4.4, 230.0, 76.0, 1992-10-15 00:00:00, 0.3
1.0, -1.6, 180.0, 71.0, 1992-10-16 00:00:00, 0.5
0.0, 0.0, 90.0, 92.0, 1992-10-17 00:00:00, 0.0
1.0, 0.8, 90.0, 91.0, 1992-10-18 00:00:00, 2.8
0.0, 1.7, 140.0, 91.0, 1992-10-19 00:00:00, 4.8
