station_observations
wind_speed, temperature, wind_direction, relative_humidity, time, precipitation
15.0, 18.0, 230.0, 39.0, 1980-05-01 00:00:00, 0.0
7.0, 11.0, 230.0, 39.0, 1980-05-02 00:00:00, 0.0
8.0, 12.0, 40.0, 45.0, 1980-05-03 00:00:00, 0.0
10.0, 18.5, 40.0, 37.0, 1980-05-04 00:00:00, 0.0
5.0, 11.0, 320.0, 89.0, 1980-05-05 00:00:00, 6.9
12.0, 10.0, 230.0, 67.0, 1980-05-06 00:00:00, 0.8
12.0, 12.0, 230.0, 64.0, 1980-05-07 00:00:00, 0.0
10.0, 8.0, 230.0, 88.0, 1980-05-08 00:00:00, 1.0
10.0, 7.0, 320.0, 87.0, 1980-05-09 00:00:00, 5.1
10.0, 16.5, 40.0, 48.0, 1980-05-10 00:00:00, 0.0
5.0, 20.5, 230.0, 43.0, 1980-05-11 00:00:00, 0.0
10.0, 6.0, 320.0, 99.0, 1980-05-12 00:00:00, 0.0
8.0, 10.5, 140.0, 62.0, 1980-05-13 00:00:00, 0.0
15.0, 10.0, 270.0, 61.0, 1980-05-14 00:00:00, 3.8
2.0, 8.0, 320.0, 76.0, 1980-05-15 00:00:00, 2.5
0.0, 10.0, 0.0, 89.0, 1980-05-16 00:00:00, 3.8
10.0, 15.0, 0.0, 63.0, 1980-05-17 00:00:00, 0.0
10.0, 13.5, 270.0, 56.0, 1980-05-18 00:00:00, 0.0
25.0, 6.0, 230.0, 99.0, 1980-05-19 00:00:00, 3.1
20.0, 9.0, 230.0, 99.0, 1980-05-20 00:00:00, 17.2
22.0, 10.0, 230.0, 56.0, 1980-05-21 00:00:00, 0.5
20.0, 4.5, 230.0, 86.0, 1980-05-22 00:00:00, 0.3
5.0, 9.0, 0.0, 49.0, 1980-05-23 00:00:00, 0.5
2.0, 12.0, 90.0, 69.0, 1980-05-24 00:00:00, 7.1
0.0, 9.0, 0.0, 94.0, 1980-05-25 00:00:00, 3.3
16.0, 7.0, 140.0, 94.0, 1980-05-26 00:00:00, 0.5
0.0, 7.5, 0.0, 99.0, 1980-05-27 00:00:00, 12.2
0.0, 10.0, 0.0, 77.0, 1980-05-28 00:00:00, 3.6
10.0, 12.5, 40.0, 74.0, 1980-05-29 00:00:00, 0.5
5.0, 16.0, 40.0, 59.0, 1980-05-30 00:00:00, 0.0
10.0, 13.0, 230.0, 65.0, 1980-05-31 00:00:00, 0.0
5.0, 9.0, 230.0, 65.0, 1980-06-01 00:00:00, 3.1
15.0, 6.0, 140.0, 99.0, 1980-06-02 00:00:00, 3.8
7.0, 7.0, 140.0, 99.0, 1980-06-03 00:00:00, 10.2
8.0, 6.0, 140.0, 99.0, 1980-06-04 00:00:00, 7.6
7.0, 9.0, 140.0, 88.0, 1980-06-05 00:00:00, 2.5
9.0, 9.0, 140.0, 88.0, 1980-06-06 00:00:00, 1.3
15.0, 11.5, 40.0, 99.0, 1980-06-07 00:00:00, 1.3
5.0, 9.5, 90.0, 99.0, 1980-06-08 00:00:00, 16.0
16.0, 11.0, 140.0, 78.0, 1980-06-09 00:00:00, 8.4
5.0, 11.5, 270.0, 84.0, 1980-06-10 00:00:00, 3.6
0.0, 10.5, 0.0, 89.0, 1980-06-11 00:00:00, 17.6
15.0, 13.0, 140.0, 70.0, 1980-06-12 00:00:00, 0.0
2.0, 17.0, 140.0, 69.0, 1980-06-13 00:00:00, 0.2
5.0, 14.0, 40.0, 80.0, 1980-06-14 00:00:00, 0.0
12.0, 15.5, 40.0, 81.0, 1980-06-15 00:00:00, 0.0
12.0, 14.0, 270.0, 80.0, 1980-06-16 00:00:00, 0.0
3.0, 14.0, 320.0, 71.0, 1980-06-17 00:00:00, 0.0
2.0, 13.5, 0.0, 75.0, 1980-06-18 00:00:00, 0.0
12.0, 18.0, 40.0, 50.0, 1980-06-19 00:00:00, 0.0
9.0, 17.0, 270.0, 45.0, 1980-06-20 00:00:00, 0.0
4.0, 17.0, 270.0, 53.0, 1980-06-21 00:00:00, 0.0
9.0, 11.5, 270.0, 73.0, 1980-06-22 00:00:00, 0.5
7.0, 10.0, 140.0, 89.0, 1980-06-23 00:00:00, 0.3
12.0, 13.5, 90.0, 61.0, 1980-06-24 00:00:00, 0.5
3.0, 9.0, 140.0, 99.0, 1980-06-25 00:00:00, 15.2
10.0, 8.0, 230.0, 94.0, 1980-06-26 00:00:00, 8.1
10.0, 10.0, 230.0, 99.0, 1980-06-27 00:00:00, 2.5
0.0, 10.0, 0.0, 77.0, 1980-06-28 00:00:00, 0.8
0.0, 12.0, 0.0, 69.0, 1980-06-29 00:00:00, 0.3
10.0, 17.0, 320.0, 53.0, 1980-06-30 00:00:00, 0.0
10.0, 9.0, 40.0, 51.0, 1980-07-01 00:00:00, 0.0
7.0, 15.0, 230.0, 63.0, 1980-07-02 00:00:00, 0.0
5.0, 9.5, 140.0, 99.0, 1980-07-03 00:00:00, 11.6
6.0, 8.0, 230.0, 94.0, 1980-07-04 00:00:00, 17.8
12.0, 11.0, 270.0, 78.0, 1980-07-05 00:00:00, 1.8
8.0, 12.5, 40.0, 84.0, 1980-07-06 00:00:00, 3.1
4.0, 19.0, 0.0, 55.0, 1980-07-07 00:00:00, 0.5
10.0, 19.0, 0.0, 66.0, 1980-07-08 00:00:00, 0.0
13.0, 18.0, 230.0, 50.0, 1980-07-09 00:00:00, 0.0
10.0, 9.0, 230.0, 99.0, 1980-07-10 00:00:00, 0.5
4.0, 11.5, 140.0, 99.0, 1980-07-11 00:00:00, 12.6
2.0, 18.0, 140.0, 66.0, 1980-07-12 00:00:00, 2.5
5.0, 13.0, 140.0, 84.0, 1980-07-13 00:00:00, 0.0
13.0, 14.5, 270.0, 76.0, 1980-07-14 00:00:00, 3.0
20.0, 12.5, 230.0, 95.0, 1980-07-15 00:00:00, 1.3
0.0, 15.0, 0.0, 81.0, 1980-07-16 00:00:00, 2.5
0.0, 16.0, 0.0, 72.0, 1980-07-17 00:00:00, 0.0
4.0, 17.5, 40.0, 65.0, 1980-07-18 00:00:00, 0.0
0.0, 13.0, 0.0, 90.0, 1980-07-19 00:00:00, 7.6
10.0, 19.0, 0.0, 79.0, 1980-07-20 00:00:00, 1.3
7.0, 24.0, 0.0, 51.0, 1980-07-21 00:00:00, 0.0
10.0, 18.0, 230.0, 74.0, 1980-07-22 00:00:00, 0.0
15.0, 16.0, 230.0, 64.0, 1980-07-23 00:00:00, 0.0
5.0, 20.0, 180.0, 60.0, 1980-07-24 00:00:00, 0.0
10.0, 23.0, 0.0, 49.0, 1980-07-25 00:00:00, 0.0
6.0, 24.0, 180.0, 45.0, 1980-07-26 00:00:00, 0.0
8.0, 23.5, 90.0, 47.0, 1980-07-27 00:00:00, 0.0
10.0, 23.0, 230.0, 26.0, 1980-07-28 00:00:00, 0.0
15.0, 18.0, 40.0, 55.0, 1980-07-29 00:00:00, 0.0
10.0, 20.5, 320.0, 50.0, 1980-07-30 00:00:00, 0.0
9.0, 23.0, 0.0, 32.0, 1980-07-31 00:00:00, 0.0
10.0, 14.0, 230.0, 90.0, 1980-08-01 00:00:00, 0.0
5.0, 12.0, 230.0, 74.0, 1980-08-02 00:00:00, 0.8
10.0, 16.0, 40.0, 62.0, 1980-08-03 00:00:00, 0.0
15.0, 20.0, 40.0, 44.0, 1980-08-04 00:00:00, 0.0
0.0, 16.0, 0.0, 72.0, 1980-08-05 00:00:00, 0.0
8.0, 17.0, 40.0, 69.0, 1980-08-06 00:00:00, 0.0
13.0, 19.0, 40.0, 44.0, 1980-08-07 00:00:00, 2.3
0.0, 24.0, 0.0, 39.0, 1980-08-08 00:00:00, 0.0
10.0, 25.0, 40.0, 40.0, 1980-08-09 00:00:00, 0.0
20.0, 27.0, 40.0, 40.0, 1980-08-10 00:00:00, 0.0
12.0, 25.0, 40.0, 36.0, 1980-08-11 00:00:00, 0.0
12.0, 22.0, 40.0, 55.0, 1980-08-12 00:00:00, 0.0
10.0, 18.0, 90.0, 70.0, 1980-08-13 00:00:00, 0.0
12.0, 15.0, 40.0, 81.0, 1980-08-14 00:00:00, 0.0
10.0, 16.0, 40.0, 81.0, 1980-08-15 00:00:00, 0.0
10.0, 16.0, 40.0, 81.0, 1980-08-16 00:00:00, 0.0
25.0, 11.0, 230.0, 99.0, 1980-08-17 00:00:00, 2.0
5.0, 19.0, 140.0, 59.0, 1980-08-18 00:00:00, 1.3
10.0, 16.0, 40.0, 81.0, 1980-08-19 00:00:00, 0.0
12.0, 15.0, 40.0, 67.0, 1980-08-20 00:00:00, 0.0
8.0, 17.0, 90.0, 57.0, 1980-08-21 00:00:00, 0.0
10.0, 17.5, 270.0, 53.0, 1980-08-22 00:00:00, 0.0
2.0, 12.5, 40.0, 99.0, 1980-08-23 00:00:00, 1.0
12.0, 17.0, 40.0, 49.0, 1980-08-24 00:00:00, 0.0
10.0, 19.0, 270.0, 41.0, 1980-08-25 00:00:00, 0.0
10.0, 11.0, 140.0, 99.0, 1980-08-26 00:00:00, 6.1
12.0, 9.5, 230.0, 94.0, 1980-08-27 00:00:00, 0.1
0.0, 10.5, 0.0, 72.0, 1980-08-28 00:00:00, 0.0
10.0, 14.0, 140.0, 62.0, 1980-08-29 00:00:00, 0.0
0.0, 10.0, 0.0, 99.0, 1980-08-30 00:00:00, 0.3
8.0, 13.0, 140.0, 79.0, 1980-08-31 00:00:00, 0.2
0.0, 11.0, 0.0, 99.0, 1980-09-01 00:00:00, 0.6
12.0, 10.0, 230.0, 83.0, 1980-09-02 00:00:00, 5.6
5.0, 11.5, 230.0, 68.0, 1980-09-03 00:00:00, 1.8
5.0, 12.0, 230.0, 99.0, 1980-09-04 00:00:00, 2.5
9.0, 18.0, 230.0, 58.0, 1980-09-05 00:00:00, 1.3
5.0, 14.0, 140.0, 80.0, 1980-09-06 00:00:00, 10.2
8.0, 15.0, 140.0, 71.0, 1980-09-07 00:00:00, 10.2
20.0, 16.5, 0.0, 44.0, 1980-09-08 00:00:00, 0.5
7.0, 22.0, 140.0, 34.0, 1980-09-09 00:00:00, 0.0
7.0, 23.5, 320.0, 34.0, 1980-09-10 00:00:00, 0.0
12.0, 15.0, 320.0, 64.0, 1980-09-11 00:00:00, 0.0
4.0, 14.5, 0.0, 72.0, 1980-09-12 00:00:00, 0.0
30.0, 16.5, 40.0, 46.0, 1980-09-13 00:00:00, 0.3
5.0, 22.0, 0.0, 34.0, 1980-09-14 00:00:00, 0.0
3.0, 20.0, 40.0, 44.0, 1980-09-15 00:00:00, 0.0
7.0, 22.0, 40.0, 37.0, 1980-09-16 00:00:00, 0.0
6.0, 15.0, 180.0, 68.0, 1980-09-17 00:00:00, 0.0
6.0, 10.5, 0.0, 89.0, 1980-09-18 00:00:00, 0.0
20.0, 9.0, 140.0, 99.0, 1980-09-19 00:00:00, 38.0
7.0, 9.0, 230.0, 88.0, 1980-09-20 00:00:00, 16.8
5.0, 10.5, 270.0, 68.0, 1980-09-21 00:00:00, 0.0
0.0, 10.0, 0.0, 99.0, 1980-09-22 00:00:00, 1.3
2.0, 10.5, 180.0, 89.0, 1980-09-23 00:00:00, 2.5
12.0, 12.0, 0.0, 79.0, 1980-09-24 00:00:00, 0.0
5.0, 15.0, 180.0, 64.0, 1980-09-25 00:00:00, 0.0
7.0, 19.5, 40.0, 46.0, 1980-09-26 00:00:00, 0.0
5.0, 11.0, 270.0, 83.0, 1980-09-27 00:00:00, 0.0
0.0, 11.0, 0.0, 99.0, 1980-09-28 00:00:00, 4.8
15.0, 10.0, 180.0, 99.0, 1980-09-29 00:00:00, 30.4
12.0, 13.0, 230.0, 80.0, 1980-09-30 00:00:00, 10.2
20.0, 4.0, 320.0, 93.0, 1981-05-01 00:00:00, 6.1
20.0, 3.0, 230.0, 99.0, 1981-05-02 00:00:00, 10.2
25.0, 3.0, 230.0, 99.0, 1981-05-03 00:00:00, 15.2
3.0, 4.0, 270.0, 93.0, 1981-05-04 00:00:00, 6.1
3.0, 8.0, 230.0, 54.0, 1981-05-05 00:00:00, 0.0
8.0, 5.5, 270.0, 93.0, 1981-05-06 00:00:00, 4.6
7.0, 6.0, 270.0, 87.0, 1981-05-07 00:00:00, 3.8
10.0, 8.0, 40.0, 76.0, 1981-05-08 00:00:00, 0.0
8.0, 7.0, 230.0, 94.0, 1981-05-09 00:00:00, 3.5
10.0, 8.5, 230.0, 94.0, 1981-05-10 00:00:00, 0.3
15.0, 10.0, 40.0, 58.0, 1981-05-11 00:00:00, 0.8
5.0, 13.0, 40.0, 56.0, 1981-05-12 00:00:00, 0.0
3.0, 10.0, 40.0, 89.0, 1981-05-13 00:00:00, 0.0
13.0, 9.5, 270.0, 78.0, 1981-05-14 00:00:00, 0.0
10.0, 9.0, 40.0, 56.0, 1981-05-15 00:00:00, 0.0
20.0, 12.5, 230.0, 61.0, 1981-05-16 00:00:00, 0.0
15.0, 8.0, 0.0, 94.0, 1981-05-17 00:00:00, 2.5
15.0, 12.0, 0.0, 75.0, 1981-05-18 00:00:00, 3.1
5.0, 11.0, 320.0, 95.0, 1981-05-19 00:00:00, 7.6
10.0, 10.5, 230.0, 94.0, 1981-05-20 00:00:00, 0.8
10.0, 13.0, 230.0, 85.0, 1981-05-21 00:00:00, 0.0
10.0, 13.0, 0.0, 79.0, 1981-05-22 00:00:00, 0.0
10.0, 14.0, 0.0, 71.0, 1981-05-23 00:00:00, 0.0
5.0, 13.0, 180.0, 90.0, 1981-05-24 00:00:00, 9.1
15.0, 11.0, 230.0, 84.0, 1981-05-25 00:00:00, 20.4
5.0, 12.0, 230.0, 70.0, 1981-05-26 00:00:00, 2.5
20.0, 14.0, 40.0, 67.0, 1981-05-27 00:00:00, 0.0
15.0, 18.5, 40.0, 48.0, 1981-05-28 00:00:00, 0.0
5.0, 15.0, 140.0, 86.0, 1981-05-29 00:00:00, 0.0
22.0, 11.0, 270.0, 95.0, 1981-05-30 00:00:00, 7.6
15.0, 13.0, 140.0, 75.0, 1981-05-31 00:00:00, 0.0
10.0, 17.0, 270.0, 43.0, 1981-06-01 00:00:00, 0.0
10.0, 13.0, 270.0, 71.0, 1981-06-02 00:00:00, 0.0
25.0, 9.0, 270.0, 88.0, 1981-06-03 00:00:00, 7.6
0.0, 9.0, 0.0, 99.0, 1981-06-04 00:00:00, 8.1
20.0, 10.0, 230.0, 99.0, 1981-06-05 00:00:00, 25.4
15.0, 8.0, 230.0, 82.0, 1981-06-06 00:00:00, 8.1
0.0, 7.0, 0.0, 99.0, 1981-06-07 00:00:00, 0.8
7.0, 7.0, 40.0, 99.0, 1981-06-08 00:00:00, 2.8
7.0, 9.5, 270.0, 83.0, 1981-06-09 00:00:00, 4.6
18.0, 6.0, 230.0, 99.0, 1981-06-10 00:00:00, 6.4
5.0, 9.5, 90.0, 72.0, 1981-06-11 00:00:00, 1.0
10.0, 9.5, 40.0, 72.0, 1981-06-12 00:00:00, 1.3
6.0, 9.0, 230.0, 83.0, 1981-06-13 00:00:00, 1.8
4.0, 10.0, 180.0, 83.0, 1981-06-14 00:00:00, 0.0
5.0, 10.5, 230.0, 39.0, 1981-06-15 00:00:00, 0.0
22.0, 9.0, 230.0, 77.0, 1981-06-16 00:00:00, 10.2
20.0, 8.0, 230.0, 88.0, 1981-06-17 00:00:00, 0.2
0.0, 8.5, 0.0, 99.0, 1981-06-18 00:00:00, 0.8
22.0, 8.5, 230.0, 94.0, 1981-06-19 00:00:00, 5.1
21.0, 7.5, 230.0, 88.0, 1981-06-20 00:00:00, 2.5
5.0, 6.5, 230.0, 99.0, 1981-06-21 00:00:00, 7.6
23.0, 7.5, 230.0, 88.0, 1981-06-22 00:00:00, 6.1
5.0, 10.0, 320.0, 78.0, 1981-06-23 00:00:00, 5.8
18.0, 15.0, 90.0, 55.0, 1981-06-24 00:00:00, 0.0
5.0, 21.0, 230.0, 36.0, 1981-06-25 00:00:00, 0.0
5.0, 20.0, 230.0, 40.0, 1981-06-26 00:00:00, 0.0
5.0, 18.0, 230.0, 40.0, 1981-06-27 00:00:00, 0.0
6.0, 15.0, 230.0, 64.0, 1981-06-28 00:00:00, 0.0
5.0, 15.0, 230.0, 76.0, 1981-06-29 00:00:00, 5.1
15.0, 10.0, 270.0, 78.0, 1981-06-30 00:00:00, 0.5
5.0, 15.0, 0.0, 76.0, 1981-07-01 00:00:00, 3.8
5.0, 20.0, 0.0, 53.0, 1981-07-02 00:00:00, 0.0
10.0, 22.0, 0.0, 62.0, 1981-07-03 00:00:00, 0.0
18.0, 21.0, 0.0, 62.0, 1981-07-04 00:00:00, 0.0
15.0, 18.0, 0.0, 51.0, 1981-07-05 00:00:00, 0.0
15.0, 9.0, 0.0, 66.0, 1981-07-06 00:00:00, 0.0
15.0, 12.0, 0.0, 70.0, 1981-07-07 00:00:00, 0.0
8.0, 10.0, 0.0, 89.0, 1981-07-08 00:00:00, 0.0
18.0, 13.5, 0.0, 66.0, 1981-07-09 00:00:00, 0.0
0.0, 11.0, 0.0, 79.0, 1981-07-10 00:00:00, 5.1
24.0, 12.0, 0.0, 70.0, 1981-07-11 00:00:00, 0.0
8.0, 10.0, 0.0, 89.0, 1981-07-12 00:00:00, 0.0
16.0, 10.0, 0.0, 99.0, 1981-07-13 00:00:00, 5.1
10.0, 14.5, 0.0, 81.0, 1981-07-14 00:00:00, 0.5
10.0, 20.0, 0.0, 54.0, 1981-07-15 00:00:00, 0.0
10.0, 23.0, 0.0, 57.0, 1981-07-16 00:00:00, 0.0
12.0, 19.5, 0.0, 64.0, 1981-07-17 00:00:00, 0.0
15.0, 17.5, 0.0, 82.0, 1981-07-18 00:00:00, 0.3
0.0, 15.0, 0.0, 86.0, 1981-07-19 00:00:00, 0.0
10.0, 20.0, 0.0, 15.0, 1981-07-20 00:00:00, 0.0
0.0, 12.5, 0.0, 99.0, 1981-07-21 00:00:00, 0.0
10.0, 16.0, 0.0, 77.0, 1981-07-22 00:00:00, 1.3
5.0, 16.0, 0.0, 82.0, 1981-07-23 00:00:00, 0.0
15.0, 21.5, 0.0, 66.0, 1981-07-24 00:00:00, 0.0
18.0, 25.0, 0.0, 44.0, 1981-07-25 00:00:00, 0.0
20.0, 25.5, 0.0, 53.0, 1981-07-26 00:00:00, 0.0
20.0, 24.5, 0.0, 49.0, 1981-07-27 00:00:00, 0.0
20.0, 11.0, 0.0, 99.0, 1981-07-28 00:00:00, 0.0
18.0, 12.0, 0.0, 84.0, 1981-07-29 00:00:00, 0.0
0.0, 14.0, 0.0, 81.0, 1981-07-30 00:00:00, 0.0
0.0, 18.0, 0.0, 66.0, 1981-07-31 00:00:00, 0.0
7.0, 19.0, 0.0, 67.0, 1981-08-01 00:00:00, 0.0
5.0, 17.0, 140.0, 65.0, 1981-08-02 00:00:00, 0.0
0.0, 15.0, 0.0, 72.0, 1981-08-03 00:00:00, 0.0
10.0, 19.0, 90.0, 60.0, 1981-08-04 00:00:00, 0.0
10.0, 22.0, 270.0, 49.0, 1981-08-05 00:00:00, 0.0
15.0, 26.5, 230.0, 35.0, 1981-08-06 00:00:00, 0.0
10.0, 29.0, 140.0, 36.0, 1981-08-07 00:00:00, 0.0
18.0, 32.0, 40.0, 27.0, 1981-08-08 00:00:00, 0.0
16.0, 32.0, 40.0, 25.0, 1981-08-09 00:00:00, 0.0
8.0, 31.0, 90.0, 31.0, 1981-08-10 00:00:00, 0.0
8.0, 32.0, 40.0, 27.0, 1981-08-11 00:00:00, 0.0
18.0, 26.5, 230.0, 48.0, 1981-08-12 00:00:00, 0.0
5.0, 27.5, 40.0, 39.0, 1981-08-13 00:00:00, 0.0
18.0, 24.0, 40.0, 55.0, 1981-08-14 00:00:00, 0.0
15.0, 24.0, 40.0, 51.0, 1981-08-15 00:00:00, 0.0
15.0, 22.0, 40.0, 52.0, 1981-08-16 00:00:00, 0.0
18.0, 23.5, 40.0, 45.0, 1981-08-17 00:00:00, 0.0
15.0, 25.0, 40.0, 36.0, 1981-08-18 00:00:00, 0.0
17.0, 20.5, 40.0, 54.0, 1981-08-19 00:00:00, 0.0
12.0, 13.5, 230.0, 76.0, 1981-08-20 00:00:00, 0.8
10.0, 19.0, 230.0, 63.0, 1981-08-21 00:00:00, 0.0
20.0, 19.0, 0.0, 60.0, 1981-08-22 00:00:00, 0.0
8.0, 22.0, 40.0, 56.0, 1981-08-23 00:00:00, 0.0
0.0, 13.5, 0.0, 95.0, 1981-08-24 00:00:00, 7.9
30.0, 14.0, 230.0, 71.0, 1981-08-25 00:00:00, 3.8
20.0, 16.0, 40.0, 60.0, 1981-08-26 00:00:00, 0.0
10.0, 14.0, 320.0, 62.0, 1981-08-27 00:00:00, 0.0
10.0, 18.0, 140.0, 62.0, 1981-08-28 00:00:00, 0.0
20.0, 14.5, 230.0, 76.0, 1981-08-29 00:00:00, 0.5
17.0, 17.5, 270.0, 62.0, 1981-08-30 00:00:00, 0.0
0.0, 10.5, 0.0, 99.0, 1981-08-31 00:00:00, 5.1
15.0, 11.0, 0.0, 89.0, 1981-09-01 00:00:00, 25.4
10.0, 14.0, 0.0, 90.0, 1981-09-02 00:00:00, 0.0
5.0, 15.0, 0.0, 72.0, 1981-09-03 00:00:00, 0.0
5.0, 12.0, 0.0, 84.0, 1981-09-04 00:00:00, 0.0
17.0, 15.0, 0.0, 77.0, 1981-09-05 00:00:00, 0.0
20.0, 10.0, 0.0, 60.0, 1981-09-06 00:00:00, 0.0
10.0, 25.0, 0.0, 41.0, 1981-09-07 00:00:00, 0.0
8.0, 27.0, 0.0, 29.0, 1981-09-08 00:00:00, 0.0
0.0, 12.0, 0.0, 99.0, 1981-09-09 00:00:00, 1.5
0.0, 15.0, 0.0, 81.0, 1981-09-10 00:00:00, 1.3
4.0, 19.5, 0.0, 50.0, 1981-09-11 00:00:00, 0.0
2.0, 19.0, 0.0, 59.0, 1981-09-12 00:00:00, 0.0
4.0, 19.5, 0.0, 50.0, 1981-09-13 00:00:00, 0.0
14.0, 20.5, 0.0, 38.0, 1981-09-14 00:00:00, 0.0
18.0, 25.0, 0.0, 41.0, 1981-09-15 00:00:00, 0.0
6.0, 25.0, 0.0, 36.0, 1981-09-16 00:00:00, 0.0
16.0, 17.0, 0.0, 74.0, 1981-09-17 00:00:00, 0.0
15.0, 11.5, 0.0, 95.0, 1981-09-18 00:00:00, 7.4
15.0, 11.0, 0.0, 59.0, 1981-09-19 00:00:00, 2.8
8.0, 7.0, 0.0, 99.0, 1981-09-20 00:00:00, 1.3
30.0, 10.0, 0.0, 99.0, 1981-09-21 00:00:00, 3.8
18.0, 8.5, 0.0, 77.0, 1981-09-22 00:00:00, 13.2
10.0, 8.0, 0.0, 88.0, 1981-09-23 00:00:00, 0.1
0.0, 7.0, 0.0, 88.0, 1981-09-24 00:00:00, 11.6
0.0, 8.0, 0.0, 90.0, 1981-09-25 00:00:00, 3.8
10.0, 10.0, 0.0, 63.0, 1981-09-26 00:00:00, 0.0
25.0, 8.5, 0.0, 94.0, 1981-09-27 00:00:00, 38.0
18.0, 11.0, 0.0, 79.0, 1981-09-28 00:00:00, 0.9
6.0, 8.5, 0.0, 77.0, 1981-09-29 00:00:00, 0.0
10.0, 11.0, 0.0, 89.0, 1981-09-30 00:00:00, 10.2
11.0, 5.5, 180.0, 96.0, 1982-05-01 00:00:00, 0.2
12.0, 3.0, 180.0, 96.0, 1982-05-02 00:00:00, 0.4
15.0, 3.1, 230.0, 86.0, 1982-05-03 00:00:00, 13.9
3.0, 6.9, 270.0, 70.0, 1982-05-04 00:00:00, 0.2
6.0, 12.1, 180.0, 61.0, 1982-05-05 00:00:00, 0.2
11.0, 11.2, 180.0, 50.0, 1982-05-06 00:00:00, 0.0
11.0, 7.6, 230.0, 74.0, 1982-05-07 00:00:00, 0.0
8.0, 9.4, 0.0, 72.0, 1982-05-08 00:00:00, 0.5
7.0, 13.1, 230.0, 61.0, 1982-05-09 00:00:00, 0.2
10.0, 12.1, 40.0, 78.0, 1982-05-10 00:00:00, 5.3
7.0, 7.1, 230.0, 96.0, 1982-05-11 00:00:00, 0.2
9.0, 8.7, 230.0, 88.0, 1982-05-12 00:00:00, 0.2
7.0, 8.5, 230.0, 77.0, 1982-05-13 00:00:00, 0.2
5.0, 7.2, 180.0, 96.0, 1982-05-14 00:00:00, 4.5
9.0, 8.8, 40.0, 93.0, 1982-05-15 00:00:00, 0.0
12.0, 12.7, 180.0, 60.0, 1982-05-16 00:00:00, 0.0
15.0, 6.0, 180.0, 92.0, 1982-05-17 00:00:00, 0.0
14.0, 7.0, 180.0, 79.0, 1982-05-18 00:00:00, 0.0
11.0, 10.0, 40.0, 73.0, 1982-05-19 00:00:00, 0.2
8.0, 14.8, 0.0, 51.0, 1982-05-20 00:00:00, 0.0
11.0, 15.8, 230.0, 63.0, 1982-05-21 00:00:00, 0.0
10.0, 7.7, 230.0, 96.0, 1982-05-22 00:00:00, 3.3
5.0, 12.3, 230.0, 70.0, 1982-05-23 00:00:00, 0.0
11.0, 17.6, 40.0, 61.0, 1982-05-24 00:00:00, 0.0
10.0, 12.1, 40.0, 54.0, 1982-05-25 00:00:00, 0.0
10.0, 9.8, 0.0, 70.0, 1982-05-26 00:00:00, 1.0
15.0, 15.6, 40.0, 44.0, 1982-05-27 00:00:00, 0.0
16.0, 16.4, 40.0, 45.0, 1982-05-28 00:00:00, 0.7
13.0, 18.0, 40.0, 38.0, 1982-05-29 00:00:00, 0.0
8.0, 20.3, 180.0, 25.0, 1982-05-30 00:00:00, 0.0
10.0, 18.7, 40.0, 41.0, 1982-05-31 00:00:00, 0.0
12.0, 7.1, 40.0, 90.0, 1982-06-01 00:00:00, 0.2
11.0, 11.3, 230.0, 88.0, 1982-06-02 00:00:00, 1.2
9.0, 9.8, 0.0, 82.0, 1982-06-03 00:00:00, 0.0
12.0, 10.7, 230.0, 83.0, 1982-06-04 00:00:00, 1.2
9.0, 8.1, 230.0, 89.0, 1982-06-05 00:00:00, 0.0
5.0, 12.0, 0.0, 76.0, 1982-06-06 00:00:00, 1.0
11.0, 15.0, 230.0, 62.0, 1982-06-07 00:00:00, 0.7
15.0, 15.7, 40.0, 69.0, 1982-06-08 00:00:00, 0.2
14.0, 17.9, 40.0, 54.0, 1982-06-09 00:00:00, 0.0
16.0, 20.4, 0.0, 47.0, 1982-06-10 00:00:00, 0.0
17.0, 21.7, 40.0, 46.0, 1982-06-11 00:00:00, 0.0
11.0, 22.5, 40.0, 50.0, 1982-06-12 00:00:00, 0.0
17.0, 14.0, 40.0, 74.0, 1982-06-13 00:00:00, 0.0
10.0, 16.2, 40.0, 79.0, 1982-06-14 00:00:00, 0.0
9.0, 20.7, 40.0, 55.0, 1982-06-15 00:00:00, 0.0
13.0, 22.6, 0.0, 51.0, 1982-06-16 00:00:00, 0.0
18.0, 24.9, 0.0, 38.0, 1982-06-17 00:00:00, 0.0
16.0, 26.6, 40.0, 38.0, 1982-06-18 00:00:00, 0.0
16.0, 28.0, 40.0, 36.0, 1982-06-19 00:00:00, 0.0
14.0, 24.6, 40.0, 49.0, 1982-06-20 00:00:00, 0.0
11.0, 22.7, 180.0, 38.0, 1982-06-21 00:00:00, 0.0
11.0, 21.6, 230.0, 46.0, 1982-06-22 00:00:00, 0.0
16.0, 21.3, 40.0, 46.0, 1982-06-23 00:00:00, 0.0
15.0, 25.3, 40.0, 31.0, 1982-06-24 00:00:00, 0.0
10.0, 15.3, 180.0, 86.0, 1982-06-25 00:00:00, 0.2
7.0, 13.6, 230.0, 96.0, 1982-06-26 00:00:00, 5.5
6.0, 12.3, 230.0, 92.0, 1982-06-27 00:00:00, 0.7
12.0, 13.6, 40.0, 88.0, 1982-06-28 00:00:00, 8.1
5.0, 19.6, 230.0, 74.0, 1982-06-29 00:00:00, 0.7
14.0, 11.6, 230.0, 94.0, 1982-06-30 00:00:00, 0.0
8.0, 10.0, 140.0, 96.0, 1982-07-01 00:00:00, 0.0
10.0, 13.1, 180.0, 91.0, 1982-07-02 00:00:00, 0.2
14.0, 9.5, 180.0, 82.0, 1982-07-03 00:00:00, 26.9
14.0, 10.6, 180.0, 75.0, 1982-07-04 00:00:00, 3.3
11.0, 10.1, 230.0, 73.0, 1982-07-05 00:00:00, 2.5
11.0, 13.8, 0.0, 75.0, 1982-07-06 00:00:00, 0.0
14.0, 13.1, 230.0, 73.0, 1982-07-07 00:00:00, 0.0
14.0, 13.1, 230.0, 72.0, 1982-07-08 00:00:00, 0.0
12.0, 17.7, 40.0, 65.0, 1982-07-09 00:00:00, 0.0
8.0, 19.0, 270.0, 52.0, 1982-07-10 00:00:00, 0.0
11.0, 20.2, 230.0, 42.0, 1982-07-11 00:00:00, 0.0
14.0, 20.5, 40.0, 64.0, 1982-07-12 00:00:00, 0.0
11.0, 13.6, 320.0, 87.0, 1982-07-13 00:00:00, 0.0
17.0, 10.2, 180.0, 80.0, 1982-07-14 00:00:00, 2.0
10.0, 9.5, 230.0, 82.0, 1982-07-15 00:00:00, 1.2
5.0, 13.1, 230.0, 80.0, 1982-07-16 00:00:00, 0.0
8.0, 16.6, 90.0, 78.0, 1982-07-17 00:00:00, 0.0
11.0, 17.8, 40.0, 78.0, 1982-07-18 00:00:00, 0.0
10.0, 15.6, 230.0, 75.0, 1982-07-19 00:00:00, 0.2
12.0, 12.2, 230.0, 72.0, 1982-07-20 00:00:00, 1.2
11.0, 10.8, 180.0, 81.0, 1982-07-21 00:00:00, 0.2
13.0, 15.2, 0.0, 72.0, 1982-07-22 00:00:00, 1.5
10.0, 17.9, 40.0, 70.0, 1982-07-23 00:00:00, 0.0
5.0, 21.4, 40.0, 39.0, 1982-07-24 00:00:00, 0.0
13.0, 24.6, 0.0, 37.0, 1982-07-25 00:00:00, 0.0
15.0, 25.8, 0.0, 40.0, 1982-07-26 00:00:00, 0.0
12.0, 27.4, 40.0, 40.0, 1982-07-27 00:00:00, 0.0
15.0, 24.4, 40.0, 58.0, 1982-07-28 00:00:00, 0.0
11.0, 22.8, 40.0, 59.0, 1982-07-29 00:00:00, 0.0
10.0, 17.7, 0.0, 86.0, 1982-07-30 00:00:00, 0.0
8.0, 11.0, 140.0, 88.0, 1982-07-31 00:00:00, 0.2
9.0, 11.6, 140.0, 76.0, 1982-08-01 00:00:00, 0.2
0.0, 12.5, 0.0, 72.0, 1982-08-02 00:00:00, 1.0
0.0, 12.7, 0.0, 63.0, 1982-08-03 00:00:00, 4.8
0.0, 14.0, 0.0, 52.0, 1982-08-04 00:00:00, 0.0
0.0, 13.2, 0.0, 73.0, 1982-08-05 00:00:00, 0.7
0.0, 18.5, 0.0, 62.0, 1982-08-06 00:00:00, 0.2
4.0, 12.1, 230.0, 71.0, 1982-08-07 00:00:00, 5.0
11.0, 19.9, 140.0, 78.0, 1982-08-08 00:00:00, 0.0
7.0, 14.3, 230.0, 87.0, 1982-08-09 00:00:00, 0.2
4.0, 12.1, 230.0, 71.0, 1982-08-10 00:00:00, 5.0
13.0, 15.6, 230.0, 70.0, 1982-08-11 00:00:00, 1.7
15.0, 9.8, 180.0, 69.0, 1982-08-12 00:00:00, 0.2
14.0, 11.6, 180.0, 68.0, 1982-08-13 00:00:00, 9.6
72.0, 12.7, 40.0, 68.0, 1982-08-14 00:00:00, 0.2
10.0, 15.7, 40.0, 65.0, 1982-08-15 00:00:00, 0.2
10.0, 16.2, 270.0, 56.0, 1982-08-16 00:00:00, 0.0
10.0, 17.5, 230.0, 47.0, 1982-08-17 00:00:00, 0.0
11.0, 18.5, 40.0, 56.0, 1982-08-18 00:00:00, 0.0
11.0, 21.1, 40.0, 41.0, 1982-08-19 00:00:00, 0.0
15.0, 23.8, 40.0, 41.0, 1982-08-20 00:00:00, 0.0
14.0, 22.8, 40.0, 48.0, 1982-08-21 00:00:00, 0.0
12.0, 23.5, 40.0, 35.0, 1982-08-22 00:00:00, 0.0
12.0, 23.2, 0.0, 48.0, 1982-08-23 00:00:00, 0.0
12.0, 25.2, 0.0, 39.0, 1982-08-24 00:00:00, 0.0
9.0, 26.1, 230.0, 31.0, 1982-08-25 00:00:00, 0.0
14.0, 14.3, 230.0, 86.0, 1982-08-26 00:00:00, 0.0
10.0, 13.0, 230.0, 79.0, 1982-08-27 00:00:00, 1.7
3.0, 13.1, 230.0, 81.0, 1982-08-28 00:00:00, 2.2
0.0, 15.7, 0.0, 74.0, 1982-08-29 00:00:00, 0.7
11.0, 15.4, 230.0, 75.0, 1982-08-30 00:00:00, 0.0
6.0, 16.0, 180.0, 70.0, 1982-08-31 00:00:00, 0.0
15.0, 20.2, 140.0, 69.0, 1982-09-01 00:00:00, 0.0
15.0, 23.1, 40.0, 65.0, 1982-09-02 00:00:00, 0.0
14.0, 12.1, 180.0, 90.0, 1982-09-03 00:00:00, 0.0
18.0, 13.7, 230.0, 69.0, 1982-09-04 00:00:00, 2.0
11.0, 18.1, 40.0, 65.0, 1982-09-05 00:00:00, 0.7
13.0, 17.0, 230.0, 67.0, 1982-09-06 00:00:00, 0.2
10.0, 15.3, 230.0, 73.0, 1982-09-07 00:00:00, 1.7
13.0, 12.7, 230.0, 73.0, 1982-09-08 00:00:00, 0.2
17.0, 11.3, 180.0, 68.0, 1982-09-09 00:00:00, 12.7
8.0, 11.7, 230.0, 63.0, 1982-09-10 00:00:00, 3.0
12.0, 10.8, 180.0, 73.0, 1982-09-11 00:00:00, 11.4
4.0, 12.8, 320.0, 65.0, 1982-09-12 00:00:00, 2.5
13.0, 15.0, 0.0, 61.0, 1982-09-13 00:00:00, 0.2
20.0, 15.9, 0.0, 39.0, 1982-09-14 00:00:00, 0.0
4.0, 18.8, 40.0, 38.0, 1982-09-15 00:00:00, 0.0
10.0, 16.2, 230.0, 58.0, 1982-09-16 00:00:00, 0.0
11.0, 29.0, 40.0, 42.0, 1982-09-17 00:00:00, 0.0
13.0, 21.5, 40.0, 42.0, 1982-09-18 00:00:00, 0.0
15.0, 17.5, 230.0, 62.0, 1982-09-19 00:00:00, 0.0
4.0, 16.5, 0.0, 85.0, 1982-09-20 00:00:00, 0.0
6.0, 12.4, 230.0, 83.0, 1982-09-21 00:00:00, 0.7
7.0, 13.7, 40.0, 72.0, 1982-09-22 00:00:00, 0.2
13.0, 18.3, 0.0, 70.0, 1982-09-23 00:00:00, 0.2
5.0, 13.5, 0.0, 97.0, 1982-09-24 00:00:00, 0.2
8.0, 12.3, 180.0, 73.0, 1982-09-25 00:00:00, 3.3
8.0, 12.5, 40.0, 72.0, 1982-09-26 00:00:00, 9.3
4.0, 10.4, 270.0, 80.0, 1982-09-27 00:00:00, 0.2
8.0, 10.4, 0.0, 55.0, 1982-09-28 00:00:00, 0.0
11.0, 14.2, 40.0, 43.0, 1982-09-29 00:00:00, 0.0
7.0, 16.6, 0.0, 43.0, 1982-09-30 00:00:00, 0.0
