station_observations
wind_speed, temperature, wind_direction, relative_humidity, time, precipitation
0.0, 0.0, 0.0, 0.0, 1986-05-22 00:00:00, 0.0
12.0, 12.5, 270.0, 44.0, 1986-05-23 00:00:00, 0.0
6.0, 16.0, 230.0, 42.0, 1986-05-24 00:00:00, 0.0
10.0, 22.0, 230.0, 38.0, 1986-05-25 00:00:00, 0.0
18.0, 28.0, 230.0, 31.0, 1986-05-26 00:00:00, 0.0
8.0, 25.5, 230.0, 37.0, 1986-05-27 00:00:00, 0.0
6.0, 27.9, 230.0, 33.0, 1986-05-28 00:00:00, 0.0
5.0, 30.5, 40.0, 22.0, 1986-05-29 00:00:00, 0.0
6.0, 31.0, 0.0, 16.0, 1986-05-30 00:00:00, 0.0
9.0, 32.0, 0.0, 17.0, 1986-05-31 00:00:00, 0.0
4.0, 29.5, 0.0, 23.0, 1986-06-01 00:00:00, 0.0
10.0, 25.0, 0.0, 20.0, 1986-06-02 00:00:00, 0.0
7.0, 23.5, 0.0, 20.0, 1986-06-03 00:00:00, 0.0
5.0, 23.6, 230.0, 34.0, 1986-06-04 00:00:00, 0.0
8.0, 21.0, 0.0, 55.0, 1986-06-05 00:00:00, 0.0
9.0, 20.0, 0.0, 46.0, 1986-06-06 00:00:00, 0.0
6.0, 14.0, 0.0, 67.0, 1986-06-07 00:00:00, 0.0
9.0, 16.0, 230.0, 58.0, 1986-06-08 00:00:00, 0.0
5.0, 22.0, 0.0, 32.0, 1986-06-09 00:00:00, 0.0
10.0, 25.0, 180.0, 27.0, 1986-06-10 00:00:00, 0.0
9.0, 20.5, 270.0, 39.0, 1986-06-11 00:00:00, 0.0
7.0, 21.5, 0.0, 27.0, 1986-06-12 00:00:00, 0.0
8.0, 27.5, 270.0, 22.0, 1986-06-13 00:00:00, 0.0
8.0, 20.5, 0.0, 36.0, 1986-06-14 00:00:00, 11.0
0.0, 11.5, 0.0, 62.0, 1986-06-15 00:00:00, 0.0
5.0, 13.0, 0.0, 61.0, 1986-06-16 00:00:00, 11.1
13.0, 20.2, 140.0, 54.0, 1986-06-17 00:00:00, 15.0
2.0, 15.5, 180.0, 68.0, 1986-06-18 00:00:00, 16.0
7.0, 11.5, 180.0, 61.0, 1986-06-19 00:00:00, 0.0
7.0, 14.0, 180.0, 54.0, 1986-06-20 00:00:00, 9.1
9.0, 16.5, 270.0, 40.0, 1986-06-21 00:00:00, 5.0
0.0, 20.0, 0.0, 55.0, 1986-06-22 00:00:00, 0.0
2.0, 24.5, 0.0, 45.0, 1986-06-23 00:00:00, 0.0
7.0, 23.5, 180.0, 38.0, 1986-06-24 00:00:00, 0.0
23.0, 22.5, 180.0, 26.0, 1986-06-25 00:00:00, 0.0
5.0, 22.0, 180.0, 24.0, 1986-06-26 00:00:00, 0.0
2.0, 26.0, 180.0, 17.0, 1986-06-27 00:00:00, 0.0
7.0, 23.4, 0.0, 41.0, 1986-06-28 00:00:00, 0.0
20.0, 10.8, 320.0, 87.0, 1986-06-29 00:00:00, 1.5
3.0, 21.0, 230.0, 57.0, 1986-06-30 00:00:00, 3.3
10.0, 20.5, 140.0, 50.0, 1986-07-01 00:00:00, 0.0
0.0, 11.5, 0.0, 92.0, 1986-07-02 00:00:00, 2.2
2.0, 8.5, 320.0, 92.0, 1986-07-03 00:00:00, 0.0
7.0, 7.7, 320.0, 92.0, 1986-07-04 00:00:00, 7.1
5.0, 11.0, 320.0, 81.0, 1986-07-05 00:00:00, 0.2
8.0, 19.0, 180.0, 51.0, 1986-07-06 00:00:00, 0.0
6.0, 14.5, 0.0, 67.0, 1986-07-07 00:00:00, 0.0
1.0, 15.0, 180.0, 85.0, 1986-07-08 00:00:00, 2.2
1.0, 18.5, 40.0, 68.0, 1986-07-09 00:00:00, 0.2
0.0, 11.0, 0.0, 96.0, 1986-07-10 00:00:00, 3.5
4.0, 16.0, 320.0, 58.0, 1986-07-11 00:00:00, 9.6
4.0, 13.0, 320.0, 70.0, 1986-07-12 00:00:00, 0.0
3.0, 17.0, 320.0, 50.0, 1986-07-13 00:00:00, 0.0
6.0, 19.0, 320.0, 50.0, 1986-07-14 00:00:00, 0.0
6.0, 19.0, 320.0, 47.0, 1986-07-15 00:00:00, 0.0
9.0, 11.0, 140.0, 83.0, 1986-07-16 00:00:00, 17.2
2.0, 11.5, 270.0, 75.0, 1986-07-17 00:00:00, 3.5
2.0, 18.0, 0.0, 52.0, 1986-07-18 00:00:00, 0.0
6.0, 25.5, 0.0, 29.0, 1986-07-19 00:00:00, 0.0
1.0, 26.5, 0.0, 31.0, 1986-07-20 00:00:00, 0.0
4.0, 28.0, 180.0, 22.0, 1986-07-21 00:00:00, 0.0
6.0, 25.0, 320.0, 46.0, 1986-07-22 00:00:00, 0.0
5.0, 20.0, 320.0, 56.0, 1986-07-23 00:00:00, 0.0
1.0, 24.0, 140.0, 31.0, 1986-07-24 00:00:00, 0.0
4.0, 27.5, 270.0, 46.0, 1986-07-25 00:00:00, 0.0
21.0, 11.5, 270.0, 73.0, 1986-07-26 00:00:00, 0.2
1.0, 15.5, 320.0, 62.0, 1986-07-27 00:00:00, 1.5
0.0, 15.5, 0.0, 52.0, 1986-07-28 00:00:00, 0.0
4.0, 14.5, 320.0, 48.0, 1986-07-29 00:00:00, 0.0
3.0, 17.0, 0.0, 54.0, 1986-07-30 00:00:00, 0.0
5.0, 23.5, 140.0, 36.0, 1986-07-31 00:00:00, 0.0
3.0, 27.3, 0.0, 26.0, 1986-08-01 00:00:00, 0.0
0.0, 26.5, 0.0, 37.0, 1986-08-02 00:00:00, 0.0
2.0, 28.0, 230.0, 22.0, 1986-08-03 00:00:00, 0.0
6.0, 24.0, 0.0, 44.0, 1986-08-04 00:00:00, 0.0
6.0, 20.0, 320.0, 47.0, 1986-08-05 00:00:00, 0.0
5.0, 24.0, 320.0, 35.0, 1986-08-06 00:00:00, 0.0
7.0, 28.0, 270.0, 32.0, 1986-08-07 00:00:00, 0.0
7.0, 29.1, 0.0, 30.0, 1986-08-08 00:00:00, 0.0
6.0, 27.5, 0.0, 24.0, 1986-08-09 00:00:00, 0.0
4.0, 30.6, 180.0, 26.0, 1986-08-10 00:00:00, 0.0
2.0, 21.6, 0.0, 44.0, 1986-08-11 00:00:00, 0.0
6.0, 24.0, 140.0, 47.0, 1986-08-12 00:00:00, 0.2
7.0, 21.0, 320.0, 36.0, 1986-08-13 00:00:00, 0.0
2.0, 26.0, 40.0, 32.0, 1986-08-14 00:00:00, 0.0
4.0, 22.7, 320.0, 20.0, 1986-08-15 00:00:00, 0.0
6.0, 23.1, 0.0, 20.0, 1986-08-16 00:00:00, 0.0
0.0, 25.0, 0.0, 20.0, 1986-08-17 00:00:00, 0.0
12.0, 29.0, 0.0, 11.0, 1986-08-18 00:00:00, 0.0
4.0, 21.0, 270.0, 19.0, 1986-08-19 00:00:00, 0.0
5.0, 24.0, 0.0, 16.0, 1986-08-20 00:00:00, 0.0
5.0, 28.0, 320.0, 13.0, 1986-08-21 00:00:00, 0.0
3.0, 27.6, 320.0, 20.0, 1986-08-22 00:00:00, 0.0
0.0, 15.7, 0.0, 50.0, 1986-08-23 00:00:00, 0.0
3.0, 24.5, 90.0, 34.0, 1986-08-24 00:00:00, 0.0
1.0, 26.0, 90.0, 28.0, 1986-08-25 00:00:00, 0.0
3.0, 29.0, 90.0, 21.0, 1986-08-26 00:00:00, 0.0
0.0, 31.0, 0.0, 19.0, 1986-08-27 00:00:00, 0.0
6.0, 31.0, 0.0, 41.0, 1986-08-28 00:00:00, 0.0
1.0, 19.0, 230.0, 80.0, 1986-08-29 00:00:00, 1.5
0.0, 15.0, 0.0, 90.0, 1986-08-30 00:00:00, 22.0
1.0, 12.5, 320.0, 99.0, 1986-08-31 00:00:00, 1.2
5.0, 19.0, 0.0, 66.0, 1986-09-01 00:00:00, 0.0
1.0, 18.5, 40.0, 64.0, 1986-09-02 00:00:00, 0.0
6.0, 21.5, 0.0, 44.0, 1986-09-03 00:00:00, 0.0
4.0, 22.5, 0.0, 39.0, 1986-09-04 00:00:00, 0.0
5.0, 15.0, 180.0, 34.0, 1986-09-05 00:00:00, 0.0
6.0, 17.0, 180.0, 34.0, 1986-09-06 00:00:00, 0.0
6.0, 18.5, 0.0, 41.0, 1986-09-07 00:00:00, 0.0
4.0, 18.5, 40.0, 41.0, 1986-09-08 00:00:00, 0.0
5.0, 18.0, 0.0, 49.0, 1986-09-09 00:00:00, 0.6
5.0, 15.0, 320.0, 51.0, 1986-09-10 00:00:00, 0.0
3.0, 10.0, 270.0, 49.0, 1986-09-11 00:00:00, 0.0
3.0, 14.5, 270.0, 36.0, 1986-09-12 00:00:00, 0.0
1.0, 13.0, 270.0, 47.0, 1986-09-13 00:00:00, 0.0
0.0, 9.0, 0.0, 84.0, 1986-09-14 00:00:00, 4.0
3.0, 10.0, 270.0, 67.0, 1986-09-15 00:00:00, 0.2
5.0, 9.8, 180.0, 98.0, 1986-09-16 00:00:00, 7.2
1.0, 11.5, 180.0, 70.0, 1986-09-17 00:00:00, 2.2
5.0, 9.4, 180.0, 83.0, 1986-09-18 00:00:00, 1.2
1.0, 10.0, 0.0, 68.0, 1986-09-19 00:00:00, 1.2
6.0, 11.7, 0.0, 62.0, 1986-09-20 00:00:00, 0.0
3.0, 12.5, 230.0, 78.0, 1986-09-21 00:00:00, 1.7
5.0, 14.0, 180.0, 56.0, 1986-09-22 00:00:00, 0.0
3.0, 5.8, 140.0, 99.0, 1986-09-23 00:00:00, 20.0
0.0, 5.0, 0.0, 99.0, 1986-09-24 00:00:00, 10.0
0.0, 5.0, 0.0, 99.0, 1986-09-25 00:00:00, 11.2
7.0, 5.5, 270.0, 93.0, 1986-09-26 00:00:00, 0.0
8.0, 2.5, 320.0, 99.0, 1986-09-27 00:00:00, 5.0
0.0, 3.0, 0.0, 99.0, 1986-09-28 00:00:00, 11.0
4.0, 8.0, 180.0, 99.0, 1986-09-29 00:00:00, 9.0
4.0, 8.0, 0.0, 80.0, 1986-09-30 00:00:00, 6.2
6.0, 8.0, 270.0, 75.0, 1986-10-01 00:00:00, 1.0
3.0, 7.0, 180.0, 74.0, 1986-10-02 00:00:00, 0.0
1.0, 8.0, 90.0, 95.0, 1986-10-03 00:00:00, 0.0
0.0, 16.5, 0.0, 46.0, 1986-10-08 00:00:00, 0.0
8.0, 15.0, 320.0, 49.0, 1986-10-09 00:00:00, 0.0
3.0, 12.5, 0.0, 40.0, 1986-10-10 00:00:00, 0.0
0.0, 2.0, 0.0, 75.0, 1986-10-11 00:00:00, 0.0
9.0, 13.0, 270.0, 47.0, 1986-10-12 00:00:00, 0.0
0.0, 9.0, 0.0, 84.0, 1986-10-13 00:00:00, 0.0
1.0, 16.0, 140.0, 36.0, 1986-10-14 00:00:00, 0.0
5.0, 15.0, 180.0, 42.0, 1986-10-15 00:00:00, 0.0
4.0, 24.4, 140.0, 23.0, 1987-05-06 00:00:00, 1.2
8.0, 26.5, 180.0, 25.0, 1987-05-07 00:00:00, 0.0
17.0, 28.3, 320.0, 17.0, 1987-05-08 00:00:00, 0.0
5.0, 24.4, 140.0, 7.0, 1987-05-09 00:00:00, 0.0
8.0, 20.4, 320.0, 21.0, 1987-05-10 00:00:00, 0.0
4.0, 21.9, 140.0, 33.0, 1987-05-11 00:00:00, 0.0
0.0, 12.0, 0.0, 60.0, 1987-05-12 00:00:00, 0.5
8.0, 10.9, 140.0, 43.0, 1987-05-13 00:00:00, 0.0
6.0, 12.0, 140.0, 81.0, 1987-05-14 00:00:00, 1.0
10.0, 16.2, 0.0, 42.0, 1987-05-15 00:00:00, 0.0
10.0, 14.1, 40.0, 25.0, 1987-05-16 00:00:00, 0.0
8.0, 18.8, 90.0, 24.0, 1987-05-17 00:00:00, 0.0
8.0, 7.1, 40.0, 40.0, 1987-05-18 00:00:00, 0.0
4.0, 6.1, 40.0, 75.0, 1987-05-19 00:00:00, 2.5
7.0, 8.6, 320.0, 63.0, 1987-05-20 00:00:00, 1.5
4.0, 10.1, 140.0, 51.0, 1987-05-21 00:00:00, 0.0
12.0, 10.3, 180.0, 58.0, 1987-05-22 00:00:00, 0.0
5.0, 13.8, 0.0, 47.0, 1987-05-23 00:00:00, 0.7
6.0, 15.8, 320.0, 46.0, 1987-05-24 00:00:00, 1.0
10.0, 19.1, 320.0, 32.0, 1987-05-25 00:00:00, 0.0
7.0, 20.2, 230.0, 24.0, 1987-05-26 00:00:00, 0.2
6.0, 20.1, 0.0, 40.0, 1987-05-27 00:00:00, 0.0
0.0, 7.1, 0.0, 98.0, 1987-05-28 00:00:00, 2.7
7.0, 12.1, 180.0, 52.0, 1987-05-29 00:00:00, 0.2
6.0, 8.2, 140.0, 99.0, 1987-05-30 00:00:00, 1.2
2.0, 10.3, 320.0, 66.0, 1987-05-31 00:00:00, 1.7
5.0, 7.1, 270.0, 56.0, 1987-06-01 00:00:00, 2.7
8.0, 9.8, 320.0, 51.0, 1987-06-02 00:00:00, 0.0
8.0, 15.3, 180.0, 41.0, 1987-06-03 00:00:00, 0.0
7.0, 24.5, 140.0, 31.0, 1987-06-04 00:00:00, 0.0
6.0, 22.3, 180.0, 38.0, 1987-06-05 00:00:00, 0.0
7.0, 18.6, 270.0, 39.0, 1987-06-06 00:00:00, 0.7
5.0, 23.9, 0.0, 32.0, 1987-06-07 00:00:00, 0.0
0.0, 15.4, 0.0, 93.0, 1987-06-08 00:00:00, 0.0
0.0, 18.2, 0.0, 48.0, 1987-06-09 00:00:00, 1.7
4.0, 12.5, 230.0, 46.0, 1987-06-10 00:00:00, 0.2
6.0, 20.2, 140.0, 42.0, 1987-06-11 00:00:00, 0.0
5.0, 19.2, 140.0, 44.0, 1987-06-12 00:00:00, 0.0
4.0, 24.4, 40.0, 33.0, 1987-06-13 00:00:00, 0.0
9.0, 27.0, 140.0, 20.0, 1987-06-14 00:00:00, 0.0
0.0, 14.4, 0.0, 58.0, 1987-06-15 00:00:00, 0.2
1.0, 7.9, 0.0, 94.0, 1987-06-16 00:00:00, 1.0
0.0, 12.3, 0.0, 68.0, 1987-06-17 00:00:00, 0.2
5.0, 22.9, 0.0, 36.0, 1987-06-18 00:00:00, 0.0
0.0, 24.4, 0.0, 34.0, 1987-06-19 00:00:00, 0.0
5.0, 20.6, 140.0, 45.0, 1987-06-20 00:00:00, 0.0
0.0, 9.3, 0.0, 83.0, 1987-06-21 00:00:00, 3.5
0.0, 9.9, 0.0, 53.0, 1987-06-22 00:00:00, 0.7
1.0, 14.9, 320.0, 42.0, 1987-06-23 00:00:00, 0.0
5.0, 20.8, 0.0, 29.0, 1987-06-24 00:00:00, 0.0
2.0, 25.9, 180.0, 24.0, 1987-06-25 00:00:00, 0.0
6.0, 28.4, 140.0, 14.0, 1987-06-26 00:00:00, 0.0
4.0, 27.3, 270.0, 27.0, 1987-06-27 00:00:00, 0.0
3.0, 27.6, 320.0, 25.0, 1987-06-28 00:00:00, 0.0
8.0, 29.5, 320.0, 17.0, 1987-06-29 00:00:00, 0.0
5.0, 20.6, 140.0, 45.0, 1987-06-30 00:00:00, 0.0
4.0, 30.7, 0.0, 11.0, 1987-07-01 00:00:00, 0.0
3.0, 29.1, 140.0, 14.0, 1987-07-02 00:00:00, 0.0
0.0, 13.4, 0.0, 99.0, 1987-07-03 00:00:00, 0.7
0.0, 19.4, 0.0, 56.0, 1987-07-04 00:00:00, 2.2
0.0, 10.1, 0.0, 91.0, 1987-07-05 00:00:00, 3.8
0.0, 12.3, 0.0, 83.0, 1987-07-06 00:00:00, 0.0
0.0, 15.2, 0.0, 74.0, 1987-07-07 00:00:00, 0.7
0.0, 13.1, 0.0, 62.0, 1987-07-08 00:00:00, 3.5
0.0, 15.2, 0.0, 55.0, 1987-07-09 00:00:00, 0.0
0.0, 17.2, 0.0, 58.0, 1987-07-10 00:00:00, 0.5
5.0, 17.5, 90.0, 55.0, 1987-07-11 00:00:00, 0.0
5.0, 22.2, 180.0, 38.0, 1987-07-12 00:00:00, 0.2
5.0, 26.9, 270.0, 30.0, 1987-07-13 00:00:00, 0.0
5.0, 28.0, 230.0, 20.0, 1987-07-14 00:00:00, 0.0
5.0, 19.6, 230.0, 28.0, 1987-07-15 00:00:00, 0.0
5.0, 17.2, 270.0, 33.0, 1987-07-16 00:00:00, 0.0
8.0, 18.1, 270.0, 38.0, 1987-07-17 00:00:00, 0.0
0.0, 17.5, 0.0, 42.0, 1987-07-18 00:00:00, 0.0
0.0, 14.7, 0.0, 70.0, 1987-07-19 00:00:00, 0.5
2.0, 15.0, 180.0, 72.0, 1987-07-20 00:00:00, 1.7
6.0, 22.6, 320.0, 38.0, 1987-07-21 00:00:00, 1.2
6.0, 23.2, 320.0, 36.0, 1987-07-22 00:00:00, 0.0
5.0, 24.7, 140.0, 39.0, 1987-07-23 00:00:00, 0.0
7.0, 23.6, 140.0, 39.0, 1987-07-24 00:00:00, 0.0
8.0, 12.7, 140.0, 99.0, 1987-07-25 00:00:00, 2.0
4.0, 24.0, 140.0, 41.0, 1987-07-26 00:00:00, 0.0
11.0, 25.7, 140.0, 35.0, 1987-07-27 00:00:00, 0.0
0.0, 26.6, 0.0, 29.0, 1987-07-28 00:00:00, 0.0
2.0, 26.8, 0.0, 32.0, 1987-07-29 00:00:00, 0.0
6.0, 24.8, 140.0, 36.0, 1987-07-30 00:00:00, 0.5
1.0, 9.1, 90.0, 99.0, 1987-07-31 00:00:00, 0.0
7.0, 17.2, 40.0, 46.0, 1987-08-01 00:00:00, 0.0
2.0, 14.2, 270.0, 53.0, 1987-08-02 00:00:00, 0.0
1.0, 22.9, 40.0, 35.0, 1987-08-03 00:00:00, 0.0
3.0, 24.6, 270.0, 33.0, 1987-08-04 00:00:00, 0.0
4.0, 19.7, 270.0, 45.0, 1987-08-05 00:00:00, 0.0
6.0, 22.8, 270.0, 36.0, 1987-08-06 00:00:00, 0.0
6.0, 26.6, 270.0, 27.0, 1987-08-07 00:00:00, 0.0
5.0, 30.7, 320.0, 18.0, 1987-08-08 00:00:00, 0.0
2.0, 27.9, 320.0, 22.0, 1987-08-09 00:00:00, 0.0
7.0, 17.0, 320.0, 47.0, 1987-08-10 00:00:00, 0.0
3.0, 18.7, 320.0, 34.0, 1987-08-11 00:00:00, 0.0
3.0, 18.1, 140.0, 36.0, 1987-08-12 00:00:00, 0.0
0.0, 14.7, 0.0, 67.0, 1987-08-13 00:00:00, 0.0
5.0, 13.4, 320.0, 92.0, 1987-08-14 00:00:00, 24.8
1.0, 14.3, 0.0, 68.0, 1987-08-15 00:00:00, 0.7
3.0, 11.2, 270.0, 68.0, 1987-08-16 00:00:00, 2.0
5.0, 17.1, 320.0, 42.0, 1987-08-17 00:00:00, 0.0
5.0, 20.5, 320.0, 38.0, 1987-08-18 00:00:00, 0.0
5.0, 20.0, 320.0, 40.0, 1987-08-19 00:00:00, 0.0
6.0, 17.0, 230.0, 34.0, 1987-08-20 00:00:00, 0.0
2.0, 18.8, 140.0, 36.0, 1987-08-21 00:00:00, 0.0
4.0, 22.7, 0.0, 29.0, 1987-08-22 00:00:00, 0.0
3.0, 23.7, 0.0, 27.0, 1987-08-23 00:00:00, 0.0
5.0, 22.9, 320.0, 32.0, 1987-08-24 00:00:00, 0.0
1.0, 23.3, 320.0, 26.0, 1987-08-25 00:00:00, 0.0
4.0, 24.4, 140.0, 30.0, 1987-08-26 00:00:00, 0.0
3.0, 24.0, 320.0, 26.0, 1987-08-27 00:00:00, 0.0
2.0, 20.2, 270.0, 28.0, 1987-08-28 00:00:00, 0.0
2.0, 16.4, 320.0, 40.0, 1987-08-29 00:00:00, 0.0
4.0, 24.7, 140.0, 22.0, 1987-08-30 00:00:00, 0.0
2.0, 29.1, 320.0, 12.0, 1987-08-31 00:00:00, 0.0
7.0, 29.4, 180.0, 19.0, 1987-09-01 00:00:00, 0.0
8.0, 11.3, 270.0, 60.0, 1987-09-02 00:00:00, 0.2
6.0, 16.9, 0.0, 45.0, 1987-09-03 00:00:00, 1.7
5.0, 20.8, 270.0, 37.0, 1987-09-04 00:00:00, 0.0
6.0, 22.8, 320.0, 34.0, 1987-09-05 00:00:00, 0.0
3.0, 21.4, 320.0, 23.0, 1987-09-06 00:00:00, 0.0
3.0, 23.1, 320.0, 20.0, 1987-09-07 00:00:00, 0.0
4.0, 24.0, 320.0, 20.0, 1987-09-08 00:00:00, 0.0
5.0, 25.0, 320.0, 22.0, 1987-09-09 00:00:00, 0.0
4.0, 24.9, 270.0, 24.0, 1987-09-10 00:00:00, 0.0
0.0, 28.0, 0.0, 13.0, 1987-09-11 00:00:00, 0.0
6.0, 27.4, 320.0, 14.0, 1987-09-12 00:00:00, 0.0
6.0, 19.8, 320.0, 36.0, 1987-09-13 00:00:00, 0.0
7.0, 20.2, 140.0, 32.0, 1987-09-14 00:00:00, 0.0
3.0, 9.5, 270.0, 48.0, 1987-09-15 00:00:00, 3.3
4.0, 10.4, 0.0, 50.0, 1987-09-16 00:00:00, 0.0
4.0, 15.7, 140.0, 30.0, 1987-09-17 00:00:00, 0.0
2.0, 16.6, 90.0, 24.0, 1987-09-18 00:00:00, 0.0
2.0, 19.6, 320.0, 28.0, 1987-09-19 00:00:00, 0.0
2.0, 22.8, 140.0, 21.0, 1987-09-20 00:00:00, 0.0
6.0, 24.7, 180.0, 20.0, 1987-09-21 00:00:00, 0.0
1.0, 27.9, 90.0, 13.0, 1987-09-22 00:00:00, 0.0
0.0, 28.0, 0.0, 10.0, 1987-09-23 00:00:00, 0.0
1.0, 27.4, 180.0, 7.0, 1987-09-24 00:00:00, 0.0
5.0, 20.2, 0.0, 25.0, 1987-09-25 00:00:00, 0.0
9.0, 11.8, 270.0, 51.0, 1987-09-26 00:00:00, 0.5
5.0, 13.2, 270.0, 30.0, 1987-09-27 00:00:00, 0.0
4.0, 18.0, 320.0, 26.0, 1987-09-28 00:00:00, 0.0
4.0, 19.5, 180.0, 25.0, 1987-09-29 00:00:00, 0.0
0.0, 21.8, 0.0, 18.0, 1987-09-30 00:00:00, 0.0
6.0, 21.9, 180.0, 22.0, 1987-10-01 00:00:00, 0.0
5.0, 21.1, 140.0, 21.0, 1987-10-02 00:00:00, 0.0
4.0, 15.3, 270.0, 42.0, 1987-10-03 00:00:00, 0.0
3.0, 13.6, 0.0, 28.0, 1987-10-04 00:00:00, 0.0
1.0, 18.5, 90.0, 27.0, 1987-10-05 00:00:00, 0.0
3.0, 18.0, 140.0, 35.0, 1987-10-06 00:00:00, 0.0
0.0, 18.8, 0.0, 29.0, 1987-10-07 00:00:00, 0.0
3.0, 12.5, 140.0, 19.0, 1987-10-08 00:00:00, 0.0
4.0, 11.2, 0.0, 23.0, 1987-10-09 00:00:00, 0.0
2.0, 13.8, 180.0, 10.0, 1987-10-10 00:00:00, 0.0
0.0, 14.4, 0.0, 11.0, 1987-10-11 00:00:00, 0.0
6.0, 17.3, 320.0, 6.0, 1987-10-12 00:00:00, 0.0
2.0, 12.1, 0.0, 8.0, 1987-10-13 00:00:00, 0.0
9.0, 8.6, 270.0, 37.0, 1987-10-14 00:00:00, 0.0
1.0, 5.9, 0.0, 64.0, 1987-10-15 00:00:00, 2.4
4.0, 10.0, 180.0, 37.0, 1987-10-16 00:00:00, 0.0
5.0, 9.4, 320.0, 44.0, 1987-10-17 00:00:00, 1.2
5.0, 7.3, 320.0, 37.0, 1987-10-18 00:00:00, 0.0
4.0, 6.4, 0.0, 44.0, 1987-10-19 00:00:00, 0.0
8.0, 8.4, 180.0, 47.0, 1987-10-20 00:00:00, 0.0
2.0, 12.8, 0.0, 36.0, 1987-10-21 00:00:00, 0.0
1.0, 12.3, 320.0, 40.0, 1987-10-22 00:00:00, 0.0
3.0, 11.5, 180.0, 36.0, 1987-10-23 00:00:00, 0.0
0.0, 9.4, 0.0, 58.0, 1987-10-24 00:00:00, 1.2
2.0, 8.7, 320.0, 91.0, 1987-10-25 00:00:00, 0.2
1.0, 8.2, 0.0, 45.0, 1987-10-26 00:00:00, 0.2
7.0, 6.1, 140.0, 52.0, 1987-10-27 00:00:00, 0.0
1.0, 7.3, 140.0, 52.0, 1987-10-28 00:00:00, 0.0
0.0, 8.5, 0.0, 90.0, 1987-10-29 00:00:00, 0.7
7.0, 8.9, 140.0, 69.0, 1987-10-30 00:00:00, 0.0
1.0, 8.2, 0.0, 64.0, 1988-06-29 00:00:00, 12.0
5.0, 11.8, 0.0, 68.0, 1988-06-30 00:00:00, 7.8
3.0, 17.5, 0.0, 44.0, 1988-07-01 00:00:00, 0.0
2.0, 13.3, 0.0, 90.0, 1988-07-02 00:00:00, 5.5
3.0, 14.0, 0.0, 50.0, 1988-07-03 00:00:00, 0.1
6.0, 15.5, 0.0, 50.0, 1988-07-04 00:00:00, 7.6
8.0, 13.2, 0.0, 55.0, 1988-07-05 00:00:00, 0.5
3.0, 9.4, 0.0, 91.0, 1988-07-06 00:00:00, 13.4
2.0, 18.1, 0.0, 42.0, 1988-07-07 00:00:00, 0.0
3.0, 23.2, 0.0, 29.0, 1988-07-08 00:00:00, 0.0
1.0, 23.4, 0.0, 28.0, 1988-07-09 00:00:00, 0.0
7.0, 24.4, 0.0, 28.0, 1988-07-10 00:00:00, 0.0
4.0, 10.9, 0.0, 89.0, 1988-07-11 00:00:00, 5.5
1.0, 11.6, 0.0, 71.0, 1988-07-12 00:00:00, 9.1
6.0, 15.2, 0.0, 70.0, 1988-07-13 00:00:00, 1.2
1.0, 14.1, 0.0, 45.0, 1988-07-14 00:00:00, 3.8
5.0, 16.0, 0.0, 43.0, 1988-07-15 00:00:00, 0.0
3.0, 18.7, 0.0, 33.0, 1988-07-16 00:00:00, 0.0
7.0, 19.8, 0.0, 29.0, 1988-07-17 00:00:00, 0.0
4.0, 20.9, 0.0, 38.0, 1988-07-18 00:00:00, 0.0
4.0, 21.0, 180.0, 20.0, 1988-07-19 00:00:00, 0.0
2.0, 21.7, 0.0, 20.0, 1988-07-20 00:00:00, 0.0
2.0, 19.1, 0.0, 56.0, 1988-07-21 00:00:00, 0.0
1.0, 17.2, 0.0, 81.0, 1988-07-22 00:00:00, 0.0
5.0, 20.5, 0.0, 38.0, 1988-07-23 00:00:00, 0.0
1.0, 20.0, 0.0, 23.0, 1988-07-24 00:00:00, 0.0
2.0, 23.5, 0.0, 29.0, 1988-07-25 00:00:00, 0.0
3.0, 22.0, 0.0, 46.0, 1988-07-26 00:00:00, 0.0
