station_observations
wind_speed, temperature, wind_direction, relative_humidity, time, precipitation
0.0, 0.0, 0.0, 0.0, 1977-05-02 00:00:00, 0.0
5.0, 13.5, 50.0, 80.0, 1977-05-03 00:00:00, 14.2
5.0, 8.5, 230.0, 76.0, 1977-05-04 00:00:00, 15.2
6.0, 6.5, 230.0, 87.0, 1977-05-05 00:00:00, 4.3
5.0, 16.0, 180.0, 59.0, 1977-05-06 00:00:00, 1.8
4.0, 16.5, 180.0, 52.0, 1977-05-07 00:00:00, 0.0
9.0, 19.5, 180.0, 42.0, 1977-05-08 00:00:00, 0.0
8.0, 16.5, 140.0, 77.0, 1977-05-09 00:00:00, 0.1
5.0, 18.0, 180.0, 50.0, 1977-05-10 00:00:00, 0.0
0.0, 10.0, 0.0, 77.0, 1977-05-11 00:00:00, 5.1
6.0, 16.0, 180.0, 51.0, 1977-05-12 00:00:00, 0.3
6.0, 16.0, 180.0, 55.0, 1977-05-13 00:00:00, 0.3
9.0, 17.0, 50.0, 45.0, 1977-05-14 00:00:00, 0.3
10.0, 14.5, 50.0, 49.0, 1977-05-15 00:00:00, 0.0
5.0, 16.0, 140.0, 55.0, 1977-05-16 00:00:00, 0.0
3.0, 18.0, 180.0, 43.0, 1977-05-17 00:00:00, 0.0
11.0, 17.0, 180.0, 41.0, 1977-05-18 00:00:00, 0.0
6.0, 18.0, 50.0, 39.0, 1977-05-19 00:00:00, 0.0
9.0, 19.5, 180.0, 38.0, 1977-05-20 00:00:00, 0.0
10.0, 16.5, 230.0, 52.0, 1977-05-21 00:00:00, 0.3
5.0, 20.0, 180.0, 46.0, 1977-05-22 00:00:00, 0.0
3.0, 20.0, 230.0, 46.0, 1977-05-23 00:00:00, 0.0
9.0, 15.5, 230.0, 59.0, 1977-05-24 00:00:00, 2.5
9.0, 16.0, 230.0, 47.0, 1977-05-25 00:00:00, 0.8
10.0, 8.5, 180.0, 82.0, 1977-05-26 00:00:00, 5.3
14.0, 13.5, 230.0, 39.0, 1977-05-27 00:00:00, 7.9
5.0, 15.5, 230.0, 43.0, 1977-05-28 00:00:00, 0.1
1.0, 10.5, 230.0, 89.0, 1977-05-29 00:00:00, 2.8
7.0, 20.0, 230.0, 49.0, 1977-05-30 00:00:00, 0.3
5.0, 18.5, 230.0, 62.0, 1977-05-31 00:00:00, 0.0
5.0, 14.5, 0.0, 90.0, 1977-06-01 00:00:00, 2.8
11.0, 14.5, 180.0, 49.0, 1977-06-02 00:00:00, 12.2
5.0, 14.0, 0.0, 62.0, 1977-06-03 00:00:00, 0.3
5.0, 18.0, 180.0, 70.0, 1977-06-04 00:00:00, 1.8
5.0, 24.0, 230.0, 48.0, 1977-06-05 00:00:00, 2.8
5.0, 27.0, 230.0, 48.0, 1977-06-06 00:00:00, 0.0
3.0, 30.0, 180.0, 43.0, 1977-06-07 00:00:00, 0.0
10.0, 23.5, 230.0, 32.0, 1977-06-08 00:00:00, 0.0
9.0, 19.5, 230.0, 42.0, 1977-06-09 00:00:00, 1.0
11.0, 21.5, 230.0, 44.0, 1977-06-10 00:00:00, 0.0
10.0, 24.5, 230.0, 42.0, 1977-06-11 00:00:00, 0.0
13.0, 23.5, 230.0, 44.0, 1977-06-12 00:00:00, 0.0
6.0, 20.5, 230.0, 71.0, 1977-06-13 00:00:00, 16.5
7.0, 23.0, 230.0, 53.0, 1977-06-14 00:00:00, 0.0
5.0, 23.5, 230.0, 50.0, 1977-06-15 00:00:00, 0.3
11.0, 24.5, 180.0, 45.0, 1977-06-16 00:00:00, 0.0
10.0, 28.0, 180.0, 38.0, 1977-06-17 00:00:00, 0.0
5.0, 29.5, 180.0, 35.0, 1977-06-18 00:00:00, 0.0
5.0, 26.5, 180.0, 34.0, 1977-06-19 00:00:00, 0.0
3.0, 19.5, 180.0, 67.0, 1977-06-20 00:00:00, 6.1
4.0, 20.5, 180.0, 53.0, 1977-06-21 00:00:00, 0.0
10.0, 23.5, 180.0, 35.0, 1977-06-22 00:00:00, 1.3
4.0, 23.5, 230.0, 41.0, 1977-06-23 00:00:00, 0.0
3.0, 21.0, 180.0, 57.0, 1977-06-24 00:00:00, 0.3
10.0, 23.5, 230.0, 35.0, 1977-06-25 00:00:00, 0.0
1.0, 20.5, 180.0, 46.0, 1977-06-26 00:00:00, 0.0
5.0, 23.0, 180.0, 26.0, 1977-06-27 00:00:00, 0.8
7.0, 23.0, 230.0, 40.0, 1977-06-28 00:00:00, 0.0
8.0, 20.5, 230.0, 43.0, 1977-06-29 00:00:00, 0.0
7.0, 23.5, 180.0, 41.0, 1977-06-30 00:00:00, 0.0
11.0, 25.5, 0.0, 33.0, 1977-07-01 00:00:00, 0.0
5.0, 14.5, 0.0, 85.0, 1977-07-02 00:00:00, 6.1
5.0, 14.0, 0.0, 90.0, 1977-07-03 00:00:00, 9.9
6.0, 15.5, 0.0, 63.0, 1977-07-04 00:00:00, 5.1
2.0, 19.5, 0.0, 49.0, 1977-07-05 00:00:00, 1.8
9.0, 16.0, 0.0, 72.0, 1977-07-06 00:00:00, 0.5
8.0, 22.0, 0.0, 49.0, 1977-07-07 00:00:00, 0.0
10.0, 26.5, 0.0, 37.0, 1977-07-08 00:00:00, 0.0
10.0, 26.5, 0.0, 45.0, 1977-07-09 00:00:00, 0.0
16.0, 24.5, 0.0, 49.0, 1977-07-10 00:00:00, 0.0
1.0, 14.5, 0.0, 95.0, 1977-07-11 00:00:00, 6.6
2.0, 18.0, 0.0, 66.0, 1977-07-12 00:00:00, 0.3
2.0, 20.0, 0.0, 67.0, 1977-07-13 00:00:00, 1.0
7.0, 24.0, 0.0, 51.0, 1977-07-14 00:00:00, 4.1
11.0, 25.0, 0.0, 46.0, 1977-07-15 00:00:00, 0.0
6.0, 18.5, 0.0, 70.0, 1977-07-16 00:00:00, 0.0
10.0, 20.5, 0.0, 46.0, 1977-07-17 00:00:00, 11.2
0.0, 16.5, 0.0, 64.0, 1977-07-18 00:00:00, 2.5
6.0, 19.0, 0.0, 59.0, 1977-07-19 00:00:00, 0.0
5.0, 24.5, 0.0, 45.0, 1977-07-20 00:00:00, 0.0
16.0, 20.5, 0.0, 57.0, 1977-07-21 00:00:00, 0.0
5.0, 28.0, 0.0, 38.0, 1977-07-22 00:00:00, 0.0
1.0, 31.5, 0.0, 42.0, 1977-07-23 00:00:00, 0.0
8.0, 26.5, 0.0, 45.0, 1977-07-24 00:00:00, 0.0
5.0, 28.5, 0.0, 39.0, 1977-07-25 00:00:00, 0.0
10.0, 30.5, 0.0, 32.0, 1977-07-26 00:00:00, 0.0
8.0, 30.5, 0.0, 32.0, 1977-07-27 00:00:00, 0.0
6.0, 19.0, 0.0, 83.0, 1977-07-28 00:00:00, 0.3
1.0, 13.5, 0.0, 95.0, 1977-07-29 00:00:00, 29.2
2.0, 20.0, 0.0, 60.0, 1977-07-30 00:00:00, 0.3
8.0, 26.5, 0.0, 50.0, 1977-07-31 00:00:00, 0.0
5.0, 28.0, 0.0, 49.0, 1977-08-01 00:00:00, 0.0
7.0, 30.0, 0.0, 43.0, 1977-08-02 00:00:00, 0.0
11.0, 29.5, 0.0, 45.0, 1977-08-03 00:00:00, 0.0
8.0, 28.0, 0.0, 33.0, 1977-08-04 00:00:00, 0.0
5.0, 27.0, 0.0, 45.0, 1977-08-05 00:00:00, 0.0
11.0, 26.0, 0.0, 39.0, 1977-08-06 00:00:00, 0.0
2.0, 26.0, 0.0, 39.0, 1977-08-07 00:00:00, 0.0
11.0, 28.0, 0.0, 38.0, 1977-08-08 00:00:00, 0.0
14.0, 28.0, 0.0, 44.0, 1977-08-09 00:00:00, 0.0
7.0, 28.0, 0.0, 44.0, 1977-08-10 00:00:00, 0.0
13.0, 28.5, 0.0, 42.0, 1977-08-11 00:00:00, 0.0
5.0, 30.5, 0.0, 38.0, 1977-08-12 00:00:00, 0.0
11.0, 31.5, 0.0, 33.0, 1977-08-13 00:00:00, 0.0
9.0, 29.5, 0.0, 33.0, 1977-08-14 00:00:00, 0.0
7.0, 28.5, 0.0, 37.0, 1977-08-15 00:00:00, 0.0
5.0, 28.5, 0.0, 32.0, 1977-08-16 00:00:00, 0.0
2.0, 29.0, 0.0, 35.0, 1977-08-17 00:00:00, 0.0
5.0, 29.5, 0.0, 45.0, 1977-08-18 00:00:00, 0.0
5.0, 31.5, 0.0, 45.0, 1977-08-19 00:00:00, 0.0
8.0, 30.0, 0.0, 51.0, 1977-08-20 00:00:00, 0.0
4.0, 29.5, 0.0, 50.0, 1977-08-21 00:00:00, 0.0
7.0, 25.0, 0.0, 64.0, 1977-08-22 00:00:00, 3.1
0.0, 16.0, 0.0, 99.0, 1977-08-23 00:00:00, 1.3
6.0, 16.0, 0.0, 86.0, 1977-08-24 00:00:00, 17.8
6.0, 21.0, 0.0, 64.0, 1977-08-25 00:00:00, 2.5
12.0, 19.5, 0.0, 59.0, 1977-08-26 00:00:00, 0.0
4.0, 20.0, 0.0, 56.0, 1977-08-27 00:00:00, 8.6
5.0, 13.0, 0.0, 90.0, 1977-08-28 00:00:00, 2.5
5.0, 17.0, 0.0, 86.0, 1977-08-29 00:00:00, 15.2
6.0, 13.0, 0.0, 79.0, 1977-08-30 00:00:00, 1.5
6.0, 20.5, 0.0, 60.0, 1977-08-31 00:00:00, 0.3
5.0, 18.5, 0.0, 58.0, 1977-09-01 00:00:00, 2.8
6.0, 11.5, 0.0, 89.0, 1977-09-02 00:00:00, 0.5
5.0, 20.0, 0.0, 75.0, 1977-09-03 00:00:00, 8.6
4.0, 16.5, 0.0, 95.0, 1977-09-04 00:00:00, 1.3
6.0, 21.0, 0.0, 68.0, 1977-09-05 00:00:00, 20.1
8.0, 20.5, 0.0, 60.0, 1977-09-06 00:00:00, 0.0
6.0, 19.5, 0.0, 52.0, 1977-09-07 00:00:00, 0.0
8.0, 18.0, 0.0, 58.0, 1977-09-08 00:00:00, 3.8
5.0, 18.5, 0.0, 55.0, 1977-09-09 00:00:00, 0.0
5.0, 19.0, 0.0, 55.0, 1977-09-10 00:00:00, 0.0
11.0, 18.5, 0.0, 47.0, 1977-09-11 00:00:00, 0.0
7.0, 19.5, 0.0, 56.0, 1977-09-12 00:00:00, 0.0
2.0, 21.5, 0.0, 65.0, 1977-09-13 00:00:00, 0.0
9.0, 13.5, 0.0, 66.0, 1977-09-14 00:00:00, 0.0
6.0, 15.0, 0.0, 63.0, 1977-09-15 00:00:00, 0.0
6.0, 17.0, 180.0, 49.0, 1978-05-01 00:00:00, 0.0
5.0, 12.0, 180.0, 99.0, 1978-05-02 00:00:00, 3.3
18.0, 11.0, 180.0, 48.0, 1978-05-03 00:00:00, 6.6
3.0, 12.0, 180.0, 54.0, 1978-05-04 00:00:00, 2.5
2.0, 11.0, 0.0, 53.0, 1978-05-05 00:00:00, 0.0
16.0, 15.0, 180.0, 46.0, 1978-05-06 00:00:00, 0.0
8.0, 18.5, 180.0, 33.0, 1978-05-07 00:00:00, 0.0
0.0, 16.0, 0.0, 51.0, 1978-05-08 00:00:00, 0.0
3.0, 11.5, 230.0, 94.0, 1978-05-09 00:00:00, 17.8
0.0, 12.0, 0.0, 89.0, 1978-05-10 00:00:00, 5.1
6.0, 13.0, 180.0, 65.0, 1978-05-11 00:00:00, 0.5
6.0, 13.0, 230.0, 70.0, 1978-05-12 00:00:00, 2.0
8.0, 11.0, 180.0, 78.0, 1978-05-13 00:00:00, 1.5
3.0, 12.5, 0.0, 95.0, 1978-05-14 00:00:00, 14.7
16.0, 10.0, 180.0, 83.0, 1978-05-15 00:00:00, 13.7
2.0, 15.5, 230.0, 63.0, 1978-05-16 00:00:00, 0.0
5.0, 13.5, 230.0, 80.0, 1978-05-17 00:00:00, 1.3
5.0, 17.0, 180.0, 53.0, 1978-05-18 00:00:00, 0.0
10.0, 21.0, 180.0, 47.0, 1978-05-19 00:00:00, 0.0
10.0, 23.5, 230.0, 44.0, 1978-05-20 00:00:00, 0.0
16.0, 23.0, 230.0, 43.0, 1978-05-21 00:00:00, 0.0
10.0, 15.5, 0.0, 55.0, 1978-05-22 00:00:00, 1.0
6.0, 14.0, 230.0, 40.0, 1978-05-23 00:00:00, 0.0
13.0, 9.5, 140.0, 77.0, 1978-05-24 00:00:00, 0.0
8.0, 5.5, 40.0, 93.0, 1978-05-25 00:00:00, 30.5
6.0, 12.5, 0.0, 74.0, 1978-05-26 00:00:00, 0.0
3.0, 11.0, 0.0, 94.0, 1978-05-27 00:00:00, 1.5
3.0, 15.5, 0.0, 55.0, 1978-05-28 00:00:00, 5.1
8.0, 12.5, 180.0, 55.0, 1978-05-29 00:00:00, 5.3
18.0, 16.0, 180.0, 47.0, 1978-05-30 00:00:00, 0.0
10.0, 23.0, 180.0, 34.0, 1978-05-31 00:00:00, 0.0
8.0, 22.0, 180.0, 39.0, 1978-06-01 00:00:00, 0.0
10.0, 23.0, 180.0, 43.0, 1978-06-02 00:00:00, 0.0
10.0, 27.0, 180.0, 37.0, 1978-06-03 00:00:00, 0.0
8.0, 26.5, 230.0, 45.0, 1978-06-04 00:00:00, 0.0
18.0, 28.0, 180.0, 33.0, 1978-06-05 00:00:00, 0.0
16.0, 24.0, 230.0, 28.0, 1978-06-06 00:00:00, 0.0
24.0, 25.5, 180.0, 33.0, 1978-06-07 00:00:00, 0.0
16.0, 22.0, 230.0, 48.0, 1978-06-08 00:00:00, 0.0
8.0, 14.0, 0.0, 85.0, 1978-06-09 00:00:00, 6.4
8.0, 15.0, 180.0, 81.0, 1978-06-10 00:00:00, 13.2
8.0, 18.5, 230.0, 51.0, 1978-06-11 00:00:00, 0.3
10.0, 21.5, 180.0, 38.0, 1978-06-12 00:00:00, 0.0
6.0, 12.5, 230.0, 95.0, 1978-06-13 00:00:00, 5.6
14.0, 17.0, 180.0, 53.0, 1978-06-14 00:00:00, 5.1
9.0, 11.0, 140.0, 94.0, 1978-06-15 00:00:00, 10.4
6.0, 14.5, 230.0, 85.0, 1978-06-16 00:00:00, 1.0
2.0, 22.0, 180.0, 58.0, 1978-06-17 00:00:00, 0.0
13.0, 14.5, 180.0, 53.0, 1978-06-18 00:00:00, 0.3
14.0, 20.5, 180.0, 43.0, 1978-06-19 00:00:00, 0.0
6.0, 25.0, 180.0, 40.0, 1978-06-20 00:00:00, 0.0
14.0, 26.5, 180.0, 39.0, 1978-06-21 00:00:00, 0.0
11.0, 19.5, 180.0, 52.0, 1978-06-22 00:00:00, 0.0
13.0, 21.0, 180.0, 54.0, 1978-06-23 00:00:00, 0.0
10.0, 22.0, 230.0, 52.0, 1978-06-24 00:00:00, 2.5
16.0, 19.0, 230.0, 74.0, 1978-06-25 00:00:00, 2.5
10.0, 20.5, 180.0, 50.0, 1978-06-26 00:00:00, 0.0
8.0, 26.0, 230.0, 47.0, 1978-06-27 00:00:00, 0.0
3.0, 28.0, 180.0, 41.0, 1978-06-28 00:00:00, 0.0
0.0, 22.5, 0.0, 66.0, 1978-06-29 00:00:00, 0.0
14.0, 15.0, 0.0, 99.0, 1978-06-30 00:00:00, 5.1
3.0, 20.0, 180.0, 60.0, 1978-07-01 00:00:00, 4.1
8.0, 19.0, 180.0, 66.0, 1978-07-02 00:00:00, 0.0
16.0, 23.5, 180.0, 60.0, 1978-07-03 00:00:00, 0.0
18.0, 25.5, 230.0, 43.0, 1978-07-04 00:00:00, 0.0
22.0, 27.0, 230.0, 45.0, 1978-07-05 00:00:00, 0.0
16.0, 27.5, 230.0, 51.0, 1978-07-06 00:00:00, 0.0
6.0, 30.0, 230.0, 41.0, 1978-07-07 00:00:00, 0.0
10.0, 25.5, 230.0, 52.0, 1978-07-08 00:00:00, 0.3
10.0, 15.0, 180.0, 99.0, 1978-07-09 00:00:00, 5.3
18.0, 15.0, 180.0, 99.0, 1978-07-10 00:00:00, 13.0
6.0, 14.0, 230.0, 90.0, 1978-07-11 00:00:00, 3.8
10.0, 20.5, 230.0, 57.0, 1978-07-12 00:00:00, 0.0
8.0, 26.5, 180.0, 45.0, 1978-07-13 00:00:00, 0.0
5.0, 28.0, 180.0, 38.0, 1978-07-14 00:00:00, 0.0
11.0, 28.5, 230.0, 47.0, 1978-07-15 00:00:00, 0.0
19.0, 19.5, 230.0, 71.0, 1978-07-16 00:00:00, 0.3
14.0, 22.0, 230.0, 45.0, 1978-07-17 00:00:00, 2.5
6.0, 24.5, 180.0, 51.0, 1978-07-18 00:00:00, 0.0
8.0, 25.0, 180.0, 46.0, 1978-07-19 00:00:00, 0.1
8.0, 26.0, 180.0, 41.0, 1978-07-20 00:00:00, 0.0
10.0, 27.5, 180.0, 40.0, 1978-07-21 00:00:00, 0.0
8.0, 31.0, 180.0, 42.0, 1978-07-22 00:00:00, 0.0
16.0, 31.5, 180.0, 29.0, 1978-07-23 00:00:00, 0.0
14.0, 29.5, 180.0, 31.0, 1978-07-24 00:00:00, 0.0
6.0, 30.5, 180.0, 41.0, 1978-07-25 00:00:00, 0.0
6.0, 29.0, 180.0, 40.0, 1978-07-26 00:00:00, 0.0
0.0, 17.0, 0.0, 99.0, 1978-07-27 00:00:00, 10.4
11.0, 25.5, 320.0, 61.0, 1978-07-28 00:00:00, 0.0
3.0, 25.5, 180.0, 46.0, 1978-07-29 00:00:00, 0.0
5.0, 27.0, 180.0, 40.0, 1978-07-30 00:00:00, 0.0
16.0, 28.0, 230.0, 41.0, 1978-07-31 00:00:00, 0.0
8.0, 28.0, 180.0, 36.0, 1978-08-01 00:00:00, 0.0
5.0, 29.0, 230.0, 35.0, 1978-08-02 00:00:00, 0.0
5.0, 30.0, 180.0, 31.0, 1978-08-03 00:00:00, 0.0
6.0, 30.5, 180.0, 41.0, 1978-08-04 00:00:00, 0.0
18.0, 26.5, 180.0, 29.0, 1978-08-05 00:00:00, 0.0
16.0, 28.0, 230.0, 31.0, 1978-08-06 00:00:00, 0.0
16.0, 29.5, 180.0, 33.0, 1978-08-07 00:00:00, 0.0
14.0, 30.0, 180.0, 38.0, 1978-08-08 00:00:00, 0.0
6.0, 26.5, 180.0, 50.0, 1978-08-09 00:00:00, 0.0
10.0, 26.5, 180.0, 31.0, 1978-08-10 00:00:00, 0.0
8.0, 22.5, 180.0, 55.0, 1978-08-11 00:00:00, 1.3
16.0, 16.0, 140.0, 72.0, 1978-08-12 00:00:00, 5.1
2.0, 18.5, 180.0, 66.0, 1978-08-13 00:00:00, 6.1
0.0, 13.5, 0.0, 95.0, 1978-08-14 00:00:00, 0.5
3.0, 18.5, 230.0, 70.0, 1978-08-15 00:00:00, 2.3
6.0, 12.0, 180.0, 95.0, 1978-08-16 00:00:00, 19.1
0.0, 16.5, 0.0, 86.0, 1978-08-17 00:00:00, 1.8
0.0, 13.0, 0.0, 99.0, 1978-08-18 00:00:00, 1.8
8.0, 17.0, 230.0, 82.0, 1978-08-19 00:00:00, 7.4
6.0, 15.5, 40.0, 76.0, 1978-08-20 00:00:00, 6.6
11.0, 19.5, 180.0, 56.0, 1978-08-21 00:00:00, 0.0
5.0, 15.0, 180.0, 90.0, 1978-08-22 00:00:00, 0.1
0.0, 13.5, 0.0, 90.0, 1978-08-23 00:00:00, 0.8
13.0, 14.5, 40.0, 76.0, 1978-08-24 00:00:00, 0.8
8.0, 17.0, 230.0, 82.0, 1978-08-25 00:00:00, 13.0
8.0, 17.5, 180.0, 69.0, 1978-08-26 00:00:00, 0.1
10.0, 20.5, 0.0, 60.0, 1978-08-27 00:00:00, 0.1
10.0, 22.0, 230.0, 62.0, 1978-08-28 00:00:00, 0.0
16.0, 23.5, 140.0, 56.0, 1978-08-29 00:00:00, 0.0
14.0, 23.5, 230.0, 63.0, 1978-08-30 00:00:00, 0.0
0.0, 16.5, 0.0, 95.0, 1978-08-31 00:00:00, 3.3
6.0, 13.0, 0.0, 99.0, 1978-09-01 00:00:00, 9.1
0.0, 16.5, 0.0, 91.0, 1978-09-02 00:00:00, 1.3
0.0, 17.0, 0.0, 86.0, 1978-09-03 00:00:00, 1.3
0.0, 13.0, 0.0, 99.0, 1978-09-04 00:00:00, 16.0
0.0, 12.0, 0.0, 95.0, 1978-09-05 00:00:00, 4.8
0.0, 13.0, 0.0, 95.0, 1978-09-06 00:00:00, 8.9
6.0, 16.5, 0.0, 77.0, 1978-09-07 00:00:00, 5.1
5.0, 12.0, 0.0, 99.0, 1978-09-08 00:00:00, 26.9
8.0, 17.0, 0.0, 73.0, 1978-09-09 00:00:00, 0.8
0.0, 13.0, 0.0, 95.0, 1978-09-10 00:00:00, 4.6
5.0, 14.5, 0.0, 71.0, 1978-09-11 00:00:00, 1.3
10.0, 15.5, 0.0, 76.0, 1978-09-12 00:00:00, 0.0
8.0, 15.0, 0.0, 85.0, 1978-09-13 00:00:00, 1.0
10.0, 18.5, 0.0, 62.0, 1978-09-14 00:00:00, 0.0
19.0, 14.5, 0.0, 62.0, 1978-09-15 00:00:00, 6.4
4.0, 19.0, 180.0, 37.0, 1979-05-01 00:00:00, 0.0
7.0, 19.0, 230.0, 48.0, 1979-05-02 00:00:00, 0.0
4.0, 18.0, 230.0, 50.0, 1979-05-03 00:00:00, 0.0
4.0, 11.0, 180.0, 89.0, 1979-05-04 00:00:00, 13.2
0.0, 9.0, 0.0, 94.0, 1979-05-05 00:00:00, 2.0
5.0, 11.0, 230.0, 89.0, 1979-05-06 00:00:00, 3.1
10.0, 13.0, 230.0, 60.0, 1979-05-07 00:00:00, 1.0
6.0, 12.5, 180.0, 84.0, 1979-05-08 00:00:00, 0.5
10.0, 15.5, 180.0, 63.0, 1979-05-09 00:00:00, 0.5
7.0, 12.0, 320.0, 69.0, 1979-05-10 00:00:00, 1.8
11.0, 16.0, 230.0, 43.0, 1979-05-11 00:00:00, 0.0
5.0, 15.0, 40.0, 46.0, 1979-05-12 00:00:00, 0.0
3.0, 12.5, 320.0, 84.0, 1979-05-13 00:00:00, 3.1
6.0, 17.0, 180.0, 49.0, 1979-05-14 00:00:00, 0.0
3.0, 15.0, 230.0, 63.0, 1979-05-15 00:00:00, 0.0
7.0, 13.0, 180.0, 47.0, 1979-05-16 00:00:00, 5.8
6.0, 15.5, 180.0, 55.0, 1979-05-17 00:00:00, 0.0
13.0, 12.0, 140.0, 64.0, 1979-05-18 00:00:00, 3.3
6.0, 14.5, 180.0, 49.0, 1979-05-19 00:00:00, 0.3
6.0, 10.0, 180.0, 72.0, 1979-05-20 00:00:00, 0.0
6.0, 17.0, 180.0, 57.0, 1979-05-21 00:00:00, 0.1
7.0, 21.5, 180.0, 44.0, 1979-05-22 00:00:00, 0.0
4.0, 19.5, 230.0, 59.0, 1979-05-23 00:00:00, 0.0
5.0, 19.0, 140.0, 59.0, 1979-05-24 00:00:00, 1.8
5.0, 20.0, 180.0, 53.0, 1979-05-25 00:00:00, 0.0
1.0, 23.0, 180.0, 56.0, 1979-05-26 00:00:00, 0.0
9.0, 15.0, 140.0, 63.0, 1979-05-27 00:00:00, 11.2
9.0, 11.0, 140.0, 58.0, 1979-05-28 00:00:00, 3.3
4.0, 15.5, 180.0, 63.0, 1979-05-29 00:00:00, 0.1
5.0, 19.0, 180.0, 44.0, 1979-05-30 00:00:00, 0.0
2.0, 19.0, 230.0, 44.0, 1979-05-31 00:00:00, 0.0
7.0, 23.0, 230.0, 49.0, 1979-06-01 00:00:00, 0.0
8.0, 25.0, 180.0, 46.0, 1979-06-02 00:00:00, 0.0
9.0, 25.0, 180.0, 40.0, 1979-06-03 00:00:00, 0.3
5.0, 18.0, 180.0, 62.0, 1979-06-04 00:00:00, 0.8
32.0, 14.0, 40.0, 80.0, 1979-06-05 00:00:00, 4.3
0.0, 10.5, 0.0, 94.0, 1979-06-06 00:00:00, 7.6
4.0, 15.5, 180.0, 63.0, 1979-06-07 00:00:00, 0.1
8.0, 20.0, 230.0, 53.0, 1979-06-08 00:00:00, 0.0
8.0, 26.5, 180.0, 39.0, 1979-06-09 00:00:00, 0.0
5.0, 25.5, 180.0, 33.0, 1979-06-10 00:00:00, 0.0
8.0, 25.5, 180.0, 33.0, 1979-06-11 00:00:00, 0.0
6.0, 25.0, 180.0, 29.0, 1979-06-12 00:00:00, 0.0
0.0, 12.0, 0.0, 89.0, 1979-06-13 00:00:00, 2.8
3.0, 16.0, 230.0, 47.0, 1979-06-14 00:00:00, 0.8
3.0, 18.0, 180.0, 43.0, 1979-06-15 00:00:00, 0.0
3.0, 20.0, 180.0, 42.0, 1979-06-16 00:00:00, 0.0
5.0, 22.5, 230.0, 46.0, 1979-06-17 00:00:00, 0.0
20.0, 25.5, 180.0, 33.0, 1979-06-18 00:00:00, 0.0
5.0, 23.5, 180.0, 47.0, 1979-06-19 00:00:00, 1.8
3.0, 12.0, 180.0, 95.0, 1979-06-20 00:00:00, 25.7
3.0, 21.0, 230.0, 54.0, 1979-06-21 00:00:00, 0.0
14.0, 22.0, 230.0, 39.0, 1979-06-22 00:00:00, 0.0
13.0, 21.0, 230.0, 37.0, 1979-06-23 00:00:00, 0.0
16.0, 22.0, 230.0, 30.0, 1979-06-24 00:00:00, 0.0
3.0, 26.0, 230.0, 36.0, 1979-06-25 00:00:00, 0.0
2.0, 27.0, 230.0, 32.0, 1979-06-26 00:00:00, 0.0
20.0, 28.5, 230.0, 27.0, 1979-06-27 00:00:00, 0.0
8.0, 29.0, 230.0, 22.0, 1979-06-28 00:00:00, 0.0
3.0, 28.0, 230.0, 36.0, 1979-06-29 00:00:00, 0.0
10.0, 22.5, 230.0, 43.0, 1979-06-30 00:00:00, 1.0
3.0, 9.5, 230.0, 94.0, 1979-07-01 00:00:00, 5.1
3.0, 15.0, 230.0, 62.0, 1979-07-02 00:00:00, 3.3
2.0, 22.0, 230.0, 31.0, 1979-07-03 00:00:00, 0.3
11.0, 22.0, 140.0, 52.0, 1979-07-04 00:00:00, 0.1
13.0, 24.0, 180.0, 57.0, 1979-07-05 00:00:00, 1.3
0.0, 22.0, 0.0, 62.0, 1979-07-06 00:00:00, 0.0
3.0, 23.5, 90.0, 56.0, 1979-07-07 00:00:00, 0.8
11.0, 25.0, 180.0, 55.0, 1979-07-08 00:00:00, 2.0
10.0, 26.0, 180.0, 44.0, 1979-07-09 00:00:00, 0.0
6.0, 20.5, 230.0, 68.0, 1979-07-10 00:00:00, 3.3
10.0, 22.0, 230.0, 42.0, 1979-07-11 00:00:00, 0.1
14.0, 18.0, 230.0, 54.0, 1979-07-12 00:00:00, 0.0
3.0, 19.5, 230.0, 63.0, 1979-07-13 00:00:00, 2.5
6.0, 23.5, 230.0, 32.0, 1979-07-14 00:00:00, 0.0
5.0, 27.5, 230.0, 33.0, 1979-07-15 00:00:00, 0.0
6.0, 29.5, 230.0, 33.0, 1979-07-16 00:00:00, 0.0
5.0, 30.5, 230.0, 30.0, 1979-07-17 00:00:00, 0.0
10.0, 32.5, 230.0, 36.0, 1979-07-18 00:00:00, 0.0
10.0, 33.0, 40.0, 29.0, 1979-07-19 00:00:00, 0.0
6.0, 32.0, 40.0, 29.0, 1979-07-20 00:00:00, 0.0
19.0, 29.0, 230.0, 37.0, 1979-07-21 00:00:00, 0.0
19.0, 28.5, 230.0, 32.0, 1979-07-22 00:00:00, 0.0
20.0, 27.5, 180.0, 28.0, 1979-07-23 00:00:00, 0.0
14.0, 27.0, 230.0, 27.0, 1979-07-24 00:00:00, 0.0
3.0, 29.5, 230.0, 28.0, 1979-07-25 00:00:00, 0.0
13.0, 28.0, 230.0, 33.0, 1979-07-26 00:00:00, 0.0
5.0, 33.0, 230.0, 31.0, 1979-07-27 00:00:00, 0.0
10.0, 29.5, 230.0, 28.0, 1979-07-28 00:00:00, 0.0
5.0, 27.5, 230.0, 35.0, 1979-07-29 00:00:00, 0.0
10.0, 29.0, 230.0, 30.0, 1979-07-30 00:00:00, 0.0
0.0, 29.0, 0.0, 30.0, 1979-07-31 00:00:00, 0.0
20.0, 28.0, 230.0, 33.0, 1979-08-01 00:00:00, 0.0
15.0, 29.0, 230.0, 35.0, 1979-08-02 00:00:00, 0.0
3.0, 20.0, 230.0, 64.0, 1979-08-03 00:00:00, 7.6
5.0, 23.5, 180.0, 44.0, 1979-08-04 00:00:00, 0.0
10.0, 26.5, 180.0, 31.0, 1979-08-05 00:00:00, 0.0
15.0, 23.0, 180.0, 32.0, 1979-08-06 00:00:00, 0.0
5.0, 26.0, 230.0, 33.0, 1979-08-07 00:00:00, 0.0
3.0, 29.0, 230.0, 28.0, 1979-08-08 00:00:00, 0.5
8.0, 29.5, 230.0, 28.0, 1979-08-09 00:00:00, 0.0
5.0, 30.5, 180.0, 28.0, 1979-08-10 00:00:00, 0.0
20.0, 30.0, 140.0, 25.0, 1979-08-11 00:00:00, 0.0
0.0, 20.0, 0.0, 37.0, 1979-08-12 00:00:00, 0.0
0.0, 31.0, 0.0, 33.0, 1979-08-13 00:00:00, 0.0
0.0, 25.0, 0.0, 46.0, 1979-08-14 00:00:00, 0.0
0.0, 17.5, 0.0, 91.0, 1979-08-15 00:00:00, 10.9
0.0, 24.5, 0.0, 64.0, 1979-08-16 00:00:00, 0.5
13.0, 25.0, 230.0, 52.0, 1979-08-17 00:00:00, 1.3
3.0, 21.5, 230.0, 68.0, 1979-08-18 00:00:00, 11.7
4.0, 22.0, 230.0, 65.0, 1979-08-19 00:00:00, 0.1
5.0, 22.5, 230.0, 55.0, 1979-08-20 00:00:00, 0.0
4.0, 28.0, 180.0, 49.0, 1979-08-21 00:00:00, 0.0
5.0, 28.0, 140.0, 46.0, 1979-08-22 00:00:00, 0.1
3.0, 27.0, 230.0, 42.0, 1979-08-23 00:00:00, 0.0
3.0, 19.5, 230.0, 83.0, 1979-08-24 00:00:00, 0.8
10.0, 25.5, 320.0, 49.0, 1979-08-25 00:00:00, 0.0
5.0, 26.5, 230.0, 50.0, 1979-08-26 00:00:00, 0.0
15.0, 26.5, 230.0, 42.0, 1979-08-27 00:00:00, 0.0
15.0, 27.0, 230.0, 45.0, 1979-08-28 00:00:00, 0.0
5.0, 29.5, 230.0, 33.0, 1979-08-29 00:00:00, 0.0
18.0, 16.0, 0.0, 90.0, 1979-08-30 00:00:00, 0.2
6.0, 23.0, 230.0, 56.0, 1979-08-31 00:00:00, 1.5
0.0, 21.5, 0.0, 68.0, 1979-09-01 00:00:00, 0.0
0.0, 16.0, 0.0, 90.0, 1979-09-02 00:00:00, 8.9
0.0, 14.5, 0.0, 85.0, 1979-09-03 00:00:00, 12.7
3.0, 17.0, 140.0, 77.0, 1979-09-04 00:00:00, 2.5
10.0, 17.0, 40.0, 73.0, 1979-09-05 00:00:00, 1.5
0.0, 17.0, 0.0, 73.0, 1979-09-06 00:00:00, 16.5
0.0, 16.5, 0.0, 86.0, 1979-09-07 00:00:00, 0.1
3.0, 21.0, 180.0, 68.0, 1979-09-08 00:00:00, 5.1
5.0, 14.5, 180.0, 90.0, 1979-09-09 00:00:00, 1.8
3.0, 20.0, 180.0, 60.0, 1979-09-10 00:00:00, 3.8
15.0, 15.5, 230.0, 67.0, 1979-09-11 00:00:00, 2.5
3.0, 17.0, 230.0, 65.0, 1979-09-12 00:00:00, 0.0
3.0, 19.5, 180.0, 56.0, 1979-09-13 00:00:00, 0.0
3.0, 22.5, 180.0, 52.0, 1979-09-14 00:00:00, 0.0
3.0, 23.0, 140.0, 49.0, 1979-09-15 00:00:00, 0.0
15.0, 22.5, 180.0, 46.0, 1979-09-16 00:00:00, 0.0
3.0, 21.5, 230.0, 48.0, 1979-09-17 00:00:00, 0.0
3.0, 21.0, 230.0, 57.0, 1979-09-18 00:00:00, 0.0
0.0, 21.0, 0.0, 61.0, 1979-09-19 00:00:00, 0.0
0.0, 20.5, 0.0, 57.0, 1979-09-20 00:00:00, 0.0
0.0, 19.5, 0.0, 45.0, 1979-09-21 00:00:00, 0.5
3.0, 18.5, 230.0, 66.0, 1979-09-22 00:00:00, 0.0
3.0, 18.5, 230.0, 70.0, 1979-09-23 00:00:00, 0.0
0.0, 19.5, 0.0, 52.0, 1979-09-24 00:00:00, 0.0
0.0, 20.0, 0.0, 53.0, 1979-09-25 00:00:00, 0.0
0.0, 17.0, 0.0, 65.0, 1979-09-26 00:00:00, 0.0
0.0, 12.0, 0.0, 99.0, 1979-09-27 00:00:00, 3.1
0.0, 14.0, 0.0, 71.0, 1979-09-28 00:00:00, 8.9
0.0, 10.0, 0.0, 67.0, 1979-09-29 00:00:00, 0.0
0.0, 17.5, 0.0, 65.0, 1979-09-30 00:00:00, 0.0
8.0, 18.0, 230.0, 58.0, 1980-05-07 00:00:00, 0.0
10.0, 20.0, 230.0, 56.0, 1980-05-08 00:00:00, 0.0
5.0, 16.0, 230.0, 64.0, 1980-05-09 00:00:00, 6.1
5.0, 19.0, 180.0, 59.0, 1980-05-10 00:00:00, 2.5
5.0, 22.0, 230.0, 42.0, 1980-05-11 00:00:00, 0.0
0.0, 14.5, 0.0, 76.0, 1980-05-12 00:00:00, 0.0
0.0, 17.5, 0.0, 61.0, 1980-05-13 00:00:00, 0.0
0.0, 19.0, 0.0, 51.0, 1980-05-14 00:00:00, 0.0
0.0, 18.0, 0.0, 58.0, 1980-05-15 00:00:00, 2.5
0.0, 18.5, 0.0, 55.0, 1980-05-16 00:00:00, 0.0
10.0, 20.5, 230.0, 50.0, 1980-05-17 00:00:00, 0.0
0.0, 19.5, 0.0, 52.0, 1980-05-18 00:00:00, 0.0
0.0, 14.0, 0.0, 71.0, 1980-05-19 00:00:00, 0.0
0.0, 14.0, 0.0, 75.0, 1980-05-20 00:00:00, 0.0
3.0, 16.5, 230.0, 77.0, 1980-05-21 00:00:00, 7.5
0.0, 12.5, 0.0, 79.0, 1980-05-22 00:00:00, 4.6
3.0, 10.5, 180.0, 72.0, 1980-05-23 00:00:00, 0.0
3.0, 10.5, 230.0, 89.0, 1980-05-24 00:00:00, 5.6
0.0, 13.0, 0.0, 79.0, 1980-05-25 00:00:00, 0.5
8.0, 17.5, 230.0, 57.0, 1980-05-26 00:00:00, 0.0
0.0, 13.5, 0.0, 66.0, 1980-05-27 00:00:00, 6.4
0.0, 12.5, 0.0, 89.0, 1980-05-28 00:00:00, 5.1
8.0, 15.5, 230.0, 76.0, 1980-05-29 00:00:00, 8.9
10.0, 16.5, 230.0, 64.0, 1980-05-30 00:00:00, 2.5
0.0, 15.0, 0.0, 63.0, 1980-05-31 00:00:00, 0.0
0.0, 11.0, 0.0, 94.0, 1980-06-01 00:00:00, 25.4
10.0, 12.5, 180.0, 69.0, 1980-06-02 00:00:00, 3.1
8.0, 15.0, 230.0, 58.0, 1980-06-03 00:00:00, 14.0
0.0, 10.5, 0.0, 89.0, 1980-06-04 00:00:00, 24.1
8.0, 15.5, 180.0, 72.0, 1980-06-05 00:00:00, 5.1
0.0, 13.0, 0.0, 90.0, 1980-06-06 00:00:00, 3.1
0.0, 19.0, 0.0, 59.0, 1980-06-07 00:00:00, 0.8
0.0, 26.0, 0.0, 47.0, 1980-06-08 00:00:00, 0.1
0.0, 16.0, 0.0, 86.0, 1980-06-09 00:00:00, 2.5
0.0, 19.0, 0.0, 59.0, 1980-06-10 00:00:00, 4.6
3.0, 19.5, 180.0, 63.0, 1980-06-11 00:00:00, 0.8
4.0, 22.5, 230.0, 55.0, 1980-06-12 00:00:00, 0.0
0.0, 25.5, 0.0, 43.0, 1980-06-13 00:00:00, 0.0
0.0, 20.5, 0.0, 64.0, 1980-06-14 00:00:00, 0.0
0.0, 23.5, 0.0, 63.0, 1980-06-15 00:00:00, 0.8
0.0, 23.0, 0.0, 63.0, 1980-06-16 00:00:00, 0.0
0.0, 13.5, 0.0, 80.0, 1980-06-17 00:00:00, 11.2
3.0, 19.0, 180.0, 66.0, 1980-06-18 00:00:00, 0.5
3.0, 24.0, 180.0, 45.0, 1980-06-19 00:00:00, 0.0
0.0, 24.0, 0.0, 45.0, 1980-06-20 00:00:00, 0.0
0.0, 26.0, 0.0, 47.0, 1980-06-21 00:00:00, 0.0
0.0, 18.0, 0.0, 74.0, 1980-06-22 00:00:00, 0.0
0.0, 16.5, 0.0, 52.0, 1980-06-23 00:00:00, 0.0
3.0, 21.5, 180.0, 44.0, 1980-06-24 00:00:00, 0.0
0.0, 16.5, 0.0, 73.0, 1980-06-25 00:00:00, 0.0
10.0, 19.0, 230.0, 51.0, 1980-06-26 00:00:00, 6.9
5.0, 12.0, 180.0, 84.0, 1980-06-27 00:00:00, 2.5
0.0, 15.5, 0.0, 63.0, 1980-06-28 00:00:00, 6.4
0.0, 11.0, 0.0, 66.0, 1980-06-29 00:00:00, 6.4
2.0, 16.0, 180.0, 72.0, 1980-06-30 00:00:00, 0.0
0.0, 26.5, 0.0, 72.0, 1980-07-01 00:00:00, 0.0
5.0, 27.0, 230.0, 54.0, 1980-07-02 00:00:00, 0.0
16.0, 15.5, 180.0, 90.0, 1980-07-03 00:00:00, 4.1
6.0, 16.0, 320.0, 77.0, 1980-07-04 00:00:00, 7.6
19.0, 15.0, 40.0, 71.0, 1980-07-05 00:00:00, 12.6
8.0, 17.0, 0.0, 57.0, 1980-07-06 00:00:00, 0.0
6.0, 22.0, 230.0, 57.0, 1980-07-07 00:00:00, 0.0
16.0, 27.5, 180.0, 33.0, 1980-07-08 00:00:00, 0.0
16.0, 27.0, 230.0, 45.0, 1980-07-09 00:00:00, 0.0
8.0, 16.5, 40.0, 91.0, 1980-07-10 00:00:00, 1.3
10.0, 17.5, 180.0, 61.0, 1980-07-11 00:00:00, 7.6
8.0, 18.5, 180.0, 70.0, 1980-07-12 00:00:00, 3.6
5.0, 19.5, 180.0, 67.0, 1980-07-13 00:00:00, 0.0
10.0, 18.0, 230.0, 74.0, 1980-07-14 00:00:00, 4.6
10.0, 20.0, 180.0, 53.0, 1980-07-15 00:00:00, 0.8
10.0, 18.0, 230.0, 82.0, 1980-07-16 00:00:00, 2.3
0.0, 20.5, 0.0, 57.0, 1980-07-17 00:00:00, 0.0
3.0, 18.5, 230.0, 70.0, 1980-07-18 00:00:00, 0.8
10.0, 20.0, 180.0, 53.0, 1980-07-19 00:00:00, 1.8
8.0, 24.0, 180.0, 51.0, 1980-07-20 00:00:00, 0.0
10.0, 25.5, 180.0, 58.0, 1980-07-21 00:00:00, 0.0
8.0, 28.0, 230.0, 52.0, 1980-07-22 00:00:00, 0.0
11.0, 26.5, 180.0, 45.0, 1980-07-23 00:00:00, 2.0
6.0, 25.0, 230.0, 40.0, 1980-07-24 00:00:00, 0.0
8.0, 25.0, 180.0, 52.0, 1980-07-25 00:00:00, 0.0
11.0, 25.5, 230.0, 46.0, 1980-07-26 00:00:00, 0.0
10.0, 26.5, 180.0, 34.0, 1980-07-27 00:00:00, 0.0
11.0, 27.0, 180.0, 30.0, 1980-07-28 00:00:00, 0.0
16.0, 24.5, 180.0, 31.0, 1980-07-29 00:00:00, 2.5
10.0, 24.0, 230.0, 42.0, 1980-07-30 00:00:00, 0.0
8.0, 25.5, 180.0, 41.0, 1980-07-31 00:00:00, 0.0
8.0, 26.0, 230.0, 33.0, 1980-08-01 00:00:00, 0.0
6.0, 15.5, 0.0, 95.0, 1980-08-02 00:00:00, 4.8
2.0, 19.0, 0.0, 59.0, 1980-08-03 00:00:00, 8.6
5.0, 17.5, 40.0, 57.0, 1980-08-04 00:00:00, 0.3
6.0, 15.5, 320.0, 90.0, 1980-08-05 00:00:00, 8.9
6.0, 18.5, 270.0, 66.0, 1980-08-06 00:00:00, 0.3
13.0, 20.0, 180.0, 56.0, 1980-08-07 00:00:00, 0.0
10.0, 22.0, 140.0, 52.0, 1980-08-08 00:00:00, 0.0
10.0, 23.5, 230.0, 47.0, 1980-08-09 00:00:00, 0.0
8.0, 24.5, 230.0, 51.0, 1980-08-10 00:00:00, 0.0
7.0, 24.5, 180.0, 51.0, 1980-08-11 00:00:00, 0.0
11.0, 24.5, 180.0, 51.0, 1980-08-12 00:00:00, 3.8
11.0, 23.0, 180.0, 53.0, 1980-08-13 00:00:00, 0.0
5.0, 23.5, 180.0, 50.0, 1980-08-14 00:00:00, 0.0
6.0, 22.0, 230.0, 52.0, 1980-08-15 00:00:00, 0.0
5.0, 21.0, 180.0, 64.0, 1980-08-16 00:00:00, 0.0
5.0, 13.5, 180.0, 99.0, 1980-08-17 00:00:00, 12.6
10.0, 20.0, 230.0, 64.0, 1980-08-18 00:00:00, 16.6
10.0, 23.5, 180.0, 50.0, 1980-08-19 00:00:00, 0.0
10.0, 21.5, 180.0, 35.0, 1980-08-20 00:00:00, 0.0
11.0, 19.0, 180.0, 48.0, 1980-08-21 00:00:00, 0.0
10.0, 19.5, 230.0, 56.0, 1980-08-22 00:00:00, 0.0
8.0, 19.5, 0.0, 52.0, 1980-08-23 00:00:00, 0.0
8.0, 16.0, 270.0, 51.0, 1980-08-24 00:00:00, 0.8
10.0, 17.0, 180.0, 61.0, 1980-08-25 00:00:00, 0.0
8.0, 21.0, 180.0, 50.0, 1980-08-26 00:00:00, 0.0
8.0, 14.5, 180.0, 76.0, 1980-08-27 00:00:00, 15.0
2.0, 11.5, 180.0, 94.0, 1980-08-28 00:00:00, 7.4
13.0, 17.0, 320.0, 65.0, 1980-08-29 00:00:00, 6.4
13.0, 16.0, 230.0, 55.0, 1980-08-30 00:00:00, 0.3
8.0, 16.0, 230.0, 68.0, 1980-08-31 00:00:00, 0.0
6.0, 10.5, 180.0, 99.0, 1980-09-01 00:00:00, 8.4
0.0, 11.5, 0.0, 89.0, 1980-09-02 00:00:00, 24.2
10.0, 15.0, 0.0, 67.0, 1980-09-03 00:00:00, 0.0
10.0, 17.5, 0.0, 61.0, 1980-09-04 00:00:00, 0.0
5.0, 18.5, 40.0, 66.0, 1980-09-05 00:00:00, 0.5
8.0, 18.5, 180.0, 70.0, 1980-09-06 00:00:00, 0.0
2.0, 15.0, 90.0, 90.0, 1980-09-07 00:00:00, 20.8
8.0, 13.0, 140.0, 75.0, 1980-09-08 00:00:00, 0.0
6.0, 16.5, 180.0, 68.0, 1980-09-09 00:00:00, 0.0
10.0, 17.5, 180.0, 69.0, 1980-09-10 00:00:00, 0.0
11.0, 18.5, 180.0, 82.0, 1980-09-11 00:00:00, 0.0
6.0, 17.5, 230.0, 69.0, 1980-09-12 00:00:00, 0.0
6.0, 15.5, 320.0, 90.0, 1980-09-13 00:00:00, 2.5
10.0, 15.5, 180.0, 63.0, 1980-09-14 00:00:00, 1.5
18.0, 18.0, 140.0, 54.0, 1980-09-15 00:00:00, 0.0
6.0, 14.5, 0.0, 76.0, 1980-09-16 00:00:00, 0.0
0.0, 17.5, 0.0, 99.0, 1980-09-17 00:00:00, 0.0
11.0, 17.5, 180.0, 73.0, 1980-09-18 00:00:00, 0.0
10.0, 11.5, 90.0, 99.0, 1980-09-19 00:00:00, 6.4
8.0, 11.5, 90.0, 89.0, 1980-09-20 00:00:00, 3.8
10.0, 14.0, 140.0, 66.0, 1980-09-21 00:00:00, 9.1
6.0, 9.5, 0.0, 83.0, 1980-09-22 00:00:00, 2.5
6.0, 15.5, 40.0, 72.0, 1980-09-23 00:00:00, 2.5
8.0, 13.5, 180.0, 70.0, 1980-09-24 00:00:00, 2.5
11.0, 13.0, 180.0, 75.0, 1980-09-25 00:00:00, 0.0
6.0, 14.0, 180.0, 71.0, 1980-09-26 00:00:00, 0.0
9.0, 15.5, 180.0, 76.0, 1980-09-27 00:00:00, 0.0
5.0, 17.0, 0.0, 65.0, 1980-09-28 00:00:00, 0.0
3.0, 13.0, 320.0, 95.0, 1980-09-29 00:00:00, 1.3
8.0, 15.5, 180.0, 76.0, 1980-09-30 00:00:00, 7.6
10.0, 20.0, 180.0, 56.0, 1981-05-19 00:00:00, 13.2
8.0, 11.5, 180.0, 89.0, 1981-05-20 00:00:00, 0.4
8.0, 17.0, 90.0, 65.0, 1981-05-21 00:00:00, 0.0
5.0, 15.5, 180.0, 76.0, 1981-05-22 00:00:00, 0.2
3.0, 20.0, 180.0, 42.0, 1981-05-23 00:00:00, 0.0
0.0, 20.0, 0.0, 39.0, 1981-05-24 00:00:00, 0.0
10.0, 18.0, 180.0, 74.0, 1981-05-25 00:00:00, 0.2
0.0, 16.5, 0.0, 60.0, 1981-05-26 00:00:00, 20.3
7.0, 17.5, 180.0, 42.0, 1981-05-27 00:00:00, 0.0
8.0, 18.0, 180.0, 43.0, 1981-05-28 00:00:00, 0.0
9.0, 21.0, 180.0, 50.0, 1981-05-29 00:00:00, 0.0
5.0, 18.0, 180.0, 82.0, 1981-05-30 00:00:00, 0.0
5.0, 13.0, 180.0, 82.0, 1981-05-31 00:00:00, 29.2
3.0, 17.5, 270.0, 61.0, 1981-06-01 00:00:00, 0.0
5.0, 18.5, 180.0, 55.0, 1981-06-02 00:00:00, 0.0
5.0, 17.0, 0.0, 53.0, 1981-06-03 00:00:00, 0.0
13.0, 17.0, 0.0, 57.0, 1981-06-04 00:00:00, 4.1
0.0, 15.0, 0.0, 71.0, 1981-06-05 00:00:00, 0.0
10.0, 18.5, 230.0, 37.0, 1981-06-06 00:00:00, 5.1
11.0, 16.0, 180.0, 55.0, 1981-06-07 00:00:00, 0.0
3.0, 14.5, 230.0, 58.0, 1981-06-08 00:00:00, 1.3
14.0, 14.5, 180.0, 67.0, 1981-06-09 00:00:00, 0.0
0.0, 11.0, 0.0, 83.0, 1981-06-10 00:00:00, 5.8
5.0, 16.5, 140.0, 40.0, 1981-06-11 00:00:00, 1.0
2.0, 18.0, 270.0, 43.0, 1981-06-12 00:00:00, 0.0
6.0, 11.5, 180.0, 84.0, 1981-06-13 00:00:00, 0.3
8.0, 18.0, 40.0, 58.0, 1981-06-14 00:00:00, 0.0
11.0, 18.5, 0.0, 55.0, 1981-06-15 00:00:00, 5.1
11.0, 15.5, 180.0, 59.0, 1981-06-16 00:00:00, 15.2
10.0, 15.0, 180.0, 67.0, 1981-06-17 00:00:00, 6.4
10.0, 10.0, 230.0, 89.0, 1981-06-18 00:00:00, 2.5
10.0, 15.0, 0.0, 76.0, 1981-06-19 00:00:00, 10.2
11.0, 15.0, 320.0, 71.0, 1981-06-20 00:00:00, 3.8
8.0, 14.0, 180.0, 62.0, 1981-06-21 00:00:00, 5.1
11.0, 12.0, 180.0, 89.0, 1981-06-22 00:00:00, 1.3
8.0, 16.5, 90.0, 52.0, 1981-06-23 00:00:00, 8.9
10.0, 13.0, 180.0, 79.0, 1981-06-24 00:00:00, 0.0
7.0, 24.5, 180.0, 58.0, 1981-06-25 00:00:00, 0.0
10.0, 21.0, 180.0, 50.0, 1981-06-26 00:00:00, 0.0
11.0, 20.5, 180.0, 53.0, 1981-06-27 00:00:00, 0.0
14.0, 19.5, 180.0, 56.0, 1981-06-28 00:00:00, 2.0
10.0, 19.0, 0.0, 66.0, 1981-06-29 00:00:00, 0.0
0.0, 15.0, 0.0, 95.0, 1981-06-30 00:00:00, 3.8
5.0, 18.5, 180.0, 74.0, 1981-07-01 00:00:00, 6.4
8.0, 22.0, 230.0, 84.0, 1981-07-02 00:00:00, 0.0
3.0, 25.5, 0.0, 85.0, 1981-07-03 00:00:00, 0.0
14.0, 26.0, 180.0, 92.0, 1981-07-04 00:00:00, 0.0
0.0, 21.5, 0.0, 65.0, 1981-07-05 00:00:00, 0.0
13.0, 20.5, 140.0, 57.0, 1981-07-06 00:00:00, 5.6
10.0, 9.0, 180.0, 88.0, 1981-07-07 00:00:00, 12.7
8.0, 16.0, 320.0, 72.0, 1981-07-08 00:00:00, 3.6
5.0, 20.5, 180.0, 79.0, 1981-07-09 00:00:00, 0.0
11.0, 21.0, 180.0, 79.0, 1981-07-10 00:00:00, 0.0
8.0, 17.5, 180.0, 82.0, 1981-07-11 00:00:00, 11.4
8.0, 21.0, 180.0, 92.0, 1981-07-12 00:00:00, 0.0
11.0, 19.5, 180.0, 91.0, 1981-07-13 00:00:00, 0.0
6.0, 13.0, 0.0, 99.0, 1981-07-14 00:00:00, 17.8
8.0, 17.0, 0.0, 91.0, 1981-07-15 00:00:00, 0.0
11.0, 22.0, 180.0, 92.0, 1981-07-16 00:00:00, 0.0
0.0, 20.5, 0.0, 96.0, 1981-07-17 00:00:00, 0.0
13.0, 24.5, 230.0, 51.0, 1981-07-18 00:00:00, 0.0
8.0, 21.0, 180.0, 92.0, 1981-07-19 00:00:00, 3.1
5.0, 17.0, 180.0, 95.0, 1981-07-20 00:00:00, 2.0
3.0, 20.0, 230.0, 79.0, 1981-07-21 00:00:00, 4.3
11.0, 22.0, 180.0, 92.0, 1981-07-22 00:00:00, 1.3
0.0, 20.0, 0.0, 83.0, 1981-07-23 00:00:00, 0.0
0.0, 17.0, 0.0, 95.0, 1981-07-24 00:00:00, 19.1
8.0, 21.0, 180.0, 92.0, 1981-07-25 00:00:00, 0.0
8.0, 20.0, 180.0, 96.0, 1981-07-26 00:00:00, 0.0
3.0, 27.0, 180.0, 69.0, 1981-07-27 00:00:00, 0.0
11.0, 26.5, 180.0, 34.0, 1981-07-28 00:00:00, 0.0
11.0, 19.0, 270.0, 96.0, 1981-07-29 00:00:00, 2.5
19.0, 19.0, 0.0, 99.0, 1981-07-30 00:00:00, 1.8
14.0, 21.0, 0.0, 96.0, 1981-07-31 00:00:00, 0.0
14.0, 22.5, 180.0, 96.0, 1981-08-01 00:00:00, 0.0
0.0, 24.5, 0.0, 96.0, 1981-08-02 00:00:00, 0.0
6.0, 23.5, 180.0, 84.0, 1981-08-03 00:00:00, 0.3
14.0, 22.0, 180.0, 99.0, 1981-08-04 00:00:00, 0.0
10.0, 24.0, 180.0, 70.0, 1981-08-05 00:00:00, 0.0
6.0, 25.0, 180.0, 74.0, 1981-08-06 00:00:00, 0.0
11.0, 26.5, 180.0, 96.0, 1981-08-07 00:00:00, 0.0
10.0, 27.6, 140.0, 79.0, 1981-08-08 00:00:00, 0.0
5.0, 28.0, 180.0, 46.0, 1981-08-09 00:00:00, 0.0
4.0, 27.5, 180.0, 40.0, 1981-08-10 00:00:00, 0.0
4.0, 29.5, 180.0, 48.0, 1981-08-11 00:00:00, 0.0
11.0, 28.5, 180.0, 44.0, 1981-08-12 00:00:00, 0.0
11.0, 27.5, 180.0, 46.0, 1981-08-13 00:00:00, 0.0
11.0, 25.0, 180.0, 55.0, 1981-08-14 00:00:00, 0.0
11.0, 24.0, 180.0, 74.0, 1981-08-15 00:00:00, 0.0
11.0, 27.5, 180.0, 66.0, 1981-08-16 00:00:00, 0.0
19.0, 26.0, 180.0, 56.0, 1981-08-17 00:00:00, 0.0
0.0, 24.5, 0.0, 64.0, 1981-08-18 00:00:00, 0.0
11.0, 27.0, 180.0, 85.0, 1981-08-19 00:00:00, 0.0
0.0, 16.5, 0.0, 95.0, 1981-08-20 00:00:00, 6.6
14.0, 22.0, 180.0, 62.0, 1981-08-21 00:00:00, 7.6
8.0, 23.5, 180.0, 60.0, 1981-08-22 00:00:00, 0.0
11.0, 25.0, 180.0, 55.0, 1981-08-23 00:00:00, 0.0
11.0, 25.5, 180.0, 81.0, 1981-08-24 00:00:00, 0.0
13.0, 25.5, 180.0, 55.0, 1981-08-25 00:00:00, 0.0
14.0, 21.0, 180.0, 92.0, 1981-08-26 00:00:00, 0.0
6.0, 21.5, 230.0, 41.0, 1981-08-27 00:00:00, 0.0
11.0, 21.0, 230.0, 50.0, 1981-08-28 00:00:00, 0.0
0.0, 15.5, 0.0, 90.0, 1981-08-29 00:00:00, 8.9
6.0, 16.5, 40.0, 86.0, 1981-08-30 00:00:00, 15.8
5.0, 10.0, 180.0, 82.0, 1981-08-31 00:00:00, 0.0
0.0, 14.0, 0.0, 95.0, 1981-09-01 00:00:00, 10.2
8.0, 18.0, 0.0, 66.0, 1981-09-02 00:00:00, 6.4
3.0, 16.0, 0.0, 59.0, 1981-09-03 00:00:00, 5.1
0.0, 14.0, 0.0, 95.0, 1981-09-04 00:00:00, 11.9
8.0, 17.5, 0.0, 82.0, 1981-09-05 00:00:00, 6.6
14.0, 18.0, 0.0, 74.0, 1981-09-06 00:00:00, 0.0
14.0, 21.0, 0.0, 64.0, 1981-09-07 00:00:00, 0.0
0.0, 23.0, 0.0, 70.0, 1981-09-08 00:00:00, 0.0
8.0, 21.0, 0.0, 72.0, 1981-09-09 00:00:00, 0.0
11.0, 19.0, 0.0, 66.0, 1981-09-10 00:00:00, 0.0
8.0, 19.0, 0.0, 78.0, 1981-09-11 00:00:00, 0.0
14.0, 19.0, 0.0, 51.0, 1981-09-12 00:00:00, 0.0
8.0, 18.0, 0.0, 62.0, 1981-09-13 00:00:00, 0.0
11.0, 17.5, 0.0, 69.0, 1981-09-14 00:00:00, 0.0
11.0, 19.0, 0.0, 74.0, 1981-09-15 00:00:00, 0.0
8.0, 23.0, 0.0, 63.0, 1981-09-16 00:00:00, 0.0
8.0, 22.0, 0.0, 69.0, 1981-09-17 00:00:00, 0.0
0.0, 21.0, 0.0, 83.0, 1981-09-18 00:00:00, 0.0
11.0, 15.0, 0.0, 81.0, 1981-09-19 00:00:00, 17.8
3.0, 13.5, 0.0, 85.0, 1981-09-20 00:00:00, 4.6
2.0, 11.5, 0.0, 78.0, 1981-09-21 00:00:00, 2.0
5.0, 12.0, 0.0, 64.0, 1981-09-22 00:00:00, 0.5
8.0, 12.5, 0.0, 64.0, 1981-09-23 00:00:00, 0.0
10.0, 11.5, 0.0, 73.0, 1981-09-24 00:00:00, 2.3
11.0, 11.5, 0.0, 73.0, 1981-09-25 00:00:00, 0.0
11.0, 13.0, 0.0, 79.0, 1981-09-26 00:00:00, 0.3
16.0, 11.0, 0.0, 68.0, 1981-09-27 00:00:00, 0.0
3.0, 11.5, 0.0, 94.0, 1981-09-28 00:00:00, 4.3
10.0, 11.5, 0.0, 94.0, 1981-09-29 00:00:00, 0.5
0.0, 9.0, 0.0, 94.0, 1981-09-30 00:00:00, 2.5
10.0, 17.0, 180.0, 45.0, 1982-05-01 00:00:00, 0.0
16.0, 12.5, 180.0, 60.0, 1982-05-02 00:00:00, 0.0
10.0, 8.0, 140.0, 53.0, 1982-05-03 00:00:00, 5.3
16.0, 11.0, 140.0, 43.0, 1982-05-04 00:00:00, 0.0
10.0, 13.0, 230.0, 47.0, 1982-05-05 00:00:00, 0.0
5.0, 10.0, 40.0, 83.0, 1982-05-06 00:00:00, 2.3
11.0, 8.5, 180.0, 82.0, 1982-05-07 00:00:00, 10.2
10.0, 13.0, 180.0, 70.0, 1982-05-08 00:00:00, 1.3
11.0, 10.0, 180.0, 77.0, 1982-05-09 00:00:00, 0.0
14.0, 16.0, 180.0, 47.0, 1982-05-10 00:00:00, 0.0
16.0, 17.0, 180.0, 45.0, 1982-05-11 00:00:00, 0.0
8.0, 10.0, 0.0, 89.0, 1982-05-12 00:00:00, 2.5
8.0, 13.5, 230.0, 66.0, 1982-05-13 00:00:00, 1.3
8.0, 15.0, 180.0, 71.0, 1982-05-14 00:00:00, 3.8
0.0, 17.5, 0.0, 61.0, 1982-05-15 00:00:00, 2.5
8.0, 19.5, 180.0, 52.0, 1982-05-16 00:00:00, 0.0
6.0, 14.5, 180.0, 80.0, 1982-05-17 00:00:00, 0.0
8.0, 15.0, 180.0, 54.0, 1982-05-18 00:00:00, 7.6
13.0, 15.0, 180.0, 58.0, 1982-05-19 00:00:00, 1.0
6.0, 15.5, 180.0, 47.0, 1982-05-20 00:00:00, 0.0
9.0, 19.0, 180.0, 59.0, 1982-05-21 00:00:00, 0.0
10.0, 13.0, 140.0, 84.0, 1982-05-22 00:00:00, 0.5
10.0, 15.0, 180.0, 58.0, 1982-05-23 00:00:00, 10.2
10.0, 20.5, 230.0, 50.0, 1982-05-24 00:00:00, 0.0
11.0, 13.0, 180.0, 65.0, 1982-05-25 00:00:00, 0.8
10.0, 12.0, 140.0, 59.0, 1982-05-26 00:00:00, 0.0
8.0, 14.5, 180.0, 67.0, 1982-05-27 00:00:00, 0.0
10.0, 18.0, 0.0, 36.0, 1982-05-28 00:00:00, 0.0
13.0, 19.0, 180.0, 41.0, 1982-05-29 00:00:00, 0.0
11.0, 27.0, 230.0, 20.0, 1982-05-30 00:00:00, 0.0
14.0, 23.0, 180.0, 29.0, 1982-05-31 00:00:00, 0.0
14.0, 22.0, 0.0, 39.0, 1982-06-01 00:00:00, 0.0
8.0, 21.0, 0.0, 50.0, 1982-06-02 00:00:00, 0.0
8.0, 17.0, 0.0, 77.0, 1982-06-03 00:00:00, 6.8
12.0, 13.0, 0.0, 75.0, 1982-06-04 00:00:00, 0.0
16.0, 14.5, 0.0, 62.0, 1982-06-05 00:00:00, 1.5
8.0, 11.0, 0.0, 83.0, 1982-06-06 00:00:00, 16.5
10.0, 16.5, 0.0, 48.0, 1982-06-07 00:00:00, 0.3
5.0, 18.5, 0.0, 55.0, 1982-06-08 00:00:00, 0.0
8.0, 23.0, 0.0, 46.0, 1982-06-09 00:00:00, 0.0
8.0, 25.0, 0.0, 37.0, 1982-06-10 00:00:00, 0.0
7.0, 24.5, 0.0, 39.0, 1982-06-11 00:00:00, 0.0
13.0, 27.5, 0.0, 33.0, 1982-06-12 00:00:00, 0.0
10.0, 27.5, 0.0, 46.0, 1982-06-13 00:00:00, 0.0
8.0, 26.0, 0.0, 47.0, 1982-06-14 00:00:00, 0.0
13.0, 25.0, 0.0, 46.0, 1982-06-15 00:00:00, 0.0
10.0, 26.0, 0.0, 44.0, 1982-06-16 00:00:00, 0.0
11.0, 25.5, 0.0, 38.0, 1982-06-17 00:00:00, 0.0
11.0, 27.0, 0.0, 46.0, 1982-06-18 00:00:00, 0.0
11.0, 29.0, 0.0, 34.0, 1982-06-19 00:00:00, 0.0
11.0, 28.5, 0.0, 35.0, 1982-06-20 00:00:00, 0.0
11.0, 29.0, 0.0, 34.0, 1982-06-21 00:00:00, 0.0
8.0, 23.0, 0.0, 65.0, 1982-06-22 00:00:00, 2.3
10.0, 25.0, 0.0, 52.0, 1982-06-23 00:00:00, 1.3
5.0, 23.0, 0.0, 70.0, 1982-06-24 00:00:00, 3.8
10.0, 23.5, 0.0, 60.0, 1982-06-25 00:00:00, 5.1
5.0, 23.5, 0.0, 63.0, 1982-06-26 00:00:00, 0.0
5.0, 17.0, 0.0, 95.0, 1982-06-27 00:00:00, 22.9
8.0, 20.5, 0.0, 79.0, 1982-06-28 00:00:00, 2.0
8.0, 21.0, 0.0, 83.0, 1982-06-29 00:00:00, 1.0
8.0, 17.0, 0.0, 95.0, 1982-06-30 00:00:00, 12.7
8.0, 19.0, 90.0, 96.0, 1982-07-01 00:00:00, 6.4
8.0, 14.5, 90.0, 90.0, 1982-07-02 00:00:00, 14.0
3.0, 15.0, 90.0, 90.0, 1982-07-03 00:00:00, 5.3
10.0, 9.0, 90.0, 82.0, 1982-07-04 00:00:00, 12.7
3.0, 10.0, 40.0, 94.0, 1982-07-05 00:00:00, 19.6
10.0, 16.0, 230.0, 77.0, 1982-07-06 00:00:00, 2.5
8.0, 17.0, 180.0, 77.0, 1982-07-07 00:00:00, 0.3
10.0, 20.5, 180.0, 64.0, 1982-07-08 00:00:00, 1.3
11.0, 21.5, 320.0, 61.0, 1982-07-09 00:00:00, 0.0
10.0, 24.5, 180.0, 51.0, 1982-07-10 00:00:00, 0.0
10.0, 24.5, 180.0, 57.0, 1982-07-11 00:00:00, 0.0
8.0, 22.0, 230.0, 65.0, 1982-07-12 00:00:00, 0.0
6.0, 23.5, 230.0, 66.0, 1982-07-13 00:00:00, 0.0
10.0, 14.0, 320.0, 80.0, 1982-07-14 00:00:00, 22.9
8.0, 12.0, 180.0, 84.0, 1982-07-15 00:00:00, 15.2
6.0, 16.5, 180.0, 73.0, 1982-07-16 00:00:00, 0.0
10.0, 15.0, 320.0, 90.0, 1982-07-17 00:00:00, 2.0
6.0, 17.5, 0.0, 82.0, 1982-07-18 00:00:00, 0.0
6.0, 17.5, 0.0, 82.0, 1982-07-19 00:00:00, 0.0
0.0, 16.5, 0.0, 95.0, 1982-07-20 00:00:00, 8.1
8.0, 20.0, 180.0, 83.0, 1982-07-21 00:00:00, 10.2
11.0, 17.0, 0.0, 65.0, 1982-07-22 00:00:00, 0.0
10.0, 18.0, 180.0, 76.0, 1982-07-23 00:00:00, 2.5
8.0, 21.5, 230.0, 58.0, 1982-07-24 00:00:00, 0.0
8.0, 22.0, 230.0, 65.0, 1982-07-25 00:00:00, 0.0
10.0, 25.0, 230.0, 58.0, 1982-07-26 00:00:00, 0.0
10.0, 26.0, 180.0, 47.0, 1982-07-27 00:00:00, 0.0
8.0, 27.0, 230.0, 54.0, 1982-07-28 00:00:00, 0.0
3.0, 25.5, 140.0, 58.0, 1982-07-29 00:00:00, 0.0
11.0, 26.0, 230.0, 59.0, 1982-07-30 00:00:00, 0.0
13.0, 23.0, 180.0, 70.0, 1982-07-31 00:00:00, 0.0
6.0, 20.0, 230.0, 67.0, 1982-08-01 00:00:00, 0.0
0.0, 16.0, 0.0, 86.0, 1982-08-02 00:00:00, 2.5
11.0, 19.5, 180.0, 71.0, 1982-08-03 00:00:00, 2.5
11.0, 20.0, 40.0, 56.0, 1982-08-04 00:00:00, 0.0
10.0, 22.0, 180.0, 84.0, 1982-08-05 00:00:00, 0.0
14.0, 23.0, 230.0, 92.0, 1982-08-06 00:00:00, 0.0
11.0, 25.0, 180.0, 96.0, 1982-08-07 00:00:00, 0.0
0.0, 27.5, 0.0, 96.0, 1982-08-08 00:00:00, 0.0
6.0, 22.0, 180.0, 92.0, 1982-08-09 00:00:00, 0.0
0.0, 22.5, 0.0, 96.0, 1982-08-10 00:00:00, 1.3
6.0, 16.5, 0.0, 91.0, 1982-08-11 00:00:00, 8.9
0.0, 14.5, 0.0, 95.0, 1982-08-12 00:00:00, 5.1
13.0, 18.0, 0.0, 74.0, 1982-08-13 00:00:00, 0.1
6.0, 17.5, 180.0, 69.0, 1982-08-14 00:00:00, 11.4
10.0, 18.5, 180.0, 78.0, 1982-08-15 00:00:00, 0.0
8.0, 16.0, 0.0, 81.0, 1982-08-16 00:00:00, 0.0
10.0, 21.0, 180.0, 57.0, 1982-08-17 00:00:00, 0.0
10.0, 19.5, 180.0, 67.0, 1982-08-18 00:00:00, 0.0
10.0, 23.0, 180.0, 92.0, 1982-08-19 00:00:00, 0.0
8.0, 15.0, 320.0, 99.0, 1982-08-20 00:00:00, 6.4
10.0, 21.5, 180.0, 54.0, 1982-08-21 00:00:00, 0.0
6.0, 23.5, 180.0, 47.0, 1982-08-22 00:00:00, 0.0
10.0, 22.5, 230.0, 52.0, 1982-08-23 00:00:00, 0.0
6.0, 23.0, 180.0, 53.0, 1982-08-24 00:00:00, 0.0
5.0, 23.0, 180.0, 56.0, 1982-08-25 00:00:00, 0.0
6.0, 23.0, 180.0, 70.0, 1982-08-26 00:00:00, 8.6
8.0, 23.0, 180.0, 63.0, 1982-08-27 00:00:00, 1.0
16.0, 21.5, 180.0, 53.0, 1982-08-28 00:00:00, 0.0
6.0, 19.5, 180.0, 66.0, 1982-08-29 00:00:00, 0.0
5.0, 16.0, 320.0, 95.0, 1982-08-30 00:00:00, 1.8
11.0, 19.0, 180.0, 66.0, 1982-08-31 00:00:00, 1.8
8.0, 18.5, 0.0, 70.0, 1982-09-01 00:00:00, 0.0
5.0, 23.0, 180.0, 66.0, 1982-09-02 00:00:00, 0.0
8.0, 23.0, 180.0, 70.0, 1982-09-03 00:00:00, 0.0
5.0, 18.0, 320.0, 78.0, 1982-09-04 00:00:00, 15.9
11.0, 19.5, 180.0, 71.0, 1982-09-05 00:00:00, 20.3
5.0, 20.5, 180.0, 64.0, 1982-09-06 00:00:00, 0.0
6.0, 22.5, 270.0, 62.0, 1982-09-07 00:00:00, 0.0
8.0, 20.5, 140.0, 71.0, 1982-09-08 00:00:00, 3.8
0.0, 15.0, 0.0, 99.0, 1982-09-09 00:00:00, 3.8
10.0, 11.5, 140.0, 89.0, 1982-09-10 00:00:00, 6.5
6.0, 9.0, 90.0, 88.0, 1982-09-11 00:00:00, 3.8
10.0, 12.5, 180.0, 89.0, 1982-09-12 00:00:00, 3.8
11.0, 12.0, 230.0, 84.0, 1982-09-13 00:00:00, 3.1
11.0, 14.0, 180.0, 71.0, 1982-09-14 00:00:00, 0.0
0.0, 15.0, 0.0, 99.0, 1982-09-15 00:00:00, 0.0
8.0, 17.0, 230.0, 99.0, 1982-09-16 00:00:00, 0.0
10.0, 17.5, 180.0, 99.0, 1982-09-17 00:00:00, 0.0
10.0, 17.5, 230.0, 99.0, 1982-09-18 00:00:00, 0.0
10.0, 19.5, 180.0, 91.0, 1982-09-19 00:00:00, 0.0
10.0, 17.0, 180.0, 77.0, 1982-09-20 00:00:00, 0.0
10.0, 18.0, 180.0, 74.0, 1982-09-21 00:00:00, 0.0
11.0, 18.0, 180.0, 78.0, 1982-09-22 00:00:00, 0.0
10.0, 17.5, 180.0, 82.0, 1982-09-23 00:00:00, 0.0
0.0, 14.5, 0.0, 85.0, 1982-09-24 00:00:00, 0.0
8.0, 16.5, 0.0, 86.0, 1982-09-25 00:00:00, 6.5
5.0, 15.5, 180.0, 76.0, 1982-09-26 00:00:00, 15.2
3.0, 15.5, 140.0, 72.0, 1982-09-27 00:00:00, 0.0
5.0, 10.0, 140.0, 94.0, 1982-09-28 00:00:00, 20.0
11.0, 14.0, 180.0, 62.0, 1982-09-29 00:00:00, 0.0
5.0, 15.0, 140.0, 81.0, 1982-09-30 00:00:00, 0.0
