station_observations
wind_speed, temperature, wind_direction, relative_humidity, time, precipitation
0.0, 0.0, 0.0, 0.0, 1979-06-04 00:00:00, 0.0
20.0, 7.0, 230.0, 76.0, 1979-06-05 00:00:00, 1.5
8.0, 6.5, 270.0, 88.0, 1979-06-06 00:00:00, 8.5
12.0, 12.0, 270.0, 66.0, 1979-06-07 00:00:00, 0.0
12.0, 14.0, 270.0, 72.0, 1979-06-08 00:00:00, 0.0
0.0, 18.5, 0.0, 75.0, 1979-06-09 00:00:00, 0.0
0.0, 20.0, 0.0, 50.0, 1979-06-10 00:00:00, 0.0
8.0, 19.5, 40.0, 44.0, 1979-06-11 00:00:00, 0.0
18.0, 18.0, 230.0, 52.0, 1979-06-12 00:00:00, 0.0
8.0, 5.0, 180.0, 99.0, 1979-06-13 00:00:00, 4.0
8.0, 11.0, 270.0, 79.0, 1979-06-14 00:00:00, 0.0
10.0, 13.5, 40.0, 54.0, 1979-06-15 00:00:00, 0.0
5.0, 15.5, 230.0, 45.0, 1979-06-16 00:00:00, 0.0
5.0, 20.0, 270.0, 48.0, 1979-06-17 00:00:00, 0.0
8.0, 21.5, 230.0, 53.0, 1979-06-18 00:00:00, 0.0
5.0, 16.5, 230.0, 54.0, 1979-06-19 00:00:00, 2.0
3.0, 7.0, 90.0, 94.0, 1979-06-20 00:00:00, 20.0
2.0, 14.0, 270.0, 59.0, 1979-06-21 00:00:00, 2.0
10.0, 17.0, 270.0, 66.0, 1979-06-22 00:00:00, 0.0
3.0, 15.5, 270.0, 73.0, 1979-06-23 00:00:00, 0.0
5.0, 15.5, 270.0, 57.0, 1979-06-24 00:00:00, 0.0
5.0, 20.0, 230.0, 42.0, 1979-06-25 00:00:00, 0.0
10.0, 24.0, 230.0, 36.0, 1979-06-26 00:00:00, 0.0
15.0, 23.5, 230.0, 40.0, 1979-06-27 00:00:00, 0.0
3.0, 25.0, 40.0, 27.0, 1979-06-28 00:00:00, 0.0
10.0, 24.5, 40.0, 42.0, 1979-06-29 00:00:00, 0.0
5.0, 11.0, 40.0, 89.0, 1979-06-30 00:00:00, 10.5
5.0, 0.5, 40.0, 92.0, 1979-07-01 00:00:00, 4.0
5.0, 7.0, 40.0, 77.0, 1979-07-02 00:00:00, 2.0
10.0, 16.5, 40.0, 58.0, 1979-07-03 00:00:00, 0.0
5.0, 14.0, 40.0, 81.0, 1979-07-04 00:00:00, 3.0
10.0, 22.5, 40.0, 48.0, 1979-07-05 00:00:00, 2.0
0.0, 21.5, 0.0, 53.0, 1979-07-06 00:00:00, 3.6
3.0, 18.5, 40.0, 60.0, 1979-07-07 00:00:00, 10.0
3.0, 14.5, 40.0, 81.0, 1979-07-08 00:00:00, 2.0
8.0, 22.5, 40.0, 67.0, 1979-07-09 00:00:00, 7.0
5.0, 12.5, 0.0, 76.0, 1979-07-10 00:00:00, 11.8
8.0, 12.5, 40.0, 76.0, 1979-07-11 00:00:00, 2.2
20.0, 14.5, 230.0, 72.0, 1979-07-12 00:00:00, 3.1
0.0, 14.5, 0.0, 64.0, 1979-07-13 00:00:00, 2.5
0.0, 20.0, 0.0, 62.0, 1979-07-14 00:00:00, 0.0
0.0, 20.0, 0.0, 55.0, 1979-07-15 00:00:00, 0.0
3.0, 24.0, 40.0, 38.0, 1979-07-16 00:00:00, 0.0
8.0, 26.5, 230.0, 39.0, 1979-07-17 00:00:00, 0.0
3.0, 28.5, 0.0, 43.0, 1979-07-18 00:00:00, 0.0
8.0, 29.0, 230.0, 37.0, 1979-07-19 00:00:00, 0.0
3.0, 30.0, 270.0, 45.0, 1979-07-20 00:00:00, 0.0
3.0, 21.0, 270.0, 66.0, 1979-07-21 00:00:00, 0.0
0.0, 21.0, 0.0, 42.0, 1979-07-22 00:00:00, 0.0
8.0, 21.0, 230.0, 59.0, 1979-07-23 00:00:00, 0.0
3.0, 21.5, 230.0, 44.0, 1979-07-24 00:00:00, 0.0
3.0, 21.5, 230.0, 47.0, 1979-07-25 00:00:00, 0.0
3.0, 25.0, 230.0, 37.0, 1979-07-26 00:00:00, 0.0
3.0, 25.0, 270.0, 50.0, 1979-07-27 00:00:00, 0.0
3.0, 22.0, 270.0, 47.0, 1979-07-28 00:00:00, 0.0
3.0, 23.5, 270.0, 41.0, 1979-07-29 00:00:00, 0.0
3.0, 23.5, 270.0, 43.0, 1979-07-30 00:00:00, 0.0
3.0, 24.5, 270.0, 47.0, 1979-07-31 00:00:00, 0.0
10.0, 20.0, 230.0, 55.0, 1979-08-01 00:00:00, 0.0
3.0, 20.5, 270.0, 59.0, 1979-08-02 00:00:00, 0.0
0.0, 12.0, 0.0, 95.0, 1979-08-03 00:00:00, 10.0
3.0, 20.5, 270.0, 42.0, 1979-08-04 00:00:00, 0.0
3.0, 20.0, 270.0, 51.0, 1979-08-05 00:00:00, 0.0
3.0, 20.0, 270.0, 33.0, 1979-08-06 00:00:00, 0.0
3.0, 21.5, 270.0, 38.0, 1979-08-07 00:00:00, 0.0
8.0, 21.5, 270.0, 50.0, 1979-08-08 00:00:00, 0.0
5.0, 23.0, 270.0, 34.0, 1979-08-09 00:00:00, 0.0
3.0, 25.0, 270.0, 32.0, 1979-08-10 00:00:00, 0.0
3.0, 22.0, 270.0, 42.0, 1979-08-11 00:00:00, 0.0
3.0, 25.0, 270.0, 50.0, 1979-08-12 00:00:00, 0.0
3.0, 25.5, 270.0, 43.0, 1979-08-13 00:00:00, 0.0
3.0, 22.0, 90.0, 47.0, 1979-08-14 00:00:00, 0.0
2.0, 15.0, 90.0, 95.0, 1979-08-15 00:00:00, 7.5
3.0, 14.5, 40.0, 86.0, 1979-08-16 00:00:00, 5.0
3.0, 20.0, 40.0, 55.0, 1979-08-17 00:00:00, 2.2
0.0, 18.0, 0.0, 71.0, 1979-08-18 00:00:00, 12.2
3.0, 19.0, 270.0, 47.0, 1979-08-19 00:00:00, 0.0
5.0, 22.0, 270.0, 63.0, 1979-08-20 00:00:00, 0.0
3.0, 24.5, 90.0, 39.0, 1979-08-21 00:00:00, 0.0
8.0, 21.0, 40.0, 73.0, 1979-08-22 00:00:00, 3.0
0.0, 22.0, 0.0, 50.0, 1979-08-23 00:00:00, 0.0
0.0, 14.5, 0.0, 95.0, 1979-08-24 00:00:00, 4.9
0.0, 20.5, 0.0, 65.0, 1979-08-25 00:00:00, 0.0
3.0, 21.0, 270.0, 59.0, 1979-08-26 00:00:00, 0.0
5.0, 21.0, 230.0, 52.0, 1979-08-27 00:00:00, 0.0
3.0, 20.0, 270.0, 62.0, 1979-08-28 00:00:00, 0.0
5.0, 20.5, 40.0, 52.0, 1979-08-29 00:00:00, 0.0
0.0, 13.0, 0.0, 90.0, 1979-08-30 00:00:00, 3.9
3.0, 16.0, 90.0, 74.0, 1979-08-31 00:00:00, 3.8
3.0, 14.0, 90.0, 72.0, 1979-09-01 00:00:00, 5.0
3.0, 13.5, 90.0, 85.0, 1979-09-02 00:00:00, 7.0
5.0, 8.0, 40.0, 88.0, 1979-09-03 00:00:00, 10.0
3.0, 15.5, 40.0, 85.0, 1979-09-04 00:00:00, 10.0
10.0, 12.5, 40.0, 71.0, 1979-09-05 00:00:00, 2.0
3.0, 12.0, 270.0, 85.0, 1979-09-06 00:00:00, 18.0
2.0, 15.5, 90.0, 65.0, 1979-09-07 00:00:00, 0.0
0.0, 16.0, 0.0, 69.0, 1979-09-08 00:00:00, 5.0
0.0, 8.0, 0.0, 46.0, 1979-09-09 00:00:00, 20.0
12.0, 13.5, 270.0, 81.0, 1979-09-10 00:00:00, 5.5
10.0, 13.0, 230.0, 71.0, 1979-09-11 00:00:00, 7.0
8.0, 15.5, 270.0, 53.0, 1979-09-12 00:00:00, 0.0
3.0, 20.0, 90.0, 51.0, 1979-09-13 00:00:00, 0.0
3.0, 22.0, 40.0, 47.0, 1979-09-14 00:00:00, 0.0
0.0, 24.0, 0.0, 41.0, 1979-09-15 00:00:00, 0.0
3.0, 16.5, 270.0, 66.0, 1979-09-16 00:00:00, 0.0
3.0, 20.0, 270.0, 55.0, 1979-09-17 00:00:00, 0.0
3.0, 23.0, 270.0, 40.0, 1979-09-18 00:00:00, 0.0
5.0, 20.0, 270.0, 48.0, 1979-09-19 00:00:00, 0.0
8.0, 22.5, 40.0, 45.0, 1979-09-20 00:00:00, 0.0
8.0, 12.5, 270.0, 85.0, 1979-09-21 00:00:00, 1.9
3.0, 16.5, 270.0, 54.0, 1979-09-22 00:00:00, 0.0
3.0, 19.0, 270.0, 50.0, 1979-09-23 00:00:00, 0.0
3.0, 18.0, 230.0, 45.0, 1979-09-24 00:00:00, 0.0
3.0, 19.5, 270.0, 44.0, 1979-09-25 00:00:00, 0.0
3.0, 13.0, 270.0, 76.0, 1979-09-26 00:00:00, 0.0
0.0, 8.5, 0.0, 94.0, 1979-09-27 00:00:00, 2.0
3.0, 7.5, 270.0, 82.0, 1979-09-28 00:00:00, 15.0
0.0, 8.0, 0.0, 88.0, 1979-09-29 00:00:00, 3.0
0.0, 11.0, 0.0, 74.0, 1979-09-30 00:00:00, 0.0
3.0, 8.0, 90.0, 88.0, 1980-05-27 00:00:00, 7.0
6.0, 9.0, 270.0, 88.0, 1980-05-28 00:00:00, 8.0
3.0, 10.0, 270.0, 78.0, 1980-05-29 00:00:00, 7.0
15.0, 12.5, 230.0, 70.0, 1980-05-30 00:00:00, 1.5
5.0, 13.0, 0.0, 72.0, 1980-05-31 00:00:00, 0.0
5.0, 6.5, 0.0, 89.0, 1980-06-01 00:00:00, 30.0
3.0, 7.5, 270.0, 88.0, 1980-06-02 00:00:00, 3.0
3.0, 9.0, 270.0, 89.0, 1980-06-03 00:00:00, 14.5
3.0, 6.0, 230.0, 94.0, 1980-06-04 00:00:00, 27.8
3.0, 8.0, 90.0, 94.0, 1980-06-05 00:00:00, 8.2
3.0, 14.0, 270.0, 81.0, 1980-06-06 00:00:00, 2.4
0.0, 13.0, 0.0, 75.0, 1980-06-07 00:00:00, 0.0
0.0, 18.5, 0.0, 71.0, 1980-06-08 00:00:00, 2.0
10.0, 15.0, 40.0, 77.0, 1980-06-09 00:00:00, 0.0
12.0, 17.0, 230.0, 82.0, 1980-06-10 00:00:00, 1.8
8.0, 16.5, 230.0, 66.0, 1980-06-11 00:00:00, 6.4
5.0, 20.0, 40.0, 54.0, 1980-06-12 00:00:00, 0.0
12.0, 22.0, 230.0, 53.0, 1980-06-13 00:00:00, 0.0
0.0, 18.5, 0.0, 63.0, 1980-06-14 00:00:00, 0.0
0.0, 19.0, 0.0, 83.0, 1980-06-15 00:00:00, 0.0
0.0, 20.0, 0.0, 53.0, 1980-06-16 00:00:00, 0.0
3.0, 9.5, 270.0, 94.0, 1980-06-17 00:00:00, 18.5
3.0, 13.5, 230.0, 76.0, 1980-06-18 00:00:00, 2.5
5.0, 18.0, 40.0, 67.0, 1980-06-19 00:00:00, 0.0
12.0, 23.0, 230.0, 63.0, 1980-06-20 00:00:00, 0.0
0.0, 19.0, 0.0, 42.0, 1980-06-21 00:00:00, 0.0
0.0, 11.0, 0.0, 89.0, 1980-06-22 00:00:00, 3.0
3.0, 10.5, 230.0, 89.0, 1980-06-23 00:00:00, 2.8
11.0, 17.0, 40.0, 61.0, 1980-06-24 00:00:00, 0.0
8.0, 16.5, 140.0, 65.0, 1980-06-25 00:00:00, 0.0
5.0, 11.0, 90.0, 84.0, 1980-06-26 00:00:00, 11.0
0.0, 8.0, 0.0, 94.0, 1980-06-27 00:00:00, 3.5
0.0, 14.5, 0.0, 81.0, 1980-06-28 00:00:00, 12.0
0.0, 10.0, 0.0, 89.0, 1980-06-29 00:00:00, 14.0
12.0, 12.5, 230.0, 85.0, 1980-06-30 00:00:00, 0.0
0.0, 21.0, 0.0, 62.0, 1980-07-01 00:00:00, 0.0
15.0, 21.5, 230.0, 66.0, 1980-07-02 00:00:00, 0.0
0.0, 14.5, 0.0, 90.0, 1980-07-03 00:00:00, 16.0
5.0, 14.0, 40.0, 81.0, 1980-07-04 00:00:00, 6.5
0.0, 7.0, 0.0, 82.0, 1980-07-05 00:00:00, 12.0
0.0, 9.0, 0.0, 88.0, 1980-07-06 00:00:00, 7.0
0.0, 20.0, 0.0, 61.0, 1980-07-07 00:00:00, 0.0
8.0, 21.0, 270.0, 62.0, 1980-07-08 00:00:00, 2.8
3.0, 20.0, 270.0, 61.0, 1980-07-09 00:00:00, 0.0
0.0, 12.0, 0.0, 90.0, 1980-07-10 00:00:00, 0.0
8.0, 10.0, 40.0, 94.0, 1980-07-11 00:00:00, 7.5
0.0, 14.5, 0.0, 86.0, 1980-07-12 00:00:00, 0.0
0.0, 16.0, 0.0, 86.0, 1980-07-13 00:00:00, 12.0
0.0, 13.5, 0.0, 76.0, 1980-07-14 00:00:00, 15.0
0.0, 13.0, 0.0, 80.0, 1980-07-15 00:00:00, 0.0
12.0, 13.5, 230.0, 90.0, 1980-07-16 00:00:00, 2.9
10.0, 11.5, 230.0, 89.0, 1980-07-17 00:00:00, 0.0
0.0, 12.5, 0.0, 89.0, 1980-07-18 00:00:00, 0.0
0.0, 17.0, 0.0, 78.0, 1980-07-19 00:00:00, 0.0
0.0, 20.5, 0.0, 80.0, 1980-07-20 00:00:00, 2.0
3.0, 21.5, 270.0, 62.0, 1980-07-21 00:00:00, 0.0
3.0, 28.0, 270.0, 50.0, 1980-07-22 00:00:00, 0.0
20.0, 20.0, 270.0, 54.0, 1980-07-23 00:00:00, 2.4
20.0, 20.0, 270.0, 54.0, 1980-07-24 00:00:00, 0.0
8.0, 21.5, 270.0, 62.0, 1980-07-25 00:00:00, 0.0
0.0, 21.0, 0.0, 55.0, 1980-07-26 00:00:00, 0.0
0.0, 21.0, 0.0, 55.0, 1980-07-27 00:00:00, 0.0
8.0, 20.0, 270.0, 61.0, 1980-07-28 00:00:00, 0.0
8.0, 18.0, 270.0, 59.0, 1980-07-29 00:00:00, 2.2
12.0, 19.5, 270.0, 53.0, 1980-07-30 00:00:00, 0.0
10.0, 24.0, 40.0, 37.0, 1980-07-31 00:00:00, 0.0
5.0, 20.0, 270.0, 57.0, 1980-08-01 00:00:00, 0.0
0.0, 11.0, 0.0, 89.0, 1980-08-02 00:00:00, 6.1
0.0, 12.0, 0.0, 74.0, 1980-08-03 00:00:00, 6.0
0.0, 13.0, 0.0, 95.0, 1980-08-04 00:00:00, 6.0
8.0, 10.5, 270.0, 99.0, 1980-08-05 00:00:00, 6.1
5.0, 13.5, 270.0, 85.0, 1980-08-06 00:00:00, 3.0
0.0, 17.5, 0.0, 70.0, 1980-08-07 00:00:00, 7.8
10.0, 17.5, 230.0, 70.0, 1980-08-08 00:00:00, 0.0
0.0, 21.0, 0.0, 62.0, 1980-08-09 00:00:00, 0.0
0.0, 24.0, 0.0, 55.0, 1980-08-10 00:00:00, 0.0
8.0, 19.5, 230.0, 79.0, 1980-08-11 00:00:00, 0.0
5.0, 20.0, 230.0, 55.0, 1980-08-12 00:00:00, 0.0
3.0, 22.0, 230.0, 69.0, 1980-08-13 00:00:00, 0.0
3.0, 18.5, 270.0, 52.0, 1980-08-14 00:00:00, 0.0
8.0, 16.5, 230.0, 57.0, 1980-08-15 00:00:00, 0.0
5.0, 14.5, 270.0, 63.0, 1980-08-16 00:00:00, 0.0
5.0, 7.0, 270.0, 94.0, 1980-08-17 00:00:00, 25.0
10.0, 16.0, 270.0, 77.0, 1980-08-18 00:00:00, 7.0
15.0, 17.5, 270.0, 54.0, 1980-08-19 00:00:00, 0.0
20.0, 14.5, 270.0, 59.0, 1980-08-20 00:00:00, 2.0
10.0, 16.5, 270.0, 53.0, 1980-08-21 00:00:00, 0.0
8.0, 17.0, 270.0, 50.0, 1980-08-22 00:00:00, 0.0
8.0, 13.0, 270.0, 85.0, 1980-08-23 00:00:00, 0.0
8.0, 8.0, 270.0, 88.0, 1980-08-24 00:00:00, 0.0
8.0, 12.0, 270.0, 79.0, 1980-08-25 00:00:00, 5.5
5.0, 18.5, 270.0, 45.0, 1980-08-26 00:00:00, 0.0
5.0, 8.5, 90.0, 94.0, 1980-08-27 00:00:00, 19.5
5.0, 9.5, 230.0, 89.0, 1980-08-28 00:00:00, 16.2
12.0, 11.5, 40.0, 79.0, 1980-08-29 00:00:00, 7.9
3.0, 9.0, 270.0, 72.0, 1980-08-30 00:00:00, 0.0
3.0, 11.0, 270.0, 84.0, 1980-08-31 00:00:00, 0.0
3.0, 6.5, 270.0, 87.0, 1980-09-01 00:00:00, 20.0
5.0, 6.5, 270.0, 87.0, 1980-09-02 00:00:00, 16.0
5.0, 9.5, 40.0, 94.0, 1980-09-03 00:00:00, 2.2
5.0, 13.0, 90.0, 66.0, 1980-09-04 00:00:00, 0.0
0.0, 18.0, 0.0, 51.0, 1980-09-05 00:00:00, 0.0
0.0, 19.0, 0.0, 67.0, 1980-09-06 00:00:00, 0.0
0.0, 10.0, 0.0, 89.0, 1980-09-07 00:00:00, 17.0
5.0, 16.0, 270.0, 77.0, 1980-09-08 00:00:00, 0.0
2.0, 19.0, 270.0, 42.0, 1980-09-09 00:00:00, 0.0
3.0, 20.0, 230.0, 40.0, 1980-09-10 00:00:00, 0.0
15.0, 17.5, 270.0, 58.0, 1980-09-11 00:00:00, 0.0
3.0, 13.5, 40.0, 66.0, 1980-09-12 00:00:00, 0.0
0.0, 14.0, 0.0, 65.0, 1980-09-13 00:00:00, 0.0
0.0, 11.5, 0.0, 60.0, 1980-09-14 00:00:00, 0.0
12.0, 13.0, 230.0, 53.0, 1980-09-15 00:00:00, 0.0
5.0, 12.5, 40.0, 70.0, 1980-09-16 00:00:00, 0.0
10.0, 14.5, 270.0, 63.0, 1980-09-17 00:00:00, 0.0
8.0, 17.0, 270.0, 54.0, 1980-09-18 00:00:00, 0.0
0.0, 8.0, 0.0, 88.0, 1980-09-19 00:00:00, 16.0
5.0, 6.5, 270.0, 81.0, 1980-09-20 00:00:00, 0.0
8.0, 8.0, 270.0, 76.0, 1980-09-21 00:00:00, 0.0
0.0, 5.0, 0.0, 87.0, 1980-09-22 00:00:00, 18.2
0.0, 6.5, 0.0, 87.0, 1980-09-23 00:00:00, 6.1
5.0, 9.5, 270.0, 67.0, 1980-09-24 00:00:00, 1.8
3.0, 13.0, 270.0, 53.0, 1980-09-25 00:00:00, 0.0
5.0, 17.0, 40.0, 43.0, 1980-09-26 00:00:00, 0.0
3.0, 19.0, 270.0, 49.0, 1980-09-27 00:00:00, 0.0
3.0, 11.0, 270.0, 74.0, 1980-09-28 00:00:00, 0.0
0.0, 10.0, 0.0, 78.0, 1980-09-29 00:00:00, 2.8
3.0, 8.5, 270.0, 77.0, 1980-09-30 00:00:00, 12.8
3.0, 14.5, 0.0, 55.0, 1981-06-01 00:00:00, 0.5
2.0, 12.5, 0.0, 79.0, 1981-06-02 00:00:00, 15.0
6.0, 11.5, 0.0, 64.0, 1981-06-03 00:00:00, 15.0
8.0, 10.0, 0.0, 78.0, 1981-06-04 00:00:00, 33.0
5.0, 13.0, 0.0, 53.0, 1981-06-05 00:00:00, 0.0
2.0, 10.0, 0.0, 48.0, 1981-06-06 00:00:00, 35.0
4.0, 12.0, 0.0, 47.0, 1981-06-07 00:00:00, 20.0
3.0, 9.0, 0.0, 66.0, 1981-06-08 00:00:00, 0.0
3.0, 6.5, 0.0, 94.0, 1981-06-09 00:00:00, 14.0
3.0, 6.0, 0.0, 94.0, 1981-06-10 00:00:00, 50.0
5.0, 10.5, 0.0, 53.0, 1981-06-11 00:00:00, 19.0
5.0, 13.5, 0.0, 37.0, 1981-06-12 00:00:00, 0.0
3.0, 9.0, 0.0, 77.0, 1981-06-13 00:00:00, 0.0
3.0, 14.0, 0.0, 67.0, 1981-06-14 00:00:00, 8.0
5.0, 12.5, 0.0, 65.0, 1981-06-15 00:00:00, 8.5
10.0, 7.5, 0.0, 70.0, 1981-06-16 00:00:00, 31.0
3.0, 6.0, 0.0, 87.0, 1981-06-17 00:00:00, 28.0
7.0, 8.0, 0.0, 82.0, 1981-06-18 00:00:00, 9.0
3.0, 9.5, 0.0, 89.0, 1981-06-19 00:00:00, 43.5
3.0, 8.0, 0.0, 84.0, 1981-06-20 00:00:00, 45.0
3.0, 8.0, 0.0, 84.0, 1981-06-21 00:00:00, 25.0
3.0, 7.5, 0.0, 88.0, 1981-06-22 00:00:00, 26.0
15.0, 10.0, 0.0, 78.0, 1981-06-23 00:00:00, 48.0
8.0, 15.5, 0.0, 52.0, 1981-06-24 00:00:00, 7.0
8.0, 20.0, 0.0, 30.0, 1981-06-25 00:00:00, 0.0
15.0, 18.5, 0.0, 41.0, 1981-06-26 00:00:00, 0.0
0.0, 11.0, 0.0, 79.0, 1981-06-27 00:00:00, 0.0
0.0, 14.5, 0.0, 59.0, 1981-06-28 00:00:00, 5.0
8.0, 15.0, 0.0, 64.0, 1981-06-29 00:00:00, 8.0
3.0, 11.0, 0.0, 89.0, 1981-06-30 00:00:00, 19.0
3.0, 20.0, 270.0, 61.0, 1981-07-01 00:00:00, 8.3
3.0, 18.0, 270.0, 41.0, 1981-07-02 00:00:00, 0.0
10.0, 24.0, 270.0, 40.0, 1981-07-03 00:00:00, 0.0
0.0, 25.0, 0.0, 47.0, 1981-07-04 00:00:00, 0.0
0.0, 19.0, 0.0, 45.0, 1981-07-05 00:00:00, 0.0
8.0, 15.0, 40.0, 55.0, 1981-07-06 00:00:00, 16.0
0.0, 5.0, 0.0, 87.0, 1981-07-07 00:00:00, 17.0
12.0, 13.0, 230.0, 57.0, 1981-07-08 00:00:00, 6.0
8.0, 13.0, 230.0, 61.0, 1981-07-09 00:00:00, 0.0
10.0, 19.0, 40.0, 42.0, 1981-07-10 00:00:00, 5.9
0.0, 16.0, 0.0, 65.0, 1981-07-11 00:00:00, 6.0
0.0, 22.0, 0.0, 37.0, 1981-07-12 00:00:00, 2.0
3.0, 17.5, 270.0, 54.0, 1981-07-13 00:00:00, 3.0
0.0, 10.0, 0.0, 94.0, 1981-07-14 00:00:00, 32.2
0.0, 14.0, 0.0, 90.0, 1981-07-15 00:00:00, 5.8
8.0, 21.0, 230.0, 58.0, 1981-07-16 00:00:00, 0.0
3.0, 20.0, 270.0, 50.0, 1981-07-17 00:00:00, 0.0
0.0, 23.0, 0.0, 54.0, 1981-07-18 00:00:00, 0.0
0.0, 15.0, 0.0, 72.0, 1981-07-19 00:00:00, 0.0
12.0, 16.0, 230.0, 73.0, 1981-07-20 00:00:00, 6.0
8.0, 16.5, 270.0, 78.0, 1981-07-21 00:00:00, 8.0
5.0, 20.0, 270.0, 50.0, 1981-07-22 00:00:00, 4.2
3.0, 21.5, 140.0, 55.0, 1981-07-23 00:00:00, 0.0
5.0, 15.0, 180.0, 81.0, 1981-07-24 00:00:00, 9.8
0.0, 23.5, 0.0, 48.0, 1981-07-25 00:00:00, 0.0
0.0, 23.0, 0.0, 50.0, 1981-07-26 00:00:00, 0.0
3.0, 23.0, 180.0, 51.0, 1981-07-27 00:00:00, 0.0
5.0, 22.0, 270.0, 49.0, 1981-07-28 00:00:00, 0.0
8.0, 12.5, 230.0, 80.0, 1981-07-29 00:00:00, 2.8
3.0, 13.0, 140.0, 80.0, 1981-07-30 00:00:00, 7.8
5.0, 14.5, 140.0, 81.0, 1981-07-31 00:00:00, 2.1
5.0, 19.0, 230.0, 53.0, 1981-08-01 00:00:00, 0.0
0.0, 22.0, 0.0, 43.0, 1981-08-02 00:00:00, 0.0
0.0, 15.5, 0.0, 44.0, 1981-08-03 00:00:00, 0.0
0.0, 15.5, 0.0, 68.0, 1981-08-04 00:00:00, 7.8
3.0, 20.0, 40.0, 57.0, 1981-08-05 00:00:00, 0.0
3.0, 23.0, 230.0, 44.0, 1981-08-06 00:00:00, 0.0
8.0, 26.5, 230.0, 46.0, 1981-08-07 00:00:00, 0.0
0.0, 26.5, 0.0, 40.0, 1981-08-08 00:00:00, 0.0
0.0, 27.0, 0.0, 43.0, 1981-08-09 00:00:00, 0.0
10.0, 28.0, 230.0, 39.0, 1981-08-10 00:00:00, 0.0
3.0, 23.5, 230.0, 57.0, 1981-08-11 00:00:00, 0.0
10.0, 24.5, 230.0, 40.0, 1981-08-12 00:00:00, 0.0
10.0, 26.5, 230.0, 30.0, 1981-08-13 00:00:00, 0.0
0.0, 24.0, 0.0, 57.0, 1981-08-14 00:00:00, 0.0
0.0, 26.5, 0.0, 48.0, 1981-08-15 00:00:00, 0.0
0.0, 24.5, 0.0, 49.0, 1981-08-16 00:00:00, 0.0
10.0, 24.0, 270.0, 51.0, 1981-08-17 00:00:00, 0.0
0.0, 24.3, 0.0, 40.0, 1981-08-18 00:00:00, 0.0
3.0, 25.0, 270.0, 44.0, 1981-08-19 00:00:00, 0.0
5.0, 11.5, 230.0, 95.0, 1981-08-20 00:00:00, 15.5
3.0, 15.0, 230.0, 77.0, 1981-08-21 00:00:00, 4.4
0.0, 23.5, 0.0, 45.0, 1981-08-22 00:00:00, 0.0
0.0, 25.0, 0.0, 42.0, 1981-08-23 00:00:00, 0.0
0.0, 26.5, 0.0, 35.0, 1981-08-24 00:00:00, 0.0
8.0, 22.5, 230.0, 50.0, 1981-08-25 00:00:00, 0.0
12.0, 19.5, 270.0, 60.0, 1981-08-26 00:00:00, 0.0
12.0, 17.5, 270.0, 54.0, 1981-08-27 00:00:00, 0.0
0.0, 18.5, 0.0, 41.0, 1981-08-28 00:00:00, 0.0
0.0, 13.5, 0.0, 85.0, 1981-08-29 00:00:00, 0.0
0.0, 14.5, 0.0, 81.0, 1981-08-30 00:00:00, 0.0
10.0, 16.5, 40.0, 57.0, 1981-08-31 00:00:00, 23.4
8.0, 8.0, 0.0, 88.0, 1981-09-01 00:00:00, 13.7
3.0, 11.0, 0.0, 84.0, 1981-09-02 00:00:00, 15.8
3.0, 14.0, 0.0, 55.0, 1981-09-03 00:00:00, 3.4
2.0, 9.0, 0.0, 94.0, 1981-09-04 00:00:00, 16.8
0.0, 13.5, 0.0, 70.0, 1981-09-05 00:00:00, 2.0
0.0, 20.0, 0.0, 50.0, 1981-09-06 00:00:00, 0.0
0.0, 24.0, 0.0, 40.0, 1981-09-07 00:00:00, 0.0
3.0, 25.0, 0.0, 41.0, 1981-09-08 00:00:00, 0.0
10.0, 18.5, 0.0, 52.0, 1981-09-09 00:00:00, 0.0
3.0, 16.0, 0.0, 41.0, 1981-09-10 00:00:00, 0.0
3.0, 19.5, 0.0, 46.0, 1981-09-11 00:00:00, 0.0
0.0, 14.5, 0.0, 50.0, 1981-09-12 00:00:00, 0.0
0.0, 15.5, 0.0, 41.0, 1981-09-13 00:00:00, 0.0
5.0, 18.5, 0.0, 35.0, 1981-09-14 00:00:00, 0.0
12.0, 22.0, 0.0, 37.0, 1981-09-15 00:00:00, 0.0
10.0, 25.0, 0.0, 36.0, 1981-09-16 00:00:00, 0.0
12.0, 26.5, 0.0, 28.0, 1981-09-17 00:00:00, 0.0
10.0, 26.5, 0.0, 28.0, 1981-09-18 00:00:00, 0.0
0.0, 6.5, 0.0, 94.0, 1981-09-19 00:00:00, 16.0
0.0, 8.5, 0.0, 71.0, 1981-09-20 00:00:00, 13.0
0.0, 6.5, 0.0, 81.0, 1981-09-21 00:00:00, 4.4
8.0, 6.0, 0.0, 75.0, 1981-09-22 00:00:00, 0.0
4.0, 7.0, 0.0, 64.0, 1981-09-23 00:00:00, 5.8
3.0, 6.0, 0.0, 63.0, 1981-09-24 00:00:00, 0.5
10.0, 4.0, 0.0, 73.0, 1981-09-25 00:00:00, 1.2
0.0, 3.5, 0.0, 72.0, 1981-09-26 00:00:00, 0.0
0.0, 4.5, 0.0, 86.0, 1981-09-27 00:00:00, 0.0
2.0, 5.5, 0.0, 93.0, 1981-09-28 00:00:00, 14.4
4.0, 7.5, 0.0, 65.0, 1981-09-29 00:00:00, 0.4
0.0, 4.0, 0.0, 93.0, 1981-09-30 00:00:00, 3.6
8.0, 21.0, 0.0, 51.0, 1982-06-14 00:00:00, 0.0
3.0, 21.5, 0.0, 42.0, 1982-06-15 00:00:00, 0.0
11.0, 20.5, 0.0, 38.0, 1982-06-16 00:00:00, 0.0
3.0, 22.5, 0.0, 22.0, 1982-06-17 00:00:00, 0.0
3.0, 23.5, 0.0, 22.0, 1982-06-18 00:00:00, 0.0
3.0, 24.0, 0.0, 32.0, 1982-06-19 00:00:00, 0.0
3.0, 23.5, 0.0, 28.0, 1982-06-20 00:00:00, 0.0
3.0, 23.5, 0.0, 34.0, 1982-06-21 00:00:00, 0.0
10.0, 16.0, 0.0, 65.0, 1982-06-22 00:00:00, 4.0
5.0, 20.0, 0.0, 46.0, 1982-06-23 00:00:00, 0.0
5.0, 17.0, 0.0, 73.0, 1982-06-24 00:00:00, 9.2
8.0, 20.0, 0.0, 49.0, 1982-06-25 00:00:00, 3.8
3.0, 17.0, 0.0, 73.0, 1982-06-26 00:00:00, 16.4
3.0, 17.0, 0.0, 69.0, 1982-06-27 00:00:00, 10.2
5.0, 16.5, 0.0, 77.0, 1982-06-28 00:00:00, 1.1
5.0, 18.5, 0.0, 58.0, 1982-06-29 00:00:00, 0.2
3.0, 13.0, 0.0, 84.0, 1982-06-30 00:00:00, 16.4
3.0, 10.5, 90.0, 84.0, 1982-07-01 00:00:00, 14.0
5.0, 9.5, 90.0, 94.0, 1982-07-02 00:00:00, 15.0
0.0, 11.0, 0.0, 84.0, 1982-07-03 00:00:00, 17.6
2.0, 12.5, 0.0, 70.0, 1982-07-04 00:00:00, 5.2
0.0, 17.5, 0.0, 40.0, 1982-07-05 00:00:00, 0.0
0.0, 16.5, 0.0, 57.0, 1982-07-06 00:00:00, 0.0
0.0, 24.5, 0.0, 32.0, 1982-07-07 00:00:00, 0.0
0.0, 22.0, 0.0, 37.0, 1982-07-08 00:00:00, 0.0
0.0, 20.0, 0.0, 68.0, 1982-07-09 00:00:00, 0.0
0.0, 16.0, 0.0, 73.0, 1982-07-10 00:00:00, 7.4
0.0, 10.0, 0.0, 89.0, 1982-07-11 00:00:00, 13.6
0.0, 8.0, 0.0, 82.0, 1982-07-12 00:00:00, 11.2
0.0, 12.0, 0.0, 74.0, 1982-07-13 00:00:00, 6.2
0.0, 6.0, 0.0, 87.0, 1982-07-14 00:00:00, 26.4
2.0, 5.0, 40.0, 87.0, 1982-07-15 00:00:00, 14.6
0.0, 17.0, 0.0, 43.0, 1982-07-16 00:00:00, 0.0
3.0, 12.0, 40.0, 60.0, 1982-07-17 00:00:00, 5.8
0.0, 14.0, 0.0, 54.0, 1982-07-18 00:00:00, 0.0
0.0, 12.0, 0.0, 84.0, 1982-07-19 00:00:00, 0.0
3.0, 10.0, 40.0, 94.0, 1982-07-20 00:00:00, 7.9
15.0, 11.0, 320.0, 79.0, 1982-07-21 00:00:00, 17.5
5.0, 8.5, 40.0, 83.0, 1982-07-22 00:00:00, 2.8
3.0, 12.0, 270.0, 60.0, 1982-07-23 00:00:00, 2.2
0.0, 15.0, 0.0, 55.0, 1982-07-24 00:00:00, 0.0
0.0, 20.5, 0.0, 41.0, 1982-07-25 00:00:00, 0.0
3.0, 21.5, 270.0, 46.0, 1982-07-26 00:00:00, 0.0
0.0, 24.0, 0.0, 32.0, 1982-07-27 00:00:00, 0.0
4.0, 25.0, 270.0, 33.0, 1982-07-28 00:00:00, 0.0
4.0, 25.0, 270.0, 31.0, 1982-07-29 00:00:00, 0.0
2.0, 25.0, 230.0, 33.0, 1982-07-30 00:00:00, 14.0
0.0, 14.0, 0.0, 62.0, 1982-07-31 00:00:00, 2.9
0.0, 13.5, 0.0, 53.0, 1982-08-01 00:00:00, 2.9
0.0, 12.5, 0.0, 65.0, 1982-08-02 00:00:00, 2.9
2.0, 11.0, 40.0, 84.0, 1982-08-03 00:00:00, 17.6
2.0, 12.5, 270.0, 70.0, 1982-08-04 00:00:00, 5.2
3.0, 12.5, 140.0, 40.0, 1982-08-05 00:00:00, 0.0
0.0, 16.5, 0.0, 57.0, 1982-08-06 00:00:00, 0.0
0.0, 24.5, 0.0, 32.0, 1982-08-07 00:00:00, 0.0
0.0, 22.0, 0.0, 37.0, 1982-08-08 00:00:00, 0.0
0.0, 20.0, 0.0, 68.0, 1982-08-09 00:00:00, 0.0
2.0, 16.0, 320.0, 73.0, 1982-08-10 00:00:00, 7.4
1.0, 10.0, 270.0, 89.0, 1982-08-11 00:00:00, 13.6
0.0, 8.0, 0.0, 82.0, 1982-08-12 00:00:00, 11.2
0.0, 12.0, 0.0, 74.0, 1982-08-13 00:00:00, 6.2
0.0, 8.0, 0.0, 54.0, 1982-08-14 00:00:00, 0.0
0.0, 11.0, 0.0, 45.0, 1982-08-15 00:00:00, 0.0
3.0, 17.0, 40.0, 43.0, 1982-08-16 00:00:00, 8.5
1.0, 13.0, 270.0, 65.0, 1982-08-17 00:00:00, 1.2
3.0, 16.5, 270.0, 48.0, 1982-08-18 00:00:00, 0.0
3.0, 21.0, 230.0, 34.0, 1982-08-19 00:00:00, 0.0
0.0, 12.5, 0.0, 95.0, 1982-08-20 00:00:00, 7.8
0.0, 18.0, 0.0, 48.0, 1982-08-21 00:00:00, 0.0
0.0, 19.5, 0.0, 43.0, 1982-08-22 00:00:00, 0.0
3.0, 18.5, 270.0, 48.0, 1982-08-23 00:00:00, 0.0
4.0, 19.0, 230.0, 44.0, 1982-08-24 00:00:00, 0.0
4.0, 19.5, 230.0, 52.0, 1982-08-25 00:00:00, 0.0
2.0, 19.0, 270.0, 51.0, 1982-08-26 00:00:00, 5.2
0.0, 15.5, 0.0, 81.0, 1982-08-27 00:00:00, 0.7
0.0, 13.5, 0.0, 65.0, 1982-08-28 00:00:00, 2.0
0.0, 14.0, 0.0, 65.0, 1982-08-29 00:00:00, 2.0
0.0, 9.5, 0.0, 94.0, 1982-08-30 00:00:00, 2.0
2.0, 11.0, 320.0, 78.0, 1982-08-31 00:00:00, 5.0
0.0, 13.0, 0.0, 71.0, 1982-09-01 00:00:00, 0.2
2.0, 21.5, 230.0, 48.0, 1982-09-02 00:00:00, 0.0
2.0, 21.0, 270.0, 55.0, 1982-09-03 00:00:00, 0.0
8.0, 18.0, 270.0, 66.0, 1982-09-04 00:00:00, 25.0
10.0, 18.0, 270.0, 87.0, 1982-09-05 00:00:00, 24.0
3.0, 19.0, 270.0, 74.0, 1982-09-06 00:00:00, 0.0
2.0, 16.0, 90.0, 64.0, 1982-09-07 00:00:00, 0.0
2.0, 16.0, 90.0, 55.0, 1982-09-08 00:00:00, 2.3
0.0, 10.0, 0.0, 94.0, 1982-09-09 00:00:00, 2.5
6.0, 4.0, 270.0, 86.0, 1982-09-10 00:00:00, 13.0
0.0, 5.0, 0.0, 80.0, 1982-09-11 00:00:00, 4.2
0.0, 8.0, 0.0, 76.0, 1982-09-12 00:00:00, 2.2
7.0, 8.0, 40.0, 54.0, 1982-09-13 00:00:00, 0.2
2.0, 11.5, 180.0, 35.0, 1982-09-14 00:00:00, 0.0
3.0, 11.0, 320.0, 63.0, 1982-09-15 00:00:00, 0.0
5.0, 15.5, 230.0, 55.0, 1982-09-16 00:00:00, 0.0
2.0, 18.0, 40.0, 50.0, 1982-09-17 00:00:00, 0.0
2.0, 19.0, 270.0, 31.0, 1982-09-18 00:00:00, 0.0
2.0, 21.0, 270.0, 34.0, 1982-09-19 00:00:00, 0.0
4.0, 20.0, 270.0, 33.0, 1982-09-20 00:00:00, 0.0
6.0, 13.0, 270.0, 65.0, 1982-09-21 00:00:00, 0.0
3.0, 16.5, 0.0, 60.0, 1982-09-22 00:00:00, 0.0
2.0, 18.5, 0.0, 51.0, 1982-09-23 00:00:00, 0.0
0.0, 15.5, 0.0, 56.0, 1982-09-24 00:00:00, 0.0
0.0, 9.0, 0.0, 72.0, 1982-09-25 00:00:00, 12.6
0.0, 7.0, 0.0, 82.0, 1982-09-26 00:00:00, 12.6
2.0, 8.5, 320.0, 77.0, 1982-09-27 00:00:00, 0.0
5.0, 3.5, 320.0, 93.0, 1982-09-28 00:00:00, 19.0
5.0, 7.0, 270.0, 69.0, 1982-09-29 00:00:00, 1.4
4.0, 8.5, 270.0, 61.0, 1982-09-30 00:00:00, 0.0
0.0, 0.0, 0.0, 0.0, 1983-06-05 00:00:00, 0.0
15.0, 19.0, 40.0, 46.0, 1983-06-06 00:00:00, 0.0
13.0, 16.0, 320.0, 49.0, 1983-06-07 00:00:00, 4.0
10.0, 19.0, 140.0, 39.0, 1983-06-08 00:00:00, 0.0
13.0, 13.0, 270.0, 53.0, 1983-06-09 00:00:00, 0.0
8.0, 7.5, 40.0, 82.0, 1983-06-10 00:00:00, 9.8
6.0, 7.0, 0.0, 76.0, 1983-06-11 00:00:00, 0.0
10.0, 8.0, 270.0, 76.0, 1983-06-12 00:00:00, 2.0
3.0, 14.0, 0.0, 54.0, 1983-06-13 00:00:00, 0.0
15.0, 18.0, 40.0, 37.0, 1983-06-14 00:00:00, 0.0
10.0, 10.0, 320.0, 89.0, 1983-06-15 00:00:00, 9.2
15.0, 12.0, 90.0, 79.0, 1983-06-16 00:00:00, 4.4
10.0, 8.0, 270.0, 88.0, 1983-06-17 00:00:00, 11.8
5.0, 5.0, 270.0, 80.0, 1983-06-18 00:00:00, 12.2
8.0, 4.5, 270.0, 86.0, 1983-06-19 00:00:00, 11.6
11.0, 5.0, 270.0, 87.0, 1983-06-20 00:00:00, 26.0
5.0, 9.0, 270.0, 77.0, 1983-06-21 00:00:00, 2.2
8.0, 15.0, 320.0, 51.0, 1983-06-22 00:00:00, 0.0
6.0, 10.5, 230.0, 78.0, 1983-06-23 00:00:00, 1.0
12.0, 7.0, 270.0, 82.0, 1983-06-24 00:00:00, 4.0
10.0, 8.5, 270.0, 70.0, 1983-06-25 00:00:00, 0.0
8.0, 15.0, 270.0, 54.0, 1983-06-26 00:00:00, 0.5
13.0, 18.0, 270.0, 43.0, 1983-06-27 00:00:00, 0.0
12.0, 19.0, 0.0, 46.0, 1983-06-28 00:00:00, 0.0
12.0, 11.0, 320.0, 89.0, 1983-06-29 00:00:00, 1.4
9.0, 9.0, 40.0, 94.0, 1983-06-30 00:00:00, 19.9
8.0, 9.0, 40.0, 72.0, 1983-07-01 00:00:00, 14.0
7.0, 11.0, 90.0, 89.0, 1983-07-02 00:00:00, 9.0
5.0, 12.0, 90.0, 90.0, 1983-07-03 00:00:00, 0.0
3.0, 16.0, 90.0, 56.0, 1983-07-04 00:00:00, 0.0
22.0, 17.0, 40.0, 54.0, 1983-07-05 00:00:00, 0.0
5.0, 11.5, 140.0, 84.0, 1983-07-06 00:00:00, 2.6
10.0, 15.0, 270.0, 64.0, 1983-07-07 00:00:00, 4.2
5.0, 12.0, 270.0, 70.0, 1983-07-08 00:00:00, 0.0
7.0, 17.0, 270.0, 74.0, 1983-07-09 00:00:00, 0.0
10.0, 13.0, 270.0, 71.0, 1983-07-10 00:00:00, 0.0
7.0, 10.5, 40.0, 94.0, 1983-07-11 00:00:00, 30.4
10.0, 11.0, 270.0, 95.0, 1983-07-12 00:00:00, 26.6
9.0, 13.0, 0.0, 80.0, 1983-07-13 00:00:00, 18.4
15.0, 7.0, 40.0, 88.0, 1983-07-14 00:00:00, 18.0
21.0, 8.0, 230.0, 88.0, 1983-07-15 00:00:00, 16.4
15.0, 14.0, 270.0, 71.0, 1983-07-16 00:00:00, 2.1
12.0, 18.0, 270.0, 59.0, 1983-07-17 00:00:00, 0.0
23.0, 19.0, 230.0, 39.0, 1983-07-18 00:00:00, 0.0
12.0, 22.5, 90.0, 21.0, 1983-07-19 00:00:00, 0.0
15.0, 15.0, 270.0, 64.0, 1983-07-20 00:00:00, 1.2
8.0, 13.0, 270.0, 66.0, 1983-07-21 00:00:00, 1.4
25.0, 21.0, 270.0, 36.0, 1983-07-22 00:00:00, 0.0
10.0, 22.0, 270.0, 43.0, 1983-07-23 00:00:00, 0.0
20.0, 20.0, 270.0, 61.0, 1983-07-24 00:00:00, 2.0
26.0, 14.0, 270.0, 81.0, 1983-07-25 00:00:00, 2.0
10.0, 9.5, 90.0, 83.0, 1983-07-26 00:00:00, 15.0
5.0, 14.0, 320.0, 58.0, 1983-07-27 00:00:00, 0.0
10.0, 13.0, 40.0, 80.0, 1983-07-28 00:00:00, 20.2
19.0, 22.0, 270.0, 34.0, 1983-07-29 00:00:00, 0.1
10.0, 20.0, 270.0, 47.0, 1983-07-30 00:00:00, 4.5
9.0, 22.0, 270.0, 31.0, 1983-07-31 00:00:00, 0.0
8.0, 18.0, 270.0, 37.0, 1983-08-01 00:00:00, 4.0
3.0, 20.0, 270.0, 50.0, 1983-08-02 00:00:00, 0.0
0.0, 15.0, 0.0, 59.0, 1983-08-03 00:00:00, 0.0
24.0, 19.5, 40.0, 37.0, 1983-08-04 00:00:00, 0.0
10.0, 21.5, 270.0, 41.0, 1983-08-05 00:00:00, 0.0
0.0, 24.5, 0.0, 43.0, 1983-08-06 00:00:00, 0.0
0.0, 23.5, 0.0, 42.0, 1983-08-07 00:00:00, 0.0
0.0, 25.5, 0.0, 39.0, 1983-08-08 00:00:00, 0.0
19.0, 26.0, 270.0, 32.0, 1983-08-09 00:00:00, 0.0
23.0, 18.0, 270.0, 70.0, 1983-08-10 00:00:00, 0.0
20.0, 14.0, 270.0, 95.0, 1983-08-11 00:00:00, 9.6
9.0, 15.0, 270.0, 81.0, 1983-08-12 00:00:00, 34.3
8.0, 18.0, 270.0, 59.0, 1983-08-13 00:00:00, 0.0
10.0, 19.0, 270.0, 46.0, 1983-08-14 00:00:00, 0.0
18.0, 17.0, 270.0, 43.0, 1983-08-15 00:00:00, 0.0
15.0, 18.0, 230.0, 59.0, 1983-08-16 00:00:00, 0.0
21.0, 17.0, 270.0, 54.0, 1983-08-17 00:00:00, 0.0
22.0, 15.5, 270.0, 44.0, 1983-08-18 00:00:00, 2.7
10.0, 19.0, 230.0, 32.0, 1983-08-19 00:00:00, 0.0
10.0, 15.0, 270.0, 51.0, 1983-08-20 00:00:00, 0.0
12.0, 18.0, 270.0, 44.0, 1983-08-21 00:00:00, 0.0
12.0, 17.5, 270.0, 40.0, 1983-08-22 00:00:00, 0.0
19.0, 19.5, 230.0, 33.0, 1983-08-23 00:00:00, 0.0
20.0, 17.5, 270.0, 54.0, 1983-08-24 00:00:00, 0.0
15.0, 15.5, 270.0, 60.0, 1983-08-25 00:00:00, 1.0
0.0, 12.5, 0.0, 70.0, 1983-08-26 00:00:00, 0.0
0.0, 14.0, 0.0, 71.0, 1983-08-27 00:00:00, 0.0
0.0, 14.5, 0.0, 81.0, 1983-08-28 00:00:00, 6.0
3.0, 15.0, 40.0, 72.0, 1983-08-29 00:00:00, 5.8
5.0, 20.0, 320.0, 64.0, 1983-08-30 00:00:00, 5.4
10.0, 22.5, 90.0, 35.0, 1983-08-31 00:00:00, 0.0
9.0, 12.5, 270.0, 90.0, 1983-09-01 00:00:00, 6.5
10.0, 10.5, 320.0, 84.0, 1983-09-02 00:00:00, 23.9
5.0, 11.0, 320.0, 84.0, 1983-09-03 00:00:00, 0.0
6.0, 13.0, 270.0, 80.0, 1983-09-04 00:00:00, 5.0
5.0, 10.0, 270.0, 68.0, 1983-09-05 00:00:00, 5.2
0.0, 8.0, 0.0, 88.0, 1983-09-06 00:00:00, 5.0
3.0, 5.5, 270.0, 74.0, 1983-09-07 00:00:00, 1.8
5.0, 6.0, 270.0, 75.0, 1983-09-08 00:00:00, 0.0
18.0, 5.0, 270.0, 80.0, 1983-09-09 00:00:00, 2.4
5.0, 4.0, 270.0, 93.0, 1983-09-10 00:00:00, 2.0
0.0, 7.0, 0.0, 64.0, 1983-09-11 00:00:00, 15.5
10.0, 10.0, 0.0, 68.0, 1983-09-12 00:00:00, 8.0
9.0, 15.0, 140.0, 47.0, 1983-09-13 00:00:00, 0.9
10.0, 10.5, 270.0, 68.0, 1983-09-14 00:00:00, 1.6
10.0, 11.0, 140.0, 49.0, 1983-09-15 00:00:00, 0.0
13.0, 4.5, 140.0, 93.0, 1983-09-16 00:00:00, 2.6
8.0, 3.0, 90.0, 72.0, 1983-09-17 00:00:00, 1.4
10.0, 5.0, 270.0, 67.0, 1983-09-18 00:00:00, 1.4
18.0, 5.0, 270.0, 37.0, 1983-09-19 00:00:00, 0.0
7.0, 7.0, 270.0, 37.0, 1983-09-20 00:00:00, 0.0
14.0, 12.0, 320.0, 60.0, 1983-09-21 00:00:00, 0.0
15.0, 15.0, 40.0, 55.0, 1983-09-22 00:00:00, 0.0
5.0, 12.0, 40.0, 60.0, 1983-09-23 00:00:00, 0.0
0.0, 11.0, 0.0, 84.0, 1983-09-24 00:00:00, 0.0
5.0, 17.5, 270.0, 51.0, 1983-09-25 00:00:00, 0.0
30.0, 16.5, 270.0, 31.0, 1983-09-26 00:00:00, 0.0
15.0, 2.5, 270.0, 64.0, 1983-09-27 00:00:00, 7.2
13.0, 4.0, 230.0, 86.0, 1983-09-28 00:00:00, 0.0
10.0, 5.5, 270.0, 74.0, 1983-09-29 00:00:00, 0.0
8.0, 6.5, 270.0, 35.0, 1983-09-30 00:00:00, 0.0
