station_observations
wind_speed, temperature, wind_direction, relative_humidity, time, precipitation
1.0, 8.0, 180.0, 99.0, 1983-05-02 00:00:00, 0.0
5.0, 10.0, 140.0, 63.0, 1983-05-03 00:00:00, 3.0
8.0, 13.0, 90.0, 61.0, 1983-05-04 00:00:00, 0.0
4.0, 17.0, 180.0, 46.0, 1983-05-05 00:00:00, 0.0
8.0, 13.0, 180.0, 61.0, 1983-05-06 00:00:00, 0.0
8.0, 7.8, 180.0, 90.0, 1983-05-07 00:00:00, 0.0
8.0, 8.3, 180.0, 70.0, 1983-05-08 00:00:00, 0.0
10.0, 12.0, 180.0, 60.0, 1983-05-09 00:00:00, 16.2
10.0, 13.0, 140.0, 44.0, 1983-05-10 00:00:00, 0.0
10.0, 13.0, 270.0, 44.0, 1983-05-11 00:00:00, 0.0
8.0, 16.0, 180.0, 34.0, 1983-05-12 00:00:00, 0.0
8.0, 18.0, 180.0, 37.0, 1983-05-13 00:00:00, 0.0
8.0, 18.0, 180.0, 35.0, 1983-05-14 00:00:00, 0.0
10.0, 16.0, 180.0, 61.0, 1983-05-15 00:00:00, 0.0
9.0, 16.0, 230.0, 49.0, 1983-05-16 00:00:00, 0.0
7.0, 10.0, 180.0, 68.0, 1983-05-17 00:00:00, 0.0
9.0, 10.0, 270.0, 68.0, 1983-05-18 00:00:00, 7.7
1.0, 7.0, 180.0, 94.0, 1983-05-19 00:00:00, 1.3
9.0, 17.0, 180.0, 54.0, 1983-05-20 00:00:00, 0.0
1.0, 17.7, 180.0, 49.0, 1983-05-21 00:00:00, 1.3
1.0, 19.4, 180.0, 51.0, 1983-05-22 00:00:00, 0.0
1.0, 16.7, 180.0, 53.0, 1983-05-23 00:00:00, 0.0
6.0, 23.0, 140.0, 44.0, 1983-05-24 00:00:00, 0.0
9.0, 19.5, 180.0, 36.0, 1983-05-25 00:00:00, 0.0
10.0, 20.5, 180.0, 38.0, 1983-05-26 00:00:00, 0.0
3.0, 24.5, 230.0, 43.0, 1983-05-27 00:00:00, 0.0
8.0, 29.0, 140.0, 42.0, 1983-05-28 00:00:00, 0.0
10.0, 30.0, 180.0, 35.0, 1983-05-29 00:00:00, 0.0
12.0, 28.0, 140.0, 28.0, 1983-05-30 00:00:00, 0.0
9.0, 25.0, 180.0, 41.0, 1983-05-31 00:00:00, 0.0
6.0, 24.0, 180.0, 46.0, 1983-06-01 00:00:00, 0.0
4.0, 16.5, 180.0, 69.0, 1983-06-02 00:00:00, 0.0
6.0, 14.0, 140.0, 71.0, 1983-06-03 00:00:00, 6.1
4.0, 13.5, 180.0, 75.0, 1983-06-04 00:00:00, 3.9
6.0, 16.0, 180.0, 63.0, 1983-06-05 00:00:00, 0.0
9.0, 19.0, 180.0, 53.0, 1983-06-06 00:00:00, 0.0
10.0, 19.0, 180.0, 46.0, 1983-06-07 00:00:00, 3.1
8.0, 23.0, 230.0, 44.0, 1983-06-08 00:00:00, 0.0
11.0, 16.0, 180.0, 60.0, 1983-06-09 00:00:00, 0.0
4.0, 10.0, 140.0, 78.0, 1983-06-10 00:00:00, 8.1
0.0, 15.5, 0.0, 63.0, 1983-06-11 00:00:00, 1.0
0.0, 13.5, 0.0, 75.0, 1983-06-12 00:00:00, 0.0
8.0, 21.5, 180.0, 39.0, 1983-06-13 00:00:00, 0.0
9.0, 22.5, 140.0, 44.0, 1983-06-14 00:00:00, 0.0
3.0, 11.5, 140.0, 99.0, 1983-06-15 00:00:00, 6.0
7.0, 16.5, 40.0, 65.0, 1983-06-16 00:00:00, 5.7
3.0, 12.0, 180.0, 99.0, 1983-06-17 00:00:00, 18.0
6.0, 10.0, 140.0, 80.0, 1983-06-18 00:00:00, 11.0
3.0, 10.0, 140.0, 98.0, 1983-06-19 00:00:00, 12.9
5.0, 8.0, 180.0, 99.0, 1983-06-20 00:00:00, 16.0
4.0, 12.5, 230.0, 66.0, 1983-06-21 00:00:00, 1.6
4.0, 17.0, 180.0, 65.0, 1983-06-22 00:00:00, 0.0
6.0, 14.0, 140.0, 76.0, 1983-06-23 00:00:00, 0.0
7.0, 20.5, 230.0, 73.0, 1983-06-24 00:00:00, 6.0
0.0, 14.5, 0.0, 66.0, 1983-06-25 00:00:00, 1.3
0.0, 16.5, 0.0, 68.0, 1983-06-26 00:00:00, 0.0
9.0, 20.0, 230.0, 57.0, 1983-06-27 00:00:00, 0.0
8.0, 23.5, 180.0, 48.0, 1983-06-28 00:00:00, 0.0
1.0, 14.0, 180.0, 85.0, 1983-06-29 00:00:00, 0.4
5.0, 16.0, 180.0, 69.0, 1983-06-30 00:00:00, 19.8
0.0, 15.5, 0.0, 72.0, 1983-07-01 00:00:00, 10.5
0.0, 12.2, 0.0, 90.0, 1983-07-02 00:00:00, 10.0
0.0, 11.5, 0.0, 98.0, 1983-07-03 00:00:00, 0.0
8.0, 20.0, 180.0, 54.0, 1983-07-04 00:00:00, 0.0
10.0, 19.5, 90.0, 64.0, 1983-07-05 00:00:00, 0.0
4.0, 14.5, 0.0, 86.0, 1983-07-06 00:00:00, 1.4
6.0, 15.0, 230.0, 72.0, 1983-07-07 00:00:00, 3.1
4.0, 15.5, 180.0, 68.0, 1983-07-08 00:00:00, 0.5
3.0, 12.0, 180.0, 60.0, 1983-07-09 00:00:00, 10.0
2.0, 19.0, 180.0, 55.0, 1983-07-10 00:00:00, 0.0
0.0, 12.0, 0.0, 99.0, 1983-07-11 00:00:00, 42.0
8.0, 15.5, 140.0, 81.0, 1983-07-12 00:00:00, 41.6
1.0, 14.0, 180.0, 95.0, 1983-07-13 00:00:00, 17.5
8.0, 12.5, 180.0, 70.0, 1983-07-14 00:00:00, 6.1
1.0, 9.0, 180.0, 99.0, 1983-07-15 00:00:00, 11.5
0.0, 18.0, 0.0, 65.0, 1983-07-16 00:00:00, 3.5
0.0, 20.0, 0.0, 58.0, 1983-07-17 00:00:00, 0.0
6.0, 23.0, 180.0, 50.0, 1983-07-18 00:00:00, 0.0
6.0, 25.0, 180.0, 52.0, 1983-07-19 00:00:00, 0.0
9.0, 20.0, 180.0, 57.0, 1983-07-20 00:00:00, 0.4
5.0, 18.0, 180.0, 66.0, 1983-07-21 00:00:00, 4.0
5.0, 24.0, 180.0, 46.0, 1983-07-22 00:00:00, 1.0
0.0, 22.5, 0.0, 61.0, 1983-07-23 00:00:00, 0.0
0.0, 19.5, 0.0, 86.0, 1983-07-24 00:00:00, 4.9
7.0, 15.0, 180.0, 86.0, 1983-07-25 00:00:00, 0.0
6.0, 14.0, 180.0, 86.0, 1983-07-26 00:00:00, 17.0
3.0, 16.0, 180.0, 73.0, 1983-07-27 00:00:00, 0.0
3.0, 17.0, 180.0, 74.0, 1983-07-28 00:00:00, 14.5
6.0, 20.0, 180.0, 72.0, 1983-07-29 00:00:00, 0.0
0.0, 21.1, 0.0, 60.0, 1983-07-30 00:00:00, 0.0
0.0, 26.6, 0.0, 57.0, 1983-07-31 00:00:00, 0.0
0.0, 21.1, 0.0, 92.0, 1983-08-01 00:00:00, 6.5
8.0, 23.5, 230.0, 48.0, 1983-08-02 00:00:00, 0.0
7.0, 23.5, 180.0, 54.0, 1983-08-03 00:00:00, 0.0
6.0, 22.0, 230.0, 53.0, 1983-08-04 00:00:00, 0.0
5.0, 24.5, 230.0, 60.0, 1983-08-05 00:00:00, 0.0
0.0, 21.1, 0.0, 39.0, 1983-08-06 00:00:00, 0.0
0.0, 24.5, 0.0, 50.0, 1983-08-07 00:00:00, 0.0
3.0, 26.0, 180.0, 53.0, 1983-08-08 00:00:00, 0.0
3.0, 26.5, 180.0, 65.0, 1983-08-09 00:00:00, 0.0
5.0, 22.5, 140.0, 70.0, 1983-08-10 00:00:00, 0.0
4.0, 17.5, 180.0, 95.0, 1983-08-11 00:00:00, 5.7
4.0, 17.5, 0.0, 78.0, 1983-08-12 00:00:00, 1.0
0.0, 24.0, 0.0, 63.0, 1983-08-13 00:00:00, 0.0
0.0, 23.0, 0.0, 55.0, 1983-08-14 00:00:00, 0.0
8.0, 21.0, 230.0, 48.0, 1983-08-15 00:00:00, 0.0
7.0, 21.0, 140.0, 62.0, 1983-08-16 00:00:00, 0.0
0.0, 20.0, 0.0, 72.0, 1983-08-17 00:00:00, 0.0
10.0, 20.5, 180.0, 54.0, 1983-08-18 00:00:00, 5.5
17.0, 24.5, 180.0, 51.0, 1983-08-19 00:00:00, 0.0
0.0, 21.1, 0.0, 63.0, 1983-08-20 00:00:00, 0.0
0.0, 21.1, 0.0, 63.0, 1983-08-21 00:00:00, 0.0
3.0, 17.7, 270.0, 70.0, 1983-08-22 00:00:00, 0.0
5.0, 21.0, 180.0, 62.0, 1983-08-23 00:00:00, 0.0
7.0, 20.0, 180.0, 57.0, 1983-08-24 00:00:00, 0.0
6.0, 19.5, 140.0, 71.0, 1983-08-25 00:00:00, 44.1
5.0, 12.5, 0.0, 95.0, 1983-08-26 00:00:00, 1.5
0.0, 17.0, 0.0, 76.0, 1983-08-27 00:00:00, 5.0
0.0, 15.5, 0.0, 98.0, 1983-08-28 00:00:00, 4.8
5.0, 18.0, 180.0, 78.0, 1983-08-29 00:00:00, 5.3
0.0, 18.5, 0.0, 75.0, 1983-08-30 00:00:00, 7.8
3.0, 23.5, 180.0, 67.0, 1983-08-31 00:00:00, 0.0
7.0, 1.3, 0.0, 99.0, 1983-09-01 00:00:00, 7.8
7.0, 13.5, 180.0, 95.0, 1983-09-02 00:00:00, 23.7
0.0, 15.5, 0.0, 85.0, 1983-09-03 00:00:00, 0.0
0.0, 14.5, 0.0, 78.0, 1983-09-04 00:00:00, 9.0
0.0, 14.5, 0.0, 78.0, 1983-09-05 00:00:00, 0.0
1.0, 8.5, 180.0, 94.0, 1983-09-06 00:00:00, 2.0
5.0, 10.0, 180.0, 73.0, 1983-09-07 00:00:00, 2.9
0.0, 8.0, 0.0, 82.0, 1983-09-08 00:00:00, 0.0
0.0, 9.5, 0.0, 78.0, 1983-09-09 00:00:00, 1.6
0.0, 8.5, 0.0, 95.0, 1983-09-10 00:00:00, 8.1
0.0, 10.0, 0.0, 99.0, 1983-09-11 00:00:00, 10.3
7.0, 15.0, 180.0, 77.0, 1983-09-12 00:00:00, 7.2
0.0, 16.0, 0.0, 73.0, 1983-09-13 00:00:00, 0.0
0.0, 12.0, 0.0, 90.0, 1983-09-14 00:00:00, 5.3
3.0, 11.0, 180.0, 89.0, 1983-09-15 00:00:00, 0.6
6.0, 7.5, 180.0, 94.0, 1983-09-16 00:00:00, 5.0
0.0, 4.5, 0.0, 86.0, 1983-09-17 00:00:00, 9.7
0.0, 9.0, 0.0, 66.0, 1983-09-18 00:00:00, 0.0
7.0, 9.0, 180.0, 46.0, 1983-09-19 00:00:00, 0.0
3.0, 9.0, 180.0, 56.0, 1983-09-20 00:00:00, 0.0
8.0, 13.5, 180.0, 58.0, 1983-09-21 00:00:00, 0.0
4.0, 13.0, 180.0, 75.0, 1983-09-22 00:00:00, 0.0
6.0, 15.5, 180.0, 68.0, 1983-09-23 00:00:00, 0.0
0.0, 17.0, 0.0, 61.0, 1983-09-24 00:00:00, 0.0
0.0, 19.5, 0.0, 60.0, 1983-09-25 00:00:00, 0.0
12.0, 18.5, 230.0, 48.0, 1983-09-26 00:00:00, 0.0
5.0, 7.0, 270.0, 47.0, 1983-09-27 00:00:00, 4.6
5.0, 7.0, 180.0, 53.0, 1983-09-28 00:00:00, 0.0
5.0, 8.0, 230.0, 54.0, 1983-09-29 00:00:00, 0.0
4.0, 8.0, 230.0, 65.0, 1983-09-30 00:00:00, 0.0
