station_observations
wind_speed, temperature, wind_direction, relative_humidity, time, precipitation
16.0, 14.0, 0.0, 80.0, 1984-05-01 00:00:00, 0.0
27.0, 12.0, 230.0, 59.0, 1984-05-02 00:00:00, 0.0
6.0, 11.5, 0.0, 44.0, 1984-05-03 00:00:00, 0.0
8.0, 12.5, 180.0, 32.0, 1984-05-04 00:00:00, 0.0
10.0, 11.0, 0.0, 43.0, 1984-05-05 00:00:00, 0.0
3.0, 12.0, 230.0, 41.0, 1984-05-06 00:00:00, 0.0
13.0, 18.0, 230.0, 36.0, 1984-05-07 00:00:00, 0.0
6.0, 11.0, 0.0, 68.0, 1984-05-08 00:00:00, 0.0
5.0, 9.0, 40.0, 65.0, 1984-05-09 00:00:00, 0.0
8.0, 12.0, 40.0, 33.0, 1984-05-10 00:00:00, 0.0
6.0, 7.5, 0.0, 81.0, 1984-05-11 00:00:00, 0.0
8.0, 9.5, 0.0, 50.0, 1984-05-12 00:00:00, 5.0
6.0, 17.0, 0.0, 49.0, 1984-05-13 00:00:00, 1.4
13.0, 11.0, 180.0, 83.0, 1984-05-14 00:00:00, 10.1
3.0, 12.0, 180.0, 59.0, 1984-05-15 00:00:00, 0.0
26.0, 11.0, 180.0, 68.0, 1984-05-16 00:00:00, 10.0
16.0, 15.0, 180.0, 46.0, 1984-05-17 00:00:00, 0.0
5.0, 17.0, 0.0, 45.0, 1984-05-18 00:00:00, 0.0
18.0, 8.0, 180.0, 94.0, 1984-05-19 00:00:00, 13.0
16.0, 13.0, 180.0, 51.0, 1984-05-20 00:00:00, 3.0
16.0, 12.5, 180.0, 46.0, 1984-05-21 00:00:00, 1.0
8.0, 14.0, 180.0, 53.0, 1984-05-22 00:00:00, 1.5
8.0, 13.0, 180.0, 56.0, 1984-05-23 00:00:00, 13.3
15.0, 12.0, 180.0, 59.0, 1984-05-24 00:00:00, 4.7
3.0, 13.0, 40.0, 56.0, 1984-05-25 00:00:00, 0.0
16.0, 11.0, 180.0, 78.0, 1984-05-26 00:00:00, 7.0
8.0, 17.5, 40.0, 50.0, 1984-05-27 00:00:00, 4.0
7.0, 21.0, 0.0, 47.0, 1984-05-28 00:00:00, 0.0
7.0, 22.0, 0.0, 51.0, 1984-05-29 00:00:00, 0.0
10.0, 17.0, 180.0, 61.0, 1984-05-30 00:00:00, 1.0
6.0, 10.0, 320.0, 51.0, 1984-05-31 00:00:00, 8.7
6.0, 16.0, 320.0, 36.0, 1984-06-01 00:00:00, 0.6
5.0, 19.0, 320.0, 41.0, 1984-06-02 00:00:00, 0.0
8.0, 17.0, 180.0, 45.0, 1984-06-03 00:00:00, 0.0
3.0, 14.5, 230.0, 71.0, 1984-06-04 00:00:00, 0.5
6.0, 14.0, 180.0, 66.0, 1984-06-05 00:00:00, 4.5
0.0, 16.0, 0.0, 64.0, 1984-06-06 00:00:00, 6.0
18.0, 13.0, 180.0, 79.0, 1984-06-07 00:00:00, 5.5
13.0, 12.0, 180.0, 64.0, 1984-06-08 00:00:00, 6.5
8.0, 12.5, 180.0, 74.0, 1984-06-09 00:00:00, 9.6
6.0, 17.0, 320.0, 57.0, 1984-06-10 00:00:00, 0.0
5.0, 21.5, 180.0, 54.0, 1984-06-11 00:00:00, 0.0
3.0, 23.0, 180.0, 49.0, 1984-06-12 00:00:00, 0.0
3.0, 25.0, 180.0, 49.0, 1984-06-13 00:00:00, 0.0
5.0, 27.0, 230.0, 51.0, 1984-06-14 00:00:00, 0.0
5.0, 22.0, 0.0, 48.0, 1984-06-15 00:00:00, 0.0
0.0, 19.0, 0.0, 44.0, 1984-06-16 00:00:00, 0.0
3.0, 21.0, 180.0, 41.0, 1984-06-17 00:00:00, 0.0
15.0, 19.0, 180.0, 48.0, 1984-06-18 00:00:00, 0.0
4.0, 18.0, 180.0, 46.0, 1984-06-19 00:00:00, 0.0
3.0, 23.0, 0.0, 37.0, 1984-06-20 00:00:00, 0.0
11.0, 23.0, 180.0, 43.0, 1984-06-21 00:00:00, 0.0
5.0, 21.0, 0.0, 51.0, 1984-06-22 00:00:00, 0.0
8.0, 22.0, 0.0, 48.0, 1984-06-23 00:00:00, 0.0
0.0, 17.5, 0.0, 86.0, 1984-06-24 00:00:00, 5.4
5.0, 23.0, 0.0, 46.0, 1984-06-25 00:00:00, 0.0
0.0, 20.0, 0.0, 75.0, 1984-06-26 00:00:00, 0.0
5.0, 20.0, 230.0, 53.0, 1984-06-27 00:00:00, 5.5
5.0, 21.0, 0.0, 61.0, 1984-06-28 00:00:00, 0.0
11.0, 9.0, 230.0, 88.0, 1984-06-29 00:00:00, 11.0
8.0, 19.0, 180.0, 37.0, 1984-06-30 00:00:00, 3.8
5.0, 11.0, 180.0, 89.0, 1984-07-01 00:00:00, 12.3
3.0, 20.0, 0.0, 53.0, 1984-07-02 00:00:00, 0.0
5.0, 23.0, 0.0, 49.0, 1984-07-03 00:00:00, 0.0
9.0, 23.0, 180.0, 46.0, 1984-07-04 00:00:00, 0.0
3.0, 19.0, 180.0, 51.0, 1984-07-05 00:00:00, 0.0
18.0, 10.0, 180.0, 78.0, 1984-07-06 00:00:00, 4.0
6.0, 18.5, 0.0, 51.0, 1984-07-07 00:00:00, 0.0
0.0, 20.0, 0.0, 56.0, 1984-07-08 00:00:00, 0.0
4.0, 23.0, 0.0, 49.0, 1984-07-09 00:00:00, 0.0
8.0, 24.0, 0.0, 44.0, 1984-07-10 00:00:00, 0.0
5.0, 26.0, 0.0, 41.0, 1984-07-11 00:00:00, 0.0
13.0, 23.0, 180.0, 73.0, 1984-07-12 00:00:00, 0.0
6.0, 20.0, 0.0, 46.0, 1984-07-13 00:00:00, 0.0
5.0, 25.0, 180.0, 43.0, 1984-07-14 00:00:00, 0.0
5.0, 25.5, 180.0, 43.0, 1984-07-15 00:00:00, 0.0
6.0, 29.0, 0.0, 45.0, 1984-07-16 00:00:00, 0.0
3.0, 29.0, 0.0, 32.0, 1984-07-17 00:00:00, 0.0
7.0, 29.5, 180.0, 26.0, 1984-07-18 00:00:00, 0.0
9.0, 25.5, 0.0, 35.0, 1984-07-19 00:00:00, 0.0
3.0, 18.5, 0.0, 62.0, 1984-07-20 00:00:00, 0.0
3.0, 17.0, 180.0, 69.0, 1984-07-21 00:00:00, 4.5
3.0, 22.5, 180.0, 42.0, 1984-07-22 00:00:00, 0.0
2.0, 26.0, 180.0, 39.0, 1984-07-23 00:00:00, 0.0
5.0, 28.0, 0.0, 36.0, 1984-07-24 00:00:00, 0.0
2.0, 30.5, 0.0, 34.0, 1984-07-25 00:00:00, 0.0
3.0, 32.0, 180.0, 46.0, 1984-07-26 00:00:00, 1.5
9.0, 28.0, 180.0, 34.0, 1984-07-27 00:00:00, 0.0
5.0, 28.0, 0.0, 33.0, 1984-07-28 00:00:00, 0.0
5.0, 25.5, 0.0, 42.0, 1984-07-29 00:00:00, 0.0
0.0, 22.0, 0.0, 69.0, 1984-07-30 00:00:00, 0.0
3.0, 29.0, 0.0, 45.0, 1984-07-31 00:00:00, 0.0
0.0, 18.5, 0.0, 91.0, 1984-08-01 00:00:00, 9.0
0.0, 25.0, 0.0, 58.0, 1984-08-02 00:00:00, 0.0
0.0, 23.0, 0.0, 63.0, 1984-08-03 00:00:00, 0.0
6.0, 27.5, 320.0, 51.0, 1984-08-04 00:00:00, 0.0
0.0, 26.0, 0.0, 47.0, 1984-08-05 00:00:00, 2.5
10.0, 23.0, 180.0, 43.0, 1984-08-06 00:00:00, 0.0
5.0, 18.0, 0.0, 54.0, 1984-08-07 00:00:00, 0.0
6.0, 26.0, 0.0, 46.0, 1984-08-08 00:00:00, 0.0
5.0, 30.0, 180.0, 36.0, 1984-08-09 00:00:00, 0.0
5.0, 28.0, 140.0, 38.0, 1984-08-10 00:00:00, 0.0
7.0, 26.0, 0.0, 26.0, 1984-08-11 00:00:00, 1.0
7.0, 20.5, 0.0, 71.0, 1984-08-12 00:00:00, 3.0
5.0, 18.0, 270.0, 70.0, 1984-08-13 00:00:00, 11.0
5.0, 20.0, 180.0, 60.0, 1984-08-14 00:00:00, 0.0
0.0, 24.0, 0.0, 45.0, 1984-08-15 00:00:00, 0.0
0.0, 28.0, 0.0, 44.0, 1984-08-16 00:00:00, 0.0
0.0, 22.0, 0.0, 69.0, 1984-08-17 00:00:00, 0.0
15.0, 25.0, 180.0, 35.0, 1984-08-18 00:00:00, 0.0
6.0, 20.0, 180.0, 42.0, 1984-08-19 00:00:00, 0.0
0.0, 23.0, 0.0, 43.0, 1984-08-20 00:00:00, 0.0
6.0, 24.0, 230.0, 39.0, 1984-08-21 00:00:00, 0.0
5.0, 23.5, 0.0, 47.0, 1984-08-22 00:00:00, 0.0
0.0, 23.0, 0.0, 40.0, 1984-08-23 00:00:00, 0.0
5.0, 23.0, 230.0, 43.0, 1984-08-24 00:00:00, 0.0
5.0, 24.0, 0.0, 42.0, 1984-08-25 00:00:00, 0.0
3.0, 18.0, 180.0, 78.0, 1984-08-26 00:00:00, 0.5
3.0, 16.0, 180.0, 81.0, 1984-08-27 00:00:00, 13.5
0.0, 13.0, 0.0, 65.0, 1984-08-28 00:00:00, 4.2
8.0, 18.0, 0.0, 43.0, 1984-08-29 00:00:00, 0.0
3.0, 18.5, 270.0, 47.0, 1984-08-30 00:00:00, 0.0
15.0, 24.0, 140.0, 39.0, 1984-08-31 00:00:00, 0.0
5.0, 19.0, 0.0, 44.0, 1984-09-01 00:00:00, 0.0
3.0, 19.5, 180.0, 42.0, 1984-09-02 00:00:00, 0.0
0.0, 21.0, 0.0, 47.0, 1984-09-03 00:00:00, 0.0
5.0, 19.0, 270.0, 55.0, 1984-09-04 00:00:00, 0.0
0.0, 19.0, 0.0, 66.0, 1984-09-05 00:00:00, 0.0
6.0, 14.0, 230.0, 57.0, 1984-09-06 00:00:00, 28.8
0.0, 18.0, 0.0, 43.0, 1984-09-07 00:00:00, 0.0
5.0, 15.0, 0.0, 71.0, 1984-09-08 00:00:00, 1.0
0.0, 13.0, 0.0, 95.0, 1984-09-09 00:00:00, 3.2
0.0, 14.0, 0.0, 71.0, 1984-09-10 00:00:00, 1.5
5.0, 17.0, 230.0, 57.0, 1984-09-11 00:00:00, 7.1
11.0, 15.5, 180.0, 51.0, 1984-09-12 00:00:00, 0.0
3.0, 16.5, 230.0, 52.0, 1984-09-13 00:00:00, 2.7
0.0, 17.0, 0.0, 57.0, 1984-09-14 00:00:00, 0.0
5.0, 16.5, 270.0, 52.0, 1984-09-15 00:00:00, 0.0
0.0, 11.0, 0.0, 94.0, 1984-09-16 00:00:00, 0.6
0.0, 18.0, 0.0, 74.0, 1984-09-17 00:00:00, 0.0
0.0, 23.0, 0.0, 60.0, 1984-09-18 00:00:00, 0.0
8.0, 19.0, 270.0, 51.0, 1984-09-19 00:00:00, 0.0
8.0, 19.0, 270.0, 51.0, 1984-09-20 00:00:00, 0.0
11.0, 10.0, 230.0, 67.0, 1984-09-21 00:00:00, 7.5
0.0, 11.0, 0.0, 78.0, 1984-09-22 00:00:00, 0.0
0.0, 10.5, 0.0, 62.0, 1984-09-23 00:00:00, 0.0
5.0, 11.0, 230.0, 48.0, 1984-09-24 00:00:00, 0.0
3.0, 9.5, 270.0, 66.0, 1984-09-25 00:00:00, 0.0
3.0, 13.0, 180.0, 47.0, 1984-09-26 00:00:00, 0.0
0.0, 12.0, 0.0, 54.0, 1984-09-27 00:00:00, 0.0
0.0, 11.0, 0.0, 48.0, 1984-09-28 00:00:00, 0.0
0.0, 13.0, 0.0, 51.0, 1984-09-29 00:00:00, 0.0
0.0, 15.0, 0.0, 46.0, 1984-09-30 00:00:00, 0.0
0.0, 0.0, 0.0, 0.0, 1985-05-14 00:00:00, 0.0
14.0, 19.0, 270.0, 34.0, 1985-05-15 00:00:00, 0.0
10.0, 24.0, 0.0, 28.0, 1985-05-16 00:00:00, 0.0
3.0, 25.0, 320.0, 29.0, 1985-05-17 00:00:00, 0.0
3.0, 25.5, 0.0, 27.0, 1985-05-18 00:00:00, 0.0
3.0, 26.0, 0.0, 36.0, 1985-05-19 00:00:00, 0.0
4.0, 25.0, 0.0, 40.0, 1985-05-20 00:00:00, 0.0
3.0, 26.0, 0.0, 41.0, 1985-05-21 00:00:00, 0.0
4.0, 26.5, 0.0, 45.0, 1985-05-22 00:00:00, 0.0
3.0, 26.0, 40.0, 52.0, 1985-05-23 00:00:00, 0.0
10.0, 20.0, 0.0, 60.0, 1985-05-24 00:00:00, 2.7
18.0, 15.0, 180.0, 81.0, 1985-05-25 00:00:00, 9.0
8.0, 19.0, 180.0, 55.0, 1985-05-26 00:00:00, 0.0
11.0, 17.5, 320.0, 58.0, 1985-05-27 00:00:00, 0.0
6.0, 16.0, 0.0, 72.0, 1985-05-28 00:00:00, 3.0
8.0, 14.0, 0.0, 75.0, 1985-05-29 00:00:00, 2.5
5.0, 17.0, 0.0, 73.0, 1985-05-30 00:00:00, 0.8
3.0, 22.0, 40.0, 48.0, 1985-05-31 00:00:00, 0.0
0.0, 25.0, 0.0, 46.0, 1985-06-01 00:00:00, 0.0
0.0, 25.0, 0.0, 40.0, 1985-06-02 00:00:00, 0.0
0.0, 22.0, 0.0, 62.0, 1985-06-03 00:00:00, 0.0
8.0, 18.0, 0.0, 74.0, 1985-06-04 00:00:00, 3.0
10.0, 15.0, 0.0, 90.0, 1985-06-05 00:00:00, 7.7
0.0, 14.5, 0.0, 58.0, 1985-06-06 00:00:00, 3.0
0.0, 12.0, 0.0, 89.0, 1985-06-07 00:00:00, 24.7
6.0, 15.5, 0.0, 59.0, 1985-06-08 00:00:00, 7.2
6.0, 19.0, 0.0, 51.0, 1985-06-09 00:00:00, 0.5
6.0, 20.5, 0.0, 37.0, 1985-06-10 00:00:00, 0.0
3.0, 21.0, 0.0, 47.0, 1985-06-11 00:00:00, 0.0
0.0, 22.0, 0.0, 48.0, 1985-06-12 00:00:00, 0.0
6.0, 15.0, 0.0, 71.0, 1985-06-13 00:00:00, 0.0
6.0, 16.0, 0.0, 81.0, 1985-06-14 00:00:00, 0.4
5.0, 18.0, 0.0, 50.0, 1985-06-15 00:00:00, 1.1
3.0, 19.0, 0.0, 37.0, 1985-06-16 00:00:00, 0.0
3.0, 24.0, 0.0, 36.0, 1985-06-17 00:00:00, 0.0
0.0, 26.0, 0.0, 41.0, 1985-06-18 00:00:00, 0.0
5.0, 28.0, 0.0, 40.0, 1985-06-19 00:00:00, 0.0
5.0, 20.0, 0.0, 53.0, 1985-06-20 00:00:00, 0.0
16.0, 24.5, 0.0, 37.0, 1985-06-21 00:00:00, 0.0
11.0, 22.0, 0.0, 42.0, 1985-06-22 00:00:00, 0.0
11.0, 11.0, 0.0, 73.0, 1985-06-23 00:00:00, 0.0
11.0, 11.0, 0.0, 68.0, 1985-06-24 00:00:00, 4.8
4.0, 19.0, 0.0, 55.0, 1985-06-25 00:00:00, 0.0
3.0, 24.0, 0.0, 45.0, 1985-06-26 00:00:00, 0.0
0.0, 21.0, 0.0, 61.0, 1985-06-27 00:00:00, 0.0
3.0, 25.0, 0.0, 46.0, 1985-06-28 00:00:00, 0.4
6.0, 27.0, 0.0, 37.0, 1985-06-29 00:00:00, 0.0
5.0, 18.0, 0.0, 66.0, 1985-06-30 00:00:00, 0.0
0.0, 25.0, 0.0, 48.0, 1985-07-01 00:00:00, 0.0
0.0, 27.0, 0.0, 42.0, 1985-07-02 00:00:00, 0.0
5.0, 29.0, 0.0, 39.0, 1985-07-03 00:00:00, 0.0
0.0, 29.0, 0.0, 40.0, 1985-07-04 00:00:00, 0.0
8.0, 26.0, 0.0, 31.0, 1985-07-05 00:00:00, 0.0
3.0, 24.0, 0.0, 36.0, 1985-07-06 00:00:00, 0.0
0.0, 26.0, 0.0, 50.0, 1985-07-07 00:00:00, 0.0
8.0, 31.0, 0.0, 33.0, 1985-07-08 00:00:00, 0.0
3.0, 30.0, 0.0, 41.0, 1985-07-09 00:00:00, 0.0
6.0, 28.5, 0.0, 44.0, 1985-07-10 00:00:00, 0.0
8.0, 27.0, 0.0, 37.0, 1985-07-11 00:00:00, 0.0
11.0, 24.0, 0.0, 22.0, 1985-07-12 00:00:00, 0.0
5.0, 22.0, 0.0, 41.0, 1985-07-13 00:00:00, 4.6
8.0, 26.0, 0.0, 33.0, 1985-07-14 00:00:00, 0.0
5.0, 29.0, 0.0, 30.0, 1985-07-15 00:00:00, 0.7
6.0, 27.0, 0.0, 52.0, 1985-07-16 00:00:00, 0.0
6.0, 27.0, 0.0, 42.0, 1985-07-17 00:00:00, 0.7
6.0, 29.0, 0.0, 35.0, 1985-07-18 00:00:00, 0.0
5.0, 30.0, 0.0, 36.0, 1985-07-19 00:00:00, 0.0
3.0, 30.0, 0.0, 36.0, 1985-07-20 00:00:00, 0.0
0.0, 31.0, 0.0, 27.0, 1985-07-21 00:00:00, 0.0
8.0, 29.0, 0.0, 40.0, 1985-07-22 00:00:00, 0.0
0.0, 24.0, 0.0, 17.0, 1985-07-23 00:00:00, 4.0
5.0, 23.0, 0.0, 56.0, 1985-07-24 00:00:00, 14.0
0.0, 26.0, 0.0, 41.0, 1985-07-25 00:00:00, 0.0
0.0, 25.0, 0.0, 29.0, 1985-07-26 00:00:00, 0.0
0.0, 26.5, 0.0, 34.0, 1985-07-27 00:00:00, 0.0
0.0, 29.0, 0.0, 40.0, 1985-07-28 00:00:00, 0.0
0.0, 29.0, 0.0, 35.0, 1985-07-29 00:00:00, 0.0
0.0, 29.5, 0.0, 33.0, 1985-07-30 00:00:00, 0.0
0.0, 31.0, 0.0, 33.0, 1985-07-31 00:00:00, 0.0
0.0, 17.5, 0.0, 91.0, 1985-08-01 00:00:00, 1.2
0.0, 20.5, 0.0, 75.0, 1985-08-02 00:00:00, 0.6
0.0, 26.0, 0.0, 55.0, 1985-08-03 00:00:00, 0.0
0.0, 20.5, 0.0, 71.0, 1985-08-04 00:00:00, 2.5
0.0, 25.0, 0.0, 40.0, 1985-08-05 00:00:00, 0.0
0.0, 25.0, 0.0, 43.0, 1985-08-06 00:00:00, 0.0
0.0, 18.5, 0.0, 62.0, 1985-08-07 00:00:00, 0.7
0.0, 12.0, 0.0, 95.0, 1985-08-08 00:00:00, 13.0
5.0, 13.5, 0.0, 95.0, 1985-08-09 00:00:00, 4.1
0.0, 17.5, 0.0, 61.0, 1985-08-10 00:00:00, 12.5
0.0, 19.0, 0.0, 55.0, 1985-08-11 00:00:00, 0.0
0.0, 19.0, 0.0, 51.0, 1985-08-12 00:00:00, 0.0
0.0, 21.0, 0.0, 47.0, 1985-08-13 00:00:00, 0.0
0.0, 25.0, 0.0, 46.0, 1985-08-14 00:00:00, 0.0
0.0, 21.0, 0.0, 54.0, 1985-08-15 00:00:00, 3.0
0.0, 23.0, 0.0, 34.0, 1985-08-16 00:00:00, 0.0
0.0, 24.0, 0.0, 33.0, 1985-08-17 00:00:00, 0.0
0.0, 24.0, 0.0, 35.0, 1985-08-18 00:00:00, 0.0
0.0, 25.5, 0.0, 38.0, 1985-08-19 00:00:00, 0.0
11.0, 13.5, 140.0, 90.0, 1985-08-20 00:00:00, 7.3
3.0, 18.5, 180.0, 62.0, 1985-08-21 00:00:00, 0.5
0.0, 22.0, 0.0, 52.0, 1985-08-22 00:00:00, 0.0
0.0, 24.0, 0.0, 51.0, 1985-08-23 00:00:00, 0.0
0.0, 23.0, 0.0, 56.0, 1985-08-24 00:00:00, 0.0
0.0, 24.0, 0.0, 33.0, 1985-08-25 00:00:00, 0.0
0.0, 20.0, 0.0, 46.0, 1985-08-26 00:00:00, 0.0
0.0, 23.5, 0.0, 41.0, 1985-08-27 00:00:00, 0.0
5.0, 25.5, 0.0, 38.0, 1985-08-28 00:00:00, 0.0
0.0, 26.0, 0.0, 41.0, 1985-08-29 00:00:00, 0.0
10.0, 20.0, 230.0, 39.0, 1985-08-30 00:00:00, 0.0
11.0, 19.0, 180.0, 51.0, 1985-08-31 00:00:00, 0.0
0.0, 20.0, 0.0, 53.0, 1985-09-01 00:00:00, 0.0
0.0, 20.5, 0.0, 50.0, 1985-09-02 00:00:00, 0.0
15.0, 21.5, 140.0, 51.0, 1985-09-03 00:00:00, 0.0
0.0, 20.0, 0.0, 53.0, 1985-09-04 00:00:00, 0.0
6.0, 17.0, 140.0, 57.0, 1985-09-05 00:00:00, 10.0
0.0, 8.5, 0.0, 94.0, 1985-09-06 00:00:00, 29.5
5.0, 8.0, 0.0, 94.0, 1985-09-07 00:00:00, 5.0
0.0, 12.0, 0.0, 66.0, 1985-09-08 00:00:00, 0.0
0.0, 12.0, 0.0, 77.0, 1985-09-09 00:00:00, 0.0
0.0, 7.0, 0.0, 73.0, 1985-09-10 00:00:00, 0.0
0.0, 11.5, 0.0, 89.0, 1985-09-11 00:00:00, 4.0
5.0, 17.0, 180.0, 57.0, 1985-09-12 00:00:00, 1.1
0.0, 12.0, 0.0, 89.0, 1985-09-13 00:00:00, 2.9
0.0, 15.0, 0.0, 67.0, 1985-09-14 00:00:00, 2.6
0.0, 17.5, 0.0, 53.0, 1985-09-15 00:00:00, 0.0
8.0, 18.0, 140.0, 57.0, 1985-09-16 00:00:00, 9.7
0.0, 12.0, 0.0, 79.0, 1985-09-17 00:00:00, 9.6
0.0, 13.5, 0.0, 55.0, 1985-09-18 00:00:00, 3.5
6.0, 13.0, 140.0, 65.0, 1985-09-19 00:00:00, 3.6
0.0, 9.0, 0.0, 77.0, 1985-09-20 00:00:00, 0.0
8.0, 14.0, 40.0, 44.0, 1985-09-21 00:00:00, 5.5
3.0, 13.0, 320.0, 56.0, 1985-09-22 00:00:00, 0.0
0.0, 11.0, 0.0, 39.0, 1985-09-23 00:00:00, 0.0
0.0, 16.0, 0.0, 55.0, 1985-09-24 00:00:00, 0.0
2.0, 15.0, 320.0, 71.0, 1985-09-25 00:00:00, 0.0
0.0, 16.0, 0.0, 43.0, 1985-09-26 00:00:00, 0.0
5.0, 14.0, 180.0, 48.0, 1985-09-27 00:00:00, 0.0
3.0, 11.0, 320.0, 58.0, 1985-09-28 00:00:00, 0.0
5.0, 12.0, 40.0, 50.0, 1985-09-29 00:00:00, 0.0
0.0, 11.0, 0.0, 58.0, 1985-09-30 00:00:00, 0.0
0.0, 0.0, 0.0, 0.0, 1986-04-15 00:00:00, 0.0
5.0, 10.5, 320.0, 67.0, 1986-04-16 00:00:00, 5.5
5.0, 6.0, 0.0, 87.0, 1986-04-17 00:00:00, 3.6
9.0, 11.0, 230.0, 63.0, 1986-04-18 00:00:00, 3.5
3.0, 5.0, 230.0, 99.0, 1986-04-19 00:00:00, 9.5
0.0, 10.0, 0.0, 80.0, 1986-04-20 00:00:00, 0.0
0.0, 11.5, 0.0, 84.0, 1986-04-21 00:00:00, 4.0
6.0, 9.0, 270.0, 60.0, 1986-04-22 00:00:00, 3.2
8.0, 5.5, 0.0, 67.0, 1986-04-23 00:00:00, 0.0
6.0, 11.5, 320.0, 44.0, 1986-04-24 00:00:00, 0.0
3.0, 6.0, 270.0, 48.0, 1986-04-25 00:00:00, 1.6
10.0, 12.0, 230.0, 45.0, 1986-04-26 00:00:00, 0.0
0.0, 10.0, 0.0, 89.0, 1986-04-27 00:00:00, 0.8
0.0, 9.5, 0.0, 50.0, 1986-04-28 00:00:00, 0.0
4.0, 10.0, 180.0, 41.0, 1986-04-29 00:00:00, 0.0
3.0, 9.0, 140.0, 46.0, 1986-04-30 00:00:00, 0.0
5.0, 14.0, 270.0, 44.0, 1986-05-01 00:00:00, 0.0
7.0, 10.0, 0.0, 99.0, 1986-05-02 00:00:00, 0.5
3.0, 8.0, 270.0, 80.0, 1986-05-03 00:00:00, 7.5
4.0, 9.0, 270.0, 60.0, 1986-05-04 00:00:00, 0.0
4.0, 11.0, 40.0, 83.0, 1986-05-05 00:00:00, 0.0
5.0, 18.5, 0.0, 40.0, 1986-05-06 00:00:00, 0.0
13.0, 18.0, 180.0, 50.0, 1986-05-07 00:00:00, 0.0
11.0, 14.0, 180.0, 62.0, 1986-05-08 00:00:00, 0.0
2.0, 13.0, 0.0, 71.0, 1986-05-09 00:00:00, 1.6
12.0, 14.0, 270.0, 28.0, 1986-05-10 00:00:00, 0.0
17.0, 10.0, 270.0, 58.0, 1986-05-11 00:00:00, 0.0
0.0, 7.0, 0.0, 87.0, 1986-05-12 00:00:00, 0.0
16.0, 8.0, 230.0, 64.0, 1986-05-13 00:00:00, 6.0
10.0, 13.0, 270.0, 51.0, 1986-05-14 00:00:00, 1.3
0.0, 13.0, 0.0, 51.0, 1986-05-15 00:00:00, 0.0
5.0, 15.0, 320.0, 46.0, 1986-05-16 00:00:00, 0.0
2.0, 11.0, 320.0, 67.0, 1986-05-17 00:00:00, 10.0
3.0, 16.0, 40.0, 60.0, 1986-05-18 00:00:00, 3.0
4.0, 19.0, 40.0, 66.0, 1986-05-19 00:00:00, 1.0
0.0, 16.0, 0.0, 64.0, 1986-05-20 00:00:00, 0.0
0.0, 10.0, 0.0, 70.0, 1986-05-21 00:00:00, 0.0
6.0, 12.0, 180.0, 56.0, 1986-05-22 00:00:00, 0.0
5.0, 17.0, 40.0, 49.0, 1986-05-23 00:00:00, 0.0
3.0, 15.0, 270.0, 57.0, 1986-05-24 00:00:00, 0.0
5.0, 19.0, 230.0, 51.0, 1986-05-25 00:00:00, 0.0
0.0, 28.0, 0.0, 44.0, 1986-05-26 00:00:00, 0.0
0.0, 26.0, 0.0, 50.0, 1986-05-27 00:00:00, 0.0
0.0, 27.0, 0.0, 59.0, 1986-05-28 00:00:00, 0.0
0.0, 28.0, 0.0, 49.0, 1986-05-29 00:00:00, 0.0
0.0, 28.0, 0.0, 49.0, 1986-05-30 00:00:00, 0.0
0.0, 28.0, 0.0, 34.0, 1986-05-31 00:00:00, 0.0
0.0, 28.0, 0.0, 40.0, 1986-06-01 00:00:00, 0.0
4.0, 27.0, 90.0, 37.0, 1986-06-02 00:00:00, 0.0
3.0, 24.0, 320.0, 45.0, 1986-06-03 00:00:00, 0.0
0.0, 23.5, 0.0, 47.0, 1986-06-04 00:00:00, 0.0
0.0, 23.0, 0.0, 63.0, 1986-06-05 00:00:00, 1.0
3.0, 22.5, 230.0, 52.0, 1986-06-06 00:00:00, 0.0
6.0, 20.0, 180.0, 50.0, 1986-06-07 00:00:00, 0.0
3.0, 18.0, 0.0, 60.0, 1986-06-08 00:00:00, 3.0
8.0, 21.5, 320.0, 51.0, 1986-06-09 00:00:00, 0.0
8.0, 26.0, 140.0, 41.0, 1986-06-10 00:00:00, 0.0
6.0, 21.0, 0.0, 61.0, 1986-06-11 00:00:00, 0.0
10.0, 19.5, 320.0, 45.0, 1986-06-12 00:00:00, 0.0
0.0, 25.0, 0.0, 46.0, 1986-06-13 00:00:00, 0.0
7.0, 24.0, 140.0, 48.0, 1986-06-14 00:00:00, 10.5
4.0, 17.0, 140.0, 45.0, 1986-06-15 00:00:00, 0.0
10.0, 18.0, 40.0, 62.0, 1986-06-16 00:00:00, 0.0
0.0, 20.0, 0.0, 64.0, 1986-06-17 00:00:00, 0.0
0.0, 19.0, 0.0, 63.0, 1986-06-18 00:00:00, 15.1
0.0, 15.0, 0.0, 71.0, 1986-06-19 00:00:00, 13.5
0.0, 14.0, 0.0, 80.0, 1986-06-20 00:00:00, 1.7
7.0, 18.0, 40.0, 40.0, 1986-06-21 00:00:00, 0.9
6.0, 21.0, 180.0, 43.0, 1986-06-22 00:00:00, 0.0
11.0, 26.5, 180.0, 56.0, 1986-06-23 00:00:00, 0.0
8.0, 24.5, 40.0, 54.0, 1986-06-24 00:00:00, 0.0
15.0, 24.0, 180.0, 51.0, 1986-06-25 00:00:00, 0.0
5.0, 24.0, 0.0, 45.0, 1986-06-26 00:00:00, 0.0
6.0, 26.0, 0.0, 36.0, 1986-06-27 00:00:00, 0.0
11.0, 16.0, 230.0, 55.0, 1986-06-28 00:00:00, 7.5
9.0, 14.0, 140.0, 85.0, 1986-06-29 00:00:00, 20.0
6.0, 19.5, 0.0, 75.0, 1986-06-30 00:00:00, 7.2
0.0, 19.0, 0.0, 87.0, 1986-07-01 00:00:00, 0.8
0.0, 13.0, 0.0, 90.0, 1986-07-02 00:00:00, 3.5
29.0, 15.0, 140.0, 63.0, 1986-07-03 00:00:00, 6.0
0.0, 13.5, 0.0, 85.0, 1986-07-04 00:00:00, 1.6
2.0, 13.0, 40.0, 71.0, 1986-07-05 00:00:00, 1.6
5.0, 17.0, 270.0, 70.0, 1986-07-06 00:00:00, 0.0
5.0, 26.0, 320.0, 53.0, 1986-07-07 00:00:00, 0.0
0.0, 19.0, 0.0, 87.0, 1986-07-08 00:00:00, 2.0
5.0, 17.0, 0.0, 49.0, 1986-07-09 00:00:00, 1.5
0.0, 14.0, 0.0, 95.0, 1986-07-10 00:00:00, 3.4
0.0, 17.0, 0.0, 82.0, 1986-07-11 00:00:00, 5.6
4.0, 14.0, 140.0, 85.0, 1986-07-12 00:00:00, 3.8
2.0, 18.0, 90.0, 55.0, 1986-07-13 00:00:00, 1.5
5.0, 21.5, 320.0, 58.0, 1986-07-14 00:00:00, 0.0
10.0, 20.0, 320.0, 56.0, 1986-07-15 00:00:00, 2.5
16.0, 11.0, 270.0, 89.0, 1986-07-16 00:00:00, 0.8
0.0, 16.0, 0.0, 72.0, 1986-07-17 00:00:00, 5.0
5.0, 21.5, 0.0, 61.0, 1986-07-18 00:00:00, 0.0
4.0, 23.0, 230.0, 40.0, 1986-07-19 00:00:00, 0.0
5.0, 25.0, 40.0, 40.0, 1986-07-20 00:00:00, 0.0
0.0, 28.0, 0.0, 54.0, 1986-07-21 00:00:00, 0.0
10.0, 24.0, 320.0, 57.0, 1986-07-22 00:00:00, 0.0
19.0, 21.5, 140.0, 68.0, 1986-07-23 00:00:00, 0.0
0.0, 25.0, 0.0, 40.0, 1986-07-24 00:00:00, 0.0
0.0, 22.0, 0.0, 62.0, 1986-07-25 00:00:00, 1.7
8.0, 15.0, 40.0, 90.0, 1986-07-26 00:00:00, 2.0
2.0, 17.0, 90.0, 62.0, 1986-07-27 00:00:00, 0.5
16.0, 21.5, 140.0, 54.0, 1986-07-28 00:00:00, 0.0
0.0, 17.5, 0.0, 65.0, 1986-07-29 00:00:00, 0.0
6.0, 18.0, 230.0, 70.0, 1986-07-30 00:00:00, 2.7
0.0, 22.5, 0.0, 59.0, 1986-07-31 00:00:00, 0.0
5.0, 24.5, 320.0, 54.0, 1986-08-01 00:00:00, 0.0
1.0, 21.5, 0.0, 40.0, 1986-08-02 00:00:00, 0.0
5.0, 23.0, 140.0, 39.0, 1986-08-03 00:00:00, 0.0
12.0, 22.0, 0.0, 65.0, 1986-08-04 00:00:00, 0.0
16.0, 23.0, 320.0, 59.0, 1986-08-05 00:00:00, 1.8
4.0, 25.5, 0.0, 45.0, 1986-08-06 00:00:00, 0.0
5.0, 27.5, 320.0, 54.0, 1986-08-07 00:00:00, 0.0
5.0, 28.5, 40.0, 55.0, 1986-08-08 00:00:00, 0.0
5.0, 23.0, 40.0, 41.0, 1986-08-09 00:00:00, 0.0
5.0, 24.0, 90.0, 39.0, 1986-08-10 00:00:00, 0.0
4.0, 28.0, 320.0, 49.0, 1986-08-11 00:00:00, 0.8
3.0, 26.5, 320.0, 56.0, 1986-08-12 00:00:00, 0.0
4.0, 29.0, 320.0, 50.0, 1986-08-13 00:00:00, 0.0
4.0, 26.5, 0.0, 42.0, 1986-08-14 00:00:00, 0.0
3.0, 24.0, 0.0, 42.0, 1986-08-15 00:00:00, 0.0
10.0, 24.5, 90.0, 31.0, 1986-08-16 00:00:00, 0.0
4.0, 23.0, 0.0, 49.0, 1986-08-17 00:00:00, 0.0
5.0, 27.0, 40.0, 42.0, 1986-08-18 00:00:00, 0.0
8.0, 25.0, 180.0, 37.0, 1986-08-19 00:00:00, 0.0
0.0, 23.0, 0.0, 49.0, 1986-08-20 00:00:00, 0.0
0.0, 25.0, 0.0, 43.0, 1986-08-21 00:00:00, 0.0
0.0, 26.0, 0.0, 47.0, 1986-08-22 00:00:00, 0.0
0.0, 24.0, 0.0, 45.0, 1986-08-23 00:00:00, 0.0
0.0, 23.0, 0.0, 47.0, 1986-08-24 00:00:00, 0.0
0.0, 24.0, 0.0, 39.0, 1986-08-25 00:00:00, 0.0
5.0, 26.0, 320.0, 36.0, 1986-08-26 00:00:00, 0.0
3.0, 28.0, 0.0, 44.0, 1986-08-27 00:00:00, 0.0
0.0, 26.0, 0.0, 44.0, 1986-08-28 00:00:00, 0.0
4.0, 28.0, 320.0, 54.0, 1986-08-29 00:00:00, 0.0
2.0, 15.0, 0.0, 86.0, 1986-08-30 00:00:00, 18.0
11.0, 22.0, 180.0, 47.0, 1986-08-31 00:00:00, 0.0
4.0, 20.0, 140.0, 64.0, 1986-09-01 00:00:00, 1.3
0.0, 24.0, 0.0, 63.0, 1986-09-02 00:00:00, 0.0
7.0, 24.0, 40.0, 51.0, 1986-09-03 00:00:00, 0.0
0.0, 19.5, 0.0, 56.0, 1986-09-04 00:00:00, 0.6
3.0, 21.0, 0.0, 41.0, 1986-09-05 00:00:00, 0.0
6.0, 20.0, 40.0, 24.0, 1986-09-06 00:00:00, 0.0
5.0, 18.0, 40.0, 30.0, 1986-09-07 00:00:00, 0.0
3.0, 22.0, 0.0, 45.0, 1986-09-08 00:00:00, 0.0
0.0, 20.0, 0.0, 56.0, 1986-09-09 00:00:00, 0.0
7.0, 19.1, 270.0, 59.0, 1986-09-10 00:00:00, 0.0
4.0, 15.0, 320.0, 58.0, 1986-09-11 00:00:00, 2.8
3.0, 14.0, 0.0, 53.0, 1986-09-12 00:00:00, 0.0
6.0, 16.0, 0.0, 33.0, 1986-09-13 00:00:00, 0.0
5.0, 14.0, 90.0, 47.0, 1986-09-14 00:00:00, 0.0
3.0, 16.0, 0.0, 55.0, 1986-09-15 00:00:00, 0.0
6.0, 12.0, 230.0, 89.0, 1986-09-16 00:00:00, 0.0
3.0, 13.0, 40.0, 70.0, 1986-09-17 00:00:00, 1.3
0.0, 14.5, 0.0, 58.0, 1986-09-18 00:00:00, 0.0
5.0, 14.0, 0.0, 62.0, 1986-09-19 00:00:00, 0.2
4.0, 14.0, 40.0, 48.0, 1986-09-20 00:00:00, 0.0
6.0, 15.0, 40.0, 40.0, 1986-09-21 00:00:00, 0.0
3.0, 15.5, 0.0, 55.0, 1986-09-22 00:00:00, 0.0
0.0, 9.0, 0.0, 94.0, 1986-09-23 00:00:00, 13.0
0.0, 9.0, 0.0, 94.0, 1986-09-24 00:00:00, 6.0
0.0, 10.5, 0.0, 83.0, 1986-09-25 00:00:00, 3.0
0.0, 9.5, 0.0, 94.0, 1986-09-26 00:00:00, 5.0
0.0, 6.0, 0.0, 80.0, 1986-09-27 00:00:00, 8.0
0.0, 7.0, 0.0, 94.0, 1986-09-28 00:00:00, 5.0
0.0, 9.5, 0.0, 88.0, 1986-09-29 00:00:00, 1.5
0.0, 13.0, 0.0, 70.0, 1986-09-30 00:00:00, 9.2
0.0, 11.5, 0.0, 58.0, 1986-10-01 00:00:00, 0.0
0.0, 8.5, 0.0, 76.0, 1986-10-02 00:00:00, 0.0
0.0, 9.0, 0.0, 88.0, 1986-10-03 00:00:00, 0.0
3.0, 14.0, 0.0, 66.0, 1986-10-08 00:00:00, 0.0
0.0, 12.5, 0.0, 74.0, 1986-10-09 00:00:00, 0.0
3.0, 13.0, 140.0, 70.0, 1986-10-10 00:00:00, 0.0
0.0, 8.0, 0.0, 45.0, 1986-10-11 00:00:00, 0.0
0.0, 7.0, 0.0, 48.0, 1986-10-12 00:00:00, 0.0
0.0, 8.0, 0.0, 55.0, 1986-10-13 00:00:00, 0.0
0.0, 9.0, 0.0, 65.0, 1986-10-14 00:00:00, 0.0
0.0, 9.0, 0.0, 77.0, 1986-10-15 00:00:00, 0.0
3.0, 15.0, 90.0, 38.0, 1987-04-01 00:00:00, 0.0
0.0, 17.0, 0.0, 27.0, 1987-04-02 00:00:00, 0.0
3.0, 17.5, 40.0, 31.0, 1987-04-03 00:00:00, 0.0
0.0, 16.0, 0.0, 82.0, 1987-04-04 00:00:00, 0.0
0.0, 8.5, 0.0, 98.0, 1987-04-05 00:00:00, 0.0
3.0, 12.0, 40.0, 64.0, 1987-04-06 00:00:00, 5.5
11.0, 14.0, 230.0, 36.0, 1987-04-07 00:00:00, 0.0
13.0, 11.0, 230.0, 89.0, 1987-04-08 00:00:00, 4.0
11.0, 12.5, 180.0, 41.0, 1987-04-09 00:00:00, 0.0
3.0, 10.5, 0.0, 62.0, 1987-04-10 00:00:00, 0.0
0.0, 8.5, 0.0, 60.0, 1987-04-11 00:00:00, 4.0
0.0, 7.5, 0.0, 63.0, 1987-04-12 00:00:00, 2.0
5.0, 6.5, 0.0, 81.0, 1987-04-13 00:00:00, 0.0
13.0, 17.0, 180.0, 41.0, 1987-04-14 00:00:00, 0.0
27.0, 12.5, 180.0, 46.0, 1987-04-15 00:00:00, 2.0
17.0, 10.5, 180.0, 83.0, 1987-04-16 00:00:00, 0.0
5.0, 11.0, 180.0, 42.0, 1987-04-17 00:00:00, 0.0
10.0, 8.0, 180.0, 50.0, 1987-04-18 00:00:00, 0.0
0.0, 9.5, 0.0, 43.0, 1987-04-19 00:00:00, 0.0
0.0, 15.0, 0.0, 43.0, 1987-04-20 00:00:00, 0.0
0.0, 13.5, 0.0, 56.0, 1987-04-21 00:00:00, 0.0
0.0, 14.0, 0.0, 28.0, 1987-04-22 00:00:00, 0.0
3.0, 11.0, 230.0, 68.0, 1987-04-23 00:00:00, 0.0
10.0, 15.0, 180.0, 38.0, 1987-04-24 00:00:00, 0.0
0.0, 15.0, 0.0, 45.0, 1987-04-25 00:00:00, 0.0
0.0, 17.0, 0.0, 45.0, 1987-04-26 00:00:00, 0.0
0.0, 23.0, 0.0, 32.0, 1987-04-27 00:00:00, 0.0
0.0, 21.0, 0.0, 41.0, 1987-04-28 00:00:00, 0.0
20.0, 17.0, 0.0, 82.0, 1987-04-29 00:00:00, 0.4
0.0, 13.0, 0.0, 90.0, 1987-04-30 00:00:00, 0.0
18.0, 11.5, 140.0, 73.0, 1987-05-01 00:00:00, 11.8
0.0, 12.0, 0.0, 86.0, 1987-05-02 00:00:00, 6.4
0.0, 12.5, 0.0, 70.0, 1987-05-03 00:00:00, 8.3
0.0, 14.0, 0.0, 62.0, 1987-05-04 00:00:00, 0.0
3.0, 19.0, 40.0, 48.0, 1987-05-05 00:00:00, 0.0
5.0, 23.5, 40.0, 35.0, 1987-05-06 00:00:00, 0.0
3.0, 26.0, 40.0, 36.0, 1987-05-07 00:00:00, 0.0
0.0, 25.5, 0.0, 35.0, 1987-05-08 00:00:00, 0.0
15.0, 26.0, 270.0, 30.0, 1987-05-09 00:00:00, 0.0
9.0, 25.5, 230.0, 40.0, 1987-05-10 00:00:00, 0.0
16.0, 24.0, 180.0, 28.0, 1987-05-11 00:00:00, 0.0
8.0, 16.5, 180.0, 52.0, 1987-05-12 00:00:00, 2.8
5.0, 15.0, 40.0, 42.0, 1987-05-13 00:00:00, 0.0
0.0, 14.5, 0.0, 71.0, 1987-05-14 00:00:00, 1.2
0.0, 21.0, 0.0, 37.0, 1987-05-15 00:00:00, 0.0
0.0, 19.0, 0.0, 37.0, 1987-05-16 00:00:00, 0.0
0.0, 22.0, 0.0, 40.0, 1987-05-17 00:00:00, 0.0
0.0, 11.5, 0.0, 60.0, 1987-05-18 00:00:00, 0.0
18.0, 14.0, 140.0, 53.0, 1987-05-19 00:00:00, 0.0
13.0, 15.3, 320.0, 30.0, 1987-05-20 00:00:00, 0.0
0.0, 15.0, 0.0, 38.0, 1987-05-21 00:00:00, 0.0
11.0, 19.0, 230.0, 37.0, 1987-05-22 00:00:00, 0.0
0.0, 22.5, 0.0, 42.0, 1987-05-23 00:00:00, 0.0
0.0, 20.0, 0.0, 47.0, 1987-05-24 00:00:00, 0.0
0.0, 22.0, 0.0, 42.0, 1987-05-25 00:00:00, 0.0
5.0, 24.0, 320.0, 30.0, 1987-05-26 00:00:00, 0.0
0.0, 25.5, 0.0, 30.0, 1987-05-27 00:00:00, 0.0
0.0, 14.0, 0.0, 62.0, 1987-05-28 00:00:00, 4.0
0.0, 19.0, 0.0, 44.0, 1987-05-29 00:00:00, 2.5
0.0, 12.0, 0.0, 90.0, 1987-05-30 00:00:00, 0.0
0.0, 15.0, 0.0, 60.0, 1987-05-31 00:00:00, 0.0
0.0, 12.0, 0.0, 79.0, 1987-06-01 00:00:00, 3.0
0.0, 16.0, 0.0, 43.0, 1987-06-02 00:00:00, 0.0
0.0, 21.0, 0.0, 37.0, 1987-06-03 00:00:00, 0.0
3.0, 24.0, 320.0, 48.0, 1987-06-04 00:00:00, 0.0
0.0, 20.0, 0.0, 67.0, 1987-06-05 00:00:00, 0.0
0.0, 24.0, 0.0, 38.0, 1987-06-06 00:00:00, 0.0
0.0, 29.5, 0.0, 33.0, 1987-06-07 00:00:00, 0.0
0.0, 21.0, 0.0, 54.0, 1987-06-08 00:00:00, 0.0
0.0, 22.0, 0.0, 42.0, 1987-06-09 00:00:00, 2.3
11.0, 16.8, 230.0, 44.0, 1987-06-10 00:00:00, 0.0
3.0, 22.5, 0.0, 43.0, 1987-06-11 00:00:00, 0.0
0.0, 19.5, 0.0, 79.0, 1987-06-12 00:00:00, 0.0
0.0, 30.0, 0.0, 40.0, 1987-06-13 00:00:00, 0.0
0.0, 32.5, 0.0, 36.0, 1987-06-14 00:00:00, 0.0
0.0, 20.0, 0.0, 33.0, 1987-06-15 00:00:00, 8.8
0.0, 13.0, 0.0, 79.0, 1987-06-16 00:00:00, 1.5
0.0, 19.0, 0.0, 44.0, 1987-06-17 00:00:00, 0.0
3.0, 15.0, 0.0, 81.0, 1987-06-18 00:00:00, 0.0
3.0, 24.0, 40.0, 42.0, 1987-06-19 00:00:00, 0.0
0.0, 26.5, 0.0, 16.0, 1987-06-20 00:00:00, 6.0
0.0, 17.0, 0.0, 88.0, 1987-06-21 00:00:00, 7.0
0.0, 16.0, 0.0, 47.0, 1987-06-22 00:00:00, 0.0
0.0, 18.0, 0.0, 50.0, 1987-06-23 00:00:00, 0.0
3.0, 24.5, 40.0, 31.0, 1987-06-24 00:00:00, 0.0
1.0, 26.5, 270.0, 29.0, 1987-06-25 00:00:00, 0.0
8.0, 25.5, 0.0, 30.0, 1987-06-26 00:00:00, 0.0
8.0, 31.5, 0.0, 23.0, 1987-06-27 00:00:00, 0.0
7.0, 33.0, 0.0, 22.0, 1987-06-28 00:00:00, 0.0
1.0, 31.0, 0.0, 24.0, 1987-06-29 00:00:00, 0.0
1.0, 31.0, 40.0, 28.0, 1987-06-30 00:00:00, 0.0
5.0, 35.0, 320.0, 40.0, 1987-07-01 00:00:00, 0.0
1.0, 31.0, 40.0, 22.0, 1987-07-02 00:00:00, 0.0
0.0, 18.0, 0.0, 87.0, 1987-07-03 00:00:00, 7.8
1.0, 25.0, 180.0, 55.0, 1987-07-04 00:00:00, 4.0
22.0, 15.5, 230.0, 76.0, 1987-07-05 00:00:00, 8.0
2.0, 18.0, 0.0, 62.0, 1987-07-06 00:00:00, 1.4
3.0, 18.0, 320.0, 70.0, 1987-07-07 00:00:00, 11.1
11.0, 17.0, 140.0, 65.0, 1987-07-08 00:00:00, 10.0
3.0, 20.5, 0.0, 57.0, 1987-07-09 00:00:00, 0.0
3.0, 21.0, 320.0, 47.0, 1987-07-10 00:00:00, 0.8
16.0, 27.0, 270.0, 44.0, 1987-07-11 00:00:00, 0.0
10.0, 29.5, 270.0, 41.0, 1987-07-12 00:00:00, 0.0
2.0, 27.5, 0.0, 43.0, 1987-07-13 00:00:00, 0.0
3.0, 29.0, 140.0, 30.0, 1987-07-14 00:00:00, 0.0
5.0, 23.5, 320.0, 22.0, 1987-07-15 00:00:00, 0.0
5.0, 22.5, 320.0, 28.0, 1987-07-16 00:00:00, 0.0
5.0, 23.0, 320.0, 43.0, 1987-07-17 00:00:00, 0.0
10.0, 22.0, 0.0, 58.0, 1987-07-18 00:00:00, 0.0
10.0, 16.5, 320.0, 95.0, 1987-07-19 00:00:00, 2.3
8.0, 19.0, 180.0, 37.0, 1987-07-20 00:00:00, 0.0
1.0, 24.0, 320.0, 48.0, 1987-07-21 00:00:00, 0.5
0.0, 26.5, 0.0, 42.0, 1987-07-22 00:00:00, 0.0
0.0, 26.5, 0.0, 45.0, 1987-07-23 00:00:00, 0.0
0.0, 23.5, 0.0, 60.0, 1987-07-24 00:00:00, 0.0
0.0, 17.0, 0.0, 91.0, 1987-07-25 00:00:00, 8.9
0.0, 25.0, 0.0, 61.0, 1987-07-26 00:00:00, 0.3
0.0, 27.0, 0.0, 54.0, 1987-07-27 00:00:00, 0.0
0.0, 27.5, 0.0, 40.0, 1987-07-28 00:00:00, 0.0
1.0, 28.0, 320.0, 36.0, 1987-07-29 00:00:00, 0.0
10.0, 24.5, 40.0, 45.0, 1987-07-30 00:00:00, 0.0
1.0, 14.5, 320.0, 80.0, 1987-07-31 00:00:00, 9.8
0.0, 16.0, 0.0, 79.0, 1987-08-01 00:00:00, 2.0
0.0, 17.5, 0.0, 79.0, 1987-08-02 00:00:00, 0.0
0.0, 22.5, 0.0, 34.0, 1987-08-03 00:00:00, 0.0
1.0, 20.5, 320.0, 52.0, 1987-08-04 00:00:00, 0.0
0.0, 21.0, 0.0, 54.0, 1987-08-05 00:00:00, 0.0
1.0, 25.5, 0.0, 43.0, 1987-08-06 00:00:00, 0.0
0.0, 28.5, 0.0, 41.0, 1987-08-07 00:00:00, 0.0
0.0, 28.0, 0.0, 50.0, 1987-08-08 00:00:00, 0.0
0.0, 29.5, 0.0, 49.0, 1987-08-09 00:00:00, 0.0
13.0, 19.0, 180.0, 51.0, 1987-08-10 00:00:00, 0.0
0.0, 22.5, 0.0, 31.0, 1987-08-11 00:00:00, 0.0
0.0, 19.5, 0.0, 49.0, 1987-08-12 00:00:00, 0.0
5.0, 17.5, 40.0, 64.0, 1987-08-13 00:00:00, 0.3
0.0, 19.5, 0.0, 35.0, 1987-08-14 00:00:00, 10.4
0.0, 20.0, 0.0, 70.0, 1987-08-15 00:00:00, 0.2
0.0, 16.0, 0.0, 75.0, 1987-08-16 00:00:00, 7.0
1.0, 18.5, 40.0, 47.0, 1987-08-17 00:00:00, 0.0
3.0, 21.0, 0.0, 34.0, 1987-08-18 00:00:00, 0.0
0.0, 21.5, 0.0, 51.0, 1987-08-19 00:00:00, 0.0
16.0, 18.0, 0.0, 39.0, 1987-08-20 00:00:00, 0.0
4.0, 20.0, 0.0, 39.0, 1987-08-21 00:00:00, 0.0
4.0, 22.2, 0.0, 43.0, 1987-08-22 00:00:00, 0.0
4.0, 23.9, 320.0, 38.0, 1987-08-23 00:00:00, 0.0
3.0, 24.0, 40.0, 39.0, 1987-08-24 00:00:00, 0.0
5.0, 23.0, 40.0, 43.0, 1987-08-25 00:00:00, 0.0
4.0, 25.0, 0.0, 40.0, 1987-08-26 00:00:00, 0.0
6.0, 26.5, 0.0, 31.0, 1987-08-27 00:00:00, 0.0
0.0, 20.5, 0.0, 68.0, 1987-08-28 00:00:00, 0.0
0.0, 24.0, 0.0, 50.0, 1987-08-29 00:00:00, 0.0
0.0, 22.5, 0.0, 50.0, 1987-08-30 00:00:00, 0.0
3.0, 27.0, 0.0, 32.0, 1987-08-31 00:00:00, 0.0
3.0, 27.0, 40.0, 37.0, 1987-09-01 00:00:00, 0.0
18.0, 15.5, 230.0, 51.0, 1987-09-02 00:00:00, 0.4
3.0, 19.0, 0.0, 48.0, 1987-09-03 00:00:00, 6.7
5.0, 21.0, 0.0, 47.0, 1987-09-04 00:00:00, 0.0
0.0, 27.0, 0.0, 43.0, 1987-09-05 00:00:00, 0.0
0.0, 26.0, 0.0, 40.0, 1987-09-06 00:00:00, 0.0
0.0, 24.5, 0.0, 45.0, 1987-09-07 00:00:00, 0.0
0.0, 24.5, 0.0, 31.0, 1987-09-08 00:00:00, 0.0
0.0, 24.0, 0.0, 39.0, 1987-09-09 00:00:00, 0.0
0.0, 24.0, 0.0, 35.0, 1987-09-10 00:00:00, 0.0
3.0, 24.5, 0.0, 31.0, 1987-09-11 00:00:00, 0.0
0.0, 29.0, 0.0, 36.0, 1987-09-12 00:00:00, 0.0
0.0, 26.0, 0.0, 50.0, 1987-09-13 00:00:00, 0.0
3.0, 23.0, 320.0, 37.0, 1987-09-14 00:00:00, 0.0
13.0, 15.0, 230.0, 42.0, 1987-09-15 00:00:00, 5.6
0.0, 15.5, 0.0, 43.0, 1987-09-16 00:00:00, 0.0
3.0, 16.0, 270.0, 40.0, 1987-09-17 00:00:00, 0.0
3.0, 19.0, 270.0, 37.0, 1987-09-18 00:00:00, 0.0
0.0, 22.5, 0.0, 50.0, 1987-09-19 00:00:00, 0.0
0.0, 23.5, 0.0, 49.0, 1987-09-20 00:00:00, 0.0
3.0, 24.5, 320.0, 31.0, 1987-09-21 00:00:00, 0.0
0.0, 24.0, 0.0, 36.0, 1987-09-22 00:00:00, 0.0
0.0, 23.0, 0.0, 34.0, 1987-09-23 00:00:00, 0.0
3.0, 23.5, 320.0, 30.0, 1987-09-24 00:00:00, 0.0
0.0, 20.0, 0.0, 39.0, 1987-09-25 00:00:00, 0.0
0.0, 14.0, 0.0, 70.0, 1987-09-26 00:00:00, 0.0
0.0, 17.5, 0.0, 53.0, 1987-09-27 00:00:00, 0.0
0.0, 15.0, 0.0, 50.0, 1987-09-28 00:00:00, 0.0
0.0, 19.0, 0.0, 37.0, 1987-09-29 00:00:00, 0.0
0.0, 20.0, 0.0, 42.0, 1987-09-30 00:00:00, 0.0
0.0, 19.5, 0.0, 35.0, 1987-10-01 00:00:00, 0.0
0.0, 17.5, 0.0, 61.0, 1987-10-02 00:00:00, 0.0
0.0, 19.5, 0.0, 55.0, 1987-10-03 00:00:00, 0.0
0.0, 19.0, 0.0, 43.0, 1987-10-04 00:00:00, 0.0
0.0, 16.0, 0.0, 36.0, 1987-10-05 00:00:00, 0.0
0.0, 15.5, 0.0, 43.0, 1987-10-06 00:00:00, 0.0
0.0, 18.5, 0.0, 47.0, 1987-10-07 00:00:00, 0.0
0.0, 15.0, 0.0, 30.0, 1987-10-08 00:00:00, 0.0
3.0, 12.5, 270.0, 29.0, 1987-10-09 00:00:00, 0.0
0.0, 12.0, 0.0, 40.0, 1987-10-10 00:00:00, 0.0
0.0, 15.0, 0.0, 37.0, 1987-10-11 00:00:00, 0.0
0.0, 15.0, 0.0, 30.0, 1987-10-12 00:00:00, 0.0
0.0, 12.5, 0.0, 24.0, 1987-10-13 00:00:00, 0.0
0.0, 9.0, 0.0, 71.0, 1987-10-14 00:00:00, 0.0
0.0, 8.0, 0.0, 70.0, 1987-10-15 00:00:00, 6.5
0.0, 0.0, 0.0, 0.0, 1987-10-16 00:00:00, 0.0
2.0, 10.2, 230.0, 49.0, 1987-10-17 00:00:00, 0.0
2.0, 9.1, 320.0, 58.0, 1987-10-18 00:00:00, 0.0
2.0, 7.6, 0.0, 64.0, 1987-10-19 00:00:00, 0.0
2.0, 8.8, 0.0, 62.0, 1987-10-20 00:00:00, 0.0
3.0, 9.1, 0.0, 67.0, 1987-10-21 00:00:00, 0.0
2.0, 8.8, 0.0, 63.0, 1987-10-22 00:00:00, 0.0
3.0, 9.0, 320.0, 64.0, 1987-10-23 00:00:00, 0.0
2.0, 9.9, 40.0, 83.0, 1987-10-24 00:00:00, 0.0
16.0, 13.7, 230.0, 58.0, 1987-10-25 00:00:00, 0.0
5.0, 8.3, 320.0, 81.0, 1987-10-26 00:00:00, 0.0
3.0, 7.8, 270.0, 76.0, 1987-10-27 00:00:00, 0.0
0.0, 8.8, 0.0, 91.0, 1987-10-28 00:00:00, 0.0
1.0, 10.3, 0.0, 94.0, 1987-10-29 00:00:00, 0.0
2.0, 9.0, 180.0, 97.0, 1987-10-30 00:00:00, 0.0
0.0, 0.0, 0.0, 0.0, 1988-04-28 00:00:00, 0.0
