station_observations
wind_speed, temperature, wind_direction, relative_humidity, time, precipitation
0.0, 15.0, 0.0, 46.0, 1982-05-01 00:00:00, 0.0
8.0, 17.0, 140.0, 49.0, 1982-05-02 00:00:00, 0.0
0.0, 6.0, 0.0, 99.0, 1982-05-03 00:00:00, 5.5
0.0, 10.0, 0.0, 46.0, 1982-05-04 00:00:00, 0.0
11.0, 16.0, 270.0, 29.0, 1982-05-05 00:00:00, 0.0
6.0, 14.0, 230.0, 55.0, 1982-05-06 00:00:00, 0.0
0.0, 12.0, 0.0, 99.0, 1982-05-07 00:00:00, 1.2
0.0, 13.0, 0.0, 51.0, 1982-05-08 00:00:00, 3.5
10.0, 14.0, 140.0, 42.0, 1982-05-09 00:00:00, 1.2
0.0, 16.0, 0.0, 34.0, 1982-05-10 00:00:00, 0.0
6.0, 18.0, 140.0, 39.0, 1982-05-11 00:00:00, 0.0
16.0, 16.0, 140.0, 57.0, 1982-05-12 00:00:00, 0.0
10.0, 18.0, 140.0, 41.0, 1982-05-13 00:00:00, 1.5
11.0, 22.0, 140.0, 40.0, 1982-05-14 00:00:00, 0.0
9.0, 15.0, 270.0, 77.0, 1982-05-15 00:00:00, 0.0
45.0, 16.0, 230.0, 78.0, 1982-05-16 00:00:00, 1.2
40.0, 20.0, 180.0, 45.0, 1982-05-17 00:00:00, 0.0
0.0, 15.0, 0.0, 67.0, 1982-05-18 00:00:00, 14.7
7.0, 19.0, 270.0, 35.0, 1982-05-19 00:00:00, 0.0
5.0, 20.0, 180.0, 37.0, 1982-05-20 00:00:00, 0.0
0.0, 21.0, 0.0, 39.0, 1982-05-21 00:00:00, 0.0
0.0, 18.0, 0.0, 61.0, 1982-05-22 00:00:00, 0.0
8.0, 19.0, 320.0, 31.0, 1982-05-23 00:00:00, 2.5
6.0, 22.0, 180.0, 43.0, 1982-05-24 00:00:00, 0.0
0.0, 22.0, 0.0, 56.0, 1982-05-25 00:00:00, 0.0
0.0, 11.0, 0.0, 75.0, 1982-05-26 00:00:00, 0.0
0.0, 14.0, 0.0, 60.0, 1982-05-27 00:00:00, 0.5
10.0, 17.0, 230.0, 26.0, 1982-05-28 00:00:00, 0.0
4.0, 18.0, 270.0, 31.0, 1982-05-29 00:00:00, 0.0
0.0, 20.0, 0.0, 24.0, 1982-05-30 00:00:00, 0.0
0.0, 22.0, 0.0, 30.0, 1982-05-31 00:00:00, 0.0
3.0, 25.0, 140.0, 21.0, 1982-06-01 00:00:00, 0.0
3.0, 24.0, 230.0, 21.0, 1982-06-02 00:00:00, 0.0
6.0, 23.0, 180.0, 34.0, 1982-06-03 00:00:00, 0.0
5.0, 20.0, 180.0, 53.0, 1982-06-04 00:00:00, 0.0
0.0, 16.0, 0.0, 86.0, 1982-06-05 00:00:00, 0.2
5.0, 8.0, 270.0, 99.0, 1982-06-06 00:00:00, 7.8
7.0, 15.0, 270.0, 66.0, 1982-06-07 00:00:00, 2.2
5.0, 18.0, 140.0, 53.0, 1982-06-08 00:00:00, 0.2
6.0, 22.0, 180.0, 40.0, 1982-06-09 00:00:00, 0.0
4.0, 24.0, 180.0, 39.0, 1982-06-10 00:00:00, 0.0
0.0, 25.0, 0.0, 35.0, 1982-06-11 00:00:00, 0.0
0.0, 26.0, 0.0, 35.0, 1982-06-12 00:00:00, 0.0
0.0, 26.0, 0.0, 37.0, 1982-06-13 00:00:00, 0.0
3.0, 28.0, 230.0, 35.0, 1982-06-14 00:00:00, 0.0
0.0, 26.0, 0.0, 44.0, 1982-06-15 00:00:00, 0.0
4.0, 24.5, 230.0, 57.0, 1982-06-16 00:00:00, 1.0
0.0, 25.8, 0.0, 38.0, 1982-06-17 00:00:00, 0.2
0.0, 25.5, 0.0, 36.0, 1982-06-18 00:00:00, 0.0
0.0, 27.1, 0.0, 34.0, 1982-06-19 00:00:00, 0.0
3.0, 27.6, 230.0, 37.0, 1982-06-20 00:00:00, 0.0
0.0, 28.4, 0.0, 37.0, 1982-06-21 00:00:00, 0.0
10.0, 23.6, 140.0, 51.0, 1982-06-22 00:00:00, 0.0
0.0, 23.1, 0.0, 56.0, 1982-06-23 00:00:00, 6.8
0.0, 20.0, 0.0, 83.0, 1982-06-24 00:00:00, 9.6
5.0, 24.0, 230.0, 54.0, 1982-06-25 00:00:00, 2.5
3.0, 25.0, 230.0, 56.0, 1982-06-26 00:00:00, 0.0
0.0, 21.0, 0.0, 93.0, 1982-06-27 00:00:00, 2.7
0.0, 22.0, 0.0, 91.0, 1982-06-28 00:00:00, 13.2
5.0, 19.5, 140.0, 97.0, 1982-06-29 00:00:00, 0.7
30.0, 23.9, 180.0, 68.0, 1982-06-30 00:00:00, 10.1
5.0, 22.2, 140.0, 30.0, 1982-07-01 00:00:00, 0.0
3.0, 17.1, 140.0, 99.0, 1982-07-02 00:00:00, 8.3
0.0, 19.1, 0.0, 99.0, 1982-07-03 00:00:00, 2.2
0.0, 14.9, 0.0, 96.0, 1982-07-04 00:00:00, 2.7
0.0, 11.0, 0.0, 99.0, 1982-07-05 00:00:00, 4.3
0.0, 12.0, 0.0, 91.0, 1982-07-06 00:00:00, 8.6
0.0, 19.0, 0.0, 92.0, 1982-07-07 00:00:00, 3.0
7.0, 21.6, 230.0, 49.0, 1982-07-08 00:00:00, 0.0
0.0, 20.3, 0.0, 52.0, 1982-07-09 00:00:00, 0.0
10.0, 23.7, 140.0, 50.0, 1982-07-10 00:00:00, 0.0
4.0, 22.2, 140.0, 51.0, 1982-07-11 00:00:00, 0.0
0.0, 16.0, 0.0, 95.0, 1982-07-12 00:00:00, 0.0
0.0, 22.0, 0.0, 60.0, 1982-07-13 00:00:00, 0.2
2.0, 12.8, 270.0, 76.0, 1982-07-14 00:00:00, 6.3
16.0, 12.6, 140.0, 60.0, 1982-07-15 00:00:00, 1.2
6.0, 17.2, 230.0, 58.0, 1982-07-16 00:00:00, 0.0
0.0, 15.1, 0.0, 81.0, 1982-07-17 00:00:00, 0.5
0.0, 18.5, 0.0, 74.0, 1982-07-18 00:00:00, 0.0
0.0, 19.7, 0.0, 73.0, 1982-07-19 00:00:00, 0.0
3.0, 16.8, 320.0, 96.0, 1982-07-20 00:00:00, 7.3
0.0, 20.5, 0.0, 65.0, 1982-07-21 00:00:00, 0.7
4.0, 19.6, 140.0, 41.0, 1982-07-22 00:00:00, 0.5
9.0, 18.2, 230.0, 63.0, 1982-07-23 00:00:00, 0.0
4.0, 20.9, 230.0, 48.0, 1982-07-24 00:00:00, 0.0
8.0, 23.2, 270.0, 48.0, 1982-07-25 00:00:00, 0.2
0.0, 22.6, 0.0, 52.0, 1982-07-26 00:00:00, 1.7
0.0, 24.7, 0.0, 41.0, 1982-07-27 00:00:00, 0.0
4.0, 25.9, 230.0, 42.0, 1982-07-28 00:00:00, 0.0
0.0, 27.2, 0.0, 41.0, 1982-07-29 00:00:00, 0.0
0.0, 25.8, 0.0, 41.0, 1982-07-30 00:00:00, 0.5
0.0, 21.6, 0.0, 95.0, 1982-07-31 00:00:00, 0.7
0.0, 24.1, 0.0, 51.0, 1982-08-01 00:00:00, 0.2
10.0, 21.1, 140.0, 56.0, 1982-08-02 00:00:00, 1.0
0.0, 20.8, 0.0, 51.0, 1982-08-03 00:00:00, 1.5
0.0, 15.7, 0.0, 99.0, 1982-08-04 00:00:00, 8.1
4.0, 22.4, 140.0, 53.0, 1982-08-05 00:00:00, 0.2
4.0, 25.0, 230.0, 45.0, 1982-08-06 00:00:00, 0.0
0.0, 25.9, 0.0, 45.0, 1982-08-07 00:00:00, 0.0
4.0, 27.9, 230.0, 41.0, 1982-08-08 00:00:00, 0.0
3.0, 24.1, 180.0, 66.0, 1982-08-09 00:00:00, 0.0
9.0, 27.3, 140.0, 48.0, 1982-08-10 00:00:00, 2.0
13.0, 22.2, 140.0, 57.0, 1982-08-11 00:00:00, 3.3
8.0, 18.0, 230.0, 79.0, 1982-08-12 00:00:00, 8.3
0.0, 16.5, 0.0, 91.0, 1982-08-13 00:00:00, 2.2
6.0, 14.9, 140.0, 98.0, 1982-08-14 00:00:00, 3.5
4.0, 20.6, 140.0, 42.0, 1982-08-15 00:00:00, 0.5
0.0, 19.5, 0.0, 66.0, 1982-08-16 00:00:00, 0.0
3.0, 22.2, 230.0, 52.0, 1982-08-17 00:00:00, 0.0
5.0, 22.6, 230.0, 47.0, 1982-08-18 00:00:00, 0.0
5.0, 23.3, 230.0, 47.0, 1982-08-19 00:00:00, 0.0
3.0, 16.2, 0.0, 99.0, 1982-08-20 00:00:00, 1.0
0.0, 17.1, 0.0, 99.0, 1982-08-21 00:00:00, 4.0
7.0, 24.4, 270.0, 49.0, 1982-08-22 00:00:00, 0.2
8.0, 24.8, 270.0, 40.0, 1982-08-23 00:00:00, 0.0
6.0, 23.9, 180.0, 39.0, 1982-08-24 00:00:00, 0.0
2.0, 25.0, 0.0, 41.0, 1982-08-25 00:00:00, 0.0
0.0, 21.1, 0.0, 77.0, 1982-08-26 00:00:00, 3.5
5.0, 21.5, 180.0, 77.0, 1982-08-27 00:00:00, 3.0
10.0, 19.8, 270.0, 63.0, 1982-08-28 00:00:00, 0.0
4.0, 18.0, 180.0, 77.0, 1982-08-29 00:00:00, 0.5
2.0, 17.9, 0.0, 78.0, 1982-08-30 00:00:00, 1.0
3.0, 19.2, 180.0, 67.0, 1982-08-31 00:00:00, 0.0
0.0, 20.8, 0.0, 54.0, 1982-09-01 00:00:00, 0.0
4.0, 22.8, 230.0, 62.0, 1982-09-02 00:00:00, 0.2
5.0, 25.5, 180.0, 49.0, 1982-09-03 00:00:00, 0.0
13.0, 22.1, 140.0, 70.0, 1982-09-04 00:00:00, 20.8
4.0, 19.9, 180.0, 66.0, 1982-09-05 00:00:00, 0.0
0.0, 19.1, 0.0, 61.0, 1982-09-06 00:00:00, 0.2
10.0, 23.4, 140.0, 50.0, 1982-09-07 00:00:00, 0.0
0.0, 23.7, 0.0, 58.0, 1982-09-08 00:00:00, 0.5
0.0, 16.7, 0.0, 99.0, 1982-09-09 00:00:00, 1.2
3.0, 14.4, 140.0, 74.0, 1982-09-10 00:00:00, 18.5
8.0, 13.0, 140.0, 59.0, 1982-09-11 00:00:00, 1.7
5.0, 15.0, 140.0, 59.0, 1982-09-12 00:00:00, 0.0
2.0, 12.9, 0.0, 69.0, 1982-09-13 00:00:00, 4.3
4.0, 11.8, 140.0, 59.0, 1982-09-14 00:00:00, 0.0
5.0, 11.5, 180.0, 71.0, 1982-09-15 00:00:00, 0.0
3.0, 17.0, 140.0, 59.0, 1982-09-16 00:00:00, 0.2
2.0, 16.6, 180.0, 67.0, 1982-09-17 00:00:00, 0.0
4.0, 19.1, 180.0, 73.0, 1982-09-18 00:00:00, 0.0
0.0, 20.2, 0.0, 54.0, 1982-09-19 00:00:00, 0.0
4.0, 18.3, 180.0, 65.0, 1982-09-20 00:00:00, 0.0
0.0, 14.7, 0.0, 88.0, 1982-09-21 00:00:00, 0.0
0.0, 16.9, 0.0, 94.0, 1982-09-22 00:00:00, 6.6
5.0, 14.0, 230.0, 99.0, 1982-09-23 00:00:00, 0.2
0.0, 14.0, 0.0, 99.0, 1982-09-24 00:00:00, 0.2
0.0, 19.5, 0.0, 73.0, 1982-09-25 00:00:00, 0.7
0.0, 14.2, 0.0, 99.0, 1982-09-26 00:00:00, 18.0
0.0, 15.7, 0.0, 82.0, 1982-09-27 00:00:00, 0.7
0.0, 12.7, 0.0, 99.0, 1982-09-28 00:00:00, 1.2
4.0, 18.0, 180.0, 77.0, 1982-09-29 00:00:00, 0.5
6.0, 10.9, 230.0, 89.0, 1982-09-30 00:00:00, 0.0
0.0, 0.0, 0.0, 0.0, 1983-06-16 00:00:00, 0.0
2.0, 14.0, 230.0, 86.0, 1983-06-17 00:00:00, 2.5
9.0, 12.7, 180.0, 70.0, 1983-06-18 00:00:00, 2.5
3.0, 13.8, 0.0, 45.0, 1983-06-19 00:00:00, 0.2
4.0, 10.6, 270.0, 84.0, 1983-06-20 00:00:00, 2.5
4.0, 17.1, 230.0, 42.0, 1983-06-21 00:00:00, 0.5
5.0, 18.8, 180.0, 35.0, 1983-06-22 00:00:00, 0.0
13.0, 22.4, 180.0, 31.0, 1983-06-23 00:00:00, 0.2
12.0, 17.6, 180.0, 48.0, 1983-06-24 00:00:00, 6.8
8.0, 14.2, 270.0, 48.0, 1983-06-25 00:00:00, 0.2
4.0, 19.9, 270.0, 35.0, 1983-06-26 00:00:00, 0.0
1.0, 13.1, 320.0, 87.0, 1983-06-27 00:00:00, 6.0
3.0, 22.1, 230.0, 39.0, 1983-06-28 00:00:00, 0.2
5.0, 24.1, 230.0, 39.0, 1983-06-29 00:00:00, 0.0
8.0, 15.2, 180.0, 75.0, 1983-06-30 00:00:00, 7.3
15.0, 18.4, 180.0, 41.0, 1983-07-01 00:00:00, 0.7
4.0, 13.6, 90.0, 68.0, 1983-07-02 00:00:00, 0.0
11.0, 16.1, 180.0, 68.0, 1983-07-03 00:00:00, 9.1
10.0, 17.8, 180.0, 46.0, 1983-07-04 00:00:00, 1.5
6.0, 20.4, 180.0, 38.0, 1983-07-05 00:00:00, 0.0
5.0, 10.7, 0.0, 80.0, 1983-07-06 00:00:00, 3.3
6.0, 16.0, 140.0, 64.0, 1983-07-07 00:00:00, 7.1
7.0, 12.3, 180.0, 77.0, 1983-07-08 00:00:00, 1.0
6.0, 16.6, 40.0, 32.0, 1983-07-09 00:00:00, 0.2
5.0, 18.4, 40.0, 39.0, 1983-07-10 00:00:00, 0.0
12.0, 17.6, 180.0, 41.0, 1983-07-11 00:00:00, 0.0
1.0, 15.4, 140.0, 74.0, 1983-07-12 00:00:00, 11.9
1.0, 13.9, 180.0, 76.0, 1983-07-13 00:00:00, 2.2
5.0, 12.2, 90.0, 53.0, 1983-07-14 00:00:00, 1.5
2.0, 8.2, 90.0, 77.0, 1983-07-15 00:00:00, 1.5
9.0, 13.8, 140.0, 58.0, 1983-07-16 00:00:00, 2.2
8.0, 16.3, 90.0, 46.0, 1983-07-17 00:00:00, 0.0
2.0, 18.9, 140.0, 38.0, 1983-07-18 00:00:00, 0.0
6.0, 20.3, 140.0, 34.0, 1983-07-19 00:00:00, 0.0
1.0, 13.6, 140.0, 74.0, 1983-07-20 00:00:00, 2.5
5.0, 15.5, 230.0, 61.0, 1983-07-21 00:00:00, 0.7
3.0, 19.4, 140.0, 35.0, 1983-07-22 00:00:00, 0.2
3.0, 21.9, 90.0, 29.0, 1983-07-23 00:00:00, 0.0
2.0, 22.2, 180.0, 38.0, 1983-07-24 00:00:00, 0.0
6.0, 16.5, 90.0, 59.0, 1983-07-25 00:00:00, 3.3
10.0, 16.3, 180.0, 38.0, 1983-07-26 00:00:00, 1.2
2.0, 15.3, 140.0, 41.0, 1983-07-27 00:00:00, 0.0
10.0, 17.5, 180.0, 40.0, 1983-07-28 00:00:00, 0.0
6.0, 18.5, 180.0, 37.0, 1983-07-29 00:00:00, 0.0
4.0, 20.8, 140.0, 37.0, 1983-07-30 00:00:00, 0.0
1.0, 23.0, 140.0, 32.0, 1983-07-31 00:00:00, 0.0
8.0, 22.9, 140.0, 41.0, 1983-08-01 00:00:00, 0.0
8.0, 24.8, 140.0, 33.0, 1983-08-02 00:00:00, 0.2
9.0, 25.8, 180.0, 36.0, 1983-08-03 00:00:00, 0.0
3.0, 22.6, 140.0, 25.0, 1983-08-04 00:00:00, 0.0
2.0, 23.4, 140.0, 22.0, 1983-08-05 00:00:00, 0.0
9.0, 28.0, 180.0, 32.0, 1983-08-06 00:00:00, 0.0
6.0, 22.7, 140.0, 28.0, 1983-08-07 00:00:00, 0.0
5.0, 24.0, 140.0, 30.0, 1983-08-08 00:00:00, 0.0
6.0, 26.1, 90.0, 39.0, 1983-08-09 00:00:00, 0.0
5.0, 28.4, 90.0, 37.0, 1983-08-10 00:00:00, 0.0
0.0, 17.6, 0.0, 82.0, 1983-08-11 00:00:00, 6.0
8.0, 17.5, 180.0, 51.0, 1983-08-12 00:00:00, 12.1
5.0, 20.2, 140.0, 40.0, 1983-08-13 00:00:00, 0.0
11.0, 21.8, 40.0, 38.0, 1983-08-14 00:00:00, 0.0
2.0, 20.8, 140.0, 41.0, 1983-08-15 00:00:00, 0.2
5.0, 20.8, 140.0, 35.0, 1983-08-16 00:00:00, 0.0
6.0, 23.5, 140.0, 48.0, 1983-08-17 00:00:00, 0.0
3.0, 16.5, 180.0, 68.0, 1983-08-18 00:00:00, 2.0
4.0, 20.5, 140.0, 48.0, 1983-08-19 00:00:00, 0.0
7.0, 23.4, 140.0, 42.0, 1983-08-20 00:00:00, 0.0
6.0, 20.8, 180.0, 40.0, 1983-08-21 00:00:00, 0.0
4.0, 21.8, 140.0, 37.0, 1983-08-22 00:00:00, 0.0
3.0, 20.5, 140.0, 51.0, 1983-08-23 00:00:00, 0.0
4.0, 17.5, 40.0, 71.0, 1983-08-24 00:00:00, 1.0
0.0, 19.4, 0.0, 59.0, 1983-08-25 00:00:00, 1.2
3.0, 11.7, 40.0, 81.0, 1983-08-26 00:00:00, 2.0
3.0, 14.8, 140.0, 82.0, 1983-08-27 00:00:00, 0.0
6.0, 14.0, 140.0, 95.0, 1983-08-28 00:00:00, 4.5
2.0, 16.9, 180.0, 58.0, 1983-08-29 00:00:00, 0.5
3.0, 14.8, 180.0, 71.0, 1983-08-30 00:00:00, 0.2
4.0, 23.8, 140.0, 46.0, 1983-08-31 00:00:00, 0.0
3.0, 18.3, 0.0, 70.0, 1983-09-01 00:00:00, 0.0
3.0, 16.0, 0.0, 67.0, 1983-09-02 00:00:00, 2.5
5.0, 19.0, 0.0, 62.0, 1983-09-03 00:00:00, 2.5
1.0, 15.3, 0.0, 62.0, 1983-09-04 00:00:00, 1.0
5.0, 11.9, 0.0, 62.0, 1983-09-05 00:00:00, 0.5
1.0, 12.7, 0.0, 62.0, 1983-09-06 00:00:00, 0.0
7.0, 15.6, 0.0, 32.0, 1983-09-07 00:00:00, 0.2
6.0, 13.5, 0.0, 53.0, 1983-09-08 00:00:00, 0.0
10.0, 13.1, 0.0, 86.0, 1983-09-09 00:00:00, 4.0
15.0, 12.5, 0.0, 65.0, 1983-09-10 00:00:00, 0.0
5.0, 16.0, 0.0, 65.0, 1983-09-11 00:00:00, 0.0
6.0, 13.9, 0.0, 66.0, 1983-09-12 00:00:00, 0.0
5.0, 13.5, 0.0, 60.0, 1983-09-13 00:00:00, 0.0
6.0, 15.1, 0.0, 65.0, 1983-09-14 00:00:00, 0.0
2.0, 12.5, 0.0, 61.0, 1983-09-15 00:00:00, 0.0
7.0, 10.6, 180.0, 41.0, 1984-05-01 00:00:00, 0.0
16.0, 10.4, 180.0, 59.0, 1984-05-02 00:00:00, 0.0
3.0, 9.2, 320.0, 46.0, 1984-05-03 00:00:00, 2.0
3.0, 11.1, 320.0, 31.0, 1984-05-04 00:00:00, 0.0
7.0, 12.1, 320.0, 41.0, 1984-05-05 00:00:00, 0.0
2.0, 10.7, 230.0, 52.0, 1984-05-06 00:00:00, 0.7
1.0, 11.4, 180.0, 55.0, 1984-05-07 00:00:00, 2.5
7.0, 8.9, 140.0, 67.0, 1984-05-08 00:00:00, 0.5
5.0, 11.7, 320.0, 29.0, 1984-05-09 00:00:00, 2.7
3.0, 10.8, 230.0, 40.0, 1984-05-10 00:00:00, 0.2
16.0, 10.4, 140.0, 44.0, 1984-05-11 00:00:00, 0.0
4.0, 11.6, 40.0, 52.0, 1984-05-12 00:00:00, 0.2
2.0, 12.8, 270.0, 44.0, 1984-05-13 00:00:00, 0.0
6.0, 12.3, 320.0, 75.0, 1984-05-14 00:00:00, 0.2
6.0, 10.0, 320.0, 78.0, 1984-05-15 00:00:00, 2.2
0.0, 8.3, 0.0, 97.0, 1984-05-16 00:00:00, 12.9
0.0, 13.6, 0.0, 42.0, 1984-05-17 00:00:00, 1.0
2.0, 16.6, 180.0, 34.0, 1984-05-18 00:00:00, 0.0
13.0, 14.5, 140.0, 52.0, 1984-05-19 00:00:00, 0.0
2.0, 11.9, 320.0, 50.0, 1984-05-20 00:00:00, 7.3
6.0, 10.8, 270.0, 53.0, 1984-05-21 00:00:00, 0.0
2.0, 14.7, 90.0, 32.0, 1984-05-22 00:00:00, 0.0
1.0, 6.8, 90.0, 98.0, 1984-05-23 00:00:00, 5.3
1.0, 12.6, 320.0, 47.0, 1984-05-24 00:00:00, 0.2
11.0, 11.6, 180.0, 61.0, 1984-05-25 00:00:00, 1.0
1.0, 10.1, 230.0, 76.0, 1984-05-26 00:00:00, 3.0
1.0, 14.9, 320.0, 45.0, 1984-05-27 00:00:00, 3.3
12.0, 18.6, 180.0, 30.0, 1984-05-28 00:00:00, 0.0
13.0, 23.1, 180.0, 31.0, 1984-05-29 00:00:00, 0.0
0.0, 16.6, 0.0, 85.0, 1984-05-30 00:00:00, 2.2
8.0, 8.4, 320.0, 51.0, 1984-05-31 00:00:00, 3.0
3.0, 11.8, 230.0, 50.0, 1984-06-01 00:00:00, 0.0
3.0, 15.9, 270.0, 27.0, 1984-06-02 00:00:00, 0.0
0.0, 17.3, 0.0, 33.0, 1984-06-03 00:00:00, 0.0
15.0, 17.7, 180.0, 35.0, 1984-06-04 00:00:00, 0.0
7.0, 11.6, 140.0, 87.0, 1984-06-05 00:00:00, 2.7
4.0, 18.2, 270.0, 42.0, 1984-06-06 00:00:00, 0.0
10.0, 16.0, 180.0, 55.0, 1984-06-07 00:00:00, 0.0
7.0, 11.1, 140.0, 99.0, 1984-06-08 00:00:00, 5.3
7.0, 10.9, 180.0, 82.0, 1984-06-09 00:00:00, 12.4
1.0, 17.3, 270.0, 45.0, 1984-06-10 00:00:00, 0.2
4.0, 22.9, 320.0, 29.0, 1984-06-11 00:00:00, 0.0
0.0, 23.0, 0.0, 32.0, 1984-06-12 00:00:00, 0.0
1.0, 23.7, 180.0, 32.0, 1984-06-13 00:00:00, 0.0
6.0, 23.0, 180.0, 37.0, 1984-06-14 00:00:00, 0.0
4.0, 18.0, 320.0, 59.0, 1984-06-15 00:00:00, 0.0
8.0, 20.5, 180.0, 46.0, 1984-06-16 00:00:00, 0.0
9.0, 15.3, 320.0, 51.0, 1984-06-17 00:00:00, 1.7
1.0, 15.7, 320.0, 45.0, 1984-06-18 00:00:00, 0.0
6.0, 14.3, 270.0, 60.0, 1984-06-19 00:00:00, 0.2
3.0, 20.4, 270.0, 32.0, 1984-06-20 00:00:00, 0.0
0.0, 18.5, 0.0, 34.0, 1984-06-21 00:00:00, 0.0
6.0, 17.0, 180.0, 50.0, 1984-06-22 00:00:00, 0.0
5.0, 20.4, 180.0, 45.0, 1984-06-23 00:00:00, 0.0
7.0, 16.9, 320.0, 51.0, 1984-06-24 00:00:00, 0.0
2.0, 23.1, 230.0, 29.0, 1984-06-25 00:00:00, 0.0
25.0, 25.5, 140.0, 34.0, 1984-06-26 00:00:00, 0.0
5.0, 22.7, 180.0, 22.0, 1984-06-27 00:00:00, 0.0
12.0, 26.6, 140.0, 28.0, 1984-06-28 00:00:00, 0.0
0.0, 14.5, 0.0, 99.0, 1984-06-29 00:00:00, 0.2
9.0, 15.8, 230.0, 41.0, 1984-06-30 00:00:00, 1.0
28.0, 18.8, 320.0, 47.0, 1984-07-01 00:00:00, 1.0
46.0, 19.4, 320.0, 38.0, 1984-07-02 00:00:00, 1.5
26.0, 19.4, 270.0, 44.0, 1984-07-03 00:00:00, 0.0
0.0, 15.7, 0.0, 93.0, 1984-07-04 00:00:00, 0.0
14.0, 23.5, 180.0, 46.0, 1984-07-05 00:00:00, 0.0
7.0, 16.9, 320.0, 31.0, 1984-07-06 00:00:00, 0.0
3.0, 15.2, 270.0, 46.0, 1984-07-07 00:00:00, 1.5
2.0, 17.2, 270.0, 46.0, 1984-07-08 00:00:00, 0.0
2.0, 20.8, 230.0, 40.0, 1984-07-09 00:00:00, 0.0
16.0, 23.5, 180.0, 37.0, 1984-07-10 00:00:00, 0.0
6.0, 26.1, 180.0, 30.0, 1984-07-11 00:00:00, 0.0
0.0, 24.1, 0.0, 32.0, 1984-07-12 00:00:00, 0.0
3.0, 22.0, 320.0, 33.0, 1984-07-13 00:00:00, 0.0
5.0, 22.6, 270.0, 24.0, 1984-07-14 00:00:00, 0.0
1.0, 23.9, 230.0, 28.0, 1984-07-15 00:00:00, 0.0
5.0, 28.0, 230.0, 21.0, 1984-07-16 00:00:00, 0.0
0.0, 28.9, 0.0, 24.0, 1984-07-17 00:00:00, 0.0
2.0, 28.0, 230.0, 23.0, 1984-07-18 00:00:00, 0.0
2.0, 26.0, 230.0, 23.0, 1984-07-19 00:00:00, 0.0
10.0, 18.1, 320.0, 41.0, 1984-07-20 00:00:00, 0.0
0.0, 10.8, 0.0, 99.0, 1984-07-21 00:00:00, 9.3
3.0, 20.2, 230.0, 39.0, 1984-07-22 00:00:00, 0.7
1.0, 24.6, 230.0, 27.0, 1984-07-23 00:00:00, 0.0
0.0, 26.6, 0.0, 29.0, 1984-07-24 00:00:00, 0.0
0.0, 28.0, 0.0, 35.0, 1984-07-25 00:00:00, 0.0
1.0, 24.8, 320.0, 42.0, 1984-07-26 00:00:00, 0.0
11.0, 28.3, 180.0, 38.0, 1984-07-27 00:00:00, 0.0
13.0, 27.6, 180.0, 41.0, 1984-07-28 00:00:00, 0.0
5.0, 22.7, 180.0, 52.0, 1984-07-29 00:00:00, 0.0
10.0, 24.2, 180.0, 45.0, 1984-07-30 00:00:00, 0.0
0.0, 27.0, 0.0, 38.0, 1984-07-31 00:00:00, 0.0
7.0, 27.3, 180.0, 33.0, 1984-08-01 00:00:00, 0.0
1.0, 25.7, 230.0, 37.0, 1984-08-02 00:00:00, 0.0
1.0, 27.5, 230.0, 34.0, 1984-08-03 00:00:00, 0.0
7.0, 25.7, 180.0, 39.0, 1984-08-04 00:00:00, 0.2
1.0, 27.6, 230.0, 31.0, 1984-08-05 00:00:00, 0.0
2.0, 20.6, 140.0, 71.0, 1984-08-06 00:00:00, 11.6
0.0, 18.7, 0.0, 58.0, 1984-08-07 00:00:00, 0.0
1.0, 23.7, 230.0, 36.0, 1984-08-08 00:00:00, 0.0
1.0, 27.2, 230.0, 39.0, 1984-08-09 00:00:00, 0.0
3.0, 22.1, 270.0, 63.0, 1984-08-10 00:00:00, 0.0
0.0, 20.8, 0.0, 60.0, 1984-08-11 00:00:00, 10.9
3.0, 20.2, 230.0, 39.0, 1984-08-12 00:00:00, 0.7
4.0, 18.9, 230.0, 60.0, 1984-08-13 00:00:00, 0.0
1.0, 19.7, 230.0, 40.0, 1984-08-14 00:00:00, 0.0
2.0, 22.5, 270.0, 31.0, 1984-08-15 00:00:00, 0.0
10.0, 24.5, 270.0, 35.0, 1984-08-16 00:00:00, 0.0
1.0, 16.6, 320.0, 88.0, 1984-08-17 00:00:00, 0.0
5.0, 18.9, 140.0, 79.0, 1984-08-18 00:00:00, 12.4
7.0, 15.0, 180.0, 66.0, 1984-08-19 00:00:00, 4.8
0.0, 16.1, 0.0, 66.0, 1984-08-20 00:00:00, 0.0
4.0, 20.7, 230.0, 37.0, 1984-08-21 00:00:00, 0.0
3.0, 23.2, 230.0, 31.0, 1984-08-22 00:00:00, 0.0
0.0, 23.3, 0.0, 29.0, 1984-08-23 00:00:00, 0.0
3.0, 21.1, 180.0, 39.0, 1984-08-24 00:00:00, 0.0
0.0, 14.4, 0.0, 54.0, 1984-08-25 00:00:00, 0.0
0.0, 14.6, 0.0, 99.0, 1984-08-26 00:00:00, 2.2
14.0, 13.1, 140.0, 91.0, 1984-08-27 00:00:00, 13.7
0.0, 14.6, 0.0, 99.0, 1984-08-28 00:00:00, 2.2
1.0, 16.0, 180.0, 38.0, 1984-08-29 00:00:00, 0.0
0.0, 13.3, 0.0, 59.0, 1984-08-30 00:00:00, 0.0
3.0, 16.6, 270.0, 58.0, 1984-08-31 00:00:00, 0.0
0.0, 15.4, 0.0, 76.0, 1984-09-01 00:00:00, 0.5
0.0, 15.7, 0.0, 78.0, 1984-09-02 00:00:00, 0.0
0.0, 19.6, 0.0, 77.0, 1984-09-03 00:00:00, 0.0
1.0, 16.2, 270.0, 61.0, 1984-09-04 00:00:00, 0.0
1.0, 15.9, 270.0, 80.0, 1984-09-05 00:00:00, 0.0
4.0, 8.1, 310.0, 99.0, 1984-09-06 00:00:00, 19.3
4.0, 13.2, 230.0, 60.0, 1984-09-07 00:00:00, 0.0
4.0, 10.2, 270.0, 99.0, 1984-09-08 00:00:00, 2.5
0.0, 7.3, 0.0, 99.0, 1984-09-09 00:00:00, 4.0
2.0, 13.6, 180.0, 67.0, 1984-09-10 00:00:00, 0.2
19.0, 13.0, 230.0, 60.0, 1984-09-11 00:00:00, 0.0
6.0, 10.2, 180.0, 93.0, 1984-09-12 00:00:00, 0.2
3.0, 12.3, 270.0, 72.0, 1984-09-13 00:00:00, 1.2
1.0, 11.0, 270.0, 74.0, 1984-09-14 00:00:00, 0.0
0.0, 7.2, 0.0, 89.0, 1984-09-15 00:00:00, 0.2
0.0, 10.7, 0.0, 99.0, 1984-09-16 00:00:00, 0.0
0.0, 18.1, 0.0, 58.0, 1984-09-17 00:00:00, 0.0
1.0, 17.2, 180.0, 86.0, 1984-09-18 00:00:00, 0.5
3.0, 17.4, 320.0, 43.0, 1984-09-19 00:00:00, 0.0
0.0, 10.2, 0.0, 81.0, 1984-09-20 00:00:00, 0.0
5.0, 10.2, 320.0, 68.0, 1984-09-21 00:00:00, 0.7
2.0, 4.4, 140.0, 39.0, 1984-09-22 00:00:00, 0.0
0.0, -0.7, 0.0, 81.0, 1984-09-23 00:00:00, 0.0
8.0, 7.8, 230.0, 39.0, 1984-09-24 00:00:00, 0.0
5.0, 7.0, 230.0, 60.0, 1984-09-25 00:00:00, 1.5
3.0, 7.1, 180.0, 52.0, 1984-09-26 00:00:00, 0.2
0.0, 7.4, 0.0, 42.0, 1984-09-27 00:00:00, 0.2
3.0, 7.3, 230.0, 50.0, 1984-09-28 00:00:00, 0.0
0.0, 7.4, 0.0, 65.0, 1984-09-29 00:00:00, 0.0
0.0, 7.9, 0.0, 84.0, 1984-09-30 00:00:00, 0.0
