station_observations
wind_speed, temperature, wind_direction, relative_humidity, time, precipitation
0.0, 0.0, 0.0, 0.0, 1982-05-31 00:00:00, 0.0
13.0, 24.4, 180.0, 18.0, 1982-06-01 00:00:00, 0.0
8.0, 19.6, 140.0, 27.0, 1982-06-02 00:00:00, 0.0
13.0, 19.6, 230.0, 40.0, 1982-06-03 00:00:00, 0.0
13.0, 15.7, 230.0, 59.0, 1982-06-04 00:00:00, 0.0
11.0, 11.6, 270.0, 99.0, 1982-06-05 00:00:00, 8.3
8.0, 9.4, 180.0, 72.0, 1982-06-06 00:00:00, 6.3
16.0, 13.6, 230.0, 37.0, 1982-06-07 00:00:00, 0.0
8.0, 12.4, 140.0, 76.0, 1982-06-08 00:00:00, 0.7
11.0, 18.3, 180.0, 50.0, 1982-06-09 00:00:00, 0.0
2.0, 21.5, 320.0, 46.0, 1982-06-10 00:00:00, 0.0
0.0, 22.5, 0.0, 56.0, 1982-06-11 00:00:00, 0.0
0.0, 22.5, 0.0, 41.0, 1982-06-12 00:00:00, 0.0
0.0, 25.0, 0.0, 40.0, 1982-06-13 00:00:00, 0.0
6.0, 25.0, 40.0, 40.0, 1982-06-14 00:00:00, 0.0
2.0, 25.5, 0.0, 47.0, 1982-06-15 00:00:00, 0.0
0.0, 22.5, 0.0, 55.0, 1982-06-16 00:00:00, 0.6
8.0, 21.7, 180.0, 37.0, 1982-06-17 00:00:00, 0.0
9.0, 21.7, 180.0, 39.0, 1982-06-18 00:00:00, 0.0
9.0, 22.6, 180.0, 36.0, 1982-06-19 00:00:00, 0.0
7.0, 22.1, 180.0, 45.0, 1982-06-20 00:00:00, 0.0
7.0, 24.7, 180.0, 42.0, 1982-06-21 00:00:00, 0.0
0.0, 14.5, 0.0, 99.0, 1982-06-22 00:00:00, 3.5
5.0, 18.3, 180.0, 80.0, 1982-06-23 00:00:00, 0.5
11.0, 22.2, 140.0, 51.0, 1982-06-24 00:00:00, 0.5
8.0, 25.9, 140.0, 39.0, 1982-06-25 00:00:00, 0.0
7.0, 22.6, 180.0, 55.0, 1982-06-26 00:00:00, 0.0
5.0, 16.1, 270.0, 99.0, 1982-06-27 00:00:00, 5.5
8.0, 23.1, 180.0, 53.0, 1982-06-28 00:00:00, 0.0
9.0, 21.7, 140.0, 62.0, 1982-06-29 00:00:00, 0.0
7.0, 22.1, 180.0, 45.0, 1982-06-30 00:00:00, 0.0
8.0, 18.0, 140.0, 90.0, 1982-07-01 00:00:00, 0.2
4.0, 17.9, 270.0, 94.0, 1982-07-02 00:00:00, 0.0
6.0, 13.5, 320.0, 99.0, 1982-07-03 00:00:00, 2.2
8.0, 9.6, 270.0, 99.0, 1982-07-04 00:00:00, 8.8
7.0, 12.0, 270.0, 99.0, 1982-07-05 00:00:00, 6.6
0.0, 15.2, 0.0, 87.0, 1982-07-06 00:00:00, 2.7
7.0, 18.4, 270.0, 58.0, 1982-07-07 00:00:00, 0.0
7.0, 21.6, 230.0, 44.0, 1982-07-08 00:00:00, 0.0
11.0, 22.6, 230.0, 46.0, 1982-07-09 00:00:00, 0.0
7.0, 13.0, 270.0, 72.0, 1982-07-10 00:00:00, 14.4
5.0, 24.0, 180.0, 39.0, 1982-07-11 00:00:00, 0.0
12.0, 20.0, 140.0, 72.0, 1982-07-12 00:00:00, 1.5
9.0, 24.4, 90.0, 41.0, 1982-07-13 00:00:00, 0.0
8.0, 9.8, 270.0, 99.0, 1982-07-14 00:00:00, 7.3
7.0, 13.0, 270.0, 72.0, 1982-07-15 00:00:00, 14.4
13.0, 18.3, 270.0, 68.0, 1982-07-16 00:00:00, 0.7
0.0, 13.5, 0.0, 99.0, 1982-07-17 00:00:00, 5.3
4.0, 16.2, 140.0, 99.0, 1982-07-18 00:00:00, 7.1
3.0, 17.6, 270.0, 96.0, 1982-07-19 00:00:00, 0.5
4.0, 13.1, 140.0, 99.0, 1982-07-20 00:00:00, 4.5
9.0, 17.3, 180.0, 74.0, 1982-07-21 00:00:00, 2.2
4.0, 13.2, 230.0, 96.0, 1982-07-22 00:00:00, 6.3
9.0, 19.2, 270.0, 57.0, 1982-07-23 00:00:00, 1.0
8.0, 23.2, 140.0, 35.0, 1982-07-24 00:00:00, 0.0
8.0, 26.2, 230.0, 36.0, 1982-07-25 00:00:00, 0.0
7.0, 28.9, 180.0, 31.0, 1982-07-26 00:00:00, 0.0
9.0, 29.3, 140.0, 25.0, 1982-07-27 00:00:00, 0.0
6.0, 30.6, 180.0, 27.0, 1982-07-28 00:00:00, 0.0
6.0, 28.3, 90.0, 32.0, 1982-07-29 00:00:00, 0.0
0.0, 16.1, 0.0, 99.0, 1982-07-30 00:00:00, 4.5
0.0, 17.2, 0.0, 88.0, 1982-07-31 00:00:00, 2.0
0.0, 19.0, 0.0, 71.0, 1982-08-01 00:00:00, 0.0
0.0, 15.0, 0.0, 82.0, 1982-08-02 00:00:00, 6.4
2.0, 16.0, 140.0, 60.0, 1982-08-03 00:00:00, 0.2
0.0, 14.0, 0.0, 78.0, 1982-08-04 00:00:00, 5.2
3.0, 19.0, 90.0, 58.0, 1982-08-05 00:00:00, 0.0
5.0, 21.5, 40.0, 52.0, 1982-08-06 00:00:00, 0.0
0.0, 21.0, 0.0, 50.0, 1982-08-07 00:00:00, 0.0
0.0, 24.0, 0.0, 48.0, 1982-08-08 00:00:00, 0.0
5.0, 23.0, 40.0, 69.0, 1982-08-09 00:00:00, 0.0
6.0, 22.0, 0.0, 54.0, 1982-08-10 00:00:00, 0.6
0.0, 16.0, 0.0, 72.0, 1982-08-11 00:00:00, 0.5
0.0, 12.5, 0.0, 72.0, 1982-08-12 00:00:00, 4.5
3.0, 16.0, 40.0, 65.0, 1982-08-13 00:00:00, 0.3
0.0, 17.0, 0.0, 56.0, 1982-08-14 00:00:00, 14.8
2.0, 16.0, 40.0, 50.0, 1982-08-15 00:00:00, 0.0
0.0, 15.5, 0.0, 64.0, 1982-08-16 00:00:00, 0.0
0.0, 18.0, 0.0, 67.0, 1982-08-17 00:00:00, 14.5
3.0, 18.5, 40.0, 56.0, 1982-08-18 00:00:00, 0.0
0.0, 19.0, 0.0, 52.0, 1982-08-19 00:00:00, 0.0
0.0, 14.5, 0.0, 72.0, 1982-08-20 00:00:00, 0.0
0.0, 14.0, 0.0, 80.0, 1982-08-21 00:00:00, 6.9
3.0, 23.0, 0.0, 47.0, 1982-08-22 00:00:00, 0.0
0.0, 20.5, 0.0, 52.0, 1982-08-23 00:00:00, 0.0
0.0, 18.0, 0.0, 59.0, 1982-08-24 00:00:00, 0.0
4.0, 17.8, 230.0, 59.0, 1982-08-25 00:00:00, 0.0
9.0, 17.4, 230.0, 59.0, 1982-08-26 00:00:00, 0.0
3.0, 13.6, 140.0, 99.0, 1982-08-27 00:00:00, 0.7
4.0, 14.4, 230.0, 90.0, 1982-08-28 00:00:00, 11.9
7.0, 12.9, 140.0, 70.0, 1982-08-29 00:00:00, 1.0
1.0, 11.6, 140.0, 30.0, 1982-08-30 00:00:00, 3.0
6.0, 13.8, 270.0, 60.0, 1982-08-31 00:00:00, 3.3
13.0, 20.5, 230.0, 57.0, 1983-07-20 00:00:00, 0.7
6.0, 18.8, 140.0, 49.0, 1983-07-21 00:00:00, 0.2
9.0, 21.4, 140.0, 40.0, 1983-07-22 00:00:00, 18.2
5.0, 17.3, 180.0, 80.0, 1983-07-23 00:00:00, 8.6
9.0, 17.5, 140.0, 69.0, 1983-07-24 00:00:00, 0.7
1.0, 14.0, 230.0, 62.0, 1983-07-25 00:00:00, 11.1
2.0, 13.6, 140.0, 79.0, 1983-07-26 00:00:00, 0.5
5.0, 13.4, 40.0, 92.0, 1983-07-27 00:00:00, 2.7
6.0, 20.6, 270.0, 53.0, 1983-07-28 00:00:00, 0.2
2.0, 20.5, 270.0, 56.0, 1983-07-29 00:00:00, 1.1
11.0, 23.0, 270.0, 48.0, 1983-07-30 00:00:00, 0.0
3.0, 27.5, 270.0, 46.0, 1983-07-31 00:00:00, 0.0
5.0, 19.0, 180.0, 86.0, 1983-08-01 00:00:00, 24.8
7.0, 20.6, 180.0, 72.0, 1983-08-02 00:00:00, 0.0
4.0, 20.4, 320.0, 53.0, 1983-08-03 00:00:00, 8.1
7.0, 19.7, 180.0, 45.0, 1983-08-04 00:00:00, 0.0
6.0, 20.5, 140.0, 42.0, 1983-08-05 00:00:00, 0.0
13.0, 21.5, 320.0, 37.0, 1983-08-06 00:00:00, 0.0
11.0, 21.1, 270.0, 38.0, 1983-08-07 00:00:00, 0.0
3.0, 19.2, 180.0, 50.0, 1983-08-08 00:00:00, 0.0
8.0, 22.8, 180.0, 46.0, 1983-08-09 00:00:00, 0.0
5.0, 23.9, 180.0, 42.0, 1983-08-10 00:00:00, 0.0
9.0, 17.5, 270.0, 90.0, 1983-08-11 00:00:00, 1.2
7.0, 20.5, 320.0, 33.0, 1983-08-12 00:00:00, 4.5
7.0, 18.8, 140.0, 50.0, 1983-08-13 00:00:00, 0.0
8.0, 17.6, 270.0, 58.0, 1983-08-14 00:00:00, 0.5
13.0, 20.0, 270.0, 45.0, 1983-08-15 00:00:00, 0.2
11.0, 14.6, 320.0, 69.0, 1983-08-16 00:00:00, 0.0
24.0, 14.6, 180.0, 92.0, 1983-08-17 00:00:00, 2.0
14.0, 16.7, 270.0, 48.0, 1983-08-18 00:00:00, 0.7
12.0, 16.2, 180.0, 42.0, 1983-08-19 00:00:00, 0.0
14.0, 18.8, 270.0, 38.0, 1983-08-20 00:00:00, 0.0
15.0, 17.1, 270.0, 31.0, 1983-08-21 00:00:00, 0.0
13.0, 19.1, 270.0, 36.0, 1983-08-22 00:00:00, 0.0
9.0, 20.6, 180.0, 36.0, 1983-08-23 00:00:00, 0.0
8.0, 17.5, 180.0, 63.0, 1983-08-24 00:00:00, 0.0
7.0, 13.6, 140.0, 94.0, 1983-08-25 00:00:00, 1.0
11.0, 16.3, 140.0, 69.0, 1983-08-26 00:00:00, 1.5
11.0, 15.2, 180.0, 72.0, 1983-08-27 00:00:00, 1.2
6.0, 20.6, 270.0, 53.0, 1983-08-28 00:00:00, 0.2
6.0, 15.6, 180.0, 82.0, 1983-08-29 00:00:00, 2.5
11.0, 19.5, 140.0, 50.0, 1983-08-30 00:00:00, 0.0
8.0, 22.8, 140.0, 44.0, 1983-08-31 00:00:00, 0.0
4.0, 6.9, 90.0, 93.0, 1983-09-01 00:00:00, 1.5
7.0, 9.1, 230.0, 91.0, 1983-09-02 00:00:00, 22.8
2.0, 13.0, 140.0, 91.0, 1983-09-03 00:00:00, 2.2
1.0, 10.8, 40.0, 96.0, 1983-09-04 00:00:00, 9.0
8.0, 10.8, 320.0, 51.0, 1983-09-05 00:00:00, 4.8
13.0, 21.5, 320.0, 37.0, 1983-09-06 00:00:00, 0.0
11.0, 21.1, 270.0, 38.0, 1983-09-07 00:00:00, 0.0
3.0, 19.2, 180.0, 50.0, 1983-09-08 00:00:00, 0.0
15.0, 7.5, 270.0, 92.0, 1983-09-09 00:00:00, 4.0
9.0, 7.7, 140.0, 78.0, 1983-09-10 00:00:00, 1.2
3.0, 7.2, 230.0, 96.0, 1983-09-11 00:00:00, 12.1
6.0, 10.8, 180.0, 81.0, 1983-09-12 00:00:00, 0.2
6.0, 12.3, 140.0, 72.0, 1983-09-13 00:00:00, 0.0
7.0, 12.7, 320.0, 87.0, 1983-09-14 00:00:00, 4.0
6.0, 8.1, 90.0, 96.0, 1983-09-15 00:00:00, 2.2
6.0, 7.9, 140.0, 94.0, 1983-09-16 00:00:00, 16.2
10.0, 7.2, 270.0, 68.0, 1983-09-17 00:00:00, 1.2
12.0, 5.6, 270.0, 42.0, 1983-09-18 00:00:00, 2.5
15.0, 8.4, 230.0, 36.0, 1983-09-19 00:00:00, 0.0
6.0, 6.1, 180.0, 59.0, 1983-09-20 00:00:00, 0.0
11.0, 13.2, 230.0, 48.0, 1983-09-21 00:00:00, 0.0
13.0, 12.1, 140.0, 73.0, 1983-09-22 00:00:00, 0.0
9.0, 12.7, 140.0, 73.0, 1983-09-23 00:00:00, 0.0
9.0, 12.7, 90.0, 73.0, 1983-09-24 00:00:00, 0.0
7.0, 13.6, 140.0, 94.0, 1983-09-25 00:00:00, 1.0
11.0, 16.5, 90.0, 43.0, 1983-09-26 00:00:00, 1.5
9.0, 5.4, 320.0, 55.0, 1983-09-27 00:00:00, 3.0
7.0, 4.1, 270.0, 62.0, 1983-09-28 00:00:00, 0.0
11.0, 7.2, 230.0, 38.0, 1983-09-29 00:00:00, 0.0
10.0, 7.9, 230.0, 45.0, 1983-09-30 00:00:00, 0.0
