station_observations
wind_speed, temperature, wind_direction, relative_humidity, time, precipitation
0.0, 0.0, 0.0, 0.0, 1986-05-12 00:00:00, 0.0
3.0, 1.3, 140.0, 71.0, 1986-05-13 00:00:00, 0.2
19.0, 3.7, 320.0, 45.0, 1986-05-14 00:00:00, 0.5
7.0, 5.2, 270.0, 47.0, 1986-05-15 00:00:00, 0.0
15.0, 10.0, 180.0, 36.0, 1986-05-16 00:00:00, 0.0
11.0, 8.5, 180.0, 91.0, 1986-05-17 00:00:00, 4.0
7.0, 12.5, 140.0, 72.0, 1986-05-18 00:00:00, 5.3
8.0, 16.4, 140.0, 48.0, 1986-05-19 00:00:00, 0.2
20.0, 15.2, 180.0, 33.0, 1986-05-20 00:00:00, 0.0
11.0, 2.9, 320.0, 78.0, 1986-05-21 00:00:00, 0.0
9.0, 3.7, 180.0, 81.0, 1986-05-22 00:00:00, 19.5
10.0, 10.9, 90.0, 47.0, 1986-05-23 00:00:00, 0.0
11.0, 13.5, 180.0, 49.0, 1986-05-24 00:00:00, 0.0
16.0, 22.9, 180.0, 32.0, 1986-05-25 00:00:00, 0.3
22.0, 26.3, 140.0, 28.0, 1986-05-26 00:00:00, 0.0
15.0, 21.1, 180.0, 39.0, 1986-05-27 00:00:00, 0.0
14.0, 24.8, 180.0, 30.0, 1986-05-28 00:00:00, 0.8
5.0, 27.9, 180.0, 24.0, 1986-05-29 00:00:00, 0.0
10.0, 27.9, 0.0, 29.0, 1986-05-30 00:00:00, 0.0
12.0, 28.8, 320.0, 18.0, 1986-05-31 00:00:00, 0.0
17.0, 27.4, 180.0, 24.0, 1986-06-01 00:00:00, 0.0
17.0, 21.7, 0.0, 21.0, 1986-06-02 00:00:00, 0.0
10.0, 21.4, 320.0, 17.0, 1986-06-03 00:00:00, 0.0
10.0, 21.1, 180.0, 32.0, 1986-06-04 00:00:00, 0.0
18.0, 12.6, 0.0, 84.0, 1986-06-05 00:00:00, 0.0
13.0, 14.9, 40.0, 61.0, 1986-06-06 00:00:00, 0.0
16.0, 14.3, 0.0, 75.0, 1986-06-07 00:00:00, 0.0
10.0, 10.9, 320.0, 87.0, 1986-06-08 00:00:00, 0.3
7.0, 18.7, 320.0, 41.0, 1986-06-09 00:00:00, 0.0
14.0, 22.2, 140.0, 38.0, 1986-06-10 00:00:00, 0.0
16.0, 17.0, 320.0, 41.0, 1986-06-11 00:00:00, 0.0
6.0, 18.0, 230.0, 25.0, 1986-06-12 00:00:00, 0.0
13.0, 23.2, 140.0, 18.0, 1986-06-13 00:00:00, 0.0
20.0, 21.8, 140.0, 22.0, 1986-06-14 00:00:00, 0.0
9.0, 12.4, 90.0, 53.0, 1986-06-15 00:00:00, 12.0
15.0, 11.5, 180.0, 63.0, 1986-06-16 00:00:00, 0.0
8.0, 20.1, 180.0, 49.0, 1986-06-17 00:00:00, 0.0
12.0, 13.8, 180.0, 71.0, 1986-06-18 00:00:00, 19.6
6.0, 8.6, 180.0, 91.0, 1986-06-19 00:00:00, 4.6
18.0, 6.6, 320.0, 93.0, 1986-06-20 00:00:00, 1.3
12.0, 15.2, 180.0, 50.0, 1986-06-21 00:00:00, 4.3
12.0, 17.5, 180.0, 57.0, 1986-06-22 00:00:00, 0.0
6.0, 22.0, 320.0, 46.0, 1986-06-23 00:00:00, 0.0
8.0, 18.0, 270.0, 50.0, 1986-06-24 00:00:00, 0.0
10.0, 19.0, 140.0, 28.0, 1986-06-25 00:00:00, 0.0
8.0, 19.5, 320.0, 22.0, 1986-06-26 00:00:00, 0.0
9.0, 20.9, 320.0, 33.0, 1986-06-27 00:00:00, 0.0
11.0, 19.4, 0.0, 48.0, 1986-06-28 00:00:00, 0.3
11.0, 9.2, 180.0, 99.0, 1986-06-29 00:00:00, 29.7
7.0, 17.0, 180.0, 68.0, 1986-06-30 00:00:00, 3.0
8.0, 16.6, 140.0, 69.0, 1986-07-01 00:00:00, 0.8
5.0, 9.1, 180.0, 99.0, 1986-07-02 00:00:00, 6.3
22.0, 7.7, 180.0, 72.0, 1986-07-03 00:00:00, 7.1
8.0, 5.6, 0.0, 98.0, 1986-07-04 00:00:00, 5.1
9.0, 7.9, 180.0, 99.0, 1986-07-05 00:00:00, 5.1
8.0, 16.1, 180.0, 56.0, 1986-07-06 00:00:00, 0.3
9.0, 21.3, 90.0, 39.0, 1986-07-07 00:00:00, 0.0
5.0, 14.0, 140.0, 72.0, 1986-07-08 00:00:00, 0.0
14.0, 17.2, 180.0, 57.0, 1986-07-09 00:00:00, 0.0
17.0, 9.9, 180.0, 99.0, 1986-07-10 00:00:00, 1.8
14.0, 13.5, 180.0, 76.0, 1986-07-11 00:00:00, 8.1
6.0, 9.7, 180.0, 96.0, 1986-07-12 00:00:00, 1.5
11.0, 14.9, 320.0, 68.0, 1986-07-13 00:00:00, 4.1
15.0, 14.3, 320.0, 66.0, 1986-07-14 00:00:00, 0.0
9.0, 11.4, 0.0, 67.0, 1986-07-15 00:00:00, 4.6
9.0, 6.9, 230.0, 96.0, 1986-07-16 00:00:00, 13.7
11.0, 8.1, 180.0, 94.0, 1986-07-17 00:00:00, 3.3
9.0, 18.0, 140.0, 46.0, 1986-07-18 00:00:00, 0.3
15.0, 21.4, 320.0, 35.0, 1986-07-19 00:00:00, 0.0
8.0, 22.3, 320.0, 33.0, 1986-07-20 00:00:00, 0.0
12.0, 24.8, 180.0, 23.0, 1986-07-21 00:00:00, 0.0
4.0, 12.8, 90.0, 99.0, 1986-07-22 00:00:00, 4.3
12.0, 16.8, 320.0, 58.0, 1986-07-23 00:00:00, 0.5
9.0, 19.1, 320.0, 42.0, 1986-07-24 00:00:00, 0.0
7.0, 16.9, 320.0, 51.0, 1986-07-25 00:00:00, 1.8
5.0, 9.5, 90.0, 97.0, 1986-07-26 00:00:00, 2.3
5.0, 13.3, 320.0, 73.0, 1986-07-27 00:00:00, 2.0
8.0, 14.0, 180.0, 57.0, 1986-07-28 00:00:00, 0.0
5.0, 11.5, 0.0, 54.0, 1986-07-29 00:00:00, 0.0
8.0, 10.8, 270.0, 73.0, 1986-07-30 00:00:00, 1.3
10.0, 19.4, 0.0, 40.0, 1986-07-31 00:00:00, 0.0
9.0, 23.5, 320.0, 25.0, 1986-08-01 00:00:00, 0.0
1.0, 24.5, 0.0, 26.0, 1986-08-02 00:00:00, 0.0
12.0, 25.8, 140.0, 27.0, 1986-08-03 00:00:00, 0.0
12.0, 22.1, 0.0, 40.0, 1986-08-04 00:00:00, 0.0
16.0, 16.6, 270.0, 53.0, 1986-08-05 00:00:00, 0.5
12.0, 20.8, 0.0, 37.0, 1986-08-06 00:00:00, 0.0
16.0, 23.7, 320.0, 36.0, 1986-08-07 00:00:00, 0.0
8.0, 25.3, 320.0, 35.0, 1986-08-08 00:00:00, 0.0
8.0, 25.9, 320.0, 26.0, 1986-08-09 00:00:00, 0.0
15.0, 28.8, 180.0, 24.0, 1986-08-10 00:00:00, 0.0
7.0, 19.3, 320.0, 57.0, 1986-08-11 00:00:00, 0.0
17.0, 21.3, 270.0, 52.0, 1986-08-12 00:00:00, 0.3
14.0, 21.1, 320.0, 42.0, 1986-08-13 00:00:00, 0.0
9.0, 22.7, 0.0, 31.0, 1986-08-14 00:00:00, 0.0
10.0, 18.8, 270.0, 27.0, 1986-08-15 00:00:00, 0.0
8.0, 19.5, 230.0, 17.0, 1986-08-16 00:00:00, 0.0
13.0, 24.4, 140.0, 12.0, 1986-08-17 00:00:00, 0.0
10.0, 23.1, 140.0, 13.0, 1986-08-18 00:00:00, 0.0
16.0, 17.9, 320.0, 23.0, 1986-08-19 00:00:00, 0.0
11.0, 21.5, 320.0, 8.0, 1986-08-20 00:00:00, 0.0
12.0, 23.5, 0.0, 12.0, 1986-08-21 00:00:00, 0.0
13.0, 25.3, 180.0, 19.0, 1986-08-22 00:00:00, 0.0
10.0, 19.1, 180.0, 30.0, 1986-08-23 00:00:00, 0.0
8.0, 16.6, 180.0, 42.0, 1986-08-24 00:00:00, 0.0
13.0, 20.6, 320.0, 35.0, 1986-08-25 00:00:00, 0.0
10.0, 24.3, 0.0, 28.0, 1986-08-26 00:00:00, 0.0
7.0, 28.2, 140.0, 21.0, 1986-08-27 00:00:00, 0.0
13.0, 27.5, 320.0, 22.0, 1986-08-28 00:00:00, 0.0
10.0, 22.5, 320.0, 44.0, 1986-08-29 00:00:00, 0.0
2.0, 14.1, 180.0, 99.0, 1986-08-30 00:00:00, 14.5
11.0, 19.4, 320.0, 65.0, 1986-08-31 00:00:00, 0.0
5.0, 14.4, 320.0, 87.0, 1986-09-01 00:00:00, 3.8
1.0, 15.3, 0.0, 89.0, 1986-09-02 00:00:00, 1.0
14.0, 17.6, 270.0, 43.0, 1986-09-03 00:00:00, 0.0
7.0, 17.2, 320.0, 56.0, 1986-09-04 00:00:00, 0.0
18.0, 16.4, 320.0, 45.0, 1986-09-05 00:00:00, 0.0
10.0, 14.9, 90.0, 26.0, 1986-09-06 00:00:00, 0.0
7.0, 16.6, 320.0, 35.0, 1986-09-07 00:00:00, 0.0
11.0, 16.2, 320.0, 45.0, 1986-09-08 00:00:00, 0.0
9.0, 16.2, 270.0, 55.0, 1986-09-09 00:00:00, 0.0
17.0, 13.2, 140.0, 63.0, 1986-09-10 00:00:00, 0.5
10.0, 8.2, 320.0, 51.0, 1986-09-11 00:00:00, 0.0
8.0, 11.9, 90.0, 26.0, 1986-09-12 00:00:00, 0.0
14.0, 13.1, 320.0, 43.0, 1986-09-13 00:00:00, 0.0
13.0, 11.0, 180.0, 61.0, 1986-09-14 00:00:00, 1.0
7.0, 10.6, 180.0, 52.0, 1986-09-15 00:00:00, 0.3
8.0, 3.9, 180.0, 99.0, 1986-09-16 00:00:00, 3.3
11.0, 10.1, 90.0, 53.0, 1986-09-17 00:00:00, 1.5
5.0, 9.5, 140.0, 62.0, 1986-09-18 00:00:00, 0.0
9.0, 8.7, 320.0, 64.0, 1986-09-19 00:00:00, 1.5
5.0, 6.9, 0.0, 97.0, 1986-09-20 00:00:00, 1.0
11.0, 10.8, 180.0, 63.0, 1986-09-21 00:00:00, 0.5
16.0, 12.7, 180.0, 50.0, 1986-09-22 00:00:00, 0.0
9.0, 2.8, 0.0, 99.0, 1986-09-23 00:00:00, 22.6
19.0, 5.1, 180.0, 99.0, 1986-09-24 00:00:00, 14.5
4.0, 7.0, 320.0, 84.0, 1986-09-25 00:00:00, 0.8
11.0, 3.9, 180.0, 99.0, 1986-09-26 00:00:00, 0.0
8.0, 3.8, 180.0, 97.0, 1986-09-27 00:00:00, 2.5
9.0, 3.1, 180.0, 99.0, 1986-09-28 00:00:00, 2.3
11.0, 7.2, 180.0, 99.0, 1986-09-29 00:00:00, 5.1
13.0, 7.6, 270.0, 80.0, 1986-09-30 00:00:00, 3.3
13.0, 14.4, 0.0, 42.0, 1986-10-08 00:00:00, 0.0
15.0, 12.2, 90.0, 51.0, 1986-10-09 00:00:00, 0.0
11.0, 9.5, 180.0, 35.0, 1986-10-10 00:00:00, 0.0
10.0, 8.5, 0.0, 37.0, 1986-10-11 00:00:00, 0.0
8.0, 10.5, 270.0, 41.0, 1986-10-12 00:00:00, 0.0
7.0, 11.6, 270.0, 41.0, 1986-10-13 00:00:00, 0.0
6.0, 14.0, 320.0, 37.0, 1986-10-14 00:00:00, 0.0
5.0, 15.2, 270.0, 35.0, 1986-10-15 00:00:00, 0.0
4.0, 10.5, 0.0, 71.0, 1987-05-12 00:00:00, 7.6
7.0, 8.2, 40.0, 44.0, 1987-05-13 00:00:00, 0.0
6.0, 10.5, 0.0, 95.0, 1987-05-14 00:00:00, 5.0
19.0, 17.8, 40.0, 26.0, 1987-05-15 00:00:00, 0.0
12.0, 13.1, 180.0, 30.0, 1987-05-16 00:00:00, 0.0
15.0, 17.1, 40.0, 22.0, 1987-05-17 00:00:00, 0.0
15.0, 7.3, 0.0, 38.0, 1987-05-18 00:00:00, 0.0
12.0, 5.1, 140.0, 68.0, 1987-05-19 00:00:00, 0.2
7.0, 8.0, 230.0, 46.0, 1987-05-20 00:00:00, 1.5
1.0, 7.9, 0.0, 48.0, 1987-05-21 00:00:00, 0.0
18.0, 11.0, 40.0, 59.0, 1987-05-22 00:00:00, 0.5
15.0, 14.5, 40.0, 39.0, 1987-05-23 00:00:00, 2.5
12.0, 11.0, 180.0, 52.0, 1987-05-24 00:00:00, 1.0
14.0, 17.4, 140.0, 29.0, 1987-05-25 00:00:00, 0.0
19.0, 19.7, 180.0, 28.0, 1987-05-26 00:00:00, 0.0
10.0, 18.8, 40.0, 33.0, 1987-05-27 00:00:00, 0.0
6.0, 8.2, 40.0, 93.0, 1987-05-28 00:00:00, 15.7
16.0, 12.9, 40.0, 54.0, 1987-05-29 00:00:00, 7.3
24.0, 7.3, 40.0, 99.0, 1987-05-30 00:00:00, 8.6
10.0, 10.0, 90.0, 62.0, 1987-05-31 00:00:00, 5.8
13.0, 7.6, 40.0, 62.0, 1987-06-01 00:00:00, 0.0
12.0, 10.7, 180.0, 44.0, 1987-06-02 00:00:00, 0.0
15.0, 19.0, 40.0, 37.0, 1987-06-03 00:00:00, 0.0
16.0, 24.4, 40.0, 31.0, 1987-06-04 00:00:00, 0.0
15.0, 22.5, 40.0, 34.0, 1987-06-05 00:00:00, 0.0
11.0, 15.5, 180.0, 51.0, 1987-06-06 00:00:00, 4.8
11.0, 22.6, 180.0, 31.0, 1987-06-07 00:00:00, 0.0
4.0, 14.7, 0.0, 76.0, 1987-06-08 00:00:00, 0.0
6.0, 9.6, 40.0, 99.0, 1987-06-09 00:00:00, 6.6
45.0, 12.3, 40.0, 49.0, 1987-06-10 00:00:00, 0.0
19.0, 18.9, 40.0, 43.0, 1987-06-11 00:00:00, 0.0
20.0, 16.9, 0.0, 44.0, 1987-06-12 00:00:00, 0.0
11.0, 20.3, 0.0, 40.0, 1987-06-13 00:00:00, 0.0
26.0, 25.3, 40.0, 20.0, 1987-06-14 00:00:00, 0.0
3.0, 13.1, 230.0, 90.0, 1987-06-15 00:00:00, 5.8
7.0, 7.5, 140.0, 97.0, 1987-06-16 00:00:00, 3.0
8.0, 10.9, 180.0, 81.0, 1987-06-17 00:00:00, 0.5
4.0, 18.8, 0.0, 45.0, 1987-06-18 00:00:00, 0.0
2.0, 20.5, 0.0, 47.0, 1987-06-19 00:00:00, 0.0
22.0, 20.8, 0.0, 37.0, 1987-06-20 00:00:00, 0.0
16.0, 7.3, 0.0, 93.0, 1987-06-21 00:00:00, 9.1
16.0, 11.3, 0.0, 50.0, 1987-06-22 00:00:00, 6.0
12.0, 12.3, 0.0, 45.0, 1987-06-23 00:00:00, 0.0
11.0, 17.7, 0.0, 34.0, 1987-06-24 00:00:00, 0.0
16.0, 24.0, 0.0, 29.0, 1987-06-25 00:00:00, 0.0
12.0, 26.8, 40.0, 24.0, 1987-06-26 00:00:00, 0.0
13.0, 25.2, 180.0, 26.0, 1987-06-27 00:00:00, 0.0
14.0, 25.1, 180.0, 23.0, 1987-06-28 00:00:00, 0.0
7.0, 25.9, 230.0, 22.0, 1987-06-29 00:00:00, 0.0
8.0, 27.6, 140.0, 23.0, 1987-06-30 00:00:00, 0.0
7.0, 27.8, 320.0, 21.0, 1987-07-01 00:00:00, 0.0
16.0, 27.8, 0.0, 19.0, 1987-07-02 00:00:00, 0.0
12.0, 13.6, 40.0, 99.0, 1987-07-03 00:00:00, 8.9
9.0, 19.5, 0.0, 39.0, 1987-07-04 00:00:00, 4.3
11.0, 10.2, 0.0, 87.0, 1987-07-05 00:00:00, 9.4
9.0, 11.0, 40.0, 90.0, 1987-07-06 00:00:00, 1.3
11.0, 15.5, 40.0, 72.0, 1987-07-07 00:00:00, 9.3
2.0, 12.1, 0.0, 72.0, 1987-07-08 00:00:00, 7.1
9.0, 13.7, 230.0, 57.0, 1987-07-09 00:00:00, 0.0
10.0, 14.8, 180.0, 52.0, 1987-07-10 00:00:00, 0.0
11.0, 19.7, 0.0, 43.0, 1987-07-11 00:00:00, 1.2
15.0, 22.2, 40.0, 38.0, 1987-07-12 00:00:00, 0.0
10.0, 25.3, 180.0, 31.0, 1987-07-13 00:00:00, 0.0
14.0, 25.5, 40.0, 21.0, 1987-07-14 00:00:00, 0.0
14.0, 18.8, 40.0, 24.0, 1987-07-15 00:00:00, 0.0
12.0, 14.0, 180.0, 35.0, 1987-07-16 00:00:00, 0.0
9.0, 17.5, 230.0, 30.0, 1987-07-17 00:00:00, 0.0
4.0, 15.4, 230.0, 43.0, 1987-07-18 00:00:00, 0.0
2.0, 11.6, 140.0, 90.0, 1987-07-19 00:00:00, 2.7
9.0, 14.0, 230.0, 90.0, 1987-07-20 00:00:00, 6.6
10.0, 20.6, 180.0, 44.0, 1987-07-21 00:00:00, 4.3
13.0, 20.5, 140.0, 40.0, 1987-07-22 00:00:00, 0.0
9.0, 22.5, 140.0, 44.0, 1987-07-23 00:00:00, 0.0
4.0, 24.4, 40.0, 37.0, 1987-07-24 00:00:00, 2.8
11.0, 12.1, 180.0, 10.0, 1987-07-25 00:00:00, 8.1
9.0, 20.8, 180.0, 58.0, 1987-07-26 00:00:00, 0.0
24.0, 25.9, 0.0, 31.0, 1987-07-27 00:00:00, 0.0
16.0, 27.4, 40.0, 23.0, 1987-07-28 00:00:00, 0.0
16.0, 26.5, 40.0, 31.0, 1987-07-29 00:00:00, 1.5
14.0, 23.1, 0.0, 38.0, 1987-07-30 00:00:00, 0.0
4.0, 5.7, 0.0, 99.0, 1987-07-31 00:00:00, 0.0
17.0, 14.6, 40.0, 56.0, 1987-08-01 00:00:00, 0.3
13.0, 12.4, 140.0, 69.0, 1987-08-02 00:00:00, 0.0
8.0, 21.1, 0.0, 40.0, 1987-08-03 00:00:00, 0.0
14.0, 23.0, 40.0, 36.0, 1987-08-04 00:00:00, 0.0
10.0, 16.3, 230.0, 51.0, 1987-08-05 00:00:00, 0.0
17.0, 20.3, 180.0, 39.0, 1987-08-06 00:00:00, 0.0
14.0, 24.0, 180.0, 36.0, 1987-08-07 00:00:00, 0.0
5.0, 26.9, 90.0, 23.0, 1987-08-08 00:00:00, 0.0
12.0, 27.3, 40.0, 25.0, 1987-08-09 00:00:00, 0.0
0.0, 15.5, 0.0, 51.0, 1987-08-10 00:00:00, 0.0
14.0, 16.7, 180.0, 34.0, 1987-08-11 00:00:00, 0.0
9.0, 16.7, 40.0, 41.0, 1987-08-12 00:00:00, 0.0
11.0, 13.7, 180.0, 80.0, 1987-08-13 00:00:00, 2.5
1.0, 11.9, 270.0, 96.0, 1987-08-14 00:00:00, 14.7
12.0, 14.5, 40.0, 65.0, 1987-08-15 00:00:00, 0.0
16.0, 10.4, 140.0, 74.0, 1987-08-16 00:00:00, 5.3
11.0, 12.3, 180.0, 50.0, 1987-08-17 00:00:00, 0.3
13.0, 18.3, 40.0, 40.0, 1987-08-18 00:00:00, 0.0
14.0, 19.4, 0.0, 39.0, 1987-08-19 00:00:00, 0.0
12.0, 10.7, 230.0, 54.0, 1987-08-20 00:00:00, 0.3
4.0, 18.0, 40.0, 25.0, 1987-08-21 00:00:00, 0.0
14.0, 21.5, 180.0, 22.0, 1987-08-22 00:00:00, 0.0
15.0, 21.8, 180.0, 31.0, 1987-08-23 00:00:00, 0.0
7.0, 20.0, 0.0, 37.0, 1987-08-24 00:00:00, 0.0
2.0, 17.2, 0.0, 43.0, 1987-08-25 00:00:00, 0.0
14.0, 21.1, 0.0, 34.0, 1987-08-26 00:00:00, 0.0
13.0, 22.3, 0.0, 29.0, 1987-08-27 00:00:00, 0.0
14.0, 17.0, 90.0, 28.0, 1987-08-28 00:00:00, 0.0
6.0, 17.5, 180.0, 37.0, 1987-08-29 00:00:00, 0.0
13.0, 23.5, 40.0, 28.0, 1987-08-30 00:00:00, 0.0
13.0, 27.5, 0.0, 11.0, 1987-08-31 00:00:00, 0.0
19.0, 28.4, 0.0, 19.0, 1987-09-01 00:00:00, 0.0
20.0, 11.2, 40.0, 66.0, 1987-09-02 00:00:00, 1.3
12.0, 13.1, 140.0, 62.0, 1987-09-03 00:00:00, 1.8
13.0, 16.3, 140.0, 48.0, 1987-09-04 00:00:00, 0.0
21.0, 19.1, 180.0, 41.0, 1987-09-05 00:00:00, 0.0
13.0, 20.2, 180.0, 25.0, 1987-09-06 00:00:00, 0.0
13.0, 21.4, 180.0, 28.0, 1987-09-07 00:00:00, 0.0
15.0, 21.4, 140.0, 21.0, 1987-09-08 00:00:00, 0.0
17.0, 22.7, 140.0, 25.0, 1987-09-09 00:00:00, 0.0
11.0, 24.4, 230.0, 22.0, 1987-09-10 00:00:00, 0.0
3.0, 26.8, 40.0, 3.0, 1987-09-11 00:00:00, 0.0
15.0, 26.1, 0.0, 14.0, 1987-09-12 00:00:00, 0.0
11.0, 18.4, 180.0, 38.0, 1987-09-13 00:00:00, 0.0
16.0, 19.0, 40.0, 33.0, 1987-09-14 00:00:00, 0.0
8.0, 8.5, 0.0, 59.0, 1987-09-15 00:00:00, 10.4
10.0, 9.2, 180.0, 51.0, 1987-09-16 00:00:00, 0.8
15.0, 14.5, 40.0, 32.0, 1987-09-17 00:00:00, 0.0
10.0, 16.9, 0.0, 26.0, 1987-09-18 00:00:00, 0.0
11.0, 18.7, 40.0, 25.0, 1987-09-19 00:00:00, 0.0
10.0, 22.7, 0.0, 25.0, 1987-09-20 00:00:00, 0.0
12.0, 25.7, 40.0, 15.0, 1987-09-21 00:00:00, 0.0
12.0, 28.0, 40.0, 1.0, 1987-09-22 00:00:00, 0.0
10.0, 28.4, 40.0, 1.0, 1987-09-23 00:00:00, 0.0
7.0, 27.6, 40.0, 2.0, 1987-09-24 00:00:00, 0.0
14.0, 20.6, 0.0, 19.0, 1987-09-25 00:00:00, 0.0
15.0, 9.3, 140.0, 63.0, 1987-09-26 00:00:00, 3.8
4.0, 14.2, 40.0, 30.0, 1987-09-27 00:00:00, 0.0
8.0, 17.9, 0.0, 28.0, 1987-09-28 00:00:00, 0.0
14.0, 20.9, 40.0, 21.0, 1987-09-29 00:00:00, 0.0
9.0, 23.0, 40.0, 13.0, 1987-09-30 00:00:00, 0.0
12.0, 24.4, 40.0, 6.0, 1987-10-01 00:00:00, 0.0
5.0, 18.8, 90.0, 24.0, 1987-10-02 00:00:00, 0.0
17.0, 16.5, 40.0, 39.0, 1987-10-03 00:00:00, 0.0
6.0, 11.6, 180.0, 33.0, 1987-10-04 00:00:00, 0.0
11.0, 17.5, 40.0, 33.0, 1987-10-05 00:00:00, 0.0
14.0, 19.2, 40.0, 32.0, 1987-10-06 00:00:00, 0.0
13.0, 17.7, 140.0, 24.0, 1987-10-07 00:00:00, 0.0
17.0, 10.9, 180.0, 18.0, 1987-10-08 00:00:00, 0.0
5.0, 12.0, 180.0, 9.0, 1987-10-09 00:00:00, 0.0
8.0, 15.8, 0.0, 9.0, 1987-10-10 00:00:00, 0.0
16.0, 18.4, 40.0, 6.0, 1987-10-11 00:00:00, 0.0
14.0, 15.2, 180.0, 10.0, 1987-10-12 00:00:00, 0.0
8.0, 15.7, 40.0, 7.0, 1987-10-13 00:00:00, 0.0
9.0, 5.0, 0.0, 58.0, 1987-10-14 00:00:00, 0.0
6.0, 8.1, 140.0, 44.0, 1987-10-15 00:00:00, 1.0
13.0, 10.5, 40.0, 34.0, 1987-10-16 00:00:00, 0.0
15.0, 6.3, 180.0, 29.0, 1987-10-17 00:00:00, 0.0
13.0, 7.5, 180.0, 39.0, 1987-10-18 00:00:00, 0.0
12.0, 8.8, 230.0, 43.0, 1987-10-19 00:00:00, 0.0
19.0, 12.2, 40.0, 35.0, 1987-10-20 00:00:00, 0.0
10.0, 13.2, 180.0, 29.0, 1987-10-21 00:00:00, 0.0
5.0, 15.7, 40.0, 22.0, 1987-10-22 00:00:00, 0.0
11.0, 12.4, 40.0, 21.0, 1987-10-23 00:00:00, 0.0
13.0, 11.7, 40.0, 42.0, 1987-10-24 00:00:00, 0.0
16.0, 9.0, 40.0, 63.0, 1987-10-25 00:00:00, 1.5
4.0, 8.1, 180.0, 50.0, 1987-10-26 00:00:00, 3.6
3.0, 7.7, 0.0, 55.0, 1987-10-27 00:00:00, 0.0
2.0, 7.1, 0.0, 65.0, 1987-10-28 00:00:00, 0.3
7.0, 11.5, 180.0, 61.0, 1987-10-29 00:00:00, 0.0
1.0, 8.9, 0.0, 69.0, 1987-10-30 00:00:00, 0.0
5.0, 4.2, 320.0, 86.0, 1988-05-17 00:00:00, 5.0
11.0, 7.1, 0.0, 67.0, 1988-05-18 00:00:00, 5.1
14.0, 12.1, 50.0, 47.0, 1988-05-19 00:00:00, 0.3
15.0, 14.4, 180.0, 42.0, 1988-05-20 00:00:00, 0.0
12.0, 20.2, 0.0, 26.0, 1988-05-21 00:00:00, 0.0
8.0, 22.1, 320.0, 28.0, 1988-05-22 00:00:00, 0.0
2.0, 13.1, 0.0, 21.0, 1988-05-23 00:00:00, 1.3
1.0, 14.9, 50.0, 36.0, 1988-05-24 00:00:00, 0.0
5.0, 16.9, 320.0, 39.0, 1988-05-25 00:00:00, 0.0
14.0, 18.3, 0.0, 33.0, 1988-05-26 00:00:00, 0.0
11.0, 11.4, 0.0, 63.0, 1988-05-27 00:00:00, 0.0
4.0, 5.3, 0.0, 94.0, 1988-05-28 00:00:00, 7.1
12.0, 6.6, 180.0, 75.0, 1988-05-29 00:00:00, 4.1
8.0, 13.3, 180.0, 47.0, 1988-05-30 00:00:00, 0.0
20.0, 12.3, 0.0, 47.0, 1988-05-31 00:00:00, 0.0
15.0, 5.6, 50.0, 94.0, 1988-06-01 00:00:00, 8.6
23.0, 9.1, 320.0, 64.0, 1988-06-02 00:00:00, 5.3
12.0, 13.2, 0.0, 69.0, 1988-06-03 00:00:00, 14.2
0.0, 9.5, 0.0, 83.0, 1988-06-04 00:00:00, 1.3
4.0, 6.7, 230.0, 93.0, 1988-06-05 00:00:00, 2.8
3.0, 11.6, 0.0, 83.0, 1988-06-06 00:00:00, 6.3
7.0, 14.4, 50.0, 68.0, 1988-06-07 00:00:00, 5.6
5.0, 13.0, 50.0, 54.0, 1988-06-08 00:00:00, 0.5
5.0, 14.1, 0.0, 50.0, 1988-06-09 00:00:00, 6.9
11.0, 14.1, 0.0, 50.0, 1988-06-10 00:00:00, 0.0
11.0, 10.3, 140.0, 65.0, 1988-06-11 00:00:00, 4.8
8.0, 13.8, 90.0, 59.0, 1988-06-12 00:00:00, 0.3
11.0, 18.2, 180.0, 38.0, 1988-06-13 00:00:00, 0.0
9.0, 22.0, 50.0, 23.0, 1988-06-14 00:00:00, 0.0
13.0, 24.6, 0.0, 32.0, 1988-06-15 00:00:00, 0.0
18.0, 26.1, 0.0, 34.0, 1988-06-16 00:00:00, 1.8
9.0, 18.8, 0.0, 46.0, 1988-06-17 00:00:00, 0.0
11.0, 19.8, 50.0, 41.0, 1988-06-18 00:00:00, 0.0
19.0, 22.0, 50.0, 23.0, 1988-06-19 00:00:00, 0.0
8.0, 22.1, 0.0, 22.0, 1988-06-20 00:00:00, 0.0
9.0, 16.0, 180.0, 77.0, 1988-06-21 00:00:00, 0.8
10.0, 16.9, 50.0, 80.0, 1988-06-22 00:00:00, 1.0
12.0, 21.4, 0.0, 27.0, 1988-06-23 00:00:00, 0.0
4.0, 19.4, 0.0, 35.0, 1988-06-24 00:00:00, 0.0
10.0, 27.3, 0.0, 15.0, 1988-06-25 00:00:00, 0.0
12.0, 18.4, 0.0, 56.0, 1988-06-26 00:00:00, 0.0
10.0, 21.4, 50.0, 44.0, 1988-06-27 00:00:00, 0.0
11.0, 11.6, 50.0, 77.0, 1988-06-28 00:00:00, 5.1
10.0, 4.8, 50.0, 96.0, 1988-06-29 00:00:00, 5.3
13.0, 11.3, 50.0, 76.0, 1988-06-30 00:00:00, 5.0
17.0, 17.7, 50.0, 45.0, 1988-07-01 00:00:00, 0.0
6.0, 11.7, 0.0, 94.0, 1988-07-02 00:00:00, 5.8
7.0, 15.6, 0.0, 50.0, 1988-07-03 00:00:00, 3.3
5.0, 14.5, 230.0, 69.0, 1988-07-04 00:00:00, 7.8
20.0, 10.9, 0.0, 72.0, 1988-07-05 00:00:00, 1.5
8.0, 6.9, 50.0, 96.0, 1988-07-06 00:00:00, 7.8
8.0, 16.8, 90.0, 60.0, 1988-07-07 00:00:00, 1.0
12.0, 22.9, 0.0, 33.0, 1988-07-08 00:00:00, 0.0
11.0, 22.4, 50.0, 36.0, 1988-07-09 00:00:00, 0.0
17.0, 24.8, 50.0, 34.0, 1988-07-10 00:00:00, 0.0
9.0, 14.8, 180.0, 87.0, 1988-07-11 00:00:00, 4.5
17.0, 11.7, 50.0, 68.0, 1988-07-12 00:00:00, 25.1
11.0, 15.8, 0.0, 61.0, 1988-07-13 00:00:00, 0.7
8.0, 14.1, 0.0, 54.0, 1988-07-14 00:00:00, 9.6
12.0, 15.8, 0.0, 52.0, 1988-07-15 00:00:00, 0.0
2.0, 18.0, 230.0, 41.0, 1988-07-16 00:00:00, 0.0
14.0, 18.5, 140.0, 39.0, 1988-07-17 00:00:00, 0.0
12.0, 20.3, 230.0, 39.0, 1988-07-18 00:00:00, 0.0
7.0, 24.8, 0.0, 31.0, 1988-07-19 00:00:00, 0.0
11.0, 27.0, 50.0, 31.0, 1988-07-20 00:00:00, 0.0
10.0, 26.6, 50.0, 22.0, 1988-07-21 00:00:00, 0.0
19.0, 18.0, 140.0, 38.0, 1988-07-22 00:00:00, 0.0
1.0, 20.8, 0.0, 24.0, 1988-07-23 00:00:00, 0.0
9.0, 25.3, 0.0, 32.0, 1988-07-24 00:00:00, 0.0
3.0, 24.7, 320.0, 33.0, 1988-07-25 00:00:00, 0.0
13.0, 28.4, 0.0, 19.0, 1988-07-26 00:00:00, 0.0
11.0, 23.7, 50.0, 34.0, 1988-07-27 00:00:00, 0.0
12.0, 19.3, 0.0, 36.0, 1988-07-28 00:00:00, 0.0
15.0, 24.2, 0.0, 34.0, 1988-07-29 00:00:00, 0.0
12.0, 21.8, 180.0, 40.0, 1988-07-30 00:00:00, 0.0
9.0, 20.3, 140.0, 38.0, 1988-07-31 00:00:00, 0.0
0.0, 10.0, 0.0, 84.0, 1988-08-01 00:00:00, 1.3
10.0, 19.6, 180.0, 40.0, 1988-08-02 00:00:00, 0.8
4.0, 22.1, 230.0, 39.0, 1988-08-03 00:00:00, 0.0
13.0, 25.3, 0.0, 31.0, 1988-08-04 00:00:00, 0.0
19.0, 24.6, 0.0, 20.0, 1988-08-05 00:00:00, 0.0
11.0, 13.5, 50.0, 75.0, 1988-08-06 00:00:00, 5.3
6.0, 15.9, 230.0, 53.0, 1988-08-07 00:00:00, 0.0
9.0, 15.5, 50.0, 61.0, 1988-08-08 00:00:00, 0.0
12.0, 20.2, 0.0, 54.0, 1988-08-09 00:00:00, 0.0
8.0, 17.1, 230.0, 43.0, 1988-08-10 00:00:00, 0.0
9.0, 21.2, 180.0, 32.0, 1988-08-11 00:00:00, 0.0
7.0, 25.6, 320.0, 23.0, 1988-08-12 00:00:00, 0.0
13.0, 26.1, 0.0, 29.0, 1988-08-13 00:00:00, 0.0
16.0, 22.5, 0.0, 38.0, 1988-08-14 00:00:00, 0.0
14.0, 21.3, 50.0, 38.0, 1988-08-15 00:00:00, 0.0
3.0, 12.2, 320.0, 91.0, 1988-08-16 00:00:00, 2.0
12.0, 14.6, 180.0, 81.0, 1988-08-17 00:00:00, 10.4
2.0, 11.6, 0.0, 74.0, 1988-08-18 00:00:00, 1.3
10.0, 15.8, 50.0, 56.0, 1988-08-19 00:00:00, 0.0
