station_observations
wind_speed, temperature, wind_direction, relative_humidity, time, precipitation
0.0, 0.0, 0.0, 0.0, 1986-04-14 00:00:00, 0.0
5.0, 12.5, 90.0, 31.0, 1986-04-15 00:00:00, 0.0
0.0, 4.5, 0.0, 86.0, 1986-04-16 00:00:00, 0.0
0.0, 3.0, 0.0, 99.0, 1986-04-17 00:00:00, 7.5
25.0, 5.0, 270.0, 61.0, 1986-04-18 00:00:00, 3.0
18.0, 10.0, 270.0, 63.0, 1986-04-19 00:00:00, 0.0
30.0, 15.5, 230.0, 32.0, 1986-04-20 00:00:00, 3.0
20.0, 14.0, 230.0, 30.0, 1986-04-21 00:00:00, 0.0
0.0, 4.0, 0.0, 60.0, 1986-04-22 00:00:00, 0.0
20.0, 8.5, 270.0, 35.0, 1986-04-23 00:00:00, 0.0
8.0, 11.5, 270.0, 28.0, 1986-04-24 00:00:00, 0.0
3.0, 12.0, 90.0, 42.0, 1986-04-25 00:00:00, 0.0
0.0, 11.0, 0.0, 40.0, 1986-04-26 00:00:00, 0.0
0.0, 8.0, 0.0, 54.0, 1986-04-27 00:00:00, 0.0
0.0, 3.0, 0.0, 99.0, 1986-04-28 00:00:00, 6.0
0.0, 3.0, 0.0, 86.0, 1986-04-29 00:00:00, 16.0
0.0, 8.5, 0.0, 67.0, 1986-04-30 00:00:00, 0.0
15.0, 2.0, 90.0, 85.0, 1986-05-01 00:00:00, 1.1
7.0, 5.0, 320.0, 67.0, 1986-05-02 00:00:00, 0.0
7.0, 6.0, 90.0, 75.0, 1986-05-03 00:00:00, 4.4
2.0, 15.0, 40.0, 55.0, 1986-05-04 00:00:00, 0.0
10.0, 8.5, 320.0, 71.0, 1986-05-05 00:00:00, 0.0
5.0, 16.5, 90.0, 35.0, 1986-05-06 00:00:00, 0.0
20.0, 15.0, 230.0, 43.0, 1986-05-07 00:00:00, 0.0
15.0, 12.5, 270.0, 47.0, 1986-05-08 00:00:00, 0.0
10.0, 8.0, 320.0, 44.0, 1986-05-09 00:00:00, 0.0
0.0, 14.0, 0.0, 42.0, 1986-05-10 00:00:00, 0.0
5.0, 8.5, 90.0, 52.0, 1986-05-11 00:00:00, 0.0
5.0, 9.5, 90.0, 52.0, 1986-05-12 00:00:00, 0.0
15.0, 3.5, 0.0, 79.0, 1986-05-13 00:00:00, 4.5
5.0, 3.5, 0.0, 79.0, 1986-05-14 00:00:00, 9.2
0.0, 10.5, 0.0, 53.0, 1986-05-15 00:00:00, 0.2
0.0, 13.0, 0.0, 36.0, 1986-05-16 00:00:00, 0.0
0.0, 15.0, 0.0, 47.0, 1986-05-17 00:00:00, 0.0
0.0, 16.0, 0.0, 49.0, 1986-05-18 00:00:00, 0.0
5.0, 20.0, 230.0, 40.0, 1986-05-19 00:00:00, 0.0
25.0, 15.5, 270.0, 37.0, 1986-05-20 00:00:00, 0.0
10.0, 12.0, 0.0, 47.0, 1986-05-21 00:00:00, 0.0
0.0, 12.0, 0.0, 42.0, 1986-05-22 00:00:00, 0.0
0.0, 15.5, 0.0, 33.0, 1986-05-23 00:00:00, 0.0
5.0, 16.0, 270.0, 41.0, 1986-05-24 00:00:00, 0.0
10.0, 22.0, 270.0, 43.0, 1986-05-25 00:00:00, 0.0
5.0, 24.0, 270.0, 37.0, 1986-05-26 00:00:00, 0.0
2.0, 24.0, 270.0, 40.0, 1986-05-27 00:00:00, 0.0
20.0, 29.0, 270.0, 23.0, 1986-05-28 00:00:00, 0.0
10.0, 26.0, 270.0, 32.0, 1986-05-29 00:00:00, 0.0
20.0, 26.0, 270.0, 25.0, 1986-05-30 00:00:00, 0.0
15.0, 27.0, 270.0, 24.0, 1986-05-31 00:00:00, 0.0
20.0, 28.0, 270.0, 25.0, 1986-06-01 00:00:00, 0.0
25.0, 24.0, 40.0, 34.0, 1986-06-02 00:00:00, 0.0
2.0, 20.5, 40.0, 44.0, 1986-06-03 00:00:00, 0.0
5.0, 24.5, 90.0, 35.0, 1986-06-04 00:00:00, 0.0
5.0, 23.5, 90.0, 42.0, 1986-06-05 00:00:00, 0.0
3.0, 25.0, 270.0, 36.0, 1986-06-06 00:00:00, 0.0
0.0, 21.0, 0.0, 45.0, 1986-06-07 00:00:00, 0.0
20.0, 21.0, 270.0, 39.0, 1986-06-08 00:00:00, 3.0
20.0, 18.5, 270.0, 41.0, 1986-06-09 00:00:00, 0.0
10.0, 15.0, 270.0, 47.0, 1986-06-10 00:00:00, 0.0
10.0, 9.5, 270.0, 78.0, 1986-06-11 00:00:00, 2.4
0.0, 15.0, 0.0, 55.0, 1986-06-12 00:00:00, 1.0
10.0, 18.0, 90.0, 51.0, 1986-06-13 00:00:00, 0.0
10.0, 21.0, 90.0, 42.0, 1986-06-14 00:00:00, 0.0
10.0, 12.0, 90.0, 90.0, 1986-06-15 00:00:00, 14.0
0.0, 18.0, 0.0, 56.0, 1986-06-16 00:00:00, 8.0
0.0, 15.0, 0.0, 72.0, 1986-06-17 00:00:00, 6.0
0.0, 20.0, 0.0, 57.0, 1986-06-18 00:00:00, 0.0
20.0, 13.0, 270.0, 53.0, 1986-06-19 00:00:00, 0.0
10.0, 19.0, 270.0, 39.0, 1986-06-20 00:00:00, 0.0
20.0, 21.5, 270.0, 33.0, 1986-06-21 00:00:00, 0.0
10.0, 17.5, 270.0, 58.0, 1986-06-22 00:00:00, 0.0
15.0, 20.5, 270.0, 35.0, 1986-06-23 00:00:00, 8.0
15.0, 19.0, 270.0, 36.0, 1986-06-24 00:00:00, 0.0
20.0, 19.0, 270.0, 36.0, 1986-06-25 00:00:00, 0.0
3.0, 17.5, 90.0, 62.0, 1986-06-26 00:00:00, 0.4
0.0, 21.0, 0.0, 42.0, 1986-06-27 00:00:00, 0.0
0.0, 24.0, 0.0, 40.0, 1986-06-28 00:00:00, 0.0
0.0, 27.0, 0.0, 38.0, 1986-06-29 00:00:00, 0.0
5.0, 23.0, 270.0, 50.0, 1986-06-30 00:00:00, 0.0
0.0, 24.0, 0.0, 40.0, 1986-07-01 00:00:00, 0.0
20.0, 16.0, 270.0, 49.0, 1986-07-02 00:00:00, 2.0
15.0, 21.0, 270.0, 42.0, 1986-07-03 00:00:00, 0.0
5.0, 12.0, 320.0, 79.0, 1986-07-04 00:00:00, 0.0
10.0, 20.0, 40.0, 68.0, 1986-07-05 00:00:00, 10.0
0.0, 15.0, 0.0, 91.0, 1986-07-06 00:00:00, 2.0
0.0, 21.0, 0.0, 55.0, 1986-07-07 00:00:00, 0.0
0.0, 25.5, 0.0, 36.0, 1986-07-08 00:00:00, 1.0
0.0, 23.5, 0.0, 45.0, 1986-07-09 00:00:00, 0.0
0.0, 26.0, 0.0, 34.0, 1986-07-10 00:00:00, 0.0
20.0, 23.0, 270.0, 44.0, 1986-07-11 00:00:00, 1.0
10.0, 20.5, 270.0, 48.0, 1986-07-12 00:00:00, 0.0
0.0, 16.0, 0.0, 95.0, 1986-07-13 00:00:00, 0.0
10.0, 20.0, 270.0, 61.0, 1986-07-14 00:00:00, 4.0
5.0, 15.0, 270.0, 90.0, 1986-07-15 00:00:00, 7.1
5.0, 14.0, 90.0, 81.0, 1986-07-16 00:00:00, 9.0
5.0, 13.0, 0.0, 99.0, 1986-07-17 00:00:00, 4.0
10.0, 20.0, 270.0, 68.0, 1986-07-18 00:00:00, 6.0
0.0, 27.0, 0.0, 49.0, 1986-07-19 00:00:00, 0.0
10.0, 30.5, 270.0, 40.0, 1986-07-20 00:00:00, 1.0
5.0, 30.0, 320.0, 28.0, 1986-07-21 00:00:00, 0.0
0.0, 16.0, 0.0, 91.0, 1986-07-22 00:00:00, 0.0
5.0, 20.0, 40.0, 72.0, 1986-07-23 00:00:00, 8.0
10.0, 19.0, 230.0, 53.0, 1986-07-24 00:00:00, 3.0
0.0, 17.0, 0.0, 65.0, 1986-07-25 00:00:00, 0.0
0.0, 24.0, 0.0, 40.0, 1986-07-26 00:00:00, 0.0
0.0, 20.0, 0.0, 47.0, 1986-07-27 00:00:00, 0.0
10.0, 17.0, 270.0, 46.0, 1986-07-28 00:00:00, 1.0
0.0, 15.0, 0.0, 68.0, 1986-07-29 00:00:00, 0.0
10.0, 25.0, 270.0, 41.0, 1986-07-30 00:00:00, 1.0
10.0, 27.0, 270.0, 33.0, 1986-07-31 00:00:00, 0.0
0.0, 29.0, 0.0, 36.0, 1986-08-01 00:00:00, 0.0
0.0, 30.0, 0.0, 37.0, 1986-08-02 00:00:00, 0.0
0.0, 25.0, 0.0, 41.0, 1986-08-03 00:00:00, 0.0
20.0, 25.0, 270.0, 34.0, 1986-08-04 00:00:00, 0.0
10.0, 25.0, 270.0, 36.0, 1986-08-05 00:00:00, 0.0
20.0, 27.0, 270.0, 33.0, 1986-08-06 00:00:00, 0.0
20.0, 29.0, 270.0, 41.0, 1986-08-07 00:00:00, 0.0
0.0, 21.0, 0.0, 48.0, 1986-08-08 00:00:00, 0.0
10.0, 24.0, 270.0, 29.0, 1986-08-09 00:00:00, 0.0
0.0, 29.5, 0.0, 34.0, 1986-08-10 00:00:00, 0.0
10.0, 32.5, 270.0, 23.0, 1986-08-11 00:00:00, 0.0
5.0, 24.0, 320.0, 49.0, 1986-08-12 00:00:00, 0.0
22.0, 25.0, 270.0, 36.0, 1986-08-13 00:00:00, 0.0
30.0, 27.0, 270.0, 33.0, 1986-08-14 00:00:00, 0.0
5.0, 15.0, 270.0, 55.0, 1986-08-15 00:00:00, 0.0
5.0, 25.0, 270.0, 34.0, 1986-08-16 00:00:00, 0.0
10.0, 24.5, 270.0, 32.0, 1986-08-17 00:00:00, 0.0
10.0, 13.5, 320.0, 85.0, 1986-08-18 00:00:00, 0.0
10.0, 19.0, 270.0, 46.0, 1986-08-19 00:00:00, 0.0
0.0, 19.0, 0.0, 39.0, 1986-08-20 00:00:00, 0.0
5.0, 19.0, 270.0, 32.0, 1986-08-21 00:00:00, 0.0
10.0, 26.0, 270.0, 22.0, 1986-08-22 00:00:00, 0.0
20.0, 20.0, 270.0, 47.0, 1986-08-23 00:00:00, 0.0
0.0, 7.0, 0.0, 88.0, 1986-08-24 00:00:00, 11.1
5.0, 22.0, 270.0, 43.0, 1986-08-25 00:00:00, 0.0
0.0, 23.0, 0.0, 43.0, 1986-08-26 00:00:00, 0.0
0.0, 28.0, 0.0, 30.0, 1986-08-27 00:00:00, 0.0
10.0, 30.0, 270.0, 24.0, 1986-08-28 00:00:00, 0.0
20.0, 24.0, 270.0, 34.0, 1986-08-29 00:00:00, 0.3
5.0, 23.0, 270.0, 39.0, 1986-08-30 00:00:00, 0.0
5.0, 18.0, 90.0, 59.0, 1986-08-31 00:00:00, 0.0
20.0, 23.0, 270.0, 41.0, 1986-09-01 00:00:00, 3.0
10.0, 20.0, 270.0, 47.0, 1986-09-02 00:00:00, 0.0
0.0, 17.0, 0.0, 70.0, 1986-09-03 00:00:00, 0.0
0.0, 11.5, 0.0, 84.0, 1986-09-04 00:00:00, 0.0
0.0, 15.0, 0.0, 55.0, 1986-09-05 00:00:00, 3.2
5.0, 18.5, 90.0, 41.0, 1986-09-06 00:00:00, 0.0
10.0, 20.0, 90.0, 47.0, 1986-09-07 00:00:00, 0.0
10.0, 18.0, 270.0, 51.0, 1986-09-08 00:00:00, 0.0
5.0, 24.0, 270.0, 29.0, 1986-09-09 00:00:00, 0.0
20.0, 18.0, 270.0, 51.0, 1986-09-10 00:00:00, 2.0
10.0, 7.0, 270.0, 80.0, 1986-09-11 00:00:00, 11.0
10.0, 9.0, 40.0, 56.0, 1986-09-12 00:00:00, 0.0
10.0, 8.0, 90.0, 65.0, 1986-09-13 00:00:00, 0.0
0.0, 5.0, 0.0, 87.0, 1986-09-14 00:00:00, 0.0
0.0, 5.0, 0.0, 93.0, 1986-09-15 00:00:00, 4.0
0.0, 6.0, 0.0, 87.0, 1986-09-16 00:00:00, 1.3
3.0, 6.5, 140.0, 87.0, 1986-09-17 00:00:00, 3.2
0.0, 15.0, 0.0, 55.0, 1986-09-18 00:00:00, 0.0
0.0, 17.0, 0.0, 50.0, 1986-09-19 00:00:00, 0.0
0.0, 18.0, 0.0, 37.0, 1986-09-20 00:00:00, 0.0
10.0, 22.0, 320.0, 31.0, 1986-09-21 00:00:00, 0.0
0.0, 15.0, 0.0, 55.0, 1986-09-22 00:00:00, 0.0
5.0, 13.0, 90.0, 80.0, 1986-09-23 00:00:00, 1.3
0.0, 9.0, 0.0, 88.0, 1986-09-24 00:00:00, 2.0
0.0, 8.0, 0.0, 99.0, 1986-09-25 00:00:00, 5.0
0.0, 1.5, 0.0, 92.0, 1986-09-26 00:00:00, 16.4
15.0, 18.0, 270.0, 86.0, 1986-09-27 00:00:00, 6.4
10.0, 18.0, 270.0, 43.0, 1986-09-28 00:00:00, 0.0
0.0, 11.0, 0.0, 84.0, 1986-09-29 00:00:00, 4.1
0.0, 2.5, 0.0, 93.0, 1986-09-30 00:00:00, 13.2
0.0, 5.0, 0.0, 87.0, 1986-10-01 00:00:00, 0.0
0.0, 0.0, 0.0, 99.0, 1986-10-02 00:00:00, 0.0
7.0, 10.0, 270.0, 89.0, 1986-10-03 00:00:00, 1.0
5.0, 15.0, 270.0, 15.0, 1986-10-04 00:00:00, 1.3
20.0, 16.0, 270.0, 65.0, 1986-10-05 00:00:00, 0.0
30.0, 17.0, 270.0, 46.0, 1986-10-06 00:00:00, 0.0
0.0, 4.0, 0.0, 79.0, 1986-10-07 00:00:00, 1.2
15.0, 12.5, 270.0, 56.0, 1986-10-08 00:00:00, 0.0
20.0, 15.5, 270.0, 52.0, 1986-10-09 00:00:00, 0.0
0.0, 0.0, 0.0, 0.0, 1987-04-21 00:00:00, 0.0
10.0, 11.0, 270.0, 40.0, 1987-04-22 00:00:00, 0.0
10.0, 13.0, 90.0, 20.0, 1987-04-23 00:00:00, 0.0
5.0, 17.0, 0.0, 29.0, 1987-04-24 00:00:00, 0.0
30.0, 12.0, 270.0, 34.0, 1987-04-25 00:00:00, 0.0
10.0, 13.5, 270.0, 25.0, 1987-04-26 00:00:00, 0.0
20.0, 19.5, 270.0, 21.0, 1987-04-27 00:00:00, 0.0
20.0, 22.0, 40.0, 26.0, 1987-04-28 00:00:00, 0.0
10.0, 22.0, 270.0, 26.0, 1987-04-29 00:00:00, 0.0
5.0, 24.0, 90.0, 29.0, 1987-04-30 00:00:00, 0.0
20.0, 18.3, 270.0, 31.0, 1987-05-01 00:00:00, 2.3
10.0, 18.0, 270.0, 24.0, 1987-05-02 00:00:00, 0.0
30.0, 12.0, 270.0, 51.0, 1987-05-03 00:00:00, 0.0
10.0, 16.0, 270.0, 23.0, 1987-05-04 00:00:00, 0.0
10.0, 17.0, 270.0, 29.0, 1987-05-05 00:00:00, 0.0
5.0, 22.5, 270.0, 24.0, 1987-05-06 00:00:00, 0.0
10.0, 26.5, 270.0, 23.0, 1987-05-07 00:00:00, 0.0
5.0, 20.0, 90.0, 28.0, 1987-05-08 00:00:00, 0.0
20.0, 18.0, 270.0, 21.0, 1987-05-09 00:00:00, 0.0
10.0, 11.0, 270.0, 40.0, 1987-05-10 00:00:00, 0.0
5.0, 13.0, 270.0, 61.0, 1987-05-11 00:00:00, 2.2
25.0, 9.0, 270.0, 36.0, 1987-05-12 00:00:00, 3.2
20.0, 12.0, 270.0, 34.0, 1987-05-13 00:00:00, 0.0
10.0, 9.5, 270.0, 33.0, 1987-05-14 00:00:00, 1.2
10.0, 12.5, 270.0, 35.0, 1987-05-15 00:00:00, 0.0
10.0, 14.0, 270.0, 38.0, 1987-05-16 00:00:00, 0.0
20.0, 14.0, 270.0, 38.0, 1987-05-17 00:00:00, 1.0
5.0, 5.0, 0.0, 87.0, 1987-05-18 00:00:00, 0.0
5.0, 10.0, 270.0, 43.0, 1987-05-19 00:00:00, 4.1
0.0, 17.0, 0.0, 43.0, 1987-05-20 00:00:00, 0.0
5.0, 14.0, 90.0, 26.0, 1987-05-21 00:00:00, 0.0
0.0, 19.0, 0.0, 36.0, 1987-05-22 00:00:00, 0.0
5.0, 20.0, 90.0, 19.0, 1987-05-23 00:00:00, 0.0
15.0, 19.0, 270.0, 25.0, 1987-05-24 00:00:00, 0.0
3.0, 21.0, 90.0, 33.0, 1987-05-25 00:00:00, 0.0
10.0, 24.0, 270.0, 24.0, 1987-05-26 00:00:00, 0.0
5.0, 26.0, 270.0, 20.0, 1987-05-27 00:00:00, 0.0
0.0, 27.0, 0.0, 29.0, 1987-05-28 00:00:00, 0.0
40.0, 9.5, 270.0, 52.0, 1987-05-29 00:00:00, 10.0
5.0, 17.0, 90.0, 50.0, 1987-05-30 00:00:00, 0.0
10.0, 18.0, 270.0, 31.0, 1987-05-31 00:00:00, 2.0
30.0, 16.0, 180.0, 34.0, 1987-06-01 00:00:00, 0.0
20.0, 20.0, 270.0, 40.0, 1987-06-02 00:00:00, 0.0
20.0, 22.0, 270.0, 31.0, 1987-06-03 00:00:00, 0.0
5.0, 23.0, 90.0, 27.0, 1987-06-04 00:00:00, 0.0
0.0, 22.0, 0.0, 56.0, 1987-06-05 00:00:00, 1.0
20.0, 18.0, 270.0, 37.0, 1987-06-06 00:00:00, 31.3
5.0, 20.0, 270.0, 34.0, 1987-06-07 00:00:00, 0.0
5.0, 24.0, 90.0, 46.0, 1987-06-08 00:00:00, 0.0
0.0, 15.0, 0.0, 90.0, 1987-06-09 00:00:00, 5.3
15.0, 21.0, 270.0, 36.0, 1987-06-10 00:00:00, 0.0
10.0, 19.0, 270.0, 39.0, 1987-06-11 00:00:00, 0.0
20.0, 19.0, 270.0, 46.0, 1987-06-12 00:00:00, 0.0
25.0, 19.0, 270.0, 39.0, 1987-06-13 00:00:00, 0.0
0.0, 20.0, 0.0, 34.0, 1987-06-14 00:00:00, 0.0
10.0, 21.0, 270.0, 42.0, 1987-06-15 00:00:00, 0.0
10.0, 20.0, 270.0, 28.0, 1987-06-16 00:00:00, 0.0
20.0, 20.0, 270.0, 22.0, 1987-06-17 00:00:00, 0.0
10.0, 23.0, 270.0, 39.0, 1987-06-18 00:00:00, 0.0
10.0, 26.0, 270.0, 27.0, 1987-06-19 00:00:00, 0.0
3.0, 25.0, 90.0, 47.0, 1987-06-20 00:00:00, 0.0
5.0, 15.0, 270.0, 64.0, 1987-06-21 00:00:00, 23.2
20.0, 17.0, 270.0, 43.0, 1987-06-22 00:00:00, 0.0
10.0, 11.0, 230.0, 59.0, 1987-06-23 00:00:00, 0.0
0.0, 17.0, 0.0, 50.0, 1987-06-24 00:00:00, 0.0
5.0, 26.0, 270.0, 37.0, 1987-06-25 00:00:00, 0.0
5.0, 25.0, 270.0, 41.0, 1987-06-26 00:00:00, 0.0
8.0, 23.0, 270.0, 39.0, 1987-06-27 00:00:00, 0.0
5.0, 25.5, 90.0, 34.0, 1987-06-28 00:00:00, 0.0
5.0, 23.0, 0.0, 63.0, 1987-06-29 00:00:00, 0.0
5.0, 21.0, 140.0, 55.0, 1987-06-30 00:00:00, 0.0
0.0, 28.0, 0.0, 39.0, 1987-07-01 00:00:00, 0.0
10.0, 28.0, 270.0, 25.0, 1987-07-02 00:00:00, 1.3
0.0, 16.0, 0.0, 73.0, 1987-07-03 00:00:00, 0.0
5.0, 17.0, 270.0, 58.0, 1987-07-04 00:00:00, 0.0
5.0, 18.0, 90.0, 37.0, 1987-07-05 00:00:00, 0.0
10.0, 25.0, 270.0, 41.0, 1987-07-06 00:00:00, 0.0
0.0, 15.0, 0.0, 90.0, 1987-07-07 00:00:00, 0.0
0.0, 14.5, 0.0, 81.0, 1987-07-08 00:00:00, 37.2
0.0, 16.0, 0.0, 73.0, 1987-07-09 00:00:00, 3.2
0.0, 21.0, 0.0, 42.0, 1987-07-10 00:00:00, 0.0
0.0, 21.0, 0.0, 48.0, 1987-07-11 00:00:00, 0.0
0.0, 21.0, 0.0, 48.0, 1987-07-12 00:00:00, 4.2
10.0, 25.0, 270.0, 31.0, 1987-07-13 00:00:00, 0.0
20.0, 20.0, 270.0, 22.0, 1987-07-14 00:00:00, 0.0
10.0, 20.0, 270.0, 28.0, 1987-07-15 00:00:00, 0.0
10.0, 17.0, 0.0, 36.0, 1987-07-16 00:00:00, 8.3
0.0, 16.0, 0.0, 56.0, 1987-07-17 00:00:00, 0.0
5.0, 20.0, 270.0, 40.0, 1987-07-18 00:00:00, 0.0
0.0, 23.0, 0.0, 39.0, 1987-07-19 00:00:00, 0.0
10.0, 13.0, 0.0, 80.0, 1987-07-20 00:00:00, 0.0
5.0, 12.0, 90.0, 90.0, 1987-07-21 00:00:00, 3.2
5.0, 20.0, 270.0, 28.0, 1987-07-22 00:00:00, 0.0
0.0, 29.0, 0.0, 28.0, 1987-07-23 00:00:00, 0.0
0.0, 27.0, 0.0, 29.0, 1987-07-24 00:00:00, 0.0
0.0, 29.0, 0.0, 36.0, 1987-07-25 00:00:00, 0.0
10.0, 25.0, 270.0, 36.0, 1987-07-26 00:00:00, 25.0
0.0, 23.0, 0.0, 44.0, 1987-07-27 00:00:00, 0.0
0.0, 16.0, 0.0, 91.0, 1987-07-28 00:00:00, 3.4
0.0, 25.0, 0.0, 52.0, 1987-07-29 00:00:00, 0.3
0.0, 20.0, 0.0, 76.0, 1987-07-30 00:00:00, 3.2
0.0, 17.0, 0.0, 82.0, 1987-07-31 00:00:00, 5.0
10.0, 13.0, 320.0, 99.0, 1987-08-01 00:00:00, 60.0
0.0, 10.0, 0.0, 94.0, 1987-08-02 00:00:00, 16.0
0.0, 20.0, 0.0, 47.0, 1987-08-03 00:00:00, 0.0
0.0, 16.0, 0.0, 73.0, 1987-08-04 00:00:00, 0.0
5.0, 24.0, 270.0, 46.0, 1987-08-05 00:00:00, 0.0
23.0, 24.0, 270.0, 34.0, 1987-08-06 00:00:00, 0.0
0.0, 21.0, 0.0, 62.0, 1987-08-07 00:00:00, 0.0
0.0, 23.0, 0.0, 50.0, 1987-08-08 00:00:00, 0.0
0.0, 12.5, 0.0, 95.0, 1987-08-09 00:00:00, 24.0
0.0, 13.5, 0.0, 85.0, 1987-08-10 00:00:00, 3.3
0.0, 12.0, 0.0, 79.0, 1987-08-11 00:00:00, 0.0
5.0, 13.0, 40.0, 71.0, 1987-08-12 00:00:00, 9.0
0.0, 13.0, 0.0, 61.0, 1987-08-13 00:00:00, 0.0
0.0, 19.0, 0.0, 36.0, 1987-08-14 00:00:00, 0.0
10.0, 22.0, 270.0, 43.0, 1987-08-15 00:00:00, 0.0
5.0, 14.0, 270.0, 71.0, 1987-08-16 00:00:00, 0.0
0.0, 18.0, 0.0, 66.0, 1987-08-17 00:00:00, 1.0
5.0, 16.0, 270.0, 65.0, 1987-08-18 00:00:00, 7.3
0.0, 17.0, 0.0, 58.0, 1987-08-19 00:00:00, 1.2
0.0, 14.0, 0.0, 71.0, 1987-08-20 00:00:00, 2.4
0.0, 19.0, 0.0, 60.0, 1987-08-21 00:00:00, 2.2
0.0, 20.0, 0.0, 47.0, 1987-08-22 00:00:00, 0.0
0.0, 22.5, 0.0, 47.0, 1987-08-23 00:00:00, 0.0
0.0, 22.0, 0.0, 43.0, 1987-08-24 00:00:00, 0.0
5.0, 20.0, 90.0, 47.0, 1987-08-25 00:00:00, 0.0
0.0, 24.0, 0.0, 40.0, 1987-08-26 00:00:00, 0.0
20.0, 18.0, 270.0, 44.0, 1987-08-27 00:00:00, 0.0
10.0, 20.0, 270.0, 40.0, 1987-08-28 00:00:00, 0.0
0.0, 22.0, 0.0, 43.0, 1987-08-29 00:00:00, 0.0
10.0, 15.5, 320.0, 73.0, 1987-08-30 00:00:00, 4.0
0.0, 8.0, 0.0, 88.0, 1987-08-31 00:00:00, 13.4
0.0, 23.0, 0.0, 44.0, 1987-09-01 00:00:00, 0.0
5.0, 10.0, 0.0, 78.0, 1987-09-02 00:00:00, 4.4
10.0, 19.0, 270.0, 46.0, 1987-09-03 00:00:00, 0.0
0.0, 22.0, 0.0, 43.0, 1987-09-04 00:00:00, 0.0
5.0, 21.0, 270.0, 42.0, 1987-09-05 00:00:00, 0.0
0.0, 19.0, 0.0, 39.0, 1987-09-06 00:00:00, 0.0
5.0, 24.0, 270.0, 29.0, 1987-09-07 00:00:00, 0.0
10.0, 22.0, 270.0, 49.0, 1987-09-08 00:00:00, 0.0
0.0, 22.0, 0.0, 37.0, 1987-09-09 00:00:00, 0.0
10.0, 27.0, 270.0, 29.0, 1987-09-10 00:00:00, 0.0
10.0, 29.0, 270.0, 31.0, 1987-09-11 00:00:00, 0.0
20.0, 21.0, 270.0, 36.0, 1987-09-12 00:00:00, 0.0
10.0, 18.5, 270.0, 28.0, 1987-09-13 00:00:00, 0.0
10.0, 11.0, 270.0, 64.0, 1987-09-14 00:00:00, 0.0
20.0, 15.5, 270.0, 40.0, 1987-09-15 00:00:00, 0.0
10.0, 16.0, 270.0, 34.0, 1987-09-16 00:00:00, 0.0
10.0, 17.0, 270.0, 29.0, 1987-09-17 00:00:00, 0.0
20.0, 18.0, 270.0, 31.0, 1987-09-18 00:00:00, 0.0
5.0, 18.0, 270.0, 37.0, 1987-09-19 00:00:00, 0.0
20.0, 25.0, 270.0, 31.0, 1987-09-20 00:00:00, 0.0
30.0, 25.0, 270.0, 26.0, 1987-09-21 00:00:00, 0.0
0.0, 27.0, 0.0, 24.0, 1987-09-22 00:00:00, 0.0
0.0, 14.0, 0.0, 62.0, 1987-09-23 00:00:00, 0.0
0.0, 25.0, 0.0, 36.0, 1987-09-24 00:00:00, 0.0
5.0, 20.0, 270.0, 40.0, 1987-09-25 00:00:00, 0.0
5.0, 17.0, 270.0, 36.0, 1987-09-26 00:00:00, 0.0
30.0, 15.5, 230.0, 49.0, 1987-09-27 00:00:00, 0.0
22.0, 14.0, 230.0, 54.0, 1987-09-28 00:00:00, 0.0
17.0, 17.0, 230.0, 50.0, 1987-09-29 00:00:00, 0.0
20.0, 20.0, 230.0, 47.0, 1987-09-30 00:00:00, 0.0
0.0, 21.0, 0.0, 42.0, 1987-10-01 00:00:00, 0.0
25.0, 25.0, 270.0, 31.0, 1987-10-02 00:00:00, 0.0
30.0, 19.0, 230.0, 32.0, 1987-10-03 00:00:00, 0.0
20.0, 12.5, 270.0, 39.0, 1987-10-04 00:00:00, 0.0
12.0, 16.0, 230.0, 34.0, 1987-10-05 00:00:00, 0.4
0.0, 12.0, 0.0, 42.0, 1987-10-06 00:00:00, 0.0
10.0, 9.0, 0.0, 66.0, 1987-10-07 00:00:00, 1.0
0.0, 5.0, 0.0, 20.0, 1987-10-08 00:00:00, 0.0
0.0, 12.0, 0.0, 42.0, 1987-10-09 00:00:00, 0.0
5.0, 19.0, 230.0, 32.0, 1987-10-10 00:00:00, 0.0
22.0, 22.0, 230.0, 29.0, 1987-10-11 00:00:00, 0.0
40.0, 14.0, 230.0, 36.0, 1987-10-12 00:00:00, 0.0
0.0, 12.0, 0.0, 42.0, 1987-10-13 00:00:00, 0.0
0.0, 10.0, 0.0, 48.0, 1987-10-14 00:00:00, 0.0
12.0, 11.0, 230.0, 40.0, 1987-10-15 00:00:00, 0.0
15.0, 11.0, 230.0, 40.0, 1987-10-16 00:00:00, 0.0
5.0, 16.0, 230.0, 45.0, 1987-10-17 00:00:00, 0.0
10.0, 22.0, 230.0, 37.0, 1987-10-18 00:00:00, 0.0
0.0, 18.0, 0.0, 44.0, 1987-10-19 00:00:00, 0.0
20.0, 13.0, 270.0, 44.0, 1987-10-20 00:00:00, 0.0
0.0, 8.0, 0.0, 34.0, 1987-10-21 00:00:00, 0.0
0.0, 10.0, 0.0, 38.0, 1987-10-22 00:00:00, 0.0
0.0, 11.0, 0.0, 40.0, 1987-10-23 00:00:00, 0.0
20.0, 14.0, 230.0, 46.0, 1987-10-24 00:00:00, 0.0
30.0, 10.5, 230.0, 35.0, 1987-10-25 00:00:00, 0.0
10.0, 8.5, 230.0, 40.0, 1987-10-26 00:00:00, 0.0
0.0, 10.0, 0.0, 58.0, 1987-10-27 00:00:00, 0.0
0.0, 0.0, 0.0, 0.0, 1988-04-14 00:00:00, 0.0
2.0, 18.0, 230.0, 24.0, 1988-04-15 00:00:00, 0.0
6.0, 14.0, 90.0, 46.0, 1988-04-16 00:00:00, 0.0
5.0, 15.5, 90.0, 37.0, 1988-04-17 00:00:00, 0.0
0.0, 4.5, 0.0, 93.0, 1988-04-18 00:00:00, 1.0
5.0, 11.0, 0.0, 54.0, 1988-04-19 00:00:00, 2.0
10.0, 4.0, 0.0, 73.0, 1988-04-20 00:00:00, 0.0
0.0, 1.5, 0.0, 77.0, 1988-04-21 00:00:00, 3.3
0.0, 3.5, 0.0, 86.0, 1988-04-22 00:00:00, 0.0
3.0, 8.5, 0.0, 55.0, 1988-04-23 00:00:00, 0.0
3.0, 11.0, 90.0, 31.0, 1988-04-24 00:00:00, 0.0
3.0, 15.0, 90.0, 21.0, 1988-04-25 00:00:00, 0.0
10.0, 18.0, 270.0, 31.0, 1988-04-26 00:00:00, 0.0
3.0, 20.0, 230.0, 22.0, 1988-04-27 00:00:00, 0.0
3.0, 18.0, 270.0, 28.0, 1988-04-28 00:00:00, 0.0
5.0, 18.0, 230.0, 35.0, 1988-04-29 00:00:00, 0.0
30.0, 13.0, 230.0, 20.0, 1988-04-30 00:00:00, 0.0
5.0, 4.0, 320.0, 86.0, 1988-05-01 00:00:00, 0.0
0.0, 10.0, 0.0, 48.0, 1988-05-02 00:00:00, 0.0
5.0, 12.5, 90.0, 35.0, 1988-05-03 00:00:00, 0.0
5.0, 11.0, 90.0, 40.0, 1988-05-04 00:00:00, 0.0
0.0, 6.0, 0.0, 81.0, 1988-05-05 00:00:00, 2.0
5.0, 11.0, 270.0, 49.0, 1988-05-06 00:00:00, 0.0
0.0, 21.0, 0.0, 24.0, 1988-05-07 00:00:00, 0.0
10.0, 24.0, 270.0, 14.0, 1988-05-08 00:00:00, 0.0
0.0, 20.0, 0.0, 40.0, 1988-05-09 00:00:00, 0.0
20.0, 23.0, 270.0, 27.0, 1988-05-10 00:00:00, 0.0
10.0, 26.0, 230.0, 32.0, 1988-05-11 00:00:00, 0.0
10.0, 26.0, 50.0, 32.0, 1988-05-12 00:00:00, 0.0
0.0, 16.5, 0.0, 69.0, 1988-05-13 00:00:00, 0.0
20.0, 12.0, 270.0, 51.0, 1988-05-14 00:00:00, 0.0
5.0, 14.0, 270.0, 38.0, 1988-05-15 00:00:00, 0.0
10.0, 16.0, 270.0, 49.0, 1988-05-16 00:00:00, 0.0
20.0, 14.5, 270.0, 35.0, 1988-05-17 00:00:00, 3.2
5.0, 12.0, 270.0, 34.0, 1988-05-18 00:00:00, 0.0
15.0, 14.0, 230.0, 38.0, 1988-05-19 00:00:00, 0.0
10.0, 13.5, 270.0, 45.0, 1988-05-20 00:00:00, 0.0
5.0, 15.5, 270.0, 42.0, 1988-05-21 00:00:00, 0.0
5.0, 23.0, 270.0, 27.0, 1988-05-22 00:00:00, 0.0
20.0, 10.5, 270.0, 58.0, 1988-05-23 00:00:00, 3.2
10.0, 17.0, 270.0, 29.0, 1988-05-24 00:00:00, 0.0
5.0, 17.0, 270.0, 43.0, 1988-05-25 00:00:00, 0.0
10.0, 14.0, 50.0, 46.0, 1988-05-26 00:00:00, 0.0
5.0, 17.0, 270.0, 43.0, 1988-05-27 00:00:00, 0.0
0.0, 17.0, 0.0, 58.0, 1988-05-28 00:00:00, 0.0
20.0, 17.0, 230.0, 36.0, 1988-05-29 00:00:00, 0.0
20.0, 18.0, 230.0, 31.0, 1988-05-30 00:00:00, 0.0
10.0, 18.0, 50.0, 31.0, 1988-05-31 00:00:00, 0.0
0.0, 16.0, 0.0, 49.0, 1988-06-01 00:00:00, 2.2
0.0, 17.0, 0.0, 36.0, 1988-06-02 00:00:00, 0.0
10.0, 19.0, 230.0, 39.0, 1988-06-03 00:00:00, 0.0
10.0, 13.0, 270.0, 58.0, 1988-06-04 00:00:00, 0.0
0.0, 12.0, 0.0, 79.0, 1988-06-05 00:00:00, 5.2
5.0, 10.0, 270.0, 99.0, 1988-06-06 00:00:00, 50.0
0.0, 12.5, 0.0, 79.0, 1988-06-07 00:00:00, 3.0
8.0, 20.0, 0.0, 40.0, 1988-06-08 00:00:00, 14.0
5.0, 12.0, 270.0, 60.0, 1988-06-09 00:00:00, 0.0
0.0, 20.0, 0.0, 40.0, 1988-06-10 00:00:00, 0.0
0.0, 12.0, 0.0, 79.0, 1988-06-11 00:00:00, 17.0
5.0, 14.0, 90.0, 62.0, 1988-06-12 00:00:00, 1.2
5.0, 23.0, 270.0, 44.0, 1988-06-13 00:00:00, 2.3
0.0, 23.0, 0.0, 33.0, 1988-06-14 00:00:00, 0.0
0.0, 25.0, 0.0, 36.0, 1988-06-15 00:00:00, 0.0
5.0, 23.0, 230.0, 33.0, 1988-06-16 00:00:00, 0.0
10.0, 21.0, 230.0, 36.0, 1988-06-17 00:00:00, 0.0
10.0, 15.0, 230.0, 47.0, 1988-06-18 00:00:00, 0.0
20.0, 17.0, 230.0, 36.0, 1988-06-19 00:00:00, 0.0
0.0, 20.0, 0.0, 28.0, 1988-06-20 00:00:00, 0.0
5.0, 22.0, 90.0, 26.0, 1988-06-21 00:00:00, 0.0
5.0, 20.0, 230.0, 47.0, 1988-06-22 00:00:00, 0.0
10.0, 21.0, 230.0, 30.0, 1988-06-23 00:00:00, 1.3
35.0, 18.0, 230.0, 30.0, 1988-06-24 00:00:00, 0.0
5.0, 23.0, 90.0, 33.0, 1988-06-25 00:00:00, 0.0
5.0, 24.0, 320.0, 29.0, 1988-06-26 00:00:00, 0.3
5.0, 14.0, 270.0, 99.0, 1988-06-27 00:00:00, 13.3
5.0, 22.0, 270.0, 37.0, 1988-06-28 00:00:00, 3.1
0.0, 14.0, 0.0, 99.0, 1988-06-29 00:00:00, 10.2
20.0, 19.0, 230.0, 32.0, 1988-06-30 00:00:00, 1.3
20.0, 20.0, 230.0, 34.0, 1988-07-01 00:00:00, 0.0
0.0, 18.0, 0.0, 51.0, 1988-07-02 00:00:00, 0.0
10.0, 17.0, 230.0, 43.0, 1988-07-03 00:00:00, 18.0
0.0, 15.0, 0.0, 55.0, 1988-07-04 00:00:00, 0.0
0.0, 14.0, 0.0, 90.0, 1988-07-05 00:00:00, 10.3
10.0, 17.0, 270.0, 50.0, 1988-07-06 00:00:00, 0.0
5.0, 23.0, 320.0, 33.0, 1988-07-07 00:00:00, 0.0
0.0, 25.0, 0.0, 31.0, 1988-07-08 00:00:00, 0.0
0.0, 20.0, 0.0, 47.0, 1988-07-09 00:00:00, 0.0
5.0, 21.0, 230.0, 42.0, 1988-07-10 00:00:00, 0.0
5.0, 18.0, 270.0, 62.0, 1988-07-11 00:00:00, 10.3
20.0, 12.0, 270.0, 70.0, 1988-07-12 00:00:00, 30.0
5.0, 17.0, 270.0, 58.0, 1988-07-13 00:00:00, 0.0
10.0, 19.0, 230.0, 36.0, 1988-07-14 00:00:00, 0.0
20.0, 19.0, 230.0, 39.0, 1988-07-15 00:00:00, 0.0
20.0, 18.0, 230.0, 44.0, 1988-07-16 00:00:00, 0.0
0.0, 13.0, 0.0, 80.0, 1988-07-17 00:00:00, 0.0
5.0, 25.0, 270.0, 36.0, 1988-07-18 00:00:00, 3.3
5.0, 29.0, 230.0, 23.0, 1988-07-19 00:00:00, 0.0
5.0, 30.0, 230.0, 24.0, 1988-07-20 00:00:00, 0.0
15.0, 24.0, 230.0, 34.0, 1988-07-21 00:00:00, 0.0
30.0, 19.0, 230.0, 32.0, 1988-07-22 00:00:00, 0.0
28.0, 15.0, 230.0, 39.0, 1988-07-23 00:00:00, 0.0
10.0, 25.0, 270.0, 36.0, 1988-07-24 00:00:00, 0.0
30.0, 24.0, 230.0, 34.0, 1988-07-25 00:00:00, 0.0
30.0, 25.0, 230.0, 36.0, 1988-07-26 00:00:00, 0.0
5.0, 23.0, 230.0, 33.0, 1988-07-27 00:00:00, 0.0
5.0, 23.0, 230.0, 34.0, 1988-07-28 00:00:00, 4.3
10.0, 20.0, 230.0, 40.0, 1988-07-29 00:00:00, 0.0
20.0, 20.0, 320.0, 28.0, 1988-07-30 00:00:00, 0.0
5.0, 22.0, 230.0, 31.0, 1988-07-31 00:00:00, 0.0
0.0, 18.0, 0.0, 51.0, 1988-08-01 00:00:00, 0.0
10.0, 27.0, 230.0, 24.0, 1988-08-02 00:00:00, 0.0
10.0, 26.0, 230.0, 30.0, 1988-08-03 00:00:00, 0.0
10.0, 22.0, 230.0, 34.0, 1988-08-04 00:00:00, 0.0
0.0, 21.0, 0.0, 30.0, 1988-08-05 00:00:00, 0.0
5.0, 13.0, 140.0, 61.0, 1988-08-06 00:00:00, 9.2
0.0, 21.0, 0.0, 36.0, 1988-08-07 00:00:00, 0.0
20.0, 22.0, 230.0, 37.0, 1988-08-08 00:00:00, 0.0
10.0, 16.0, 230.0, 49.0, 1988-08-09 00:00:00, 0.0
5.0, 14.0, 230.0, 90.0, 1988-08-10 00:00:00, 0.4
0.0, 17.0, 0.0, 58.0, 1988-08-11 00:00:00, 0.0
10.0, 26.0, 230.0, 30.0, 1988-08-12 00:00:00, 0.0
5.0, 24.0, 0.0, 34.0, 1988-08-13 00:00:00, 0.0
5.0, 22.0, 230.0, 43.0, 1988-08-14 00:00:00, 0.0
0.0, 14.0, 0.0, 90.0, 1988-08-15 00:00:00, 4.0
0.0, 12.0, 0.0, 90.0, 1988-08-16 00:00:00, 26.0
0.0, 20.0, 0.0, 47.0, 1988-08-17 00:00:00, 30.0
10.0, 20.0, 230.0, 47.0, 1988-08-18 00:00:00, 4.0
20.0, 17.0, 230.0, 50.0, 1988-08-19 00:00:00, 0.0
5.0, 17.0, 230.0, 58.0, 1988-08-20 00:00:00, 5.0
0.0, 21.0, 0.0, 42.0, 1988-08-21 00:00:00, 0.0
15.0, 24.0, 230.0, 37.0, 1988-08-22 00:00:00, 0.0
10.0, 24.0, 230.0, 34.0, 1988-08-23 00:00:00, 0.0
5.0, 22.0, 0.0, 37.0, 1988-08-24 00:00:00, 0.0
0.0, 27.0, 0.0, 24.0, 1988-08-25 00:00:00, 0.0
10.0, 22.0, 50.0, 37.0, 1988-08-26 00:00:00, 0.0
0.0, 27.0, 0.0, 24.0, 1988-08-27 00:00:00, 0.0
0.0, 30.0, 0.0, 24.0, 1988-08-28 00:00:00, 0.0
10.0, 23.0, 270.0, 39.0, 1988-08-29 00:00:00, 0.0
10.0, 15.0, 270.0, 47.0, 1988-08-30 00:00:00, 0.0
10.0, 20.0, 270.0, 34.0, 1988-08-31 00:00:00, 0.0
10.0, 25.0, 230.0, 31.0, 1988-09-01 00:00:00, 0.0
0.0, 29.0, 0.0, 23.0, 1988-09-02 00:00:00, 0.0
0.0, 27.0, 0.0, 33.0, 1988-09-03 00:00:00, 0.0
0.0, 28.0, 0.0, 23.0, 1988-09-04 00:00:00, 0.0
20.0, 27.0, 230.0, 33.0, 1988-09-05 00:00:00, 0.0
0.0, 12.0, 0.0, 90.0, 1988-09-06 00:00:00, 3.2
20.0, 13.0, 230.0, 44.0, 1988-09-07 00:00:00, 0.0
0.0, 13.0, 0.0, 53.0, 1988-09-08 00:00:00, 0.0
0.0, 14.0, 0.0, 54.0, 1988-09-09 00:00:00, 2.2
5.0, 15.0, 50.0, 39.0, 1988-09-10 00:00:00, 0.0
30.0, 17.0, 230.0, 36.0, 1988-09-11 00:00:00, 0.0
20.0, 21.0, 230.0, 42.0, 1988-09-12 00:00:00, 0.0
25.0, 24.0, 230.0, 34.0, 1988-09-13 00:00:00, 0.0
5.0, 24.0, 230.0, 29.0, 1988-09-14 00:00:00, 0.0
0.0, 14.0, 0.0, 54.0, 1988-09-15 00:00:00, 4.2
0.0, 6.0, 0.0, 75.0, 1988-09-16 00:00:00, 0.0
0.0, 11.0, 0.0, 49.0, 1988-09-17 00:00:00, 0.0
0.0, 15.0, 0.0, 39.0, 1988-09-18 00:00:00, 0.0
0.0, 2.0, 0.0, 85.0, 1988-09-19 00:00:00, 1.3
10.0, 15.0, 270.0, 39.0, 1988-09-20 00:00:00, 0.0
10.0, 13.0, 270.0, 44.0, 1988-09-21 00:00:00, 0.0
10.0, 13.0, 230.0, 44.0, 1988-09-22 00:00:00, 0.0
10.0, 10.0, 270.0, 58.0, 1988-09-23 00:00:00, 1.1
0.0, 10.0, 0.0, 48.0, 1988-09-24 00:00:00, 5.0
0.0, 8.0, 0.0, 65.0, 1988-09-25 00:00:00, 0.0
0.0, 11.0, 0.0, 49.0, 1988-09-26 00:00:00, 0.0
10.0, 12.0, 320.0, 51.0, 1988-09-27 00:00:00, 2.0
22.0, 14.0, 230.0, 42.0, 1988-09-28 00:00:00, 0.0
30.0, 17.0, 230.0, 36.0, 1988-09-29 00:00:00, 1.0
28.0, 16.0, 0.0, 40.0, 1988-09-30 00:00:00, 0.0
0.0, 23.0, 0.0, 42.0, 1988-10-01 00:00:00, 0.0
0.0, 21.0, 0.0, 52.0, 1988-10-02 00:00:00, 0.0
0.0, 24.0, 0.0, 42.0, 1988-10-03 00:00:00, 0.0
0.0, 23.0, 0.0, 27.0, 1988-10-04 00:00:00, 0.0
0.0, 23.0, 0.0, 33.0, 1988-10-05 00:00:00, 0.0
0.0, 21.0, 0.0, 35.0, 1988-10-06 00:00:00, 0.0
0.0, 16.0, 0.0, 49.0, 1988-10-07 00:00:00, 0.0
5.0, 21.0, 230.0, 35.0, 1988-10-08 00:00:00, 0.0
0.0, 23.0, 0.0, 33.0, 1988-10-09 00:00:00, 0.0
0.0, 29.0, 0.0, 30.0, 1988-10-10 00:00:00, 0.0
10.0, 23.0, 230.0, 27.0, 1988-10-11 00:00:00, 0.0
5.0, 21.0, 230.0, 30.0, 1988-10-12 00:00:00, 0.0
0.0, 19.0, 0.0, 39.0, 1988-10-13 00:00:00, 0.0
37.0, 12.0, 270.0, 37.0, 1988-10-14 00:00:00, 0.0
10.0, 10.2, 270.0, 42.0, 1988-10-15 00:00:00, 0.0
10.0, 11.0, 230.0, 49.0, 1988-10-16 00:00:00, 0.0
30.0, 8.0, 230.0, 54.0, 1988-10-17 00:00:00, 0.0
0.0, 12.0, 0.0, 42.0, 1988-10-18 00:00:00, 0.0
20.0, 13.0, 230.0, 36.0, 1988-10-19 00:00:00, 0.0
0.0, 0.0, 0.0, 0.0, 1989-04-16 00:00:00, 0.0
0.0, 14.0, 0.0, 41.0, 1989-04-17 00:00:00, 0.0
5.0, 18.5, 270.0, 22.0, 1989-04-18 00:00:00, 0.0
0.0, 19.0, 0.0, 20.0, 1989-04-19 00:00:00, 0.0
0.0, 18.0, 0.0, 37.0, 1989-04-20 00:00:00, 0.0
3.0, 14.0, 270.0, 38.0, 1989-04-21 00:00:00, 3.0
0.0, 9.0, 0.0, 56.0, 1989-04-22 00:00:00, 0.0
0.0, 10.5, 0.0, 35.0, 1989-04-23 00:00:00, 0.0
5.0, 16.0, 90.0, 34.0, 1989-04-24 00:00:00, 0.0
10.0, 16.0, 90.0, 20.0, 1989-04-25 00:00:00, 0.0
15.0, 19.5, 90.0, 24.0, 1989-04-26 00:00:00, 0.0
10.0, 18.5, 90.0, 25.0, 1989-04-27 00:00:00, 0.0
5.0, 20.5, 0.0, 20.0, 1989-04-28 00:00:00, 0.0
0.0, 23.5, 0.0, 26.0, 1989-04-29 00:00:00, 0.0
5.0, 17.0, 50.0, 36.0, 1989-04-30 00:00:00, 0.0
5.0, 9.0, 270.0, 66.0, 1989-05-01 00:00:00, 3.4
0.0, 19.0, 0.0, 20.0, 1989-05-02 00:00:00, 0.0
10.0, 20.0, 320.0, 25.0, 1989-05-03 00:00:00, 0.0
0.0, 18.0, 0.0, 37.0, 1989-05-04 00:00:00, 0.0
30.0, 20.0, 230.0, 22.0, 1989-05-05 00:00:00, 0.0
20.0, 23.0, 230.0, 27.0, 1989-05-06 00:00:00, 0.0
5.0, 23.0, 230.0, 27.0, 1989-05-07 00:00:00, 0.0
10.0, 23.0, 230.0, 22.0, 1989-05-08 00:00:00, 0.0
10.0, 21.5, 270.0, 22.0, 1989-05-09 00:00:00, 0.0
5.0, 12.0, 270.0, 70.0, 1989-05-10 00:00:00, 0.0
22.0, 12.0, 230.0, 34.0, 1989-05-11 00:00:00, 1.0
25.0, 10.5, 230.0, 44.0, 1989-05-12 00:00:00, 0.0
10.0, 20.0, 230.0, 19.0, 1989-05-13 00:00:00, 0.0
8.0, 22.0, 230.0, 20.0, 1989-05-14 00:00:00, 0.0
15.0, 17.0, 230.0, 43.0, 1989-05-15 00:00:00, 0.0
22.0, 18.0, 230.0, 24.0, 1989-05-16 00:00:00, 0.0
5.0, 12.5, 50.0, 35.0, 1989-05-17 00:00:00, 0.0
0.0, 3.0, 0.0, 99.0, 1989-05-18 00:00:00, 4.0
5.0, 15.0, 320.0, 39.0, 1989-05-19 00:00:00, 1.4
5.0, 5.0, 320.0, 93.0, 1989-05-20 00:00:00, 4.1
5.0, 4.0, 50.0, 79.0, 1989-05-21 00:00:00, 10.0
5.0, 8.0, 320.0, 65.0, 1989-05-22 00:00:00, 7.4
0.0, 15.0, 0.0, 36.0, 1989-05-23 00:00:00, 0.0
5.0, 12.5, 320.0, 56.0, 1989-05-24 00:00:00, 2.0
0.0, 15.0, 0.0, 39.0, 1989-05-25 00:00:00, 0.0
5.0, 12.0, 320.0, 51.0, 1989-05-26 00:00:00, 1.3
0.0, 16.0, 0.0, 34.0, 1989-05-27 00:00:00, 7.0
0.0, 18.0, 0.0, 24.0, 1989-05-28 00:00:00, 0.0
10.0, 25.0, 230.0, 26.0, 1989-05-29 00:00:00, 0.0
5.0, 19.0, 50.0, 46.0, 1989-05-30 00:00:00, 1.3
10.0, 20.0, 270.0, 34.0, 1989-05-31 00:00:00, 0.0
22.0, 24.0, 230.0, 24.0, 1989-06-01 00:00:00, 0.0
10.0, 24.0, 230.0, 29.0, 1989-06-02 00:00:00, 0.0
0.0, 27.0, 0.0, 20.0, 1989-06-03 00:00:00, 0.0
5.0, 31.5, 140.0, 20.0, 1989-06-04 00:00:00, 0.0
20.0, 26.0, 230.0, 32.0, 1989-06-05 00:00:00, 0.0
5.0, 16.0, 270.0, 65.0, 1989-06-06 00:00:00, 3.4
5.0, 20.0, 270.0, 54.0, 1989-06-07 00:00:00, 4.3
0.0, 24.0, 0.0, 29.0, 1989-06-08 00:00:00, 0.0
0.0, 14.0, 0.0, 90.0, 1989-06-09 00:00:00, 28.0
0.0, 24.0, 0.0, 29.0, 1989-06-10 00:00:00, 1.3
0.0, 27.0, 0.0, 29.0, 1989-06-11 00:00:00, 0.0
5.0, 29.0, 230.0, 27.0, 1989-06-12 00:00:00, 0.0
5.0, 28.0, 90.0, 27.0, 1989-06-13 00:00:00, 0.0
10.0, 19.0, 230.0, 46.0, 1989-06-14 00:00:00, 2.0
20.0, 20.0, 230.0, 28.0, 1989-06-15 00:00:00, 0.0
10.0, 22.0, 230.0, 30.0, 1989-06-16 00:00:00, 0.0
10.0, 21.0, 90.0, 24.0, 1989-06-17 00:00:00, 0.0
15.0, 16.0, 230.0, 34.0, 1989-06-18 00:00:00, 5.0
10.0, 20.0, 230.0, 28.0, 1989-06-19 00:00:00, 0.0
10.0, 16.0, 230.0, 41.0, 1989-06-20 00:00:00, 0.0
15.0, 22.0, 230.0, 25.0, 1989-06-21 00:00:00, 0.0
10.0, 22.0, 230.0, 43.0, 1989-06-22 00:00:00, 0.0
10.0, 26.0, 230.0, 26.0, 1989-06-23 00:00:00, 4.0
0.0, 18.0, 0.0, 59.0, 1989-06-24 00:00:00, 9.0
0.0, 17.0, 0.0, 58.0, 1989-06-25 00:00:00, 0.0
5.0, 10.0, 320.0, 99.0, 1989-06-26 00:00:00, 1.3
0.0, 11.0, 0.0, 79.0, 1989-06-27 00:00:00, 26.0
0.0, 12.0, 0.0, 70.0, 1989-06-28 00:00:00, 9.0
0.0, 17.0, 0.0, 43.0, 1989-06-29 00:00:00, 0.0
10.0, 20.0, 270.0, 47.0, 1989-06-30 00:00:00, 1.0
5.0, 17.0, 50.0, 43.0, 1989-07-01 00:00:00, 18.0
5.0, 17.0, 270.0, 58.0, 1989-07-02 00:00:00, 5.2
10.0, 19.0, 270.0, 53.0, 1989-07-03 00:00:00, 0.0
5.0, 16.0, 320.0, 56.0, 1989-07-04 00:00:00, 0.3
10.0, 21.0, 270.0, 36.0, 1989-07-05 00:00:00, 0.0
10.0, 22.0, 230.0, 37.0, 1989-07-06 00:00:00, 0.0
0.0, 18.0, 0.0, 59.0, 1989-07-07 00:00:00, 9.3
10.0, 20.0, 230.0, 54.0, 1989-07-08 00:00:00, 15.0
0.0, 20.0, 0.0, 61.0, 1989-07-09 00:00:00, 8.0
10.0, 21.0, 50.0, 48.0, 1989-07-10 00:00:00, 1.3
10.0, 23.0, 50.0, 33.0, 1989-07-11 00:00:00, 0.0
0.0, 26.0, 0.0, 30.0, 1989-07-12 00:00:00, 0.0
5.0, 28.5, 320.0, 26.0, 1989-07-13 00:00:00, 0.0
0.0, 28.0, 0.0, 25.0, 1989-07-14 00:00:00, 7.0
0.0, 25.0, 0.0, 31.0, 1989-07-15 00:00:00, 8.0
0.0, 28.0, 0.0, 25.0, 1989-07-16 00:00:00, 0.0
0.0, 28.0, 0.0, 25.0, 1989-07-17 00:00:00, 3.0
0.0, 25.0, 0.0, 31.0, 1989-07-18 00:00:00, 0.0
5.0, 23.0, 90.0, 39.0, 1989-07-19 00:00:00, 0.0
0.0, 25.0, 0.0, 36.0, 1989-07-20 00:00:00, 15.0
25.0, 22.0, 230.0, 49.0, 1989-07-21 00:00:00, 16.0
30.0, 23.0, 230.0, 50.0, 1989-07-22 00:00:00, 0.0
0.0, 22.0, 0.0, 31.0, 1989-07-23 00:00:00, 0.0
5.0, 21.0, 270.0, 55.0, 1989-07-24 00:00:00, 6.0
0.0, 23.0, 0.0, 44.0, 1989-07-25 00:00:00, 0.0
0.0, 27.0, 0.0, 29.0, 1989-07-26 00:00:00, 0.0
0.0, 24.0, 0.0, 54.0, 1989-07-27 00:00:00, 13.0
20.0, 27.0, 230.0, 29.0, 1989-07-28 00:00:00, 0.0
5.0, 18.0, 50.0, 74.0, 1989-07-29 00:00:00, 0.0
5.0, 26.0, 230.0, 32.0, 1989-07-30 00:00:00, 0.0
15.0, 27.0, 230.0, 33.0, 1989-07-31 00:00:00, 3.2
0.0, 26.0, 0.0, 37.0, 1989-08-01 00:00:00, 0.0
0.0, 17.0, 0.0, 91.0, 1989-08-02 00:00:00, 13.3
10.0, 22.0, 230.0, 49.0, 1989-08-03 00:00:00, 1.0
0.0, 25.0, 0.0, 36.0, 1989-08-04 00:00:00, 2.2
0.0, 26.0, 0.0, 32.0, 1989-08-05 00:00:00, 2.3
0.0, 27.0, 0.0, 33.0, 1989-08-06 00:00:00, 0.0
0.0, 27.0, 0.0, 38.0, 1989-08-07 00:00:00, 0.0
0.0, 28.0, 0.0, 35.0, 1989-08-08 00:00:00, 1.0
0.0, 23.0, 0.0, 39.0, 1989-08-09 00:00:00, 1.0
0.0, 22.0, 0.0, 37.0, 1989-08-10 00:00:00, 8.2
0.0, 24.0, 0.0, 34.0, 1989-08-11 00:00:00, 3.0
0.0, 28.0, 0.0, 35.0, 1989-08-12 00:00:00, 0.0
10.0, 24.0, 0.0, 34.0, 1989-08-13 00:00:00, 0.0
0.0, 23.0, 0.0, 50.0, 1989-08-14 00:00:00, 0.0
0.0, 20.0, 0.0, 68.0, 1989-08-15 00:00:00, 15.3
0.0, 16.0, 0.0, 82.0, 1989-08-16 00:00:00, 1.0
0.0, 18.0, 0.0, 83.0, 1989-08-17 00:00:00, 4.0
0.0, 22.0, 0.0, 49.0, 1989-08-18 00:00:00, 9.3
0.0, 20.0, 0.0, 47.0, 1989-08-19 00:00:00, 2.3
0.0, 17.0, 0.0, 74.0, 1989-08-20 00:00:00, 0.0
0.0, 22.0, 0.0, 49.0, 1989-08-21 00:00:00, 0.0
0.0, 12.0, 0.0, 99.0, 1989-08-22 00:00:00, 4.0
0.0, 17.0, 0.0, 58.0, 1989-08-23 00:00:00, 20.4
7.0, 22.0, 230.0, 49.0, 1989-08-24 00:00:00, 13.0
7.0, 16.0, 270.0, 65.0, 1989-08-25 00:00:00, 0.0
0.0, 18.0, 0.0, 66.0, 1989-08-26 00:00:00, 0.0
5.0, 14.0, 0.0, 76.0, 1989-08-27 00:00:00, 0.0
0.0, 12.0, 0.0, 60.0, 1989-08-28 00:00:00, 7.3
0.0, 12.0, 0.0, 60.0, 1989-08-29 00:00:00, 0.3
0.0, 16.0, 0.0, 49.0, 1989-08-30 00:00:00, 0.0
0.0, 14.0, 0.0, 60.0, 1989-08-31 00:00:00, 0.0
0.0, 13.0, 0.0, 85.0, 1989-09-01 00:00:00, 1.1
10.0, 14.0, 270.0, 54.0, 1989-09-02 00:00:00, 4.0
10.0, 12.0, 270.0, 61.0, 1989-09-03 00:00:00, 0.0
5.0, 10.0, 270.0, 89.0, 1989-09-04 00:00:00, 0.0
0.0, 11.0, 0.0, 99.0, 1989-09-05 00:00:00, 7.0
0.0, 15.0, 0.0, 55.0, 1989-09-06 00:00:00, 1.0
5.0, 13.0, 0.0, 69.0, 1989-09-07 00:00:00, 4.0
0.0, 9.0, 0.0, 70.0, 1989-09-08 00:00:00, 1.0
0.0, 19.0, 0.0, 51.0, 1989-09-09 00:00:00, 0.0
5.0, 16.0, 50.0, 56.0, 1989-09-10 00:00:00, 0.0
0.0, 25.0, 0.0, 31.0, 1989-09-11 00:00:00, 0.0
10.0, 24.0, 270.0, 40.0, 1989-09-12 00:00:00, 0.0
20.0, 22.0, 270.0, 43.0, 1989-09-13 00:00:00, 0.0
20.0, 19.0, 270.0, 46.0, 1989-09-14 00:00:00, 0.0
0.0, 13.0, 0.0, 65.0, 1989-09-15 00:00:00, 1.0
0.0, 6.0, 0.0, 75.0, 1989-09-16 00:00:00, 0.0
0.0, 6.0, 0.0, 87.0, 1989-09-17 00:00:00, 3.3
20.0, 10.0, 270.0, 78.0, 1989-09-18 00:00:00, 0.0
10.0, 12.0, 270.0, 70.0, 1989-09-19 00:00:00, 0.0
20.0, 16.0, 270.0, 56.0, 1989-09-20 00:00:00, 2.2
0.0, 14.0, 0.0, 71.0, 1989-09-21 00:00:00, 0.0
0.0, 21.0, 0.0, 36.0, 1989-09-22 00:00:00, 0.0
20.0, 20.0, 270.0, 47.0, 1989-09-23 00:00:00, 0.0
0.0, 20.0, 0.0, 40.0, 1989-09-24 00:00:00, 0.0
0.0, 23.0, 0.0, 39.0, 1989-09-25 00:00:00, 0.0
5.0, 21.0, 270.0, 48.0, 1989-09-26 00:00:00, 0.0
0.0, 19.0, 0.0, 36.0, 1989-09-27 00:00:00, 0.0
22.0, 19.0, 270.0, 39.0, 1989-09-28 00:00:00, 0.0
0.0, 17.0, 0.0, 43.0, 1989-09-29 00:00:00, 0.0
5.0, 4.0, 270.0, 93.0, 1989-09-30 00:00:00, 17.0
0.0, 7.0, 0.0, 76.0, 1989-10-01 00:00:00, 4.4
7.0, 14.0, 230.0, 38.0, 1989-10-02 00:00:00, 0.0
5.0, 19.0, 230.0, 36.0, 1989-10-03 00:00:00, 0.0
5.0, 6.0, 320.0, 87.0, 1989-10-04 00:00:00, 0.2
0.0, 6.0, 0.0, 81.0, 1989-10-05 00:00:00, 0.2
0.0, 8.0, 0.0, 54.0, 1989-10-06 00:00:00, 0.0
0.0, 14.0, 0.0, 38.0, 1989-10-07 00:00:00, 0.0
22.0, 13.0, 270.0, 44.0, 1989-10-08 00:00:00, 0.0
37.0, 16.0, 230.0, 34.0, 1989-10-09 00:00:00, 2.2
20.0, 11.0, 270.0, 48.0, 1989-10-10 00:00:00, 0.0
10.0, 11.0, 320.0, 40.0, 1989-10-11 00:00:00, 0.0
0.0, 8.0, 0.0, 61.0, 1989-10-12 00:00:00, 0.0
0.0, 9.0, 0.0, 51.0, 1989-10-13 00:00:00, 0.0
0.0, 4.0, 0.0, 43.0, 1989-10-14 00:00:00, 0.0
0.0, 5.0, 0.0, 30.0, 1989-10-15 00:00:00, 2.0
0.0, 6.0, 0.0, 40.0, 1989-10-16 00:00:00, 0.0
0.0, 7.0, 0.0, 42.0, 1989-10-17 00:00:00, 0.0
10.0, 10.0, 270.0, 48.0, 1989-10-18 00:00:00, 0.0
10.0, 8.0, 320.0, 71.0, 1989-10-19 00:00:00, 7.0
0.0, 0.0, 0.0, 0.0, 1990-05-03 00:00:00, 0.0
5.0, 12.0, 270.0, 72.0, 1990-05-04 00:00:00, 0.0
0.0, 22.0, 0.0, 26.0, 1990-05-05 00:00:00, 0.0
20.0, 13.0, 270.0, 36.0, 1990-05-06 00:00:00, 0.0
5.0, 0.0, 0.0, 87.0, 1990-05-07 00:00:00, 2.3
0.0, 9.0, 0.0, 56.0, 1990-05-08 00:00:00, 0.0
0.0, 12.0, 0.0, 51.0, 1990-05-09 00:00:00, 0.0
5.0, 8.0, 0.0, 65.0, 1990-05-10 00:00:00, 0.3
0.0, 2.0, 0.0, 85.0, 1990-05-11 00:00:00, 3.0
0.0, 8.0, 0.0, 65.0, 1990-05-12 00:00:00, 8.0
0.0, 7.0, 0.0, 76.0, 1990-05-13 00:00:00, 0.0
0.0, 14.0, 0.0, 62.0, 1990-05-14 00:00:00, 0.0
0.0, 15.0, 0.0, 47.0, 1990-05-15 00:00:00, 0.0
0.0, 13.0, 0.0, 44.0, 1990-05-16 00:00:00, 0.0
5.0, 16.0, 320.0, 45.0, 1990-05-17 00:00:00, 0.3
0.0, 10.0, 0.0, 68.0, 1990-05-18 00:00:00, 3.0
0.0, 10.5, 0.0, 73.0, 1990-05-19 00:00:00, 4.0
0.0, 8.0, 0.0, 82.0, 1990-05-20 00:00:00, 1.2
10.0, 17.0, 270.0, 46.0, 1990-05-21 00:00:00, 0.0
0.0, 15.0, 0.0, 39.0, 1990-05-22 00:00:00, 0.0
15.0, 18.0, 270.0, 41.0, 1990-05-23 00:00:00, 0.0
0.0, 20.0, 0.0, 40.0, 1990-05-24 00:00:00, 0.0
0.0, 13.0, 0.0, 95.0, 1990-05-25 00:00:00, 19.0
15.0, 26.0, 50.0, 40.0, 1990-05-26 00:00:00, 1.3
5.0, 21.0, 270.0, 36.0, 1990-05-27 00:00:00, 0.0
15.0, 23.0, 270.0, 33.0, 1990-05-28 00:00:00, 0.0
0.0, 21.0, 0.0, 40.0, 1990-05-29 00:00:00, 0.0
0.0, 14.0, 0.0, 62.0, 1990-05-30 00:00:00, 5.1
15.0, 16.0, 270.0, 65.0, 1990-05-31 00:00:00, 15.2
5.0, 10.0, 0.0, 68.0, 1990-06-01 00:00:00, 0.1
0.0, 8.0, 0.0, 88.0, 1990-06-02 00:00:00, 10.0
10.0, 20.0, 90.0, 70.0, 1990-06-03 00:00:00, 0.0
10.0, 10.0, 270.0, 78.0, 1990-06-04 00:00:00, 10.2
20.0, 19.0, 270.0, 46.0, 1990-06-05 00:00:00, 0.0
5.0, 20.0, 270.0, 40.0, 1990-06-06 00:00:00, 0.0
15.0, 22.0, 270.0, 37.0, 1990-06-07 00:00:00, 0.0
10.0, 20.0, 270.0, 40.0, 1990-06-08 00:00:00, 0.0
15.0, 19.0, 0.0, 46.0, 1990-06-09 00:00:00, 0.0
0.0, 13.5, 0.0, 46.0, 1990-06-10 00:00:00, 0.4
20.0, 9.0, 0.0, 94.0, 1990-06-11 00:00:00, 38.0
10.0, 7.0, 270.0, 99.0, 1990-06-12 00:00:00, 45.3
0.0, 13.0, 0.0, 61.0, 1990-06-13 00:00:00, 3.1
15.0, 23.0, 270.0, 44.0, 1990-06-14 00:00:00, 0.0
10.0, 21.0, 270.0, 42.0, 1990-06-15 00:00:00, 0.0
15.0, 21.0, 270.0, 36.0, 1990-06-16 00:00:00, 0.0
20.0, 18.0, 270.0, 44.0, 1990-06-17 00:00:00, 0.0
10.0, 19.0, 270.0, 32.0, 1990-06-18 00:00:00, 0.0
20.0, 19.0, 270.0, 46.0, 1990-06-19 00:00:00, 0.0
15.0, 20.0, 270.0, 47.0, 1990-06-20 00:00:00, 0.0
20.0, 25.0, 270.0, 31.0, 1990-06-21 00:00:00, 0.0
5.0, 27.0, 230.0, 29.0, 1990-06-22 00:00:00, 0.0
25.0, 22.0, 230.0, 37.0, 1990-06-23 00:00:00, 0.0
20.0, 21.0, 270.0, 36.0, 1990-06-24 00:00:00, 0.0
15.0, 25.0, 230.0, 26.0, 1990-06-25 00:00:00, 0.0
20.0, 19.0, 270.0, 53.0, 1990-06-26 00:00:00, 2.0
5.0, 23.0, 270.0, 44.0, 1990-06-27 00:00:00, 0.0
0.0, 18.0, 0.0, 51.0, 1990-06-28 00:00:00, 0.0
5.0, 24.0, 90.0, 40.0, 1990-06-29 00:00:00, 0.0
0.0, 22.0, 0.0, 56.0, 1990-06-30 00:00:00, 3.4
5.0, 20.0, 270.0, 54.0, 1990-07-01 00:00:00, 31.0
5.0, 11.0, 90.0, 79.0, 1990-07-02 00:00:00, 3.0
0.0, 12.0, 0.0, 90.0, 1990-07-03 00:00:00, 32.2
0.0, 19.5, 0.0, 68.0, 1990-07-04 00:00:00, 1.1
0.0, 20.0, 0.0, 61.0, 1990-07-05 00:00:00, 0.0
0.0, 19.0, 0.0, 60.0, 1990-07-06 00:00:00, 0.0
0.0, 25.0, 0.0, 59.0, 1990-07-07 00:00:00, 0.0
0.0, 26.0, 0.0, 32.0, 1990-07-08 00:00:00, 0.0
5.0, 23.0, 270.0, 44.0, 1990-07-09 00:00:00, 5.3
10.0, 25.0, 230.0, 31.0, 1990-07-10 00:00:00, 0.0
5.0, 32.0, 270.0, 27.0, 1990-07-11 00:00:00, 0.0
0.0, 32.0, 0.0, 27.0, 1990-07-12 00:00:00, 0.0
35.0, 20.0, 270.0, 34.0, 1990-07-13 00:00:00, 0.0
0.0, 23.0, 0.0, 39.0, 1990-07-14 00:00:00, 0.0
0.0, 23.0, 0.0, 39.0, 1990-07-15 00:00:00, 0.0
20.0, 19.0, 270.0, 46.0, 1990-07-16 00:00:00, 0.0
5.0, 20.0, 270.0, 54.0, 1990-07-17 00:00:00, 11.2
0.0, 17.0, 0.0, 15.0, 1990-07-18 00:00:00, 0.3
0.0, 22.0, 0.0, 41.0, 1990-07-19 00:00:00, 0.0
0.0, 23.0, 0.0, 39.0, 1990-07-20 00:00:00, 0.0
0.0, 25.0, 0.0, 36.0, 1990-07-21 00:00:00, 0.0
5.0, 26.0, 0.0, 32.0, 1990-07-22 00:00:00, 0.0
0.0, 27.0, 0.0, 37.0, 1990-07-23 00:00:00, 0.0
0.0, 22.0, 0.0, 31.0, 1990-07-24 00:00:00, 1.0
0.0, 27.0, 0.0, 29.0, 1990-07-25 00:00:00, 0.0
15.0, 28.0, 270.0, 25.0, 1990-07-26 00:00:00, 0.0
0.0, 24.0, 0.0, 34.0, 1990-07-27 00:00:00, 0.0
0.0, 23.0, 0.0, 33.0, 1990-07-28 00:00:00, 0.0
0.0, 27.0, 0.0, 29.0, 1990-07-29 00:00:00, 0.0
0.0, 30.0, 0.0, 29.0, 1990-07-30 00:00:00, 0.0
15.0, 23.0, 230.0, 27.0, 1990-07-31 00:00:00, 0.0
10.0, 24.0, 270.0, 29.0, 1990-08-01 00:00:00, 0.0
0.0, 22.0, 0.0, 43.0, 1990-08-02 00:00:00, 0.0
0.0, 20.0, 0.0, 34.0, 1990-08-03 00:00:00, 0.0
0.0, 29.0, 0.0, 23.0, 1990-08-04 00:00:00, 0.0
0.0, 31.0, 0.0, 25.0, 1990-08-05 00:00:00, 0.0
35.0, 22.0, 230.0, 37.0, 1990-08-06 00:00:00, 0.0
20.0, 22.0, 270.0, 31.0, 1990-08-07 00:00:00, 0.0
0.0, 23.0, 0.0, 33.0, 1990-08-08 00:00:00, 0.0
0.0, 26.0, 0.0, 31.0, 1990-08-09 00:00:00, 0.0
0.0, 27.0, 0.0, 29.0, 1990-08-10 00:00:00, 0.0
0.0, 30.0, 0.0, 26.0, 1990-08-11 00:00:00, 0.0
0.0, 31.0, 0.0, 25.0, 1990-08-12 00:00:00, 0.0
0.0, 20.0, 0.0, 47.0, 1990-08-13 00:00:00, 3.0
0.0, 15.0, 0.0, 64.0, 1990-08-14 00:00:00, 0.2
0.0, 15.0, 0.0, 55.0, 1990-08-15 00:00:00, 0.0
0.0, 15.0, 0.0, 68.0, 1990-08-16 00:00:00, 6.3
0.0, 17.0, 0.0, 78.0, 1990-08-17 00:00:00, 1.1
0.0, 22.0, 0.0, 56.0, 1990-08-18 00:00:00, 4.1
0.0, 30.0, 0.0, 32.0, 1990-08-19 00:00:00, 0.0
0.0, 31.0, 0.0, 27.0, 1990-08-20 00:00:00, 0.0
0.0, 31.0, 0.0, 29.0, 1990-08-21 00:00:00, 0.0
15.0, 18.0, 230.0, 59.0, 1990-08-22 00:00:00, 24.3
10.0, 7.0, 320.0, 88.0, 1990-08-23 00:00:00, 6.3
0.0, 14.0, 0.0, 62.0, 1990-08-24 00:00:00, 3.0
0.0, 15.0, 0.0, 59.0, 1990-08-25 00:00:00, 0.0
0.0, 14.0, 0.0, 54.0, 1990-08-26 00:00:00, 0.0
20.0, 15.0, 270.0, 47.0, 1990-08-27 00:00:00, 0.0
30.0, 18.0, 270.0, 44.0, 1990-08-28 00:00:00, 0.0
30.0, 20.0, 230.0, 34.0, 1990-08-29 00:00:00, 0.0
0.0, 9.0, 0.0, 99.0, 1990-08-30 00:00:00, 13.3
0.0, 12.0, 0.0, 95.0, 1990-08-31 00:00:00, 18.4
10.0, 16.0, 270.0, 65.0, 1990-09-01 00:00:00, 5.0
10.0, 15.0, 270.0, 43.0, 1990-09-02 00:00:00, 0.0
10.0, 18.0, 270.0, 40.0, 1990-09-03 00:00:00, 0.0
18.0, 18.0, 270.0, 34.0, 1990-09-04 00:00:00, 0.0
0.0, 19.0, 0.0, 53.0, 1990-09-05 00:00:00, 0.0
15.0, 22.0, 270.0, 37.0, 1990-09-06 00:00:00, 1.4
10.0, 20.0, 270.0, 44.0, 1990-09-07 00:00:00, 0.0
5.0, 15.0, 0.0, 55.0, 1990-09-08 00:00:00, 4.0
15.0, 23.0, 270.0, 33.0, 1990-09-09 00:00:00, 0.0
5.0, 21.0, 270.0, 24.0, 1990-09-10 00:00:00, 0.0
5.0, 22.0, 270.0, 31.0, 1990-09-11 00:00:00, 0.0
5.0, 15.0, 270.0, 47.0, 1990-09-12 00:00:00, 0.0
15.0, 24.0, 270.0, 34.0, 1990-09-13 00:00:00, 0.0
0.0, 24.0, 0.0, 29.0, 1990-09-14 00:00:00, 0.0
0.0, 22.0, 0.0, 24.0, 1990-09-15 00:00:00, 0.0
0.0, 10.0, 0.0, 70.0, 1990-09-16 00:00:00, 0.0
0.0, 16.0, 0.0, 37.0, 1990-09-17 00:00:00, 0.0
0.0, 16.0, 0.0, 52.0, 1990-09-18 00:00:00, 0.0
5.0, 15.0, 270.0, 47.0, 1990-09-19 00:00:00, 0.0
5.0, 15.0, 320.0, 55.0, 1990-09-20 00:00:00, 0.0
5.0, 23.0, 270.0, 33.0, 1990-09-21 00:00:00, 0.0
10.0, 22.0, 270.0, 29.0, 1990-09-22 00:00:00, 0.0
30.0, 24.0, 270.0, 29.0, 1990-09-23 00:00:00, 0.0
25.0, 23.0, 270.0, 22.0, 1990-09-24 00:00:00, 0.0
15.0, 21.0, 270.0, 30.0, 1990-09-25 00:00:00, 0.0
0.0, 18.0, 0.0, 41.0, 1990-09-26 00:00:00, 0.0
0.0, 12.0, 0.0, 42.0, 1990-09-27 00:00:00, 0.0
0.0, 3.0, 0.0, 58.0, 1990-09-28 00:00:00, 0.0
30.0, 12.0, 230.0, 51.0, 1990-09-29 00:00:00, 0.0
20.0, 15.0, 230.0, 47.0, 1990-09-30 00:00:00, 0.0
10.0, 10.0, 270.0, 48.0, 1990-10-01 00:00:00, 3.0
15.0, 6.0, 320.0, 69.0, 1990-10-02 00:00:00, 2.1
0.0, 10.0, 0.0, 58.0, 1990-10-03 00:00:00, 0.0
0.0, 1.0, 0.0, 84.0, 1990-10-04 00:00:00, 2.0
0.0, 2.0, 0.0, 70.0, 1990-10-05 00:00:00, 2.0
0.0, 9.0, 0.0, 66.0, 1990-10-06 00:00:00, 0.0
0.0, 8.0, 0.0, 54.0, 1990-10-07 00:00:00, 0.0
20.0, 9.0, 230.0, 56.0, 1990-10-08 00:00:00, 0.0
0.0, 8.0, 0.0, 76.0, 1990-10-09 00:00:00, 0.0
15.0, 2.0, 0.0, 70.0, 1990-10-10 00:00:00, 2.2
0.0, 3.0, 0.0, 72.0, 1990-10-11 00:00:00, 1.1
0.0, 0.0, 0.0, 0.0, 1991-04-28 00:00:00, 0.0
0.0, 12.0, 0.0, 55.0, 1991-04-29 00:00:00, 0.0
0.0, 9.0, 0.0, 66.0, 1991-04-30 00:00:00, 0.0
0.0, 15.0, 0.0, 25.0, 1991-05-01 00:00:00, 1.3
5.0, 19.0, 0.0, 35.0, 1991-05-02 00:00:00, 0.0
0.0, 18.0, 0.0, 24.0, 1991-05-03 00:00:00, 0.0
0.0, 16.0, 0.0, 41.0, 1991-05-04 00:00:00, 0.0
0.0, 15.0, 0.0, 32.0, 1991-05-05 00:00:00, 0.0
0.0, 16.0, 0.0, 41.0, 1991-05-06 00:00:00, 0.0
8.0, 13.0, 270.0, 44.0, 1991-05-07 00:00:00, 0.2
5.0, 15.0, 0.0, 47.0, 1991-05-08 00:00:00, 0.0
5.0, 11.0, 320.0, 84.0, 1991-05-09 00:00:00, 7.1
0.0, 19.0, 0.0, 39.0, 1991-05-10 00:00:00, 0.0
0.0, 21.0, 0.0, 24.0, 1991-05-11 00:00:00, 0.0
0.0, 22.0, 0.0, 31.0, 1991-05-12 00:00:00, 0.0
20.0, 15.0, 270.0, 47.0, 1991-05-13 00:00:00, 5.1
15.0, 17.0, 270.0, 36.0, 1991-05-14 00:00:00, 0.0
7.0, 16.0, 320.0, 37.0, 1991-05-15 00:00:00, 0.0
0.0, 20.0, 0.0, 28.0, 1991-05-16 00:00:00, 0.0
5.0, 24.0, 50.0, 24.0, 1991-05-17 00:00:00, 0.0
5.0, 24.0, 270.0, 29.0, 1991-05-18 00:00:00, 0.0
7.0, 28.0, 270.0, 21.0, 1991-05-19 00:00:00, 0.0
25.0, 20.0, 270.0, 25.0, 1991-05-20 00:00:00, 0.0
15.0, 12.0, 270.0, 47.0, 1991-05-21 00:00:00, 0.0
5.0, 11.0, 320.0, 49.0, 1991-05-22 00:00:00, 9.3
10.0, 13.0, 270.0, 44.0, 1991-05-23 00:00:00, 0.0
5.0, 14.0, 90.0, 38.0, 1991-05-24 00:00:00, 0.0
0.0, 16.0, 0.0, 34.0, 1991-05-25 00:00:00, 0.0
10.0, 16.0, 270.0, 49.0, 1991-05-26 00:00:00, 0.0
0.0, 14.0, 0.0, 58.0, 1991-05-27 00:00:00, 0.0
5.0, 22.0, 270.0, 26.0, 1991-05-28 00:00:00, 0.0
0.0, 19.0, 0.0, 26.0, 1991-05-29 00:00:00, 0.0
0.0, 20.0, 0.0, 31.0, 1991-05-30 00:00:00, 0.0
25.0, 18.0, 270.0, 24.0, 1991-05-31 00:00:00, 0.0
30.0, 13.0, 270.0, 44.0, 1991-06-01 00:00:00, 0.0
0.0, 6.0, 0.0, 87.0, 1991-06-02 00:00:00, 9.0
0.0, 9.0, 0.0, 77.0, 1991-06-03 00:00:00, 17.0
10.0, 5.0, 320.0, 99.0, 1991-06-04 00:00:00, 5.0
8.0, 19.0, 270.0, 48.0, 1991-06-05 00:00:00, 1.4
5.0, 23.0, 270.0, 39.0, 1991-06-06 00:00:00, 0.0
15.0, 24.0, 270.0, 24.0, 1991-06-07 00:00:00, 0.0
30.0, 15.0, 230.0, 28.0, 1991-06-08 00:00:00, 0.0
20.0, 23.0, 230.0, 39.0, 1991-06-09 00:00:00, 0.0
5.0, 23.0, 270.0, 26.0, 1991-06-10 00:00:00, 0.0
5.0, 20.0, 230.0, 34.0, 1991-06-11 00:00:00, 0.0
20.0, 16.0, 270.0, 41.0, 1991-06-12 00:00:00, 0.0
5.0, 8.0, 320.0, 94.0, 1991-06-13 00:00:00, 17.0
0.0, 9.0, 0.0, 99.0, 1991-06-14 00:00:00, 9.4
7.0, 12.0, 270.0, 84.0, 1991-06-15 00:00:00, 5.2
0.0, 13.0, 0.0, 95.0, 1991-06-16 00:00:00, 8.3
0.0, 16.0, 0.0, 73.0, 1991-06-17 00:00:00, 6.0
5.0, 22.0, 270.0, 49.0, 1991-06-18 00:00:00, 0.0
8.0, 17.0, 90.0, 43.0, 1991-06-19 00:00:00, 4.0
5.0, 23.0, 90.0, 27.0, 1991-06-20 00:00:00, 0.0
10.0, 23.0, 270.0, 22.0, 1991-06-21 00:00:00, 0.0
5.0, 15.0, 270.0, 78.0, 1991-06-22 00:00:00, 1.0
0.0, 17.0, 0.0, 58.0, 1991-06-23 00:00:00, 6.0
5.0, 23.0, 90.0, 27.0, 1991-06-24 00:00:00, 0.0
0.0, 24.0, 0.0, 19.0, 1991-06-25 00:00:00, 0.0
0.0, 20.0, 0.0, 34.0, 1991-06-26 00:00:00, 0.0
0.0, 24.0, 0.0, 17.0, 1991-06-27 00:00:00, 0.0
0.0, 17.0, 0.0, 50.0, 1991-06-28 00:00:00, 3.0
0.0, 28.0, 0.0, 17.0, 1991-06-29 00:00:00, 0.0
10.0, 24.0, 320.0, 34.0, 1991-06-30 00:00:00, 0.0
0.0, 25.0, 0.0, 23.0, 1991-07-01 00:00:00, 0.0
0.0, 27.0, 0.0, 20.0, 1991-07-02 00:00:00, 0.0
10.0, 25.0, 270.0, 21.0, 1991-07-03 00:00:00, 2.4
5.0, 23.0, 270.0, 33.0, 1991-07-04 00:00:00, 0.0
0.0, 22.0, 0.0, 29.0, 1991-07-05 00:00:00, 0.0
0.0, 7.0, 0.0, 94.0, 1991-07-06 00:00:00, 12.0
0.0, 20.0, 0.0, 47.0, 1991-07-07 00:00:00, 0.0
0.0, 22.0, 0.0, 47.0, 1991-07-08 00:00:00, 10.0
0.0, 25.0, 0.0, 18.0, 1991-07-09 00:00:00, 0.0
0.0, 23.0, 0.0, 20.0, 1991-07-10 00:00:00, 0.0
0.0, 22.0, 0.0, 28.0, 1991-07-11 00:00:00, 0.0
5.0, 18.0, 270.0, 48.0, 1991-07-12 00:00:00, 11.1
0.0, 15.0, 0.0, 95.0, 1991-07-13 00:00:00, 1.1
30.0, 20.0, 230.0, 34.0, 1991-07-14 00:00:00, 2.0
0.0, 20.0, 0.0, 40.0, 1991-07-15 00:00:00, 0.0
0.0, 21.0, 0.0, 24.0, 1991-07-16 00:00:00, 0.0
35.0, 17.0, 270.0, 32.0, 1991-07-17 00:00:00, 0.0
25.0, 20.0, 270.0, 28.0, 1991-07-18 00:00:00, 0.0
30.0, 22.0, 230.0, 28.0, 1991-07-19 00:00:00, 0.0
15.0, 23.0, 270.0, 27.0, 1991-07-20 00:00:00, 0.0
0.0, 21.0, 0.0, 24.0, 1991-07-21 00:00:00, 0.0
0.0, 25.0, 0.0, 23.0, 1991-07-22 00:00:00, 0.0
0.0, 30.0, 0.0, 20.0, 1991-07-23 00:00:00, 0.0
5.0, 28.0, 90.0, 23.0, 1991-07-24 00:00:00, 0.0
10.0, 29.0, 270.0, 22.0, 1991-07-25 00:00:00, 0.0
15.0, 23.0, 270.0, 27.0, 1991-07-26 00:00:00, 1.1
25.0, 23.0, 230.0, 33.0, 1991-07-27 00:00:00, 0.0
30.0, 22.0, 230.0, 28.0, 1991-07-28 00:00:00, 0.0
20.0, 21.0, 270.0, 28.0, 1991-07-29 00:00:00, 0.0
0.0, 19.0, 0.0, 26.0, 1991-07-30 00:00:00, 0.0
0.0, 27.0, 0.0, 25.0, 1991-07-31 00:00:00, 0.0
0.0, 27.0, 0.0, 23.0, 1991-08-01 00:00:00, 0.0
10.0, 25.0, 270.0, 23.0, 1991-08-02 00:00:00, 0.0
5.0, 27.0, 270.0, 26.0, 1991-08-03 00:00:00, 0.0
10.0, 30.0, 230.0, 20.0, 1991-08-04 00:00:00, 0.0
2.0, 24.0, 270.0, 21.0, 1991-08-05 00:00:00, 2.0
0.0, 19.0, 0.0, 39.0, 1991-08-06 00:00:00, 11.2
0.0, 25.0, 0.0, 21.0, 1991-08-07 00:00:00, 0.0
0.0, 27.0, 0.0, 20.0, 1991-08-08 00:00:00, 0.0
15.0, 28.0, 270.0, 22.0, 1991-08-09 00:00:00, 0.0
0.0, 21.0, 0.0, 39.0, 1991-08-10 00:00:00, 5.0
0.0, 32.0, 0.0, 23.0, 1991-08-11 00:00:00, 0.0
10.0, 20.0, 270.0, 37.0, 1991-08-12 00:00:00, 4.3
0.0, 22.0, 0.0, 43.0, 1991-08-13 00:00:00, 0.0
0.0, 29.0, 0.0, 24.0, 1991-08-14 00:00:00, 0.0
0.0, 32.0, 0.0, 23.0, 1991-08-15 00:00:00, 0.0
0.0, 30.0, 0.0, 20.0, 1991-08-16 00:00:00, 0.0
0.0, 32.0, 0.0, 17.0, 1991-08-17 00:00:00, 0.0
30.0, 28.0, 270.0, 21.0, 1991-08-18 00:00:00, 0.0
25.0, 19.0, 270.0, 28.0, 1991-08-19 00:00:00, 0.0
20.0, 22.0, 270.0, 26.0, 1991-08-20 00:00:00, 0.0
25.0, 18.0, 320.0, 36.0, 1991-08-21 00:00:00, 0.0
0.0, 23.0, 0.0, 27.0, 1991-08-22 00:00:00, 0.0
5.0, 20.0, 230.0, 37.0, 1991-08-23 00:00:00, 0.0
0.0, 19.0, 0.0, 26.0, 1991-08-24 00:00:00, 0.0
30.0, 18.0, 270.0, 27.0, 1991-08-25 00:00:00, 0.0
10.0, 22.0, 270.0, 26.0, 1991-08-26 00:00:00, 0.0
0.0, 18.0, 0.0, 36.0, 1991-08-27 00:00:00, 0.0
0.0, 9.0, 0.0, 71.0, 1991-08-28 00:00:00, 21.1
0.0, 8.0, 0.0, 71.0, 1991-08-29 00:00:00, 3.1
5.0, 15.0, 320.0, 47.0, 1991-08-30 00:00:00, 2.0
0.0, 13.0, 0.0, 53.0, 1991-08-31 00:00:00, 1.1
5.0, 13.0, 270.0, 75.0, 1991-09-01 00:00:00, 25.2
25.0, 17.0, 270.0, 43.0, 1991-09-02 00:00:00, 0.0
0.0, 14.0, 0.0, 49.0, 1991-09-03 00:00:00, 0.0
0.0, 15.0, 0.0, 65.0, 1991-09-04 00:00:00, 2.4
5.0, 12.0, 320.0, 42.0, 1991-09-05 00:00:00, 0.0
10.0, 11.0, 270.0, 47.0, 1991-09-06 00:00:00, 0.0
0.0, 15.0, 0.0, 32.0, 1991-09-07 00:00:00, 0.0
0.0, 22.0, 0.0, 26.0, 1991-09-08 00:00:00, 0.0
0.0, 18.0, 0.0, 20.0, 1991-09-09 00:00:00, 0.0
0.0, 22.0, 0.0, 26.0, 1991-09-10 00:00:00, 0.0
20.0, 18.0, 270.0, 27.0, 1991-09-11 00:00:00, 1.0
10.0, 20.0, 270.0, 28.0, 1991-09-12 00:00:00, 0.0
20.0, 11.0, 320.0, 69.0, 1991-09-13 00:00:00, 9.4
0.0, 18.0, 0.0, 31.0, 1991-09-14 00:00:00, 0.0
0.0, 15.0, 0.0, 32.0, 1991-09-15 00:00:00, 12.0
0.0, 15.0, 0.0, 47.0, 1991-09-16 00:00:00, 0.0
10.0, 14.0, 270.0, 33.0, 1991-09-17 00:00:00, 0.0
20.0, 24.0, 270.0, 21.0, 1991-09-18 00:00:00, 0.0
25.0, 19.0, 270.0, 26.0, 1991-09-19 00:00:00, 0.0
15.0, 12.0, 320.0, 51.0, 1991-09-20 00:00:00, 0.0
5.0, 11.0, 270.0, 47.0, 1991-09-21 00:00:00, 0.0
15.0, 8.0, 270.0, 88.0, 1991-09-22 00:00:00, 0.0
10.0, 16.0, 320.0, 34.0, 1991-09-23 00:00:00, 0.0
10.0, 20.0, 270.0, 34.0, 1991-09-24 00:00:00, 0.0
5.0, 26.0, 270.0, 27.0, 1991-09-25 00:00:00, 0.0
0.0, 25.0, 0.0, 21.0, 1991-09-26 00:00:00, 0.0
10.0, 27.0, 270.0, 29.0, 1991-09-27 00:00:00, 0.0
10.0, 15.0, 270.0, 47.0, 1991-09-28 00:00:00, 0.0
0.0, 12.0, 0.0, 42.0, 1991-09-29 00:00:00, 0.0
30.0, 10.0, 270.0, 38.0, 1991-09-30 00:00:00, 0.0
20.0, 15.0, 270.0, 32.0, 1991-10-01 00:00:00, 0.0
5.0, 12.0, 320.0, 42.0, 1991-10-02 00:00:00, 0.0
0.0, 10.0, 0.0, 43.0, 1991-10-03 00:00:00, 0.0
0.0, 12.0, 0.0, 42.0, 1991-10-04 00:00:00, 0.0
0.0, 21.0, 0.0, 24.0, 1991-10-05 00:00:00, 0.0
0.0, 18.0, 0.0, 37.0, 1991-10-06 00:00:00, 0.0
40.0, 13.0, 270.0, 28.0, 1991-10-07 00:00:00, 0.0
5.0, 16.0, 270.0, 20.0, 1991-10-08 00:00:00, 0.0
30.0, 18.0, 270.0, 31.0, 1991-10-09 00:00:00, 3.0
25.0, 21.0, 270.0, 39.0, 1991-10-10 00:00:00, 0.0
0.0, 26.0, 0.0, 27.0, 1991-10-11 00:00:00, 0.0
0.0, 7.0, 0.0, 82.0, 1991-10-12 00:00:00, 1.0
0.0, 9.0, 0.0, 77.0, 1991-10-13 00:00:00, 0.0
0.0, 0.0, 0.0, 0.0, 1992-05-15 00:00:00, 0.0
20.0, 15.0, 270.0, 38.0, 1992-05-16 00:00:00, 0.0
15.0, 16.0, 270.0, 34.0, 1992-05-17 00:00:00, 0.0
5.0, 15.0, 320.0, 47.0, 1992-05-18 00:00:00, 0.0
0.0, 5.0, 0.0, 74.0, 1992-05-19 00:00:00, 3.1
0.0, 5.0, 0.0, 93.0, 1992-05-20 00:00:00, 1.3
0.0, 6.0, 0.0, 93.0, 1992-05-21 00:00:00, 6.1
0.0, 12.0, 0.0, 60.0, 1992-05-22 00:00:00, 0.0
0.0, 19.0, 0.0, 23.0, 1992-05-23 00:00:00, 0.0
5.0, 21.0, 270.0, 20.0, 1992-05-24 00:00:00, 0.0
0.0, 26.0, 0.0, 9.0, 1992-05-25 00:00:00, 0.0
10.0, 15.0, 320.0, 47.0, 1992-05-26 00:00:00, 1.2
25.0, 19.0, 270.0, 39.0, 1992-05-27 00:00:00, 0.0
5.0, 17.0, 270.0, 43.0, 1992-05-28 00:00:00, 0.0
0.0, 14.0, 0.0, 71.0, 1992-05-29 00:00:00, 0.0
0.0, 15.0, 0.0, 49.0, 1992-05-30 00:00:00, 0.0
5.0, 14.0, 320.0, 42.0, 1992-05-31 00:00:00, 8.3
30.0, 21.0, 270.0, 24.0, 1992-06-01 00:00:00, 0.0
35.0, 12.0, 270.0, 70.0, 1992-06-02 00:00:00, 0.0
10.0, 17.0, 270.0, 50.0, 1992-06-03 00:00:00, 0.0
10.0, 18.0, 320.0, 51.0, 1992-06-04 00:00:00, 0.0
30.0, 14.0, 270.0, 81.0, 1992-06-05 00:00:00, 4.0
15.0, 19.0, 270.0, 46.0, 1992-06-06 00:00:00, 0.0
0.0, 25.0, 0.0, 23.0, 1992-06-07 00:00:00, 0.0
10.0, 21.0, 270.0, 36.0, 1992-06-08 00:00:00, 1.2
0.0, 13.0, 0.0, 90.0, 1992-06-09 00:00:00, 1.0
5.0, 12.0, 0.0, 79.0, 1992-06-10 00:00:00, 11.1
10.0, 12.0, 270.0, 79.0, 1992-06-11 00:00:00, 0.0
5.0, 17.0, 270.0, 58.0, 1992-06-12 00:00:00, 0.0
30.0, 21.0, 230.0, 24.0, 1992-06-13 00:00:00, 0.0
15.0, 25.0, 180.0, 7.0, 1992-06-14 00:00:00, 0.0
5.0, 25.0, 230.0, 26.0, 1992-06-15 00:00:00, 0.0
15.0, 22.0, 270.0, 26.0, 1992-06-16 00:00:00, 0.0
10.0, 19.0, 270.0, 63.0, 1992-06-17 00:00:00, 0.0
10.0, 23.0, 230.0, 39.0, 1992-06-18 00:00:00, 0.0
0.0, 19.0, 0.0, 46.0, 1992-06-19 00:00:00, 0.0
15.0, 23.0, 270.0, 44.0, 1992-06-20 00:00:00, 0.0
0.0, 23.0, 0.0, 33.0, 1992-06-21 00:00:00, 0.0
15.0, 26.0, 230.0, 27.0, 1992-06-22 00:00:00, 0.0
10.0, 27.0, 180.0, 24.0, 1992-06-23 00:00:00, 0.0
5.0, 27.0, 270.0, 24.0, 1992-06-24 00:00:00, 0.0
0.0, 28.0, 0.0, 24.0, 1992-06-25 00:00:00, 0.0
0.0, 31.0, 0.0, 24.0, 1992-06-26 00:00:00, 0.0
0.0, 29.0, 0.0, 22.0, 1992-06-27 00:00:00, 0.0
0.0, 27.0, 0.0, 24.0, 1992-06-28 00:00:00, 0.0
10.0, 21.0, 320.0, 36.0, 1992-06-29 00:00:00, 0.0
15.0, 25.0, 230.0, 12.0, 1992-06-30 00:00:00, 0.0
0.0, 19.0, 0.0, 46.0, 1992-07-01 00:00:00, 0.0
0.0, 17.0, 0.0, 58.0, 1992-07-02 00:00:00, 6.2
0.0, 16.0, 0.0, 78.0, 1992-07-03 00:00:00, 3.2
0.0, 21.0, 0.0, 21.0, 1992-07-04 00:00:00, 0.0
0.0, 24.0, 0.0, 24.0, 1992-07-05 00:00:00, 0.0
0.0, 21.0, 0.0, 30.0, 1992-07-06 00:00:00, 6.1
0.0, 23.0, 0.0, 26.0, 1992-07-07 00:00:00, 0.0
0.0, 12.0, 0.0, 99.0, 1992-07-08 00:00:00, 11.4
5.0, 17.0, 270.0, 58.0, 1992-07-09 00:00:00, 7.0
0.0, 24.0, 0.0, 40.0, 1992-07-10 00:00:00, 0.0
0.0, 13.0, 0.0, 19.0, 1992-07-11 00:00:00, 0.0
23.0, 14.0, 90.0, 23.0, 1992-07-12 00:00:00, 0.0
25.0, 10.0, 140.0, 99.0, 1992-07-13 00:00:00, 0.0
14.0, 10.5, 140.0, 99.0, 1992-07-14 00:00:00, 1.0
8.0, 18.0, 50.0, 66.0, 1992-07-15 00:00:00, 0.2
5.0, 24.0, 270.0, 46.0, 1992-07-16 00:00:00, 0.0
0.0, 23.0, 0.0, 63.0, 1992-07-17 00:00:00, 0.0
0.0, 20.0, 0.0, 54.0, 1992-07-18 00:00:00, 0.0
0.0, 24.0, 0.0, 46.0, 1992-07-19 00:00:00, 0.0
0.0, 25.0, 0.0, 36.0, 1992-07-20 00:00:00, 6.1
15.0, 26.0, 270.0, 42.0, 1992-07-21 00:00:00, 0.0
0.0, 23.0, 0.0, 36.0, 1992-07-22 00:00:00, 0.0
0.0, 27.0, 0.0, 33.0, 1992-07-23 00:00:00, 0.0
5.0, 25.0, 320.0, 32.0, 1992-07-24 00:00:00, 0.0
10.0, 21.0, 270.0, 62.0, 1992-07-25 00:00:00, 0.0
25.0, 20.0, 270.0, 54.0, 1992-07-26 00:00:00, 0.0
15.0, 18.0, 230.0, 59.0, 1992-07-27 00:00:00, 8.3
15.0, 25.0, 270.0, 41.0, 1992-07-28 00:00:00, 0.0
0.0, 23.0, 0.0, 44.0, 1992-07-29 00:00:00, 9.3
0.0, 27.0, 0.0, 29.0, 1992-07-30 00:00:00, 0.0
10.0, 25.0, 230.0, 47.0, 1992-07-31 00:00:00, 0.0
0.0, 27.0, 0.0, 24.0, 1992-08-01 00:00:00, 0.0
0.0, 26.0, 0.0, 37.0, 1992-08-02 00:00:00, 0.0
0.0, 28.0, 0.0, 25.0, 1992-08-03 00:00:00, 0.0
10.0, 24.0, 270.0, 46.0, 1992-08-04 00:00:00, 0.0
0.0, 30.0, 0.0, 28.0, 1992-08-05 00:00:00, 3.2
5.0, 21.0, 320.0, 62.0, 1992-08-06 00:00:00, 0.0
25.0, 20.0, 270.0, 40.0, 1992-08-07 00:00:00, 1.3
35.0, 20.0, 270.0, 40.0, 1992-08-08 00:00:00, 0.0
15.0, 21.0, 0.0, 48.0, 1992-08-09 00:00:00, 0.0
20.0, 25.0, 270.0, 31.0, 1992-08-10 00:00:00, 0.0
0.0, 29.0, 0.0, 31.0, 1992-08-11 00:00:00, 0.0
0.0, 33.0, 0.0, 20.0, 1992-08-12 00:00:00, 0.0
15.0, 32.0, 270.0, 32.0, 1992-08-13 00:00:00, 0.0
20.0, 27.0, 270.0, 29.0, 1992-08-14 00:00:00, 4.4
10.0, 29.0, 230.0, 31.0, 1992-08-15 00:00:00, 0.0
20.0, 27.0, 270.0, 29.0, 1992-08-16 00:00:00, 0.0
5.0, 29.0, 270.0, 31.0, 1992-08-17 00:00:00, 0.0
10.0, 28.0, 270.0, 39.0, 1992-08-18 00:00:00, 0.0
10.0, 15.0, 320.0, 64.0, 1992-08-19 00:00:00, 4.4
0.0, 19.0, 0.0, 46.0, 1992-08-20 00:00:00, 0.0
15.0, 9.0, 0.0, 77.0, 1992-08-21 00:00:00, 8.4
10.0, 7.0, 90.0, 76.0, 1992-08-22 00:00:00, 0.0
0.0, 25.0, 0.0, 31.0, 1992-08-23 00:00:00, 0.0
5.0, 19.0, 270.0, 41.0, 1992-08-24 00:00:00, 1.3
10.0, 24.0, 270.0, 48.0, 1992-08-25 00:00:00, 0.0
10.0, 21.0, 0.0, 69.0, 1992-08-26 00:00:00, 0.0
5.0, 18.0, 320.0, 40.0, 1992-08-27 00:00:00, 0.0
15.0, 11.0, 270.0, 79.0, 1992-08-28 00:00:00, 1.4
0.0, 17.0, 0.0, 50.0, 1992-08-29 00:00:00, 0.0
0.0, 25.0, 0.0, 31.0, 1992-08-30 00:00:00, 0.0
20.0, 19.0, 0.0, 41.0, 1992-08-31 00:00:00, 0.0
30.0, 17.0, 270.0, 48.0, 1992-09-01 00:00:00, 0.0
25.0, 16.0, 270.0, 49.0, 1992-09-02 00:00:00, 2.0
0.0, 15.0, 0.0, 47.0, 1992-09-03 00:00:00, 0.0
0.0, 3.0, 0.0, 99.0, 1992-09-04 00:00:00, 17.0
0.0, 7.0, 0.0, 94.0, 1992-09-05 00:00:00, 0.0
20.0, 10.0, 0.0, 68.0, 1992-09-06 00:00:00, 0.0
10.0, 11.0, 320.0, 69.0, 1992-09-07 00:00:00, 0.0
25.0, 14.0, 270.0, 58.0, 1992-09-08 00:00:00, 8.4
0.0, 11.0, 0.0, 69.0, 1992-09-09 00:00:00, 0.0
15.0, 11.0, 90.0, 69.0, 1992-09-10 00:00:00, 1.1
20.0, 18.0, 270.0, 40.0, 1992-09-11 00:00:00, 0.0
10.0, 11.0, 0.0, 59.0, 1992-09-12 00:00:00, 0.0
10.0, 7.0, 270.0, 76.0, 1992-09-13 00:00:00, 0.0
0.0, 9.0, 0.0, 46.0, 1992-09-14 00:00:00, 1.1
15.0, 12.0, 320.0, 34.0, 1992-09-15 00:00:00, 0.0
0.0, 6.0, 0.0, 81.0, 1992-09-16 00:00:00, 0.0
10.0, 11.0, 270.0, 69.0, 1992-09-17 00:00:00, 6.2
25.0, 12.0, 270.0, 74.0, 1992-09-18 00:00:00, 2.1
10.0, 8.0, 0.0, 82.0, 1992-09-19 00:00:00, 0.0
0.0, 11.0, 0.0, 59.0, 1992-09-20 00:00:00, 0.0
0.0, 5.0, 0.0, 87.0, 1992-09-21 00:00:00, 5.4
15.0, 12.0, 270.0, 34.0, 1992-09-22 00:00:00, 0.0
0.0, 9.0, 0.0, 88.0, 1992-09-23 00:00:00, 1.0
0.0, 6.0, 0.0, 81.0, 1992-09-24 00:00:00, 0.0
0.0, 4.0, 0.0, 96.0, 1992-09-25 00:00:00, 3.2
0.0, 2.0, 0.0, 72.0, 1992-09-26 00:00:00, 0.0
0.0, 8.0, 0.0, 76.0, 1992-09-27 00:00:00, 0.0
20.0, 20.0, 270.0, 40.0, 1992-09-28 00:00:00, 3.3
15.0, 23.0, 270.0, 22.0, 1992-09-29 00:00:00, 0.0
16.0, 22.0, 230.0, 35.0, 1992-09-30 00:00:00, 0.8
14.0, 15.0, 230.0, 42.0, 1992-10-01 00:00:00, 0.0
12.0, 12.0, 180.0, 48.0, 1992-10-02 00:00:00, 0.0
20.0, 24.0, 90.0, 30.0, 1993-06-03 00:00:00, 0.0
5.0, 25.0, 270.0, 41.0, 1993-06-04 00:00:00, 0.0
5.0, 23.0, 270.0, 33.0, 1993-06-05 00:00:00, 0.0
0.0, 17.0, 0.0, 58.0, 1993-06-06 00:00:00, 0.0
0.0, 22.0, 0.0, 49.0, 1993-06-07 00:00:00, 2.4
0.0, 21.0, 0.0, 36.0, 1993-06-08 00:00:00, 0.0
15.0, 21.0, 230.0, 42.0, 1993-06-09 00:00:00, 0.0
30.0, 17.0, 270.0, 43.0, 1993-06-10 00:00:00, 6.0
5.0, 16.0, 270.0, 56.0, 1993-06-11 00:00:00, 0.0
0.0, 12.0, 0.0, 70.0, 1993-06-12 00:00:00, 0.0
5.0, 17.0, 0.0, 46.0, 1993-06-13 00:00:00, 0.0
0.0, 14.0, 0.0, 81.0, 1993-06-14 00:00:00, 3.2
5.0, 15.0, 270.0, 55.0, 1993-06-15 00:00:00, 6.0
5.0, 16.0, 0.0, 65.0, 1993-06-16 00:00:00, 0.0
20.0, 21.0, 270.0, 42.0, 1993-06-17 00:00:00, 0.0
35.0, 18.0, 270.0, 59.0, 1993-06-18 00:00:00, 0.0
40.0, 18.0, 270.0, 40.0, 1993-06-19 00:00:00, 0.0
17.0, 20.0, 230.0, 28.0, 1993-06-20 00:00:00, 0.0
5.0, 22.0, 270.0, 49.0, 1993-06-21 00:00:00, 0.0
20.0, 12.0, 0.0, 70.0, 1993-06-22 00:00:00, 25.3
15.0, 8.0, 320.0, 99.0, 1993-06-23 00:00:00, 31.3
5.0, 19.0, 270.0, 60.0, 1993-06-24 00:00:00, 1.1
0.0, 18.0, 0.0, 51.0, 1993-06-25 00:00:00, 1.4
10.0, 21.0, 270.0, 30.0, 1993-06-26 00:00:00, 0.0
0.0, 12.0, 0.0, 99.0, 1993-06-27 00:00:00, 0.0
0.0, 11.0, 0.0, 89.0, 1993-06-28 00:00:00, 74.0
15.0, 16.0, 320.0, 56.0, 1993-06-29 00:00:00, 0.0
10.0, 19.0, 270.0, 53.0, 1993-06-30 00:00:00, 0.0
20.0, 19.0, 230.0, 65.0, 1993-07-01 00:00:00, 0.0
0.0, 18.0, 0.0, 70.0, 1993-07-02 00:00:00, 0.8
0.0, 22.0, 0.0, 77.0, 1993-07-03 00:00:00, 0.0
10.0, 21.0, 270.0, 55.0, 1993-07-04 00:00:00, 0.0
0.0, 16.0, 0.0, 73.0, 1993-07-05 00:00:00, 13.0
0.0, 12.0, 0.0, 99.0, 1993-07-06 00:00:00, 15.1
0.0, 15.0, 0.0, 86.0, 1993-07-07 00:00:00, 15.0
5.0, 9.0, 0.0, 88.0, 1993-07-08 00:00:00, 9.2
0.0, 18.0, 0.0, 59.0, 1993-07-09 00:00:00, 3.0
0.0, 15.0, 0.0, 64.0, 1993-07-10 00:00:00, 0.0
5.0, 13.0, 230.0, 71.0, 1993-07-11 00:00:00, 0.0
5.0, 19.0, 180.0, 60.0, 1993-07-12 00:00:00, 1.2
0.0, 19.0, 0.0, 46.0, 1993-07-13 00:00:00, 0.0
5.0, 16.0, 320.0, 56.0, 1993-07-14 00:00:00, 0.0
0.0, 9.0, 0.0, 99.0, 1993-07-15 00:00:00, 19.2
0.0, 13.0, 0.0, 80.0, 1993-07-16 00:00:00, 3.2
0.0, 27.0, 0.0, 38.0, 1993-07-17 00:00:00, 0.0
0.0, 25.0, 0.0, 38.0, 1993-07-18 00:00:00, 0.0
10.0, 20.0, 50.0, 40.0, 1993-07-19 00:00:00, 35.0
0.0, 21.0, 0.0, 42.0, 1993-07-20 00:00:00, 3.1
0.0, 23.0, 0.0, 44.0, 1993-07-21 00:00:00, 11.2
0.0, 24.0, 0.0, 24.0, 1993-07-22 00:00:00, 1.2
0.0, 19.0, 0.0, 60.0, 1993-07-23 00:00:00, 0.1
0.0, 25.0, 0.0, 41.0, 1993-07-24 00:00:00, 0.0
0.0, 27.0, 0.0, 38.0, 1993-07-25 00:00:00, 0.0
0.0, 25.0, 0.0, 26.0, 1993-07-26 00:00:00, 12.1
10.0, 28.0, 270.0, 44.0, 1993-07-27 00:00:00, 0.0
0.0, 22.0, 0.0, 62.0, 1993-07-28 00:00:00, 0.0
20.0, 29.0, 270.0, 52.0, 1993-07-29 00:00:00, 0.0
35.0, 23.0, 230.0, 44.0, 1993-07-30 00:00:00, 0.0
15.0, 26.0, 270.0, 46.0, 1993-07-31 00:00:00, 0.0
15.0, 25.0, 230.0, 52.0, 1993-08-01 00:00:00, 0.0
5.0, 28.0, 270.0, 17.0, 1993-08-02 00:00:00, 0.0
0.0, 24.0, 0.0, 24.0, 1993-08-03 00:00:00, 0.0
10.0, 26.0, 230.0, 32.0, 1993-08-04 00:00:00, 0.0
5.0, 30.0, 270.0, 28.0, 1993-08-05 00:00:00, 0.0
20.0, 16.0, 270.0, 73.0, 1993-08-06 00:00:00, 0.0
0.0, 21.0, 0.0, 55.0, 1993-08-07 00:00:00, 0.0
0.0, 19.0, 0.0, 60.0, 1993-08-08 00:00:00, 0.0
0.0, 11.0, 0.0, 79.0, 1993-08-09 00:00:00, 7.4
5.0, 9.0, 270.0, 83.0, 1993-08-10 00:00:00, 0.0
15.0, 19.0, 270.0, 46.0, 1993-08-11 00:00:00, 0.0
10.0, 15.0, 0.0, 64.0, 1993-08-12 00:00:00, 0.0
0.0, 19.0, 0.0, 67.0, 1993-08-13 00:00:00, 0.0
10.0, 20.0, 0.0, 54.0, 1993-08-14 00:00:00, 0.0
15.0, 28.0, 0.0, 17.0, 1993-08-15 00:00:00, 0.0
2.0, 28.0, 0.0, 21.0, 1993-08-16 00:00:00, 0.0
0.0, 27.0, 0.0, 42.0, 1993-08-17 00:00:00, 0.0
0.0, 30.0, 0.0, 28.0, 1993-08-18 00:00:00, 0.0
0.0, 29.0, 0.0, 33.0, 1993-08-19 00:00:00, 0.0
0.0, 28.0, 0.0, 25.0, 1993-08-20 00:00:00, 0.0
10.0, 22.0, 230.0, 49.0, 1993-08-21 00:00:00, 0.0
0.0, 20.0, 0.0, 40.0, 1993-08-22 00:00:00, 0.0
20.0, 14.0, 320.0, 81.0, 1993-08-23 00:00:00, 0.0
15.0, 9.0, 270.0, 88.0, 1993-08-24 00:00:00, 15.1
0.0, 18.0, 0.0, 40.0, 1993-08-25 00:00:00, 8.0
0.0, 18.0, 0.0, 59.0, 1993-08-26 00:00:00, 0.0
0.0, 12.0, 0.0, 84.0, 1993-08-27 00:00:00, 0.0
0.0, 21.0, 0.0, 55.0, 1993-08-28 00:00:00, 0.0
5.0, 20.0, 230.0, 54.0, 1993-08-29 00:00:00, 0.0
20.0, 21.0, 270.0, 42.0, 1993-08-30 00:00:00, 5.2
10.0, 20.0, 50.0, 61.0, 1993-08-31 00:00:00, 1.3
0.0, 22.0, 0.0, 26.0, 1993-09-01 00:00:00, 4.2
25.0, 28.0, 270.0, 25.0, 1993-09-02 00:00:00, 0.0
0.0, 22.0, 0.0, 43.0, 1993-09-03 00:00:00, 0.0
0.0, 16.0, 0.0, 73.0, 1993-09-04 00:00:00, 0.0
0.0, 25.0, 0.0, 38.0, 1993-09-05 00:00:00, 0.0
0.0, 27.0, 0.0, 38.0, 1993-09-06 00:00:00, 0.0
10.0, 28.0, 230.0, 44.0, 1993-09-07 00:00:00, 5.4
30.0, 23.0, 270.0, 44.0, 1993-09-08 00:00:00, 0.0
0.0, 26.0, 0.0, 46.0, 1993-09-09 00:00:00, 0.0
0.0, 24.0, 0.0, 29.0, 1993-09-10 00:00:00, 0.0
0.0, 7.0, 0.0, 99.0, 1993-09-11 00:00:00, 0.0
0.0, 12.0, 0.0, 84.0, 1993-09-12 00:00:00, 0.0
0.0, 9.0, 0.0, 74.0, 1993-09-13 00:00:00, 6.1
10.0, 8.0, 0.0, 88.0, 1993-09-14 00:00:00, 3.3
0.0, 10.0, 0.0, 78.0, 1993-09-15 00:00:00, 0.0
20.0, 16.0, 270.0, 49.0, 1993-09-16 00:00:00, 0.0
25.0, 21.0, 270.0, 30.0, 1993-09-17 00:00:00, 0.0
30.0, 13.5, 230.0, 46.0, 1993-09-18 00:00:00, 0.0
0.0, 15.0, 0.0, 38.0, 1993-09-19 00:00:00, 0.0
0.0, 16.0, 0.0, 44.0, 1993-09-20 00:00:00, 0.0
25.0, 16.0, 270.0, 34.0, 1993-09-21 00:00:00, 0.0
20.0, 17.0, 270.0, 43.0, 1993-09-22 00:00:00, 0.0
35.0, 15.0, 270.0, 49.0, 1993-09-23 00:00:00, 0.0
15.0, 12.0, 320.0, 60.0, 1993-09-24 00:00:00, 1.2
25.0, 13.0, 270.0, 61.0, 1993-09-25 00:00:00, 0.0
20.0, 15.0, 270.0, 55.0, 1993-09-26 00:00:00, 0.0
10.0, 19.0, 270.0, 35.0, 1993-09-27 00:00:00, 3.0
0.0, 21.0, 0.0, 30.0, 1993-09-28 00:00:00, 0.0
45.0, 16.0, 270.0, 49.0, 1993-09-29 00:00:00, 0.0
0.0, 15.0, 0.0, 39.0, 1993-09-30 00:00:00, 0.0
20.0, 16.0, 230.0, 38.0, 1993-10-01 00:00:00, 0.0
24.0, 17.0, 230.0, 36.0, 1993-10-02 00:00:00, 0.0
25.0, 16.5, 230.0, 38.0, 1993-10-03 00:00:00, 0.0
5.0, 13.0, 180.0, 65.0, 1993-10-04 00:00:00, 0.0
