station_observations
wind_speed, temperature, wind_direction, relative_humidity, time, precipitation
0.0, 7.0, 0.0, 75.0, 1979-05-07 00:00:00, 1.0
0.0, 7.0, 0.0, 63.0, 1979-05-08 00:00:00, 1.0
0.0, 7.0, 0.0, 87.0, 1979-05-09 00:00:00, 4.0
10.0, 9.0, 140.0, 55.0, 1979-05-10 00:00:00, 0.0
10.0, 10.0, 320.0, 56.0, 1979-05-11 00:00:00, 1.0
12.0, 11.0, 270.0, 39.0, 1979-05-12 00:00:00, 0.0
16.0, 12.0, 270.0, 41.0, 1979-05-13 00:00:00, 0.0
12.0, 15.0, 230.0, 30.0, 1979-05-14 00:00:00, 0.0
10.0, 12.0, 0.0, 50.0, 1979-05-15 00:00:00, 0.1
0.0, 15.0, 0.0, 38.0, 1979-05-16 00:00:00, 0.1
0.0, 12.0, 0.0, 50.0, 1979-05-17 00:00:00, 0.2
22.0, 10.0, 270.0, 36.0, 1979-05-18 00:00:00, 0.4
15.0, 15.0, 230.0, 42.0, 1979-05-19 00:00:00, 0.0
10.0, 15.0, 230.0, 20.0, 1979-05-20 00:00:00, 0.0
4.0, 13.0, 320.0, 51.0, 1979-05-21 00:00:00, 0.3
0.0, 15.0, 0.0, 46.0, 1979-05-22 00:00:00, 0.0
0.0, 16.0, 0.0, 68.0, 1979-05-23 00:00:00, 0.4
10.0, 15.0, 90.0, 38.0, 1979-05-24 00:00:00, 0.2
0.0, 18.0, 0.0, 32.0, 1979-05-25 00:00:00, 0.0
11.0, 11.0, 50.0, 78.0, 1979-05-26 00:00:00, 7.0
9.0, 10.0, 90.0, 77.0, 1979-05-27 00:00:00, 0.6
0.0, 16.0, 0.0, 40.0, 1979-05-28 00:00:00, 0.0
0.0, 17.0, 0.0, 57.0, 1979-05-29 00:00:00, 0.3
13.0, 19.0, 230.0, 37.0, 1979-05-30 00:00:00, 0.0
0.0, 19.0, 0.0, 37.0, 1979-05-31 00:00:00, 0.0
0.0, 19.0, 0.0, 44.0, 1979-06-01 00:00:00, 0.1
11.0, 15.0, 90.0, 54.0, 1979-06-02 00:00:00, 3.0
10.0, 20.0, 90.0, 33.0, 1979-06-03 00:00:00, 0.0
0.0, 16.0, 0.0, 47.0, 1979-06-04 00:00:00, 2.0
0.0, 13.0, 0.0, 51.0, 1979-06-05 00:00:00, 0.1
0.0, 18.0, 0.0, 43.0, 1979-06-06 00:00:00, 0.1
11.0, 15.0, 230.0, 38.0, 1979-06-07 00:00:00, 0.1
7.0, 19.0, 230.0, 66.0, 1979-06-08 00:00:00, 0.0
15.0, 16.0, 90.0, 47.0, 1979-06-09 00:00:00, 0.0
0.0, 13.0, 0.0, 70.0, 1979-06-10 00:00:00, 0.1
11.0, 16.5, 230.0, 44.0, 1979-06-11 00:00:00, 0.0
0.0, 18.0, 0.0, 50.0, 1979-06-12 00:00:00, 3.0
0.0, 17.0, 0.0, 41.0, 1979-06-13 00:00:00, 0.0
13.0, 18.0, 270.0, 36.0, 1979-06-14 00:00:00, 0.0
15.0, 12.0, 90.0, 69.0, 1979-06-15 00:00:00, 2.0
0.0, 19.0, 0.0, 51.0, 1979-06-16 00:00:00, 0.0
7.0, 16.0, 320.0, 40.0, 1979-06-17 00:00:00, 0.1
11.0, 18.0, 230.0, 50.0, 1979-06-18 00:00:00, 0.1
0.0, 18.0, 0.0, 66.0, 1979-06-19 00:00:00, 10.0
0.0, 19.0, 0.0, 44.0, 1979-06-20 00:00:00, 0.1
0.0, 14.0, 0.0, 71.0, 1979-06-21 00:00:00, 1.3
0.0, 16.0, 0.0, 47.0, 1979-06-22 00:00:00, 0.1
0.0, 16.0, 0.0, 64.0, 1979-06-23 00:00:00, 2.0
10.0, 19.0, 230.0, 44.0, 1979-06-24 00:00:00, 0.1
11.0, 21.0, 230.0, 47.0, 1979-06-25 00:00:00, 0.0
15.0, 22.0, 230.0, 36.0, 1979-06-26 00:00:00, 0.0
10.0, 23.0, 230.0, 26.0, 1979-06-27 00:00:00, 0.0
0.0, 23.0, 0.0, 26.0, 1979-06-28 00:00:00, 0.0
0.0, 20.0, 0.0, 46.0, 1979-06-29 00:00:00, 0.1
0.0, 12.0, 0.0, 79.0, 1979-06-30 00:00:00, 11.0
0.0, 11.0, 0.0, 78.0, 1979-07-01 00:00:00, 16.0
15.0, 18.0, 90.0, 43.0, 1979-07-02 00:00:00, 5.0
0.0, 15.0, 0.0, 71.0, 1979-07-03 00:00:00, 1.4
0.0, 19.0, 0.0, 59.0, 1979-07-04 00:00:00, 4.0
13.0, 22.0, 230.0, 42.0, 1979-07-05 00:00:00, 0.0
15.0, 21.0, 230.0, 41.0, 1979-07-06 00:00:00, 0.0
0.0, 20.0, 0.0, 46.0, 1979-07-07 00:00:00, 0.0
0.0, 20.0, 0.0, 46.0, 1979-07-08 00:00:00, 0.0
0.0, 23.0, 0.0, 43.0, 1979-07-09 00:00:00, 0.0
11.0, 27.0, 90.0, 37.0, 1979-07-10 00:00:00, 0.0
0.0, 23.0, 0.0, 32.0, 1979-07-11 00:00:00, 0.0
0.0, 17.0, 0.0, 82.0, 1979-07-12 00:00:00, 0.1
0.0, 18.0, 0.0, 74.0, 1979-07-13 00:00:00, 2.0
11.0, 22.0, 90.0, 55.0, 1979-07-14 00:00:00, 0.1
0.0, 23.0, 0.0, 49.0, 1979-07-15 00:00:00, 0.1
0.0, 23.0, 0.0, 43.0, 1979-07-16 00:00:00, 0.0
0.0, 24.0, 0.0, 51.0, 1979-07-17 00:00:00, 0.1
11.0, 24.0, 320.0, 45.0, 1979-07-18 00:00:00, 0.1
9.0, 21.0, 50.0, 54.0, 1979-07-19 00:00:00, 0.0
15.0, 22.0, 90.0, 48.0, 1979-07-20 00:00:00, 0.0
0.0, 16.0, 0.0, 81.0, 1979-07-21 00:00:00, 24.0
0.0, 17.0, 0.0, 65.0, 1979-07-22 00:00:00, 0.1
0.0, 15.0, 0.0, 81.0, 1979-07-23 00:00:00, 10.0
0.0, 21.0, 0.0, 54.0, 1979-07-24 00:00:00, 0.0
0.0, 24.0, 0.0, 45.0, 1979-07-25 00:00:00, 0.0
0.0, 25.0, 0.0, 52.0, 1979-07-26 00:00:00, 0.0
0.0, 24.0, 0.0, 57.0, 1979-07-27 00:00:00, 0.0
10.0, 21.0, 230.0, 61.0, 1979-07-28 00:00:00, 0.0
0.0, 23.0, 0.0, 57.0, 1979-07-29 00:00:00, 0.0
0.0, 24.0, 0.0, 51.0, 1979-07-30 00:00:00, 0.1
0.0, 20.0, 0.0, 60.0, 1979-07-31 00:00:00, 0.1
11.0, 18.0, 320.0, 50.0, 1979-08-01 00:00:00, 0.1
0.0, 19.0, 0.0, 44.0, 1979-08-02 00:00:00, 0.1
0.0, 17.0, 0.0, 57.0, 1979-08-03 00:00:00, 0.1
0.0, 18.0, 0.0, 58.0, 1979-08-04 00:00:00, 0.0
0.0, 22.0, 0.0, 48.0, 1979-08-05 00:00:00, 0.0
0.0, 19.0, 0.0, 44.0, 1979-08-06 00:00:00, 0.1
10.0, 18.0, 230.0, 58.0, 1979-08-07 00:00:00, 0.1
0.0, 19.0, 0.0, 66.0, 1979-08-08 00:00:00, 0.1
0.0, 20.0, 0.0, 39.0, 1979-08-09 00:00:00, 0.1
0.0, 21.0, 0.0, 54.0, 1979-08-10 00:00:00, 0.0
0.0, 23.0, 0.0, 43.0, 1979-08-11 00:00:00, 0.0
0.0, 22.0, 0.0, 48.0, 1979-08-12 00:00:00, 0.0
0.0, 24.0, 0.0, 51.0, 1979-08-13 00:00:00, 0.0
0.0, 24.0, 0.0, 45.0, 1979-08-14 00:00:00, 0.0
0.0, 24.0, 0.0, 45.0, 1979-08-15 00:00:00, 0.0
0.0, 23.0, 0.0, 49.0, 1979-08-16 00:00:00, 0.0
0.0, 26.0, 0.0, 27.0, 1979-08-17 00:00:00, 0.0
15.0, 24.0, 230.0, 39.0, 1979-08-18 00:00:00, 0.0
0.0, 23.0, 0.0, 45.0, 1979-08-19 00:00:00, 0.0
0.0, 22.0, 0.0, 55.0, 1979-08-20 00:00:00, 0.0
0.0, 23.0, 0.0, 43.0, 1979-08-21 00:00:00, 0.0
0.0, 20.0, 0.0, 75.0, 1979-08-22 00:00:00, 0.0
10.0, 15.0, 50.0, 54.0, 1979-08-23 00:00:00, 0.1
0.0, 18.0, 0.0, 58.0, 1979-08-24 00:00:00, 0.0
0.0, 17.0, 0.0, 65.0, 1979-08-25 00:00:00, 0.0
0.0, 23.0, 0.0, 49.0, 1979-08-26 00:00:00, 0.0
0.0, 25.0, 0.0, 46.0, 1979-08-27 00:00:00, 0.0
0.0, 15.0, 0.0, 81.0, 1979-08-28 00:00:00, 0.1
0.0, 21.0, 0.0, 41.0, 1979-08-29 00:00:00, 3.0
0.0, 17.0, 0.0, 65.0, 1979-08-30 00:00:00, 0.0
0.0, 18.0, 0.0, 66.0, 1979-08-31 00:00:00, 0.1
0.0, 13.0, 0.0, 70.0, 1980-05-01 00:00:00, 0.1
10.0, 10.0, 230.0, 48.0, 1980-05-02 00:00:00, 0.0
15.0, 10.0, 230.0, 46.0, 1980-05-03 00:00:00, 0.0
0.0, 13.0, 0.0, 42.0, 1980-05-04 00:00:00, 0.0
5.0, 14.0, 140.0, 44.0, 1980-05-05 00:00:00, 0.0
5.0, 9.0, 140.0, 55.0, 1980-05-06 00:00:00, 0.1
0.0, 14.0, 0.0, 33.0, 1980-05-07 00:00:00, 0.0
0.0, 15.0, 0.0, 30.0, 1980-05-08 00:00:00, 0.0
0.0, 14.0, 0.0, 71.0, 1980-05-09 00:00:00, 2.0
0.0, 16.0, 0.0, 55.0, 1980-05-10 00:00:00, 0.1
0.0, 19.0, 0.0, 37.0, 1980-05-11 00:00:00, 0.0
0.0, 21.0, 0.0, 34.0, 1980-05-12 00:00:00, 0.0
0.0, 22.0, 0.0, 48.0, 1980-05-13 00:00:00, 0.0
3.0, 20.0, 230.0, 46.0, 1980-05-14 00:00:00, 0.0
0.0, 18.0, 0.0, 43.0, 1980-05-15 00:00:00, 0.1
5.0, 18.0, 270.0, 36.0, 1980-05-16 00:00:00, 0.0
0.0, 13.0, 0.0, 60.0, 1980-05-17 00:00:00, 2.0
3.0, 17.0, 320.0, 27.0, 1980-05-18 00:00:00, 0.1
0.0, 10.0, 0.0, 67.0, 1980-05-19 00:00:00, 0.1
0.0, 11.0, 0.0, 48.0, 1980-05-20 00:00:00, 4.0
0.0, 13.0, 0.0, 42.0, 1980-05-21 00:00:00, 0.0
0.0, 14.0, 0.0, 44.0, 1980-05-22 00:00:00, 0.0
0.0, 15.0, 0.0, 38.0, 1980-05-23 00:00:00, 0.1
0.0, 16.0, 0.0, 40.0, 1980-05-24 00:00:00, 0.0
0.0, 11.0, 0.0, 68.0, 1980-05-25 00:00:00, 0.0
4.0, 10.0, 230.0, 77.0, 1980-05-26 00:00:00, 0.0
0.0, 12.0, 0.0, 59.0, 1980-05-27 00:00:00, 0.1
0.0, 16.0, 0.0, 40.0, 1980-05-28 00:00:00, 0.1
10.0, 7.0, 140.0, 75.0, 1980-05-29 00:00:00, 6.0
0.0, 11.0, 0.0, 68.0, 1980-05-30 00:00:00, 4.0
10.0, 14.0, 40.0, 53.0, 1980-05-31 00:00:00, 0.1
6.0, 10.0, 40.0, 67.0, 1980-06-01 00:00:00, 0.1
0.0, 11.0, 0.0, 58.0, 1980-06-02 00:00:00, 9.0
0.0, 18.0, 0.0, 50.0, 1980-06-03 00:00:00, 0.0
0.0, 22.0, 0.0, 30.0, 1980-06-04 00:00:00, 0.0
10.0, 18.0, 180.0, 51.0, 1980-06-05 00:00:00, 0.0
0.0, 23.0, 0.0, 43.0, 1980-06-06 00:00:00, 0.0
0.0, 25.0, 0.0, 35.0, 1980-06-07 00:00:00, 0.0
0.0, 30.0, 0.0, 36.0, 1980-06-08 00:00:00, 0.0
0.0, 30.0, 0.0, 23.0, 1980-06-09 00:00:00, 14.0
0.0, 20.0, 0.0, 53.0, 1980-06-10 00:00:00, 0.0
0.0, 19.0, 0.0, 69.0, 1980-06-11 00:00:00, 0.0
10.0, 20.0, 270.0, 53.0, 1980-06-12 00:00:00, 0.1
5.0, 19.0, 230.0, 44.0, 1980-06-13 00:00:00, 0.1
0.0, 20.0, 0.0, 75.0, 1980-06-14 00:00:00, 0.0
0.0, 21.0, 0.0, 47.0, 1980-06-15 00:00:00, 0.1
0.0, 20.0, 0.0, 60.0, 1980-06-16 00:00:00, 0.1
0.0, 15.0, 0.0, 81.0, 1980-06-17 00:00:00, 3.0
0.0, 17.0, 0.0, 65.0, 1980-06-18 00:00:00, 0.0
10.0, 21.0, 0.0, 47.0, 1980-06-19 00:00:00, 0.0
0.0, 23.0, 0.0, 56.0, 1980-06-20 00:00:00, 0.0
7.0, 19.0, 180.0, 51.0, 1980-06-21 00:00:00, 0.1
2.0, 18.0, 320.0, 58.0, 1980-06-22 00:00:00, 0.1
0.0, 20.0, 0.0, 60.0, 1980-06-23 00:00:00, 0.1
0.0, 25.0, 0.0, 46.0, 1980-06-24 00:00:00, 0.0
0.0, 25.0, 0.0, 52.0, 1980-06-25 00:00:00, 0.0
0.0, 26.0, 0.0, 53.0, 1980-06-26 00:00:00, 0.1
0.0, 22.0, 0.0, 69.0, 1980-06-27 00:00:00, 0.1
0.0, 17.0, 0.0, 82.0, 1980-06-28 00:00:00, 5.0
0.0, 22.0, 0.0, 62.0, 1980-06-29 00:00:00, 4.0
5.0, 23.0, 180.0, 56.0, 1980-06-30 00:00:00, 0.0
0.0, 22.0, 0.0, 48.0, 1980-07-01 00:00:00, 0.0
5.0, 24.0, 230.0, 51.0, 1980-07-02 00:00:00, 0.0
0.0, 23.0, 0.0, 63.0, 1980-07-03 00:00:00, 0.0
0.0, 23.0, 0.0, 56.0, 1980-07-04 00:00:00, 0.1
0.0, 23.0, 0.0, 70.0, 1980-07-05 00:00:00, 0.1
0.0, 23.0, 0.0, 63.0, 1980-07-06 00:00:00, 0.1
4.0, 25.0, 230.0, 52.0, 1980-07-07 00:00:00, 0.1
0.0, 18.0, 0.0, 66.0, 1980-07-08 00:00:00, 0.0
0.0, 16.0, 0.0, 81.0, 1980-07-09 00:00:00, 3.0
0.0, 17.0, 0.0, 73.0, 1980-07-10 00:00:00, 0.1
4.0, 22.0, 230.0, 62.0, 1980-07-11 00:00:00, 6.0
5.0, 23.0, 270.0, 56.0, 1980-07-12 00:00:00, 0.1
4.0, 21.0, 230.0, 54.0, 1980-07-13 00:00:00, 0.1
0.0, 23.0, 0.0, 56.0, 1980-07-14 00:00:00, 0.0
0.0, 16.0, 0.0, 81.0, 1980-07-15 00:00:00, 24.0
0.0, 16.0, 0.0, 72.0, 1980-07-16 00:00:00, 1.3
0.0, 14.0, 0.0, 71.0, 1980-07-17 00:00:00, 0.7
4.0, 19.0, 320.0, 51.0, 1980-07-18 00:00:00, 0.0
0.0, 20.0, 0.0, 53.0, 1980-07-19 00:00:00, 0.0
0.0, 15.0, 0.0, 81.0, 1980-07-20 00:00:00, 0.1
0.0, 20.0, 0.0, 53.0, 1980-07-21 00:00:00, 0.0
0.0, 16.0, 0.0, 72.0, 1980-07-22 00:00:00, 8.0
0.0, 14.0, 0.0, 90.0, 1980-07-23 00:00:00, 18.0
0.0, 17.0, 0.0, 65.0, 1980-07-24 00:00:00, 5.0
0.0, 20.0, 0.0, 46.0, 1980-07-25 00:00:00, 0.0
0.0, 19.0, 0.0, 51.0, 1980-07-26 00:00:00, 0.1
4.0, 17.0, 230.0, 51.0, 1980-07-27 00:00:00, 0.1
8.0, 16.0, 230.0, 47.0, 1980-07-28 00:00:00, 0.1
5.0, 18.0, 320.0, 58.0, 1980-07-29 00:00:00, 0.1
3.0, 19.0, 230.0, 51.0, 1980-07-30 00:00:00, 0.0
3.0, 22.0, 230.0, 48.0, 1980-07-31 00:00:00, 0.0
3.0, 14.0, 0.0, 80.0, 1980-08-01 00:00:00, 0.1
0.0, 16.0, 0.0, 55.0, 1980-08-02 00:00:00, 0.1
5.0, 18.0, 0.0, 58.0, 1980-08-03 00:00:00, 0.1
0.0, 19.0, 0.0, 59.0, 1980-08-04 00:00:00, 0.1
0.0, 12.0, 0.0, 79.0, 1980-08-05 00:00:00, 3.0
0.0, 17.0, 0.0, 65.0, 1980-08-06 00:00:00, 0.1
0.0, 22.0, 0.0, 55.0, 1980-08-07 00:00:00, 0.0
0.0, 23.0, 0.0, 56.0, 1980-08-08 00:00:00, 0.0
0.0, 20.0, 0.0, 60.0, 1980-08-09 00:00:00, 0.1
0.0, 22.0, 0.0, 62.0, 1980-08-10 00:00:00, 0.1
0.0, 20.0, 0.0, 60.0, 1980-08-11 00:00:00, 0.1
0.0, 24.0, 0.0, 57.0, 1980-08-12 00:00:00, 0.1
0.0, 20.0, 0.0, 67.0, 1980-08-13 00:00:00, 0.0
5.0, 15.0, 0.0, 63.0, 1980-08-14 00:00:00, 0.1
5.0, 13.0, 0.0, 70.0, 1980-08-15 00:00:00, 0.1
0.0, 14.0, 0.0, 71.0, 1980-08-16 00:00:00, 0.1
5.0, 14.0, 0.0, 80.0, 1980-08-17 00:00:00, 4.0
7.0, 19.0, 0.0, 44.0, 1980-08-18 00:00:00, 0.1
0.0, 12.0, 0.0, 79.0, 1980-08-19 00:00:00, 5.0
3.0, 17.0, 0.0, 65.0, 1980-08-20 00:00:00, 2.0
0.0, 16.0, 0.0, 55.0, 1980-08-21 00:00:00, 0.1
0.0, 15.0, 0.0, 71.0, 1980-08-22 00:00:00, 0.1
0.0, 14.0, 0.0, 62.0, 1980-08-23 00:00:00, 0.5
0.0, 14.0, 0.0, 62.0, 1980-08-24 00:00:00, 0.1
0.0, 12.0, 0.0, 69.0, 1980-08-25 00:00:00, 0.1
0.0, 12.0, 0.0, 79.0, 1980-08-26 00:00:00, 0.5
0.0, 14.0, 0.0, 62.0, 1980-08-27 00:00:00, 0.1
0.0, 14.0, 0.0, 62.0, 1980-08-28 00:00:00, 0.1
0.0, 14.0, 0.0, 53.0, 1980-08-29 00:00:00, 0.1
0.0, 17.0, 0.0, 49.0, 1980-08-30 00:00:00, 0.0
0.0, 16.0, 0.0, 55.0, 1980-08-31 00:00:00, 0.0
0.0, 0.0, 0.0, 0.0, 1981-05-20 00:00:00, 0.0
0.0, 18.0, 0.0, 58.0, 1981-05-21 00:00:00, 0.0
0.0, 14.0, 0.0, 90.0, 1981-05-22 00:00:00, 5.0
0.0, 17.0, 0.0, 49.0, 1981-05-23 00:00:00, 0.0
5.0, 22.0, 0.0, 48.0, 1981-05-24 00:00:00, 0.0
0.0, 13.0, 0.0, 90.0, 1981-05-25 00:00:00, 6.0
10.0, 23.0, 0.0, 32.0, 1981-05-26 00:00:00, 0.0
0.0, 14.0, 0.0, 90.0, 1981-05-27 00:00:00, 0.0
0.0, 18.0, 0.0, 66.0, 1981-05-28 00:00:00, 0.0
5.0, 20.0, 0.0, 75.0, 1981-05-29 00:00:00, 0.0
0.0, 20.0, 0.0, 75.0, 1981-05-30 00:00:00, 0.0
0.0, 20.0, 0.0, 67.0, 1981-05-31 00:00:00, 0.0
0.0, 19.0, 0.0, 59.0, 1981-06-01 00:00:00, 0.0
3.0, 21.0, 140.0, 48.0, 1981-06-02 00:00:00, 0.0
2.0, 19.0, 230.0, 89.0, 1981-06-03 00:00:00, 0.0
0.0, 9.5, 0.0, 83.0, 1981-06-04 00:00:00, 4.0
0.0, 17.0, 0.0, 57.0, 1981-06-05 00:00:00, 2.0
0.0, 18.0, 0.0, 74.0, 1981-06-06 00:00:00, 0.0
0.0, 14.0, 0.0, 62.0, 1981-06-07 00:00:00, 0.0
5.0, 17.0, 140.0, 49.0, 1981-06-08 00:00:00, 0.0
3.0, 16.0, 140.0, 64.0, 1981-06-09 00:00:00, 0.0
5.0, 21.0, 140.0, 54.0, 1981-06-10 00:00:00, 0.0
3.0, 20.5, 230.0, 50.0, 1981-06-11 00:00:00, 0.0
0.0, 21.0, 0.0, 61.0, 1981-06-12 00:00:00, 0.0
0.0, 23.0, 0.0, 63.0, 1981-06-13 00:00:00, 0.0
0.0, 18.0, 0.0, 82.0, 1981-06-14 00:00:00, 3.2
3.0, 10.0, 140.0, 89.0, 1981-06-15 00:00:00, 16.0
6.0, 17.0, 40.0, 73.0, 1981-06-16 00:00:00, 0.1
0.0, 17.0, 0.0, 73.0, 1981-06-17 00:00:00, 0.0
3.0, 16.0, 140.0, 81.0, 1981-06-18 00:00:00, 0.0
2.0, 11.0, 40.0, 89.0, 1981-06-19 00:00:00, 0.1
0.0, 10.0, 0.0, 89.0, 1981-06-20 00:00:00, 8.0
0.0, 19.0, 0.0, 74.0, 1981-06-21 00:00:00, 5.0
3.0, 19.0, 230.0, 66.0, 1981-06-22 00:00:00, 0.0
8.0, 21.0, 230.0, 72.0, 1981-06-23 00:00:00, 0.0
2.0, 16.0, 230.0, 81.0, 1981-06-24 00:00:00, 0.0
3.0, 18.0, 230.0, 66.0, 1981-06-25 00:00:00, 0.0
5.0, 18.0, 140.0, 74.0, 1981-06-26 00:00:00, 0.0
7.0, 18.0, 230.0, 66.0, 1981-06-27 00:00:00, 1.0
0.0, 17.0, 0.0, 65.0, 1981-06-28 00:00:00, 0.1
0.0, 15.0, 0.0, 76.0, 1981-06-29 00:00:00, 0.1
10.0, 16.0, 140.0, 72.0, 1981-06-30 00:00:00, 0.1
10.0, 21.0, 230.0, 61.0, 1981-07-01 00:00:00, 0.0
8.0, 20.0, 230.0, 75.0, 1981-07-02 00:00:00, 0.0
20.0, 16.0, 230.0, 81.0, 1981-07-03 00:00:00, 7.8
5.0, 16.0, 230.0, 81.0, 1981-07-04 00:00:00, 0.0
0.0, 19.0, 0.0, 78.0, 1981-07-05 00:00:00, 0.0
5.0, 16.0, 230.0, 72.0, 1981-07-06 00:00:00, 2.0
5.0, 14.0, 140.0, 85.0, 1981-07-07 00:00:00, 0.0
5.0, 16.0, 230.0, 72.0, 1981-07-08 00:00:00, 0.0
5.0, 21.0, 230.0, 68.0, 1981-07-09 00:00:00, 0.0
2.0, 26.0, 230.0, 45.0, 1981-07-10 00:00:00, 0.0
0.0, 28.0, 0.0, 54.0, 1981-07-11 00:00:00, 0.0
3.0, 22.0, 230.0, 48.0, 1981-07-12 00:00:00, 0.0
0.0, 24.0, 0.0, 57.0, 1981-07-13 00:00:00, 0.0
0.0, 22.0, 0.0, 62.0, 1981-07-14 00:00:00, 0.0
0.0, 23.0, 0.0, 56.0, 1981-07-15 00:00:00, 0.0
0.0, 28.0, 0.0, 54.0, 1981-07-16 00:00:00, 0.0
3.0, 29.0, 230.0, 55.0, 1981-07-17 00:00:00, 0.0
4.0, 29.0, 230.0, 55.0, 1981-07-18 00:00:00, 0.0
2.0, 27.0, 230.0, 59.0, 1981-07-19 00:00:00, 0.0
3.0, 23.0, 230.0, 49.0, 1981-07-20 00:00:00, 0.0
5.0, 21.0, 230.0, 61.0, 1981-07-21 00:00:00, 0.0
3.0, 21.0, 230.0, 61.0, 1981-07-22 00:00:00, 0.0
0.0, 23.0, 0.0, 49.0, 1981-07-23 00:00:00, 0.0
0.0, 25.0, 0.0, 46.0, 1981-07-24 00:00:00, 0.0
0.0, 23.0, 0.0, 56.0, 1981-07-25 00:00:00, 0.0
0.0, 20.0, 0.0, 60.0, 1981-07-26 00:00:00, 0.0
0.0, 24.0, 0.0, 39.0, 1981-07-27 00:00:00, 0.0
0.0, 18.0, 0.0, 74.0, 1981-07-28 00:00:00, 4.0
0.0, 24.0, 0.0, 57.0, 1981-07-29 00:00:00, 0.0
0.0, 24.0, 0.0, 55.0, 1981-07-30 00:00:00, 0.0
5.0, 21.0, 230.0, 54.0, 1981-07-31 00:00:00, 0.0
2.0, 22.0, 230.0, 48.0, 1981-08-01 00:00:00, 0.0
8.0, 22.0, 270.0, 48.0, 1981-08-02 00:00:00, 0.0
3.0, 22.0, 270.0, 48.0, 1981-08-03 00:00:00, 0.0
10.0, 22.0, 270.0, 48.0, 1981-08-04 00:00:00, 0.5
10.0, 24.0, 270.0, 39.0, 1981-08-05 00:00:00, 0.0
16.0, 26.5, 270.0, 29.0, 1981-08-06 00:00:00, 0.0
0.0, 25.0, 0.0, 35.0, 1981-08-07 00:00:00, 0.0
9.0, 24.0, 270.0, 39.0, 1981-08-08 00:00:00, 0.0
9.0, 24.0, 270.0, 33.0, 1981-08-09 00:00:00, 0.0
2.0, 14.0, 270.0, 66.0, 1981-08-10 00:00:00, 0.0
2.0, 13.0, 270.0, 70.0, 1981-08-11 00:00:00, 0.0
6.0, 21.0, 320.0, 34.0, 1981-08-12 00:00:00, 1.0
6.0, 22.0, 320.0, 36.0, 1981-08-13 00:00:00, 0.0
0.0, 20.0, 0.0, 46.0, 1981-08-14 00:00:00, 0.0
10.0, 18.0, 320.0, 36.0, 1981-08-15 00:00:00, 1.5
8.0, 11.0, 320.0, 20.0, 1981-08-16 00:00:00, 0.0
4.0, 19.0, 270.0, 44.0, 1981-08-17 00:00:00, 0.0
0.0, 18.0, 0.0, 50.0, 1981-08-18 00:00:00, 0.0
0.0, 19.0, 0.0, 59.0, 1981-08-19 00:00:00, 1.0
9.0, 21.0, 270.0, 47.0, 1981-08-20 00:00:00, 0.0
19.0, 22.0, 270.0, 36.0, 1981-08-21 00:00:00, 0.0
5.0, 20.0, 270.0, 67.0, 1981-08-22 00:00:00, 1.0
0.0, 16.0, 0.0, 40.0, 1981-08-23 00:00:00, 0.0
5.0, 18.0, 90.0, 66.0, 1981-08-24 00:00:00, 0.5
5.0, 19.0, 270.0, 51.0, 1981-08-25 00:00:00, 0.0
0.0, 19.0, 0.0, 78.0, 1981-08-26 00:00:00, 0.0
0.0, 14.0, 0.0, 90.0, 1981-08-27 00:00:00, 0.5
16.0, 14.0, 270.0, 57.0, 1981-08-28 00:00:00, 30.0
10.0, 7.0, 270.0, 75.0, 1981-08-29 00:00:00, 2.0
6.0, 8.0, 320.0, 64.0, 1981-08-30 00:00:00, 0.0
0.0, 9.0, 0.0, 70.0, 1981-08-31 00:00:00, 2.0
6.0, 8.0, 270.0, 82.0, 1981-09-01 00:00:00, 12.0
6.0, 7.0, 0.0, 69.0, 1981-09-02 00:00:00, 1.5
1.0, 11.0, 0.0, 68.0, 1981-09-03 00:00:00, 0.0
3.0, 11.5, 90.0, 68.0, 1981-09-04 00:00:00, 0.0
0.0, 0.0, 0.0, 0.0, 1982-05-09 00:00:00, 0.0
13.0, 8.0, 40.0, 53.0, 1982-05-10 00:00:00, 0.0
5.0, 9.0, 320.0, 65.0, 1982-05-11 00:00:00, 0.0
13.0, 9.0, 40.0, 34.0, 1982-05-12 00:00:00, 0.0
11.0, 10.0, 140.0, 27.0, 1982-05-13 00:00:00, 0.0
5.0, 10.0, 40.0, 36.0, 1982-05-14 00:00:00, 0.0
10.0, 13.0, 140.0, 42.0, 1982-05-15 00:00:00, 0.0
8.0, 8.0, 40.0, 64.0, 1982-05-16 00:00:00, 0.0
29.0, 13.0, 40.0, 51.0, 1982-05-17 00:00:00, 0.0
0.0, 5.0, 0.0, 86.0, 1982-05-18 00:00:00, 19.5
29.0, 11.0, 140.0, 48.0, 1982-05-19 00:00:00, 0.0
4.0, 10.0, 40.0, 56.0, 1982-05-20 00:00:00, 0.0
6.0, 11.0, 140.0, 29.0, 1982-05-21 00:00:00, 4.0
7.0, 13.0, 90.0, 34.0, 1982-05-22 00:00:00, 0.0
19.0, 10.0, 90.0, 36.0, 1982-05-23 00:00:00, 0.0
49.0, 11.0, 180.0, 39.0, 1982-05-24 00:00:00, 0.0
11.0, 9.0, 270.0, 55.0, 1982-05-25 00:00:00, 0.0
0.0, 14.0, 0.0, 36.0, 1982-05-26 00:00:00, 0.0
11.0, 16.0, 40.0, 40.0, 1982-05-27 00:00:00, 0.0
0.0, 19.0, 0.0, 18.0, 1982-05-28 00:00:00, 0.0
5.0, 18.0, 40.0, 36.0, 1982-05-29 00:00:00, 0.0
7.0, 15.0, 90.0, 54.0, 1982-05-30 00:00:00, 0.0
0.0, 21.0, 0.0, 28.0, 1982-05-31 00:00:00, 0.0
0.0, 15.0, 0.0, 54.0, 1982-06-01 00:00:00, 0.0
0.0, 19.0, 0.0, 44.0, 1982-06-02 00:00:00, 3.0
28.0, 20.0, 270.0, 26.0, 1982-06-03 00:00:00, 0.0
30.0, 13.0, 40.0, 51.0, 1982-06-04 00:00:00, 0.0
12.0, 12.0, 270.0, 50.0, 1982-06-05 00:00:00, 0.0
0.0, 19.0, 0.0, 31.0, 1982-06-06 00:00:00, 0.0
31.0, 18.0, 90.0, 43.0, 1982-06-07 00:00:00, 0.0
0.0, 12.0, 0.0, 89.0, 1982-06-08 00:00:00, 3.0
40.0, 19.0, 320.0, 51.0, 1982-06-09 00:00:00, 0.0
0.0, 22.0, 0.0, 42.0, 1982-06-10 00:00:00, 0.0
30.0, 22.0, 270.0, 36.0, 1982-06-11 00:00:00, 0.0
0.0, 24.0, 0.0, 33.0, 1982-06-12 00:00:00, 0.0
0.0, 18.5, 0.0, 58.0, 1982-06-13 00:00:00, 0.0
25.0, 17.5, 140.0, 53.0, 1982-06-14 00:00:00, 2.5
20.0, 17.5, 270.0, 31.0, 1982-06-15 00:00:00, 0.0
0.0, 11.5, 0.0, 84.0, 1982-06-16 00:00:00, 0.0
19.0, 19.0, 180.0, 34.0, 1982-06-17 00:00:00, 1.5
0.0, 22.5, 0.0, 37.0, 1982-06-18 00:00:00, 0.0
0.0, 25.0, 0.0, 37.0, 1982-06-19 00:00:00, 0.0
38.0, 21.0, 140.0, 37.0, 1982-06-20 00:00:00, 0.0
40.0, 13.0, 320.0, 48.0, 1982-06-21 00:00:00, 0.0
0.0, 17.0, 0.0, 38.0, 1982-06-22 00:00:00, 0.0
0.0, 22.0, 0.0, 33.0, 1982-06-23 00:00:00, 0.0
42.0, 22.0, 90.0, 42.0, 1982-06-24 00:00:00, 0.0
0.0, 19.5, 0.0, 52.0, 1982-06-25 00:00:00, 0.0
19.0, 24.5, 140.0, 11.0, 1982-06-26 00:00:00, 0.0
0.0, 25.0, 0.0, 32.0, 1982-06-27 00:00:00, 0.0
0.0, 24.5, 0.0, 42.0, 1982-06-28 00:00:00, 0.0
0.0, 22.5, 0.0, 37.0, 1982-06-29 00:00:00, 0.0
12.0, 24.5, 270.0, 42.0, 1982-06-30 00:00:00, 0.0
0.0, 19.5, 0.0, 75.0, 1982-07-01 00:00:00, 3.8
0.0, 22.0, 0.0, 69.0, 1982-07-02 00:00:00, 2.5
0.0, 20.5, 0.0, 60.0, 1982-07-03 00:00:00, 0.0
0.0, 19.0, 0.0, 63.0, 1982-07-04 00:00:00, 0.0
38.0, 22.5, 40.0, 46.0, 1982-07-05 00:00:00, 1.5
25.0, 23.0, 40.0, 49.0, 1982-07-06 00:00:00, 0.0
49.0, 25.5, 90.0, 38.0, 1982-07-07 00:00:00, 0.0
0.0, 23.0, 0.0, 40.0, 1982-07-08 00:00:00, 0.0
0.0, 16.5, 0.0, 73.0, 1982-07-09 00:00:00, 0.0
0.0, 19.5, 0.0, 59.0, 1982-07-10 00:00:00, 0.0
0.0, 20.5, 0.0, 42.0, 1982-07-11 00:00:00, 0.0
0.0, 20.5, 0.0, 42.0, 1982-07-12 00:00:00, 0.0
49.0, 23.0, 140.0, 49.0, 1982-07-13 00:00:00, 0.0
21.0, 22.5, 140.0, 55.0, 1982-07-14 00:00:00, 0.0
0.0, 24.5, 0.0, 45.0, 1982-07-15 00:00:00, 0.0
0.0, 18.0, 0.0, 58.0, 1982-07-16 00:00:00, 3.0
26.0, 15.0, 180.0, 55.0, 1982-07-17 00:00:00, 0.0
0.0, 16.5, 0.0, 52.0, 1982-07-18 00:00:00, 0.0
0.0, 11.5, 0.0, 84.0, 1982-07-19 00:00:00, 0.0
0.0, 16.5, 0.0, 64.0, 1982-07-20 00:00:00, 0.0
0.0, 20.5, 0.0, 43.0, 1982-07-21 00:00:00, 0.0
25.0, 25.0, 270.0, 37.0, 1982-07-22 00:00:00, 0.0
48.0, 23.5, 270.0, 38.0, 1982-07-23 00:00:00, 8.5
20.0, 25.5, 90.0, 41.0, 1982-07-24 00:00:00, 0.0
0.0, 26.0, 0.0, 36.0, 1982-07-25 00:00:00, 0.0
52.0, 25.0, 140.0, 32.0, 1982-07-26 00:00:00, 0.0
0.0, 20.0, 0.0, 49.0, 1982-07-27 00:00:00, 0.0
0.0, 26.5, 0.0, 37.0, 1982-07-28 00:00:00, 0.0
27.0, 28.0, 140.0, 24.0, 1982-07-29 00:00:00, 0.0
0.0, 28.0, 0.0, 24.0, 1982-07-30 00:00:00, 0.0
0.0, 27.0, 0.0, 22.0, 1982-07-31 00:00:00, 0.0
19.0, 1.5, 40.0, 92.0, 1983-05-04 00:00:00, 4.6
8.0, 3.0, 320.0, 85.0, 1983-05-05 00:00:00, 0.0
11.0, 7.0, 40.0, 69.0, 1983-05-06 00:00:00, 0.5
13.0, 9.5, 40.0, 61.0, 1983-05-07 00:00:00, 0.0
22.0, 9.0, 90.0, 49.0, 1983-05-08 00:00:00, 0.0
8.0, 12.5, 180.0, 46.0, 1983-05-09 00:00:00, 0.0
2.0, 9.0, 0.0, 94.0, 1983-05-10 00:00:00, 2.3
2.0, 14.0, 230.0, 44.0, 1983-05-11 00:00:00, 0.5
21.0, 6.0, 40.0, 61.0, 1983-05-12 00:00:00, 0.0
8.0, 5.0, 140.0, 54.0, 1983-05-13 00:00:00, 0.0
6.0, 11.0, 140.0, 53.0, 1983-05-14 00:00:00, 0.0
2.0, 12.5, 320.0, 64.0, 1983-05-15 00:00:00, 0.0
11.0, 15.5, 320.0, 35.0, 1983-05-16 00:00:00, 0.8
40.0, 14.0, 230.0, 32.0, 1983-05-17 00:00:00, 0.8
32.0, 10.5, 180.0, 42.0, 1983-05-18 00:00:00, 0.1
11.0, 12.5, 140.0, 50.0, 1983-05-19 00:00:00, 0.0
18.0, 12.5, 270.0, 60.0, 1983-05-20 00:00:00, 5.8
18.0, 12.0, 230.0, 45.0, 1983-05-21 00:00:00, 0.5
24.0, 5.0, 90.0, 86.0, 1983-05-22 00:00:00, 1.3
2.0, 8.0, 140.0, 64.0, 1983-05-23 00:00:00, 4.6
26.0, 16.0, 140.0, 40.0, 1983-05-24 00:00:00, 0.0
24.0, 12.0, 270.0, 36.0, 1983-05-25 00:00:00, 0.0
21.0, 10.0, 270.0, 36.0, 1983-05-26 00:00:00, 0.0
24.0, 16.0, 90.0, 28.0, 1983-05-27 00:00:00, 0.0
16.0, 24.0, 180.0, 30.0, 1983-05-28 00:00:00, 0.0
1.0, 27.5, 270.0, 28.0, 1983-05-29 00:00:00, 0.0
13.0, 30.0, 90.0, 34.0, 1983-05-30 00:00:00, 0.0
19.0, 27.0, 40.0, 25.0, 1983-05-31 00:00:00, 0.0
22.0, 23.0, 40.0, 32.0, 1983-06-01 00:00:00, 0.0
27.0, 12.5, 0.0, 46.0, 1983-06-02 00:00:00, 0.0
16.0, 10.0, 40.0, 83.0, 1983-06-03 00:00:00, 12.4
10.0, 12.0, 40.0, 74.0, 1983-06-04 00:00:00, 9.2
13.0, 11.5, 230.0, 68.0, 1983-06-05 00:00:00, 0.3
2.0, 11.5, 90.0, 78.0, 1983-06-06 00:00:00, 4.1
13.0, 16.5, 230.0, 44.0, 1983-06-07 00:00:00, 1.8
10.0, 15.5, 40.0, 63.0, 1983-06-08 00:00:00, 0.0
13.0, 16.5, 40.0, 56.0, 1983-06-09 00:00:00, 0.0
13.0, 14.5, 40.0, 57.0, 1983-06-10 00:00:00, 0.0
8.0, 17.5, 230.0, 50.0, 1983-06-11 00:00:00, 0.0
11.0, 18.5, 230.0, 33.0, 1983-06-12 00:00:00, 0.0
10.0, 21.0, 320.0, 34.0, 1983-06-13 00:00:00, 0.0
8.0, 22.0, 90.0, 30.0, 1983-06-14 00:00:00, 0.0
5.0, 18.5, 230.0, 55.0, 1983-06-15 00:00:00, 0.3
2.0, 18.0, 230.0, 36.0, 1983-06-16 00:00:00, 3.3
11.0, 20.0, 230.0, 36.0, 1983-06-17 00:00:00, 0.0
16.0, 18.5, 40.0, 58.0, 1983-06-18 00:00:00, 2.0
2.0, 17.5, 180.0, 57.0, 1983-06-19 00:00:00, 5.1
16.0, 20.0, 40.0, 29.0, 1983-06-20 00:00:00, 0.0
2.0, 24.0, 90.0, 36.0, 1983-06-21 00:00:00, 0.0
13.0, 24.5, 40.0, 39.0, 1983-06-22 00:00:00, 0.0
2.0, 25.0, 90.0, 37.0, 1983-06-23 00:00:00, 0.0
16.0, 24.5, 90.0, 42.0, 1983-06-24 00:00:00, 0.0
32.0, 25.0, 40.0, 32.0, 1983-06-25 00:00:00, 0.0
16.0, 25.0, 140.0, 37.0, 1983-06-26 00:00:00, 0.0
18.0, 25.0, 180.0, 35.0, 1983-06-27 00:00:00, 0.0
8.0, 25.5, 230.0, 25.0, 1983-06-28 00:00:00, 0.0
18.0, 27.5, 40.0, 33.0, 1983-06-29 00:00:00, 0.0
35.0, 26.0, 40.0, 33.0, 1983-06-30 00:00:00, 0.0
29.0, 26.0, 320.0, 36.0, 1983-07-01 00:00:00, 0.0
16.0, 27.0, 40.0, 35.0, 1983-07-02 00:00:00, 0.0
13.0, 23.0, 40.0, 18.0, 1983-07-03 00:00:00, 0.0
11.0, 18.5, 140.0, 58.0, 1983-07-04 00:00:00, 3.8
14.0, 13.0, 140.0, 70.0, 1983-07-05 00:00:00, 0.8
24.0, 17.5, 90.0, 50.0, 1983-07-06 00:00:00, 0.0
32.0, 17.5, 40.0, 38.0, 1983-07-07 00:00:00, 0.0
13.0, 17.0, 40.0, 65.0, 1983-07-08 00:00:00, 0.3
16.0, 19.0, 230.0, 41.0, 1983-07-09 00:00:00, 0.0
24.0, 19.0, 230.0, 44.0, 1983-07-10 00:00:00, 0.0
18.0, 18.0, 180.0, 32.0, 1983-07-11 00:00:00, 1.3
11.0, 19.0, 180.0, 31.0, 1983-07-12 00:00:00, 0.0
2.0, 17.5, 230.0, 35.0, 1983-07-13 00:00:00, 0.0
21.0, 21.0, 180.0, 37.0, 1983-07-14 00:00:00, 0.0
21.0, 21.0, 230.0, 47.0, 1983-07-15 00:00:00, 0.1
21.0, 22.5, 230.0, 40.0, 1983-07-16 00:00:00, 4.3
16.0, 22.5, 230.0, 31.0, 1983-07-17 00:00:00, 0.0
2.0, 21.0, 230.0, 41.0, 1983-07-18 00:00:00, 0.5
16.0, 23.0, 270.0, 43.0, 1983-07-19 00:00:00, 0.0
8.0, 22.0, 230.0, 55.0, 1983-07-20 00:00:00, 7.6
10.0, 22.0, 40.0, 48.0, 1983-07-21 00:00:00, 4.1
8.0, 19.0, 140.0, 51.0, 1983-07-22 00:00:00, 0.0
8.0, 20.5, 230.0, 46.0, 1983-07-23 00:00:00, 0.0
8.0, 28.0, 0.0, 21.0, 1983-07-24 00:00:00, 0.0
13.0, 23.0, 40.0, 49.0, 1983-07-25 00:00:00, 0.8
11.0, 19.0, 230.0, 78.0, 1983-07-26 00:00:00, 3.3
8.0, 22.0, 230.0, 72.0, 1983-07-27 00:00:00, 1.3
11.0, 22.5, 230.0, 46.0, 1983-07-28 00:00:00, 1.0
24.0, 21.5, 270.0, 44.0, 1983-07-29 00:00:00, 0.0
14.0, 24.0, 140.0, 36.0, 1983-07-30 00:00:00, 0.0
10.0, 27.0, 180.0, 32.0, 1983-07-31 00:00:00, 0.3
8.0, 16.0, 0.0, 95.0, 1983-08-01 00:00:00, 4.1
8.0, 19.0, 0.0, 48.0, 1983-08-02 00:00:00, 0.0
6.0, 17.0, 0.0, 77.0, 1983-08-03 00:00:00, 1.8
16.0, 18.0, 0.0, 58.0, 1983-08-04 00:00:00, 0.8
24.0, 22.0, 0.0, 39.0, 1983-08-05 00:00:00, 0.0
0.0, 20.0, 0.0, 36.0, 1983-08-06 00:00:00, 0.0
13.0, 19.0, 0.0, 44.0, 1983-08-07 00:00:00, 0.0
16.0, 22.0, 0.0, 36.0, 1983-08-08 00:00:00, 0.5
8.0, 24.0, 0.0, 45.0, 1983-08-09 00:00:00, 0.0
15.0, 19.0, 0.0, 44.0, 1983-08-10 00:00:00, 0.0
13.0, 19.0, 0.0, 41.0, 1983-08-11 00:00:00, 0.0
8.0, 19.0, 0.0, 41.0, 1983-08-12 00:00:00, 0.8
22.0, 17.5, 0.0, 38.0, 1983-08-13 00:00:00, 0.0
32.0, 16.5, 0.0, 40.0, 1983-08-14 00:00:00, 0.0
16.0, 17.0, 0.0, 53.0, 1983-08-15 00:00:00, 0.0
16.0, 17.5, 0.0, 38.0, 1983-08-16 00:00:00, 0.3
0.0, 9.0, 0.0, 82.0, 1983-08-17 00:00:00, 6.4
8.0, 15.5, 0.0, 51.0, 1983-08-18 00:00:00, 0.3
8.0, 13.0, 0.0, 70.0, 1983-08-19 00:00:00, 7.1
18.0, 13.0, 0.0, 56.0, 1983-08-20 00:00:00, 3.0
29.0, 17.5, 0.0, 53.0, 1983-08-21 00:00:00, 1.3
13.0, 20.5, 0.0, 46.0, 1983-08-22 00:00:00, 0.0
19.0, 20.0, 0.0, 42.0, 1983-08-23 00:00:00, 0.0
27.0, 18.0, 0.0, 43.0, 1983-08-24 00:00:00, 0.0
10.0, 20.0, 0.0, 46.0, 1983-08-25 00:00:00, 0.0
8.0, 20.0, 0.0, 39.0, 1983-08-26 00:00:00, 0.8
2.0, 19.0, 0.0, 44.0, 1983-08-27 00:00:00, 0.0
16.0, 20.0, 0.0, 49.0, 1983-08-28 00:00:00, 0.0
2.0, 21.0, 0.0, 47.0, 1983-08-29 00:00:00, 0.0
34.0, 21.0, 0.0, 41.0, 1983-08-30 00:00:00, 0.0
0.0, 0.0, 0.0, 0.0, 1984-05-01 00:00:00, 0.0
16.0, 16.0, 90.0, 28.0, 1984-05-02 00:00:00, 0.0
9.0, 4.5, 270.0, 86.0, 1984-05-03 00:00:00, 3.3
4.0, 7.0, 90.0, 63.0, 1984-05-04 00:00:00, 4.5
4.0, 11.0, 270.0, 39.0, 1984-05-05 00:00:00, 0.0
8.0, 15.0, 140.0, 30.0, 1984-05-06 00:00:00, 0.0
16.0, 15.0, 180.0, 34.0, 1984-05-07 00:00:00, 0.0
24.0, 13.5, 0.0, 31.0, 1984-05-08 00:00:00, 0.0
16.0, 11.0, 0.0, 29.0, 1984-05-09 00:00:00, 0.0
5.0, 11.0, 230.0, 39.0, 1984-05-10 00:00:00, 0.0
8.0, 13.0, 320.0, 42.0, 1984-05-11 00:00:00, 0.0
24.0, 12.5, 270.0, 46.0, 1984-05-12 00:00:00, 0.0
3.0, 16.0, 40.0, 28.0, 1984-05-13 00:00:00, 0.0
6.0, 15.5, 230.0, 47.0, 1984-05-14 00:00:00, 0.0
4.0, 12.0, 90.0, 64.0, 1984-05-15 00:00:00, 2.3
11.0, 14.5, 0.0, 33.0, 1984-05-16 00:00:00, 0.0
4.0, 13.5, 0.0, 43.0, 1984-05-17 00:00:00, 0.0
8.0, 14.0, 90.0, 40.0, 1984-05-18 00:00:00, 0.0
16.0, 13.0, 40.0, 47.0, 1984-05-19 00:00:00, 0.9
20.0, 7.0, 90.0, 87.0, 1984-05-20 00:00:00, 6.2
12.0, 12.0, 320.0, 64.0, 1984-05-21 00:00:00, 1.2
11.0, 15.0, 40.0, 42.0, 1984-05-22 00:00:00, 11.0
11.0, 13.0, 40.0, 38.0, 1984-05-23 00:00:00, 0.0
16.0, 11.0, 320.0, 68.0, 1984-05-24 00:00:00, 0.0
2.0, 11.0, 180.0, 63.0, 1984-05-25 00:00:00, 1.0
16.0, 15.0, 320.0, 34.0, 1984-05-26 00:00:00, 0.0
11.0, 13.0, 140.0, 30.0, 1984-05-27 00:00:00, 0.0
5.0, 9.0, 0.0, 65.0, 1984-05-28 00:00:00, 0.0
11.0, 11.0, 230.0, 39.0, 1984-05-29 00:00:00, 4.0
12.0, 14.5, 270.0, 37.0, 1984-05-30 00:00:00, 0.0
11.0, 14.0, 270.0, 40.0, 1984-05-31 00:00:00, 0.0
12.0, 13.5, 270.0, 43.0, 1984-06-01 00:00:00, 0.0
12.0, 12.5, 230.0, 55.0, 1984-06-02 00:00:00, 0.0
8.0, 14.0, 140.0, 40.0, 1984-06-03 00:00:00, 0.3
12.0, 16.0, 40.0, 43.0, 1984-06-04 00:00:00, 0.0
12.0, 14.0, 0.0, 62.0, 1984-06-05 00:00:00, 1.0
1.0, 11.0, 0.0, 89.0, 1984-06-06 00:00:00, 2.5
16.0, 13.0, 40.0, 84.0, 1984-06-07 00:00:00, 21.0
2.0, 17.0, 90.0, 65.0, 1984-06-08 00:00:00, 5.4
8.0, 19.0, 320.0, 59.0, 1984-06-09 00:00:00, 0.4
2.0, 19.0, 270.0, 55.0, 1984-06-10 00:00:00, 0.5
8.0, 21.5, 0.0, 51.0, 1984-06-11 00:00:00, 0.0
2.0, 21.0, 90.0, 44.0, 1984-06-12 00:00:00, 0.0
11.0, 16.0, 270.0, 40.0, 1984-06-13 00:00:00, 0.0
16.0, 13.5, 270.0, 61.0, 1984-06-14 00:00:00, 0.0
9.0, 15.0, 270.0, 34.0, 1984-06-15 00:00:00, 0.0
16.0, 17.0, 140.0, 41.0, 1984-06-16 00:00:00, 0.0
5.0, 9.0, 140.0, 88.0, 1984-06-17 00:00:00, 2.0
0.0, 16.0, 0.0, 72.0, 1984-06-18 00:00:00, 4.2
5.0, 19.0, 140.0, 63.0, 1984-06-19 00:00:00, 4.2
3.0, 16.0, 270.0, 68.0, 1984-06-20 00:00:00, 3.2
10.0, 19.0, 0.0, 55.0, 1984-06-21 00:00:00, 11.8
2.0, 20.0, 180.0, 53.0, 1984-06-22 00:00:00, 1.1
13.0, 16.0, 140.0, 72.0, 1984-06-23 00:00:00, 4.8
11.0, 10.0, 180.0, 83.0, 1984-06-24 00:00:00, 0.0
2.0, 20.0, 90.0, 56.0, 1984-06-25 00:00:00, 0.0
10.0, 21.0, 140.0, 47.0, 1984-06-26 00:00:00, 0.6
11.0, 19.0, 230.0, 30.0, 1984-06-27 00:00:00, 1.0
16.0, 17.0, 180.0, 38.0, 1984-06-28 00:00:00, 0.0
13.0, 18.0, 140.0, 32.0, 1984-06-29 00:00:00, 0.0
11.0, 17.0, 270.0, 38.0, 1984-06-30 00:00:00, 0.0
16.0, 12.0, 270.0, 74.0, 1984-07-01 00:00:00, 2.5
10.0, 13.0, 230.0, 65.0, 1984-07-02 00:00:00, 2.6
5.0, 17.0, 270.0, 41.0, 1984-07-03 00:00:00, 0.0
3.0, 20.0, 90.0, 33.0, 1984-07-04 00:00:00, 0.0
8.0, 17.0, 90.0, 53.0, 1984-07-05 00:00:00, 0.0
3.0, 18.0, 270.0, 66.0, 1984-07-06 00:00:00, 11.5
5.0, 22.0, 270.0, 48.0, 1984-07-07 00:00:00, 0.0
16.0, 19.0, 270.0, 44.0, 1984-07-08 00:00:00, 0.3
3.0, 16.0, 320.0, 59.0, 1984-07-09 00:00:00, 0.5
8.0, 15.0, 180.0, 54.0, 1984-07-10 00:00:00, 1.0
5.0, 18.0, 180.0, 36.0, 1984-07-11 00:00:00, 0.0
5.0, 19.5, 320.0, 42.0, 1984-07-12 00:00:00, 0.0
8.0, 18.0, 180.0, 54.0, 1984-07-13 00:00:00, 0.0
16.0, 18.0, 270.0, 38.0, 1984-07-14 00:00:00, 1.1
16.0, 18.0, 270.0, 39.0, 1984-07-15 00:00:00, 0.0
13.0, 17.5, 140.0, 57.0, 1984-07-16 00:00:00, 1.5
8.0, 15.5, 270.0, 43.0, 1984-07-17 00:00:00, 0.0
11.0, 17.5, 140.0, 28.0, 1984-07-18 00:00:00, 0.0
8.0, 10.0, 180.0, 77.0, 1984-07-19 00:00:00, 0.0
10.0, 19.0, 230.0, 51.0, 1984-07-20 00:00:00, 1.3
11.0, 23.0, 270.0, 34.0, 1984-07-21 00:00:00, 0.0
5.0, 24.5, 90.0, 34.0, 1984-07-22 00:00:00, 0.0
3.0, 23.5, 140.0, 32.0, 1984-07-23 00:00:00, 0.0
2.0, 26.0, 90.0, 26.0, 1984-07-24 00:00:00, 0.0
6.0, 26.0, 90.0, 28.0, 1984-07-25 00:00:00, 0.0
6.0, 28.0, 180.0, 26.0, 1984-07-26 00:00:00, 0.0
8.0, 13.0, 90.0, 84.0, 1984-07-27 00:00:00, 4.5
8.0, 22.5, 270.0, 31.0, 1984-07-28 00:00:00, 0.0
5.0, 23.0, 90.0, 34.0, 1984-07-29 00:00:00, 0.0
0.0, 24.5, 0.0, 37.0, 1984-07-30 00:00:00, 0.0
0.0, 23.0, 0.0, 49.0, 1984-07-31 00:00:00, 0.0
5.0, 21.0, 230.0, 50.0, 1984-08-01 00:00:00, 4.0
2.0, 25.0, 270.0, 32.0, 1984-08-02 00:00:00, 0.0
2.0, 25.0, 90.0, 37.0, 1984-08-03 00:00:00, 0.0
3.0, 28.0, 230.0, 36.0, 1984-08-04 00:00:00, 0.0
8.0, 27.0, 90.0, 37.0, 1984-08-05 00:00:00, 0.0
3.0, 23.0, 90.0, 63.0, 1984-08-06 00:00:00, 0.0
0.0, 15.5, 0.0, 90.0, 1984-08-07 00:00:00, 9.5
8.0, 19.5, 90.0, 63.0, 1984-08-08 00:00:00, 1.0
13.0, 18.0, 180.0, 46.0, 1984-08-09 00:00:00, 2.0
11.0, 14.5, 140.0, 67.0, 1984-08-10 00:00:00, 4.0
0.0, 18.5, 0.0, 47.0, 1984-08-11 00:00:00, 0.0
8.0, 16.5, 270.0, 52.0, 1984-08-12 00:00:00, 0.0
0.0, 9.0, 0.0, 82.0, 1984-08-13 00:00:00, 15.2
18.0, 12.0, 270.0, 54.0, 1984-08-14 00:00:00, 0.0
13.0, 19.0, 180.0, 41.0, 1984-08-15 00:00:00, 0.0
19.0, 21.5, 230.0, 38.0, 1984-08-16 00:00:00, 0.0
5.0, 23.0, 180.0, 40.0, 1984-08-17 00:00:00, 0.0
0.0, 12.0, 0.0, 84.0, 1984-08-18 00:00:00, 1.0
0.0, 16.5, 0.0, 68.0, 1984-08-19 00:00:00, 15.0
0.0, 20.0, 0.0, 42.0, 1984-08-20 00:00:00, 0.0
7.0, 17.5, 230.0, 50.0, 1984-08-21 00:00:00, 2.7
1.0, 19.0, 90.0, 37.0, 1984-08-22 00:00:00, 0.0
7.0, 17.0, 230.0, 45.0, 1984-08-23 00:00:00, 0.0
7.0, 16.0, 230.0, 55.0, 1984-08-24 00:00:00, 0.0
5.0, 15.0, 180.0, 76.0, 1984-08-25 00:00:00, 9.1
7.0, 15.5, 90.0, 55.0, 1984-08-26 00:00:00, 1.0
11.0, 8.0, 270.0, 76.0, 1984-08-27 00:00:00, 0.0
10.0, 9.0, 140.0, 65.0, 1984-08-28 00:00:00, 3.5
0.0, 10.0, 0.0, 56.0, 1984-08-29 00:00:00, 0.0
7.0, 5.0, 90.0, 79.0, 1984-08-30 00:00:00, 2.2
2.0, 8.0, 320.0, 70.0, 1984-08-31 00:00:00, 2.5
0.0, 0.0, 0.0, 0.0, 1985-05-05 00:00:00, 0.0
8.0, 9.5, 0.0, 55.0, 1985-05-06 00:00:00, 11.9
12.0, 11.5, 230.0, 80.0, 1985-05-07 00:00:00, 0.0
19.0, 9.5, 180.0, 55.0, 1985-05-08 00:00:00, 0.0
11.0, 9.0, 230.0, 55.0, 1985-05-09 00:00:00, 0.0
35.0, 6.5, 230.0, 44.0, 1985-05-10 00:00:00, 0.0
15.0, 6.5, 0.0, 45.0, 1985-05-11 00:00:00, 0.0
15.0, 10.0, 0.0, 61.0, 1985-05-12 00:00:00, 0.0
11.0, 10.0, 0.0, 61.0, 1985-05-13 00:00:00, 0.0
19.0, 10.5, 230.0, 24.0, 1985-05-14 00:00:00, 0.0
27.0, 16.0, 180.0, 36.0, 1985-05-15 00:00:00, 0.0
6.0, 21.0, 90.0, 28.0, 1985-05-16 00:00:00, 0.0
14.0, 16.0, 270.0, 32.0, 1985-05-17 00:00:00, 0.0
9.0, 16.0, 0.0, 20.0, 1985-05-18 00:00:00, 0.0
9.0, 14.0, 0.0, 30.0, 1985-05-19 00:00:00, 0.0
5.0, 16.0, 270.0, 22.0, 1985-05-20 00:00:00, 0.0
17.0, 10.5, 180.0, 42.0, 1985-05-21 00:00:00, 0.0
9.0, 11.0, 270.0, 63.0, 1985-05-22 00:00:00, 0.0
9.0, 16.5, 90.0, 33.0, 1985-05-23 00:00:00, 0.0
12.0, 13.5, 40.0, 43.0, 1985-05-24 00:00:00, 0.0
5.0, 16.0, 0.0, 36.0, 1985-05-25 00:00:00, 0.0
14.0, 18.0, 0.0, 27.0, 1985-05-26 00:00:00, 0.0
24.0, 10.0, 0.0, 66.0, 1985-05-27 00:00:00, 0.2
11.0, 13.0, 0.0, 50.0, 1985-05-28 00:00:00, 0.3
3.0, 13.0, 0.0, 47.0, 1985-05-29 00:00:00, 0.0
42.0, 16.0, 0.0, 33.0, 1985-05-30 00:00:00, 0.0
9.0, 18.0, 0.0, 30.0, 1985-05-31 00:00:00, 0.0
3.0, 22.0, 0.0, 36.0, 1985-06-01 00:00:00, 0.0
8.0, 23.0, 90.0, 27.0, 1985-06-02 00:00:00, 0.0
16.0, 23.0, 140.0, 26.0, 1985-06-03 00:00:00, 0.0
5.0, 24.5, 0.0, 21.0, 1985-06-04 00:00:00, 0.0
4.0, 11.0, 230.0, 68.0, 1985-06-05 00:00:00, 0.0
4.0, 16.0, 230.0, 42.0, 1985-06-06 00:00:00, 3.5
10.0, 15.0, 40.0, 30.0, 1985-06-07 00:00:00, 0.0
24.0, 14.5, 320.0, 25.0, 1985-06-08 00:00:00, 0.0
8.0, 15.0, 270.0, 50.0, 1985-06-09 00:00:00, 0.0
10.0, 20.0, 270.0, 26.0, 1985-06-10 00:00:00, 0.0
8.0, 18.0, 140.0, 36.0, 1985-06-11 00:00:00, 0.0
5.0, 14.0, 320.0, 44.0, 1985-06-12 00:00:00, 0.5
16.0, 14.0, 320.0, 44.0, 1985-06-13 00:00:00, 0.0
3.0, 15.0, 180.0, 38.0, 1985-06-14 00:00:00, 0.0
24.0, 17.0, 320.0, 27.0, 1985-06-15 00:00:00, 0.0
11.0, 14.0, 270.0, 28.0, 1985-06-16 00:00:00, 0.0
0.0, 18.0, 0.0, 26.0, 1985-06-17 00:00:00, 0.0
18.0, 23.0, 320.0, 29.0, 1985-06-18 00:00:00, 0.0
12.0, 20.0, 320.0, 26.0, 1985-06-19 00:00:00, 0.0
0.0, 18.5, 0.0, 44.0, 1985-06-20 00:00:00, 0.0
2.0, 12.0, 140.0, 74.0, 1985-06-21 00:00:00, 3.1
9.0, 11.0, 270.0, 63.0, 1985-06-22 00:00:00, 0.0
6.0, 22.0, 140.0, 36.0, 1985-06-23 00:00:00, 0.0
2.0, 20.0, 230.0, 60.0, 1985-06-24 00:00:00, 0.0
1.0, 17.0, 40.0, 49.0, 1985-06-25 00:00:00, 0.0
0.0, 15.0, 0.0, 67.0, 1985-06-26 00:00:00, 2.2
6.0, 15.0, 320.0, 46.0, 1985-06-27 00:00:00, 3.3
6.0, 20.0, 230.0, 60.0, 1985-06-28 00:00:00, 0.0
8.0, 23.0, 140.0, 32.0, 1985-06-29 00:00:00, 0.0
10.0, 20.0, 0.0, 53.0, 1985-06-30 00:00:00, 0.0
16.0, 21.0, 180.0, 54.0, 1985-07-01 00:00:00, 0.0
8.0, 16.0, 230.0, 59.0, 1985-07-02 00:00:00, 8.0
2.0, 20.0, 230.0, 60.0, 1985-07-03 00:00:00, 0.0
0.0, 23.0, 0.0, 32.0, 1985-07-04 00:00:00, 0.0
4.0, 17.0, 180.0, 77.0, 1985-07-05 00:00:00, 1.5
6.0, 13.0, 140.0, 84.0, 1985-07-06 00:00:00, 11.0
5.0, 15.0, 320.0, 71.0, 1985-07-07 00:00:00, 2.5
4.0, 23.0, 320.0, 40.0, 1985-07-08 00:00:00, 0.0
5.0, 23.0, 230.0, 40.0, 1985-07-09 00:00:00, 0.0
2.0, 16.5, 230.0, 77.0, 1985-07-10 00:00:00, 0.1
4.0, 13.0, 270.0, 80.0, 1985-07-11 00:00:00, 6.5
5.0, 15.5, 180.0, 76.0, 1985-07-12 00:00:00, 0.0
4.0, 19.0, 230.0, 44.0, 1985-07-13 00:00:00, 0.5
16.0, 14.0, 320.0, 62.0, 1985-07-14 00:00:00, 0.0
8.0, 21.0, 230.0, 47.0, 1985-07-15 00:00:00, 0.0
4.0, 24.0, 270.0, 33.0, 1985-07-16 00:00:00, 0.0
10.0, 25.0, 320.0, 35.0, 1985-07-17 00:00:00, 0.0
6.0, 16.0, 140.0, 55.0, 1985-07-18 00:00:00, 0.5
1.0, 15.0, 270.0, 58.0, 1985-07-19 00:00:00, 0.0
0.0, 18.0, 0.0, 70.0, 1985-07-20 00:00:00, 3.0
6.0, 17.0, 270.0, 99.0, 1985-07-21 00:00:00, 4.0
0.0, 16.0, 0.0, 47.0, 1985-07-22 00:00:00, 9.0
2.0, 14.5, 230.0, 80.0, 1985-07-23 00:00:00, 0.5
5.0, 17.0, 320.0, 59.0, 1985-07-24 00:00:00, 0.7
2.0, 17.0, 320.0, 49.0, 1985-07-25 00:00:00, 0.0
4.0, 19.0, 320.0, 59.0, 1985-07-26 00:00:00, 4.5
6.0, 19.5, 270.0, 52.0, 1985-07-27 00:00:00, 0.0
0.0, 22.5, 0.0, 46.0, 1985-07-28 00:00:00, 0.0
0.0, 22.0, 0.0, 48.0, 1985-07-29 00:00:00, 0.0
6.0, 19.5, 270.0, 52.0, 1985-07-30 00:00:00, 0.0
14.0, 25.5, 40.0, 33.0, 1985-07-31 00:00:00, 0.0
4.0, 22.0, 320.0, 39.0, 1985-08-01 00:00:00, 0.0
2.0, 22.0, 320.0, 52.0, 1985-08-02 00:00:00, 1.0
16.0, 22.0, 320.0, 33.0, 1985-08-03 00:00:00, 0.0
5.0, 20.0, 270.0, 49.0, 1985-08-04 00:00:00, 0.0
0.0, 14.0, 0.0, 90.0, 1985-08-05 00:00:00, 7.0
0.0, 21.0, 0.0, 47.0, 1985-08-06 00:00:00, 0.0
7.0, 20.0, 270.0, 49.0, 1985-08-07 00:00:00, 0.0
0.0, 15.0, 0.0, 90.0, 1985-08-08 00:00:00, 0.0
7.0, 15.0, 320.0, 67.0, 1985-08-09 00:00:00, 3.5
10.0, 15.0, 320.0, 54.0, 1985-08-10 00:00:00, 0.0
10.0, 15.0, 270.0, 54.0, 1985-08-11 00:00:00, 0.0
6.0, 20.0, 230.0, 39.0, 1985-08-12 00:00:00, 0.5
0.0, 16.5, 0.0, 68.0, 1985-08-13 00:00:00, 0.0
5.0, 17.0, 320.0, 57.0, 1985-08-14 00:00:00, 1.5
10.0, 22.0, 320.0, 36.0, 1985-08-15 00:00:00, 1.0
6.0, 20.0, 270.0, 39.0, 1985-08-16 00:00:00, 0.0
0.0, 15.0, 0.0, 67.0, 1985-08-17 00:00:00, 1.0
4.0, 14.0, 320.0, 53.0, 1985-08-18 00:00:00, 0.0
14.0, 12.0, 40.0, 64.0, 1985-08-19 00:00:00, 0.0
2.0, 15.0, 90.0, 54.0, 1985-08-20 00:00:00, 0.0
5.0, 18.0, 320.0, 36.0, 1985-08-21 00:00:00, 0.0
16.0, 17.0, 320.0, 57.0, 1985-08-22 00:00:00, 6.5
8.0, 12.0, 180.0, 64.0, 1985-08-23 00:00:00, 0.0
6.0, 9.0, 320.0, 99.0, 1985-08-24 00:00:00, 2.5
0.0, 12.0, 0.0, 79.0, 1985-08-25 00:00:00, 13.3
8.0, 12.0, 230.0, 69.0, 1985-08-26 00:00:00, 0.0
6.0, 12.5, 140.0, 64.0, 1985-08-27 00:00:00, 0.0
3.0, 10.0, 0.0, 99.0, 1985-08-28 00:00:00, 4.0
0.0, 13.0, 0.0, 70.0, 1985-08-29 00:00:00, 0.0
0.0, 12.0, 0.0, 79.0, 1985-08-30 00:00:00, 0.0
0.0, 0.0, 0.0, 0.0, 1986-04-30 00:00:00, 0.0
2.0, 8.0, 90.0, 53.0, 1986-05-01 00:00:00, 0.0
2.0, 8.0, 90.0, 53.0, 1986-05-02 00:00:00, 0.0
0.0, 11.0, 0.0, 39.0, 1986-05-03 00:00:00, 0.0
6.0, 11.0, 230.0, 44.0, 1986-05-04 00:00:00, 0.0
2.0, 12.0, 230.0, 37.0, 1986-05-05 00:00:00, 0.0
10.0, 11.0, 140.0, 58.0, 1986-05-06 00:00:00, 0.0
6.0, 11.0, 230.0, 58.0, 1986-05-07 00:00:00, 2.5
15.0, 6.0, 320.0, 74.0, 1986-05-08 00:00:00, 0.1
4.0, 8.0, 0.0, 53.0, 1986-05-09 00:00:00, 0.6
4.0, 11.0, 140.0, 48.0, 1986-05-10 00:00:00, 0.0
0.0, 10.0, 0.0, 67.0, 1986-05-11 00:00:00, 2.0
16.0, 12.0, 140.0, 23.0, 1986-05-12 00:00:00, 3.0
7.0, 6.0, 140.0, 61.0, 1986-05-13 00:00:00, 0.0
4.0, 10.0, 140.0, 46.0, 1986-05-14 00:00:00, 0.0
5.0, 9.0, 40.0, 77.0, 1986-05-15 00:00:00, 1.5
7.0, 9.0, 180.0, 65.0, 1986-05-16 00:00:00, 0.0
22.0, 12.0, 320.0, 41.0, 1986-05-17 00:00:00, 0.0
2.0, 14.0, 140.0, 44.0, 1986-05-18 00:00:00, 0.0
2.0, 12.0, 230.0, 79.0, 1986-05-19 00:00:00, 0.3
7.0, 8.0, 230.0, 76.0, 1986-05-20 00:00:00, 0.4
14.0, 11.0, 230.0, 48.0, 1986-05-21 00:00:00, 15.5
11.0, 12.0, 270.0, 41.0, 1986-05-22 00:00:00, 0.0
7.0, 10.5, 270.0, 62.0, 1986-05-23 00:00:00, 0.0
2.0, 14.0, 320.0, 44.0, 1986-05-24 00:00:00, 0.0
11.0, 16.0, 90.0, 55.0, 1986-05-25 00:00:00, 0.0
4.0, 14.5, 90.0, 80.0, 1986-05-26 00:00:00, 1.5
7.0, 15.0, 270.0, 46.0, 1986-05-27 00:00:00, 4.5
4.0, 19.0, 40.0, 44.0, 1986-05-28 00:00:00, 0.0
4.0, 16.0, 90.0, 55.0, 1986-05-29 00:00:00, 0.0
9.0, 15.0, 180.0, 58.0, 1986-05-30 00:00:00, 0.5
4.0, 17.5, 90.0, 38.0, 1986-05-31 00:00:00, 0.0
11.0, 12.0, 320.0, 50.0, 1986-06-01 00:00:00, 0.0
10.0, 10.0, 40.0, 77.0, 1986-06-02 00:00:00, 0.0
13.0, 17.0, 320.0, 41.0, 1986-06-03 00:00:00, 0.0
9.0, 20.0, 180.0, 26.0, 1986-06-04 00:00:00, 0.0
7.0, 23.0, 230.0, 32.0, 1986-06-05 00:00:00, 0.0
2.0, 20.0, 40.0, 60.0, 1986-06-06 00:00:00, 0.0
2.0, 25.0, 90.0, 38.0, 1986-06-07 00:00:00, 0.0
18.0, 18.0, 320.0, 91.0, 1986-06-08 00:00:00, 0.0
9.0, 11.0, 320.0, 73.0, 1986-06-09 00:00:00, 1.5
29.0, 12.0, 230.0, 50.0, 1986-06-10 00:00:00, 5.3
18.0, 15.0, 320.0, 46.0, 1986-06-11 00:00:00, 0.0
14.0, 12.0, 140.0, 69.0, 1986-06-12 00:00:00, 2.3
22.0, 18.0, 140.0, 50.0, 1986-06-13 00:00:00, 0.0
22.0, 18.0, 140.0, 50.0, 1986-06-14 00:00:00, 0.0
14.0, 20.0, 180.0, 30.0, 1986-06-15 00:00:00, 0.0
14.0, 20.0, 90.0, 39.0, 1986-06-16 00:00:00, 0.0
7.0, 21.0, 230.0, 34.0, 1986-06-17 00:00:00, 0.0
0.0, 21.0, 0.0, 41.0, 1986-06-18 00:00:00, 0.0
0.0, 12.0, 0.0, 89.0, 1986-06-19 00:00:00, 2.8
28.0, 19.0, 0.0, 51.0, 1986-06-20 00:00:00, 7.5
4.0, 19.0, 270.0, 41.0, 1986-06-21 00:00:00, 0.0
5.0, 18.0, 180.0, 46.0, 1986-06-22 00:00:00, 0.0
14.0, 15.0, 270.0, 38.0, 1986-06-23 00:00:00, 0.0
8.0, 14.0, 270.0, 36.0, 1986-06-24 00:00:00, 0.0
7.0, 10.0, 270.0, 99.0, 1986-06-25 00:00:00, 14.3
11.0, 19.0, 320.0, 64.0, 1986-06-26 00:00:00, 6.6
18.0, 22.5, 140.0, 46.0, 1986-06-27 00:00:00, 0.0
16.0, 22.0, 40.0, 48.0, 1986-06-28 00:00:00, 0.0
7.0, 25.0, 40.0, 36.0, 1986-06-29 00:00:00, 0.9
18.0, 25.0, 140.0, 46.0, 1986-06-30 00:00:00, 0.0
18.0, 23.0, 90.0, 53.0, 1986-07-01 00:00:00, 0.0
36.0, 9.0, 0.0, 99.0, 1986-07-02 00:00:00, 40.0
0.0, 12.0, 0.0, 99.0, 1986-07-03 00:00:00, 22.5
4.0, 16.0, 180.0, 81.0, 1986-07-04 00:00:00, 5.5
0.0, 15.0, 0.0, 81.0, 1986-07-05 00:00:00, 0.0
7.0, 22.0, 0.0, 55.0, 1986-07-06 00:00:00, 3.0
7.0, 18.0, 0.0, 74.0, 1986-07-07 00:00:00, 1.7
0.0, 20.0, 0.0, 67.0, 1986-07-08 00:00:00, 0.0
7.0, 20.0, 180.0, 56.0, 1986-07-09 00:00:00, 0.0
14.0, 23.0, 270.0, 53.0, 1986-07-10 00:00:00, 0.0
7.0, 15.0, 90.0, 99.0, 1986-07-11 00:00:00, 2.0
0.0, 14.0, 0.0, 99.0, 1986-07-12 00:00:00, 19.5
0.0, 14.0, 0.0, 99.0, 1986-07-13 00:00:00, 15.2
7.0, 22.0, 0.0, 69.0, 1986-07-14 00:00:00, 2.4
14.0, 22.0, 90.0, 48.0, 1986-07-15 00:00:00, 0.0
5.0, 23.0, 230.0, 43.0, 1986-07-16 00:00:00, 0.0
3.0, 23.0, 230.0, 43.0, 1986-07-17 00:00:00, 0.0
7.0, 22.0, 230.0, 62.0, 1986-07-18 00:00:00, 0.0
7.0, 27.0, 270.0, 42.0, 1986-07-19 00:00:00, 1.0
25.0, 25.0, 270.0, 46.0, 1986-07-20 00:00:00, 0.0
7.0, 24.0, 270.0, 51.0, 1986-07-21 00:00:00, 0.0
8.0, 26.0, 270.0, 41.0, 1986-07-22 00:00:00, 0.0
5.0, 20.0, 270.0, 60.0, 1986-07-23 00:00:00, 0.5
7.0, 17.0, 0.0, 49.0, 1986-07-24 00:00:00, 2.1
5.0, 22.0, 40.0, 55.0, 1986-07-25 00:00:00, 0.0
7.0, 19.0, 40.0, 51.0, 1986-07-26 00:00:00, 0.0
0.0, 12.0, 0.0, 84.0, 1986-07-27 00:00:00, 10.0
7.0, 11.0, 0.0, 99.0, 1986-07-28 00:00:00, 9.4
7.0, 17.5, 320.0, 78.0, 1986-07-29 00:00:00, 0.1
11.0, 22.0, 230.0, 62.0, 1986-07-30 00:00:00, 0.0
18.0, 22.0, 320.0, 55.0, 1986-07-31 00:00:00, 0.0
14.0, 23.0, 320.0, 49.0, 1986-08-01 00:00:00, 0.0
7.0, 25.0, 230.0, 64.0, 1986-08-02 00:00:00, 0.0
7.0, 26.5, 230.0, 45.0, 1986-08-03 00:00:00, 0.0
18.0, 19.0, 320.0, 51.0, 1986-08-04 00:00:00, 0.0
25.0, 20.5, 270.0, 50.0, 1986-08-05 00:00:00, 0.1
11.0, 18.0, 0.0, 58.0, 1986-08-06 00:00:00, 3.1
25.0, 16.0, 320.0, 64.0, 1986-08-07 00:00:00, 0.3
4.0, 20.0, 180.0, 53.0, 1986-08-08 00:00:00, 0.0
7.0, 19.0, 180.0, 59.0, 1986-08-09 00:00:00, 0.0
0.0, 24.0, 0.0, 45.0, 1986-08-10 00:00:00, 0.0
14.0, 20.0, 320.0, 50.0, 1986-08-11 00:00:00, 0.0
11.0, 22.0, 270.0, 48.0, 1986-08-12 00:00:00, 0.0
32.0, 21.0, 320.0, 34.0, 1986-08-13 00:00:00, 0.2
43.0, 12.0, 320.0, 69.0, 1986-08-14 00:00:00, 0.0
0.0, 11.0, 0.0, 99.0, 1986-08-15 00:00:00, 1.4
7.0, 14.0, 270.0, 62.0, 1986-08-16 00:00:00, 3.3
7.0, 15.0, 270.0, 54.0, 1986-08-17 00:00:00, 8.3
2.0, 14.0, 320.0, 62.0, 1986-08-18 00:00:00, 0.0
7.0, 15.0, 230.0, 63.0, 1986-08-19 00:00:00, 0.0
24.0, 16.0, 320.0, 59.0, 1986-08-20 00:00:00, 0.0
9.0, 18.0, 230.0, 43.0, 1986-08-21 00:00:00, 0.0
8.0, 22.0, 320.0, 24.0, 1986-08-22 00:00:00, 0.0
4.0, 8.0, 230.0, 99.0, 1986-08-23 00:00:00, 18.0
7.0, 5.0, 90.0, 86.0, 1986-08-24 00:00:00, 1.5
7.0, 17.0, 140.0, 65.0, 1986-08-25 00:00:00, 0.0
4.0, 18.0, 270.0, 74.0, 1986-08-26 00:00:00, 0.0
5.0, 22.5, 230.0, 52.0, 1986-08-27 00:00:00, 0.0
4.0, 22.0, 230.0, 52.0, 1986-08-28 00:00:00, 0.0
48.0, 17.0, 90.0, 65.0, 1987-05-02 00:00:00, 4.4
4.0, 12.0, 180.0, 32.0, 1987-05-03 00:00:00, 0.0
6.0, 13.0, 230.0, 26.0, 1987-05-04 00:00:00, 0.6
0.0, 11.0, 0.0, 29.0, 1987-05-05 00:00:00, 0.0
3.0, 13.0, 140.0, 42.0, 1987-05-06 00:00:00, 0.0
5.0, 11.5, 270.0, 26.0, 1987-05-07 00:00:00, 0.7
2.0, 11.0, 230.0, 29.0, 1987-05-08 00:00:00, 0.0
6.0, 0.9, 270.0, 44.0, 1987-05-09 00:00:00, 0.0
2.0, 9.5, 140.0, 30.0, 1987-05-10 00:00:00, 0.0
5.0, 0.5, 40.0, 86.0, 1987-05-11 00:00:00, 3.2
0.0, 4.0, 0.0, 99.0, 1987-05-12 00:00:00, 17.2
0.0, 11.0, 0.0, 48.0, 1987-05-13 00:00:00, 0.8
10.0, 8.5, 90.0, 59.0, 1987-05-14 00:00:00, 0.0
3.0, 0.5, 90.0, 60.0, 1987-05-15 00:00:00, 7.4
2.0, 11.0, 270.0, 43.0, 1987-05-16 00:00:00, 3.2
0.0, 6.0, 0.0, 74.0, 1987-05-17 00:00:00, 2.2
5.0, 14.0, 320.0, 28.0, 1987-05-18 00:00:00, 0.0
3.0, 17.0, 270.0, 24.0, 1987-05-19 00:00:00, 0.0
2.0, 17.0, 180.0, 27.0, 1987-05-20 00:00:00, 0.0
1.0, 21.8, 320.0, 15.0, 1987-05-21 00:00:00, 0.0
0.0, 22.0, 0.0, 19.0, 1987-05-22 00:00:00, 0.0
3.0, 17.0, 320.0, 20.0, 1987-05-23 00:00:00, 0.0
3.0, 16.5, 270.0, 33.0, 1987-05-24 00:00:00, 0.0
2.0, 17.0, 270.0, 34.0, 1987-05-25 00:00:00, 0.0
0.0, 19.0, 0.0, 24.0, 1987-05-26 00:00:00, 0.0
2.0, 17.0, 270.0, 41.0, 1987-05-27 00:00:00, 0.0
0.0, 20.0, 0.0, 33.0, 1987-05-28 00:00:00, 0.0
1.0, 19.0, 270.0, 51.0, 1987-05-29 00:00:00, 0.5
0.0, 12.0, 0.0, 79.0, 1987-05-30 00:00:00, 5.2
0.0, 18.0, 0.0, 50.0, 1987-05-31 00:00:00, 0.0
2.0, 10.0, 270.0, 77.0, 1987-06-01 00:00:00, 13.3
5.0, 15.0, 270.0, 38.0, 1987-06-02 00:00:00, 0.3
1.0, 13.0, 230.0, 42.0, 1987-06-03 00:00:00, 0.0
1.0, 18.0, 180.0, 26.0, 1987-06-04 00:00:00, 0.0
4.0, 12.0, 140.0, 54.0, 1987-06-05 00:00:00, 0.0
45.0, 10.5, 320.0, 57.0, 1987-06-06 00:00:00, 18.0
1.0, 20.0, 40.0, 29.0, 1987-06-07 00:00:00, 0.0
1.0, 24.0, 320.0, 20.0, 1987-06-08 00:00:00, 0.0
5.0, 18.0, 270.0, 46.0, 1987-06-09 00:00:00, 2.5
1.0, 16.5, 230.0, 37.0, 1987-06-10 00:00:00, 0.0
3.0, 18.0, 230.0, 36.0, 1987-06-11 00:00:00, 0.0
4.0, 17.0, 270.0, 34.0, 1987-06-12 00:00:00, 0.0
2.0, 13.0, 320.0, 38.0, 1987-06-13 00:00:00, 2.2
5.0, 15.0, 270.0, 30.0, 1987-06-14 00:00:00, 1.6
4.0, 16.0, 90.0, 36.0, 1987-06-15 00:00:00, 0.0
4.0, 13.0, 320.0, 42.0, 1987-06-16 00:00:00, 5.1
2.0, 14.0, 270.0, 44.0, 1987-06-17 00:00:00, 0.0
2.0, 19.0, 230.0, 31.0, 1987-06-18 00:00:00, 0.0
5.0, 19.0, 230.0, 28.0, 1987-06-19 00:00:00, 0.0
3.0, 25.0, 140.0, 29.0, 1987-06-20 00:00:00, 0.0
5.0, 16.5, 40.0, 77.0, 1987-06-21 00:00:00, 6.0
1.0, 11.0, 320.0, 83.0, 1987-06-22 00:00:00, 39.0
0.0, 9.5, 0.0, 77.0, 1987-06-23 00:00:00, 7.5
3.0, 20.0, 230.0, 39.0, 1987-06-24 00:00:00, 0.0
4.0, 18.0, 230.0, 32.0, 1987-06-25 00:00:00, 0.0
3.0, 18.0, 320.0, 36.0, 1987-06-26 00:00:00, 0.0
1.0, 21.0, 230.0, 34.0, 1987-06-27 00:00:00, 0.0
2.0, 24.5, 230.0, 34.0, 1987-06-28 00:00:00, 0.0
5.0, 24.0, 40.0, 33.0, 1987-06-29 00:00:00, 0.0
0.0, 25.0, 0.0, 35.0, 1987-06-30 00:00:00, 0.0
3.0, 20.5, 90.0, 60.0, 1987-07-01 00:00:00, 0.0
0.0, 14.0, 0.0, 90.0, 1987-07-02 00:00:00, 5.8
0.0, 15.5, 0.0, 67.0, 1987-07-03 00:00:00, 1.0
3.0, 18.0, 180.0, 54.0, 1987-07-04 00:00:00, 0.0
0.0, 22.0, 0.0, 48.0, 1987-07-05 00:00:00, 0.0
4.0, 15.0, 90.0, 58.0, 1987-07-06 00:00:00, 3.2
0.0, 16.5, 0.0, 56.0, 1987-07-07 00:00:00, 0.0
0.0, 16.0, 0.0, 64.0, 1987-07-08 00:00:00, 0.0
0.0, 24.0, 0.0, 39.0, 1987-07-09 00:00:00, 0.0
1.0, 22.5, 270.0, 46.0, 1987-07-10 00:00:00, 0.0
1.0, 19.0, 320.0, 59.0, 1987-07-11 00:00:00, 0.9
3.0, 20.0, 320.0, 39.0, 1987-07-12 00:00:00, 0.5
2.0, 17.0, 40.0, 61.0, 1987-07-13 00:00:00, 2.5
8.0, 15.0, 270.0, 34.0, 1987-07-14 00:00:00, 1.4
0.0, 10.0, 0.0, 89.0, 1987-07-15 00:00:00, 3.0
2.0, 19.0, 230.0, 59.0, 1987-07-16 00:00:00, 1.0
1.0, 24.0, 230.0, 39.0, 1987-07-17 00:00:00, 0.0
1.0, 27.5, 230.0, 23.0, 1987-07-18 00:00:00, 0.0
1.0, 15.5, 40.0, 67.0, 1987-07-19 00:00:00, 0.1
3.0, 19.0, 90.0, 37.0, 1987-07-20 00:00:00, 2.1
0.0, 24.0, 0.0, 33.0, 1987-07-21 00:00:00, 0.0
1.0, 27.0, 320.0, 37.0, 1987-07-22 00:00:00, 0.0
1.0, 25.0, 320.0, 29.0, 1987-07-23 00:00:00, 0.0
1.0, 25.0, 230.0, 32.0, 1987-07-24 00:00:00, 0.0
0.0, 27.0, 0.0, 37.0, 1987-07-25 00:00:00, 0.0
1.0, 16.5, 40.0, 77.0, 1987-07-26 00:00:00, 1.6
2.0, 14.0, 40.0, 90.0, 1987-07-27 00:00:00, 21.1
0.0, 17.0, 0.0, 61.0, 1987-07-28 00:00:00, 0.3
0.0, 19.0, 0.0, 48.0, 1987-07-29 00:00:00, 0.0
0.0, 22.5, 0.0, 40.0, 1987-07-30 00:00:00, 0.0
1.0, 17.0, 140.0, 82.0, 1987-07-31 00:00:00, 5.4
0.0, 15.0, 0.0, 85.0, 1987-08-01 00:00:00, 12.0
1.0, 15.0, 270.0, 81.0, 1987-08-02 00:00:00, 4.9
0.0, 17.5, 0.0, 65.0, 1987-08-03 00:00:00, 3.7
1.0, 20.0, 230.0, 60.0, 1987-08-04 00:00:00, 4.3
5.0, 22.0, 320.0, 33.0, 1987-08-05 00:00:00, 0.0
2.0, 20.0, 320.0, 42.0, 1987-08-06 00:00:00, 0.0
8.0, 20.0, 320.0, 42.0, 1987-08-07 00:00:00, 0.0
8.0, 20.0, 270.0, 39.0, 1987-08-08 00:00:00, 0.0
1.0, 18.0, 230.0, 50.0, 1987-08-09 00:00:00, 0.4
1.0, 15.0, 40.0, 71.0, 1987-08-10 00:00:00, 0.7
1.0, 9.0, 40.0, 94.0, 1987-08-11 00:00:00, 3.5
1.0, 15.0, 320.0, 54.0, 1987-08-12 00:00:00, 0.6
1.0, 19.0, 180.0, 44.0, 1987-08-13 00:00:00, 0.0
0.0, 14.0, 0.0, 62.0, 1987-08-14 00:00:00, 0.0
3.0, 18.0, 320.0, 46.0, 1987-08-15 00:00:00, 0.0
2.0, 17.0, 270.0, 41.0, 1987-08-16 00:00:00, 0.0
1.0, 17.5, 320.0, 53.0, 1987-08-17 00:00:00, 0.0
0.0, 16.5, 0.0, 48.0, 1987-08-18 00:00:00, 0.0
1.0, 17.0, 320.0, 45.0, 1987-08-19 00:00:00, 0.0
5.0, 17.0, 320.0, 57.0, 1987-08-20 00:00:00, 0.0
6.0, 16.0, 140.0, 59.0, 1987-08-21 00:00:00, 0.0
3.0, 17.5, 180.0, 53.0, 1987-08-22 00:00:00, 0.0
1.0, 20.0, 320.0, 46.0, 1987-08-23 00:00:00, 0.0
1.0, 20.0, 270.0, 46.0, 1987-08-24 00:00:00, 0.0
0.0, 23.0, 0.0, 43.0, 1987-08-25 00:00:00, 0.0
0.0, 17.0, 0.0, 86.0, 1987-08-26 00:00:00, 0.0
2.0, 12.0, 270.0, 79.0, 1987-08-27 00:00:00, 0.0
0.0, 15.5, 0.0, 72.0, 1987-08-28 00:00:00, 1.2
0.0, 0.0, 0.0, 0.0, 1988-05-04 00:00:00, 0.0
1.0, 16.0, 180.0, 32.0, 1988-05-05 00:00:00, 0.0
3.0, 17.0, 320.0, 30.0, 1988-05-06 00:00:00, 0.0
8.0, 17.5, 230.0, 31.0, 1988-05-07 00:00:00, 0.0
18.0, 13.0, 320.0, 51.0, 1988-05-08 00:00:00, 0.0
5.0, 17.0, 320.0, 57.0, 1988-05-09 00:00:00, 0.0
2.0, 16.0, 230.0, 55.0, 1988-05-10 00:00:00, 0.0
10.0, 21.0, 230.0, 34.0, 1988-05-11 00:00:00, 0.0
5.0, 21.0, 230.0, 41.0, 1988-05-12 00:00:00, 0.0
1.0, 14.0, 320.0, 71.0, 1988-05-13 00:00:00, 0.0
1.0, 10.0, 140.0, 77.0, 1988-05-14 00:00:00, 8.0
4.0, 17.0, 230.0, 27.0, 1988-05-15 00:00:00, 0.0
2.0, 15.0, 50.0, 54.0, 1988-05-16 00:00:00, 0.0
18.0, 15.0, 230.0, 54.0, 1988-05-17 00:00:00, 10.0
10.0, 13.0, 230.0, 26.0, 1988-05-18 00:00:00, 0.0
4.0, 13.0, 230.0, 51.0, 1988-05-19 00:00:00, 0.0
20.0, 10.0, 320.0, 56.0, 1988-05-20 00:00:00, 0.0
18.0, 15.0, 180.0, 34.0, 1988-05-21 00:00:00, 0.0
23.0, 14.0, 140.0, 53.0, 1988-05-22 00:00:00, 0.6
0.0, 9.0, 0.0, 99.0, 1988-05-23 00:00:00, 12.2
10.0, 14.0, 230.0, 53.0, 1988-05-24 00:00:00, 4.0
1.0, 15.0, 140.0, 30.0, 1988-05-25 00:00:00, 0.0
2.0, 15.0, 140.0, 46.0, 1988-05-26 00:00:00, 0.0
5.0, 12.0, 50.0, 79.0, 1988-05-27 00:00:00, 2.2
2.0, 10.0, 90.0, 77.0, 1988-05-28 00:00:00, 1.5
0.0, 6.0, 0.0, 99.0, 1988-05-29 00:00:00, 14.6
0.0, 11.0, 0.0, 89.0, 1988-05-30 00:00:00, 12.4
3.0, 16.0, 230.0, 40.0, 1988-05-31 00:00:00, 0.0
0.0, 7.0, 0.0, 87.0, 1988-06-01 00:00:00, 16.0
0.0, 15.0, 0.0, 71.0, 1988-06-02 00:00:00, 0.0
5.0, 15.0, 140.0, 81.0, 1988-06-03 00:00:00, 0.0
2.0, 9.0, 140.0, 99.0, 1988-06-04 00:00:00, 9.8
2.0, 16.0, 50.0, 59.0, 1988-06-05 00:00:00, 1.2
10.0, 17.0, 140.0, 73.0, 1988-06-06 00:00:00, 0.0
2.0, 22.0, 140.0, 42.0, 1988-06-07 00:00:00, 0.5
0.0, 12.0, 0.0, 99.0, 1988-06-08 00:00:00, 5.0
2.0, 18.0, 90.0, 66.0, 1988-06-09 00:00:00, 13.6
10.0, 11.5, 50.0, 99.0, 1988-06-10 00:00:00, 2.7
3.0, 13.0, 320.0, 60.0, 1988-06-11 00:00:00, 1.3
0.0, 20.0, 0.0, 53.0, 1988-06-12 00:00:00, 0.0
2.0, 23.0, 90.0, 32.0, 1988-06-13 00:00:00, 0.0
1.0, 25.0, 180.0, 29.0, 1988-06-14 00:00:00, 0.0
2.0, 26.0, 90.0, 36.0, 1988-06-15 00:00:00, 0.0
8.0, 22.0, 320.0, 36.0, 1988-06-16 00:00:00, 0.0
3.0, 21.0, 230.0, 47.0, 1988-06-17 00:00:00, 0.0
20.0, 16.0, 180.0, 47.0, 1988-06-18 00:00:00, 2.1
21.0, 16.0, 0.0, 38.0, 1988-06-19 00:00:00, 0.0
12.0, 16.0, 320.0, 30.0, 1988-06-20 00:00:00, 0.0
6.0, 21.0, 230.0, 30.0, 1988-06-21 00:00:00, 0.0
3.0, 17.0, 320.0, 40.0, 1988-06-22 00:00:00, 0.2
10.0, 16.0, 320.0, 40.0, 1988-06-23 00:00:00, 7.0
21.0, 16.0, 320.0, 40.0, 1988-06-24 00:00:00, 0.0
3.0, 14.0, 230.0, 71.0, 1988-06-25 00:00:00, 0.0
5.0, 18.0, 230.0, 51.0, 1988-06-26 00:00:00, 0.0
2.0, 16.0, 230.0, 40.0, 1988-06-27 00:00:00, 0.0
1.0, 15.0, 230.0, 99.0, 1988-06-28 00:00:00, 4.8
3.0, 15.0, 320.0, 71.0, 1988-06-29 00:00:00, 23.5
0.0, 12.0, 0.0, 89.0, 1988-06-30 00:00:00, 6.7
10.0, 10.0, 230.0, 83.0, 1988-07-01 00:00:00, 32.7
1.0, 14.0, 180.0, 62.0, 1988-07-02 00:00:00, 1.4
3.0, 14.5, 140.0, 76.0, 1988-07-03 00:00:00, 1.7
4.0, 19.0, 320.0, 59.0, 1988-07-04 00:00:00, 0.0
5.0, 18.0, 140.0, 74.0, 1988-07-05 00:00:00, 0.0
3.0, 18.0, 180.0, 74.0, 1988-07-06 00:00:00, 4.1
1.0, 21.0, 320.0, 41.0, 1988-07-07 00:00:00, 0.2
2.0, 18.5, 270.0, 55.0, 1988-07-08 00:00:00, 0.0
0.0, 17.0, 0.0, 78.0, 1988-07-09 00:00:00, 0.8
3.0, 18.0, 90.0, 66.0, 1988-07-10 00:00:00, 9.3
3.0, 19.0, 230.0, 74.0, 1988-07-11 00:00:00, 1.0
0.0, 18.0, 0.0, 82.0, 1988-07-12 00:00:00, 16.8
2.0, 11.0, 180.0, 89.0, 1988-07-13 00:00:00, 23.5
2.0, 20.0, 140.0, 60.0, 1988-07-14 00:00:00, 2.0
0.0, 14.0, 0.0, 95.0, 1988-07-15 00:00:00, 13.7
3.0, 12.0, 230.0, 89.0, 1988-07-16 00:00:00, 2.3
3.0, 18.0, 140.0, 74.0, 1988-07-17 00:00:00, 0.0
4.0, 23.0, 270.0, 56.0, 1988-07-18 00:00:00, 0.0
8.0, 25.0, 0.0, 46.0, 1988-07-19 00:00:00, 0.0
1.0, 27.0, 50.0, 32.0, 1988-07-20 00:00:00, 0.0
5.0, 19.0, 230.0, 44.0, 1988-07-21 00:00:00, 0.0
10.0, 17.0, 320.0, 41.0, 1988-07-22 00:00:00, 0.0
2.0, 17.0, 230.0, 99.0, 1988-07-23 00:00:00, 0.0
2.0, 19.0, 320.0, 44.0, 1988-07-24 00:00:00, 0.0
0.0, 18.0, 0.0, 66.0, 1988-07-25 00:00:00, 4.0
14.0, 17.0, 270.0, 45.0, 1988-07-26 00:00:00, 6.7
4.0, 19.0, 320.0, 41.0, 1988-07-27 00:00:00, 0.7
2.0, 21.0, 270.0, 47.0, 1988-07-28 00:00:00, 0.0
3.0, 18.0, 230.0, 50.0, 1988-07-29 00:00:00, 1.5
2.0, 17.0, 320.0, 38.0, 1988-07-30 00:00:00, 0.1
2.0, 14.0, 180.0, 80.0, 1988-07-31 00:00:00, 3.1
3.0, 23.0, 270.0, 43.0, 1988-08-01 00:00:00, 0.0
4.0, 20.5, 230.0, 57.0, 1988-08-02 00:00:00, 0.0
2.0, 17.0, 140.0, 34.0, 1988-08-03 00:00:00, 0.1
10.0, 14.0, 140.0, 62.0, 1988-08-04 00:00:00, 2.7
3.0, 12.0, 90.0, 59.0, 1988-08-05 00:00:00, 7.4
1.0, 17.0, 0.0, 53.0, 1988-08-06 00:00:00, 0.0
4.0, 22.0, 270.0, 34.0, 1988-08-07 00:00:00, 0.0
1.0, 16.5, 320.0, 68.0, 1988-08-08 00:00:00, 0.6
3.0, 13.5, 230.0, 90.0, 1988-08-09 00:00:00, 0.4
5.0, 20.0, 320.0, 46.0, 1988-08-10 00:00:00, 1.5
5.0, 22.0, 0.0, 39.0, 1988-08-11 00:00:00, 0.0
9.0, 18.0, 320.0, 50.0, 1988-08-12 00:00:00, 0.0
3.0, 18.0, 230.0, 66.0, 1988-08-13 00:00:00, 0.0
11.0, 18.0, 320.0, 47.0, 1988-08-14 00:00:00, 0.1
2.0, 19.0, 270.0, 44.0, 1988-08-15 00:00:00, 1.2
1.0, 20.0, 320.0, 36.0, 1988-08-16 00:00:00, 0.0
1.0, 21.0, 320.0, 47.0, 1988-08-17 00:00:00, 0.0
2.0, 22.0, 320.0, 48.0, 1988-08-18 00:00:00, 0.0
3.0, 19.0, 320.0, 48.0, 1988-08-19 00:00:00, 1.3
4.0, 19.0, 320.0, 31.0, 1988-08-20 00:00:00, 0.0
3.0, 19.5, 320.0, 38.0, 1988-08-21 00:00:00, 0.0
20.0, 19.0, 320.0, 37.0, 1988-08-22 00:00:00, 0.0
20.0, 14.0, 320.0, 44.0, 1988-08-23 00:00:00, 0.0
1.0, 17.0, 0.0, 41.0, 1988-08-24 00:00:00, 0.0
2.0, 17.0, 320.0, 65.0, 1988-08-25 00:00:00, 0.0
3.0, 20.0, 320.0, 53.0, 1988-08-26 00:00:00, 0.0
1.0, 21.5, 270.0, 51.0, 1988-08-27 00:00:00, 0.0
0.0, 17.0, 0.0, 86.0, 1988-08-28 00:00:00, 0.0
2.0, 15.0, 230.0, 85.0, 1988-08-29 00:00:00, 1.1
11.0, 16.5, 320.0, 44.0, 1988-08-30 00:00:00, 1.7
2.0, 17.0, 180.0, 53.0, 1988-08-31 00:00:00, 0.0
11.0, 13.0, 320.0, 48.0, 1989-05-13 00:00:00, 0.0
6.0, 17.0, 320.0, 39.0, 1989-05-14 00:00:00, 0.0
5.0, 15.0, 320.0, 46.0, 1989-05-15 00:00:00, 0.0
25.0, 9.0, 270.0, 36.0, 1989-05-16 00:00:00, 2.3
10.0, 10.0, 0.0, 46.0, 1989-05-17 00:00:00, 0.0
5.0, 14.0, 140.0, 30.0, 1989-05-18 00:00:00, 0.0
15.0, 15.0, 230.0, 39.0, 1989-05-19 00:00:00, 0.0
4.0, 13.0, 320.0, 51.0, 1989-05-20 00:00:00, 0.0
10.0, 11.0, 320.0, 49.0, 1989-05-21 00:00:00, 0.9
15.0, 18.0, 140.0, 31.0, 1989-05-22 00:00:00, 0.0
15.0, 18.0, 140.0, 31.0, 1989-05-23 00:00:00, 0.0
10.0, 14.0, 320.0, 46.0, 1989-05-24 00:00:00, 0.0
15.0, 16.0, 0.0, 72.0, 1989-05-25 00:00:00, 0.0
15.0, 10.0, 90.0, 48.0, 1989-05-26 00:00:00, 2.8
10.0, 19.0, 320.0, 32.0, 1989-05-27 00:00:00, 0.0
20.0, 20.0, 320.0, 28.0, 1989-05-28 00:00:00, 0.0
2.0, 20.0, 320.0, 47.0, 1989-05-29 00:00:00, 0.0
10.0, 21.5, 320.0, 46.0, 1989-05-30 00:00:00, 0.4
15.0, 21.0, 320.0, 47.0, 1989-05-31 00:00:00, 0.0
15.0, 17.0, 230.0, 36.0, 1989-06-01 00:00:00, 0.0
12.0, 20.0, 320.0, 34.0, 1989-06-02 00:00:00, 0.0
9.0, 25.0, 140.0, 31.0, 1989-06-03 00:00:00, 0.0
15.0, 21.0, 140.0, 28.0, 1989-06-04 00:00:00, 0.0
25.0, 16.0, 320.0, 56.0, 1989-06-05 00:00:00, 1.5
10.0, 14.0, 320.0, 81.0, 1989-06-06 00:00:00, 2.0
5.0, 19.0, 140.0, 53.0, 1989-06-07 00:00:00, 8.5
15.0, 17.0, 140.0, 58.0, 1989-06-08 00:00:00, 0.0
4.0, 16.0, 320.0, 20.0, 1989-06-09 00:00:00, 1.0
2.0, 22.0, 320.0, 36.0, 1989-06-10 00:00:00, 0.0
0.0, 25.0, 0.0, 36.0, 1989-06-11 00:00:00, 0.0
5.0, 24.0, 320.0, 46.0, 1989-06-12 00:00:00, 0.0
2.0, 25.0, 140.0, 36.0, 1989-06-13 00:00:00, 0.0
0.0, 19.0, 0.0, 66.0, 1989-06-14 00:00:00, 28.0
5.0, 19.0, 320.0, 53.0, 1989-06-15 00:00:00, 0.0
14.0, 17.0, 320.0, 36.0, 1989-06-16 00:00:00, 0.0
4.0, 19.0, 320.0, 32.0, 1989-06-17 00:00:00, 0.0
8.0, 20.0, 180.0, 34.0, 1989-06-18 00:00:00, 0.0
7.0, 19.0, 320.0, 42.0, 1989-06-19 00:00:00, 2.8
0.0, 21.0, 0.0, 42.0, 1989-06-20 00:00:00, 0.0
4.0, 22.0, 270.0, 37.0, 1989-06-21 00:00:00, 0.0
2.0, 22.0, 270.0, 42.0, 1989-06-22 00:00:00, 0.0
10.0, 20.0, 230.0, 47.0, 1989-06-23 00:00:00, 0.0
15.0, 22.0, 140.0, 56.0, 1989-06-24 00:00:00, 0.0
2.0, 19.5, 140.0, 36.0, 1989-06-25 00:00:00, 0.0
7.0, 17.5, 50.0, 54.0, 1989-06-26 00:00:00, 3.4
10.0, 14.0, 140.0, 71.0, 1989-06-27 00:00:00, 0.2
21.0, 19.0, 50.0, 46.0, 1989-06-28 00:00:00, 1.1
8.0, 17.0, 320.0, 50.0, 1989-06-29 00:00:00, 0.0
4.0, 22.0, 320.0, 47.0, 1989-06-30 00:00:00, 0.4
4.0, 22.0, 320.0, 37.0, 1989-07-01 00:00:00, 0.0
10.0, 15.5, 140.0, 86.0, 1989-07-02 00:00:00, 0.0
8.0, 17.0, 90.0, 65.0, 1989-07-03 00:00:00, 5.9
2.0, 19.0, 230.0, 46.0, 1989-07-04 00:00:00, 2.0
3.0, 24.0, 180.0, 46.0, 1989-07-05 00:00:00, 0.0
5.0, 20.5, 230.0, 61.0, 1989-07-06 00:00:00, 0.9
4.0, 24.0, 230.0, 40.0, 1989-07-07 00:00:00, 0.0
2.0, 22.0, 230.0, 62.0, 1989-07-08 00:00:00, 5.0
5.0, 23.0, 230.0, 57.0, 1989-07-09 00:00:00, 0.0
18.0, 25.0, 180.0, 50.0, 1989-07-10 00:00:00, 0.0
10.0, 27.5, 140.0, 27.0, 1989-07-11 00:00:00, 0.0
5.0, 27.0, 180.0, 41.0, 1989-07-12 00:00:00, 0.0
5.0, 27.0, 90.0, 38.0, 1989-07-13 00:00:00, 0.0
14.0, 23.0, 180.0, 42.0, 1989-07-14 00:00:00, 3.6
0.0, 22.0, 0.0, 43.0, 1989-07-15 00:00:00, 0.0
2.0, 24.0, 180.0, 34.0, 1989-07-16 00:00:00, 0.3
0.0, 22.0, 0.0, 55.0, 1989-07-17 00:00:00, 0.0
7.0, 19.5, 230.0, 75.0, 1989-07-18 00:00:00, 5.0
3.0, 18.5, 140.0, 67.0, 1989-07-19 00:00:00, 3.1
10.0, 18.5, 230.0, 67.0, 1989-07-20 00:00:00, 0.0
2.0, 14.0, 140.0, 90.0, 1989-07-21 00:00:00, 4.7
11.0, 15.0, 230.0, 81.0, 1989-07-22 00:00:00, 3.6
3.0, 20.0, 140.0, 61.0, 1989-07-23 00:00:00, 0.1
18.0, 21.0, 230.0, 62.0, 1989-07-24 00:00:00, 0.0
4.0, 23.0, 180.0, 41.0, 1989-07-25 00:00:00, 0.1
0.0, 23.0, 0.0, 50.0, 1989-07-26 00:00:00, 0.0
1.0, 25.0, 180.0, 65.0, 1989-07-27 00:00:00, 0.0
0.0, 25.0, 0.0, 65.0, 1989-07-28 00:00:00, 0.0
0.0, 17.0, 0.0, 74.0, 1989-07-29 00:00:00, 0.0
4.0, 24.0, 180.0, 46.0, 1989-07-30 00:00:00, 0.0
0.0, 18.0, 0.0, 83.0, 1989-07-31 00:00:00, 0.1
5.0, 21.0, 0.0, 76.0, 1989-08-01 00:00:00, 5.0
5.0, 23.0, 180.0, 63.0, 1989-08-02 00:00:00, 0.0
3.0, 22.0, 140.0, 62.0, 1989-08-03 00:00:00, 0.0
2.0, 21.0, 180.0, 62.0, 1989-08-04 00:00:00, 0.0
5.0, 22.0, 50.0, 56.0, 1989-08-05 00:00:00, 8.5
5.0, 22.0, 180.0, 77.0, 1989-08-06 00:00:00, 5.5
1.0, 19.0, 50.0, 75.0, 1989-08-07 00:00:00, 0.0
10.0, 22.0, 180.0, 62.0, 1989-08-08 00:00:00, 0.0
5.0, 15.0, 140.0, 81.0, 1989-08-09 00:00:00, 0.7
5.0, 14.0, 140.0, 95.0, 1989-08-10 00:00:00, 0.6
10.0, 23.5, 180.0, 74.0, 1989-08-11 00:00:00, 0.0
5.0, 21.5, 140.0, 76.0, 1989-08-12 00:00:00, 0.0
0.0, 21.0, 0.0, 62.0, 1989-08-13 00:00:00, 0.0
8.0, 25.0, 180.0, 65.0, 1989-08-14 00:00:00, 0.0
0.0, 17.0, 0.0, 95.0, 1989-08-15 00:00:00, 1.0
8.0, 20.0, 180.0, 61.0, 1989-08-16 00:00:00, 0.0
1.0, 19.0, 230.0, 67.0, 1989-08-17 00:00:00, 0.0
1.0, 23.0, 180.0, 67.0, 1989-08-18 00:00:00, 0.0
14.0, 20.0, 50.0, 72.0, 1989-08-19 00:00:00, 0.0
2.0, 18.0, 320.0, 66.0, 1989-08-20 00:00:00, 0.0
2.0, 16.0, 0.0, 82.0, 1989-08-21 00:00:00, 0.0
3.0, 16.0, 140.0, 65.0, 1989-08-22 00:00:00, 1.8
2.0, 15.0, 140.0, 72.0, 1989-08-23 00:00:00, 0.1
10.0, 19.0, 180.0, 56.0, 1989-08-24 00:00:00, 0.0
5.0, 21.0, 230.0, 42.0, 1989-08-25 00:00:00, 0.0
0.0, 17.0, 0.0, 82.0, 1989-08-26 00:00:00, 0.0
16.0, 19.0, 230.0, 46.0, 1989-08-27 00:00:00, 0.0
5.0, 17.0, 140.0, 58.0, 1989-08-28 00:00:00, 0.0
4.0, 19.0, 180.0, 53.0, 1989-08-29 00:00:00, 0.0
3.0, 22.0, 180.0, 40.0, 1989-08-30 00:00:00, 0.0
1.0, 20.0, 230.0, 47.0, 1989-08-31 00:00:00, 0.0
10.0, 14.0, 230.0, 37.0, 1990-05-08 00:00:00, 0.0
7.0, 14.0, 0.0, 42.0, 1990-05-09 00:00:00, 0.0
4.0, 6.7, 230.0, 57.0, 1990-05-10 00:00:00, 0.2
5.0, 11.2, 230.0, 35.0, 1990-05-11 00:00:00, 0.0
6.0, 14.5, 0.0, 17.0, 1990-05-12 00:00:00, 0.0
3.0, 13.7, 90.0, 43.0, 1990-05-13 00:00:00, 0.0
4.0, 14.9, 180.0, 37.0, 1990-05-14 00:00:00, 3.3
6.0, 14.2, 180.0, 33.0, 1990-05-15 00:00:00, 1.2
7.0, 16.9, 320.0, 34.0, 1990-05-16 00:00:00, 2.3
6.0, 16.3, 230.0, 42.0, 1990-05-17 00:00:00, 0.5
6.0, 15.7, 90.0, 51.0, 1990-05-18 00:00:00, 1.0
6.0, 12.2, 230.0, 55.0, 1990-05-19 00:00:00, 12.4
7.0, 16.4, 180.0, 26.0, 1990-05-20 00:00:00, 0.0
6.0, 21.3, 270.0, 18.0, 1990-05-21 00:00:00, 0.0
4.0, 18.7, 0.0, 25.0, 1990-05-22 00:00:00, 0.0
2.0, 7.0, 270.0, 84.0, 1990-05-23 00:00:00, 1.7
7.0, 16.4, 230.0, 25.0, 1990-05-24 00:00:00, 0.0
8.0, 20.2, 140.0, 32.0, 1990-05-25 00:00:00, 0.0
7.0, 12.8, 90.0, 64.0, 1990-05-26 00:00:00, 0.0
9.0, 18.5, 140.0, 58.0, 1990-05-27 00:00:00, 0.0
11.0, 24.7, 140.0, 42.0, 1990-05-28 00:00:00, 0.0
4.0, 19.5, 230.0, 66.0, 1990-05-29 00:00:00, 2.2
1.0, 12.4, 180.0, 99.0, 1990-05-30 00:00:00, 1.7
5.0, 10.8, 90.0, 96.0, 1990-05-31 00:00:00, 13.0
2.0, 6.8, 90.0, 93.0, 1990-06-01 00:00:00, 6.0
5.0, 9.8, 140.0, 80.0, 1990-06-02 00:00:00, 6.3
3.0, 12.4, 0.0, 72.0, 1990-06-03 00:00:00, 0.0
2.0, 21.7, 230.0, 43.0, 1990-06-04 00:00:00, 0.0
5.0, 15.0, 320.0, 69.0, 1990-06-05 00:00:00, 0.0
3.0, 19.3, 140.0, 63.0, 1990-06-06 00:00:00, 2.7
5.0, 14.6, 270.0, 76.0, 1990-06-07 00:00:00, 0.7
5.0, 18.4, 270.0, 52.0, 1990-06-08 00:00:00, 1.2
8.0, 17.7, 270.0, 42.0, 1990-06-09 00:00:00, 0.0
4.0, 20.4, 180.0, 40.0, 1990-06-10 00:00:00, 0.0
7.0, 22.2, 140.0, 44.0, 1990-06-11 00:00:00, 0.0
8.0, 20.5, 90.0, 38.0, 1990-06-12 00:00:00, 0.0
4.0, 23.7, 230.0, 43.0, 1990-06-13 00:00:00, 0.0
8.0, 22.5, 90.0, 39.0, 1990-06-14 00:00:00, 0.0
5.0, 19.5, 230.0, 47.0, 1990-06-15 00:00:00, 0.0
2.0, 11.0, 230.0, 89.0, 1990-06-16 00:00:00, 2.7
6.0, 16.8, 270.0, 50.0, 1990-06-17 00:00:00, 0.2
10.0, 18.8, 270.0, 38.0, 1990-06-18 00:00:00, 0.0
9.0, 19.6, 270.0, 40.0, 1990-06-19 00:00:00, 0.0
5.0, 20.8, 270.0, 37.0, 1990-06-20 00:00:00, 0.0
5.0, 17.4, 270.0, 67.0, 1990-06-21 00:00:00, 0.2
4.0, 18.5, 50.0, 71.0, 1990-06-22 00:00:00, 1.7
15.0, 14.6, 320.0, 64.0, 1990-06-23 00:00:00, 5.3
14.0, 10.8, 230.0, 87.0, 1990-06-24 00:00:00, 11.1
1.0, 11.5, 230.0, 96.0, 1990-06-25 00:00:00, 8.1
1.0, 17.9, 90.0, 74.0, 1990-06-26 00:00:00, 6.2
1.0, 16.7, 270.0, 77.0, 1990-06-27 00:00:00, 1.2
5.0, 23.4, 270.0, 48.0, 1990-06-28 00:00:00, 0.1
4.0, 21.4, 180.0, 58.0, 1990-06-29 00:00:00, 0.8
9.0, 17.0, 140.0, 71.0, 1990-06-30 00:00:00, 5.3
5.0, 18.7, 180.0, 65.0, 1990-07-01 00:00:00, 0.0
5.0, 18.5, 140.0, 57.0, 1990-07-02 00:00:00, 0.0
7.0, 22.9, 230.0, 39.0, 1990-07-03 00:00:00, 0.7
4.0, 24.3, 320.0, 35.0, 1990-07-04 00:00:00, 0.6
6.0, 23.9, 140.0, 32.0, 1990-07-05 00:00:00, 0.0
3.0, 26.5, 0.0, 32.0, 1990-07-06 00:00:00, 0.2
7.0, 24.6, 230.0, 40.0, 1990-07-07 00:00:00, 0.0
3.0, 22.5, 180.0, 47.0, 1990-07-08 00:00:00, 1.5
5.0, 22.6, 230.0, 45.0, 1990-07-09 00:00:00, 0.7
8.0, 24.5, 230.0, 43.0, 1990-07-10 00:00:00, 0.0
7.0, 20.6, 230.0, 38.0, 1990-07-11 00:00:00, 0.3
4.0, 22.2, 140.0, 45.0, 1990-07-12 00:00:00, 0.8
8.0, 11.5, 270.0, 84.0, 1990-07-13 00:00:00, 10.1
6.0, 21.3, 270.0, 42.0, 1990-07-14 00:00:00, 8.6
5.0, 19.6, 270.0, 58.0, 1990-07-15 00:00:00, 0.0
5.0, 14.3, 50.0, 88.0, 1990-07-16 00:00:00, 2.5
3.0, 18.0, 270.0, 76.0, 1990-07-17 00:00:00, 4.0
4.0, 22.3, 230.0, 53.0, 1990-07-18 00:00:00, 3.3
6.0, 24.7, 230.0, 45.0, 1990-07-19 00:00:00, 0.0
3.0, 26.2, 270.0, 48.0, 1990-07-20 00:00:00, 0.5
4.0, 27.2, 180.0, 50.0, 1990-07-21 00:00:00, 0.0
4.0, 27.3, 90.0, 48.0, 1990-07-22 00:00:00, 0.0
9.0, 23.1, 140.0, 61.0, 1990-07-23 00:00:00, 1.7
0.0, 22.9, 0.0, 66.0, 1990-07-24 00:00:00, 2.7
10.0, 24.6, 270.0, 33.0, 1990-07-25 00:00:00, 0.8
6.0, 19.6, 270.0, 43.0, 1990-07-26 00:00:00, 0.0
10.0, 21.4, 270.0, 40.0, 1990-07-27 00:00:00, 0.0
3.0, 23.9, 230.0, 40.0, 1990-07-28 00:00:00, 0.0
2.0, 28.4, 270.0, 37.0, 1990-07-29 00:00:00, 0.0
2.0, 28.8, 320.0, 38.0, 1990-07-30 00:00:00, 0.0
2.0, 15.6, 230.0, 84.0, 1990-07-31 00:00:00, 0.2
7.0, 17.2, 270.0, 51.0, 1990-08-01 00:00:00, 3.5
6.0, 19.4, 50.0, 57.0, 1990-08-02 00:00:00, 0.0
5.0, 21.5, 270.0, 44.0, 1990-08-03 00:00:00, 0.0
4.0, 25.9, 230.0, 35.0, 1990-08-04 00:00:00, 0.0
2.0, 25.4, 270.0, 42.0, 1990-08-05 00:00:00, 0.0
1.0, 13.6, 230.0, 98.0, 1990-08-06 00:00:00, 6.0
11.0, 19.6, 320.0, 42.0, 1990-08-07 00:00:00, 0.0
1.0, 23.1, 50.0, 41.0, 1990-08-08 00:00:00, 0.0
2.0, 24.9, 140.0, 49.0, 1990-08-09 00:00:00, 0.0
5.0, 27.4, 320.0, 46.0, 1990-08-10 00:00:00, 0.0
2.0, 29.4, 320.0, 45.0, 1990-08-11 00:00:00, 0.0
1.0, 27.1, 320.0, 46.0, 1990-08-12 00:00:00, 0.0
3.0, 20.4, 90.0, 62.0, 1990-08-13 00:00:00, 0.0
8.0, 19.0, 140.0, 61.0, 1990-08-14 00:00:00, 0.0
5.0, 19.7, 320.0, 69.0, 1990-08-15 00:00:00, 0.2
3.0, 22.0, 230.0, 61.0, 1990-08-16 00:00:00, 0.0
4.0, 24.5, 270.0, 44.0, 1990-08-17 00:00:00, 0.0
6.0, 23.1, 270.0, 41.0, 1990-08-18 00:00:00, 0.0
1.0, 20.3, 230.0, 57.0, 1990-08-19 00:00:00, 0.0
5.0, 23.1, 230.0, 50.0, 1990-08-20 00:00:00, 4.0
0.0, 17.6, 0.0, 59.0, 1990-08-21 00:00:00, 0.0
8.0, 10.4, 50.0, 93.0, 1990-08-22 00:00:00, 5.0
3.0, 14.7, 180.0, 57.0, 1990-08-23 00:00:00, 3.0
3.0, 19.1, 90.0, 48.0, 1990-08-24 00:00:00, 0.0
3.0, 17.6, 140.0, 59.0, 1990-08-25 00:00:00, 2.0
2.0, 20.5, 320.0, 49.0, 1990-08-26 00:00:00, 0.0
4.0, 19.0, 320.0, 61.0, 1990-08-27 00:00:00, 0.0
12.0, 24.2, 270.0, 44.0, 1990-08-28 00:00:00, 0.0
13.0, 16.5, 270.0, 35.0, 1990-08-29 00:00:00, 0.0
5.0, 13.1, 270.0, 61.0, 1990-08-30 00:00:00, 0.0
2.0, 11.3, 270.0, 83.0, 1990-08-31 00:00:00, 5.0
0.0, 0.0, 0.0, 0.0, 1991-04-30 00:00:00, 0.0
11.0, 13.1, 270.0, 41.0, 1991-05-01 00:00:00, 0.0
6.0, 13.4, 230.0, 26.0, 1991-05-02 00:00:00, 0.0
7.0, 17.3, 140.0, 15.0, 1991-05-03 00:00:00, 0.0
6.0, 19.8, 50.0, 14.0, 1991-05-04 00:00:00, 0.0
11.0, 16.0, 140.0, 28.0, 1991-05-05 00:00:00, 0.0
9.0, 16.8, 90.0, 22.0, 1991-05-06 00:00:00, 0.0
4.0, 11.2, 50.0, 67.0, 1991-05-07 00:00:00, 1.5
3.0, 15.1, 90.0, 54.0, 1991-05-08 00:00:00, 1.0
0.0, 16.7, 180.0, 46.0, 1991-05-09 00:00:00, 1.0
0.0, 11.1, 180.0, 69.0, 1991-05-10 00:00:00, 0.2
13.0, 14.2, 270.0, 39.0, 1991-05-11 00:00:00, 0.2
7.0, 15.2, 50.0, 44.0, 1991-05-12 00:00:00, 0.0
0.0, 8.1, 90.0, 97.0, 1991-05-13 00:00:00, 18.7
0.0, 11.8, 320.0, 47.0, 1991-05-14 00:00:00, 3.5
6.0, 17.5, 180.0, 29.0, 1991-05-15 00:00:00, 0.0
3.0, 19.6, 140.0, 29.0, 1991-05-16 00:00:00, 0.0
4.0, 19.6, 320.0, 30.0, 1991-05-17 00:00:00, 0.0
5.0, 20.5, 180.0, 21.0, 1991-05-18 00:00:00, 0.0
0.0, 17.7, 0.0, 32.0, 1991-05-19 00:00:00, 0.0
0.0, 13.2, 0.0, 48.0, 1991-05-20 00:00:00, 0.0
0.0, 11.5, 0.0, 64.0, 1991-05-21 00:00:00, 9.1
1.0, 12.4, 180.0, 35.0, 1991-05-22 00:00:00, 1.7
5.0, 15.9, 140.0, 35.0, 1991-05-23 00:00:00, 1.5
5.0, 17.6, 0.0, 41.0, 1991-05-24 00:00:00, 0.0
5.0, 19.7, 230.0, 33.0, 1991-05-25 00:00:00, 0.0
12.0, 18.9, 270.0, 21.0, 1991-05-26 00:00:00, 0.0
4.0, 19.7, 230.0, 26.0, 1991-05-27 00:00:00, 0.0
5.0, 21.6, 270.0, 27.0, 1991-05-28 00:00:00, 0.0
2.0, 22.3, 50.0, 18.0, 1991-05-29 00:00:00, 0.0
7.0, 18.7, 270.0, 39.0, 1991-05-30 00:00:00, 0.0
12.0, 13.4, 270.0, 32.0, 1991-05-31 00:00:00, 3.8
0.0, 11.3, 0.0, 31.0, 1991-06-01 00:00:00, 0.0
5.0, 14.5, 140.0, 25.0, 1991-06-02 00:00:00, 0.0
6.0, 15.8, 50.0, 41.0, 1991-06-03 00:00:00, 0.0
1.0, 18.1, 90.0, 33.0, 1991-06-04 00:00:00, 0.7
11.0, 20.3, 270.0, 14.0, 1991-06-05 00:00:00, 0.0
8.0, 21.8, 270.0, 29.0, 1991-06-06 00:00:00, 0.0
0.0, 11.0, 0.0, 97.0, 1991-06-07 00:00:00, 7.1
0.0, 13.4, 0.0, 31.0, 1991-06-08 00:00:00, 0.5
6.0, 17.8, 320.0, 35.0, 1991-06-09 00:00:00, 0.0
3.0, 15.8, 320.0, 71.0, 1991-06-10 00:00:00, 3.0
4.0, 14.2, 270.0, 56.0, 1991-06-11 00:00:00, 7.1
0.0, 12.6, 0.0, 93.0, 1991-06-12 00:00:00, 6.3
0.0, 18.8, 0.0, 44.0, 1991-06-13 00:00:00, 1.2
0.0, 20.0, 0.0, 25.0, 1991-06-14 00:00:00, 0.0
0.0, 18.8, 0.0, 43.0, 1991-06-15 00:00:00, 0.0
0.0, 21.7, 0.0, 31.0, 1991-06-16 00:00:00, 0.0
0.0, 24.7, 0.0, 24.0, 1991-06-17 00:00:00, 0.0
0.0, 23.9, 0.0, 21.0, 1991-06-18 00:00:00, 0.0
5.0, 27.3, 320.0, 13.0, 1991-06-19 00:00:00, 0.0
6.0, 23.5, 50.0, 40.0, 1991-06-20 00:00:00, 0.0
8.0, 24.9, 140.0, 23.0, 1991-06-21 00:00:00, 0.0
6.0, 25.4, 270.0, 20.0, 1991-06-22 00:00:00, 0.0
3.0, 26.5, 270.0, 32.0, 1991-06-23 00:00:00, 0.0
5.0, 26.4, 50.0, 34.0, 1991-06-24 00:00:00, 0.0
2.0, 27.3, 230.0, 33.0, 1991-06-25 00:00:00, 0.0
2.0, 22.9, 270.0, 33.0, 1991-06-26 00:00:00, 0.0
5.0, 25.2, 270.0, 34.0, 1991-06-27 00:00:00, 0.0
8.0, 24.8, 140.0, 42.0, 1991-06-28 00:00:00, 0.0
0.0, 15.4, 0.0, 75.0, 1991-06-29 00:00:00, 2.2
8.0, 22.5, 180.0, 50.0, 1991-06-30 00:00:00, 0.0
3.0, 23.6, 270.0, 32.0, 1991-07-01 00:00:00, 0.5
4.0, 23.4, 230.0, 36.0, 1991-07-02 00:00:00, 0.0
5.0, 23.9, 270.0, 29.0, 1991-07-03 00:00:00, 0.0
8.0, 21.2, 0.0, 30.0, 1991-07-04 00:00:00, 0.0
8.0, 12.4, 50.0, 91.0, 1991-07-05 00:00:00, 1.0
0.0, 11.3, 0.0, 58.0, 1991-07-06 00:00:00, 0.7
8.0, 21.1, 320.0, 47.0, 1991-07-07 00:00:00, 0.0
0.0, 23.1, 0.0, 37.0, 1991-07-08 00:00:00, 0.0
0.0, 13.3, 0.0, 92.0, 1991-07-09 00:00:00, 0.7
5.0, 19.0, 230.0, 51.0, 1991-07-10 00:00:00, 0.0
0.0, 20.4, 0.0, 51.0, 1991-07-11 00:00:00, 10.4
0.0, 14.7, 0.0, 92.0, 1991-07-12 00:00:00, 2.5
0.0, 18.9, 0.0, 71.0, 1991-07-13 00:00:00, 4.3
0.0, 18.6, 0.0, 59.0, 1991-07-14 00:00:00, 0.2
0.0, 15.4, 0.0, 94.0, 1991-07-15 00:00:00, 17.0
0.0, 16.0, 0.0, 90.0, 1991-07-16 00:00:00, 12.4
0.0, 15.3, 0.0, 58.0, 1991-07-17 00:00:00, 0.5
0.0, 17.5, 320.0, 38.0, 1991-07-18 00:00:00, 0.0
10.0, 15.6, 270.0, 38.0, 1991-07-19 00:00:00, 0.0
5.0, 17.8, 0.0, 41.0, 1991-07-20 00:00:00, 0.0
6.0, 20.5, 320.0, 38.0, 1991-07-21 00:00:00, 0.0
6.0, 23.4, 270.0, 29.0, 1991-07-22 00:00:00, 0.0
4.0, 28.1, 230.0, 27.0, 1991-07-23 00:00:00, 0.0
1.0, 30.1, 50.0, 29.0, 1991-07-24 00:00:00, 0.0
0.0, 28.8, 0.0, 52.0, 1991-07-25 00:00:00, 0.5
0.0, 19.1, 0.0, 69.0, 1991-07-26 00:00:00, 0.5
0.0, 20.2, 0.0, 33.0, 1991-07-27 00:00:00, 0.2
0.0, 17.8, 0.0, 37.0, 1991-07-28 00:00:00, 0.0
8.0, 15.4, 230.0, 62.0, 1991-07-29 00:00:00, 1.0
0.0, 20.8, 0.0, 34.0, 1991-07-30 00:00:00, 0.0
0.0, 21.6, 0.0, 34.0, 1991-07-31 00:00:00, 0.0
0.0, 21.9, 0.0, 42.0, 1991-08-01 00:00:00, 0.0
5.0, 21.2, 270.0, 40.0, 1991-08-02 00:00:00, 0.0
0.0, 20.8, 0.0, 66.0, 1991-08-03 00:00:00, 1.5
0.0, 20.1, 0.0, 24.0, 1991-08-04 00:00:00, 3.0
0.0, 20.0, 0.0, 30.0, 1991-08-05 00:00:00, 0.0
5.0, 19.2, 230.0, 29.0, 1991-08-06 00:00:00, 0.0
3.0, 22.5, 270.0, 39.0, 1991-08-07 00:00:00, 0.0
0.0, 19.8, 0.0, 82.0, 1991-08-08 00:00:00, 0.0
7.0, 21.2, 320.0, 40.0, 1991-08-09 00:00:00, 3.5
6.0, 18.3, 270.0, 41.0, 1991-08-10 00:00:00, 0.0
7.0, 23.3, 320.0, 34.0, 1991-08-11 00:00:00, 0.0
4.0, 26.8, 0.0, 35.0, 1991-08-12 00:00:00, 0.0
4.0, 27.7, 230.0, 33.0, 1991-08-13 00:00:00, 0.0
5.0, 29.0, 230.0, 30.0, 1991-08-14 00:00:00, 0.0
3.0, 26.7, 320.0, 28.0, 1991-08-15 00:00:00, 0.0
7.0, 26.8, 320.0, 26.0, 1991-08-16 00:00:00, 0.0
1.0, 27.8, 50.0, 32.0, 1991-08-17 00:00:00, 0.0
0.0, 20.7, 0.0, 30.0, 1991-08-18 00:00:00, 0.0
0.0, 14.1, 0.0, 66.0, 1991-08-19 00:00:00, 0.2
0.0, 13.5, 0.0, 89.0, 1991-08-20 00:00:00, 12.9
0.0, 12.5, 0.0, 94.0, 1991-08-21 00:00:00, 15.4
0.0, 13.3, 0.0, 81.0, 1991-08-22 00:00:00, 8.3
0.0, 17.6, 270.0, 45.0, 1991-08-23 00:00:00, 0.2
7.0, 16.4, 320.0, 44.0, 1991-08-24 00:00:00, 0.2
0.0, 8.7, 230.0, 92.0, 1991-08-25 00:00:00, 0.2
7.0, 5.6, 90.0, 70.0, 1991-08-26 00:00:00, 10.1
0.0, 5.4, 0.0, 94.0, 1991-08-27 00:00:00, 7.3
0.0, 7.2, 0.0, 74.0, 1991-08-28 00:00:00, 0.2
6.0, 10.3, 90.0, 58.0, 1991-08-29 00:00:00, 0.5
0.0, 11.7, 0.0, 62.0, 1991-08-30 00:00:00, 13.7
0.0, 12.3, 0.0, 70.0, 1991-08-31 00:00:00, 0.0
4.0, 15.7, 270.0, 57.0, 1991-09-01 00:00:00, 0.0
0.0, 11.4, 0.0, 74.0, 1991-09-02 00:00:00, 0.2
0.0, 10.6, 0.0, 83.0, 1991-09-03 00:00:00, 1.0
0.0, 11.3, 0.0, 93.0, 1991-09-04 00:00:00, 1.2
0.0, 11.1, 0.0, 97.0, 1991-09-05 00:00:00, 3.0
0.0, 7.5, 0.0, 87.0, 1991-09-06 00:00:00, 10.9
0.0, 10.4, 0.0, 83.0, 1991-09-07 00:00:00, 0.2
5.0, 15.3, 320.0, 54.0, 1991-09-08 00:00:00, 2.0
0.0, 15.3, 0.0, 63.0, 1991-09-09 00:00:00, 0.0
0.0, 13.7, 0.0, 70.0, 1991-09-10 00:00:00, 0.0
2.0, 15.6, 180.0, 82.0, 1991-09-11 00:00:00, 1.7
0.0, 10.9, 0.0, 96.0, 1991-09-12 00:00:00, 1.2
5.0, 13.0, 0.0, 75.0, 1991-09-13 00:00:00, 0.0
0.0, 15.0, 0.0, 80.0, 1991-09-14 00:00:00, 0.0
0.0, 15.0, 0.0, 80.0, 1991-09-15 00:00:00, 0.0
0.0, 0.0, 0.0, 0.0, 1993-05-01 00:00:00, 0.0
3.0, 8.5, 230.0, 86.0, 1993-05-02 00:00:00, 1.5
5.0, 14.5, 0.0, 36.0, 1993-05-03 00:00:00, 1.2
4.0, 14.5, 180.0, 37.0, 1993-05-04 00:00:00, 0.0
5.0, 19.0, 180.0, 30.0, 1993-05-05 00:00:00, 0.0
3.0, 11.7, 180.0, 67.0, 1993-05-06 00:00:00, 0.0
10.0, 13.4, 270.0, 30.0, 1993-05-07 00:00:00, 2.0
9.0, 14.8, 320.0, 23.0, 1993-05-08 00:00:00, 0.0
5.0, 14.4, 270.0, 37.0, 1993-05-09 00:00:00, 0.0
3.0, 9.5, 320.0, 76.0, 1993-05-10 00:00:00, 0.0
5.0, 14.5, 180.0, 39.0, 1993-05-11 00:00:00, 2.7
5.0, 19.8, 270.0, 19.0, 1993-05-12 00:00:00, 0.0
4.0, 23.1, 270.0, 30.0, 1993-05-13 00:00:00, 0.0
4.0, 24.8, 320.0, 26.0, 1993-05-14 00:00:00, 0.0
3.0, 23.6, 230.0, 28.0, 1993-05-15 00:00:00, 0.0
9.0, 19.9, 90.0, 31.0, 1993-05-16 00:00:00, 0.0
9.0, 12.4, 50.0, 60.0, 1993-05-17 00:00:00, 2.0
6.0, 17.4, 140.0, 49.0, 1993-05-18 00:00:00, 2.5
4.0, 20.7, 270.0, 44.0, 1993-05-19 00:00:00, 0.0
8.0, 6.0, 140.0, 91.0, 1993-05-20 00:00:00, 1.0
10.0, 8.4, 90.0, 64.0, 1993-05-21 00:00:00, 8.6
5.0, 11.5, 270.0, 59.0, 1993-05-22 00:00:00, 1.5
7.0, 19.5, 320.0, 43.0, 1993-05-23 00:00:00, 0.7
9.0, 12.5, 90.0, 56.0, 1993-05-24 00:00:00, 0.0
4.0, 12.3, 320.0, 60.0, 1993-05-25 00:00:00, 0.0
5.0, 18.0, 230.0, 48.0, 1993-05-26 00:00:00, 0.0
10.0, 19.0, 140.0, 48.0, 1993-05-27 00:00:00, 0.0
9.0, 22.1, 140.0, 43.0, 1993-05-28 00:00:00, 0.0
4.0, 20.7, 50.0, 42.0, 1993-05-29 00:00:00, 0.0
5.0, 10.7, 50.0, 71.0, 1993-05-30 00:00:00, 0.0
8.0, 13.7, 0.0, 71.0, 1993-05-31 00:00:00, 0.0
5.0, 21.0, 270.0, 54.0, 1993-06-01 00:00:00, 0.0
3.0, 22.9, 230.0, 50.0, 1993-06-02 00:00:00, 0.2
3.0, 25.3, 320.0, 31.0, 1993-06-03 00:00:00, 0.0
10.0, 17.6, 140.0, 50.0, 1993-06-04 00:00:00, 0.0
4.0, 21.2, 50.0, 52.0, 1993-06-05 00:00:00, 0.0
4.0, 25.7, 50.0, 35.0, 1993-06-06 00:00:00, 0.7
7.0, 17.9, 320.0, 40.0, 1993-06-07 00:00:00, 9.6
4.0, 17.8, 320.0, 30.0, 1993-06-08 00:00:00, 0.0
7.0, 20.4, 50.0, 25.0, 1993-06-09 00:00:00, 0.0
8.0, 12.1, 50.0, 65.0, 1993-06-10 00:00:00, 0.2
6.0, 20.8, 230.0, 36.0, 1993-06-11 00:00:00, 0.0
4.0, 22.5, 230.0, 41.0, 1993-06-12 00:00:00, 0.0
3.0, 13.9, 50.0, 83.0, 1993-06-13 00:00:00, 4.0
10.0, 17.9, 90.0, 47.0, 1993-06-14 00:00:00, 0.6
5.0, 22.5, 180.0, 28.0, 1993-06-15 00:00:00, 0.0
6.0, 22.3, 230.0, 40.0, 1993-06-16 00:00:00, 0.5
2.0, 20.7, 230.0, 50.0, 1993-06-17 00:00:00, 2.0
9.0, 19.5, 270.0, 44.0, 1993-06-18 00:00:00, 0.5
5.0, 14.1, 270.0, 63.0, 1993-06-19 00:00:00, 1.3
2.0, 16.8, 270.0, 50.0, 1993-06-20 00:00:00, 2.2
5.0, 18.4, 50.0, 50.0, 1993-06-21 00:00:00, 1.8
2.0, 13.0, 270.0, 74.0, 1993-06-22 00:00:00, 4.0
3.0, 15.4, 270.0, 64.0, 1993-06-23 00:00:00, 5.0
6.0, 23.8, 50.0, 35.0, 1993-06-24 00:00:00, 0.0
5.0, 19.3, 140.0, 44.0, 1993-06-25 00:00:00, 1.0
3.0, 21.7, 180.0, 45.0, 1993-06-26 00:00:00, 0.0
3.0, 18.9, 180.0, 53.0, 1993-06-27 00:00:00, 0.0
3.0, 17.1, 90.0, 83.0, 1993-06-28 00:00:00, 0.0
3.0, 21.0, 50.0, 49.0, 1993-06-29 00:00:00, 7.6
3.0, 18.9, 270.0, 65.0, 1993-06-30 00:00:00, 1.7
5.0, 18.4, 230.0, 80.0, 1993-07-01 00:00:00, 10.9
5.0, 22.2, 320.0, 57.0, 1993-07-02 00:00:00, 1.2
8.0, 21.5, 270.0, 57.0, 1993-07-03 00:00:00, 0.7
7.0, 21.0, 270.0, 34.0, 1993-07-04 00:00:00, 0.0
7.0, 21.8, 320.0, 39.0, 1993-07-05 00:00:00, 0.0
12.0, 22.3, 320.0, 35.0, 1993-07-06 00:00:00, 0.0
6.0, 20.3, 270.0, 44.0, 1993-07-07 00:00:00, 0.0
10.0, 17.6, 0.0, 48.0, 1993-07-08 00:00:00, 0.0
3.0, 20.0, 180.0, 48.0, 1993-07-09 00:00:00, 0.7
4.0, 20.2, 270.0, 43.0, 1993-07-10 00:00:00, 0.0
8.0, 18.6, 0.0, 50.0, 1993-07-11 00:00:00, 0.0
7.0, 22.3, 50.0, 34.0, 1993-07-12 00:00:00, 0.7
11.0, 23.1, 270.0, 38.0, 1993-07-13 00:00:00, 0.0
8.0, 15.2, 50.0, 64.0, 1993-07-14 00:00:00, 3.5
5.0, 18.2, 270.0, 38.0, 1993-07-15 00:00:00, 0.0
4.0, 24.4, 320.0, 29.0, 1993-07-16 00:00:00, 0.0
6.0, 12.9, 0.0, 93.0, 1993-07-17 00:00:00, 0.7
3.0, 19.5, 270.0, 49.0, 1993-07-18 00:00:00, 2.2
8.0, 21.1, 50.0, 46.0, 1993-07-19 00:00:00, 0.0
4.0, 23.4, 320.0, 42.0, 1993-07-20 00:00:00, 11.9
5.0, 22.9, 0.0, 43.0, 1993-07-21 00:00:00, 0.7
2.0, 19.0, 140.0, 65.0, 1993-07-22 00:00:00, 0.7
3.0, 19.5, 320.0, 56.0, 1993-07-23 00:00:00, 0.2
12.0, 22.6, 270.0, 47.0, 1993-07-24 00:00:00, 0.7
3.0, 23.9, 230.0, 45.0, 1993-07-25 00:00:00, 3.8
3.0, 26.2, 320.0, 35.0, 1993-07-26 00:00:00, 0.0
6.0, 23.0, 0.0, 57.0, 1993-07-27 00:00:00, 10.1
8.0, 19.7, 90.0, 42.0, 1993-07-28 00:00:00, 0.0
4.0, 16.7, 50.0, 63.0, 1993-07-29 00:00:00, 0.0
4.0, 16.9, 230.0, 69.0, 1993-07-30 00:00:00, 2.5
9.0, 22.1, 270.0, 41.0, 1993-07-31 00:00:00, 0.0
11.0, 23.5, 270.0, 43.0, 1993-08-01 00:00:00, 0.0
10.0, 26.2, 320.0, 31.0, 1993-08-02 00:00:00, 0.0
4.0, 28.7, 230.0, 34.0, 1993-08-03 00:00:00, 0.0
4.0, 28.1, 180.0, 30.0, 1993-08-04 00:00:00, 0.0
6.0, 28.3, 320.0, 20.0, 1993-08-05 00:00:00, 0.0
8.0, 22.5, 230.0, 44.0, 1993-08-06 00:00:00, 0.0
1.0, 16.7, 230.0, 72.0, 1993-08-07 00:00:00, 0.0
11.0, 10.8, 0.0, 76.0, 1993-08-08 00:00:00, 7.6
4.0, 15.8, 270.0, 38.0, 1993-08-09 00:00:00, 0.5
5.0, 19.2, 180.0, 42.0, 1993-08-10 00:00:00, 0.0
4.0, 16.9, 90.0, 78.0, 1993-08-11 00:00:00, 2.5
3.0, 15.5, 50.0, 85.0, 1993-08-12 00:00:00, 1.0
5.0, 19.5, 230.0, 64.0, 1993-08-13 00:00:00, 3.0
4.0, 22.4, 270.0, 46.0, 1993-08-14 00:00:00, 0.5
2.0, 19.1, 270.0, 55.0, 1993-08-15 00:00:00, 0.0
3.0, 23.3, 230.0, 35.0, 1993-08-16 00:00:00, 0.2
2.0, 23.7, 320.0, 40.0, 1993-08-17 00:00:00, 0.0
5.0, 21.6, 0.0, 37.0, 1993-08-18 00:00:00, 0.2
3.0, 23.3, 0.0, 24.0, 1993-08-19 00:00:00, 0.0
2.0, 24.3, 180.0, 29.0, 1993-08-20 00:00:00, 0.0
3.0, 24.9, 140.0, 22.0, 1993-08-21 00:00:00, 0.0
3.0, 20.4, 270.0, 39.0, 1993-08-22 00:00:00, 0.0
2.0, 15.7, 270.0, 61.0, 1993-08-23 00:00:00, 0.0
5.0, 17.9, 50.0, 47.0, 1993-08-24 00:00:00, 2.5
8.0, 18.9, 180.0, 33.0, 1993-08-25 00:00:00, 0.2
7.0, 19.1, 180.0, 35.0, 1993-08-26 00:00:00, 0.0
5.0, 19.5, 230.0, 33.0, 1993-08-27 00:00:00, 0.0
0.0, 0.0, 0.0, 0.0, 1994-05-11 00:00:00, 0.0
9.0, 13.3, 270.0, 45.0, 1994-05-12 00:00:00, 10.2
3.0, 14.3, 270.0, 34.0, 1994-05-13 00:00:00, 0.0
3.0, 13.7, 230.0, 37.0, 1994-05-14 00:00:00, 0.0
10.0, 12.8, 140.0, 53.0, 1994-05-15 00:00:00, 1.0
7.0, 11.5, 50.0, 67.0, 1994-05-16 00:00:00, 0.0
3.0, 14.2, 50.0, 73.0, 1994-05-17 00:00:00, 5.7
2.0, 17.9, 230.0, 53.0, 1994-05-18 00:00:00, 3.0
6.0, 21.5, 180.0, 36.0, 1994-05-19 00:00:00, 0.0
1.0, 23.8, 320.0, 34.0, 1994-05-20 00:00:00, 0.0
6.0, 23.2, 230.0, 25.0, 1994-05-21 00:00:00, 0.0
2.0, 17.9, 230.0, 46.0, 1994-05-22 00:00:00, 0.0
1.0, 18.8, 140.0, 40.0, 1994-05-23 00:00:00, 0.0
1.0, 20.3, 230.0, 37.0, 1994-05-24 00:00:00, 0.0
3.0, 10.3, 320.0, 80.0, 1994-05-25 00:00:00, 1.7
5.0, 14.6, 230.0, 38.0, 1994-05-26 00:00:00, 0.0
13.0, 11.6, 320.0, 43.0, 1994-05-27 00:00:00, 0.2
5.0, 16.2, 270.0, 23.0, 1994-05-28 00:00:00, 0.0
7.0, 14.8, 140.0, 49.0, 1994-05-29 00:00:00, 0.0
8.0, 12.2, 270.0, 49.0, 1994-05-30 00:00:00, 0.5
8.0, 17.5, 50.0, 45.0, 1994-05-31 00:00:00, 1.2
10.0, 17.8, 320.0, 37.0, 1994-06-01 00:00:00, 0.0
6.0, 18.3, 270.0, 35.0, 1994-06-02 00:00:00, 0.0
1.0, 20.4, 180.0, 40.0, 1994-06-03 00:00:00, 0.0
0.0, 19.5, 270.0, 43.0, 1994-06-04 00:00:00, 1.5
0.0, 15.4, 0.0, 82.0, 1994-06-05 00:00:00, 2.0
0.0, 18.8, 0.0, 70.0, 1994-06-06 00:00:00, 4.0
0.0, 12.9, 0.0, 96.0, 1994-06-07 00:00:00, 6.0
10.0, 19.4, 320.0, 41.0, 1994-06-08 00:00:00, 10.0
6.0, 13.7, 320.0, 80.0, 1994-06-09 00:00:00, 7.0
11.0, 13.8, 50.0, 65.0, 1994-06-10 00:00:00, 4.0
8.0, 19.3, 140.0, 45.0, 1994-06-11 00:00:00, 0.0
8.0, 17.4, 90.0, 49.0, 1994-06-12 00:00:00, 0.2
5.0, 11.5, 140.0, 60.0, 1994-06-13 00:00:00, 0.0
6.0, 15.8, 180.0, 32.0, 1994-06-14 00:00:00, 0.0
2.0, 19.9, 230.0, 25.0, 1994-06-15 00:00:00, 0.0
0.0, 22.2, 0.0, 26.0, 1994-06-16 00:00:00, 0.0
7.0, 20.2, 320.0, 41.0, 1994-06-17 00:00:00, 0.0
2.0, 15.0, 230.0, 67.0, 1994-06-18 00:00:00, 0.0
13.0, 19.5, 320.0, 39.0, 1994-06-19 00:00:00, 0.0
5.0, 19.5, 270.0, 40.0, 1994-06-20 00:00:00, 0.0
5.0, 19.9, 320.0, 43.0, 1994-06-21 00:00:00, 0.0
5.0, 21.2, 270.0, 48.0, 1994-06-22 00:00:00, 0.0
2.0, 26.5, 270.0, 36.0, 1994-06-23 00:00:00, 0.0
2.0, 23.6, 230.0, 42.0, 1994-06-24 00:00:00, 0.0
7.0, 22.3, 270.0, 35.0, 1994-06-25 00:00:00, 0.0
9.0, 15.0, 320.0, 37.0, 1994-06-26 00:00:00, 0.0
3.0, 17.1, 320.0, 32.0, 1994-06-27 00:00:00, 0.0
1.0, 18.9, 270.0, 38.0, 1994-06-28 00:00:00, 0.0
1.0, 23.1, 50.0, 38.0, 1994-06-29 00:00:00, 0.0
10.0, 13.7, 50.0, 87.0, 1994-06-30 00:00:00, 1.7
14.0, 13.6, 50.0, 84.0, 1994-07-01 00:00:00, 6.3
1.0, 13.9, 180.0, 92.0, 1994-07-02 00:00:00, 1.5
0.0, 14.0, 0.0, 95.0, 1994-07-03 00:00:00, 5.5
0.0, 17.8, 0.0, 80.0, 1994-07-04 00:00:00, 2.0
7.0, 17.1, 320.0, 62.0, 1994-07-05 00:00:00, 0.0
3.0, 20.8, 230.0, 40.0, 1994-07-06 00:00:00, 4.5
0.0, 19.9, 0.0, 54.0, 1994-07-07 00:00:00, 1.7
2.0, 11.4, 230.0, 91.0, 1994-07-08 00:00:00, 4.8
1.0, 12.9, 0.0, 99.0, 1994-07-09 00:00:00, 0.0
0.0, 15.3, 0.0, 94.0, 1994-07-10 00:00:00, 0.0
0.0, 20.9, 0.0, 76.0, 1994-07-11 00:00:00, 0.2
23.0, 25.5, 0.0, 42.0, 1994-07-12 00:00:00, 0.0
1.0, 27.0, 0.0, 43.0, 1994-07-13 00:00:00, 0.0
1.0, 26.9, 0.0, 43.0, 1994-07-14 00:00:00, 0.0
2.0, 25.5, 0.0, 47.0, 1994-07-15 00:00:00, 0.2
1.0, 25.3, 0.0, 44.0, 1994-07-16 00:00:00, 0.5
0.0, 19.2, 0.0, 64.0, 1994-07-17 00:00:00, 6.3
9.0, 20.5, 0.0, 47.0, 1994-07-18 00:00:00, 0.0
13.0, 21.5, 0.0, 40.0, 1994-07-19 00:00:00, 0.0
14.0, 21.1, 0.0, 44.0, 1994-07-20 00:00:00, 0.0
14.0, 20.6, 0.0, 42.0, 1994-07-21 00:00:00, 0.0
1.0, 25.1, 0.0, 32.0, 1994-07-22 00:00:00, 0.0
0.0, 27.3, 0.0, 30.0, 1994-07-23 00:00:00, 0.0
1.0, 29.8, 0.0, 30.0, 1994-07-24 00:00:00, 0.0
0.0, 30.5, 0.0, 31.0, 1994-07-25 00:00:00, 0.0
4.0, 26.4, 0.0, 44.0, 1994-07-26 00:00:00, 1.2
0.0, 25.9, 0.0, 50.0, 1994-07-27 00:00:00, 0.0
2.0, 26.7, 0.0, 56.0, 1994-07-28 00:00:00, 0.0
7.0, 19.8, 0.0, 72.0, 1994-07-29 00:00:00, 0.0
0.0, 21.6, 0.0, 70.0, 1994-07-30 00:00:00, 9.6
0.0, 15.5, 0.0, 98.0, 1994-07-31 00:00:00, 8.1
2.0, 19.6, 0.0, 74.0, 1994-08-01 00:00:00, 1.5
0.0, 25.2, 0.0, 55.0, 1994-08-02 00:00:00, 0.0
0.0, 28.5, 0.0, 42.0, 1994-08-03 00:00:00, 0.0
0.0, 29.1, 0.0, 46.0, 1994-08-04 00:00:00, 0.0
1.0, 23.6, 0.0, 67.0, 1994-08-05 00:00:00, 0.0
0.0, 25.3, 0.0, 54.0, 1994-08-06 00:00:00, 0.0
0.0, 24.9, 0.0, 63.0, 1994-08-07 00:00:00, 8.6
1.0, 17.2, 0.0, 89.0, 1994-08-08 00:00:00, 3.5
0.0, 24.6, 0.0, 48.0, 1994-08-09 00:00:00, 0.0
0.0, 25.6, 0.0, 46.0, 1994-08-10 00:00:00, 0.0
1.0, 24.3, 0.0, 54.0, 1994-08-11 00:00:00, 0.0
0.0, 24.6, 0.0, 48.0, 1994-08-12 00:00:00, 0.0
0.0, 27.9, 0.0, 45.0, 1994-08-13 00:00:00, 0.0
0.0, 17.7, 0.0, 93.0, 1994-08-14 00:00:00, 0.5
0.0, 14.9, 0.0, 95.0, 1994-08-15 00:00:00, 1.5
0.0, 22.1, 0.0, 60.0, 1994-08-16 00:00:00, 0.7
1.0, 23.5, 0.0, 54.0, 1994-08-17 00:00:00, 0.0
0.0, 19.8, 0.0, 68.0, 1994-08-18 00:00:00, 0.0
9.0, 21.9, 0.0, 43.0, 1994-08-19 00:00:00, 0.0
0.0, 18.0, 0.0, 68.0, 1994-08-20 00:00:00, 0.7
0.0, 17.0, 0.0, 89.0, 1994-08-21 00:00:00, 5.0
6.0, 17.0, 0.0, 50.0, 1994-08-22 00:00:00, 1.2
6.0, 15.5, 0.0, 49.0, 1994-08-23 00:00:00, 0.2
10.0, 15.9, 0.0, 52.0, 1994-08-24 00:00:00, 1.5
2.0, 18.4, 0.0, 44.0, 1994-08-25 00:00:00, 0.0
1.0, 21.0, 0.0, 44.0, 1994-08-26 00:00:00, 0.0
1.0, 24.9, 0.0, 41.0, 1994-08-27 00:00:00, 0.0
1.0, 25.0, 0.0, 38.0, 1994-08-28 00:00:00, 0.0
3.0, 22.7, 0.0, 52.0, 1994-08-29 00:00:00, 0.0
3.0, 21.1, 0.0, 63.0, 1994-08-30 00:00:00, 5.5
0.0, 16.6, 0.0, 78.0, 1994-08-31 00:00:00, 4.6
1.0, 18.5, 0.0, 62.0, 1994-09-01 00:00:00, 0.2
10.0, 13.0, 50.0, 25.0, 1995-04-30 00:00:00, 0.0
10.0, 10.6, 320.0, 31.0, 1995-05-01 00:00:00, 0.0
12.0, 8.9, 320.0, 45.0, 1995-05-02 00:00:00, 0.5
5.0, 12.8, 140.0, 35.0, 1995-05-03 00:00:00, 0.0
4.0, 16.8, 0.0, 22.0, 1995-05-04 00:00:00, 0.5
1.0, 13.7, 270.0, 32.0, 1995-05-05 00:00:00, 0.0
5.0, 19.2, 0.0, 26.0, 1995-05-06 00:00:00, 0.0
7.0, 22.3, 180.0, 7.0, 1995-05-07 00:00:00, 0.0
5.0, 22.7, 140.0, 11.0, 1995-05-08 00:00:00, 0.0
10.0, 26.8, 50.0, 3.0, 1995-05-09 00:00:00, 0.0
7.0, 25.5, 90.0, 18.0, 1995-05-10 00:00:00, 0.0
10.0, 23.9, 90.0, 16.0, 1995-05-11 00:00:00, 0.0
5.0, 23.8, 0.0, 14.0, 1995-05-12 00:00:00, 0.0
3.0, 26.4, 140.0, 17.0, 1995-05-13 00:00:00, 0.0
3.0, 13.0, 230.0, 75.0, 1995-05-14 00:00:00, 1.5
11.0, 17.0, 270.0, 33.0, 1995-05-15 00:00:00, 3.0
2.0, 7.8, 140.0, 81.0, 1995-05-16 00:00:00, 0.2
8.0, 12.5, 270.0, 37.0, 1995-05-17 00:00:00, 1.5
7.0, 13.3, 140.0, 26.0, 1995-05-18 00:00:00, 0.0
11.0, 11.5, 270.0, 35.0, 1995-05-19 00:00:00, 0.0
3.0, 18.6, 0.0, 26.0, 1995-05-20 00:00:00, 0.0
5.0, 21.4, 0.0, 10.0, 1995-05-21 00:00:00, 1.0
9.0, 16.8, 90.0, 26.0, 1995-05-22 00:00:00, 0.0
11.0, 18.7, 270.0, 35.0, 1995-05-23 00:00:00, 0.2
5.0, 18.5, 140.0, 42.0, 1995-05-24 00:00:00, 0.0
3.0, 22.6, 180.0, 32.0, 1995-05-25 00:00:00, 0.0
6.0, 28.3, 230.0, 5.0, 1995-05-26 00:00:00, 0.0
6.0, 26.4, 270.0, 6.0, 1995-05-27 00:00:00, 0.0
5.0, 22.2, 180.0, 23.0, 1995-05-28 00:00:00, 0.0
9.0, 17.5, 230.0, 23.0, 1995-05-29 00:00:00, 0.0
6.0, 13.7, 270.0, 48.0, 1995-05-30 00:00:00, 1.2
8.0, 18.3, 270.0, 23.0, 1995-05-31 00:00:00, 0.2
0.0, 16.0, 0.0, 45.0, 1995-06-01 00:00:00, 2.0
0.0, 14.0, 0.0, 45.0, 1995-06-02 00:00:00, 0.0
0.0, 22.0, 0.0, 22.0, 1995-06-03 00:00:00, 0.0
10.0, 25.1, 140.0, 27.0, 1995-06-04 00:00:00, 0.0
2.0, 14.4, 140.0, 91.0, 1995-06-05 00:00:00, 9.3
3.0, 15.8, 0.0, 53.0, 1995-06-06 00:00:00, 31.2
4.0, 23.2, 320.0, 29.0, 1995-06-07 00:00:00, 0.0
3.0, 27.7, 320.0, 20.0, 1995-06-08 00:00:00, 0.0
3.0, 27.7, 320.0, 20.0, 1995-06-09 00:00:00, 0.0
8.0, 29.8, 140.0, 12.0, 1995-06-10 00:00:00, 0.0
11.0, 29.0, 140.0, 17.0, 1995-06-11 00:00:00, 0.0
4.0, 26.7, 230.0, 32.0, 1995-06-12 00:00:00, 0.0
6.0, 19.0, 270.0, 55.0, 1995-06-13 00:00:00, 3.8
7.0, 21.4, 270.0, 48.0, 1995-06-14 00:00:00, 0.7
5.0, 17.9, 320.0, 72.0, 1995-06-15 00:00:00, 5.8
1.0, 14.0, 180.0, 89.0, 1995-06-16 00:00:00, 6.8
3.0, 19.1, 140.0, 62.0, 1995-06-17 00:00:00, 0.0
3.0, 21.8, 180.0, 56.0, 1995-06-18 00:00:00, 6.0
8.0, 25.5, 270.0, 40.0, 1995-06-19 00:00:00, 0.0
3.0, 24.4, 320.0, 54.0, 1995-06-20 00:00:00, 1.2
3.0, 25.2, 320.0, 45.0, 1995-06-21 00:00:00, 9.6
3.0, 27.9, 270.0, 28.0, 1995-06-22 00:00:00, 0.0
10.0, 18.6, 270.0, 31.0, 1995-06-23 00:00:00, 0.5
5.0, 17.3, 270.0, 33.0, 1995-06-24 00:00:00, 0.0
13.0, 16.1, 270.0, 35.0, 1995-06-25 00:00:00, 0.0
10.0, 19.6, 230.0, 34.0, 1995-06-26 00:00:00, 0.0
13.0, 23.8, 270.0, 27.0, 1995-06-27 00:00:00, 0.0
3.0, 24.1, 270.0, 32.0, 1995-06-28 00:00:00, 0.0
0.0, 20.9, 0.0, 59.0, 1995-06-29 00:00:00, 0.0
2.0, 22.2, 0.0, 48.0, 1995-06-30 00:00:00, 0.0
5.0, 23.0, 90.0, 56.0, 1995-07-01 00:00:00, 0.0
6.0, 19.1, 0.0, 64.0, 1995-07-02 00:00:00, 0.0
3.0, 19.3, 230.0, 79.0, 1995-07-03 00:00:00, 0.5
8.0, 20.9, 90.0, 42.0, 1995-07-04 00:00:00, 0.0
1.0, 13.5, 140.0, 91.0, 1995-07-05 00:00:00, 7.8
5.0, 19.9, 270.0, 57.0, 1995-07-06 00:00:00, 0.0
2.0, 20.6, 50.0, 62.0, 1995-07-07 00:00:00, 0.0
4.0, 26.0, 180.0, 40.0, 1995-07-08 00:00:00, 0.2
8.0, 17.8, 90.0, 71.0, 1995-07-09 00:00:00, 0.0
2.0, 16.7, 230.0, 74.0, 1995-07-10 00:00:00, 0.0
5.0, 23.3, 270.0, 43.0, 1995-07-11 00:00:00, 0.0
5.0, 29.0, 180.0, 37.0, 1995-07-12 00:00:00, 0.0
8.0, 22.7, 270.0, 37.0, 1995-07-13 00:00:00, 0.0
4.0, 19.3, 230.0, 51.0, 1995-07-14 00:00:00, 0.0
8.0, 22.5, 270.0, 28.0, 1995-07-15 00:00:00, 0.0
6.0, 25.5, 180.0, 26.0, 1995-07-16 00:00:00, 0.0
11.0, 25.0, 320.0, 33.0, 1995-07-17 00:00:00, 0.0
5.0, 25.8, 180.0, 31.0, 1995-07-18 00:00:00, 0.0
12.0, 24.9, 270.0, 37.0, 1995-07-19 00:00:00, 0.0
11.0, 25.6, 230.0, 34.0, 1995-07-20 00:00:00, 0.0
14.0, 23.1, 270.0, 36.0, 1995-07-21 00:00:00, 0.0
0.0, 13.0, 0.0, 96.0, 1995-07-22 00:00:00, 5.5
1.0, 12.1, 50.0, 95.0, 1995-07-23 00:00:00, 10.9
4.0, 18.4, 50.0, 69.0, 1995-07-24 00:00:00, 2.7
2.0, 15.1, 230.0, 89.0, 1995-07-25 00:00:00, 1.5
5.0, 22.0, 50.0, 39.0, 1995-07-26 00:00:00, 1.0
4.0, 10.3, 50.0, 95.0, 1995-07-27 00:00:00, 1.0
3.0, 17.6, 50.0, 51.0, 1995-07-28 00:00:00, 0.7
5.0, 21.0, 230.0, 45.0, 1995-07-29 00:00:00, 0.7
2.0, 13.3, 230.0, 84.0, 1995-07-30 00:00:00, 0.7
6.0, 14.7, 230.0, 51.0, 1995-07-31 00:00:00, 0.7
8.0, 20.2, 230.0, 51.0, 1995-08-01 00:00:00, 0.7
6.0, 22.5, 0.0, 33.0, 1995-08-02 00:00:00, 0.5
9.0, 18.8, 140.0, 50.0, 1995-08-03 00:00:00, 0.5
8.0, 19.2, 320.0, 35.0, 1995-08-04 00:00:00, 0.5
5.0, 11.5, 180.0, 84.0, 1995-08-05 00:00:00, 0.2
4.0, 20.0, 180.0, 54.0, 1995-08-06 00:00:00, 0.5
2.0, 17.1, 50.0, 67.0, 1995-08-07 00:00:00, 0.2
3.0, 21.8, 230.0, 44.0, 1995-08-08 00:00:00, 0.2
1.0, 20.8, 320.0, 45.0, 1995-08-09 00:00:00, 0.2
7.0, 23.8, 50.0, 35.0, 1995-08-10 00:00:00, 0.2
5.0, 22.8, 270.0, 36.0, 1995-08-11 00:00:00, 0.2
3.0, 24.3, 230.0, 36.0, 1995-08-12 00:00:00, 0.2
0.0, 18.2, 0.0, 49.0, 1995-08-13 00:00:00, 0.0
3.0, 19.5, 270.0, 42.0, 1995-08-14 00:00:00, 0.2
0.0, 16.9, 0.0, 76.0, 1995-08-15 00:00:00, 0.2
2.0, 13.4, 320.0, 74.0, 1995-08-16 00:00:00, 0.0
1.0, 12.6, 140.0, 92.0, 1995-08-17 00:00:00, 0.7
1.0, 15.7, 0.0, 76.0, 1995-08-18 00:00:00, 0.0
4.0, 15.2, 230.0, 79.0, 1995-08-19 00:00:00, 0.2
2.0, 15.1, 0.0, 82.0, 1995-08-20 00:00:00, 0.0
7.0, 19.8, 50.0, 47.0, 1995-08-21 00:00:00, 1.7
6.0, 19.4, 50.0, 47.0, 1995-08-22 00:00:00, 0.2
3.0, 15.7, 230.0, 73.0, 1995-08-23 00:00:00, 0.0
5.0, 18.2, 230.0, 56.0, 1995-08-24 00:00:00, 0.0
5.0, 18.2, 230.0, 43.0, 1995-08-25 00:00:00, 0.0
3.0, 14.0, 0.0, 68.0, 1995-08-26 00:00:00, 0.0
7.0, 17.6, 270.0, 42.0, 1995-08-27 00:00:00, 0.2
6.0, 16.7, 140.0, 41.0, 1995-08-28 00:00:00, 0.0
10.0, 17.2, 270.0, 31.0, 1995-08-29 00:00:00, 0.0
