station_observations
wind_speed, temperature, wind_direction, relative_humidity, time, precipitation
15.0, 10.0, 270.0, 49.0, 1981-06-08 00:00:00, 0.0
15.0, 11.5, 90.0, 56.0, 1981-06-09 00:00:00, 0.0
20.0, 18.0, 90.0, 52.0, 1981-06-10 00:00:00, 0.0
5.0, 17.0, 50.0, 24.0, 1981-06-11 00:00:00, 0.0
2.0, 28.0, 270.0, 27.0, 1981-06-12 00:00:00, 0.0
0.0, 20.0, 0.0, 55.0, 1981-06-13 00:00:00, 0.0
0.0, 26.0, 0.0, 38.0, 1981-06-14 00:00:00, 0.0
10.0, 17.0, 90.0, 51.0, 1981-06-15 00:00:00, 13.7
10.0, 18.0, 90.0, 75.0, 1981-06-16 00:00:00, 0.4
9.0, 16.0, 90.0, 58.0, 1981-06-17 00:00:00, 0.0
10.0, 16.0, 90.0, 58.0, 1981-06-18 00:00:00, 0.0
10.0, 15.0, 140.0, 64.0, 1981-06-19 00:00:00, 0.0
5.0, 17.0, 270.0, 66.0, 1981-06-20 00:00:00, 11.6
0.0, 21.0, 0.0, 62.0, 1981-06-21 00:00:00, 0.7
10.0, 20.0, 90.0, 62.0, 1981-06-22 00:00:00, 0.0
5.0, 19.0, 270.0, 47.0, 1981-06-23 00:00:00, 0.0
5.0, 16.0, 270.0, 72.0, 1981-06-24 00:00:00, 0.0
5.0, 17.0, 90.0, 66.0, 1981-06-25 00:00:00, 0.0
0.0, 14.0, 0.0, 72.0, 1981-06-26 00:00:00, 2.9
0.0, 15.0, 0.0, 73.0, 1981-06-27 00:00:00, 1.9
5.0, 18.0, 270.0, 52.0, 1981-06-28 00:00:00, 0.0
0.0, 17.0, 0.0, 73.0, 1981-06-29 00:00:00, 0.0
5.0, 18.0, 270.0, 52.0, 1981-06-30 00:00:00, 2.5
20.0, 21.0, 0.0, 49.0, 1981-07-01 00:00:00, 0.0
0.0, 21.0, 0.0, 69.0, 1981-07-02 00:00:00, 0.0
20.0, 18.0, 230.0, 60.0, 1981-07-03 00:00:00, 30.0
10.0, 20.0, 270.0, 55.0, 1981-07-04 00:00:00, 0.0
2.0, 19.0, 270.0, 54.0, 1981-07-05 00:00:00, 0.3
2.0, 19.0, 270.0, 54.0, 1981-07-06 00:00:00, 0.3
1.0, 17.0, 270.0, 59.0, 1981-07-07 00:00:00, 0.0
15.0, 14.0, 270.0, 72.0, 1981-07-08 00:00:00, 0.0
9.0, 20.0, 270.0, 48.0, 1981-07-09 00:00:00, 0.0
0.0, 24.0, 0.0, 51.0, 1981-07-10 00:00:00, 0.0
0.0, 27.0, 0.0, 39.0, 1981-07-11 00:00:00, 0.0
10.0, 27.0, 270.0, 35.0, 1981-07-12 00:00:00, 0.0
20.0, 23.0, 270.0, 51.0, 1981-07-13 00:00:00, 0.0
10.0, 21.0, 270.0, 62.0, 1981-07-14 00:00:00, 1.5
2.0, 27.0, 90.0, 39.0, 1981-07-15 00:00:00, 0.0
5.0, 26.0, 270.0, 33.0, 1981-07-16 00:00:00, 0.0
5.0, 27.0, 270.0, 35.0, 1981-07-17 00:00:00, 0.0
2.0, 27.0, 90.0, 29.0, 1981-07-18 00:00:00, 0.0
5.0, 26.0, 270.0, 37.0, 1981-07-19 00:00:00, 0.0
5.0, 24.0, 270.0, 5.0, 1981-07-20 00:00:00, 0.0
5.0, 23.0, 270.0, 51.0, 1981-07-21 00:00:00, 0.0
9.0, 25.0, 90.0, 42.0, 1981-07-22 00:00:00, 0.0
15.0, 22.0, 270.0, 50.0, 1981-07-23 00:00:00, 0.0
9.0, 24.0, 270.0, 58.0, 1981-07-24 00:00:00, 0.0
10.0, 25.0, 270.0, 42.0, 1981-07-25 00:00:00, 0.0
10.0, 27.0, 270.0, 30.0, 1981-07-26 00:00:00, 0.0
5.0, 26.0, 90.0, 46.0, 1981-07-27 00:00:00, 7.4
15.0, 20.0, 90.0, 60.0, 1981-07-28 00:00:00, 2.5
0.0, 25.0, 0.0, 53.0, 1981-07-29 00:00:00, 0.0
1.0, 23.0, 90.0, 45.0, 1981-07-30 00:00:00, 0.0
10.0, 24.0, 90.0, 51.0, 1981-07-31 00:00:00, 0.0
10.0, 23.0, 90.0, 51.0, 1981-08-01 00:00:00, 0.0
20.0, 24.0, 90.0, 52.0, 1981-08-02 00:00:00, 0.0
15.0, 23.0, 90.0, 45.0, 1981-08-03 00:00:00, 0.0
25.0, 24.0, 270.0, 47.0, 1981-08-04 00:00:00, 4.5
5.0, 25.0, 270.0, 46.0, 1981-08-05 00:00:00, 0.0
10.0, 24.0, 270.0, 51.0, 1981-08-06 00:00:00, 0.0
5.0, 25.0, 270.0, 40.0, 1981-08-07 00:00:00, 0.0
20.0, 23.0, 270.0, 43.0, 1981-08-08 00:00:00, 0.0
25.0, 25.0, 270.0, 46.0, 1981-08-09 00:00:00, 0.0
25.0, 24.0, 270.0, 45.0, 1981-08-10 00:00:00, 0.0
10.0, 22.0, 270.0, 55.0, 1981-08-11 00:00:00, 0.0
5.0, 22.0, 270.0, 48.0, 1981-08-12 00:00:00, 0.0
0.0, 20.0, 0.0, 67.0, 1981-08-13 00:00:00, 0.0
0.0, 21.0, 0.0, 54.0, 1981-08-14 00:00:00, 0.0
5.0, 22.0, 270.0, 55.0, 1981-08-15 00:00:00, 0.0
10.0, 23.0, 270.0, 43.0, 1981-08-16 00:00:00, 0.0
5.0, 22.0, 270.0, 62.0, 1981-08-17 00:00:00, 0.0
10.0, 24.0, 270.0, 45.0, 1981-08-18 00:00:00, 0.0
0.0, 19.0, 0.0, 66.0, 1981-08-19 00:00:00, 0.0
0.0, 20.0, 0.0, 75.0, 1981-08-20 00:00:00, 0.0
0.0, 18.0, 0.0, 82.0, 1981-08-21 00:00:00, 0.0
0.0, 19.0, 0.0, 72.0, 1981-08-22 00:00:00, 0.0
0.0, 18.0, 0.0, 75.0, 1981-08-23 00:00:00, 0.0
20.0, 18.0, 40.0, 67.0, 1981-08-24 00:00:00, 0.0
10.0, 19.0, 90.0, 68.0, 1981-08-25 00:00:00, 0.0
5.0, 20.0, 90.0, 69.0, 1981-08-26 00:00:00, 0.0
0.0, 21.0, 0.0, 77.0, 1981-08-27 00:00:00, 0.0
0.0, 20.0, 0.0, 76.0, 1981-08-28 00:00:00, 15.0
5.0, 11.0, 270.0, 79.0, 1981-08-29 00:00:00, 1.9
20.0, 12.0, 0.0, 80.0, 1981-08-30 00:00:00, 0.0
5.0, 13.0, 0.0, 81.0, 1981-08-31 00:00:00, 0.0
0.0, 11.0, 0.0, 89.0, 1981-09-01 00:00:00, 20.2
0.0, 10.0, 0.0, 89.0, 1981-09-02 00:00:00, 0.0
5.0, 11.0, 270.0, 90.0, 1981-09-03 00:00:00, 0.0
0.0, 13.0, 0.0, 71.0, 1981-09-04 00:00:00, 0.0
0.0, 14.0, 0.0, 63.0, 1981-09-05 00:00:00, 0.0
5.0, 13.0, 270.0, 71.0, 1981-09-06 00:00:00, 0.0
0.0, 15.0, 0.0, 73.0, 1981-09-07 00:00:00, 0.0
0.0, 18.0, 0.0, 60.0, 1981-09-08 00:00:00, 0.0
0.0, 15.0, 0.0, 82.0, 1981-09-09 00:00:00, 5.5
0.0, 19.0, 0.0, 68.0, 1981-09-10 00:00:00, 0.2
0.0, 18.0, 0.0, 67.0, 1981-09-11 00:00:00, 0.0
10.0, 17.0, 270.0, 66.0, 1981-09-12 00:00:00, 0.0
5.0, 16.0, 270.0, 74.0, 1981-09-13 00:00:00, 0.0
10.0, 15.0, 270.0, 73.0, 1981-09-14 00:00:00, 0.0
10.0, 15.0, 270.0, 82.0, 1981-09-15 00:00:00, 0.0
5.0, 16.0, 90.0, 86.0, 1981-09-16 00:00:00, 0.0
15.0, 17.0, 270.0, 74.0, 1981-09-17 00:00:00, 0.0
10.0, 15.0, 270.0, 73.0, 1981-09-18 00:00:00, 4.0
5.0, 16.0, 270.0, 65.0, 1981-09-19 00:00:00, 0.0
0.0, 14.0, 0.0, 72.0, 1981-09-20 00:00:00, 0.0
5.0, 13.0, 270.0, 62.0, 1981-09-21 00:00:00, 2.1
10.0, 10.0, 90.0, 79.0, 1981-09-22 00:00:00, 0.0
0.0, 11.0, 0.0, 79.0, 1981-09-23 00:00:00, 0.0
0.0, 9.0, 0.0, 68.0, 1981-09-24 00:00:00, 0.0
10.0, 10.0, 270.0, 49.0, 1981-09-25 00:00:00, 0.0
15.0, 10.0, 270.0, 40.0, 1981-09-26 00:00:00, 0.0
5.0, 10.0, 270.0, 49.0, 1981-09-27 00:00:00, 0.0
0.0, 10.0, 0.0, 49.0, 1981-09-28 00:00:00, 4.0
0.0, 10.0, 0.0, 40.0, 1981-09-29 00:00:00, 0.0
0.0, 10.0, 0.0, 49.0, 1981-09-30 00:00:00, 0.0
0.0, 0.0, 0.0, 0.0, 1983-06-24 00:00:00, 0.0
9.0, 23.0, 180.0, 37.0, 1983-06-25 00:00:00, 4.5
13.0, 23.5, 180.0, 16.0, 1983-06-26 00:00:00, 0.0
6.0, 20.5, 180.0, 43.0, 1983-06-27 00:00:00, 0.0
9.0, 24.0, 180.0, 39.0, 1983-06-28 00:00:00, 0.0
4.0, 22.0, 180.0, 48.0, 1983-06-29 00:00:00, 0.0
6.0, 23.0, 180.0, 26.0, 1983-06-30 00:00:00, 4.1
2.0, 21.0, 90.0, 54.0, 1983-07-01 00:00:00, 0.1
11.0, 21.0, 180.0, 54.0, 1983-07-02 00:00:00, 0.0
9.0, 23.0, 180.0, 49.0, 1983-07-03 00:00:00, 0.0
6.0, 20.0, 270.0, 64.0, 1983-07-04 00:00:00, 1.8
11.0, 12.0, 0.0, 69.0, 1983-07-05 00:00:00, 22.2
0.0, 11.0, 0.0, 89.0, 1983-07-06 00:00:00, 2.3
15.0, 18.0, 270.0, 40.0, 1983-07-07 00:00:00, 0.0
17.0, 18.0, 270.0, 50.0, 1983-07-08 00:00:00, 5.1
13.0, 12.0, 0.0, 69.0, 1983-07-09 00:00:00, 0.1
6.0, 16.0, 180.0, 47.0, 1983-07-10 00:00:00, 0.0
6.0, 16.5, 270.0, 47.0, 1983-07-11 00:00:00, 1.1
9.0, 15.5, 270.0, 39.0, 1983-07-12 00:00:00, 0.0
6.0, 15.0, 180.0, 50.0, 1983-07-13 00:00:00, 0.0
0.0, 18.5, 0.0, 37.0, 1983-07-14 00:00:00, 0.0
8.0, 18.0, 180.0, 51.0, 1983-07-15 00:00:00, 0.0
6.0, 20.0, 270.0, 39.0, 1983-07-16 00:00:00, 2.1
7.0, 21.0, 270.0, 41.0, 1983-07-17 00:00:00, 0.3
2.0, 18.0, 270.0, 50.0, 1983-07-18 00:00:00, 0.0
11.0, 17.0, 0.0, 73.0, 1983-07-19 00:00:00, 0.1
9.0, 21.0, 90.0, 54.0, 1983-07-20 00:00:00, 0.8
0.0, 21.0, 0.0, 40.0, 1983-07-21 00:00:00, 0.0
7.0, 17.0, 270.0, 57.0, 1983-07-22 00:00:00, 3.6
13.0, 18.0, 180.0, 46.0, 1983-07-23 00:00:00, 0.1
7.0, 17.5, 90.0, 57.0, 1983-07-24 00:00:00, 0.9
7.0, 21.5, 90.0, 51.0, 1983-07-25 00:00:00, 0.3
5.0, 15.0, 270.0, 81.0, 1983-07-26 00:00:00, 4.5
7.0, 15.5, 90.0, 86.0, 1983-07-27 00:00:00, 1.3
11.0, 21.0, 90.0, 44.0, 1983-07-28 00:00:00, 0.1
7.0, 15.0, 90.0, 81.0, 1983-07-29 00:00:00, 7.1
3.0, 19.0, 270.0, 51.0, 1983-07-30 00:00:00, 0.0
0.0, 21.0, 0.0, 51.0, 1983-07-31 00:00:00, 0.0
9.0, 17.0, 0.0, 49.0, 1983-08-01 00:00:00, 5.1
7.0, 12.0, 0.0, 79.0, 1983-08-02 00:00:00, 0.0
5.0, 13.5, 0.0, 75.0, 1983-08-03 00:00:00, 0.5
7.0, 17.0, 0.0, 53.0, 1983-08-04 00:00:00, 1.4
15.0, 18.5, 0.0, 37.0, 1983-08-05 00:00:00, 0.0
3.0, 16.0, 0.0, 47.0, 1983-08-06 00:00:00, 0.0
9.0, 19.0, 0.0, 41.0, 1983-08-07 00:00:00, 0.0
7.0, 20.0, 0.0, 39.0, 1983-08-08 00:00:00, 0.3
9.0, 23.5, 0.0, 44.0, 1983-08-09 00:00:00, 0.0
