station_observations
wind_speed, temperature, wind_direction, relative_humidity, time, precipitation
20.0, 10.5, 270.0, 62.0, 1983-07-12 00:00:00, 0.0
0.0, 20.0, 0.0, 26.0, 1983-07-13 00:00:00, 0.0
15.0, 20.0, 140.0, 29.0, 1983-07-14 00:00:00, 0.0
0.0, 19.0, 0.0, 34.0, 1983-07-15 00:00:00, 3.2
0.0, 22.0, 0.0, 39.0, 1983-07-16 00:00:00, 4.6
0.0, 20.0, 0.0, 53.0, 1983-07-17 00:00:00, 0.6
10.0, 18.0, 230.0, 50.0, 1983-07-18 00:00:00, 0.0
10.0, 21.0, 230.0, 61.0, 1983-07-19 00:00:00, 0.0
5.0, 21.0, 40.0, 68.0, 1983-07-20 00:00:00, 2.6
5.0, 16.0, 40.0, 81.0, 1983-07-21 00:00:00, 5.8
5.0, 16.0, 230.0, 64.0, 1983-07-22 00:00:00, 0.6
5.0, 18.0, 230.0, 58.0, 1983-07-23 00:00:00, 0.0
5.0, 16.5, 40.0, 77.0, 1983-07-24 00:00:00, 1.2
10.0, 21.0, 320.0, 57.0, 1983-07-25 00:00:00, 0.0
5.0, 18.0, 320.0, 78.0, 1983-07-26 00:00:00, 3.4
10.0, 19.0, 40.0, 74.0, 1983-07-27 00:00:00, 0.0
10.0, 23.0, 230.0, 70.0, 1983-07-28 00:00:00, 0.0
15.0, 21.0, 180.0, 68.0, 1983-07-29 00:00:00, 0.0
10.0, 15.5, 230.0, 81.0, 1983-07-30 00:00:00, 0.0
15.0, 16.5, 180.0, 91.0, 1983-07-31 00:00:00, 4.6
20.0, 17.5, 0.0, 61.0, 1983-08-01 00:00:00, 4.6
15.0, 14.0, 0.0, 71.0, 1983-08-02 00:00:00, 0.6
25.0, 16.0, 0.0, 68.0, 1983-08-03 00:00:00, 2.4
15.0, 18.0, 0.0, 70.0, 1983-08-04 00:00:00, 0.0
25.0, 18.5, 0.0, 40.0, 1983-08-05 00:00:00, 0.0
5.0, 16.5, 0.0, 52.0, 1983-08-06 00:00:00, 1.0
5.0, 18.0, 0.0, 54.0, 1983-08-07 00:00:00, 0.0
20.0, 20.0, 0.0, 46.0, 1983-08-08 00:00:00, 0.0
25.0, 21.5, 0.0, 51.0, 1983-08-09 00:00:00, 0.0
30.0, 17.0, 0.0, 49.0, 1983-08-10 00:00:00, 0.0
20.0, 20.0, 0.0, 60.0, 1983-08-11 00:00:00, 0.6
30.0, 15.0, 0.0, 63.0, 1983-08-12 00:00:00, 0.0
15.0, 14.0, 0.0, 57.0, 1983-08-13 00:00:00, 0.0
15.0, 12.0, 0.0, 69.0, 1983-08-14 00:00:00, 1.2
20.0, 13.0, 0.0, 70.0, 1983-08-15 00:00:00, 5.6
20.0, 15.5, 0.0, 63.0, 1983-08-16 00:00:00, 2.4
0.0, 7.0, 0.0, 99.0, 1983-08-17 00:00:00, 20.0
5.0, 12.5, 0.0, 64.0, 1983-08-18 00:00:00, 0.0
5.0, 12.0, 0.0, 79.0, 1983-08-19 00:00:00, 5.0
15.0, 15.0, 0.0, 46.0, 1983-08-20 00:00:00, 0.0
20.0, 13.0, 0.0, 84.0, 1983-08-21 00:00:00, 2.6
15.0, 14.0, 0.0, 71.0, 1983-08-22 00:00:00, 0.0
15.0, 16.5, 0.0, 68.0, 1983-08-23 00:00:00, 2.0
20.0, 15.0, 0.0, 71.0, 1983-08-24 00:00:00, 1.0
15.0, 16.5, 0.0, 52.0, 1983-08-25 00:00:00, 0.5
10.0, 16.0, 0.0, 59.0, 1983-08-26 00:00:00, 0.0
0.0, 16.0, 0.0, 90.0, 1983-08-27 00:00:00, 7.2
10.0, 16.0, 0.0, 68.0, 1983-08-28 00:00:00, 0.0
5.0, 19.0, 0.0, 66.0, 1983-08-29 00:00:00, 0.0
20.0, 16.0, 0.0, 64.0, 1983-08-30 00:00:00, 0.0
19.0, 14.0, 270.0, 36.0, 1984-05-06 00:00:00, 0.0
10.0, 15.0, 270.0, 54.0, 1984-05-07 00:00:00, 0.0
10.0, 12.0, 40.0, 41.0, 1984-05-08 00:00:00, 0.0
12.0, 15.0, 90.0, 54.0, 1984-05-09 00:00:00, 0.0
15.0, 13.5, 230.0, 61.0, 1984-05-10 00:00:00, 0.0
5.0, 12.0, 230.0, 69.0, 1984-05-11 00:00:00, 0.0
15.0, 15.0, 230.0, 54.0, 1984-05-12 00:00:00, 0.0
10.0, 13.5, 90.0, 75.0, 1984-05-13 00:00:00, 1.0
15.0, 8.0, 90.0, 99.0, 1984-05-14 00:00:00, 0.6
10.0, 13.0, 90.0, 84.0, 1984-05-15 00:00:00, 4.0
10.0, 10.0, 90.0, 77.0, 1984-05-16 00:00:00, 4.6
5.0, 13.0, 230.0, 70.0, 1984-05-17 00:00:00, 2.0
15.0, 12.0, 90.0, 69.0, 1984-05-18 00:00:00, 2.2
5.0, 7.5, 0.0, 99.0, 1984-05-19 00:00:00, 3.4
10.0, 10.0, 180.0, 99.0, 1984-05-20 00:00:00, 6.0
10.0, 10.0, 270.0, 99.0, 1984-05-21 00:00:00, 3.6
5.0, 12.5, 90.0, 84.0, 1984-05-22 00:00:00, 4.0
10.0, 13.0, 90.0, 60.0, 1984-05-23 00:00:00, 2.0
10.0, 11.0, 180.0, 83.0, 1984-05-24 00:00:00, 1.0
15.0, 14.0, 180.0, 62.0, 1984-05-25 00:00:00, 0.0
10.0, 14.5, 180.0, 58.0, 1984-05-26 00:00:00, 0.0
10.0, 10.5, 230.0, 78.0, 1984-05-27 00:00:00, 0.0
0.0, 6.0, 0.0, 99.0, 1984-05-28 00:00:00, 2.0
20.0, 10.0, 270.0, 94.0, 1984-05-29 00:00:00, 1.0
20.0, 13.0, 180.0, 56.0, 1984-05-30 00:00:00, 0.0
10.0, 14.5, 270.0, 58.0, 1984-05-31 00:00:00, 0.0
10.0, 12.0, 180.0, 89.0, 1984-06-01 00:00:00, 0.0
20.0, 15.0, 270.0, 54.0, 1984-06-02 00:00:00, 0.0
20.0, 14.0, 230.0, 62.0, 1984-06-03 00:00:00, 0.0
10.0, 14.0, 270.0, 62.0, 1984-06-04 00:00:00, 0.0
0.0, 13.0, 0.0, 99.0, 1984-06-05 00:00:00, 1.0
10.0, 12.0, 90.0, 99.0, 1984-06-06 00:00:00, 11.6
0.0, 14.0, 0.0, 90.0, 1984-06-07 00:00:00, 0.6
0.0, 15.0, 0.0, 90.0, 1984-06-08 00:00:00, 2.4
0.0, 17.0, 0.0, 82.0, 1984-06-09 00:00:00, 2.0
10.0, 20.0, 230.0, 67.0, 1984-06-10 00:00:00, 0.1
10.0, 19.0, 230.0, 55.0, 1984-06-11 00:00:00, 0.0
10.0, 19.5, 270.0, 49.0, 1984-06-12 00:00:00, 0.0
20.0, 13.5, 270.0, 66.0, 1984-06-13 00:00:00, 0.0
25.0, 17.0, 270.0, 57.0, 1984-06-14 00:00:00, 1.0
5.0, 11.0, 270.0, 83.0, 1984-06-15 00:00:00, 1.8
15.0, 15.5, 270.0, 76.0, 1984-06-16 00:00:00, 9.8
15.0, 6.0, 270.0, 99.0, 1984-06-17 00:00:00, 18.0
0.0, 18.0, 0.0, 74.0, 1984-06-18 00:00:00, 1.0
5.0, 14.0, 270.0, 99.0, 1984-06-19 00:00:00, 10.0
0.0, 13.0, 0.0, 99.0, 1984-06-20 00:00:00, 7.8
0.0, 15.0, 0.0, 90.0, 1984-06-21 00:00:00, 1.0
10.0, 17.5, 90.0, 86.0, 1984-06-22 00:00:00, 0.0
0.0, 16.0, 0.0, 96.0, 1984-06-23 00:00:00, 2.5
15.0, 13.0, 230.0, 79.0, 1984-06-24 00:00:00, 0.0
0.0, 22.0, 0.0, 62.0, 1984-06-25 00:00:00, 0.0
5.0, 17.0, 180.0, 82.0, 1984-06-26 00:00:00, 3.0
15.0, 14.0, 270.0, 62.0, 1984-06-27 00:00:00, 0.8
10.0, 14.0, 270.0, 66.0, 1984-06-28 00:00:00, 1.0
5.0, 15.0, 230.0, 76.0, 1984-06-29 00:00:00, 0.0
15.0, 15.0, 270.0, 81.0, 1984-06-30 00:00:00, 0.0
15.0, 15.0, 270.0, 81.0, 1984-07-01 00:00:00, 1.0
40.0, 13.5, 270.0, 85.0, 1984-07-02 00:00:00, 1.0
10.0, 15.0, 270.0, 81.0, 1984-07-03 00:00:00, 0.0
5.0, 18.0, 180.0, 62.0, 1984-07-04 00:00:00, 0.0
5.0, 14.0, 90.0, 80.0, 1984-07-05 00:00:00, 2.8
0.0, 14.0, 0.0, 99.0, 1984-07-06 00:00:00, 8.0
10.0, 19.0, 270.0, 66.0, 1984-07-07 00:00:00, 0.0
20.0, 16.0, 270.0, 72.0, 1984-07-08 00:00:00, 1.2
25.0, 13.0, 270.0, 95.0, 1984-07-09 00:00:00, 1.8
25.0, 12.0, 270.0, 84.0, 1984-07-10 00:00:00, 1.0
5.0, 15.0, 270.0, 67.0, 1984-07-11 00:00:00, 1.0
10.0, 15.0, 270.0, 81.0, 1984-07-12 00:00:00, 1.0
10.0, 16.0, 270.0, 90.0, 1984-07-13 00:00:00, 0.0
20.0, 16.5, 270.0, 64.0, 1984-07-14 00:00:00, 0.0
20.0, 18.5, 270.0, 62.0, 1984-07-15 00:00:00, 0.0
40.0, 12.0, 270.0, 79.0, 1984-07-16 00:00:00, 1.8
20.0, 15.0, 270.0, 54.0, 1984-07-17 00:00:00, 0.0
15.0, 13.5, 270.0, 70.0, 1984-07-18 00:00:00, 0.0
10.0, 13.0, 270.0, 84.0, 1984-07-19 00:00:00, 0.0
5.0, 16.0, 270.0, 90.0, 1984-07-20 00:00:00, 0.0
0.0, 20.5, 0.0, 71.0, 1984-07-21 00:00:00, 0.0
5.0, 23.0, 270.0, 49.0, 1984-07-22 00:00:00, 0.0
25.0, 22.0, 270.0, 58.0, 1984-07-23 00:00:00, 0.0
20.0, 25.0, 270.0, 37.0, 1984-07-24 00:00:00, 0.0
0.0, 24.0, 0.0, 57.0, 1984-07-25 00:00:00, 0.0
0.0, 17.0, 0.0, 61.0, 1984-07-26 00:00:00, 0.0
28.0, 15.0, 270.0, 71.0, 1984-07-27 00:00:00, 8.0
15.0, 21.0, 270.0, 54.0, 1984-07-28 00:00:00, 0.0
25.0, 18.0, 270.0, 62.0, 1984-07-29 00:00:00, 0.0
5.0, 20.5, 270.0, 71.0, 1984-07-30 00:00:00, 0.0
0.0, 16.5, 0.0, 86.0, 1984-07-31 00:00:00, 0.0
10.0, 21.0, 270.0, 68.0, 1984-08-01 00:00:00, 0.0
10.0, 24.0, 180.0, 51.0, 1984-08-02 00:00:00, 0.0
10.0, 28.0, 40.0, 49.0, 1984-08-03 00:00:00, 0.0
5.0, 26.5, 270.0, 50.0, 1984-08-04 00:00:00, 0.0
15.0, 27.0, 40.0, 51.0, 1984-08-05 00:00:00, 0.0
10.0, 28.5, 90.0, 47.0, 1984-08-06 00:00:00, 0.0
10.0, 14.0, 270.0, 90.0, 1984-08-07 00:00:00, 13.8
0.0, 17.0, 0.0, 82.0, 1984-08-08 00:00:00, 0.8
20.0, 12.5, 270.0, 84.0, 1984-08-09 00:00:00, 7.0
25.0, 14.0, 270.0, 90.0, 1984-08-10 00:00:00, 0.6
10.0, 17.0, 230.0, 73.0, 1984-08-11 00:00:00, 1.0
16.0, 16.5, 230.0, 77.0, 1984-08-12 00:00:00, 1.0
5.0, 9.5, 230.0, 88.0, 1984-08-13 00:00:00, 11.0
10.0, 12.5, 90.0, 79.0, 1984-08-14 00:00:00, 0.0
10.0, 18.0, 270.0, 87.0, 1984-08-15 00:00:00, 0.0
0.0, 21.5, 0.0, 61.0, 1984-08-16 00:00:00, 0.0
0.0, 21.5, 0.0, 61.0, 1984-08-17 00:00:00, 0.0
20.0, 17.0, 270.0, 73.0, 1984-08-18 00:00:00, 0.0
15.0, 17.0, 270.0, 77.0, 1984-08-19 00:00:00, 0.0
10.0, 19.0, 270.0, 66.0, 1984-08-20 00:00:00, 0.0
20.0, 13.5, 270.0, 75.0, 1984-08-21 00:00:00, 2.8
0.0, 17.0, 0.0, 73.0, 1984-08-22 00:00:00, 0.0
15.0, 13.0, 320.0, 79.0, 1984-08-23 00:00:00, 0.0
20.0, 13.5, 270.0, 80.0, 1984-08-24 00:00:00, 2.2
20.0, 16.0, 270.0, 68.0, 1984-08-25 00:00:00, 1.2
25.0, 14.5, 270.0, 71.0, 1984-08-26 00:00:00, 1.0
0.0, 9.0, 0.0, 88.0, 1984-08-27 00:00:00, 0.0
0.0, 7.0, 0.0, 94.0, 1984-08-28 00:00:00, 0.0
5.0, 10.0, 90.0, 77.0, 1984-08-29 00:00:00, 0.0
5.0, 6.0, 90.0, 99.0, 1984-08-30 00:00:00, 2.6
0.0, 4.0, 0.0, 99.0, 1984-08-31 00:00:00, 1.0
0.0, 0.0, 0.0, 0.0, 1985-05-28 00:00:00, 0.0
10.0, 16.0, 320.0, 55.0, 1985-05-29 00:00:00, 0.0
30.0, 15.0, 230.0, 63.0, 1985-05-30 00:00:00, 0.0
15.0, 15.5, 230.0, 86.0, 1985-05-31 00:00:00, 0.0
10.0, 16.0, 320.0, 55.0, 1985-06-01 00:00:00, 0.0
5.0, 21.0, 230.0, 41.0, 1985-06-02 00:00:00, 0.0
10.0, 26.0, 140.0, 36.0, 1985-06-03 00:00:00, 0.0
10.0, 23.0, 230.0, 43.0, 1985-06-04 00:00:00, 1.0
15.0, 12.0, 0.0, 89.0, 1985-06-05 00:00:00, 4.0
30.0, 12.0, 230.0, 50.0, 1985-06-06 00:00:00, 0.0
20.0, 14.0, 230.0, 62.0, 1985-06-07 00:00:00, 0.0
15.0, 12.0, 230.0, 89.0, 1985-06-08 00:00:00, 0.0
10.0, 11.0, 270.0, 78.0, 1985-06-09 00:00:00, 0.0
0.0, 16.0, 0.0, 64.0, 1985-06-10 00:00:00, 0.0
20.0, 14.0, 270.0, 80.0, 1985-06-11 00:00:00, 1.0
20.0, 11.0, 230.0, 89.0, 1985-06-12 00:00:00, 2.0
30.0, 10.0, 230.0, 77.0, 1985-06-13 00:00:00, 0.0
0.0, 11.0, 0.0, 99.0, 1985-06-14 00:00:00, 0.0
20.0, 12.5, 270.0, 84.0, 1985-06-15 00:00:00, 0.0
10.0, 14.0, 270.0, 80.0, 1985-06-16 00:00:00, 0.0
15.0, 12.0, 230.0, 99.0, 1985-06-17 00:00:00, 0.0
30.0, 16.0, 270.0, 55.0, 1985-06-18 00:00:00, 0.0
10.0, 16.0, 270.0, 64.0, 1985-06-19 00:00:00, 0.0
15.0, 17.0, 270.0, 65.0, 1985-06-20 00:00:00, 0.0
20.0, 14.0, 270.0, 62.0, 1985-06-21 00:00:00, 0.0
10.0, 15.0, 230.0, 90.0, 1985-06-22 00:00:00, 11.8
15.0, 22.0, 230.0, 57.0, 1985-06-23 00:00:00, 0.0
10.0, 21.0, 230.0, 41.0, 1985-06-24 00:00:00, 0.0
25.0, 12.0, 270.0, 72.0, 1985-06-25 00:00:00, 0.0
10.0, 15.0, 270.0, 90.0, 1985-06-26 00:00:00, 2.0
10.0, 18.0, 270.0, 66.0, 1985-06-27 00:00:00, 0.0
20.0, 21.0, 320.0, 68.0, 1985-06-28 00:00:00, 0.0
15.0, 25.0, 180.0, 58.0, 1985-06-29 00:00:00, 0.0
10.0, 26.0, 230.0, 53.0, 1985-06-30 00:00:00, 0.0
30.0, 15.0, 270.0, 90.0, 1985-07-01 00:00:00, 1.8
30.0, 16.0, 270.0, 72.0, 1985-07-02 00:00:00, 0.0
15.0, 23.0, 270.0, 56.0, 1985-07-03 00:00:00, 0.0
10.0, 23.0, 270.0, 49.0, 1985-07-04 00:00:00, 0.0
10.0, 21.0, 270.0, 57.0, 1985-07-05 00:00:00, 0.0
15.0, 17.0, 270.0, 82.0, 1985-07-06 00:00:00, 11.0
20.0, 21.0, 270.0, 54.0, 1985-07-07 00:00:00, 1.8
20.0, 21.0, 270.0, 61.0, 1985-07-08 00:00:00, 0.0
0.0, 20.0, 0.0, 67.0, 1985-07-09 00:00:00, 0.0
10.0, 12.0, 270.0, 99.0, 1985-07-10 00:00:00, 11.0
10.0, 11.0, 270.0, 99.0, 1985-07-11 00:00:00, 27.8
10.0, 14.0, 270.0, 90.0, 1985-07-12 00:00:00, 10.2
20.0, 15.5, 270.0, 90.0, 1985-07-13 00:00:00, 1.2
10.0, 15.0, 270.0, 81.0, 1985-07-14 00:00:00, 0.4
10.0, 19.0, 270.0, 66.0, 1985-07-15 00:00:00, 0.0
15.0, 23.0, 270.0, 40.0, 1985-07-16 00:00:00, 0.0
10.0, 24.0, 270.0, 57.0, 1985-07-17 00:00:00, 0.0
10.0, 22.0, 0.0, 69.0, 1985-07-18 00:00:00, 0.0
0.0, 16.5, 0.0, 86.0, 1985-07-19 00:00:00, 0.0
15.0, 20.0, 270.0, 83.0, 1985-07-20 00:00:00, 0.0
20.0, 15.0, 270.0, 54.0, 1985-07-21 00:00:00, 2.0
0.0, 15.0, 0.0, 71.0, 1985-07-22 00:00:00, 1.0
10.0, 16.0, 270.0, 72.0, 1985-07-23 00:00:00, 0.0
30.0, 14.0, 270.0, 80.0, 1985-07-24 00:00:00, 0.0
10.0, 14.0, 270.0, 71.0, 1985-07-25 00:00:00, 0.0
1.0, 15.0, 270.0, 81.0, 1985-07-26 00:00:00, 1.0
0.0, 22.0, 0.0, 69.0, 1985-07-27 00:00:00, 0.0
0.0, 22.0, 0.0, 62.0, 1985-07-28 00:00:00, 0.0
15.0, 24.0, 270.0, 57.0, 1985-07-29 00:00:00, 0.0
0.0, 22.0, 0.0, 62.0, 1985-07-30 00:00:00, 0.0
10.0, 21.0, 270.0, 61.0, 1985-07-31 00:00:00, 0.0
30.0, 15.0, 270.0, 90.0, 1985-08-01 00:00:00, 1.8
0.0, 20.0, 0.0, 67.0, 1985-08-02 00:00:00, 0.0
20.0, 18.0, 0.0, 66.0, 1985-08-03 00:00:00, 0.3
20.0, 18.0, 270.0, 58.0, 1985-08-04 00:00:00, 0.0
15.0, 19.0, 180.0, 74.0, 1985-08-05 00:00:00, 1.8
10.0, 17.5, 270.0, 73.0, 1985-08-06 00:00:00, 1.0
15.0, 19.0, 230.0, 74.0, 1985-08-07 00:00:00, 2.2
20.0, 17.0, 270.0, 73.0, 1985-08-08 00:00:00, 0.0
20.0, 17.0, 270.0, 82.0, 1985-08-09 00:00:00, 2.2
15.0, 11.0, 270.0, 78.0, 1985-08-10 00:00:00, 0.2
5.0, 12.0, 270.0, 89.0, 1985-08-11 00:00:00, 2.0
20.0, 15.0, 270.0, 71.0, 1985-08-12 00:00:00, 0.0
15.0, 18.0, 270.0, 74.0, 1985-08-13 00:00:00, 0.3
5.0, 17.5, 270.0, 78.0, 1985-08-14 00:00:00, 3.0
10.0, 22.0, 270.0, 62.0, 1985-08-15 00:00:00, 0.0
5.0, 21.0, 270.0, 54.0, 1985-08-16 00:00:00, 0.0
15.0, 15.0, 270.0, 63.0, 1985-08-17 00:00:00, 0.0
5.0, 14.0, 270.0, 90.0, 1985-08-18 00:00:00, 0.0
15.0, 18.5, 270.0, 47.0, 1985-08-19 00:00:00, 1.4
14.0, 14.0, 270.0, 62.0, 1985-08-20 00:00:00, 0.0
5.0, 11.0, 270.0, 99.0, 1985-08-21 00:00:00, 0.0
25.0, 16.0, 270.0, 72.0, 1985-08-22 00:00:00, 5.8
0.0, 11.0, 0.0, 89.0, 1985-08-23 00:00:00, 0.0
15.0, 11.5, 230.0, 84.0, 1985-08-24 00:00:00, 2.6
10.0, 15.0, 180.0, 81.0, 1985-08-25 00:00:00, 0.0
0.0, 14.0, 0.0, 71.0, 1985-08-26 00:00:00, 0.0
20.0, 11.0, 230.0, 99.0, 1985-08-27 00:00:00, 0.0
0.0, 11.0, 0.0, 89.0, 1985-08-28 00:00:00, 4.2
0.0, 13.0, 0.0, 90.0, 1985-08-29 00:00:00, 0.0
0.0, 12.0, 0.0, 84.0, 1985-08-30 00:00:00, 3.0
5.0, 12.0, 180.0, 89.0, 1985-08-31 00:00:00, 2.0
0.0, 0.0, 0.0, 0.0, 1986-04-30 00:00:00, 0.0
5.0, 10.0, 180.0, 50.0, 1986-05-01 00:00:00, 0.0
5.0, 11.0, 180.0, 48.0, 1986-05-02 00:00:00, 0.0
5.0, 11.0, 180.0, 48.0, 1986-05-03 00:00:00, 0.0
6.0, 12.0, 180.0, 41.0, 1986-05-04 00:00:00, 0.0
4.0, 10.0, 90.0, 46.0, 1986-05-05 00:00:00, 0.0
4.0, 10.0, 230.0, 56.0, 1986-05-06 00:00:00, 0.0
5.0, 10.0, 230.0, 46.0, 1986-05-07 00:00:00, 0.7
4.0, 7.0, 270.0, 57.0, 1986-05-08 00:00:00, 0.5
11.0, 6.0, 230.0, 43.0, 1986-05-09 00:00:00, 0.0
6.0, 10.0, 230.0, 36.0, 1986-05-10 00:00:00, 0.0
10.0, 10.0, 180.0, 46.0, 1986-05-11 00:00:00, 0.0
15.0, 2.0, 0.0, 69.0, 1986-05-12 00:00:00, 2.5
10.0, 5.0, 90.0, 66.0, 1986-05-13 00:00:00, 4.4
10.0, 8.0, 90.0, 53.0, 1986-05-14 00:00:00, 0.1
18.0, 9.0, 180.0, 65.0, 1986-05-15 00:00:00, 4.8
10.0, 6.0, 140.0, 68.0, 1986-05-16 00:00:00, 0.0
16.0, 10.0, 180.0, 46.0, 1986-05-17 00:00:00, 0.6
6.0, 14.0, 320.0, 62.0, 1986-05-18 00:00:00, 0.8
13.0, 12.0, 180.0, 59.0, 1986-05-19 00:00:00, 0.0
0.0, 4.0, 0.0, 86.0, 1986-05-20 00:00:00, 4.9
16.0, 8.0, 180.0, 76.0, 1986-05-21 00:00:00, 6.6
13.0, 9.0, 180.0, 44.0, 1986-05-22 00:00:00, 0.0
3.0, 10.0, 180.0, 46.0, 1986-05-23 00:00:00, 0.5
3.0, 14.0, 180.0, 48.0, 1986-05-24 00:00:00, 0.0
13.0, 17.0, 180.0, 57.0, 1986-05-25 00:00:00, 0.1
10.0, 16.0, 180.0, 55.0, 1986-05-26 00:00:00, 0.0
11.0, 13.0, 230.0, 60.0, 1986-05-27 00:00:00, 0.3
5.0, 17.0, 230.0, 53.0, 1986-05-28 00:00:00, 0.0
3.0, 17.0, 180.0, 57.0, 1986-05-29 00:00:00, 0.0
19.0, 14.0, 180.0, 71.0, 1986-05-30 00:00:00, 0.0
3.0, 15.0, 180.0, 54.0, 1986-05-31 00:00:00, 0.0
18.0, 10.0, 230.0, 52.0, 1986-06-01 00:00:00, 0.0
16.0, 9.5, 230.0, 50.0, 1986-06-02 00:00:00, 0.0
10.0, 15.0, 180.0, 54.0, 1986-06-03 00:00:00, 0.0
5.0, 20.5, 90.0, 40.0, 1986-06-04 00:00:00, 0.0
5.0, 23.5, 140.0, 47.0, 1986-06-05 00:00:00, 0.0
3.0, 24.0, 180.0, 45.0, 1986-06-06 00:00:00, 0.0
13.0, 15.0, 180.0, 67.0, 1986-06-07 00:00:00, 0.0
16.0, 13.0, 270.0, 42.0, 1986-06-08 00:00:00, 0.3
13.0, 10.0, 180.0, 77.0, 1986-06-09 00:00:00, 1.6
15.0, 10.0, 180.0, 67.0, 1986-06-10 00:00:00, 2.5
29.0, 14.0, 180.0, 36.0, 1986-06-11 00:00:00, 5.5
22.0, 14.0, 180.0, 71.0, 1986-06-12 00:00:00, 0.0
9.0, 20.0, 40.0, 53.0, 1986-06-13 00:00:00, 0.0
10.0, 18.0, 40.0, 70.0, 1986-06-14 00:00:00, 0.0
18.0, 19.0, 40.0, 44.0, 1986-06-15 00:00:00, 0.0
0.0, 18.0, 0.0, 74.0, 1986-06-16 00:00:00, 0.0
0.0, 20.0, 0.0, 60.0, 1986-06-17 00:00:00, 0.0
10.0, 17.5, 180.0, 69.0, 1986-06-18 00:00:00, 0.1
5.0, 16.0, 230.0, 68.0, 1986-06-19 00:00:00, 0.0
3.0, 13.0, 230.0, 79.0, 1986-06-20 00:00:00, 0.0
32.0, 13.0, 230.0, 90.0, 1986-06-21 00:00:00, 0.0
0.0, 12.0, 0.0, 99.0, 1986-06-22 00:00:00, 0.0
13.0, 13.0, 230.0, 60.0, 1986-06-23 00:00:00, 1.1
15.0, 12.0, 180.0, 99.0, 1986-06-24 00:00:00, 3.2
11.0, 10.0, 180.0, 56.0, 1986-06-25 00:00:00, 0.1
14.0, 9.0, 180.0, 65.0, 1986-06-26 00:00:00, 0.0
13.0, 10.5, 140.0, 47.0, 1986-06-27 00:00:00, 2.2
10.0, 8.0, 180.0, 48.0, 1986-06-28 00:00:00, 3.1
6.0, 5.5, 40.0, 42.0, 1986-06-29 00:00:00, 4.3
8.0, 9.0, 270.0, 49.0, 1986-06-30 00:00:00, 3.5
5.0, 6.5, 180.0, 68.0, 1986-07-01 00:00:00, 1.2
13.0, 12.0, 180.0, 59.0, 1986-07-02 00:00:00, 0.0
5.0, 8.0, 180.0, 88.0, 1986-07-03 00:00:00, 12.8
3.0, 19.0, 180.0, 91.0, 1986-07-04 00:00:00, 5.6
5.0, 14.0, 180.0, 90.0, 1986-07-05 00:00:00, 2.0
0.0, 21.0, 0.0, 76.0, 1986-07-06 00:00:00, 18.5
5.0, 22.5, 90.0, 55.0, 1986-07-07 00:00:00, 1.4
6.0, 22.0, 180.0, 62.0, 1986-07-08 00:00:00, 0.1
5.0, 19.0, 230.0, 66.0, 1986-07-09 00:00:00, 0.0
8.0, 20.5, 90.0, 54.0, 1986-07-10 00:00:00, 0.2
5.0, 17.5, 230.0, 86.0, 1986-07-11 00:00:00, 7.0
32.0, 17.0, 180.0, 77.0, 1986-07-12 00:00:00, 2.0
32.0, 14.0, 270.0, 80.0, 1986-07-13 00:00:00, 5.8
11.0, 22.0, 90.0, 55.0, 1986-07-14 00:00:00, 2.7
11.0, 23.0, 90.0, 47.0, 1986-07-15 00:00:00, 0.0
9.0, 27.0, 90.0, 54.0, 1986-07-16 00:00:00, 0.0
9.0, 24.0, 90.0, 51.0, 1986-07-17 00:00:00, 0.1
6.0, 24.0, 90.0, 57.0, 1986-07-18 00:00:00, 0.0
13.0, 27.5, 270.0, 51.0, 1986-07-19 00:00:00, 0.0
11.0, 24.5, 180.0, 67.0, 1986-07-20 00:00:00, 0.0
8.0, 17.0, 180.0, 73.0, 1986-07-21 00:00:00, 0.0
10.0, 17.0, 90.0, 77.0, 1986-07-22 00:00:00, 13.0
3.0, 15.5, 180.0, 85.0, 1986-07-23 00:00:00, 0.1
6.0, 14.0, 180.0, 62.0, 1986-07-24 00:00:00, 0.5
10.0, 13.0, 180.0, 66.0, 1986-07-25 00:00:00, 0.0
13.0, 15.0, 180.0, 63.0, 1986-07-26 00:00:00, 0.0
11.0, 14.5, 230.0, 62.0, 1986-07-27 00:00:00, 1.2
8.0, 13.5, 90.0, 85.0, 1986-07-28 00:00:00, 8.4
8.0, 19.0, 270.0, 74.0, 1986-07-29 00:00:00, 0.1
6.0, 20.0, 180.0, 64.0, 1986-07-30 00:00:00, 0.0
10.0, 20.0, 230.0, 60.0, 1986-07-31 00:00:00, 0.0
8.0, 20.0, 180.0, 67.0, 1986-08-01 00:00:00, 0.0
10.0, 19.5, 180.0, 67.0, 1986-08-02 00:00:00, 0.0
11.0, 19.0, 230.0, 63.0, 1986-08-03 00:00:00, 0.0
1.0, 18.0, 230.0, 66.0, 1986-08-04 00:00:00, 0.2
8.0, 20.0, 230.0, 60.0, 1986-08-05 00:00:00, 0.0
11.0, 17.0, 180.0, 69.0, 1986-08-06 00:00:00, 3.8
10.0, 17.5, 180.0, 69.0, 1986-08-07 00:00:00, 0.0
8.0, 23.0, 180.0, 59.0, 1986-08-08 00:00:00, 0.0
8.0, 25.0, 180.0, 55.0, 1986-08-09 00:00:00, 0.0
6.0, 25.0, 230.0, 52.0, 1986-08-10 00:00:00, 0.0
5.0, 15.0, 230.0, 90.0, 1986-08-11 00:00:00, 0.1
8.0, 15.0, 180.0, 81.0, 1986-08-12 00:00:00, 0.0
16.0, 16.5, 180.0, 52.0, 1986-08-13 00:00:00, 2.5
10.0, 15.5, 180.0, 76.0, 1986-08-14 00:00:00, 0.3
5.0, 10.0, 230.0, 89.0, 1986-08-15 00:00:00, 3.4
5.0, 13.5, 230.0, 56.0, 1986-08-16 00:00:00, 1.0
7.0, 13.0, 270.0, 56.0, 1986-08-17 00:00:00, 0.0
11.0, 10.5, 270.0, 62.0, 1986-08-18 00:00:00, 1.4
15.0, 12.0, 230.0, 69.0, 1986-08-19 00:00:00, 0.0
8.0, 14.0, 180.0, 51.0, 1986-08-20 00:00:00, 0.0
8.0, 17.0, 180.0, 57.0, 1986-08-21 00:00:00, 0.0
15.0, 16.0, 230.0, 55.0, 1986-08-22 00:00:00, 0.0
5.0, 0.0, 0.0, 83.0, 1986-08-23 00:00:00, 17.6
6.0, 9.0, 230.0, 71.0, 1986-08-24 00:00:00, 0.2
6.0, 14.0, 230.0, 71.0, 1986-08-25 00:00:00, 0.0
5.0, 21.0, 180.0, 61.0, 1986-08-26 00:00:00, 0.0
10.0, 22.0, 180.0, 62.0, 1986-08-27 00:00:00, 0.0
8.0, 19.5, 180.0, 63.0, 1986-08-28 00:00:00, 0.0
13.0, 14.0, 230.0, 62.0, 1986-08-29 00:00:00, 0.0
0.0, 18.0, 0.0, 50.0, 1986-08-30 00:00:00, 0.0
10.0, 10.0, 230.0, 89.0, 1986-08-31 00:00:00, 2.6
10.0, 0.9, 230.0, 44.0, 1987-05-08 00:00:00, 0.0
10.0, 8.0, 180.0, 42.0, 1987-05-09 00:00:00, 0.0
10.0, 8.0, 180.0, 37.0, 1987-05-10 00:00:00, 0.0
10.0, 4.0, 0.0, 86.0, 1987-05-11 00:00:00, 0.0
20.0, 7.0, 40.0, 63.0, 1987-05-12 00:00:00, 6.4
10.0, 9.0, 40.0, 49.0, 1987-05-13 00:00:00, 0.0
8.0, 5.5, 0.0, 80.0, 1987-05-14 00:00:00, 0.0
10.0, 9.5, 0.0, 35.0, 1987-05-15 00:00:00, 2.5
20.0, 8.5, 230.0, 49.0, 1987-05-16 00:00:00, 0.0
5.0, 6.5, 230.0, 81.0, 1987-05-17 00:00:00, 0.6
5.0, 12.0, 180.0, 36.0, 1987-05-18 00:00:00, 0.1
15.0, 14.0, 40.0, 30.0, 1987-05-19 00:00:00, 0.0
5.0, 17.0, 180.0, 27.0, 1987-05-20 00:00:00, 0.0
15.0, 17.5, 320.0, 25.0, 1987-05-21 00:00:00, 0.0
15.0, 17.5, 180.0, 25.0, 1987-05-22 00:00:00, 0.0
20.0, 13.0, 230.0, 42.0, 1987-05-23 00:00:00, 0.0
25.0, 13.0, 230.0, 51.0, 1987-05-24 00:00:00, 0.0
15.0, 14.0, 0.0, 53.0, 1987-05-25 00:00:00, 0.0
18.0, 17.0, 40.0, 41.0, 1987-05-26 00:00:00, 0.0
8.0, 18.0, 40.0, 29.0, 1987-05-27 00:00:00, 0.0
5.0, 18.0, 40.0, 38.0, 1987-05-28 00:00:00, 0.0
10.0, 11.0, 40.0, 68.0, 1987-05-29 00:00:00, 1.4
5.0, 12.0, 0.0, 69.0, 1987-05-30 00:00:00, 0.1
8.0, 13.0, 320.0, 60.0, 1987-05-31 00:00:00, 0.0
15.0, 12.0, 0.0, 59.0, 1987-06-01 00:00:00, 0.0
20.0, 11.0, 0.0, 48.0, 1987-06-02 00:00:00, 0.0
2.0, 11.0, 0.0, 48.0, 1987-06-03 00:00:00, 0.0
5.0, 19.0, 40.0, 28.0, 1987-06-04 00:00:00, 0.0
5.0, 8.0, 40.0, 88.0, 1987-06-05 00:00:00, 0.1
15.0, 11.5, 40.0, 44.0, 1987-06-06 00:00:00, 0.1
15.0, 20.0, 40.0, 33.0, 1987-06-07 00:00:00, 0.0
15.0, 23.0, 0.0, 26.0, 1987-06-08 00:00:00, 0.0
20.0, 16.0, 320.0, 40.0, 1987-06-09 00:00:00, 0.0
5.0, 12.5, 0.0, 46.0, 1987-06-10 00:00:00, 0.0
15.0, 11.5, 40.0, 63.0, 1987-06-11 00:00:00, 0.0
15.0, 9.0, 40.0, 77.0, 1987-06-12 00:00:00, 0.7
30.0, 8.0, 40.0, 94.0, 1987-06-13 00:00:00, 2.0
20.0, 13.0, 40.0, 42.0, 1987-06-14 00:00:00, 8.0
5.0, 15.0, 0.0, 46.0, 1987-06-15 00:00:00, 0.0
5.0, 7.0, 0.0, 75.0, 1987-06-16 00:00:00, 3.5
10.0, 9.0, 40.0, 77.0, 1987-06-17 00:00:00, 0.0
25.0, 13.5, 40.0, 52.0, 1987-06-18 00:00:00, 0.0
5.0, 19.0, 0.0, 31.0, 1987-06-19 00:00:00, 0.0
5.0, 25.0, 140.0, 29.0, 1987-06-20 00:00:00, 0.0
5.0, 12.5, 0.0, 95.0, 1987-06-21 00:00:00, 19.5
40.0, 9.0, 0.0, 77.0, 1987-06-22 00:00:00, 26.0
25.0, 12.0, 0.0, 50.0, 1987-06-23 00:00:00, 0.0
15.0, 14.0, 0.0, 44.0, 1987-06-24 00:00:00, 0.0
10.0, 13.0, 40.0, 51.0, 1987-06-25 00:00:00, 0.0
10.0, 17.0, 40.0, 41.0, 1987-06-26 00:00:00, 0.0
8.0, 19.5, 0.0, 35.0, 1987-06-27 00:00:00, 0.0
15.0, 25.0, 0.0, 35.0, 1987-06-28 00:00:00, 0.0
0.0, 24.0, 0.0, 33.0, 1987-06-29 00:00:00, 0.0
5.0, 26.0, 0.0, 31.0, 1987-06-30 00:00:00, 0.0
5.0, 26.0, 0.0, 41.0, 1987-07-01 00:00:00, 0.0
0.0, 15.0, 0.0, 71.0, 1987-07-02 00:00:00, 26.0
10.0, 15.5, 40.0, 59.0, 1987-07-03 00:00:00, 0.0
10.0, 18.0, 230.0, 58.0, 1987-07-04 00:00:00, 0.0
10.0, 21.0, 230.0, 54.0, 1987-07-05 00:00:00, 0.0
10.0, 17.5, 0.0, 57.0, 1987-07-06 00:00:00, 0.0
15.0, 12.5, 230.0, 74.0, 1987-07-07 00:00:00, 1.0
10.0, 16.5, 0.0, 60.0, 1987-07-08 00:00:00, 0.0
0.0, 18.5, 0.0, 55.0, 1987-07-09 00:00:00, 0.0
0.0, 20.5, 0.0, 57.0, 1987-07-10 00:00:00, 0.7
10.0, 16.5, 0.0, 52.0, 1987-07-11 00:00:00, 0.8
10.0, 15.5, 0.0, 51.0, 1987-07-12 00:00:00, 0.0
5.0, 16.0, 0.0, 55.0, 1987-07-13 00:00:00, 0.0
20.0, 12.5, 0.0, 50.0, 1987-07-14 00:00:00, 1.5
10.0, 8.5, 0.0, 82.0, 1987-07-15 00:00:00, 0.7
0.0, 20.0, 0.0, 46.0, 1987-07-16 00:00:00, 0.0
0.0, 25.0, 0.0, 24.0, 1987-07-17 00:00:00, 0.0
0.0, 25.5, 0.0, 22.0, 1987-07-18 00:00:00, 0.0
5.0, 16.0, 0.0, 81.0, 1987-07-19 00:00:00, 1.8
10.0, 20.0, 0.0, 46.0, 1987-07-20 00:00:00, 0.0
0.0, 24.0, 0.0, 39.0, 1987-07-21 00:00:00, 0.0
15.0, 27.5, 0.0, 33.0, 1987-07-22 00:00:00, 0.0
15.0, 23.0, 0.0, 29.0, 1987-07-23 00:00:00, 0.0
10.0, 24.0, 0.0, 33.0, 1987-07-24 00:00:00, 0.0
10.0, 25.0, 40.0, 37.0, 1987-07-25 00:00:00, 0.0
15.0, 14.0, 0.0, 95.0, 1987-07-26 00:00:00, 4.5
10.0, 14.0, 0.0, 80.0, 1987-07-27 00:00:00, 10.0
5.0, 15.0, 0.0, 71.0, 1987-07-28 00:00:00, 0.0
0.0, 18.5, 0.0, 47.0, 1987-07-29 00:00:00, 6.0
5.0, 20.0, 0.0, 46.0, 1987-07-30 00:00:00, 0.0
5.0, 11.5, 180.0, 94.0, 1987-07-31 00:00:00, 5.0
0.0, 11.5, 0.0, 94.0, 1987-08-01 00:00:00, 4.0
10.0, 13.0, 0.0, 90.0, 1987-08-02 00:00:00, 5.0
10.0, 17.0, 0.0, 65.0, 1987-08-03 00:00:00, 6.5
5.0, 18.0, 0.0, 66.0, 1987-08-04 00:00:00, 5.0
15.0, 19.0, 40.0, 44.0, 1987-08-05 00:00:00, 0.0
15.0, 15.0, 0.0, 71.0, 1987-08-06 00:00:00, 0.0
25.0, 19.5, 0.0, 49.0, 1987-08-07 00:00:00, 0.0
20.0, 16.0, 0.0, 70.0, 1987-08-08 00:00:00, 0.0
10.0, 13.0, 0.0, 79.0, 1987-08-09 00:00:00, 9.2
5.0, 14.0, 230.0, 62.0, 1987-08-10 00:00:00, 0.0
0.0, 10.0, 0.0, 99.0, 1987-08-11 00:00:00, 1.5
5.0, 14.5, 180.0, 53.0, 1987-08-12 00:00:00, 4.5
5.0, 18.5, 230.0, 47.0, 1987-08-13 00:00:00, 0.0
10.0, 17.0, 40.0, 53.0, 1987-08-14 00:00:00, 0.0
10.0, 20.0, 40.0, 60.0, 1987-08-15 00:00:00, 0.0
10.0, 20.0, 0.0, 67.0, 1987-08-16 00:00:00, 0.0
10.0, 16.0, 0.0, 43.0, 1987-08-17 00:00:00, 0.0
10.0, 14.0, 0.0, 53.0, 1987-08-18 00:00:00, 0.0
5.0, 16.5, 0.0, 44.0, 1987-08-19 00:00:00, 0.0
0.0, 15.0, 0.0, 54.0, 1987-08-20 00:00:00, 0.0
0.0, 0.0, 0.0, 0.0, 1988-05-03 00:00:00, 0.0
16.0, 11.0, 50.0, 59.0, 1988-05-04 00:00:00, 0.0
10.0, 12.5, 50.0, 61.0, 1988-05-05 00:00:00, 3.1
10.0, 17.0, 140.0, 39.0, 1988-05-06 00:00:00, 0.0
30.0, 14.5, 230.0, 55.0, 1988-05-07 00:00:00, 0.0
20.0, 11.5, 230.0, 64.0, 1988-05-08 00:00:00, 0.0
16.0, 20.0, 230.0, 47.0, 1988-05-09 00:00:00, 0.0
22.0, 17.0, 180.0, 46.0, 1988-05-10 00:00:00, 0.0
18.0, 19.0, 140.0, 46.0, 1988-05-11 00:00:00, 0.0
14.0, 19.0, 230.0, 42.0, 1988-05-12 00:00:00, 0.0
2.0, 12.0, 230.0, 90.0, 1988-05-13 00:00:00, 0.5
20.0, 11.0, 180.0, 54.0, 1988-05-14 00:00:00, 4.3
25.0, 13.0, 230.0, 44.0, 1988-05-15 00:00:00, 0.0
15.0, 13.0, 50.0, 48.0, 1988-05-16 00:00:00, 0.0
26.0, 9.5, 180.0, 52.0, 1988-05-17 00:00:00, 5.3
10.0, 10.5, 270.0, 53.0, 1988-05-18 00:00:00, 3.7
16.0, 8.5, 140.0, 61.0, 1988-05-19 00:00:00, 0.0
18.0, 9.0, 140.0, 61.0, 1988-05-20 00:00:00, 0.0
10.0, 12.5, 50.0, 47.0, 1988-05-21 00:00:00, 0.0
12.0, 11.0, 140.0, 89.0, 1988-05-22 00:00:00, 5.0
14.0, 10.5, 230.0, 63.0, 1988-05-23 00:00:00, 2.3
30.0, 9.5, 180.0, 62.0, 1988-05-24 00:00:00, 0.0
14.0, 12.0, 0.0, 47.0, 1988-05-25 00:00:00, 0.0
10.0, 14.0, 270.0, 46.0, 1988-05-26 00:00:00, 0.0
20.0, 20.0, 180.0, 37.0, 1988-05-27 00:00:00, 1.0
14.0, 10.0, 90.0, 78.0, 1988-05-28 00:00:00, 3.2
14.0, 14.0, 180.0, 62.0, 1988-05-29 00:00:00, 3.3
18.0, 13.0, 230.0, 44.0, 1988-05-30 00:00:00, 0.0
12.0, 12.0, 230.0, 51.0, 1988-05-31 00:00:00, 0.0
6.0, 14.0, 230.0, 54.0, 1988-06-01 00:00:00, 0.0
16.0, 13.5, 180.0, 53.0, 1988-06-02 00:00:00, 9.9
10.0, 17.0, 230.0, 54.0, 1988-06-03 00:00:00, 1.2
18.0, 13.5, 180.0, 58.0, 1988-06-04 00:00:00, 7.1
5.0, 16.5, 50.0, 69.0, 1988-06-05 00:00:00, 6.9
5.0, 20.5, 50.0, 51.0, 1988-06-06 00:00:00, 0.0
8.0, 16.0, 230.0, 69.0, 1988-06-07 00:00:00, 1.1
5.0, 13.0, 230.0, 90.0, 1988-06-08 00:00:00, 0.0
5.0, 13.0, 230.0, 85.0, 1988-06-09 00:00:00, 6.7
5.0, 15.0, 50.0, 72.0, 1988-06-10 00:00:00, 5.6
5.0, 13.0, 140.0, 85.0, 1988-06-11 00:00:00, 1.5
5.0, 18.0, 230.0, 59.0, 1988-06-12 00:00:00, 1.7
2.0, 25.0, 50.0, 41.0, 1988-06-13 00:00:00, 0.0
4.0, 24.0, 180.0, 37.0, 1988-06-14 00:00:00, 0.0
20.0, 15.5, 230.0, 68.0, 1988-06-15 00:00:00, 0.0
0.0, 18.0, 0.0, 51.0, 1988-06-16 00:00:00, 0.0
0.0, 18.0, 0.0, 65.0, 1988-06-17 00:00:00, 0.0
16.0, 13.0, 230.0, 64.0, 1988-06-18 00:00:00, 2.8
13.0, 11.0, 230.0, 46.0, 1988-06-19 00:00:00, 0.0
10.0, 14.5, 140.0, 50.0, 1988-06-20 00:00:00, 0.0
5.0, 20.5, 0.0, 41.0, 1988-06-21 00:00:00, 0.0
14.0, 18.0, 230.0, 55.0, 1988-06-22 00:00:00, 0.0
24.0, 13.0, 180.0, 53.0, 1988-06-23 00:00:00, 0.0
21.0, 16.0, 320.0, 40.0, 1988-06-24 00:00:00, 0.0
3.0, 14.0, 320.0, 71.0, 1988-06-25 00:00:00, 0.0
11.0, 18.0, 270.0, 51.0, 1988-06-26 00:00:00, 0.0
6.0, 18.0, 50.0, 44.0, 1988-06-27 00:00:00, 0.0
6.0, 8.5, 230.0, 99.0, 1988-06-28 00:00:00, 5.2
5.0, 14.0, 230.0, 71.0, 1988-06-29 00:00:00, 3.5
11.0, 13.5, 180.0, 76.0, 1988-06-30 00:00:00, 1.5
5.0, 8.5, 230.0, 99.0, 1988-07-01 00:00:00, 12.0
11.0, 14.0, 0.0, 62.0, 1988-07-02 00:00:00, 0.0
11.0, 14.0, 0.0, 71.0, 1988-07-03 00:00:00, 0.5
6.0, 17.0, 0.0, 65.0, 1988-07-04 00:00:00, 0.0
11.0, 15.0, 230.0, 64.0, 1988-07-05 00:00:00, 1.4
5.0, 16.0, 230.0, 65.0, 1988-07-06 00:00:00, 0.0
8.0, 17.0, 230.0, 54.0, 1988-07-07 00:00:00, 0.0
6.0, 18.0, 230.0, 59.0, 1988-07-08 00:00:00, 0.2
2.0, 16.0, 230.0, 73.0, 1988-07-09 00:00:00, 0.0
6.0, 20.0, 50.0, 76.0, 1988-07-10 00:00:00, 0.0
6.0, 17.0, 140.0, 82.0, 1988-07-11 00:00:00, 0.0
6.0, 1.0, 230.0, 94.0, 1988-07-12 00:00:00, 2.0
5.0, 11.5, 230.0, 88.0, 1988-07-13 00:00:00, 23.7
5.0, 20.0, 50.0, 61.0, 1988-07-14 00:00:00, 0.1
30.0, 11.0, 230.0, 79.0, 1988-07-15 00:00:00, 3.2
10.0, 12.0, 180.0, 70.0, 1988-07-16 00:00:00, 3.6
10.0, 17.0, 140.0, 61.0, 1988-07-17 00:00:00, 0.0
6.0, 21.0, 180.0, 62.0, 1988-07-18 00:00:00, 0.0
2.0, 25.0, 270.0, 41.0, 1988-07-19 00:00:00, 0.0
8.0, 22.0, 230.0, 37.0, 1988-07-20 00:00:00, 0.0
10.0, 12.5, 230.0, 65.0, 1988-07-21 00:00:00, 0.0
11.0, 13.5, 180.0, 58.0, 1988-07-22 00:00:00, 1.4
11.0, 13.5, 230.0, 58.0, 1988-07-23 00:00:00, 0.0
8.0, 12.5, 140.0, 70.0, 1988-07-24 00:00:00, 0.0
16.0, 18.0, 230.0, 51.0, 1988-07-25 00:00:00, 0.0
6.0, 13.5, 180.0, 66.0, 1988-07-26 00:00:00, 2.9
5.0, 17.0, 180.0, 43.0, 1988-07-27 00:00:00, 0.0
5.0, 17.5, 50.0, 51.0, 1988-07-28 00:00:00, 0.0
6.0, 16.0, 230.0, 56.0, 1988-07-29 00:00:00, 0.0
3.0, 17.0, 230.0, 43.0, 1988-07-30 00:00:00, 0.0
8.0, 12.0, 270.0, 70.0, 1988-07-31 00:00:00, 0.5
10.0, 21.0, 140.0, 48.0, 1988-08-01 00:00:00, 0.0
14.0, 18.5, 140.0, 71.0, 1988-08-02 00:00:00, 0.0
18.0, 16.5, 320.0, 61.0, 1988-08-03 00:00:00, 0.0
8.0, 10.0, 230.0, 89.0, 1988-08-04 00:00:00, 8.2
6.0, 12.0, 140.0, 74.0, 1988-08-05 00:00:00, 7.3
5.0, 19.0, 230.0, 49.0, 1988-08-06 00:00:00, 0.0
10.0, 15.0, 230.0, 55.0, 1988-08-07 00:00:00, 0.0
10.0, 14.5, 180.0, 67.0, 1988-08-08 00:00:00, 3.2
6.0, 15.0, 180.0, 68.0, 1988-08-09 00:00:00, 0.1
10.0, 16.5, 180.0, 57.0, 1988-08-10 00:00:00, 0.0
15.0, 19.5, 180.0, 46.0, 1988-08-11 00:00:00, 0.0
13.0, 16.0, 180.0, 49.0, 1988-08-12 00:00:00, 0.0
10.0, 17.5, 230.0, 70.0, 1988-08-13 00:00:00, 2.2
2.0, 16.0, 230.0, 65.0, 1988-08-14 00:00:00, 6.5
5.0, 17.0, 140.0, 54.0, 1988-08-15 00:00:00, 0.0
6.0, 20.0, 90.0, 47.0, 1988-08-16 00:00:00, 0.0
5.0, 21.0, 90.0, 48.0, 1988-08-17 00:00:00, 0.0
6.0, 15.0, 230.0, 68.0, 1988-08-18 00:00:00, 0.0
6.0, 17.0, 180.0, 50.0, 1988-08-19 00:00:00, 0.0
13.0, 15.0, 180.0, 47.0, 1988-08-20 00:00:00, 0.0
11.0, 15.0, 230.0, 55.0, 1988-08-21 00:00:00, 0.0
19.0, 17.0, 180.0, 43.0, 1988-08-22 00:00:00, 0.0
6.0, 12.0, 230.0, 51.0, 1988-08-23 00:00:00, 0.0
6.0, 16.0, 230.0, 49.0, 1988-08-24 00:00:00, 0.0
10.0, 18.0, 50.0, 59.0, 1988-08-25 00:00:00, 0.0
3.0, 20.0, 50.0, 61.0, 1988-08-26 00:00:00, 0.0
2.0, 19.0, 230.0, 49.0, 1988-08-27 00:00:00, 0.0
2.0, 15.0, 230.0, 72.0, 1988-08-28 00:00:00, 0.0
10.0, 13.0, 230.0, 80.0, 1988-08-29 00:00:00, 9.0
11.0, 13.0, 230.0, 58.0, 1988-08-30 00:00:00, 2.0
6.0, 13.0, 230.0, 71.0, 1988-08-31 00:00:00, 0.0
18.0, 16.0, 180.0, 33.0, 1989-05-04 00:00:00, 0.0
12.0, 13.3, 230.0, 24.0, 1989-05-05 00:00:00, 0.0
21.0, 13.3, 180.0, 42.0, 1989-05-06 00:00:00, 0.0
22.0, 11.7, 180.0, 57.0, 1989-05-07 00:00:00, 0.0
14.0, 14.4, 230.0, 42.0, 1989-05-08 00:00:00, 0.0
8.0, 11.1, 180.0, 36.0, 1989-05-09 00:00:00, 1.5
8.0, 3.0, 320.0, 97.0, 1989-05-10 00:00:00, 0.0
16.0, 7.8, 230.0, 56.0, 1989-05-11 00:00:00, 3.0
25.0, 7.5, 180.0, 49.0, 1989-05-12 00:00:00, 0.0
14.0, 13.2, 230.0, 42.0, 1989-05-13 00:00:00, 0.0
16.0, 13.9, 230.0, 46.0, 1989-05-14 00:00:00, 0.0
8.0, 11.6, 180.0, 51.0, 1989-05-15 00:00:00, 0.0
18.0, 7.4, 180.0, 38.0, 1989-05-16 00:00:00, 2.7
5.0, 11.3, 50.0, 26.0, 1989-05-17 00:00:00, 0.0
11.0, 13.9, 270.0, 11.0, 1989-05-18 00:00:00, 0.0
10.0, 8.9, 50.0, 42.0, 1989-05-19 00:00:00, 0.0
7.0, 9.7, 90.0, 77.0, 1989-05-20 00:00:00, 0.0
11.0, 12.3, 50.0, 35.0, 1989-05-21 00:00:00, 0.0
5.0, 16.7, 50.0, 21.0, 1989-05-22 00:00:00, 0.0
13.0, 14.9, 180.0, 36.0, 1989-05-23 00:00:00, 0.0
12.0, 13.7, 50.0, 50.0, 1989-05-24 00:00:00, 0.0
2.0, 15.6, 180.0, 27.0, 1989-05-25 00:00:00, 0.0
11.0, 10.1, 50.0, 64.0, 1989-05-26 00:00:00, 0.0
14.0, 19.0, 180.0, 19.0, 1989-05-27 00:00:00, 0.0
16.0, 17.6, 180.0, 26.0, 1989-05-28 00:00:00, 0.0
23.0, 19.0, 180.0, 42.0, 1989-05-29 00:00:00, 0.0
15.0, 17.3, 180.0, 50.0, 1989-05-30 00:00:00, 0.0
17.0, 13.3, 140.0, 59.0, 1989-05-31 00:00:00, 0.0
25.0, 13.5, 180.0, 36.0, 1989-06-01 00:00:00, 0.0
9.0, 18.7, 50.0, 23.0, 1989-06-02 00:00:00, 0.0
10.0, 19.0, 0.0, 25.0, 1989-06-03 00:00:00, 0.0
13.0, 17.5, 140.0, 46.0, 1989-06-04 00:00:00, 0.0
19.0, 13.3, 180.0, 43.0, 1989-06-05 00:00:00, 0.7
8.0, 14.8, 180.0, 48.0, 1989-06-06 00:00:00, 0.0
4.0, 19.4, 0.0, 31.0, 1989-06-07 00:00:00, 0.0
10.0, 19.4, 0.0, 40.0, 1989-06-08 00:00:00, 0.0
6.0, 21.7, 230.0, 27.0, 1989-06-09 00:00:00, 0.5
4.0, 20.7, 230.0, 27.0, 1989-06-10 00:00:00, 0.2
4.0, 24.1, 50.0, 17.0, 1989-06-11 00:00:00, 0.0
7.0, 23.5, 230.0, 33.0, 1989-06-12 00:00:00, 0.0
0.0, 18.7, 0.0, 50.0, 1989-06-13 00:00:00, 1.7
25.0, 16.3, 180.0, 48.0, 1989-06-14 00:00:00, 3.5
20.0, 14.2, 180.0, 30.0, 1989-06-15 00:00:00, 0.0
6.0, 13.9, 90.0, 33.0, 1989-06-16 00:00:00, 0.0
0.0, 17.3, 0.0, 25.0, 1989-06-17 00:00:00, 1.0
16.0, 14.4, 180.0, 46.0, 1989-06-18 00:00:00, 0.0
4.0, 15.2, 230.0, 50.0, 1989-06-19 00:00:00, 0.0
19.0, 19.1, 180.0, 36.0, 1989-06-20 00:00:00, 0.0
14.0, 18.3, 180.0, 26.0, 1989-06-21 00:00:00, 0.0
19.0, 18.8, 180.0, 36.0, 1989-06-22 00:00:00, 0.0
11.0, 14.1, 180.0, 37.0, 1989-06-23 00:00:00, 0.0
12.0, 24.0, 180.0, 28.0, 1989-06-24 00:00:00, 0.0
10.0, 17.2, 230.0, 28.0, 1989-06-25 00:00:00, 0.0
0.0, 13.2, 0.0, 80.0, 1989-06-26 00:00:00, 13.2
8.0, 15.6, 0.0, 55.0, 1989-06-27 00:00:00, 0.0
2.0, 19.6, 180.0, 27.0, 1989-06-28 00:00:00, 0.2
10.0, 13.4, 180.0, 92.0, 1989-06-29 00:00:00, 4.5
2.0, 20.5, 180.0, 32.0, 1989-06-30 00:00:00, 0.0
24.0, 13.2, 180.0, 37.0, 1989-07-01 00:00:00, 0.0
11.0, 17.4, 180.0, 58.0, 1989-07-02 00:00:00, 0.0
2.0, 14.9, 0.0, 73.0, 1989-07-03 00:00:00, 5.3
1.0, 20.5, 50.0, 35.0, 1989-07-04 00:00:00, 1.5
14.0, 19.9, 180.0, 49.0, 1989-07-05 00:00:00, 0.0
7.0, 13.8, 180.0, 87.0, 1989-07-06 00:00:00, 4.3
1.0, 19.2, 50.0, 30.0, 1989-07-07 00:00:00, 0.0
3.0, 22.4, 50.0, 44.0, 1989-07-08 00:00:00, 1.0
7.0, 23.7, 50.0, 52.0, 1989-07-09 00:00:00, 0.0
7.0, 20.3, 180.0, 30.0, 1989-07-10 00:00:00, 0.2
1.0, 23.8, 140.0, 20.0, 1989-07-11 00:00:00, 0.0
9.0, 19.5, 180.0, 62.0, 1989-07-12 00:00:00, 0.0
1.0, 22.1, 180.0, 51.0, 1989-07-13 00:00:00, 0.0
8.0, 18.9, 230.0, 50.0, 1989-07-14 00:00:00, 1.0
12.0, 19.9, 180.0, 34.0, 1989-07-15 00:00:00, 0.0
6.0, 12.8, 140.0, 33.0, 1989-07-16 00:00:00, 0.0
0.0, 17.3, 0.0, 25.0, 1989-07-17 00:00:00, 1.0
16.0, 14.4, 180.0, 46.0, 1989-07-18 00:00:00, 0.0
5.0, 13.1, 320.0, 93.0, 1989-07-19 00:00:00, 0.0
11.0, 14.3, 180.0, 80.0, 1989-07-20 00:00:00, 2.0
17.0, 11.9, 180.0, 67.0, 1989-07-21 00:00:00, 0.0
10.0, 11.0, 180.0, 80.0, 1989-07-22 00:00:00, 2.0
13.0, 13.8, 180.0, 69.0, 1989-07-23 00:00:00, 0.0
11.0, 14.2, 180.0, 71.0, 1989-07-24 00:00:00, 0.0
7.0, 11.2, 180.0, 76.0, 1989-07-25 00:00:00, 0.0
2.0, 13.6, 180.0, 60.0, 1989-07-26 00:00:00, 0.0
0.0, 13.9, 0.0, 63.0, 1989-07-27 00:00:00, 0.0
10.0, 16.0, 180.0, 55.0, 1989-07-28 00:00:00, 0.0
1.0, 11.9, 180.0, 94.0, 1989-07-29 00:00:00, 3.3
12.0, 17.4, 180.0, 69.0, 1989-07-30 00:00:00, 3.8
10.0, 15.1, 180.0, 89.0, 1989-07-31 00:00:00, 3.5
24.0, 13.2, 180.0, 37.0, 1989-08-01 00:00:00, 0.0
14.0, 21.6, 180.0, 47.0, 1989-08-02 00:00:00, 0.0
2.0, 15.0, 180.0, 78.0, 1989-08-03 00:00:00, 5.3
3.0, 13.0, 180.0, 82.0, 1989-08-04 00:00:00, 0.0
14.0, 19.9, 180.0, 49.0, 1989-08-05 00:00:00, 0.0
8.0, 13.3, 140.0, 82.0, 1989-08-06 00:00:00, 7.5
1.0, 9.6, 140.0, 95.0, 1989-08-07 00:00:00, 0.2
4.0, 23.4, 50.0, 44.0, 1989-08-08 00:00:00, 1.0
7.0, 23.7, 50.0, 52.0, 1989-08-09 00:00:00, 0.0
6.0, 10.7, 90.0, 96.0, 1989-08-10 00:00:00, 1.5
3.0, 14.0, 230.0, 93.0, 1989-08-11 00:00:00, 0.0
9.0, 19.5, 180.0, 62.0, 1989-08-12 00:00:00, 0.0
0.0, 24.0, 0.0, 56.0, 1989-08-13 00:00:00, 0.0
1.0, 22.1, 180.0, 51.0, 1989-08-14 00:00:00, 0.0
12.0, 19.9, 180.0, 34.0, 1989-08-15 00:00:00, 0.0
6.0, 12.8, 140.0, 33.0, 1989-08-16 00:00:00, 0.0
1.0, 22.2, 50.0, 53.0, 1989-08-17 00:00:00, 0.0
9.0, 23.2, 180.0, 43.0, 1989-08-18 00:00:00, 0.0
5.0, 13.1, 320.0, 93.0, 1989-08-19 00:00:00, 0.0
11.0, 14.3, 320.0, 80.0, 1989-08-20 00:00:00, 2.0
2.0, 11.9, 320.0, 67.0, 1989-08-21 00:00:00, 0.0
10.0, 11.0, 180.0, 80.0, 1989-08-22 00:00:00, 2.0
15.0, 18.1, 180.0, 42.0, 1989-08-23 00:00:00, 0.0
11.0, 14.2, 180.0, 71.0, 1989-08-24 00:00:00, 0.0
1.0, 11.2, 180.0, 76.0, 1989-08-25 00:00:00, 0.0
2.0, 13.6, 180.0, 60.0, 1989-08-26 00:00:00, 0.0
0.0, 13.9, 0.0, 63.0, 1989-08-27 00:00:00, 0.0
0.0, 13.1, 0.0, 93.0, 1989-08-28 00:00:00, 6.8
1.0, 11.9, 180.0, 94.0, 1989-08-29 00:00:00, 3.3
12.0, 17.4, 180.0, 69.0, 1989-08-30 00:00:00, 3.8
10.0, 15.1, 180.0, 89.0, 1989-08-31 00:00:00, 3.5
