station_observations
wind_speed, temperature, wind_direction, relative_humidity, time, precipitation
5.0, 11.8, 0.0, 55.0, 1992-05-10 00:00:00, 0.2
5.0, 11.8, 0.0, 55.0, 1992-05-11 00:00:00, 0.2
16.0, 13.5, 230.0, 40.0, 1992-05-12 00:00:00, 0.2
16.0, 10.9, 270.0, 49.0, 1992-05-13 00:00:00, 0.0
14.0, 13.6, 270.0, 30.0, 1992-05-14 00:00:00, 0.0
20.0, 9.5, 230.0, 46.0, 1992-05-15 00:00:00, 0.0
13.0, 10.9, 270.0, 48.0, 1992-05-16 00:00:00, 0.0
10.0, 7.7, 270.0, 34.0, 1992-05-17 00:00:00, 0.0
9.0, 7.4, 270.0, 31.0, 1992-05-18 00:00:00, 0.0
3.0, 2.9, 180.0, 65.0, 1992-05-19 00:00:00, 0.2
13.0, 6.8, 90.0, 40.0, 1992-05-20 00:00:00, 0.0
8.0, 9.7, 230.0, 29.0, 1992-05-21 00:00:00, 0.2
11.0, 14.9, 230.0, 19.0, 1992-05-22 00:00:00, 0.0
9.0, 8.6, 230.0, 24.0, 1992-05-23 00:00:00, 0.0
7.0, 22.0, 230.0, 27.0, 1992-05-24 00:00:00, 0.0
6.0, 17.9, 230.0, 54.0, 1992-05-25 00:00:00, 0.0
0.0, 20.0, 0.0, 11.0, 1992-05-26 00:00:00, 0.0
17.0, 16.6, 270.0, 46.0, 1992-05-27 00:00:00, 0.0
3.0, 17.8, 270.0, 39.0, 1992-05-28 00:00:00, 0.0
6.0, 21.6, 270.0, 40.0, 1992-05-29 00:00:00, 0.0
7.0, 20.3, 270.0, 40.0, 1992-05-30 00:00:00, 0.2
10.0, 20.2, 180.0, 42.0, 1992-05-31 00:00:00, 2.2
19.0, 15.9, 270.0, 57.0, 1992-06-01 00:00:00, 13.7
9.0, 10.2, 270.0, 67.0, 1992-06-02 00:00:00, 0.0
6.0, 18.1, 270.0, 44.0, 1992-06-03 00:00:00, 0.0
24.0, 11.4, 230.0, 35.0, 1992-06-04 00:00:00, 0.0
13.0, 20.0, 230.0, 34.0, 1992-06-05 00:00:00, 0.0
17.0, 9.5, 270.0, 43.0, 1992-06-06 00:00:00, 0.0
7.0, 19.4, 180.0, 45.0, 1992-06-07 00:00:00, 0.0
5.0, 14.3, 230.0, 72.0, 1992-06-08 00:00:00, 4.0
9.0, 15.7, 50.0, 59.0, 1992-06-09 00:00:00, 3.0
5.0, 18.6, 230.0, 38.0, 1992-06-10 00:00:00, 0.0
12.0, 22.5, 50.0, 26.0, 1992-06-11 00:00:00, 0.0
16.0, 13.5, 230.0, 40.0, 1992-06-12 00:00:00, 0.2
16.0, 28.0, 270.0, 49.0, 1992-06-13 00:00:00, 0.0
7.0, 30.7, 230.0, 30.0, 1992-06-14 00:00:00, 0.0
14.0, 25.4, 270.0, 32.0, 1992-06-15 00:00:00, 0.0
12.0, 17.1, 270.0, 41.0, 1992-06-16 00:00:00, 0.0
7.0, 19.4, 270.0, 32.0, 1992-06-17 00:00:00, 0.0
8.0, 19.2, 230.0, 40.0, 1992-06-18 00:00:00, 0.0
3.0, 12.9, 180.0, 65.0, 1992-06-19 00:00:00, 0.2
6.0, 23.5, 180.0, 44.0, 1992-06-20 00:00:00, 0.0
21.0, 18.1, 230.0, 41.0, 1992-06-21 00:00:00, 2.2
7.0, 20.7, 230.0, 32.0, 1992-06-22 00:00:00, 0.0
13.0, 24.1, 270.0, 25.0, 1992-06-23 00:00:00, 0.0
8.0, 20.4, 90.0, 51.0, 1992-06-24 00:00:00, 0.0
11.0, 24.5, 270.0, 22.0, 1992-06-25 00:00:00, 0.0
12.0, 24.9, 230.0, 28.0, 1992-06-26 00:00:00, 0.0
5.0, 25.4, 230.0, 29.0, 1992-06-27 00:00:00, 0.0
15.0, 23.9, 90.0, 41.0, 1992-06-28 00:00:00, 0.0
14.0, 24.6, 50.0, 33.0, 1992-06-29 00:00:00, 0.0
3.0, 26.4, 270.0, 31.0, 1992-06-30 00:00:00, 0.0
4.0, 26.1, 270.0, 37.0, 1992-07-01 00:00:00, 0.0
11.0, 21.7, 50.0, 36.0, 1992-07-02 00:00:00, 0.0
3.0, 24.2, 270.0, 38.0, 1992-07-03 00:00:00, 0.0
11.0, 25.1, 50.0, 39.0, 1992-07-04 00:00:00, 0.0
6.0, 25.4, 270.0, 39.0, 1992-07-05 00:00:00, 0.0
5.0, 17.2, 140.0, 39.0, 1992-07-06 00:00:00, 0.0
9.0, 22.0, 270.0, 42.0, 1992-07-07 00:00:00, 0.7
7.0, 14.5, 50.0, 80.0, 1992-07-08 00:00:00, 1.5
2.0, 21.4, 230.0, 44.0, 1992-07-09 00:00:00, 0.2
12.0, 22.5, 50.0, 26.0, 1992-07-10 00:00:00, 0.0
4.0, 26.0, 180.0, 42.0, 1992-07-11 00:00:00, 0.2
6.0, 19.5, 270.0, 55.0, 1992-07-12 00:00:00, 0.2
14.0, 21.2, 230.0, 38.0, 1992-07-13 00:00:00, 0.0
3.0, 17.2, 320.0, 60.0, 1992-07-14 00:00:00, 0.0
1.0, 14.9, 180.0, 87.0, 1992-07-15 00:00:00, 2.2
1.0, 14.2, 270.0, 94.0, 1992-07-16 00:00:00, 4.5
3.0, 14.2, 0.0, 92.0, 1992-07-17 00:00:00, 10.9
8.0, 19.2, 230.0, 40.0, 1992-07-18 00:00:00, 0.0
3.0, 19.7, 230.0, 73.0, 1992-07-19 00:00:00, 0.7
8.0, 28.3, 270.0, 38.0, 1992-07-20 00:00:00, 0.0
2.0, 13.2, 0.0, 80.0, 1992-07-21 00:00:00, 5.3
17.0, 21.5, 230.0, 50.0, 1992-07-22 00:00:00, 4.0
9.0, 25.7, 270.0, 39.0, 1992-07-23 00:00:00, 0.0
6.0, 20.4, 90.0, 51.0, 1992-07-24 00:00:00, 0.0
6.0, 15.1, 50.0, 95.0, 1992-07-25 00:00:00, 2.2
12.0, 24.9, 270.0, 28.0, 1992-07-26 00:00:00, 6.8
8.0, 19.9, 180.0, 43.0, 1992-07-27 00:00:00, 0.0
1.0, 19.9, 270.0, 59.0, 1992-07-28 00:00:00, 0.0
18.0, 22.2, 230.0, 41.0, 1992-07-29 00:00:00, 1.0
10.0, 21.7, 270.0, 40.0, 1992-07-30 00:00:00, 0.2
4.0, 22.7, 270.0, 44.0, 1992-07-31 00:00:00, 0.0
4.0, 26.1, 270.0, 37.0, 1992-08-01 00:00:00, 0.0
22.0, 24.3, 230.0, 35.0, 1992-08-02 00:00:00, 0.0
11.0, 24.7, 270.0, 37.0, 1992-08-03 00:00:00, 0.0
6.0, 25.9, 230.0, 38.0, 1992-08-04 00:00:00, 0.0
2.0, 27.3, 180.0, 34.0, 1992-08-05 00:00:00, 0.0
5.0, 19.4, 270.0, 52.0, 1992-08-06 00:00:00, 0.0
4.0, 12.9, 230.0, 99.0, 1992-08-07 00:00:00, 22.0
6.0, 11.1, 180.0, 97.0, 1992-08-08 00:00:00, 26.4
8.0, 16.6, 230.0, 73.0, 1992-08-09 00:00:00, 0.2
1.0, 21.1, 180.0, 58.0, 1992-08-10 00:00:00, 0.0
3.0, 24.0, 270.0, 46.0, 1992-08-11 00:00:00, 0.0
4.0, 18.4, 180.0, 62.0, 1992-08-12 00:00:00, 0.0
3.0, 21.7, 230.0, 45.0, 1992-08-13 00:00:00, 0.0
