station_observations
wind_speed, temperature, wind_direction, relative_humidity, time, precipitation
0.0, 19.9, 320.0, 89.0, 1990-07-12 00:00:00, 0.0
10.0, 19.0, 320.0, 84.0, 1990-07-13 00:00:00, 0.0
5.0, 22.0, 320.0, 80.0, 1990-07-14 00:00:00, 0.0
6.0, 21.7, 320.0, 81.0, 1990-07-15 00:00:00, 0.0
5.0, 15.8, 320.0, 80.0, 1990-07-16 00:00:00, 0.0
6.0, 16.9, 320.0, 89.0, 1990-07-17 00:00:00, 0.0
4.0, 18.9, 320.0, 83.0, 1990-07-18 00:00:00, 0.0
3.0, 20.8, 320.0, 69.0, 1990-07-19 00:00:00, 0.0
2.0, 26.6, 320.0, 51.0, 1990-07-20 00:00:00, 0.0
1.0, 26.9, 320.0, 48.0, 1990-07-21 00:00:00, 0.0
5.0, 14.9, 320.0, 99.0, 1990-07-22 00:00:00, 0.0
5.0, 15.2, 320.0, 97.0, 1990-07-23 00:00:00, 0.0
3.0, 14.3, 320.0, 99.0, 1990-07-24 00:00:00, 0.2
5.0, 15.5, 320.0, 96.0, 1990-07-25 00:00:00, 0.5
0.0, 15.1, 320.0, 98.0, 1990-07-26 00:00:00, 1.0
0.0, 0.0, 0.0, 0.0, 1992-06-07 00:00:00, 0.0
5.0, 8.9, 140.0, 95.0, 1992-06-08 00:00:00, 2.2
9.0, 9.1, 230.0, 97.0, 1992-06-09 00:00:00, 20.5
4.0, 10.0, 230.0, 96.0, 1992-06-10 00:00:00, 49.2
3.0, 13.8, 230.0, 89.0, 1992-06-11 00:00:00, 4.3
5.0, 10.2, 230.0, 96.0, 1992-06-12 00:00:00, 3.0
6.0, 10.1, 50.0, 94.0, 1992-06-13 00:00:00, 2.7
3.0, 10.4, 230.0, 98.0, 1992-06-14 00:00:00, 8.1
6.0, 15.0, 230.0, 88.0, 1992-06-15 00:00:00, 1.5
4.0, 11.3, 230.0, 97.0, 1992-06-16 00:00:00, 1.0
3.0, 14.9, 180.0, 87.0, 1992-06-17 00:00:00, 2.0
7.0, 19.5, 230.0, 72.0, 1992-06-18 00:00:00, 0.0
5.0, 16.0, 230.0, 83.0, 1992-06-19 00:00:00, 0.0
6.0, 17.7, 90.0, 78.0, 1992-06-20 00:00:00, 0.0
6.0, 25.0, 180.0, 59.0, 1992-06-21 00:00:00, 0.0
11.0, 28.4, 230.0, 50.0, 1992-06-22 00:00:00, 0.0
11.0, 26.9, 230.0, 51.0, 1992-06-23 00:00:00, 0.0
7.0, 26.0, 230.0, 43.0, 1992-06-24 00:00:00, 0.0
13.0, 16.7, 230.0, 82.0, 1992-06-25 00:00:00, 0.0
10.0, 17.0, 230.0, 77.0, 1992-06-26 00:00:00, 0.0
9.0, 22.1, 230.0, 68.0, 1992-06-27 00:00:00, 0.2
6.0, 17.9, 230.0, 82.0, 1992-06-28 00:00:00, 0.0
5.0, 13.3, 180.0, 96.0, 1992-06-29 00:00:00, 20.3
8.0, 15.3, 90.0, 86.0, 1992-06-30 00:00:00, 45.4
8.0, 12.9, 90.0, 94.0, 1992-07-01 00:00:00, 0.0
2.0, 12.7, 230.0, 95.0, 1992-07-02 00:00:00, 1.0
7.0, 12.5, 90.0, 94.0, 1992-07-03 00:00:00, 6.6
4.0, 16.3, 90.0, 86.0, 1992-07-04 00:00:00, 0.7
2.0, 11.7, 90.0, 93.0, 1992-07-05 00:00:00, 4.5
10.0, 12.9, 50.0, 86.0, 1992-07-06 00:00:00, 0.7
2.0, 12.9, 140.0, 94.0, 1992-07-07 00:00:00, 0.2
5.0, 13.6, 90.0, 91.0, 1992-07-08 00:00:00, 0.5
7.0, 18.7, 230.0, 79.0, 1992-07-09 00:00:00, 0.0
6.0, 14.4, 230.0, 95.0, 1992-07-10 00:00:00, 0.0
6.0, 19.0, 230.0, 86.0, 1992-07-11 00:00:00, 1.0
2.0, 13.1, 180.0, 96.0, 1992-07-12 00:00:00, 1.2
12.0, 11.4, 90.0, 90.0, 1992-07-13 00:00:00, 2.0
5.0, 13.6, 0.0, 84.0, 1992-07-14 00:00:00, 0.0
8.0, 20.2, 90.0, 68.0, 1992-07-15 00:00:00, 0.0
10.0, 25.1, 230.0, 51.0, 1992-07-16 00:00:00, 0.0
10.0, 27.5, 230.0, 49.0, 1992-07-17 00:00:00, 0.0
10.0, 24.6, 230.0, 50.0, 1992-07-18 00:00:00, 0.0
5.0, 15.8, 230.0, 95.0, 1992-07-19 00:00:00, 0.0
6.0, 14.4, 230.0, 94.0, 1992-07-20 00:00:00, 0.5
5.0, 12.8, 230.0, 96.0, 1992-07-21 00:00:00, 9.1
7.0, 15.7, 50.0, 89.0, 1992-07-22 00:00:00, 1.7
2.0, 12.1, 230.0, 96.0, 1992-07-23 00:00:00, 0.7
4.0, 12.5, 230.0, 96.0, 1992-07-24 00:00:00, 2.7
9.0, 17.0, 90.0, 77.0, 1992-07-25 00:00:00, 0.0
9.0, 16.9, 230.0, 87.0, 1992-07-26 00:00:00, 0.0
9.0, 22.1, 230.0, 68.0, 1992-07-27 00:00:00, 0.2
11.0, 21.5, 230.0, 73.0, 1992-07-28 00:00:00, 0.0
9.0, 24.5, 230.0, 58.0, 1992-07-29 00:00:00, 0.0
10.0, 27.8, 230.0, 53.0, 1992-07-30 00:00:00, 0.0
9.0, 14.3, 230.0, 93.0, 1992-07-31 00:00:00, 0.0
5.0, 12.4, 230.0, 96.0, 1992-08-01 00:00:00, 1.0
2.0, 13.7, 230.0, 92.0, 1992-08-02 00:00:00, 1.0
15.0, 19.6, 230.0, 78.0, 1992-08-03 00:00:00, 0.0
5.0, 11.8, 270.0, 96.0, 1992-08-04 00:00:00, 1.5
5.0, 13.1, 270.0, 92.0, 1992-08-05 00:00:00, 0.0
5.0, 13.2, 90.0, 95.0, 1992-08-06 00:00:00, 28.9
6.0, 13.1, 140.0, 87.0, 1992-08-07 00:00:00, 26.6
3.0, 10.5, 320.0, 94.0, 1992-08-08 00:00:00, 59.6
7.0, 14.8, 230.0, 89.0, 1992-08-09 00:00:00, 18.2
6.0, 23.7, 230.0, 63.0, 1992-08-10 00:00:00, 0.0
6.0, 26.9, 50.0, 50.0, 1992-08-11 00:00:00, 0.0
5.0, 29.6, 140.0, 37.0, 1992-08-12 00:00:00, 0.0
10.0, 23.0, 320.0, 68.0, 1992-08-13 00:00:00, 0.0
6.0, 18.3, 230.0, 86.0, 1992-08-14 00:00:00, 0.0
8.0, 21.2, 230.0, 74.0, 1992-08-15 00:00:00, 0.0
7.0, 23.1, 180.0, 63.0, 1992-08-16 00:00:00, 0.0
10.0, 24.6, 230.0, 60.0, 1992-08-17 00:00:00, 0.0
12.0, 20.2, 230.0, 78.0, 1992-08-18 00:00:00, 0.0
8.0, 19.9, 230.0, 80.0, 1992-08-19 00:00:00, 0.0
8.0, 10.8, 230.0, 96.0, 1992-08-20 00:00:00, 0.2
7.0, 12.4, 230.0, 94.0, 1992-08-21 00:00:00, 0.0
8.0, 17.1, 90.0, 76.0, 1992-08-22 00:00:00, 0.0
7.0, 14.2, 90.0, 86.0, 1992-08-23 00:00:00, 0.0
10.0, 19.3, 230.0, 65.0, 1992-08-24 00:00:00, 0.0
8.0, 21.0, 230.0, 55.0, 1992-08-25 00:00:00, 0.0
8.0, 21.7, 230.0, 68.0, 1992-08-26 00:00:00, 0.0
7.0, 17.5, 230.0, 84.0, 1992-08-27 00:00:00, 0.0
9.0, 17.2, 230.0, 75.0, 1992-08-28 00:00:00, 0.0
12.0, 16.9, 230.0, 78.0, 1992-08-29 00:00:00, 0.0
8.0, 13.1, 270.0, 96.0, 1992-08-30 00:00:00, 23.6
6.0, 15.8, 230.0, 93.0, 1992-08-31 00:00:00, 8.8
1.0, 12.9, 230.0, 96.0, 1992-09-01 00:00:00, 0.0
3.0, 14.3, 230.0, 95.0, 1992-09-02 00:00:00, 0.5
7.0, 12.5, 50.0, 95.0, 1992-09-03 00:00:00, 1.0
16.0, 12.0, 0.0, 78.0, 1992-09-04 00:00:00, 0.2
4.0, 10.9, 230.0, 85.0, 1992-09-05 00:00:00, 0.0
3.0, 10.6, 230.0, 86.0, 1992-09-06 00:00:00, 0.0
15.0, 8.1, 230.0, 96.0, 1992-09-07 00:00:00, 32.7
4.0, 13.4, 180.0, 90.0, 1992-09-08 00:00:00, 78.2
7.0, 17.2, 230.0, 79.0, 1992-09-09 00:00:00, 0.0
3.0, 9.6, 180.0, 94.0, 1993-05-04 00:00:00, 0.0
4.0, 9.6, 140.0, 99.0, 1993-05-05 00:00:00, 23.3
0.0, 9.4, 50.0, 82.0, 1993-05-06 00:00:00, 48.7
0.0, 7.2, 50.0, 99.0, 1993-05-07 00:00:00, 34.7
0.0, 9.6, 50.0, 88.0, 1993-05-08 00:00:00, 10.4
0.0, 10.1, 180.0, 74.0, 1993-05-09 00:00:00, 1.0
0.0, 11.2, 270.0, 99.0, 1993-05-10 00:00:00, 23.6
0.0, 15.6, 50.0, 81.0, 1993-05-11 00:00:00, 9.3
0.0, 20.1, 50.0, 61.0, 1993-05-12 00:00:00, 0.0
0.0, 11.6, 50.0, 99.0, 1993-05-13 00:00:00, 2.0
5.0, 11.9, 140.0, 99.0, 1993-05-14 00:00:00, 1.7
2.0, 12.8, 50.0, 88.0, 1993-05-15 00:00:00, 1.0
6.0, 14.6, 50.0, 69.0, 1993-05-16 00:00:00, 0.0
9.0, 22.3, 50.0, 52.0, 1993-05-17 00:00:00, 0.0
15.0, 18.9, 50.0, 67.0, 1993-05-18 00:00:00, 0.0
0.0, 15.7, 230.0, 99.0, 1993-05-19 00:00:00, 1.2
8.0, 13.4, 140.0, 97.0, 1993-05-20 00:00:00, 46.7
10.0, 10.7, 230.0, 99.0, 1993-05-21 00:00:00, 91.4
3.0, 12.2, 50.0, 96.0, 1993-05-22 00:00:00, 48.2
6.0, 22.7, 270.0, 38.0, 1993-05-23 00:00:00, 0.0
5.0, 28.3, 50.0, 27.0, 1993-05-24 00:00:00, 0.0
15.0, 19.6, 50.0, 73.0, 1993-05-25 00:00:00, 0.0
11.0, 17.9, 50.0, 72.0, 1993-05-26 00:00:00, 0.0
5.0, 20.6, 50.0, 72.0, 1993-05-27 00:00:00, 0.0
1.0, 15.1, 90.0, 87.0, 1993-05-28 00:00:00, 14.7
0.0, 14.3, 180.0, 93.0, 1993-05-29 00:00:00, 16.0
1.0, 17.8, 90.0, 87.0, 1993-05-30 00:00:00, 20.0
0.0, 13.8, 140.0, 99.0, 1993-05-31 00:00:00, 19.0
1.0, 14.0, 140.0, 98.0, 1993-06-01 00:00:00, 12.6
7.0, 16.5, 50.0, 78.0, 1993-06-02 00:00:00, 3.0
4.0, 18.2, 50.0, 65.0, 1993-06-03 00:00:00, 0.0
2.0, 13.8, 230.0, 99.0, 1993-06-04 00:00:00, 4.3
11.0, 22.1, 320.0, 61.0, 1993-06-05 00:00:00, 0.2
9.0, 14.7, 50.0, 87.0, 1993-06-06 00:00:00, 0.0
15.0, 16.4, 50.0, 63.0, 1993-06-07 00:00:00, 0.0
6.0, 13.4, 50.0, 69.0, 1993-06-08 00:00:00, 0.0
3.0, 11.6, 50.0, 99.0, 1993-06-09 00:00:00, 63.7
0.0, 11.5, 50.0, 96.0, 1993-06-10 00:00:00, 37.8
7.0, 15.2, 50.0, 68.0, 1993-06-11 00:00:00, 2.0
6.0, 14.4, 50.0, 72.0, 1993-06-12 00:00:00, 0.0
11.0, 16.4, 50.0, 71.0, 1993-06-13 00:00:00, 0.0
0.0, 12.9, 140.0, 99.0, 1993-06-14 00:00:00, 19.5
6.0, 16.2, 50.0, 82.0, 1993-06-15 00:00:00, 13.7
6.0, 17.4, 50.0, 82.0, 1993-06-16 00:00:00, 0.0
11.0, 19.4, 50.0, 77.0, 1993-06-17 00:00:00, 0.0
9.0, 19.4, 50.0, 71.0, 1993-06-18 00:00:00, 0.0
9.0, 17.8, 50.0, 61.0, 1993-06-19 00:00:00, 0.0
12.0, 17.4, 50.0, 67.0, 1993-06-20 00:00:00, 0.0
5.0, 14.1, 50.0, 59.0, 1993-06-21 00:00:00, 0.0
11.0, 11.7, 50.0, 84.0, 1993-06-22 00:00:00, 1.5
8.0, 16.9, 0.0, 57.0, 1993-06-23 00:00:00, 10.4
0.0, 12.8, 90.0, 99.0, 1993-06-24 00:00:00, 8.3
2.0, 19.1, 0.0, 81.0, 1993-06-25 00:00:00, 11.6
3.0, 13.8, 50.0, 99.0, 1993-06-26 00:00:00, 4.3
1.0, 13.0, 140.0, 94.0, 1993-06-27 00:00:00, 13.4
6.0, 17.2, 50.0, 73.0, 1993-06-28 00:00:00, 0.5
4.0, 13.9, 50.0, 75.0, 1993-06-29 00:00:00, 0.0
1.0, 13.7, 90.0, 99.0, 1993-06-30 00:00:00, 8.6
5.0, 15.0, 50.0, 88.0, 1993-07-01 00:00:00, 1.0
13.0, 18.7, 50.0, 70.0, 1993-07-02 00:00:00, 1.5
5.0, 17.6, 0.0, 72.0, 1993-07-03 00:00:00, 0.0
12.0, 17.7, 50.0, 75.0, 1993-07-04 00:00:00, 0.0
7.0, 15.7, 50.0, 82.0, 1993-07-05 00:00:00, 0.2
8.0, 16.8, 50.0, 77.0, 1993-07-06 00:00:00, 0.0
14.0, 19.8, 50.0, 67.0, 1993-07-07 00:00:00, 0.0
12.0, 17.9, 50.0, 76.0, 1993-07-08 00:00:00, 0.0
14.0, 17.7, 50.0, 75.0, 1993-07-09 00:00:00, 0.0
2.0, 13.4, 50.0, 97.0, 1993-07-10 00:00:00, 0.2
1.0, 15.1, 50.0, 82.0, 1993-07-11 00:00:00, 0.2
5.0, 14.1, 50.0, 90.0, 1993-07-12 00:00:00, 0.2
7.0, 19.1, 50.0, 74.0, 1993-07-13 00:00:00, 0.2
8.0, 15.1, 50.0, 92.0, 1993-07-14 00:00:00, 0.4
4.0, 13.0, 140.0, 99.0, 1993-07-15 00:00:00, 2.7
1.0, 15.2, 50.0, 92.0, 1993-07-16 00:00:00, 4.5
12.0, 17.6, 50.0, 81.0, 1993-07-17 00:00:00, 0.2
10.0, 19.1, 50.0, 76.0, 1993-07-18 00:00:00, 0.2
10.0, 19.4, 50.0, 80.0, 1993-07-19 00:00:00, 0.0
9.0, 14.2, 50.0, 94.0, 1993-07-20 00:00:00, 0.7
5.0, 14.5, 50.0, 83.0, 1993-07-21 00:00:00, 0.2
1.0, 13.9, 50.0, 99.0, 1993-07-22 00:00:00, 11.1
6.0, 17.2, 50.0, 83.0, 1993-07-23 00:00:00, 4.3
4.0, 16.1, 50.0, 91.0, 1993-07-24 00:00:00, 0.7
12.0, 19.7, 50.0, 74.0, 1993-07-25 00:00:00, 0.0
5.0, 16.0, 50.0, 93.0, 1993-07-26 00:00:00, 0.0
0.0, 14.5, 50.0, 99.0, 1993-07-27 00:00:00, 1.5
4.0, 14.4, 50.0, 93.0, 1993-07-28 00:00:00, 5.0
2.0, 11.9, 140.0, 99.0, 1993-07-29 00:00:00, 27.6
0.0, 13.6, 270.0, 99.0, 1993-07-30 00:00:00, 20.0
1.0, 18.8, 90.0, 94.0, 1993-07-31 00:00:00, 15.2
8.0, 24.6, 50.0, 64.0, 1993-08-01 00:00:00, 0.0
7.0, 28.0, 50.0, 56.0, 1993-08-02 00:00:00, 0.0
8.0, 31.8, 50.0, 42.0, 1993-08-03 00:00:00, 0.0
12.0, 31.7, 50.0, 33.0, 1993-08-04 00:00:00, 0.0
9.0, 19.0, 50.0, 88.0, 1993-08-05 00:00:00, 0.0
6.0, 14.9, 50.0, 99.0, 1993-08-06 00:00:00, 0.0
7.0, 15.8, 50.0, 95.0, 1993-08-07 00:00:00, 0.5
2.0, 15.3, 50.0, 91.0, 1993-08-08 00:00:00, 0.0
1.0, 14.4, 50.0, 99.0, 1993-08-09 00:00:00, 7.7
8.0, 17.5, 50.0, 88.0, 1993-08-10 00:00:00, 1.7
11.0, 19.2, 50.0, 81.0, 1993-08-11 00:00:00, 0.2
8.0, 16.4, 50.0, 92.0, 1993-08-12 00:00:00, 0.0
3.0, 14.1, 50.0, 93.0, 1993-08-13 00:00:00, 0.0
0.0, 15.2, 50.0, 96.0, 1993-08-14 00:00:00, 0.2
11.0, 20.2, 50.0, 77.0, 1993-08-15 00:00:00, 0.5
5.0, 14.5, 50.0, 96.0, 1993-08-16 00:00:00, 0.2
11.0, 20.3, 50.0, 73.0, 1993-08-17 00:00:00, 0.7
12.0, 21.5, 50.0, 72.0, 1993-08-18 00:00:00, 0.0
8.0, 26.3, 50.0, 55.0, 1993-08-19 00:00:00, 0.0
5.0, 15.6, 50.0, 97.0, 1993-08-20 00:00:00, 0.0
0.0, 13.7, 50.0, 99.0, 1993-08-21 00:00:00, 9.3
14.0, 13.0, 180.0, 99.0, 1993-08-22 00:00:00, 49.2
5.0, 14.2, 50.0, 82.0, 1993-08-23 00:00:00, 90.9
6.0, 15.7, 50.0, 71.0, 1993-08-24 00:00:00, 0.0
11.0, 17.1, 50.0, 70.0, 1993-08-25 00:00:00, 4.0
4.0, 17.6, 0.0, 68.0, 1993-08-26 00:00:00, 0.0
12.0, 18.8, 50.0, 72.0, 1993-08-27 00:00:00, 0.7
9.0, 19.7, 50.0, 69.0, 1993-08-28 00:00:00, 0.0
12.0, 22.2, 50.0, 52.0, 1993-08-29 00:00:00, 0.0
11.0, 24.8, 50.0, 44.0, 1993-08-30 00:00:00, 0.0
12.0, 23.5, 50.0, 38.0, 1993-08-31 00:00:00, 0.0
16.0, 20.1, 50.0, 70.0, 1993-09-01 00:00:00, 0.0
10.0, 24.0, 50.0, 62.0, 1993-09-02 00:00:00, 0.0
7.0, 16.6, 50.0, 92.0, 1993-09-03 00:00:00, 0.0
6.0, 15.4, 50.0, 94.0, 1993-09-04 00:00:00, 0.0
10.0, 17.9, 50.0, 85.0, 1993-09-05 00:00:00, 0.2
7.0, 24.7, 50.0, 59.0, 1993-09-06 00:00:00, 0.0
5.0, 24.9, 50.0, 56.0, 1993-09-07 00:00:00, 0.0
8.0, 24.9, 50.0, 58.0, 1993-09-08 00:00:00, 0.2
7.0, 23.4, 50.0, 60.0, 1993-09-09 00:00:00, 0.0
7.0, 17.1, 50.0, 89.0, 1993-09-10 00:00:00, 0.0
9.0, 17.7, 50.0, 77.0, 1993-09-11 00:00:00, 0.2
13.0, 17.8, 50.0, 62.0, 1993-09-12 00:00:00, 0.0
9.0, 19.3, 50.0, 51.0, 1993-09-13 00:00:00, 0.0
12.0, 16.8, 50.0, 69.0, 1993-09-14 00:00:00, 0.0
5.0, 13.9, 50.0, 90.0, 1993-09-15 00:00:00, 0.0
11.0, 20.8, 50.0, 83.0, 1993-09-16 00:00:00, 0.5
10.0, 16.0, 50.0, 77.0, 1993-09-17 00:00:00, 0.0
6.0, 13.7, 50.0, 75.0, 1993-09-18 00:00:00, 0.0
11.0, 14.1, 50.0, 78.0, 1993-09-19 00:00:00, 0.0
11.0, 16.0, 50.0, 73.0, 1993-09-20 00:00:00, 6.0
19.0, 16.0, 50.0, 68.0, 1993-09-21 00:00:00, 0.0
10.0, 17.7, 50.0, 61.0, 1993-09-22 00:00:00, 0.0
9.0, 18.8, 50.0, 57.0, 1993-09-23 00:00:00, 0.2
0.0, 12.3, 50.0, 94.0, 1993-09-24 00:00:00, 0.2
5.0, 14.7, 50.0, 89.0, 1993-09-25 00:00:00, 0.7
5.0, 22.0, 0.0, 55.0, 1993-09-26 00:00:00, 0.2
10.0, 21.9, 50.0, 55.0, 1993-09-27 00:00:00, 0.0
4.0, 20.7, 50.0, 62.0, 1993-09-28 00:00:00, 0.0
4.0, 18.5, 50.0, 77.0, 1993-09-29 00:00:00, 0.2
3.0, 14.7, 50.0, 92.0, 1993-09-30 00:00:00, 0.0
10.0, 19.4, 50.0, 64.0, 1993-10-01 00:00:00, 0.0
1.0, 22.2, 0.0, 59.0, 1993-10-02 00:00:00, 0.0
8.0, 20.0, 50.0, 68.0, 1993-10-03 00:00:00, 0.0
1.0, 12.1, 50.0, 96.0, 1993-10-04 00:00:00, 0.0
0.0, 12.4, 50.0, 99.0, 1993-10-05 00:00:00, 1.2
