station_observations
wind_speed, temperature, wind_direction, relative_humidity, time, precipitation
0.0, 0.0, 0.0, 0.0, 1989-03-26 00:00:00, 0.0
7.0, 8.4, 140.0, 91.0, 1989-03-27 00:00:00, 38.6
9.0, 5.0, 90.0, 93.0, 1989-03-28 00:00:00, 12.4
10.0, 7.8, 140.0, 88.0, 1989-03-29 00:00:00, 18.2
19.0, 4.9, 90.0, 94.0, 1989-03-30 00:00:00, 8.1
8.0, 5.0, 90.0, 90.0, 1989-03-31 00:00:00, 10.0
9.0, 6.8, 140.0, 97.0, 1989-04-01 00:00:00, 63.4
8.0, 7.3, 230.0, 87.0, 1989-04-02 00:00:00, 7.1
10.0, 7.5, 90.0, 93.0, 1989-04-03 00:00:00, 6.0
8.0, 8.4, 90.0, 87.0, 1989-04-04 00:00:00, 9.3
6.0, 9.4, 270.0, 89.0, 1989-04-05 00:00:00, 16.5
10.0, 9.7, 90.0, 98.0, 1989-04-06 00:00:00, 29.7
10.0, 9.9, 230.0, 84.0, 1989-04-07 00:00:00, 0.7
11.0, 12.6, 140.0, 60.0, 1989-04-08 00:00:00, 0.0
14.0, 17.9, 50.0, 26.0, 1989-04-09 00:00:00, 0.0
9.0, 16.4, 180.0, 41.0, 1989-04-10 00:00:00, 0.0
8.0, 11.8, 180.0, 80.0, 1989-04-11 00:00:00, 0.0
5.0, 14.8, 230.0, 66.0, 1989-04-12 00:00:00, 0.0
6.0, 16.8, 180.0, 50.0, 1989-04-13 00:00:00, 0.0
11.0, 11.7, 230.0, 85.0, 1989-04-14 00:00:00, 0.0
10.0, 11.0, 230.0, 66.0, 1989-04-15 00:00:00, 0.0
13.0, 10.8, 180.0, 64.0, 1989-04-16 00:00:00, 0.0
16.0, 14.4, 140.0, 54.0, 1989-04-17 00:00:00, 0.0
12.0, 13.4, 90.0, 75.0, 1989-04-18 00:00:00, 0.0
13.0, 10.7, 90.0, 96.0, 1989-04-19 00:00:00, 20.0
10.0, 10.4, 140.0, 86.0, 1989-04-20 00:00:00, 34.0
5.0, 8.5, 90.0, 93.0, 1989-04-21 00:00:00, 7.3
2.0, 7.5, 90.0, 91.0, 1989-04-22 00:00:00, 25.9
12.0, 13.4, 230.0, 76.0, 1989-04-23 00:00:00, 0.5
11.0, 15.6, 230.0, 52.0, 1989-04-24 00:00:00, 0.0
9.0, 19.6, 180.0, 37.0, 1989-04-25 00:00:00, 0.0
11.0, 13.2, 90.0, 78.0, 1989-04-26 00:00:00, 0.0
10.0, 12.7, 230.0, 73.0, 1989-04-27 00:00:00, 0.0
11.0, 16.1, 230.0, 65.0, 1989-04-28 00:00:00, 0.0
8.0, 18.7, 180.0, 53.0, 1989-04-29 00:00:00, 0.0
6.0, 20.7, 140.0, 40.0, 1989-04-30 00:00:00, 0.0
7.0, 13.4, 230.0, 88.0, 1989-05-01 00:00:00, 0.0
10.0, 12.8, 230.0, 86.0, 1989-05-02 00:00:00, 0.0
4.0, 14.5, 230.0, 83.0, 1989-05-03 00:00:00, 0.0
17.0, 19.0, 140.0, 67.0, 1989-05-04 00:00:00, 0.0
15.0, 18.5, 90.0, 68.0, 1989-05-05 00:00:00, 1.2
5.0, 15.6, 180.0, 91.0, 1989-05-06 00:00:00, 1.2
9.0, 13.3, 230.0, 91.0, 1989-05-07 00:00:00, 0.7
15.0, 14.7, 230.0, 75.0, 1989-05-08 00:00:00, 0.2
23.0, 12.9, 270.0, 67.0, 1989-05-09 00:00:00, 0.0
6.0, 7.1, 230.0, 89.0, 1989-05-10 00:00:00, 6.3
15.0, 12.1, 230.0, 71.0, 1989-05-11 00:00:00, 0.2
10.0, 13.3, 230.0, 60.0, 1989-05-12 00:00:00, 0.0
8.0, 14.7, 230.0, 64.0, 1989-05-13 00:00:00, 0.0
9.0, 17.6, 230.0, 57.0, 1989-05-14 00:00:00, 0.0
12.0, 14.0, 230.0, 80.0, 1989-05-15 00:00:00, 0.0
25.0, 13.7, 270.0, 66.0, 1989-05-16 00:00:00, 0.0
5.0, 8.7, 320.0, 92.0, 1989-05-17 00:00:00, 8.6
18.0, 11.9, 270.0, 74.0, 1989-05-18 00:00:00, 3.5
15.0, 11.8, 230.0, 67.0, 1989-05-19 00:00:00, 0.0
17.0, 12.2, 270.0, 60.0, 1989-05-20 00:00:00, 0.0
14.0, 12.0, 140.0, 63.0, 1989-05-21 00:00:00, 0.0
11.0, 13.7, 320.0, 56.0, 1989-05-22 00:00:00, 0.0
12.0, 11.5, 140.0, 83.0, 1989-05-23 00:00:00, 11.4
12.0, 13.7, 270.0, 64.0, 1989-05-24 00:00:00, 0.0
8.0, 12.6, 180.0, 85.0, 1989-05-25 00:00:00, 5.0
8.0, 10.7, 270.0, 87.0, 1989-05-26 00:00:00, 58.1
2.0, 11.3, 180.0, 78.0, 1989-05-27 00:00:00, 0.0
13.0, 14.5, 180.0, 80.0, 1989-05-28 00:00:00, 0.0
3.0, 13.9, 230.0, 78.0, 1989-05-29 00:00:00, 0.0
11.0, 15.0, 270.0, 79.0, 1989-05-30 00:00:00, 0.0
11.0, 16.3, 270.0, 79.0, 1989-05-31 00:00:00, 0.0
4.0, 19.4, 230.0, 75.0, 1989-06-01 00:00:00, 0.0
8.0, 20.1, 230.0, 71.0, 1989-06-02 00:00:00, 0.0
10.0, 28.0, 230.0, 33.0, 1989-06-03 00:00:00, 0.0
9.0, 26.5, 230.0, 30.0, 1989-06-04 00:00:00, 0.0
8.0, 19.4, 230.0, 73.0, 1989-06-05 00:00:00, 0.0
13.0, 16.6, 140.0, 73.0, 1989-06-06 00:00:00, 0.0
8.0, 13.2, 140.0, 73.0, 1989-06-07 00:00:00, 0.0
4.0, 13.1, 180.0, 91.0, 1989-06-08 00:00:00, 0.0
5.0, 13.1, 180.0, 83.0, 1989-06-09 00:00:00, 0.0
6.0, 13.2, 140.0, 88.0, 1989-06-10 00:00:00, 0.0
13.0, 15.6, 230.0, 82.0, 1989-06-11 00:00:00, 0.0
12.0, 14.6, 140.0, 77.0, 1989-06-12 00:00:00, 0.0
24.0, 12.9, 90.0, 93.0, 1989-06-13 00:00:00, 13.9
12.0, 18.3, 90.0, 77.0, 1989-07-22 00:00:00, 0.0
14.0, 18.2, 230.0, 79.0, 1989-07-23 00:00:00, 0.0
9.0, 18.8, 230.0, 80.0, 1989-07-24 00:00:00, 0.0
10.0, 17.7, 230.0, 84.0, 1989-07-25 00:00:00, 0.0
9.0, 15.6, 180.0, 91.0, 1989-07-26 00:00:00, 0.0
8.0, 17.6, 230.0, 63.0, 1989-07-27 00:00:00, 0.2
12.0, 17.7, 180.0, 69.0, 1989-07-28 00:00:00, 0.0
8.0, 16.1, 230.0, 89.0, 1989-07-29 00:00:00, 0.0
0.0, 15.4, 0.0, 93.0, 1989-07-30 00:00:00, 0.0
13.0, 17.3, 270.0, 87.0, 1989-07-31 00:00:00, 0.0
9.0, 16.2, 140.0, 88.0, 1989-08-01 00:00:00, 30.4
11.0, 16.1, 230.0, 90.0, 1989-08-02 00:00:00, 0.0
10.0, 17.2, 270.0, 87.0, 1989-08-03 00:00:00, 0.0
9.0, 18.3, 230.0, 86.0, 1989-08-04 00:00:00, 0.2
11.0, 18.8, 230.0, 80.0, 1989-08-05 00:00:00, 0.0
14.0, 21.3, 230.0, 64.0, 1989-08-06 00:00:00, 0.0
12.0, 20.0, 230.0, 73.0, 1989-08-07 00:00:00, 0.0
8.0, 18.7, 230.0, 77.0, 1989-08-08 00:00:00, 0.0
8.0, 16.3, 180.0, 82.0, 1989-08-09 00:00:00, 0.0
4.0, 16.5, 230.0, 75.0, 1989-08-10 00:00:00, 0.0
12.0, 16.8, 140.0, 73.0, 1989-08-11 00:00:00, 0.5
12.0, 20.8, 140.0, 60.0, 1989-08-12 00:00:00, 0.0
6.0, 15.8, 140.0, 94.0, 1989-08-13 00:00:00, 14.2
9.0, 17.6, 180.0, 86.0, 1989-08-14 00:00:00, 6.3
8.0, 16.4, 230.0, 86.0, 1989-08-15 00:00:00, 0.0
7.0, 16.3, 180.0, 87.0, 1989-08-16 00:00:00, 0.0
7.0, 18.1, 230.0, 84.0, 1989-08-17 00:00:00, 0.0
5.0, 16.8, 230.0, 87.0, 1989-08-18 00:00:00, 0.0
0.0, 15.3, 0.0, 90.0, 1989-08-19 00:00:00, 0.0
7.0, 14.6, 140.0, 92.0, 1989-08-20 00:00:00, 0.5
5.0, 15.1, 180.0, 93.0, 1989-08-21 00:00:00, 20.8
6.0, 15.6, 140.0, 88.0, 1989-08-22 00:00:00, 1.2
11.0, 14.0, 180.0, 87.0, 1989-08-23 00:00:00, 0.4
11.0, 14.0, 270.0, 87.0, 1989-08-24 00:00:00, 0.0
9.0, 15.0, 230.0, 87.0, 1989-08-25 00:00:00, 0.0
3.0, 15.0, 230.0, 87.0, 1989-08-26 00:00:00, 0.2
3.0, 13.0, 180.0, 99.0, 1989-08-27 00:00:00, 0.4
5.0, 1.0, 180.0, 82.0, 1989-08-28 00:00:00, 0.2
10.0, 17.0, 270.0, 84.0, 1989-08-29 00:00:00, 0.0
21.0, 17.2, 140.0, 82.0, 1989-08-30 00:00:00, 0.0
9.0, 14.1, 90.0, 91.0, 1989-08-31 00:00:00, 0.0
7.0, 16.2, 180.0, 82.0, 1989-09-01 00:00:00, 0.0
11.0, 16.9, 230.0, 77.0, 1989-09-02 00:00:00, 0.0
7.0, 17.3, 230.0, 82.0, 1989-09-03 00:00:00, 0.0
3.0, 15.7, 230.0, 92.0, 1989-09-04 00:00:00, 2.5
9.0, 16.4, 230.0, 83.0, 1989-09-05 00:00:00, 0.0
11.0, 20.8, 230.0, 56.0, 1989-09-06 00:00:00, 0.0
8.0, 22.6, 230.0, 60.0, 1989-09-07 00:00:00, 0.0
7.0, 26.3, 230.0, 50.0, 1989-09-08 00:00:00, 0.0
13.0, 26.8, 230.0, 28.0, 1989-09-09 00:00:00, 0.0
8.0, 23.3, 230.0, 39.0, 1989-09-10 00:00:00, 0.0
9.0, 24.9, 180.0, 26.0, 1989-09-11 00:00:00, 0.0
8.0, 23.4, 180.0, 48.0, 1989-09-12 00:00:00, 0.0
8.0, 24.4, 180.0, 46.0, 1989-09-13 00:00:00, 0.0
