station_observations
wind_speed, temperature, wind_direction, relative_humidity, time, precipitation
11.0, 15.6, 140.0, 47.0, 1989-04-10 00:00:00, 0.0
11.0, 15.6, 140.0, 47.0, 1989-04-11 00:00:00, 0.0
11.0, 15.6, 140.0, 56.0, 1989-04-12 00:00:00, 0.0
12.0, 18.1, 140.0, 49.0, 1989-04-13 00:00:00, 0.0
9.0, 14.3, 140.0, 69.0, 1989-04-14 00:00:00, 0.0
12.0, 11.5, 140.0, 64.0, 1989-04-15 00:00:00, 0.0
12.0, 11.4, 140.0, 68.0, 1989-04-16 00:00:00, 0.0
9.0, 15.5, 140.0, 50.0, 1989-04-17 00:00:00, 0.0
22.0, 12.7, 140.0, 70.0, 1989-04-18 00:00:00, 0.0
18.0, 9.7, 180.0, 99.0, 1989-04-19 00:00:00, 19.3
16.0, 8.5, 140.0, 90.0, 1989-04-20 00:00:00, 42.7
0.0, 5.5, 0.0, 98.0, 1989-04-21 00:00:00, 11.4
5.0, 5.0, 140.0, 97.0, 1989-04-22 00:00:00, 36.3
9.0, 13.3, 140.0, 74.0, 1989-04-23 00:00:00, 1.0
8.0, 17.0, 140.0, 55.0, 1989-04-24 00:00:00, 0.0
3.0, 21.3, 320.0, 23.0, 1989-04-25 00:00:00, 0.0
18.0, 12.0, 140.0, 71.0, 1989-04-26 00:00:00, 0.0
7.0, 11.1, 180.0, 74.0, 1989-04-27 00:00:00, 0.0
10.0, 17.5, 140.0, 57.0, 1989-04-28 00:00:00, 0.0
8.0, 23.3, 180.0, 26.0, 1989-04-29 00:00:00, 0.0
6.0, 21.0, 140.0, 42.0, 1989-04-30 00:00:00, 0.0
10.0, 12.3, 180.0, 84.0, 1989-05-01 00:00:00, 0.0
7.0, 11.7, 140.0, 86.0, 1989-05-02 00:00:00, 0.0
10.0, 12.9, 140.0, 86.0, 1989-05-03 00:00:00, 0.0
13.0, 18.5, 140.0, 64.0, 1989-05-04 00:00:00, 0.0
0.0, 13.5, 0.0, 99.0, 1989-05-05 00:00:00, 13.0
10.0, 16.8, 180.0, 90.0, 1989-05-06 00:00:00, 4.3
11.0, 14.2, 140.0, 87.0, 1989-05-07 00:00:00, 0.5
9.0, 14.0, 140.0, 79.0, 1989-05-08 00:00:00, 0.5
8.0, 11.9, 180.0, 72.0, 1989-05-09 00:00:00, 0.0
0.0, 5.9, 0.0, 97.0, 1989-05-10 00:00:00, 8.4
1.0, 9.4, 180.0, 84.0, 1989-05-11 00:00:00, 3.8
15.0, 12.7, 140.0, 63.0, 1989-05-12 00:00:00, 1.8
14.0, 15.7, 180.0, 61.0, 1989-05-13 00:00:00, 0.0
9.0, 17.8, 140.0, 53.0, 1989-05-14 00:00:00, 0.0
13.0, 15.3, 140.0, 73.0, 1989-05-15 00:00:00, 0.0
22.0, 14.2, 140.0, 69.0, 1989-05-16 00:00:00, 0.0
2.0, 6.4, 180.0, 98.0, 1989-05-17 00:00:00, 11.4
4.0, 10.7, 180.0, 71.0, 1989-05-18 00:00:00, 0.5
17.0, 10.2, 180.0, 67.0, 1989-05-19 00:00:00, 0.0
16.0, 12.5, 140.0, 63.0, 1989-05-20 00:00:00, 0.0
18.0, 12.5, 140.0, 59.0, 1989-05-21 00:00:00, 0.0
1.0, 10.8, 90.0, 68.0, 1989-05-22 00:00:00, 0.0
14.0, 10.2, 140.0, 79.0, 1989-05-23 00:00:00, 9.7
15.0, 12.0, 140.0, 70.0, 1989-05-24 00:00:00, 2.3
5.0, 9.3, 140.0, 93.0, 1989-05-25 00:00:00, 4.6
5.0, 9.0, 140.0, 98.0, 1989-05-26 00:00:00, 67.1
7.0, 11.3, 140.0, 81.0, 1989-05-27 00:00:00, 1.8
13.0, 15.3, 140.0, 77.0, 1989-05-28 00:00:00, 0.0
9.0, 12.6, 140.0, 84.0, 1989-05-29 00:00:00, 0.0
10.0, 13.0, 140.0, 87.0, 1989-05-30 00:00:00, 0.0
9.0, 15.0, 140.0, 88.0, 1989-05-31 00:00:00, 0.0
12.0, 20.0, 140.0, 73.0, 1989-06-01 00:00:00, 0.0
11.0, 22.1, 180.0, 62.0, 1989-06-02 00:00:00, 0.0
7.0, 28.2, 180.0, 35.0, 1989-06-03 00:00:00, 0.0
10.0, 27.1, 140.0, 32.0, 1989-06-04 00:00:00, 0.0
11.0, 22.1, 180.0, 60.0, 1989-06-05 00:00:00, 0.0
3.0, 12.8, 140.0, 92.0, 1989-06-06 00:00:00, 0.0
11.0, 14.0, 140.0, 91.0, 1989-06-07 00:00:00, 0.0
10.0, 12.7, 140.0, 96.0, 1989-06-08 00:00:00, 0.8
9.0, 12.5, 140.0, 90.0, 1989-06-09 00:00:00, 0.0
69.0, 12.2, 140.0, 97.0, 1989-06-10 00:00:00, 0.0
11.0, 19.2, 140.0, 69.0, 1989-06-11 00:00:00, 0.0
11.0, 15.4, 140.0, 81.0, 1989-06-12 00:00:00, 0.0
1.0, 11.5, 320.0, 99.0, 1989-06-13 00:00:00, 14.2
7.0, 13.4, 140.0, 73.0, 1989-06-14 00:00:00, 58.4
9.0, 12.7, 140.0, 84.0, 1989-06-15 00:00:00, 0.0
13.0, 11.3, 140.0, 65.0, 1989-06-16 00:00:00, 3.6
15.0, 9.7, 140.0, 99.0, 1989-06-17 00:00:00, 25.4
2.0, 9.1, 270.0, 99.0, 1989-06-18 00:00:00, 8.6
9.0, 9.0, 140.0, 97.0, 1989-06-19 00:00:00, 37.6
14.0, 14.1, 140.0, 83.0, 1989-06-20 00:00:00, 0.5
0.0, 11.7, 0.0, 87.0, 1989-06-21 00:00:00, 0.3
9.0, 18.6, 140.0, 74.0, 1989-06-22 00:00:00, 0.3
7.0, 25.7, 140.0, 44.0, 1989-06-23 00:00:00, 0.0
8.0, 27.4, 140.0, 34.0, 1989-06-24 00:00:00, 0.0
12.0, 16.9, 140.0, 84.0, 1989-06-25 00:00:00, 0.0
13.0, 15.3, 140.0, 56.0, 1989-06-26 00:00:00, 0.5
4.0, 9.5, 140.0, 99.0, 1989-06-27 00:00:00, 13.0
0.0, 10.5, 0.0, 99.0, 1989-06-28 00:00:00, 7.9
7.0, 12.5, 140.0, 96.0, 1989-06-29 00:00:00, 6.3
4.0, 10.7, 270.0, 99.0, 1989-06-30 00:00:00, 45.5
12.0, 10.4, 180.0, 99.0, 1989-07-01 00:00:00, 43.7
8.0, 12.3, 180.0, 96.0, 1989-07-02 00:00:00, 29.0
8.0, 10.7, 140.0, 99.0, 1989-07-03 00:00:00, 30.7
1.0, 11.6, 0.0, 99.0, 1989-07-04 00:00:00, 1.8
2.0, 14.4, 140.0, 86.0, 1989-07-05 00:00:00, 5.6
12.0, 18.2, 140.0, 73.0, 1989-07-06 00:00:00, 0.0
2.0, 13.8, 140.0, 91.0, 1989-07-07 00:00:00, 0.0
8.0, 13.7, 140.0, 83.0, 1989-07-08 00:00:00, 0.0
15.0, 18.7, 180.0, 74.0, 1989-07-09 00:00:00, 0.0
8.0, 12.6, 140.0, 96.0, 1989-07-10 00:00:00, 0.3
5.0, 15.7, 180.0, 89.0, 1989-07-11 00:00:00, 0.0
10.0, 18.5, 140.0, 84.0, 1989-07-12 00:00:00, 0.0
11.0, 19.0, 140.0, 70.0, 1989-07-13 00:00:00, 1.5
12.0, 18.4, 140.0, 76.0, 1989-07-14 00:00:00, 0.0
12.0, 15.7, 140.0, 80.0, 1989-07-15 00:00:00, 0.0
2.0, 13.8, 90.0, 98.0, 1989-07-16 00:00:00, 25.4
1.0, 12.8, 230.0, 98.0, 1989-07-17 00:00:00, 9.9
7.0, 13.0, 140.0, 99.0, 1989-07-18 00:00:00, 5.3
11.0, 14.0, 140.0, 95.0, 1989-07-19 00:00:00, 1.8
0.0, 13.7, 0.0, 92.0, 1989-07-20 00:00:00, 0.3
9.0, 14.6, 180.0, 93.0, 1989-07-21 00:00:00, 10.4
13.0, 19.2, 140.0, 71.0, 1989-07-22 00:00:00, 0.3
12.0, 16.1, 180.0, 88.0, 1989-07-23 00:00:00, 0.3
12.0, 19.5, 140.0, 76.0, 1989-07-24 00:00:00, 0.0
10.0, 19.1, 140.0, 83.0, 1989-07-25 00:00:00, 0.0
10.0, 14.3, 140.0, 87.0, 1989-07-26 00:00:00, 0.0
4.0, 14.9, 140.0, 72.0, 1989-07-27 00:00:00, 0.0
18.0, 18.1, 140.0, 68.0, 1989-07-28 00:00:00, 0.0
12.0, 17.5, 140.0, 84.0, 1989-07-29 00:00:00, 0.0
9.0, 14.0, 140.0, 97.0, 1989-07-30 00:00:00, 0.0
4.0, 15.1, 140.0, 94.0, 1989-07-31 00:00:00, 0.0
5.0, 13.9, 140.0, 96.0, 1989-08-01 00:00:00, 25.7
6.0, 14.7, 180.0, 95.0, 1989-08-02 00:00:00, 1.0
10.0, 16.8, 140.0, 89.0, 1989-08-03 00:00:00, 1.0
7.0, 17.1, 180.0, 92.0, 1989-08-04 00:00:00, 0.0
12.0, 18.6, 140.0, 85.0, 1989-08-05 00:00:00, 0.0
9.0, 20.8, 140.0, 73.0, 1989-08-06 00:00:00, 0.0
10.0, 21.4, 140.0, 68.0, 1989-08-07 00:00:00, 0.0
12.0, 20.8, 140.0, 74.0, 1989-08-08 00:00:00, 0.0
10.0, 13.8, 140.0, 94.0, 1989-08-09 00:00:00, 0.0
13.0, 15.7, 140.0, 80.0, 1989-08-10 00:00:00, 0.0
8.0, 15.9, 140.0, 75.0, 1989-08-11 00:00:00, 1.0
14.0, 20.7, 140.0, 57.0, 1989-08-12 00:00:00, 0.0
11.0, 15.4, 140.0, 99.0, 1989-08-13 00:00:00, 26.9
0.0, 13.9, 0.0, 96.0, 1989-08-14 00:00:00, 4.8
7.0, 16.4, 140.0, 82.0, 1989-08-15 00:00:00, 1.8
8.0, 16.2, 180.0, 87.0, 1989-08-16 00:00:00, 0.0
11.0, 19.2, 140.0, 83.0, 1989-08-17 00:00:00, 0.0
11.0, 14.7, 140.0, 99.0, 1989-08-18 00:00:00, 0.0
1.0, 13.5, 140.0, 99.0, 1989-08-19 00:00:00, 0.0
5.0, 12.3, 140.0, 99.0, 1989-08-20 00:00:00, 1.0
10.0, 13.9, 140.0, 99.0, 1989-08-21 00:00:00, 32.3
34.0, 14.0, 140.0, 94.0, 1989-08-22 00:00:00, 0.3
9.0, 16.1, 180.0, 87.0, 1989-08-23 00:00:00, 0.0
5.0, 13.6, 140.0, 95.0, 1989-08-24 00:00:00, 0.0
7.0, 17.6, 140.0, 87.0, 1989-08-25 00:00:00, 0.0
9.0, 19.6, 180.0, 80.0, 1989-08-26 00:00:00, 0.0
4.0, 13.0, 140.0, 10.0, 1989-08-27 00:00:00, 0.3
7.0, 12.9, 140.0, 98.0, 1989-08-28 00:00:00, 1.3
7.0, 18.3, 180.0, 83.0, 1989-08-29 00:00:00, 0.3
4.0, 14.5, 180.0, 98.0, 1989-08-30 00:00:00, 0.0
13.0, 12.6, 180.0, 95.0, 1989-08-31 00:00:00, 0.8
5.0, 14.0, 140.0, 94.0, 1989-09-01 00:00:00, 0.0
11.0, 16.4, 140.0, 76.0, 1989-09-02 00:00:00, 0.0
9.0, 16.3, 140.0, 84.0, 1989-09-03 00:00:00, 0.0
13.0, 17.4, 140.0, 89.0, 1989-09-04 00:00:00, 0.0
14.0, 17.9, 140.0, 75.0, 1989-09-05 00:00:00, 0.0
9.0, 21.5, 140.0, 56.0, 1989-09-06 00:00:00, 0.0
5.0, 22.7, 180.0, 54.0, 1989-09-07 00:00:00, 0.0
7.0, 28.2, 230.0, 30.0, 1989-09-08 00:00:00, 0.0
9.0, 26.9, 270.0, 17.0, 1989-09-09 00:00:00, 0.0
0.0, 24.3, 0.0, 33.0, 1989-09-10 00:00:00, 0.0
9.0, 23.9, 140.0, 36.0, 1989-09-11 00:00:00, 0.0
7.0, 23.6, 140.0, 48.0, 1989-09-12 00:00:00, 0.0
8.0, 24.1, 140.0, 46.0, 1989-09-13 00:00:00, 0.0
8.0, 23.0, 140.0, 56.0, 1989-09-14 00:00:00, 0.0
1.0, 11.8, 180.0, 99.0, 1989-09-15 00:00:00, 0.0
6.0, 12.1, 180.0, 96.0, 1989-09-16 00:00:00, 3.6
9.0, 14.2, 140.0, 78.0, 1989-09-17 00:00:00, 0.0
15.0, 15.3, 140.0, 79.0, 1989-09-18 00:00:00, 0.0
8.0, 15.1, 140.0, 80.0, 1989-09-19 00:00:00, 0.0
9.0, 18.7, 140.0, 70.0, 1989-09-20 00:00:00, 0.0
6.0, 22.6, 140.0, 40.0, 1989-09-21 00:00:00, 0.0
8.0, 23.6, 180.0, 35.0, 1989-09-22 00:00:00, 0.0
4.0, 22.5, 140.0, 39.0, 1989-09-23 00:00:00, 0.0
6.0, 23.3, 140.0, 41.0, 1989-09-24 00:00:00, 0.0
11.0, 12.2, 140.0, 96.0, 1989-09-25 00:00:00, 0.0
0.0, 14.4, 0.0, 98.0, 1989-09-26 00:00:00, 5.3
6.0, 17.6, 140.0, 85.0, 1989-09-27 00:00:00, 0.0
2.0, 20.4, 180.0, 69.0, 1989-09-28 00:00:00, 0.0
6.0, 21.1, 140.0, 44.0, 1989-09-29 00:00:00, 0.0
12.0, 14.9, 180.0, 82.0, 1989-09-30 00:00:00, 0.0
9.0, 15.5, 180.0, 80.0, 1989-10-01 00:00:00, 0.0
7.0, 17.6, 140.0, 53.0, 1989-10-02 00:00:00, 0.0
5.0, 15.4, 140.0, 76.0, 1989-10-03 00:00:00, 0.0
0.0, 11.7, 0.0, 99.0, 1989-10-04 00:00:00, 15.2
8.0, 11.6, 140.0, 99.0, 1989-10-05 00:00:00, 7.8
2.0, 14.6, 180.0, 98.0, 1989-10-06 00:00:00, 0.3
4.0, 12.4, 180.0, 99.0, 1989-10-07 00:00:00, 4.3
11.0, 17.2, 140.0, 83.0, 1989-10-08 00:00:00, 1.0
0.0, 12.7, 0.0, 93.0, 1989-10-09 00:00:00, 0.0
11.0, 11.5, 180.0, 86.0, 1989-10-10 00:00:00, 12.4
11.0, 10.8, 140.0, 99.0, 1989-10-11 00:00:00, 54.1
6.0, 12.4, 140.0, 90.0, 1989-10-12 00:00:00, 4.8
4.0, 10.6, 140.0, 96.0, 1989-10-13 00:00:00, 24.9
4.0, 11.2, 180.0, 78.0, 1989-10-14 00:00:00, 0.3
1.0, 9.2, 180.0, 83.0, 1989-10-15 00:00:00, 0.3
5.0, 13.1, 140.0, 59.0, 1989-10-16 00:00:00, 0.0
10.0, 14.4, 140.0, 54.0, 1990-04-04 00:00:00, 0.0
9.0, 14.5, 140.0, 60.0, 1990-04-05 00:00:00, 0.0
6.0, 7.2, 140.0, 99.0, 1990-04-06 00:00:00, 0.0
6.0, 6.4, 140.0, 99.0, 1990-04-07 00:00:00, 0.0
14.0, 8.7, 140.0, 81.0, 1990-04-08 00:00:00, 0.3
11.0, 9.5, 140.0, 65.0, 1990-04-09 00:00:00, 0.0
9.0, 18.0, 180.0, 38.0, 1990-04-10 00:00:00, 1.0
11.0, 9.4, 140.0, 99.0, 1990-04-11 00:00:00, 13.0
12.0, 9.4, 140.0, 84.0, 1990-04-12 00:00:00, 8.9
0.0, 8.5, 0.0, 99.0, 1990-04-13 00:00:00, 11.7
9.0, 14.8, 180.0, 73.0, 1990-04-14 00:00:00, 0.0
4.0, 16.4, 140.0, 71.0, 1990-04-15 00:00:00, 0.0
8.0, 18.5, 140.0, 62.0, 1990-04-16 00:00:00, 0.0
13.0, 9.4, 140.0, 94.0, 1990-04-17 00:00:00, 28.2
12.0, 7.8, 180.0, 89.0, 1990-04-18 00:00:00, 0.3
3.0, 9.3, 0.0, 99.0, 1990-04-19 00:00:00, 17.5
13.0, 11.8, 180.0, 80.0, 1990-04-20 00:00:00, 8.6
10.0, 7.4, 180.0, 90.0, 1990-04-21 00:00:00, 0.5
0.0, 9.4, 0.0, 99.0, 1990-04-22 00:00:00, 34.5
0.0, 9.8, 0.0, 99.0, 1990-04-23 00:00:00, 0.5
13.0, 9.2, 140.0, 73.0, 1990-04-24 00:00:00, 1.0
4.0, 6.8, 180.0, 99.0, 1990-04-25 00:00:00, 33.3
9.0, 5.5, 140.0, 93.0, 1990-04-26 00:00:00, 10.9
7.0, 5.5, 320.0, 91.0, 1990-04-27 00:00:00, 14.7
11.0, 11.6, 180.0, 80.0, 1990-04-28 00:00:00, 9.1
10.0, 13.1, 140.0, 74.0, 1990-04-29 00:00:00, 3.0
13.0, 14.1, 140.0, 72.0, 1990-04-30 00:00:00, 0.0
8.0, 8.9, 140.0, 99.0, 1990-05-01 00:00:00, 0.5
11.0, 12.9, 180.0, 93.0, 1990-05-02 00:00:00, 6.6
7.0, 11.0, 140.0, 96.0, 1990-05-03 00:00:00, 0.8
7.0, 18.5, 180.0, 74.0, 1990-05-04 00:00:00, 0.0
31.0, 10.5, 140.0, 86.0, 1990-05-05 00:00:00, 0.3
5.0, 7.9, 180.0, 87.0, 1990-05-06 00:00:00, 19.6
10.0, 12.0, 180.0, 63.0, 1990-05-07 00:00:00, 0.0
14.0, 13.5, 140.0, 72.0, 1990-05-08 00:00:00, 0.0
17.0, 15.1, 140.0, 71.0, 1990-05-09 00:00:00, 0.0
8.0, 10.7, 180.0, 92.0, 1990-05-10 00:00:00, 0.0
9.0, 9.9, 140.0, 92.0, 1990-05-11 00:00:00, 0.0
12.0, 10.8, 140.0, 87.0, 1990-05-12 00:00:00, 0.3
12.0, 11.2, 140.0, 88.0, 1990-05-13 00:00:00, 6.6
12.0, 11.6, 140.0, 84.0, 1990-05-14 00:00:00, 0.8
6.0, 9.5, 140.0, 92.0, 1990-05-15 00:00:00, 0.0
11.0, 11.6, 140.0, 83.0, 1990-05-16 00:00:00, 0.0
9.0, 10.0, 140.0, 92.0, 1990-05-17 00:00:00, 0.0
5.0, 10.5, 140.0, 88.0, 1990-05-18 00:00:00, 0.3
18.0, 10.1, 180.0, 69.0, 1990-05-19 00:00:00, 0.0
11.0, 7.4, 180.0, 99.0, 1990-05-20 00:00:00, 17.8
6.0, 12.1, 320.0, 83.0, 1990-05-21 00:00:00, 10.2
12.0, 10.8, 140.0, 86.0, 1990-05-22 00:00:00, 19.8
17.0, 13.5, 140.0, 68.0, 1990-05-23 00:00:00, 0.0
8.0, 9.8, 140.0, 87.0, 1990-05-24 00:00:00, 0.0
13.0, 11.9, 140.0, 68.0, 1990-05-25 00:00:00, 0.0
3.0, 11.6, 270.0, 83.0, 1990-05-26 00:00:00, 0.3
4.0, 12.2, 270.0, 99.0, 1990-05-27 00:00:00, 20.1
8.0, 16.3, 140.0, 86.0, 1990-05-28 00:00:00, 4.3
4.0, 10.4, 270.0, 99.0, 1990-05-29 00:00:00, 3.0
9.0, 13.9, 140.0, 76.0, 1990-05-30 00:00:00, 8.1
10.0, 10.0, 140.0, 99.0, 1990-05-31 00:00:00, 5.6
1.0, 9.3, 140.0, 99.0, 1990-06-01 00:00:00, 6.1
4.0, 10.8, 270.0, 99.0, 1990-06-02 00:00:00, 7.6
4.0, 9.8, 180.0, 99.0, 1990-06-03 00:00:00, 52.1
3.0, 8.4, 180.0, 99.0, 1990-06-04 00:00:00, 20.8
7.0, 14.8, 180.0, 62.0, 1990-06-05 00:00:00, 7.6
15.0, 10.2, 140.0, 99.0, 1990-06-06 00:00:00, 11.2
18.0, 9.4, 140.0, 99.0, 1990-06-07 00:00:00, 52.1
0.0, 10.4, 0.0, 99.0, 1990-06-08 00:00:00, 13.0
7.0, 12.4, 180.0, 79.0, 1990-06-09 00:00:00, 3.3
5.0, 7.6, 0.0, 99.0, 1990-06-10 00:00:00, 38.8
5.0, 11.3, 180.0, 81.0, 1990-06-11 00:00:00, 36.8
18.0, 15.5, 140.0, 69.0, 1990-06-12 00:00:00, 0.0
11.0, 16.2, 180.0, 76.0, 1990-06-13 00:00:00, 0.0
11.0, 19.8, 140.0, 72.0, 1990-06-14 00:00:00, 0.0
4.0, 12.6, 140.0, 98.0, 1990-06-15 00:00:00, 0.0
5.0, 12.4, 90.0, 95.0, 1990-06-16 00:00:00, 0.5
14.0, 18.2, 140.0, 68.0, 1990-06-17 00:00:00, 0.0
11.0, 18.0, 140.0, 78.0, 1990-06-18 00:00:00, 0.0
11.0, 13.1, 140.0, 99.0, 1990-06-19 00:00:00, 3.5
10.0, 17.2, 140.0, 85.0, 1990-06-20 00:00:00, 0.5
10.0, 24.4, 180.0, 60.0, 1990-06-21 00:00:00, 0.0
10.0, 20.2, 140.0, 77.0, 1990-06-22 00:00:00, 0.0
10.0, 14.7, 140.0, 84.0, 1990-06-23 00:00:00, 0.0
8.0, 12.4, 140.0, 95.0, 1990-06-24 00:00:00, 0.2
3.0, 14.2, 90.0, 76.0, 1990-06-25 00:00:00, 0.0
15.0, 15.7, 180.0, 72.0, 1990-06-26 00:00:00, 0.3
3.0, 12.2, 270.0, 86.0, 1990-06-27 00:00:00, 0.0
2.0, 12.9, 0.0, 99.0, 1990-06-28 00:00:00, 21.8
2.0, 13.6, 50.0, 99.0, 1990-06-29 00:00:00, 18.5
17.0, 11.4, 180.0, 99.0, 1990-06-30 00:00:00, 27.1
20.0, 16.8, 140.0, 77.0, 1990-07-01 00:00:00, 4.8
11.0, 14.9, 140.0, 83.0, 1990-07-02 00:00:00, 0.0
11.0, 17.6, 140.0, 69.0, 1990-07-03 00:00:00, 0.0
16.0, 22.4, 140.0, 48.0, 1990-07-04 00:00:00, 0.0
2.0, 15.8, 320.0, 99.0, 1990-07-05 00:00:00, 10.7
10.0, 14.7, 140.0, 95.0, 1990-07-06 00:00:00, 18.0
10.0, 18.9, 180.0, 77.0, 1990-07-07 00:00:00, 0.0
12.0, 20.2, 140.0, 78.0, 1990-07-08 00:00:00, 0.0
11.0, 18.5, 140.0, 83.0, 1990-07-09 00:00:00, 0.0
9.0, 24.0, 140.0, 66.0, 1990-07-10 00:00:00, 0.0
8.0, 27.1, 140.0, 52.0, 1990-07-11 00:00:00, 0.0
15.0, 22.5, 140.0, 59.0, 1990-07-12 00:00:00, 0.0
11.0, 20.4, 140.0, 77.0, 1990-07-13 00:00:00, 0.0
11.0, 23.7, 140.0, 66.0, 1990-07-14 00:00:00, 0.0
12.0, 24.3, 140.0, 57.0, 1990-07-15 00:00:00, 0.0
15.0, 21.1, 140.0, 60.0, 1990-07-16 00:00:00, 0.0
15.0, 19.6, 140.0, 67.0, 1990-07-17 00:00:00, 0.0
11.0, 20.3, 140.0, 70.0, 1990-07-18 00:00:00, 0.0
10.0, 23.7, 140.0, 57.0, 1990-07-19 00:00:00, 0.0
3.0, 13.0, 50.0, 99.0, 1990-07-20 00:00:00, 0.3
10.0, 28.8, 140.0, 42.0, 1990-07-21 00:00:00, 0.0
15.0, 16.8, 140.0, 90.0, 1990-07-22 00:00:00, 0.0
8.0, 14.3, 140.0, 95.0, 1990-07-23 00:00:00, 0.3
9.0, 12.7, 140.0, 99.0, 1990-07-24 00:00:00, 1.0
3.0, 15.5, 140.0, 95.0, 1990-07-25 00:00:00, 0.0
5.0, 14.5, 140.0, 98.0, 1990-07-26 00:00:00, 0.8
9.0, 17.9, 180.0, 89.0, 1990-07-27 00:00:00, 0.3
7.0, 24.0, 140.0, 59.0, 1990-07-28 00:00:00, 0.0
9.0, 28.0, 140.0, 49.0, 1990-07-29 00:00:00, 0.0
12.0, 23.4, 140.0, 70.0, 1990-07-30 00:00:00, 0.0
6.0, 14.7, 140.0, 99.0, 1990-07-31 00:00:00, 0.3
6.0, 13.2, 140.0, 99.0, 1990-08-01 00:00:00, 0.8
12.0, 19.8, 140.0, 74.0, 1990-08-02 00:00:00, 0.0
9.0, 22.1, 140.0, 75.0, 1990-08-03 00:00:00, 0.3
9.0, 26.4, 140.0, 61.0, 1990-08-04 00:00:00, 0.0
9.0, 17.1, 140.0, 90.0, 1990-08-05 00:00:00, 0.0
10.0, 19.8, 180.0, 75.0, 1990-08-06 00:00:00, 1.5
15.0, 20.8, 140.0, 69.0, 1990-08-07 00:00:00, 0.0
11.0, 23.4, 140.0, 64.0, 1990-08-08 00:00:00, 0.0
8.0, 25.5, 140.0, 61.0, 1990-08-09 00:00:00, 0.0
9.0, 26.7, 140.0, 56.0, 1990-08-10 00:00:00, 0.0
4.0, 21.9, 180.0, 83.0, 1990-08-11 00:00:00, 0.0
4.0, 17.7, 140.0, 94.0, 1990-08-12 00:00:00, 0.0
16.0, 19.3, 140.0, 73.0, 1990-08-13 00:00:00, 3.3
7.0, 20.7, 140.0, 64.0, 1990-08-14 00:00:00, 0.0
17.0, 14.2, 180.0, 99.0, 1990-08-15 00:00:00, 6.3
14.0, 14.1, 180.0, 99.0, 1990-08-16 00:00:00, 50.3
4.0, 17.1, 180.0, 94.0, 1990-08-17 00:00:00, 3.0
9.0, 15.2, 140.0, 98.0, 1990-08-18 00:00:00, 3.8
5.0, 16.3, 140.0, 96.0, 1990-08-19 00:00:00, 0.0
9.0, 18.4, 140.0, 97.0, 1990-08-20 00:00:00, 0.3
6.0, 14.0, 180.0, 99.0, 1990-08-21 00:00:00, 0.3
14.0, 19.7, 140.0, 69.0, 1990-08-22 00:00:00, 1.3
15.0, 18.2, 140.0, 68.0, 1990-08-23 00:00:00, 0.0
12.0, 16.7, 140.0, 81.0, 1990-08-24 00:00:00, 0.5
11.0, 16.4, 180.0, 79.0, 1990-08-25 00:00:00, 1.8
10.0, 19.7, 180.0, 66.0, 1990-08-26 00:00:00, 0.8
9.0, 21.7, 140.0, 59.0, 1990-08-27 00:00:00, 0.0
11.0, 22.7, 140.0, 50.0, 1990-08-28 00:00:00, 0.0
1.0, 14.2, 140.0, 98.0, 1990-08-29 00:00:00, 0.8
12.0, 14.0, 180.0, 99.0, 1990-08-30 00:00:00, 12.4
10.0, 13.5, 140.0, 99.0, 1990-08-31 00:00:00, 29.5
10.0, 17.3, 180.0, 78.0, 1990-09-01 00:00:00, 0.0
9.0, 18.2, 180.0, 70.0, 1990-09-02 00:00:00, 0.0
6.0, 21.2, 140.0, 53.0, 1990-09-03 00:00:00, 0.0
8.0, 24.9, 140.0, 40.0, 1990-09-04 00:00:00, 0.0
11.0, 21.6, 140.0, 65.0, 1990-09-05 00:00:00, 0.0
6.0, 19.2, 140.0, 80.0, 1990-09-06 00:00:00, 0.0
11.0, 17.8, 140.0, 85.0, 1990-09-07 00:00:00, 0.0
5.0, 14.5, 140.0, 95.0, 1990-09-08 00:00:00, 0.0
56.0, 13.3, 0.0, 99.0, 1990-09-09 00:00:00, 0.0
8.0, 17.0, 140.0, 94.0, 1990-09-10 00:00:00, 0.0
4.0, 14.4, 140.0, 99.0, 1990-09-11 00:00:00, 0.3
1.0, 14.0, 180.0, 98.0, 1990-09-12 00:00:00, 1.5
10.0, 20.1, 140.0, 70.0, 1990-09-13 00:00:00, 0.0
9.0, 23.5, 180.0, 44.0, 1990-09-14 00:00:00, 0.0
18.0, 18.1, 140.0, 83.0, 1990-09-15 00:00:00, 0.0
0.0, 13.9, 0.0, 99.0, 1990-09-16 00:00:00, 8.4
3.0, 14.9, 140.0, 97.0, 1990-09-17 00:00:00, 0.0
5.0, 17.5, 180.0, 84.0, 1990-09-18 00:00:00, 0.0
10.0, 18.8, 140.0, 79.0, 1990-09-19 00:00:00, 0.0
8.0, 20.7, 140.0, 64.0, 1990-09-20 00:00:00, 0.0
7.0, 23.4, 140.0, 61.0, 1990-09-21 00:00:00, 0.0
8.0, 25.4, 180.0, 53.0, 1990-09-22 00:00:00, 0.0
8.0, 16.9, 140.0, 83.0, 1990-09-23 00:00:00, 0.0
5.0, 14.6, 180.0, 94.0, 1990-09-24 00:00:00, 0.0
4.0, 13.2, 180.0, 99.0, 1990-09-25 00:00:00, 0.0
4.0, 14.7, 140.0, 98.0, 1990-09-26 00:00:00, 0.5
8.0, 19.2, 140.0, 75.0, 1990-09-27 00:00:00, 0.0
10.0, 15.3, 140.0, 90.0, 1990-09-28 00:00:00, 0.0
7.0, 16.8, 140.0, 79.0, 1990-09-29 00:00:00, 3.8
8.0, 16.3, 140.0, 74.0, 1990-09-30 00:00:00, 0.0
12.0, 10.0, 180.0, 95.0, 1990-10-01 00:00:00, 27.4
5.0, 10.5, 180.0, 89.0, 1990-10-02 00:00:00, 5.1
0.0, 10.9, 0.0, 99.0, 1990-10-03 00:00:00, 44.7
4.0, 9.4, 180.0, 98.0, 1990-10-04 00:00:00, 71.9
7.0, 11.5, 140.0, 76.0, 1990-10-05 00:00:00, 0.8
4.0, 9.1, 140.0, 73.0, 1990-10-06 00:00:00, 0.0
4.0, 9.2, 140.0, 95.0, 1990-10-07 00:00:00, 0.0
0.0, 10.2, 0.0, 98.0, 1990-10-08 00:00:00, 0.0
0.0, 11.0, 0.0, 99.0, 1990-10-09 00:00:00, 79.0
5.0, 12.0, 180.0, 73.0, 1990-10-10 00:00:00, 0.8
6.0, 7.2, 230.0, 96.0, 1990-10-11 00:00:00, 2.0
0.0, 0.0, 0.0, 0.0, 1991-04-05 00:00:00, 0.0
1.0, 4.3, 320.0, 99.0, 1991-04-06 00:00:00, 12.2
18.0, 5.6, 180.0, 92.0, 1991-04-07 00:00:00, 13.2
3.0, 3.9, 270.0, 99.0, 1991-04-08 00:00:00, 3.8
8.0, 2.9, 140.0, 94.0, 1991-04-09 00:00:00, 24.1
8.0, 7.8, 180.0, 76.0, 1991-04-10 00:00:00, 2.8
9.0, 11.3, 180.0, 58.0, 1991-04-11 00:00:00, 0.0
8.0, 13.4, 180.0, 51.0, 1991-04-12 00:00:00, 0.0
12.0, 10.7, 180.0, 66.0, 1991-04-13 00:00:00, 0.0
11.0, 11.2, 140.0, 73.0, 1991-04-14 00:00:00, 0.0
10.0, 12.8, 140.0, 80.0, 1991-04-15 00:00:00, 0.3
9.0, 15.3, 180.0, 60.0, 1991-04-16 00:00:00, 0.0
11.0, 10.2, 140.0, 90.0, 1991-04-17 00:00:00, 0.0
10.0, 12.0, 140.0, 85.0, 1991-04-18 00:00:00, 0.0
7.0, 14.2, 140.0, 79.0, 1991-04-19 00:00:00, 0.0
10.0, 18.8, 140.0, 55.0, 1991-04-20 00:00:00, 0.0
10.0, 10.9, 140.0, 90.0, 1991-04-21 00:00:00, 0.0
7.0, 7.9, 140.0, 93.0, 1991-04-22 00:00:00, 1.8
5.0, 6.1, 230.0, 96.0, 1991-04-23 00:00:00, 2.8
1.0, 6.5, 270.0, 98.0, 1991-04-24 00:00:00, 58.4
17.0, 7.9, 140.0, 86.0, 1991-04-25 00:00:00, 9.1
14.0, 6.4, 140.0, 98.0, 1991-04-26 00:00:00, 7.6
0.0, 8.5, 0.0, 76.0, 1991-04-27 00:00:00, 0.0
3.0, 7.8, 90.0, 99.0, 1991-04-28 00:00:00, 4.6
17.0, 12.4, 140.0, 70.0, 1991-04-29 00:00:00, 0.5
7.0, 19.0, 180.0, 48.0, 1991-04-30 00:00:00, 0.0
8.0, 20.9, 180.0, 35.0, 1991-05-01 00:00:00, 0.0
13.0, 20.3, 180.0, 30.0, 1991-05-02 00:00:00, 0.0
14.0, 11.1, 140.0, 86.0, 1991-05-03 00:00:00, 0.0
10.0, 8.9, 140.0, 89.0, 1991-05-04 00:00:00, 0.0
2.0, 8.6, 180.0, 99.0, 1991-05-05 00:00:00, 11.9
12.0, 8.6, 140.0, 99.0, 1991-05-06 00:00:00, 50.3
2.0, 7.3, 320.0, 99.0, 1991-05-07 00:00:00, 9.1
7.0, 8.4, 180.0, 88.0, 1991-05-08 00:00:00, 37.6
8.0, 11.6, 180.0, 72.0, 1991-05-09 00:00:00, 0.3
14.0, 13.2, 180.0, 81.0, 1991-05-10 00:00:00, 0.0
10.0, 11.1, 140.0, 94.0, 1991-05-11 00:00:00, 0.0
3.0, 8.4, 320.0, 99.0, 1991-05-12 00:00:00, 0.5
15.0, 12.4, 180.0, 76.0, 1991-05-13 00:00:00, 15.0
6.0, 8.9, 140.0, 92.0, 1991-05-14 00:00:00, 0.0
1.0, 8.4, 320.0, 99.0, 1991-05-15 00:00:00, 27.2
9.0, 13.5, 180.0, 84.0, 1991-05-16 00:00:00, 14.2
10.0, 16.5, 140.0, 68.0, 1991-05-17 00:00:00, 0.0
13.0, 16.9, 140.0, 76.0, 1991-05-18 00:00:00, 0.0
6.0, 11.4, 140.0, 94.0, 1991-05-19 00:00:00, 0.0
9.0, 11.4, 180.0, 90.0, 1991-05-20 00:00:00, 0.3
16.0, 15.0, 140.0, 66.0, 1991-05-21 00:00:00, 0.3
17.0, 12.7, 140.0, 69.0, 1991-05-22 00:00:00, 0.0
13.0, 9.5, 140.0, 84.0, 1991-05-23 00:00:00, 0.0
7.0, 9.4, 180.0, 96.0, 1991-05-24 00:00:00, 9.1
6.0, 10.2, 140.0, 93.0, 1991-05-25 00:00:00, 0.8
15.0, 12.8, 140.0, 84.0, 1991-05-26 00:00:00, 2.3
15.0, 12.4, 140.0, 86.0, 1991-05-27 00:00:00, 0.0
12.0, 10.8, 140.0, 92.0, 1991-05-28 00:00:00, 1.0
6.0, 7.2, 320.0, 99.0, 1991-05-29 00:00:00, 12.2
11.0, 10.9, 140.0, 91.0, 1991-05-30 00:00:00, 3.0
9.0, 9.9, 140.0, 89.0, 1991-05-31 00:00:00, 2.3
14.0, 14.8, 180.0, 72.0, 1991-06-01 00:00:00, 1.3
12.0, 10.4, 140.0, 73.0, 1991-06-02 00:00:00, 0.0
25.0, 12.6, 140.0, 58.0, 1991-06-03 00:00:00, 0.0
13.0, 15.9, 140.0, 52.0, 1991-06-04 00:00:00, 0.0
10.0, 19.2, 140.0, 55.0, 1991-06-05 00:00:00, 0.0
11.0, 18.3, 140.0, 66.0, 1991-06-06 00:00:00, 0.0
7.0, 11.0, 140.0, 98.0, 1991-06-07 00:00:00, 4.8
9.0, 13.7, 140.0, 87.0, 1991-06-08 00:00:00, 0.5
11.0, 16.0, 140.0, 79.0, 1991-06-09 00:00:00, 0.0
9.0, 12.5, 140.0, 98.0, 1991-06-10 00:00:00, 15.8
5.0, 10.0, 140.0, 96.0, 1991-06-11 00:00:00, 2.8
7.0, 9.4, 140.0, 97.0, 1991-06-12 00:00:00, 11.2
5.0, 11.0, 180.0, 84.0, 1991-06-13 00:00:00, 1.0
13.0, 10.5, 140.0, 90.0, 1991-06-14 00:00:00, 0.3
4.0, 11.6, 270.0, 86.0, 1991-06-15 00:00:00, 13.2
3.0, 10.3, 230.0, 96.0, 1991-06-16 00:00:00, 5.6
13.0, 13.2, 140.0, 82.0, 1991-06-17 00:00:00, 0.3
11.0, 16.7, 140.0, 70.0, 1991-06-18 00:00:00, 0.0
8.0, 23.1, 140.0, 51.0, 1991-06-19 00:00:00, 0.0
11.0, 11.4, 140.0, 97.0, 1991-06-20 00:00:00, 0.3
6.0, 12.0, 140.0, 97.0, 1991-06-21 00:00:00, 7.4
9.0, 12.2, 140.0, 96.0, 1991-06-22 00:00:00, 3.6
3.0, 11.8, 140.0, 96.0, 1991-06-23 00:00:00, 0.0
11.0, 14.9, 140.0, 90.0, 1991-06-24 00:00:00, 0.0
11.0, 12.5, 140.0, 94.0, 1991-06-25 00:00:00, 0.8
8.0, 13.9, 140.0, 85.0, 1991-06-26 00:00:00, 1.5
11.0, 18.3, 140.0, 76.0, 1991-06-27 00:00:00, 0.0
11.0, 14.0, 140.0, 94.0, 1991-06-28 00:00:00, 0.0
12.0, 12.3, 140.0, 96.0, 1991-06-29 00:00:00, 2.0
3.0, 12.7, 180.0, 96.0, 1991-06-30 00:00:00, 3.6
5.0, 17.9, 140.0, 84.0, 1991-07-01 00:00:00, 2.3
10.0, 22.9, 140.0, 71.0, 1991-07-02 00:00:00, 0.0
8.0, 17.8, 140.0, 87.0, 1991-07-03 00:00:00, 0.0
6.0, 13.5, 140.0, 96.0, 1991-07-04 00:00:00, 0.3
13.0, 18.6, 140.0, 62.0, 1991-07-05 00:00:00, 0.0
11.0, 19.3, 140.0, 67.0, 1991-07-06 00:00:00, 0.0
12.0, 23.0, 140.0, 55.0, 1991-07-07 00:00:00, 0.0
9.0, 18.5, 140.0, 80.0, 1991-07-08 00:00:00, 0.0
6.0, 12.4, 140.0, 97.0, 1991-07-09 00:00:00, 0.0
11.0, 12.9, 140.0, 93.0, 1991-07-10 00:00:00, 1.3
0.0, 13.9, 180.0, 96.0, 1991-07-11 00:00:00, 11.2
13.0, 17.4, 140.0, 91.0, 1991-07-12 00:00:00, 5.6
6.0, 14.9, 140.0, 88.0, 1991-07-13 00:00:00, 17.5
2.0, 11.4, 270.0, 95.0, 1991-07-14 00:00:00, 0.8
12.0, 11.9, 140.0, 97.0, 1991-07-15 00:00:00, 43.4
10.0, 13.7, 140.0, 94.0, 1991-07-16 00:00:00, 7.1
5.0, 14.3, 140.0, 91.0, 1991-07-17 00:00:00, 0.0
13.0, 17.0, 140.0, 81.0, 1991-07-18 00:00:00, 0.0
12.0, 14.0, 140.0, 91.0, 1991-07-19 00:00:00, 0.0
10.0, 13.4, 140.0, 89.0, 1991-07-20 00:00:00, 0.0
9.0, 14.5, 140.0, 95.0, 1991-07-21 00:00:00, 14.2
9.0, 22.8, 140.0, 65.0, 1991-07-22 00:00:00, 0.0
11.0, 27.7, 140.0, 44.0, 1991-07-23 00:00:00, 0.0
8.0, 14.7, 320.0, 97.0, 1991-07-24 00:00:00, 0.3
7.0, 13.1, 140.0, 94.0, 1991-07-25 00:00:00, 1.0
1.0, 12.7, 140.0, 97.0, 1991-07-26 00:00:00, 12.4
14.0, 18.2, 140.0, 78.0, 1991-07-27 00:00:00, 8.1
10.0, 18.4, 140.0, 80.0, 1991-07-28 00:00:00, 0.0
12.0, 19.3, 140.0, 65.0, 1991-07-29 00:00:00, 0.0
11.0, 19.6, 140.0, 73.0, 1991-07-30 00:00:00, 0.0
7.0, 19.0, 140.0, 76.0, 1991-07-31 00:00:00, 0.0
13.0, 18.6, 140.0, 78.0, 1991-08-01 00:00:00, 0.0
8.0, 17.8, 140.0, 85.0, 1991-08-02 00:00:00, 0.0
9.0, 19.8, 140.0, 80.0, 1991-08-03 00:00:00, 0.0
13.0, 18.5, 140.0, 86.0, 1991-08-04 00:00:00, 0.0
11.0, 18.1, 140.0, 87.0, 1991-08-05 00:00:00, 0.5
11.0, 17.9, 140.0, 83.0, 1991-08-06 00:00:00, 0.0
24.0, 14.5, 140.0, 92.0, 1991-08-07 00:00:00, 10.4
14.0, 14.1, 140.0, 97.0, 1991-08-08 00:00:00, 212.3
10.0, 15.5, 140.0, 95.0, 1991-08-09 00:00:00, 6.6
5.0, 14.3, 140.0, 95.0, 1991-08-10 00:00:00, 0.8
8.0, 16.4, 140.0, 88.0, 1991-08-11 00:00:00, 0.0
7.0, 13.0, 140.0, 97.0, 1991-08-12 00:00:00, 0.3
10.0, 20.4, 140.0, 78.0, 1991-08-13 00:00:00, 0.0
5.0, 15.2, 140.0, 96.0, 1991-08-14 00:00:00, 0.0
8.0, 25.0, 140.0, 72.0, 1991-08-15 00:00:00, 0.0
4.0, 14.8, 140.0, 96.0, 1991-08-16 00:00:00, 0.3
7.0, 18.5, 140.0, 94.0, 1991-08-17 00:00:00, 0.3
9.0, 20.8, 140.0, 82.0, 1991-08-18 00:00:00, 0.0
6.0, 15.8, 140.0, 96.0, 1991-08-19 00:00:00, 0.3
8.0, 17.9, 140.0, 94.0, 1991-08-20 00:00:00, 0.0
9.0, 20.3, 140.0, 78.0, 1991-08-21 00:00:00, 0.0
5.0, 13.6, 140.0, 95.0, 1991-08-22 00:00:00, 0.0
8.0, 14.4, 140.0, 85.0, 1991-08-23 00:00:00, 0.3
11.0, 15.6, 140.0, 80.0, 1991-08-24 00:00:00, 0.0
9.0, 14.3, 140.0, 88.0, 1991-08-25 00:00:00, 0.0
12.0, 12.0, 140.0, 97.0, 1991-08-26 00:00:00, 64.8
15.0, 13.4, 140.0, 91.0, 1991-08-27 00:00:00, 95.7
11.0, 10.5, 140.0, 97.0, 1991-08-28 00:00:00, 46.4
40.0, 14.3, 140.0, 96.0, 1991-08-29 00:00:00, 70.1
13.0, 14.6, 140.0, 93.0, 1991-08-30 00:00:00, 35.5
0.0, 12.5, 0.0, 96.0, 1991-08-31 00:00:00, 16.2
1.0, 13.7, 140.0, 86.0, 1991-09-01 00:00:00, 0.2
9.0, 17.8, 140.0, 72.0, 1991-09-02 00:00:00, 0.0
6.0, 21.0, 140.0, 73.0, 1991-09-03 00:00:00, 0.0
8.0, 24.8, 140.0, 53.0, 1991-09-04 00:00:00, 0.0
10.0, 21.9, 140.0, 72.0, 1991-09-05 00:00:00, 0.0
6.0, 13.9, 140.0, 95.0, 1991-09-06 00:00:00, 5.6
15.0, 18.1, 140.0, 81.0, 1991-09-07 00:00:00, 0.8
10.0, 17.7, 140.0, 77.0, 1991-09-08 00:00:00, 0.0
9.0, 20.4, 140.0, 59.0, 1991-09-09 00:00:00, 0.0
10.0, 20.3, 140.0, 63.0, 1991-09-10 00:00:00, 0.0
5.0, 11.9, 140.0, 96.0, 1991-09-11 00:00:00, 0.0
9.0, 12.3, 140.0, 95.0, 1991-09-12 00:00:00, 1.0
8.0, 17.6, 140.0, 68.0, 1991-09-13 00:00:00, 4.3
8.0, 16.8, 140.0, 78.0, 1991-09-14 00:00:00, 0.0
8.0, 20.2, 140.0, 69.0, 1991-09-15 00:00:00, 0.0
6.0, 23.2, 140.0, 65.0, 1991-09-16 00:00:00, 0.0
3.0, 25.7, 140.0, 62.0, 1991-09-17 00:00:00, 0.0
8.0, 24.5, 140.0, 62.0, 1991-09-18 00:00:00, 0.0
8.0, 13.4, 140.0, 95.0, 1991-09-19 00:00:00, 0.0
15.0, 18.3, 140.0, 47.0, 1991-09-20 00:00:00, 0.0
12.0, 17.1, 140.0, 64.0, 1991-09-21 00:00:00, 0.0
5.0, 13.3, 140.0, 88.0, 1991-09-22 00:00:00, 0.0
8.0, 18.4, 140.0, 74.0, 1991-09-23 00:00:00, 0.0
6.0, 22.1, 140.0, 70.0, 1991-09-24 00:00:00, 0.0
7.0, 24.9, 140.0, 48.0, 1991-09-25 00:00:00, 0.0
8.0, 13.2, 140.0, 96.0, 1991-09-26 00:00:00, 0.0
4.0, 14.4, 140.0, 94.0, 1991-09-27 00:00:00, 0.0
9.0, 18.4, 140.0, 82.0, 1991-09-28 00:00:00, 0.3
7.0, 19.0, 140.0, 76.0, 1991-09-29 00:00:00, 0.3
6.0, 17.8, 140.0, 79.0, 1991-09-30 00:00:00, 0.0
2.0, 12.5, 140.0, 96.0, 1991-10-01 00:00:00, 0.0
2.0, 12.2, 140.0, 90.0, 1991-10-02 00:00:00, 0.0
6.0, 15.4, 140.0, 75.0, 1991-10-03 00:00:00, 0.0
6.0, 17.7, 140.0, 59.0, 1991-10-04 00:00:00, 0.0
6.0, 19.2, 140.0, 50.0, 1991-10-05 00:00:00, 0.0
0.0, 11.8, 0.0, 98.0, 1991-10-06 00:00:00, 2.5
7.0, 14.8, 140.0, 82.0, 1991-10-07 00:00:00, 0.0
0.0, 11.6, 0.0, 95.0, 1991-10-08 00:00:00, 0.0
7.0, 19.0, 140.0, 63.0, 1991-10-09 00:00:00, 0.0
6.0, 20.8, 140.0, 68.0, 1991-10-10 00:00:00, 0.0
11.0, 20.4, 140.0, 72.0, 1991-10-11 00:00:00, 0.0
9.0, 16.1, 140.0, 79.0, 1991-10-12 00:00:00, 0.3
5.0, 17.7, 140.0, 69.0, 1991-10-13 00:00:00, 0.0
4.0, 19.4, 140.0, 55.0, 1991-10-14 00:00:00, 0.0
8.0, 16.2, 140.0, 71.0, 1991-10-15 00:00:00, 0.0
11.0, 10.1, 140.0, 66.0, 1991-10-16 00:00:00, 28.2
9.0, 10.3, 140.0, 71.0, 1991-10-17 00:00:00, 0.0
2.0, 25.4, 320.0, 48.0, 1992-06-22 00:00:00, 0.0
8.0, 26.4, 180.0, 53.0, 1992-06-23 00:00:00, 0.0
7.0, 23.3, 180.0, 66.0, 1992-06-24 00:00:00, 0.0
12.0, 20.3, 180.0, 73.0, 1992-06-25 00:00:00, 0.0
12.0, 17.9, 180.0, 72.0, 1992-06-26 00:00:00, 0.0
10.0, 21.1, 180.0, 68.0, 1992-06-27 00:00:00, 0.0
7.0, 16.8, 180.0, 87.0, 1992-06-28 00:00:00, 0.0
0.0, 13.3, 0.0, 99.0, 1992-06-29 00:00:00, 17.7
5.0, 16.3, 180.0, 87.0, 1992-06-30 00:00:00, 7.6
0.0, 14.4, 0.0, 96.0, 1992-07-01 00:00:00, 0.2
6.0, 15.3, 180.0, 91.0, 1992-07-02 00:00:00, 0.2
6.0, 15.4, 180.0, 89.0, 1992-07-03 00:00:00, 0.2
9.0, 18.2, 180.0, 81.0, 1992-07-04 00:00:00, 0.0
3.0, 13.5, 180.0, 95.0, 1992-07-05 00:00:00, 1.7
8.0, 13.9, 180.0, 84.0, 1992-07-06 00:00:00, 0.5
0.0, 14.5, 0.0, 88.0, 1992-07-07 00:00:00, 0.0
12.0, 15.3, 180.0, 89.0, 1992-07-08 00:00:00, 0.0
7.0, 18.0, 180.0, 85.0, 1992-07-09 00:00:00, 0.0
1.0, 16.3, 180.0, 94.0, 1992-07-10 00:00:00, 2.2
8.0, 16.6, 180.0, 91.0, 1992-07-11 00:00:00, 0.2
5.0, 13.6, 180.0, 99.0, 1992-07-12 00:00:00, 0.2
1.0, 13.7, 180.0, 85.0, 1992-07-13 00:00:00, 0.2
14.0, 17.9, 180.0, 72.0, 1992-07-14 00:00:00, 0.0
9.0, 21.0, 180.0, 70.0, 1992-07-15 00:00:00, 0.0
10.0, 24.2, 180.0, 63.0, 1992-07-16 00:00:00, 0.0
8.0, 26.4, 180.0, 55.0, 1992-07-17 00:00:00, 0.0
9.0, 25.1, 180.0, 60.0, 1992-07-18 00:00:00, 0.0
3.0, 15.7, 180.0, 95.0, 1992-07-19 00:00:00, 0.0
11.0, 14.7, 180.0, 95.0, 1992-07-20 00:00:00, 0.0
3.0, 14.8, 180.0, 94.0, 1992-07-21 00:00:00, 0.3
14.0, 20.1, 180.0, 70.0, 1992-07-22 00:00:00, 0.3
12.0, 14.3, 180.0, 90.0, 1992-07-23 00:00:00, 0.0
8.0, 14.1, 180.0, 92.0, 1992-07-24 00:00:00, 0.3
9.0, 19.3, 180.0, 73.0, 1992-07-25 00:00:00, 0.0
13.0, 17.9, 180.0, 82.0, 1992-07-26 00:00:00, 0.0
9.0, 18.0, 180.0, 82.0, 1992-07-27 00:00:00, 0.0
9.0, 21.2, 180.0, 72.0, 1992-07-28 00:00:00, 0.0
4.0, 21.4, 180.0, 73.0, 1992-07-29 00:00:00, 0.0
10.0, 27.1, 180.0, 56.0, 1992-07-30 00:00:00, 0.0
12.0, 21.9, 180.0, 71.0, 1992-07-31 00:00:00, 0.0
5.0, 15.2, 180.0, 87.0, 1992-08-01 00:00:00, 0.0
1.0, 15.2, 180.0, 88.0, 1992-08-02 00:00:00, 0.3
11.0, 20.9, 180.0, 73.0, 1992-08-03 00:00:00, 0.0
8.0, 14.0, 180.0, 93.0, 1992-08-04 00:00:00, 0.5
2.0, 15.7, 140.0, 86.0, 1992-08-05 00:00:00, 0.0
13.0, 15.8, 180.0, 93.0, 1992-08-06 00:00:00, 25.1
4.0, 13.0, 320.0, 93.0, 1992-08-07 00:00:00, 11.2
15.0, 11.2, 180.0, 97.0, 1992-08-08 00:00:00, 14.0
0.0, 16.4, 0.0, 89.0, 1992-08-09 00:00:00, 19.8
6.0, 23.3, 180.0, 62.0, 1992-08-10 00:00:00, 0.3
9.0, 27.6, 180.0, 54.0, 1992-08-11 00:00:00, 0.0
9.0, 29.8, 180.0, 41.0, 1992-08-12 00:00:00, 0.0
12.0, 24.4, 180.0, 69.0, 1992-08-13 00:00:00, 0.0
8.0, 14.7, 180.0, 99.0, 1992-08-14 00:00:00, 0.0
6.0, 18.0, 180.0, 88.0, 1992-08-15 00:00:00, 0.0
6.0, 22.0, 180.0, 74.0, 1992-08-16 00:00:00, 0.0
10.0, 24.0, 180.0, 64.0, 1992-08-17 00:00:00, 0.0
8.0, 15.3, 180.0, 72.0, 1992-08-18 00:00:00, 0.0
1.0, 15.2, 180.0, 68.0, 1992-08-19 00:00:00, 0.0
4.0, 11.9, 180.0, 66.0, 1992-08-20 00:00:00, 0.3
9.0, 12.5, 180.0, 97.0, 1992-08-21 00:00:00, 0.0
13.0, 19.3, 180.0, 72.0, 1992-08-22 00:00:00, 0.0
10.0, 14.7, 180.0, 85.0, 1992-08-23 00:00:00, 0.0
9.0, 19.9, 180.0, 66.0, 1992-08-24 00:00:00, 0.0
7.0, 21.1, 180.0, 64.0, 1992-08-25 00:00:00, 0.0
9.0, 22.4, 180.0, 70.0, 1992-08-26 00:00:00, 0.0
9.0, 22.3, 180.0, 74.0, 1992-08-27 00:00:00, 0.0
10.0, 16.8, 180.0, 82.0, 1992-08-28 00:00:00, 0.0
11.0, 18.3, 180.0, 75.0, 1992-08-29 00:00:00, 0.0
12.0, 15.3, 180.0, 96.0, 1992-08-30 00:00:00, 27.2
8.0, 19.9, 180.0, 81.0, 1992-08-31 00:00:00, 7.7
4.0, 13.8, 180.0, 98.0, 1992-09-01 00:00:00, 0.0
2.0, 15.2, 180.0, 95.0, 1992-09-02 00:00:00, 0.3
5.0, 17.0, 180.0, 89.0, 1992-09-03 00:00:00, 0.0
15.0, 18.3, 180.0, 60.0, 1992-09-04 00:00:00, 0.3
13.0, 17.2, 180.0, 64.0, 1992-09-05 00:00:00, 0.0
14.0, 17.2, 180.0, 64.0, 1992-09-06 00:00:00, 0.0
14.0, 11.5, 180.0, 96.0, 1992-09-07 00:00:00, 47.8
9.0, 16.7, 180.0, 77.0, 1992-09-08 00:00:00, 82.3
7.0, 17.0, 180.0, 80.0, 1992-09-09 00:00:00, 0.0
4.0, 20.3, 180.0, 77.0, 1992-09-10 00:00:00, 0.0
6.0, 12.5, 180.0, 99.0, 1992-09-11 00:00:00, 0.3
10.0, 17.5, 180.0, 56.0, 1992-09-12 00:00:00, 0.0
12.0, 14.4, 180.0, 59.0, 1992-09-13 00:00:00, 0.0
11.0, 15.0, 180.0, 55.0, 1992-09-14 00:00:00, 0.0
12.0, 17.4, 180.0, 49.0, 1992-09-15 00:00:00, 0.0
1.0, 11.5, 0.0, 76.0, 1992-09-16 00:00:00, 0.0
9.0, 17.2, 180.0, 73.0, 1992-09-17 00:00:00, 4.3
0.0, 14.8, 0.0, 84.0, 1992-09-18 00:00:00, 0.0
0.0, 14.0, 0.0, 98.0, 1992-09-19 00:00:00, 4.1
0.0, 16.0, 0.0, 98.0, 1992-09-20 00:00:00, 17.5
2.0, 16.1, 180.0, 98.0, 1992-09-21 00:00:00, 1.7
3.0, 20.1, 180.0, 84.0, 1992-09-22 00:00:00, 0.0
17.0, 14.2, 180.0, 97.0, 1992-09-23 00:00:00, 46.7
5.0, 15.5, 180.0, 86.0, 1992-09-24 00:00:00, 39.4
8.0, 15.7, 180.0, 73.0, 1992-09-25 00:00:00, 0.3
13.0, 15.6, 180.0, 65.0, 1992-09-26 00:00:00, 49.8
14.0, 16.3, 180.0, 57.0, 1992-09-27 00:00:00, 0.0
14.0, 19.3, 180.0, 51.0, 1992-09-28 00:00:00, 0.0
8.0, 26.7, 180.0, 33.0, 1992-09-29 00:00:00, 0.0
0.0, 17.5, 0.0, 82.0, 1992-09-30 00:00:00, 0.0
4.0, 16.1, 180.0, 93.0, 1992-10-01 00:00:00, 0.0
0.0, 14.3, 0.0, 98.0, 1992-10-02 00:00:00, 2.0
9.0, 15.0, 180.0, 83.0, 1992-10-03 00:00:00, 4.1
9.0, 14.8, 180.0, 71.0, 1992-10-04 00:00:00, 0.0
9.0, 15.3, 180.0, 73.0, 1992-10-05 00:00:00, 0.0
0.0, 0.0, 0.0, 0.0, 1993-04-25 00:00:00, 0.0
2.0, 9.6, 320.0, 97.0, 1993-04-26 00:00:00, 4.8
0.0, 9.4, 0.0, 99.0, 1993-04-27 00:00:00, 66.0
0.0, 7.0, 0.0, 99.0, 1993-04-28 00:00:00, 0.5
6.0, 3.3, 0.0, 99.0, 1993-04-29 00:00:00, 12.2
13.0, 5.4, 320.0, 95.0, 1993-04-30 00:00:00, 2.2
44.0, 1.1, 320.0, 94.0, 1993-05-01 00:00:00, 8.3
14.0, 4.8, 320.0, 94.0, 1993-05-02 00:00:00, 7.1
0.0, 8.5, 0.0, 97.0, 1993-05-03 00:00:00, 1.8
6.0, 12.7, 180.0, 91.0, 1993-05-04 00:00:00, 50.6
0.0, 10.7, 0.0, 89.0, 1993-05-05 00:00:00, 1.3
6.0, 8.4, 0.0, 98.0, 1993-05-06 00:00:00, 18.0
2.0, 11.1, 140.0, 79.0, 1993-05-07 00:00:00, 95.5
12.0, 10.0, 180.0, 79.0, 1993-05-08 00:00:00, 6.3
4.0, 9.3, 180.0, 70.0, 1993-05-09 00:00:00, 0.0
1.0, 7.0, 320.0, 97.0, 1993-05-10 00:00:00, 7.4
9.0, 11.4, 0.0, 71.0, 1993-05-11 00:00:00, 19.2
0.0, 8.4, 0.0, 94.0, 1993-05-12 00:00:00, 0.0
0.0, 12.6, 0.0, 83.0, 1993-05-13 00:00:00, 0.0
9.0, 13.3, 0.0, 88.0, 1993-05-14 00:00:00, 6.3
11.0, 13.3, 0.0, 81.0, 1993-05-15 00:00:00, 0.5
11.0, 14.2, 320.0, 78.0, 1993-05-16 00:00:00, 0.0
7.0, 20.4, 0.0, 58.0, 1993-05-17 00:00:00, 0.0
20.0, 18.3, 320.0, 76.0, 1993-05-18 00:00:00, 0.0
6.0, 14.2, 180.0, 96.0, 1993-05-19 00:00:00, 2.3
20.0, 13.0, 0.0, 94.0, 1993-05-20 00:00:00, 22.9
23.0, 10.3, 0.0, 97.0, 1993-05-21 00:00:00, 40.4
9.0, 13.0, 0.0, 97.0, 1993-05-22 00:00:00, 49.0
14.0, 22.5, 140.0, 35.0, 1993-05-23 00:00:00, 0.0
8.0, 28.7, 0.0, 24.0, 1993-05-24 00:00:00, 0.0
13.0, 21.7, 0.0, 64.0, 1993-05-25 00:00:00, 0.0
14.0, 18.3, 320.0, 77.0, 1993-05-26 00:00:00, 0.0
6.0, 14.7, 0.0, 94.0, 1993-05-27 00:00:00, 0.0
9.0, 14.3, 0.0, 93.0, 1993-05-28 00:00:00, 19.3
1.0, 13.8, 90.0, 92.0, 1993-05-29 00:00:00, 8.6
4.0, 15.3, 180.0, 95.0, 1993-05-30 00:00:00, 13.7
4.0, 14.2, 0.0, 95.0, 1993-05-31 00:00:00, 15.2
2.0, 14.3, 230.0, 94.0, 1993-06-01 00:00:00, 6.6
14.0, 17.6, 0.0, 75.0, 1993-06-02 00:00:00, 1.3
14.0, 17.5, 0.0, 77.0, 1993-06-03 00:00:00, 0.0
0.0, 13.5, 0.0, 95.0, 1993-06-04 00:00:00, 44.2
0.0, 22.8, 0.0, 62.0, 1993-06-05 00:00:00, 7.7
5.0, 13.6, 230.0, 92.0, 1993-06-06 00:00:00, 1.0
12.0, 17.3, 320.0, 66.0, 1993-06-07 00:00:00, 0.8
16.0, 13.5, 0.0, 70.0, 1993-06-08 00:00:00, 0.0
20.0, 11.5, 0.0, 96.0, 1993-06-09 00:00:00, 45.2
1.0, 10.4, 180.0, 95.0, 1993-06-10 00:00:00, 36.1
11.0, 16.1, 0.0, 77.0, 1993-06-11 00:00:00, 6.1
10.0, 14.7, 320.0, 81.0, 1993-06-12 00:00:00, 0.0
6.0, 17.2, 0.0, 75.0, 1993-06-13 00:00:00, 0.0
3.0, 12.7, 180.0, 96.0, 1993-06-14 00:00:00, 16.5
4.0, 15.3, 0.0, 89.0, 1993-06-15 00:00:00, 12.2
9.0, 17.7, 0.0, 87.0, 1993-06-16 00:00:00, 0.5
3.0, 14.8, 0.0, 94.0, 1993-06-17 00:00:00, 0.0
10.0, 16.6, 0.0, 84.0, 1993-06-18 00:00:00, 0.0
14.0, 18.7, 0.0, 64.0, 1993-06-19 00:00:00, 0.0
12.0, 16.7, 0.0, 74.0, 1993-06-20 00:00:00, 0.0
9.0, 13.8, 0.0, 74.0, 1993-06-21 00:00:00, 0.0
14.0, 13.7, 320.0, 77.0, 1993-06-22 00:00:00, 3.3
8.0, 15.7, 0.0, 67.0, 1993-06-23 00:00:00, 0.0
0.0, 12.8, 0.0, 97.0, 1993-06-24 00:00:00, 8.4
9.0, 16.1, 0.0, 93.0, 1993-06-25 00:00:00, 9.6
4.0, 13.7, 0.0, 96.0, 1993-06-26 00:00:00, 2.3
2.0, 13.0, 90.0, 88.0, 1993-06-27 00:00:00, 11.7
11.0, 18.1, 0.0, 75.0, 1993-06-28 00:00:00, 1.5
8.0, 14.9, 0.0, 81.0, 1993-06-29 00:00:00, 0.0
10.0, 13.2, 320.0, 97.0, 1993-06-30 00:00:00, 7.6
4.0, 14.1, 0.0, 89.0, 1993-07-01 00:00:00, 0.0
11.0, 19.1, 0.0, 75.0, 1993-07-02 00:00:00, 0.5
12.0, 17.5, 0.0, 75.0, 1993-07-03 00:00:00, 0.0
14.0, 18.1, 0.0, 78.0, 1993-07-04 00:00:00, 0.0
20.0, 17.4, 0.0, 78.0, 1993-07-05 00:00:00, 0.0
12.0, 18.9, 0.0, 70.0, 1993-07-06 00:00:00, 0.0
10.0, 21.4, 0.0, 64.0, 1993-07-07 00:00:00, 0.0
9.0, 15.5, 0.0, 88.0, 1993-07-08 00:00:00, 0.0
8.0, 14.9, 0.0, 90.0, 1993-07-09 00:00:00, 0.0
7.0, 13.0, 320.0, 95.0, 1993-07-10 00:00:00, 0.0
11.0, 15.6, 0.0, 81.0, 1993-07-11 00:00:00, 0.0
11.0, 14.9, 0.0, 0.0, 1993-07-12 00:00:00, 0.0
5.0, 15.4, 0.0, 89.0, 1993-07-13 00:00:00, 0.0
8.0, 15.8, 0.0, 91.0, 1993-07-14 00:00:00, 0.3
6.0, 13.8, 0.0, 95.0, 1993-07-15 00:00:00, 3.0
5.0, 14.8, 0.0, 94.0, 1993-07-16 00:00:00, 1.8
5.0, 15.1, 0.0, 91.0, 1993-07-17 00:00:00, 0.0
2.0, 14.9, 0.0, 81.0, 1993-07-18 00:00:00, 0.0
8.0, 19.4, 0.0, 81.0, 1993-07-19 00:00:00, 0.0
5.0, 13.8, 0.0, 94.0, 1993-07-20 00:00:00, 0.5
3.0, 15.0, 270.0, 86.0, 1993-07-21 00:00:00, 0.3
10.0, 14.3, 320.0, 96.0, 1993-07-22 00:00:00, 6.9
3.0, 19.0, 0.0, 80.0, 1993-07-23 00:00:00, 5.1
13.0, 19.9, 0.0, 78.0, 1993-07-24 00:00:00, 0.0
10.0, 17.7, 0.0, 85.0, 1993-07-25 00:00:00, 0.0
8.0, 14.0, 0.0, 95.0, 1993-07-26 00:00:00, 0.0
3.0, 14.0, 0.0, 96.0, 1993-07-27 00:00:00, 1.5
9.0, 16.1, 0.0, 88.0, 1993-07-28 00:00:00, 10.7
0.0, 11.8, 0.0, 0.0, 1993-07-29 00:00:00, 16.8
2.0, 11.5, 180.0, 90.0, 1993-07-30 00:00:00, 4.1
10.0, 20.0, 0.0, 84.0, 1993-07-31 00:00:00, 10.7
7.0, 23.7, 0.0, 70.0, 1993-08-01 00:00:00, 0.0
8.0, 27.1, 0.0, 65.0, 1993-08-02 00:00:00, 0.0
6.0, 29.3, 0.0, 50.0, 1993-08-03 00:00:00, 0.0
7.0, 31.9, 0.0, 35.0, 1993-08-04 00:00:00, 0.0
10.0, 18.4, 0.0, 92.0, 1993-08-05 00:00:00, 0.0
8.0, 14.8, 0.0, 96.0, 1993-08-06 00:00:00, 0.2
0.0, 15.1, 0.0, 96.0, 1993-08-07 00:00:00, 1.2
0.0, 15.0, 0.0, 92.0, 1993-08-08 00:00:00, 0.2
0.0, 14.9, 0.0, 94.0, 1993-08-09 00:00:00, 2.5
6.0, 17.3, 0.0, 87.0, 1993-08-10 00:00:00, 3.8
7.0, 17.0, 0.0, 93.0, 1993-08-11 00:00:00, 0.0
5.0, 14.6, 0.0, 95.0, 1993-08-12 00:00:00, 0.2
3.0, 16.1, 0.0, 87.0, 1993-08-13 00:00:00, 0.0
0.0, 15.9, 0.0, 91.0, 1993-08-14 00:00:00, 0.0
9.0, 21.2, 0.0, 77.0, 1993-08-15 00:00:00, 0.0
8.0, 14.8, 0.0, 95.0, 1993-08-16 00:00:00, 0.2
10.0, 20.3, 0.0, 76.0, 1993-08-17 00:00:00, 0.0
9.0, 21.8, 0.0, 76.0, 1993-08-18 00:00:00, 0.0
9.0, 25.2, 0.0, 61.0, 1993-08-19 00:00:00, 0.0
6.0, 14.6, 0.0, 95.0, 1993-08-20 00:00:00, 0.0
5.0, 14.4, 0.0, 95.0, 1993-08-21 00:00:00, 10.1
5.0, 14.5, 50.0, 94.0, 1993-08-22 00:00:00, 62.9
18.0, 14.5, 0.0, 82.0, 1993-08-23 00:00:00, 110.2
7.0, 15.9, 0.0, 78.0, 1993-08-24 00:00:00, 0.0
12.0, 17.9, 0.0, 68.0, 1993-08-25 00:00:00, 0.2
7.0, 16.9, 0.0, 79.0, 1993-08-26 00:00:00, 0.0
10.0, 18.4, 0.0, 80.0, 1993-08-27 00:00:00, 0.5
10.0, 18.0, 0.0, 82.0, 1993-08-28 00:00:00, 0.0
8.0, 21.8, 0.0, 63.0, 1993-08-29 00:00:00, 0.0
7.0, 23.3, 0.0, 52.0, 1993-08-30 00:00:00, 0.0
10.0, 24.5, 0.0, 52.0, 1993-08-31 00:00:00, 0.0
5.0, 16.4, 0.0, 90.0, 1993-09-01 00:00:00, 0.0
7.0, 21.2, 0.0, 76.0, 1993-09-02 00:00:00, 0.0
3.0, 14.4, 0.0, 99.0, 1993-09-03 00:00:00, 0.0
4.0, 14.1, 320.0, 99.0, 1993-09-04 00:00:00, 0.8
4.0, 14.5, 0.0, 99.0, 1993-09-05 00:00:00, 1.0
6.0, 21.3, 0.0, 83.0, 1993-09-06 00:00:00, 0.0
8.0, 25.0, 0.0, 66.0, 1993-09-07 00:00:00, 0.0
5.0, 21.7, 0.0, 82.0, 1993-09-08 00:00:00, 0.0
6.0, 21.0, 0.0, 83.0, 1993-09-09 00:00:00, 0.3
5.0, 14.4, 0.0, 99.0, 1993-09-10 00:00:00, 0.0
7.0, 18.4, 0.0, 77.0, 1993-09-11 00:00:00, 0.8
9.0, 18.4, 0.0, 76.0, 1993-09-12 00:00:00, 0.0
4.0, 19.7, 0.0, 63.0, 1993-09-13 00:00:00, 0.0
9.0, 18.5, 0.0, 77.0, 1993-09-14 00:00:00, 0.0
2.0, 12.8, 0.0, 96.0, 1993-09-15 00:00:00, 0.0
5.0, 18.7, 320.0, 68.0, 1993-09-16 00:00:00, 0.0
6.0, 11.9, 0.0, 99.0, 1993-09-17 00:00:00, 0.0
4.0, 12.1, 320.0, 88.0, 1993-09-18 00:00:00, 0.0
14.0, 16.2, 0.0, 77.0, 1993-09-19 00:00:00, 0.0
10.0, 15.3, 0.0, 75.0, 1993-09-20 00:00:00, 1.5
3.0, 11.4, 0.0, 93.0, 1993-09-21 00:00:00, 0.0
6.0, 17.6, 0.0, 67.0, 1993-09-22 00:00:00, 0.0
8.0, 18.5, 320.0, 68.0, 1993-09-23 00:00:00, 0.0
0.0, 11.9, 0.0, 98.0, 1993-09-24 00:00:00, 1.8
0.0, 13.2, 0.0, 95.0, 1993-09-25 00:00:00, 0.0
4.0, 19.7, 0.0, 68.0, 1993-09-26 00:00:00, 0.0
7.0, 24.3, 0.0, 59.0, 1993-09-27 00:00:00, 0.0
7.0, 15.0, 0.0, 99.0, 1993-09-28 00:00:00, 0.0
1.0, 11.7, 0.0, 99.0, 1993-09-29 00:00:00, 0.0
6.0, 11.5, 0.0, 99.0, 1993-09-30 00:00:00, 0.0
6.0, 18.7, 320.0, 74.0, 1993-10-01 00:00:00, 0.3
3.0, 21.6, 0.0, 68.0, 1993-10-02 00:00:00, 0.0
7.0, 20.1, 0.0, 75.0, 1993-10-03 00:00:00, 0.0
6.0, 11.0, 0.0, 99.0, 1993-10-04 00:00:00, 0.3
0.0, 12.1, 0.0, 99.0, 1993-10-05 00:00:00, 2.0
9.0, 15.6, 0.0, 91.0, 1993-10-06 00:00:00, 10.4
3.0, 15.5, 0.0, 81.0, 1993-10-07 00:00:00, 0.0
5.0, 17.3, 0.0, 70.0, 1993-10-08 00:00:00, 0.0
5.0, 18.9, 0.0, 62.0, 1993-10-09 00:00:00, 0.0
7.0, 20.2, 0.0, 53.0, 1993-10-10 00:00:00, 0.0
5.0, 19.3, 0.0, 58.0, 1993-10-11 00:00:00, 0.0
6.0, 13.9, 180.0, 99.0, 1993-10-12 00:00:00, 1.8
3.0, 10.5, 0.0, 90.0, 1994-04-16 00:00:00, 0.0
40.0, 13.3, 0.0, 92.0, 1994-04-17 00:00:00, 0.0
10.0, 10.6, 0.0, 95.0, 1994-04-18 00:00:00, 17.2
6.0, 14.9, 0.0, 85.0, 1994-04-19 00:00:00, 2.0
20.0, 10.6, 0.0, 92.0, 1994-04-20 00:00:00, 5.3
21.0, 13.7, 0.0, 64.0, 1994-04-21 00:00:00, 2.0
15.0, 13.7, 0.0, 64.0, 1994-04-22 00:00:00, 0.0
3.0, 10.0, 90.0, 79.0, 1994-04-23 00:00:00, 5.3
11.0, 15.8, 0.0, 60.0, 1994-04-24 00:00:00, 0.0
18.0, 14.6, 320.0, 76.0, 1994-04-25 00:00:00, 0.0
13.0, 16.3, 0.0, 75.0, 1994-04-26 00:00:00, 0.0
14.0, 12.3, 320.0, 91.0, 1994-04-27 00:00:00, 0.0
4.0, 9.2, 0.0, 93.0, 1994-04-28 00:00:00, 1.2
11.0, 12.6, 320.0, 66.0, 1994-04-29 00:00:00, 8.0
10.0, 11.6, 0.0, 46.0, 1994-04-30 00:00:00, 0.0
11.0, 12.3, 0.0, 73.0, 1994-05-01 00:00:00, 10.9
10.0, 16.6, 0.0, 49.0, 1994-05-02 00:00:00, 10.9
1.0, 13.6, 140.0, 93.0, 1994-05-03 00:00:00, 7.6
11.0, 18.2, 140.0, 73.0, 1994-05-04 00:00:00, 0.0
11.0, 21.6, 0.0, 58.0, 1994-05-05 00:00:00, 0.0
14.0, 24.1, 0.0, 52.0, 1994-05-06 00:00:00, 0.0
14.0, 17.3, 0.0, 70.0, 1994-05-07 00:00:00, 0.0
14.0, 15.7, 0.0, 75.0, 1994-05-08 00:00:00, 0.0
0.0, 12.9, 0.0, 94.0, 1994-05-09 00:00:00, 3.5
8.0, 12.4, 0.0, 94.0, 1994-05-10 00:00:00, 0.2
11.0, 13.8, 0.0, 63.0, 1994-05-11 00:00:00, 0.7
17.0, 13.8, 320.0, 79.0, 1994-05-12 00:00:00, 11.9
0.0, 12.2, 0.0, 81.0, 1994-05-13 00:00:00, 0.0
13.0, 16.3, 0.0, 68.0, 1994-05-14 00:00:00, 2.5
16.0, 16.1, 0.0, 70.0, 1994-05-15 00:00:00, 0.0
9.0, 15.0, 0.0, 81.0, 1994-05-16 00:00:00, 0.0
9.0, 18.8, 0.0, 73.0, 1994-05-17 00:00:00, 0.0
8.0, 21.7, 0.0, 54.0, 1994-05-18 00:00:00, 0.0
6.0, 14.9, 0.0, 85.0, 1994-05-19 00:00:00, 2.0
21.0, 10.6, 0.0, 92.0, 1994-05-20 00:00:00, 2.3
13.0, 15.0, 0.0, 86.0, 1994-05-21 00:00:00, 1.5
8.0, 16.5, 0.0, 69.0, 1994-05-22 00:00:00, 0.0
10.0, 18.1, 0.0, 67.0, 1994-05-23 00:00:00, 0.0
3.0, 16.5, 0.0, 72.0, 1994-05-24 00:00:00, 0.0
12.0, 17.1, 0.0, 62.0, 1994-05-25 00:00:00, 1.2
17.0, 15.1, 0.0, 55.0, 1994-05-26 00:00:00, 0.0
20.0, 15.2, 0.0, 52.0, 1994-05-27 00:00:00, 0.0
8.0, 9.5, 0.0, 95.0, 1994-05-28 00:00:00, 38.3
5.0, 11.5, 0.0, 92.0, 1994-05-29 00:00:00, 57.9
6.0, 15.4, 50.0, 67.0, 1994-05-30 00:00:00, 4.3
6.0, 9.8, 90.0, 93.0, 1994-05-31 00:00:00, 18.5
6.0, 14.2, 50.0, 83.0, 1994-06-01 00:00:00, 6.8
9.0, 17.3, 90.0, 65.0, 1994-06-02 00:00:00, 1.2
9.0, 14.8, 50.0, 76.0, 1994-06-03 00:00:00, 0.0
6.0, 11.1, 50.0, 94.0, 1994-06-04 00:00:00, 4.8
4.0, 16.3, 90.0, 58.0, 1994-06-05 00:00:00, 1.0
14.0, 12.5, 50.0, 88.0, 1994-06-06 00:00:00, 3.8
0.0, 12.8, 0.0, 87.0, 1994-06-07 00:00:00, 10.6
16.0, 17.4, 50.0, 75.0, 1994-06-08 00:00:00, 0.0
4.0, 16.0, 90.0, 78.0, 1994-06-09 00:00:00, 0.0
9.0, 15.1, 50.0, 88.0, 1994-06-10 00:00:00, 0.2
11.0, 14.1, 50.0, 93.0, 1994-06-11 00:00:00, 14.7
7.0, 11.4, 140.0, 90.0, 1994-06-12 00:00:00, 0.7
18.0, 9.9, 90.0, 94.0, 1994-06-13 00:00:00, 79.2
13.0, 10.3, 90.0, 94.0, 1994-06-14 00:00:00, 103.6
7.0, 14.3, 50.0, 86.0, 1994-06-15 00:00:00, 8.6
8.0, 16.2, 90.0, 83.0, 1994-06-16 00:00:00, 0.0
9.0, 17.0, 90.0, 77.0, 1994-06-17 00:00:00, 0.0
18.0, 6.9, 90.0, 99.0, 1994-06-18 00:00:00, 5.3
4.0, 11.9, 50.0, 84.0, 1994-06-19 00:00:00, 0.0
16.0, 21.7, 50.0, 57.0, 1994-06-20 00:00:00, 0.0
13.0, 18.7, 90.0, 78.0, 1994-06-21 00:00:00, 0.0
9.0, 14.7, 50.0, 91.0, 1994-06-22 00:00:00, 0.0
11.0, 13.7, 90.0, 83.0, 1994-06-23 00:00:00, 0.0
13.0, 13.8, 50.0, 84.0, 1994-06-24 00:00:00, 0.0
7.0, 16.8, 90.0, 83.0, 1994-06-25 00:00:00, 0.0
9.0, 15.3, 90.0, 94.0, 1994-06-26 00:00:00, 1.5
7.0, 17.4, 50.0, 81.0, 1994-06-27 00:00:00, 0.0
13.0, 20.7, 90.0, 72.0, 1994-06-28 00:00:00, 0.0
13.0, 19.0, 90.0, 68.0, 1994-06-29 00:00:00, 0.0
8.0, 12.7, 90.0, 94.0, 1994-06-30 00:00:00, 0.2
12.0, 13.7, 50.0, 87.0, 1994-07-01 00:00:00, 58.1
8.0, 16.8, 90.0, 70.0, 1994-07-02 00:00:00, 0.2
9.0, 14.7, 90.0, 77.0, 1994-07-03 00:00:00, 0.0
9.0, 17.0, 90.0, 75.0, 1994-07-04 00:00:00, 0.0
11.0, 21.2, 50.0, 62.0, 1994-07-05 00:00:00, 0.5
9.0, 15.3, 50.0, 89.0, 1994-07-06 00:00:00, 0.0
3.0, 15.4, 50.0, 92.0, 1994-07-07 00:00:00, 0.0
12.0, 18.8, 90.0, 75.0, 1994-07-08 00:00:00, 0.0
11.0, 20.6, 50.0, 67.0, 1994-07-09 00:00:00, 0.0
10.0, 19.6, 50.0, 74.0, 1994-07-10 00:00:00, 0.0
12.0, 21.0, 50.0, 72.0, 1994-07-11 00:00:00, 0.0
9.0, 19.3, 50.0, 79.0, 1994-07-12 00:00:00, 0.0
10.0, 16.4, 50.0, 87.0, 1994-07-13 00:00:00, 0.0
10.0, 15.9, 50.0, 90.0, 1994-07-14 00:00:00, 0.0
11.0, 18.7, 50.0, 84.0, 1994-07-15 00:00:00, 0.0
12.0, 19.1, 50.0, 83.0, 1994-07-16 00:00:00, 0.0
7.0, 15.0, 50.0, 92.0, 1994-07-17 00:00:00, 1.5
12.0, 20.5, 90.0, 81.0, 1994-07-18 00:00:00, 4.6
10.0, 26.7, 50.0, 64.0, 1994-07-19 00:00:00, 0.0
13.0, 30.6, 90.0, 41.0, 1994-07-20 00:00:00, 0.0
10.0, 24.6, 50.0, 69.0, 1994-07-21 00:00:00, 0.0
11.0, 28.7, 50.0, 59.0, 1994-07-22 00:00:00, 0.0
9.0, 18.8, 90.0, 84.0, 1994-07-23 00:00:00, 0.0
14.0, 18.8, 50.0, 85.0, 1994-07-24 00:00:00, 0.0
12.0, 16.1, 50.0, 92.0, 1994-07-25 00:00:00, 0.5
9.0, 20.0, 50.0, 81.0, 1994-07-26 00:00:00, 0.3
10.0, 21.2, 50.0, 79.0, 1994-07-27 00:00:00, 0.0
11.0, 17.3, 50.0, 84.0, 1994-07-28 00:00:00, 0.3
8.0, 17.4, 90.0, 78.0, 1994-07-29 00:00:00, 1.8
5.0, 18.7, 140.0, 71.0, 1994-07-30 00:00:00, 0.0
8.0, 17.7, 50.0, 82.0, 1994-07-31 00:00:00, 0.0
9.0, 20.5, 50.0, 73.0, 1994-08-01 00:00:00, 0.0
10.0, 23.3, 50.0, 74.0, 1994-08-02 00:00:00, 0.0
13.0, 20.9, 90.0, 78.0, 1994-08-03 00:00:00, 0.0
14.0, 19.7, 90.0, 83.0, 1994-08-04 00:00:00, 1.0
14.0, 17.8, 90.0, 74.0, 1994-08-05 00:00:00, 2.0
10.0, 19.4, 90.0, 71.0, 1994-08-06 00:00:00, 0.0
8.0, 20.6, 90.0, 71.0, 1994-08-07 00:00:00, 0.0
0.0, 15.7, 0.0, 92.0, 1994-08-08 00:00:00, 5.1
14.0, 21.0, 50.0, 73.0, 1994-08-09 00:00:00, 0.5
9.0, 23.3, 50.0, 64.0, 1994-08-10 00:00:00, 0.0
11.0, 21.9, 90.0, 75.0, 1994-08-11 00:00:00, 0.0
5.0, 16.3, 90.0, 90.0, 1994-08-12 00:00:00, 0.3
8.0, 22.1, 90.0, 71.0, 1994-08-13 00:00:00, 0.3
18.0, 21.6, 90.0, 72.0, 1994-08-14 00:00:00, 0.0
9.0, 19.2, 90.0, 79.0, 1994-08-15 00:00:00, 0.0
10.0, 18.8, 50.0, 85.0, 1994-08-16 00:00:00, 5.1
7.0, 19.2, 90.0, 81.0, 1994-08-17 00:00:00, 0.8
11.0, 17.7, 50.0, 90.0, 1994-08-18 00:00:00, 0.0
2.0, 15.5, 270.0, 93.0, 1994-08-19 00:00:00, 7.9
2.0, 16.0, 140.0, 92.0, 1994-08-20 00:00:00, 10.2
10.0, 17.0, 50.0, 89.0, 1994-08-21 00:00:00, 1.5
0.0, 15.2, 0.0, 93.0, 1994-08-22 00:00:00, 6.9
11.0, 20.4, 90.0, 70.0, 1994-08-23 00:00:00, 1.0
14.0, 19.6, 90.0, 75.0, 1994-08-24 00:00:00, 0.0
12.0, 21.7, 90.0, 71.0, 1994-08-25 00:00:00, 0.0
10.0, 20.3, 50.0, 78.0, 1994-08-26 00:00:00, 0.0
10.0, 24.8, 50.0, 55.0, 1994-08-27 00:00:00, 0.0
2.0, 17.0, 270.0, 89.0, 1994-08-28 00:00:00, 0.8
10.0, 18.8, 90.0, 79.0, 1994-08-29 00:00:00, 0.5
10.0, 22.8, 90.0, 67.0, 1994-08-30 00:00:00, 0.0
11.0, 21.1, 90.0, 75.0, 1994-08-31 00:00:00, 0.0
15.0, 18.6, 90.0, 59.0, 1994-09-01 00:00:00, 0.0
18.0, 15.9, 90.0, 71.0, 1994-09-02 00:00:00, 0.0
1.0, 14.3, 50.0, 92.0, 1994-09-03 00:00:00, 37.1
9.0, 17.4, 90.0, 81.0, 1994-09-04 00:00:00, 0.0
8.0, 20.9, 90.0, 57.0, 1994-09-05 00:00:00, 0.0
10.0, 19.0, 50.0, 76.0, 1994-09-06 00:00:00, 0.0
3.0, 13.7, 230.0, 93.0, 1994-09-07 00:00:00, 93.5
5.0, 12.9, 90.0, 94.0, 1994-09-08 00:00:00, 31.5
7.0, 15.2, 90.0, 87.0, 1994-09-09 00:00:00, 5.1
11.0, 16.7, 50.0, 81.0, 1994-09-10 00:00:00, 5.6
11.0, 17.0, 90.0, 82.0, 1994-09-11 00:00:00, 6.1
6.0, 13.2, 90.0, 92.0, 1994-09-12 00:00:00, 0.0
10.0, 14.3, 90.0, 92.0, 1994-09-13 00:00:00, 14.7
11.0, 14.7, 90.0, 92.0, 1994-09-14 00:00:00, 23.4
0.0, 15.4, 0.0, 93.0, 1994-09-15 00:00:00, 9.6
9.0, 21.9, 90.0, 80.0, 1994-09-16 00:00:00, 4.8
6.0, 21.2, 90.0, 80.0, 1994-09-17 00:00:00, 0.0
3.0, 15.6, 90.0, 93.0, 1994-09-18 00:00:00, 0.0
7.0, 21.3, 90.0, 79.0, 1994-09-19 00:00:00, 0.3
6.0, 21.2, 50.0, 81.0, 1994-09-20 00:00:00, 0.3
6.0, 25.4, 90.0, 56.0, 1994-09-21 00:00:00, 0.0
4.0, 26.6, 90.0, 53.0, 1994-09-22 00:00:00, 0.0
5.0, 20.9, 90.0, 79.0, 1994-09-23 00:00:00, 0.0
14.0, 19.2, 270.0, 81.0, 1994-09-24 00:00:00, 0.0
8.0, 19.4, 90.0, 80.0, 1994-09-25 00:00:00, 0.0
6.0, 18.6, 90.0, 91.0, 1994-09-26 00:00:00, 0.2
5.0, 22.4, 90.0, 70.0, 1994-09-27 00:00:00, 0.0
10.0, 21.9, 50.0, 74.0, 1994-09-28 00:00:00, 0.0
12.0, 21.0, 90.0, 66.0, 1994-09-29 00:00:00, 0.2
11.0, 14.1, 90.0, 93.0, 1994-09-30 00:00:00, 22.6
9.0, 17.5, 90.0, 81.0, 1994-10-01 00:00:00, 66.1
7.0, 17.2, 90.0, 70.0, 1994-10-02 00:00:00, 0.0
8.0, 18.1, 140.0, 53.0, 1994-10-03 00:00:00, 0.0
9.0, 20.0, 90.0, 52.0, 1994-10-04 00:00:00, 0.0
11.0, 18.2, 90.0, 65.0, 1994-10-05 00:00:00, 0.0
7.0, 13.6, 90.0, 85.0, 1994-10-06 00:00:00, 0.0
6.0, 16.0, 90.0, 73.0, 1994-10-07 00:00:00, 0.0
6.0, 16.6, 90.0, 78.0, 1994-10-08 00:00:00, 0.0
0.0, 12.0, 0.0, 93.0, 1994-10-09 00:00:00, 6.3
7.0, 11.5, 90.0, 88.0, 1994-10-10 00:00:00, 3.6
13.0, 13.6, 90.0, 80.0, 1994-10-11 00:00:00, 0.0
9.0, 14.0, 90.0, 70.0, 1994-10-12 00:00:00, 0.0
5.0, 8.9, 270.0, 94.0, 1994-10-13 00:00:00, 5.3
10.0, 14.8, 90.0, 66.0, 1994-10-14 00:00:00, 30.5
7.0, 23.3, 0.0, 55.0, 1995-05-24 00:00:00, 0.0
8.0, 22.2, 180.0, 49.0, 1995-05-25 00:00:00, 0.0
6.0, 11.3, 180.0, 96.0, 1995-05-26 00:00:00, 0.0
5.0, 10.0, 180.0, 99.0, 1995-05-27 00:00:00, 0.5
9.0, 18.2, 180.0, 52.0, 1995-05-28 00:00:00, 0.0
10.0, 20.7, 180.0, 54.0, 1995-05-29 00:00:00, 0.0
9.0, 16.4, 180.0, 65.0, 1995-05-30 00:00:00, 0.0
11.0, 16.0, 180.0, 59.0, 1995-05-31 00:00:00, 0.0
10.0, 16.4, 180.0, 68.0, 1995-06-01 00:00:00, 0.0
10.0, 16.9, 180.0, 61.0, 1995-06-02 00:00:00, 0.0
12.0, 14.5, 180.0, 63.0, 1995-06-03 00:00:00, 0.0
7.0, 11.0, 180.0, 98.0, 1995-06-04 00:00:00, 28.9
8.0, 10.6, 180.0, 67.0, 1995-06-05 00:00:00, 0.2
9.0, 16.3, 180.0, 54.0, 1995-06-06 00:00:00, 5.0
7.0, 17.5, 180.0, 62.0, 1995-06-07 00:00:00, 0.0
8.0, 21.3, 180.0, 51.0, 1995-06-08 00:00:00, 0.0
8.0, 17.9, 180.0, 68.0, 1995-06-09 00:00:00, 0.0
7.0, 12.2, 180.0, 80.0, 1995-06-10 00:00:00, 6.1
10.0, 9.3, 180.0, 90.0, 1995-06-11 00:00:00, 18.7
10.0, 10.3, 180.0, 90.0, 1995-06-12 00:00:00, 18.7
5.0, 10.9, 180.0, 79.0, 1995-06-13 00:00:00, 0.0
5.0, 14.6, 180.0, 66.0, 1995-06-14 00:00:00, 0.0
10.0, 17.4, 180.0, 67.0, 1995-06-15 00:00:00, 0.0
6.0, 10.9, 180.0, 88.0, 1995-06-16 00:00:00, 0.0
6.0, 8.9, 180.0, 97.0, 1995-06-17 00:00:00, 1.8
3.0, 11.3, 180.0, 84.0, 1995-06-18 00:00:00, 0.7
6.0, 12.5, 180.0, 85.0, 1995-06-19 00:00:00, 0.0
6.0, 13.8, 180.0, 81.0, 1995-06-20 00:00:00, 0.0
9.0, 13.8, 180.0, 85.0, 1995-06-21 00:00:00, 0.0
6.0, 14.2, 180.0, 90.0, 1995-06-22 00:00:00, 0.0
8.0, 19.2, 180.0, 68.0, 1995-06-23 00:00:00, 0.0
11.0, 18.1, 180.0, 56.0, 1995-06-24 00:00:00, 0.0
11.0, 19.5, 180.0, 57.0, 1995-06-25 00:00:00, 0.0
11.0, 20.3, 180.0, 54.0, 1995-06-26 00:00:00, 0.0
11.0, 22.8, 270.0, 25.0, 1995-06-27 00:00:00, 0.0
7.0, 29.1, 180.0, 23.0, 1995-06-28 00:00:00, 0.0
8.0, 31.3, 180.0, 22.0, 1995-06-29 00:00:00, 0.0
10.0, 30.7, 180.0, 24.0, 1995-06-30 00:00:00, 0.0
10.0, 19.7, 180.0, 73.0, 1995-07-01 00:00:00, 0.0
10.0, 20.7, 180.0, 61.0, 1995-07-02 00:00:00, 0.0
6.0, 14.1, 180.0, 89.0, 1995-07-03 00:00:00, 0.2
5.0, 13.9, 180.0, 88.0, 1995-07-04 00:00:00, 6.0
9.0, 15.6, 180.0, 73.0, 1995-07-05 00:00:00, 3.5
9.0, 17.9, 180.0, 71.0, 1995-07-06 00:00:00, 0.0
4.0, 13.1, 180.0, 93.0, 1995-07-07 00:00:00, 0.2
11.0, 20.3, 180.0, 58.0, 1995-07-08 00:00:00, 0.0
9.0, 18.1, 180.0, 79.0, 1995-07-09 00:00:00, 1.5
10.0, 12.7, 180.0, 94.0, 1995-07-10 00:00:00, 11.7
11.0, 16.9, 180.0, 74.0, 1995-07-11 00:00:00, 9.1
10.0, 19.5, 180.0, 59.0, 1995-07-12 00:00:00, 0.0
5.0, 12.6, 180.0, 96.0, 1995-07-13 00:00:00, 6.9
7.0, 16.3, 180.0, 92.0, 1995-07-14 00:00:00, 1.7
10.0, 20.6, 180.0, 74.0, 1995-07-15 00:00:00, 0.0
8.0, 25.8, 180.0, 44.0, 1995-07-16 00:00:00, 0.0
9.0, 29.6, 180.0, 32.0, 1995-07-17 00:00:00, 0.0
10.0, 29.1, 180.0, 34.0, 1995-07-18 00:00:00, 0.0
8.0, 25.9, 180.0, 52.0, 1995-07-19 00:00:00, 0.0
6.0, 14.1, 180.0, 99.0, 1995-07-20 00:00:00, 0.2
7.0, 16.4, 180.0, 87.0, 1995-07-21 00:00:00, 0.2
7.0, 15.5, 180.0, 89.0, 1995-07-22 00:00:00, 0.5
6.0, 14.3, 180.0, 95.0, 1995-07-23 00:00:00, 1.0
8.0, 17.7, 180.0, 77.0, 1995-07-24 00:00:00, 0.5
7.0, 13.2, 180.0, 99.0, 1995-07-25 00:00:00, 9.1
9.0, 15.4, 180.0, 69.0, 1995-07-26 00:00:00, 92.9
6.0, 16.6, 180.0, 76.0, 1995-07-27 00:00:00, 1.5
9.0, 16.1, 180.0, 74.0, 1995-07-28 00:00:00, 0.0
8.0, 16.9, 180.0, 51.0, 1995-07-29 00:00:00, 0.0
10.0, 17.3, 180.0, 72.0, 1995-07-30 00:00:00, 0.0
10.0, 21.5, 180.0, 66.0, 1995-07-31 00:00:00, 0.0
7.0, 16.2, 180.0, 90.0, 1995-08-01 00:00:00, 0.0
6.0, 14.4, 180.0, 99.0, 1995-08-02 00:00:00, 0.0
7.0, 19.3, 180.0, 86.0, 1995-08-03 00:00:00, 3.8
9.0, 21.7, 180.0, 70.0, 1995-08-04 00:00:00, 0.0
8.0, 15.8, 180.0, 75.0, 1995-08-05 00:00:00, 0.0
3.0, 11.6, 180.0, 99.0, 1995-08-06 00:00:00, 2.3
8.0, 15.1, 180.0, 84.0, 1995-08-07 00:00:00, 7.1
5.0, 12.8, 180.0, 87.0, 1995-08-08 00:00:00, 0.8
5.0, 16.8, 180.0, 86.0, 1995-08-09 00:00:00, 6.6
8.0, 17.0, 180.0, 84.0, 1995-08-10 00:00:00, 0.0
5.0, 13.6, 180.0, 93.0, 1995-08-11 00:00:00, 0.0
10.0, 15.7, 180.0, 73.0, 1995-08-12 00:00:00, 9.4
11.0, 17.4, 180.0, 64.0, 1995-08-13 00:00:00, 0.0
8.0, 12.8, 180.0, 99.0, 1995-08-14 00:00:00, 19.1
9.0, 13.0, 180.0, 84.0, 1995-08-15 00:00:00, 5.3
7.0, 14.3, 180.0, 72.0, 1995-08-16 00:00:00, 0.0
10.0, 14.2, 180.0, 79.0, 1995-08-17 00:00:00, 0.8
11.0, 10.5, 180.0, 95.0, 1995-08-18 00:00:00, 17.3
6.0, 12.2, 180.0, 99.0, 1995-08-19 00:00:00, 64.5
9.0, 18.8, 180.0, 76.0, 1995-08-20 00:00:00, 1.8
6.0, 13.7, 180.0, 98.0, 1995-08-21 00:00:00, 1.3
8.0, 17.4, 180.0, 79.0, 1995-08-22 00:00:00, 50.6
6.0, 13.7, 180.0, 90.0, 1995-08-23 00:00:00, 0.5
7.0, 15.9, 180.0, 75.0, 1995-08-24 00:00:00, 0.0
9.0, 19.1, 180.0, 56.0, 1995-08-25 00:00:00, 0.0
11.0, 16.2, 180.0, 62.0, 1995-08-26 00:00:00, 0.0
8.0, 17.9, 180.0, 63.0, 1995-08-27 00:00:00, 0.0
6.0, 15.0, 180.0, 83.0, 1995-08-28 00:00:00, 0.0
9.0, 15.1, 180.0, 79.0, 1995-08-29 00:00:00, 0.5
7.0, 20.3, 180.0, 59.0, 1995-08-30 00:00:00, 0.0
8.0, 21.3, 180.0, 55.0, 1995-08-31 00:00:00, 0.0
9.0, 23.1, 180.0, 39.0, 1995-09-01 00:00:00, 0.0
9.0, 24.4, 180.0, 42.0, 1995-09-02 00:00:00, 0.0
8.0, 20.4, 180.0, 68.0, 1995-09-03 00:00:00, 0.0
7.0, 14.8, 180.0, 98.0, 1995-09-04 00:00:00, 2.3
7.0, 15.4, 180.0, 91.0, 1995-09-05 00:00:00, 22.9
4.0, 18.2, 180.0, 81.0, 1995-09-06 00:00:00, 13.5
8.0, 21.8, 180.0, 54.0, 1995-09-07 00:00:00, 0.0
7.0, 15.3, 180.0, 99.0, 1995-09-08 00:00:00, 0.0
7.0, 20.1, 180.0, 68.0, 1995-09-09 00:00:00, 0.3
7.0, 18.7, 180.0, 69.0, 1995-09-10 00:00:00, 0.0
7.0, 18.1, 180.0, 79.0, 1995-09-11 00:00:00, 0.0
8.0, 21.5, 180.0, 69.0, 1995-09-12 00:00:00, 0.0
6.0, 23.0, 180.0, 58.0, 1995-09-13 00:00:00, 0.0
7.0, 25.5, 180.0, 46.0, 1995-09-14 00:00:00, 0.0
7.0, 23.0, 180.0, 63.0, 1995-09-15 00:00:00, 0.0
6.0, 15.3, 180.0, 99.0, 1995-09-16 00:00:00, 0.0
5.0, 15.4, 180.0, 87.0, 1995-09-17 00:00:00, 0.5
10.0, 18.1, 180.0, 75.0, 1995-09-18 00:00:00, 0.0
8.0, 20.4, 180.0, 77.0, 1995-09-19 00:00:00, 1.0
6.0, 22.7, 180.0, 43.0, 1995-09-20 00:00:00, 0.0
5.0, 26.3, 180.0, 22.0, 1995-09-21 00:00:00, 0.0
6.0, 25.9, 180.0, 26.0, 1995-09-22 00:00:00, 0.0
8.0, 20.1, 180.0, 53.0, 1995-09-23 00:00:00, 0.0
7.0, 16.3, 180.0, 75.0, 1995-09-24 00:00:00, 0.0
7.0, 16.7, 180.0, 68.0, 1995-09-25 00:00:00, 7.1
7.0, 13.2, 180.0, 93.0, 1995-09-26 00:00:00, 10.4
3.0, 13.7, 180.0, 96.0, 1995-09-27 00:00:00, 9.4
4.0, 12.1, 180.0, 90.0, 1995-09-28 00:00:00, 6.1
4.0, 12.3, 180.0, 92.0, 1995-09-29 00:00:00, 3.8
9.0, 14.7, 180.0, 59.0, 1995-09-30 00:00:00, 28.7
5.0, 8.9, 180.0, 98.0, 1995-10-01 00:00:00, 7.1
6.0, 12.2, 180.0, 99.0, 1995-10-02 00:00:00, 37.6
13.0, 13.1, 180.0, 91.0, 1995-10-03 00:00:00, 3.8
7.0, 14.0, 180.0, 63.0, 1995-10-04 00:00:00, 0.0
3.0, 9.6, 180.0, 91.0, 1995-10-05 00:00:00, 2.5
10.0, 12.0, 180.0, 94.0, 1995-10-06 00:00:00, 81.5
6.0, 10.1, 180.0, 99.0, 1995-10-07 00:00:00, 10.7
6.0, 10.3, 180.0, 94.0, 1995-10-08 00:00:00, 53.1
6.0, 10.7, 180.0, 99.0, 1995-10-09 00:00:00, 143.8
7.0, 8.7, 180.0, 93.0, 1995-10-10 00:00:00, 94.0
8.0, 7.8, 180.0, 97.0, 1995-10-11 00:00:00, 22.9
5.0, 9.7, 180.0, 86.0, 1995-10-12 00:00:00, 1.8
8.0, 10.0, 180.0, 99.0, 1995-10-13 00:00:00, 105.9
4.0, 12.6, 180.0, 99.0, 1995-10-14 00:00:00, 149.6
12.0, 11.2, 180.0, 99.0, 1995-10-15 00:00:00, 22.6
8.0, 8.6, 180.0, 99.0, 1995-10-16 00:00:00, 89.9
17.0, 11.1, 180.0, 74.0, 1995-10-17 00:00:00, 98.3
7.0, 11.2, 180.0, 76.0, 1995-10-18 00:00:00, 0.0
9.0, 16.4, 180.0, 23.0, 1995-10-19 00:00:00, 0.0
10.0, 10.7, 180.0, 77.0, 1995-10-20 00:00:00, 18.0
6.0, 8.6, 180.0, 95.0, 1995-10-21 00:00:00, 19.0
3.0, 9.5, 180.0, 80.0, 1995-10-22 00:00:00, 0.0
7.0, 10.4, 180.0, 99.0, 1995-10-23 00:00:00, 35.8
6.0, 8.9, 180.0, 98.0, 1995-10-24 00:00:00, 4.3
7.0, 10.4, 180.0, 99.0, 1995-10-25 00:00:00, 119.1
12.0, 8.1, 180.0, 86.0, 1995-10-26 00:00:00, 51.6
6.0, 7.6, 180.0, 86.0, 1995-10-27 00:00:00, 1.3
4.0, 8.6, 180.0, 84.0, 1995-10-28 00:00:00, 0.0
6.0, 11.6, 180.0, 32.0, 1995-10-29 00:00:00, 0.0
5.0, 10.0, 180.0, 47.0, 1995-10-30 00:00:00, 0.0
0.0, 11.9, 0.0, 76.0, 1996-03-14 00:00:00, 0.0
10.0, 7.5, 180.0, 71.0, 1996-03-15 00:00:00, 11.4
4.0, 3.5, 50.0, 99.0, 1996-03-16 00:00:00, 3.3
8.0, 7.4, 50.0, 99.0, 1996-03-17 00:00:00, 4.8
8.0, 14.8, 0.0, 31.0, 1996-03-18 00:00:00, 0.0
13.0, 4.7, 230.0, 99.0, 1996-03-19 00:00:00, 43.7
4.0, 4.4, 0.0, 99.0, 1996-03-20 00:00:00, 94.5
5.0, 6.6, 90.0, 96.0, 1996-03-21 00:00:00, 24.6
7.0, 10.5, 50.0, 70.0, 1996-03-22 00:00:00, 0.5
8.0, 10.0, 90.0, 73.0, 1996-03-23 00:00:00, 0.0
10.0, 7.8, 0.0, 18.0, 1996-03-24 00:00:00, 0.0
8.0, 7.8, 90.0, 38.0, 1996-03-25 00:00:00, 0.0
6.0, 9.3, 90.0, 50.0, 1996-03-26 00:00:00, 0.0
14.0, 6.3, 0.0, 33.0, 1996-03-27 00:00:00, 0.0
7.0, 8.1, 180.0, 44.0, 1996-03-28 00:00:00, 0.0
7.0, 8.6, 180.0, 44.0, 1996-03-29 00:00:00, 0.0
7.0, 5.5, 90.0, 75.0, 1996-03-30 00:00:00, 0.0
9.0, 7.7, 0.0, 66.0, 1996-03-31 00:00:00, 1.5
8.0, 5.6, 50.0, 99.0, 1996-04-01 00:00:00, 41.9
5.0, 3.2, 0.0, 84.0, 1996-04-02 00:00:00, 13.4
8.0, 3.3, 320.0, 99.0, 1996-04-03 00:00:00, 19.7
11.0, 7.6, 230.0, 91.0, 1996-04-04 00:00:00, 7.8
9.0, 8.8, 180.0, 99.0, 1996-04-05 00:00:00, 129.3
6.0, 11.2, 90.0, 97.0, 1996-04-06 00:00:00, 161.0
2.0, 12.1, 0.0, 99.0, 1996-04-07 00:00:00, 23.1
5.0, 14.5, 50.0, 91.0, 1996-04-08 00:00:00, 1.0
10.0, 8.1, 90.0, 99.0, 1996-04-09 00:00:00, 15.0
5.0, 7.6, 180.0, 91.0, 1996-04-10 00:00:00, 13.9
8.0, 5.5, 230.0, 97.0, 1996-04-11 00:00:00, 6.5
4.0, 8.1, 50.0, 91.0, 1996-04-12 00:00:00, 31.7
2.0, 7.3, 90.0, 99.0, 1996-04-13 00:00:00, 9.3
9.0, 13.6, 140.0, 49.0, 1996-04-14 00:00:00, 0.5
6.0, 9.8, 0.0, 99.0, 1996-04-15 00:00:00, 62.2
10.0, 6.7, 230.0, 95.0, 1996-04-16 00:00:00, 33.7
6.0, 7.1, 230.0, 81.0, 1996-04-17 00:00:00, 44.1
9.0, 3.7, 0.0, 99.0, 1996-04-18 00:00:00, 35.3
5.0, 6.6, 320.0, 87.0, 1996-04-19 00:00:00, 11.6
11.0, 9.7, 50.0, 65.0, 1996-04-20 00:00:00, 8.1
8.0, 13.5, 90.0, 53.0, 1996-04-21 00:00:00, 2.0
9.0, 6.9, 50.0, 98.0, 1996-04-22 00:00:00, 0.0
7.0, 8.3, 0.0, 96.0, 1996-04-23 00:00:00, 0.0
6.0, 6.3, 0.0, 91.0, 1996-04-24 00:00:00, 0.0
8.0, 3.1, 230.0, 99.0, 1996-04-25 00:00:00, 0.0
9.0, 3.5, 0.0, 99.0, 1996-04-26 00:00:00, 1.2
9.0, 10.0, 90.0, 79.0, 1996-04-27 00:00:00, 0.0
8.0, 4.6, 0.0, 99.0, 1996-04-28 00:00:00, 0.0
8.0, 9.3, 90.0, 75.0, 1996-04-29 00:00:00, 0.0
7.0, 8.4, 140.0, 79.0, 1996-04-30 00:00:00, 0.5
7.0, 7.2, 90.0, 68.0, 1996-05-01 00:00:00, 0.0
10.0, 7.8, 90.0, 63.0, 1996-05-02 00:00:00, 0.0
13.0, 6.4, 50.0, 91.0, 1996-05-03 00:00:00, 0.2
8.0, 11.2, 90.0, 63.0, 1996-05-04 00:00:00, 0.2
8.0, 13.9, 90.0, 63.0, 1996-05-05 00:00:00, 0.2
8.0, 7.3, 140.0, 88.0, 1996-05-06 00:00:00, 0.7
11.0, 9.9, 50.0, 53.0, 1996-05-07 00:00:00, 8.3
9.0, 9.9, 90.0, 64.0, 1996-05-08 00:00:00, 0.0
6.0, 7.8, 140.0, 72.0, 1996-05-09 00:00:00, 0.5
5.0, 5.8, 90.0, 86.0, 1996-05-10 00:00:00, 1.5
8.0, 8.7, 0.0, 73.0, 1996-05-11 00:00:00, 3.5
2.0, 10.8, 230.0, 99.0, 1996-05-12 00:00:00, 7.1
7.0, 9.6, 90.0, 99.0, 1996-05-13 00:00:00, 29.5
7.0, 7.7, 230.0, 73.0, 1996-05-14 00:00:00, 0.2
7.0, 10.2, 230.0, 63.0, 1996-05-15 00:00:00, 1.5
5.0, 8.1, 90.0, 89.0, 1996-05-16 00:00:00, 15.7
7.0, 10.3, 0.0, 92.0, 1996-05-17 00:00:00, 5.5
10.0, 7.6, 230.0, 99.0, 1996-05-18 00:00:00, 51.3
7.0, 8.9, 270.0, 99.0, 1996-05-19 00:00:00, 29.2
5.0, 4.6, 0.0, 99.0, 1996-05-20 00:00:00, 39.3
6.0, 10.8, 90.0, 83.0, 1996-05-21 00:00:00, 9.9
7.0, 11.5, 140.0, 80.0, 1996-05-22 00:00:00, 8.6
9.0, 14.3, 90.0, 80.0, 1996-05-23 00:00:00, 4.8
9.0, 15.5, 90.0, 83.0, 1996-05-24 00:00:00, 0.0
5.0, 13.1, 50.0, 84.0, 1996-05-25 00:00:00, 1.7
12.0, 15.8, 90.0, 66.0, 1996-05-26 00:00:00, 0.0
7.0, 14.1, 90.0, 64.0, 1996-05-27 00:00:00, 0.0
8.0, 14.1, 90.0, 76.0, 1996-05-28 00:00:00, 1.2
6.0, 11.2, 180.0, 81.0, 1996-05-29 00:00:00, 3.8
8.0, 9.7, 50.0, 95.0, 1996-05-30 00:00:00, 0.0
10.0, 13.5, 180.0, 57.0, 1996-05-31 00:00:00, 0.0
3.0, 12.2, 320.0, 99.0, 1996-06-01 00:00:00, 0.5
2.0, 18.7, 230.0, 65.0, 1996-06-02 00:00:00, 0.2
6.0, 12.0, 90.0, 99.0, 1996-06-03 00:00:00, 3.3
5.0, 10.1, 90.0, 99.0, 1996-06-04 00:00:00, 27.9
8.0, 16.1, 90.0, 71.0, 1996-06-05 00:00:00, 0.7
7.0, 14.3, 90.0, 82.0, 1996-06-06 00:00:00, 5.0
10.0, 11.3, 50.0, 77.0, 1996-06-07 00:00:00, 0.0
9.0, 9.7, 270.0, 93.0, 1996-06-08 00:00:00, 1.2
9.0, 10.5, 50.0, 95.0, 1996-06-09 00:00:00, 16.0
4.0, 8.6, 0.0, 99.0, 1996-06-10 00:00:00, 60.4
4.0, 10.6, 90.0, 95.0, 1996-06-11 00:00:00, 28.9
9.0, 11.7, 90.0, 85.0, 1996-06-12 00:00:00, 6.0
11.0, 14.2, 50.0, 78.0, 1996-06-13 00:00:00, 0.0
6.0, 13.7, 90.0, 77.0, 1996-06-14 00:00:00, 0.0
10.0, 11.1, 140.0, 88.0, 1996-06-15 00:00:00, 2.0
6.0, 10.9, 90.0, 75.0, 1996-06-16 00:00:00, 0.0
9.0, 9.7, 180.0, 79.0, 1996-06-17 00:00:00, 2.2
8.0, 14.1, 90.0, 65.0, 1996-06-18 00:00:00, 5.8
10.0, 16.3, 90.0, 66.0, 1996-06-19 00:00:00, 0.0
10.0, 18.9, 140.0, 55.0, 1996-06-20 00:00:00, 0.0
9.0, 12.7, 140.0, 94.0, 1996-06-21 00:00:00, 0.0
6.0, 10.2, 90.0, 99.0, 1996-06-22 00:00:00, 1.0
6.0, 14.3, 0.0, 71.0, 1996-06-23 00:00:00, 0.7
7.0, 15.5, 90.0, 86.0, 1996-06-24 00:00:00, 10.1
8.0, 13.5, 90.0, 99.0, 1996-06-25 00:00:00, 0.2
8.0, 17.8, 180.0, 63.0, 1996-06-26 00:00:00, 0.0
9.0, 13.2, 180.0, 82.0, 1996-06-27 00:00:00, 0.7
6.0, 11.2, 50.0, 92.0, 1996-06-28 00:00:00, 1.7
7.0, 14.6, 90.0, 72.0, 1996-06-29 00:00:00, 3.5
7.0, 13.6, 90.0, 82.0, 1996-06-30 00:00:00, 0.0
10.0, 17.5, 50.0, 87.0, 1996-07-01 00:00:00, 2.0
8.0, 14.4, 90.0, 99.0, 1996-07-02 00:00:00, 2.0
6.0, 10.2, 90.0, 99.0, 1996-07-03 00:00:00, 12.4
7.0, 13.7, 180.0, 72.0, 1996-07-04 00:00:00, 2.2
7.0, 14.0, 180.0, 74.0, 1996-07-05 00:00:00, 0.0
10.0, 20.0, 90.0, 55.0, 1996-07-06 00:00:00, 0.0
10.0, 23.5, 50.0, 48.0, 1996-07-07 00:00:00, 0.0
9.0, 18.4, 90.0, 82.0, 1996-07-08 00:00:00, 0.0
13.0, 18.8, 90.0, 65.0, 1996-07-09 00:00:00, 0.0
10.0, 17.3, 140.0, 74.0, 1996-07-10 00:00:00, 0.0
9.0, 24.1, 140.0, 51.0, 1996-07-11 00:00:00, 0.0
11.0, 26.0, 90.0, 47.0, 1996-07-12 00:00:00, 0.0
8.0, 30.0, 320.0, 36.0, 1996-07-13 00:00:00, 0.0
10.0, 29.0, 320.0, 34.0, 1996-07-14 00:00:00, 0.0
12.0, 22.1, 320.0, 60.0, 1996-07-15 00:00:00, 0.0
10.0, 14.1, 230.0, 75.0, 1996-07-16 00:00:00, 0.0
9.0, 13.9, 90.0, 66.0, 1996-07-17 00:00:00, 0.0
7.0, 10.7, 230.0, 99.0, 1996-07-18 00:00:00, 8.3
3.0, 10.7, 140.0, 99.0, 1996-07-19 00:00:00, 18.2
6.0, 13.9, 90.0, 99.0, 1996-07-20 00:00:00, 22.8
9.0, 18.2, 90.0, 82.0, 1996-07-21 00:00:00, 0.2
8.0, 23.1, 90.0, 65.0, 1996-07-22 00:00:00, 0.0
11.0, 26.1, 90.0, 58.0, 1996-07-23 00:00:00, 0.0
10.0, 27.1, 50.0, 50.0, 1996-07-24 00:00:00, 0.0
8.0, 25.8, 90.0, 58.0, 1996-07-25 00:00:00, 0.0
8.0, 28.6, 50.0, 46.0, 1996-07-26 00:00:00, 0.0
7.0, 27.2, 90.0, 58.0, 1996-07-27 00:00:00, 0.0
8.0, 25.3, 50.0, 63.0, 1996-07-28 00:00:00, 0.0
8.0, 20.8, 50.0, 73.0, 1996-07-29 00:00:00, 0.0
10.0, 18.4, 90.0, 73.0, 1996-07-30 00:00:00, 0.0
6.0, 14.2, 90.0, 99.0, 1996-07-31 00:00:00, 0.0
4.0, 12.0, 90.0, 99.0, 1996-08-01 00:00:00, 0.5
8.0, 16.2, 180.0, 86.0, 1996-08-02 00:00:00, 4.3
8.0, 12.8, 90.0, 97.0, 1996-08-03 00:00:00, 0.0
7.0, 13.2, 90.0, 99.0, 1996-08-04 00:00:00, 4.8
10.0, 17.8, 50.0, 65.0, 1996-08-05 00:00:00, 0.2
8.0, 15.3, 90.0, 82.0, 1996-08-06 00:00:00, 0.0
9.0, 23.0, 50.0, 65.0, 1996-08-07 00:00:00, 0.0
9.0, 22.6, 50.0, 57.0, 1996-08-08 00:00:00, 0.0
8.0, 23.5, 90.0, 44.0, 1996-08-09 00:00:00, 0.0
8.0, 25.9, 90.0, 45.0, 1996-08-10 00:00:00, 0.0
7.0, 12.8, 50.0, 99.0, 1996-08-11 00:00:00, 16.0
7.0, 19.6, 90.0, 79.0, 1996-08-12 00:00:00, 13.7
7.0, 24.3, 90.0, 53.0, 1996-08-13 00:00:00, 0.0
8.0, 20.6, 90.0, 65.0, 1996-08-14 00:00:00, 0.0
5.0, 15.5, 50.0, 86.0, 1996-08-15 00:00:00, 0.0
7.0, 15.9, 90.0, 84.0, 1996-08-16 00:00:00, 23.0
8.0, 16.7, 140.0, 80.0, 1996-08-17 00:00:00, 0.7
6.0, 13.9, 90.0, 90.0, 1996-08-18 00:00:00, 0.0
6.0, 12.1, 140.0, 99.0, 1996-08-19 00:00:00, 24.1
7.0, 15.6, 0.0, 98.0, 1996-08-20 00:00:00, 6.3
4.0, 14.1, 0.0, 89.0, 1996-08-21 00:00:00, 1.2
59.0, 20.7, 90.0, 59.0, 1996-08-22 00:00:00, 0.0
8.0, 23.2, 90.0, 57.0, 1996-08-23 00:00:00, 0.0
8.0, 25.1, 50.0, 58.0, 1996-08-24 00:00:00, 0.0
8.0, 27.5, 50.0, 40.0, 1996-08-25 00:00:00, 0.0
5.0, 22.4, 50.0, 73.0, 1996-08-26 00:00:00, 0.0
6.0, 15.7, 90.0, 99.0, 1996-08-27 00:00:00, 0.0
8.0, 17.8, 50.0, 85.0, 1996-08-28 00:00:00, 0.2
6.0, 26.2, 50.0, 53.0, 1996-08-29 00:00:00, 0.0
6.0, 13.8, 50.0, 99.0, 1996-08-30 00:00:00, 51.5
7.0, 16.7, 90.0, 89.0, 1996-08-31 00:00:00, 9.1
7.0, 15.1, 180.0, 89.0, 1996-09-01 00:00:00, 0.0
6.0, 12.8, 90.0, 99.0, 1996-09-02 00:00:00, 0.0
6.0, 14.2, 50.0, 73.0, 1996-09-03 00:00:00, 5.5
2.0, 10.3, 50.0, 99.0, 1996-09-04 00:00:00, 1.0
7.0, 12.5, 140.0, 99.0, 1996-09-05 00:00:00, 2.5
8.0, 10.5, 230.0, 99.0, 1996-09-06 00:00:00, 14.2
0.0, 12.3, 0.0, 99.0, 1996-09-07 00:00:00, 43.4
5.0, 16.7, 140.0, 97.0, 1996-09-08 00:00:00, 36.3
9.0, 16.0, 320.0, 86.0, 1996-09-09 00:00:00, 0.0
9.0, 18.6, 320.0, 72.0, 1996-09-10 00:00:00, 0.0
6.0, 19.5, 320.0, 70.0, 1996-09-11 00:00:00, 0.0
5.0, 16.8, 90.0, 80.0, 1996-09-12 00:00:00, 0.0
5.0, 12.0, 0.0, 99.0, 1996-09-13 00:00:00, 14.7
5.0, 12.0, 0.0, 99.0, 1996-09-14 00:00:00, 14.7
7.0, 13.2, 140.0, 87.0, 1996-09-15 00:00:00, 51.8
7.0, 14.7, 90.0, 90.0, 1996-09-16 00:00:00, 21.6
8.0, 13.7, 50.0, 78.0, 1996-09-17 00:00:00, 0.5
5.0, 10.5, 50.0, 99.0, 1996-09-18 00:00:00, 1.2
6.0, 14.5, 140.0, 95.0, 1996-09-19 00:00:00, 13.9
5.0, 8.5, 180.0, 99.0, 1996-09-20 00:00:00, 8.9
8.0, 10.7, 90.0, 87.0, 1996-09-21 00:00:00, 3.8
8.0, 12.9, 90.0, 76.0, 1996-09-22 00:00:00, 1.0
7.0, 17.0, 0.0, 35.0, 1996-09-23 00:00:00, 0.0
6.0, 16.7, 90.0, 42.0, 1996-09-24 00:00:00, 0.0
5.0, 15.7, 50.0, 59.0, 1996-09-25 00:00:00, 0.0
7.0, 18.9, 50.0, 58.0, 1996-09-26 00:00:00, 0.0
6.0, 18.2, 50.0, 71.0, 1996-09-27 00:00:00, 0.0
6.0, 16.6, 90.0, 76.0, 1996-09-28 00:00:00, 0.0
4.0, 12.1, 0.0, 99.0, 1996-09-29 00:00:00, 0.0
6.0, 11.1, 50.0, 99.0, 1996-09-30 00:00:00, 0.2
7.0, 13.9, 90.0, 70.0, 1996-10-01 00:00:00, 0.3
10.0, 14.7, 230.0, 49.0, 1996-10-02 00:00:00, 0.8
4.0, 13.1, 0.0, 99.0, 1996-10-03 00:00:00, 90.1
4.0, 12.0, 90.0, 99.0, 1996-10-04 00:00:00, 48.3
6.0, 12.1, 50.0, 96.0, 1996-10-05 00:00:00, 0.0
8.0, 10.7, 0.0, 99.0, 1996-10-06 00:00:00, 0.5
7.0, 16.5, 50.0, 81.0, 1996-10-07 00:00:00, 0.3
5.0, 21.8, 50.0, 62.0, 1996-10-08 00:00:00, 0.0
8.0, 26.2, 230.0, 33.0, 1996-10-09 00:00:00, 0.0
6.0, 12.5, 90.0, 99.0, 1996-10-10 00:00:00, 21.6
5.0, 11.0, 90.0, 96.0, 1996-10-11 00:00:00, 0.0
11.0, 9.6, 230.0, 99.0, 1996-10-12 00:00:00, 5.3
2.0, 10.1, 50.0, 99.0, 1996-10-13 00:00:00, 0.0
14.0, 8.9, 140.0, 99.0, 1996-10-14 00:00:00, 6.4
6.0, 9.4, 50.0, 87.0, 1996-10-15 00:00:00, 0.0
5.0, 7.2, 50.0, 77.0, 1996-10-16 00:00:00, 0.0
10.0, 2.6, 0.0, 99.0, 1996-10-17 00:00:00, 5.6
6.0, 6.4, 180.0, 93.0, 1996-10-18 00:00:00, 0.0
7.0, 6.8, 90.0, 84.0, 1996-10-19 00:00:00, 0.0
4.0, 6.3, 0.0, 97.0, 1996-10-20 00:00:00, 0.0
10.0, 8.3, 230.0, 99.0, 1996-10-21 00:00:00, 18.0
5.0, 8.6, 90.0, 99.0, 1996-10-22 00:00:00, 0.0
8.0, 6.4, 230.0, 99.0, 1996-10-23 00:00:00, 3.6
9.0, 3.6, 0.0, 99.0, 1996-10-24 00:00:00, 3.3
5.0, 8.7, 90.0, 86.0, 1996-10-25 00:00:00, 0.0
2.0, 8.4, 0.0, 79.0, 1996-10-26 00:00:00, 0.0
5.0, 9.4, 0.0, 99.0, 1996-10-27 00:00:00, 0.8
3.0, 12.6, 140.0, 89.0, 1996-10-28 00:00:00, 0.0
5.0, 13.1, 90.0, 57.0, 1996-10-29 00:00:00, 0.0
4.0, 11.2, 90.0, 63.0, 1996-10-30 00:00:00, 0.0
5.0, 10.8, 90.0, 56.0, 1996-10-31 00:00:00, 0.0
5.0, 11.9, 90.0, 61.0, 1996-11-01 00:00:00, 0.0
8.0, 8.4, 50.0, 70.0, 1997-04-01 00:00:00, 0.0
9.0, 7.9, 90.0, 72.0, 1997-04-02 00:00:00, 0.0
8.0, 7.7, 180.0, 49.0, 1997-04-03 00:00:00, 0.0
6.0, 11.5, 50.0, 43.0, 1997-04-04 00:00:00, 0.0
7.0, 12.8, 90.0, 37.0, 1997-04-05 00:00:00, 0.0
10.0, 14.4, 50.0, 35.0, 1997-04-06 00:00:00, 0.0
11.0, 11.7, 90.0, 62.0, 1997-04-07 00:00:00, 0.0
9.0, 11.8, 90.0, 68.0, 1997-04-08 00:00:00, 0.0
11.0, 10.7, 90.0, 74.0, 1997-04-09 00:00:00, 0.0
8.0, 9.9, 140.0, 74.0, 1997-04-10 00:00:00, 0.0
9.0, 12.8, 180.0, 50.0, 1997-04-11 00:00:00, 0.0
13.0, 9.4, 140.0, 38.0, 1997-04-12 00:00:00, 0.0
6.0, 5.1, 50.0, 99.0, 1997-04-13 00:00:00, 2.3
7.0, 6.5, 50.0, 99.0, 1997-04-14 00:00:00, 0.3
14.0, 8.4, 90.0, 99.0, 1997-04-15 00:00:00, 5.6
11.0, 7.2, 50.0, 99.0, 1997-04-16 00:00:00, 0.0
6.0, 5.6, 140.0, 99.0, 1997-04-17 00:00:00, 1.5
6.0, 10.9, 50.0, 65.0, 1997-04-18 00:00:00, 0.0
11.0, 7.0, 90.0, 99.0, 1997-04-19 00:00:00, 5.3
4.0, 6.8, 90.0, 97.0, 1997-04-20 00:00:00, 1.0
6.0, 13.0, 230.0, 54.0, 1997-04-21 00:00:00, 0.0
8.0, 15.8, 90.0, 34.0, 1997-04-22 00:00:00, 0.0
6.0, 10.3, 140.0, 76.0, 1997-04-23 00:00:00, 0.0
5.0, 8.9, 140.0, 84.0, 1997-04-24 00:00:00, 0.0
2.0, 8.8, 270.0, 95.0, 1997-04-25 00:00:00, 0.0
11.0, 9.0, 50.0, 99.0, 1997-04-26 00:00:00, 13.0
0.0, 4.5, 0.0, 99.0, 1997-04-27 00:00:00, 2.3
5.0, 7.1, 180.0, 92.0, 1997-04-28 00:00:00, 0.5
4.0, 6.3, 90.0, 98.0, 1997-04-29 00:00:00, 0.0
5.0, 6.3, 90.0, 99.0, 1997-04-30 00:00:00, 0.5
9.0, 9.8, 140.0, 71.0, 1997-05-01 00:00:00, 0.0
8.0, 13.0, 90.0, 39.0, 1997-05-02 00:00:00, 0.0
12.0, 7.2, 50.0, 89.0, 1997-05-03 00:00:00, 0.0
4.0, 6.7, 270.0, 99.0, 1997-05-04 00:00:00, 4.8
12.0, 9.5, 50.0, 97.0, 1997-05-05 00:00:00, 0.3
6.0, 6.0, 140.0, 97.0, 1997-05-06 00:00:00, 1.3
10.0, 13.4, 50.0, 58.0, 1997-05-07 00:00:00, 0.0
7.0, 15.6, 90.0, 55.0, 1997-05-08 00:00:00, 0.0
9.0, 13.1, 90.0, 74.0, 1997-05-09 00:00:00, 0.0
7.0, 20.3, 90.0, 36.0, 1997-05-10 00:00:00, 0.0
10.0, 27.4, 90.0, 18.0, 1997-05-11 00:00:00, 0.0
8.0, 20.4, 50.0, 52.0, 1997-05-12 00:00:00, 0.0
11.0, 20.0, 140.0, 55.0, 1997-05-13 00:00:00, 0.0
8.0, 19.5, 90.0, 52.0, 1997-05-14 00:00:00, 0.0
9.0, 17.7, 140.0, 68.0, 1997-05-15 00:00:00, 0.0
11.0, 15.5, 90.0, 79.0, 1997-05-16 00:00:00, 0.0
10.0, 17.7, 90.0, 67.0, 1997-05-17 00:00:00, 0.0
9.0, 22.3, 90.0, 26.0, 1997-05-18 00:00:00, 0.0
11.0, 17.8, 90.0, 39.0, 1997-05-19 00:00:00, 0.0
10.0, 16.7, 90.0, 58.0, 1997-05-20 00:00:00, 0.0
12.0, 8.8, 90.0, 97.0, 1997-05-21 00:00:00, 1.5
10.0, 12.1, 90.0, 83.0, 1997-05-22 00:00:00, 0.0
4.0, 7.2, 180.0, 92.0, 1997-05-23 00:00:00, 9.4
11.0, 11.4, 270.0, 90.0, 1997-05-24 00:00:00, 2.3
0.0, 9.0, 0.0, 99.0, 1997-05-25 00:00:00, 0.0
9.0, 9.6, 270.0, 99.0, 1997-05-26 00:00:00, 0.0
2.0, 11.0, 320.0, 97.0, 1997-05-27 00:00:00, 3.6
0.0, 14.2, 0.0, 93.0, 1997-05-28 00:00:00, 6.1
0.0, 11.9, 0.0, 99.0, 1997-05-29 00:00:00, 8.3
0.0, 13.3, 0.0, 92.0, 1997-05-30 00:00:00, 6.6
0.0, 10.7, 0.0, 99.0, 1997-05-31 00:00:00, 64.3
10.0, 7.7, 270.0, 99.0, 1997-06-01 00:00:00, 17.3
5.0, 12.4, 270.0, 71.0, 1997-06-02 00:00:00, 7.6
12.0, 10.6, 230.0, 99.0, 1997-06-03 00:00:00, 37.3
12.0, 10.0, 270.0, 99.0, 1997-06-04 00:00:00, 132.9
4.0, 9.5, 320.0, 92.0, 1997-06-05 00:00:00, 1.0
8.0, 7.9, 270.0, 99.0, 1997-06-06 00:00:00, 2.3
7.0, 10.3, 90.0, 99.0, 1997-06-07 00:00:00, 12.2
6.0, 13.6, 230.0, 70.0, 1997-06-08 00:00:00, 0.3
7.0, 19.2, 140.0, 55.0, 1997-06-09 00:00:00, 0.0
9.0, 20.4, 90.0, 59.0, 1997-06-10 00:00:00, 0.0
6.0, 11.9, 230.0, 96.0, 1997-06-11 00:00:00, 8.1
10.0, 16.6, 140.0, 68.0, 1997-06-12 00:00:00, 2.0
10.0, 19.2, 90.0, 68.0, 1997-06-13 00:00:00, 0.0
10.0, 20.9, 50.0, 65.0, 1997-06-14 00:00:00, 0.3
5.0, 15.6, 140.0, 99.0, 1997-06-15 00:00:00, 1.3
6.0, 14.0, 230.0, 99.0, 1997-06-16 00:00:00, 23.1
9.0, 13.2, 90.0, 92.0, 1997-06-17 00:00:00, 173.0
8.0, 10.5, 140.0, 99.0, 1997-06-18 00:00:00, 55.9
7.0, 13.5, 180.0, 71.0, 1997-06-19 00:00:00, 16.8
4.0, 11.6, 90.0, 90.0, 1997-06-20 00:00:00, 0.3
4.0, 11.3, 0.0, 99.0, 1997-06-21 00:00:00, 20.8
6.0, 12.0, 230.0, 99.0, 1997-06-22 00:00:00, 10.9
13.0, 8.8, 270.0, 99.0, 1997-06-23 00:00:00, 7.6
5.0, 10.3, 270.0, 94.0, 1997-06-24 00:00:00, 2.0
9.0, 8.5, 320.0, 99.0, 1997-06-25 00:00:00, 16.8
5.0, 8.3, 0.0, 95.0, 1997-06-26 00:00:00, 67.0
9.0, 9.7, 270.0, 99.0, 1997-06-27 00:00:00, 32.3
0.0, 13.4, 0.0, 76.0, 1997-06-28 00:00:00, 2.3
0.0, 11.7, 0.0, 99.0, 1997-06-29 00:00:00, 0.3
2.0, 11.6, 270.0, 99.0, 1997-06-30 00:00:00, 1.0
10.0, 10.1, 270.0, 99.0, 1997-07-01 00:00:00, 3.6
11.0, 12.1, 270.0, 92.0, 1997-07-02 00:00:00, 1.0
6.0, 18.3, 270.0, 58.0, 1997-07-03 00:00:00, 0.0
0.0, 22.1, 0.0, 43.0, 1997-07-04 00:00:00, 0.0
11.0, 16.2, 270.0, 78.0, 1997-07-05 00:00:00, 0.0
11.0, 13.8, 270.0, 80.0, 1997-07-06 00:00:00, 21.1
13.0, 10.4, 180.0, 99.0, 1997-07-07 00:00:00, 20.8
11.0, 13.2, 270.0, 99.0, 1997-07-08 00:00:00, 141.2
4.0, 9.5, 270.0, 97.0, 1997-07-09 00:00:00, 6.1
11.0, 11.6, 270.0, 94.0, 1997-07-10 00:00:00, 4.3
10.0, 14.2, 270.0, 90.0, 1997-07-11 00:00:00, 0.0
2.0, 13.8, 270.0, 91.0, 1997-07-12 00:00:00, 0.0
7.0, 14.8, 270.0, 96.0, 1997-07-13 00:00:00, 0.0
13.0, 15.9, 270.0, 96.0, 1997-07-14 00:00:00, 0.0
13.0, 13.7, 270.0, 96.0, 1997-07-15 00:00:00, 0.5
10.0, 16.9, 270.0, 77.0, 1997-07-16 00:00:00, 0.0
0.0, 18.5, 0.0, 75.0, 1997-07-17 00:00:00, 0.0
7.0, 14.6, 270.0, 85.0, 1997-07-18 00:00:00, 0.0
2.0, 21.6, 270.0, 65.0, 1997-07-19 00:00:00, 0.0
6.0, 18.1, 270.0, 78.0, 1997-07-20 00:00:00, 0.0
2.0, 11.9, 270.0, 99.0, 1997-07-21 00:00:00, 8.4
4.0, 12.4, 270.0, 99.0, 1997-07-22 00:00:00, 7.6
13.0, 15.7, 270.0, 86.0, 1997-07-23 00:00:00, 0.0
8.0, 15.0, 270.0, 86.0, 1997-07-24 00:00:00, 1.8
0.0, 12.3, 0.0, 99.0, 1997-07-25 00:00:00, 0.0
0.0, 15.3, 0.0, 84.0, 1997-07-26 00:00:00, 0.0
0.0, 18.0, 0.0, 76.0, 1997-07-27 00:00:00, 0.0
8.0, 17.2, 270.0, 72.0, 1997-07-28 00:00:00, 0.0
2.0, 13.9, 270.0, 81.0, 1997-07-29 00:00:00, 0.0
13.0, 15.8, 270.0, 65.0, 1997-07-30 00:00:00, 0.0
7.0, 16.3, 90.0, 80.0, 1997-07-31 00:00:00, 0.0
7.0, 22.2, 90.0, 57.0, 1997-08-01 00:00:00, 0.0
8.0, 16.7, 140.0, 90.0, 1997-08-02 00:00:00, 9.9
7.0, 19.2, 50.0, 82.0, 1997-08-03 00:00:00, 0.0
10.0, 21.8, 90.0, 69.0, 1997-08-04 00:00:00, 0.0
11.0, 22.8, 90.0, 64.0, 1997-08-05 00:00:00, 0.0
6.0, 22.9, 90.0, 63.0, 1997-08-06 00:00:00, 0.0
9.0, 21.5, 90.0, 67.0, 1997-08-07 00:00:00, 0.0
8.0, 22.2, 140.0, 53.0, 1997-08-08 00:00:00, 0.0
8.0, 27.2, 90.0, 35.0, 1997-08-09 00:00:00, 0.0
9.0, 28.5, 140.0, 31.0, 1997-08-10 00:00:00, 0.0
8.0, 25.5, 90.0, 54.0, 1997-08-11 00:00:00, 0.0
8.0, 23.0, 90.0, 69.0, 1997-08-12 00:00:00, 0.0
7.0, 23.4, 50.0, 68.0, 1997-08-13 00:00:00, 0.0
8.0, 18.6, 90.0, 84.0, 1997-08-14 00:00:00, 0.0
8.0, 23.5, 90.0, 55.0, 1997-08-15 00:00:00, 0.0
7.0, 24.4, 50.0, 53.0, 1997-08-16 00:00:00, 0.0
9.0, 26.1, 90.0, 46.0, 1997-08-17 00:00:00, 0.0
7.0, 17.0, 50.0, 82.0, 1997-08-18 00:00:00, 0.0
7.0, 20.0, 50.0, 76.0, 1997-08-19 00:00:00, 0.0
9.0, 19.7, 230.0, 65.0, 1997-08-20 00:00:00, 0.0
5.0, 15.8, 230.0, 99.0, 1997-08-21 00:00:00, 16.2
6.0, 19.7, 90.0, 81.0, 1997-08-22 00:00:00, 0.0
4.0, 13.8, 230.0, 97.0, 1997-08-23 00:00:00, 12.2
13.0, 14.2, 50.0, 98.0, 1997-08-24 00:00:00, 26.2
9.0, 14.2, 230.0, 97.0, 1997-08-25 00:00:00, 85.1
5.0, 14.3, 90.0, 97.0, 1997-08-26 00:00:00, 43.6
7.0, 13.6, 0.0, 99.0, 1997-08-27 00:00:00, 33.5
7.0, 18.3, 180.0, 76.0, 1997-08-28 00:00:00, 0.5
7.0, 15.8, 50.0, 89.0, 1997-08-29 00:00:00, 0.0
6.0, 21.3, 90.0, 50.0, 1997-08-30 00:00:00, 0.7
6.0, 21.0, 50.0, 66.0, 1997-08-31 00:00:00, 0.0
9.0, 21.3, 90.0, 62.0, 1997-09-01 00:00:00, 0.0
9.0, 18.0, 140.0, 78.0, 1997-09-02 00:00:00, 4.1
8.0, 20.5, 0.0, 90.0, 1997-09-03 00:00:00, 0.3
7.0, 19.3, 140.0, 70.0, 1997-09-04 00:00:00, 19.1
3.0, 11.2, 320.0, 95.0, 1997-09-05 00:00:00, 17.3
3.0, 17.1, 180.0, 72.0, 1997-09-06 00:00:00, 1.3
10.0, 20.3, 90.0, 60.0, 1997-09-07 00:00:00, 0.0
7.0, 24.7, 90.0, 38.0, 1997-09-08 00:00:00, 0.0
8.0, 25.9, 50.0, 38.0, 1997-09-09 00:00:00, 0.0
8.0, 20.3, 140.0, 74.0, 1997-09-10 00:00:00, 0.0
11.0, 17.6, 180.0, 66.0, 1997-09-11 00:00:00, 0.8
6.0, 15.6, 140.0, 78.0, 1997-09-12 00:00:00, 1.3
7.0, 18.8, 140.0, 56.0, 1997-09-13 00:00:00, 4.1
15.0, 13.2, 50.0, 93.0, 1997-09-14 00:00:00, 18.8
2.0, 10.9, 140.0, 97.0, 1997-09-15 00:00:00, 50.3
6.0, 10.7, 270.0, 93.0, 1997-09-16 00:00:00, 11.9
6.0, 15.3, 140.0, 73.0, 1997-09-17 00:00:00, 47.0
7.0, 18.7, 90.0, 66.0, 1997-09-18 00:00:00, 2.0
8.0, 18.6, 90.0, 66.0, 1997-09-19 00:00:00, 0.0
7.0, 20.1, 90.0, 56.0, 1997-09-20 00:00:00, 0.0
7.0, 21.8, 90.0, 51.0, 1997-09-21 00:00:00, 0.0
9.0, 21.9, 90.0, 62.0, 1997-09-22 00:00:00, 0.0
7.0, 21.3, 50.0, 58.0, 1997-09-23 00:00:00, 0.0
9.0, 28.9, 180.0, 28.0, 1997-09-24 00:00:00, 0.0
5.0, 16.0, 0.0, 94.0, 1997-09-25 00:00:00, 0.0
13.0, 10.4, 0.0, 95.0, 1997-09-26 00:00:00, 72.7
4.0, 11.8, 230.0, 96.0, 1997-09-27 00:00:00, 55.4
5.0, 14.9, 90.0, 96.0, 1997-09-28 00:00:00, 139.7
9.0, 15.8, 180.0, 70.0, 1997-09-29 00:00:00, 0.3
11.0, 12.9, 50.0, 98.0, 1997-09-30 00:00:00, 146.3
24.0, 11.8, 50.0, 98.0, 1997-10-01 00:00:00, 44.7
