station_observations
wind_speed, temperature, wind_direction, relative_humidity, time, precipitation
0.0, 10.5, 50.0, 81.0, 1990-06-01 00:00:00, 1.2
6.0, 12.3, 140.0, 79.0, 1990-06-02 00:00:00, 8.6
10.0, 11.3, 270.0, 80.0, 1990-06-03 00:00:00, 53.8
6.0, 10.6, 90.0, 80.0, 1990-06-04 00:00:00, 19.0
3.0, 15.1, 270.0, 59.0, 1990-06-05 00:00:00, 10.1
7.0, 12.7, 320.0, 80.0, 1990-06-06 00:00:00, 10.6
6.0, 11.0, 180.0, 81.0, 1990-06-07 00:00:00, 40.8
1.0, 11.8, 270.0, 81.0, 1990-06-08 00:00:00, 11.1
10.0, 14.6, 270.0, 63.0, 1990-06-09 00:00:00, 3.8
7.0, 9.2, 180.0, 81.0, 1990-06-10 00:00:00, 35.5
5.0, 13.6, 320.0, 60.0, 1990-06-11 00:00:00, 17.0
14.0, 14.5, 270.0, 63.0, 1990-06-12 00:00:00, 1.0
9.0, 18.2, 270.0, 62.0, 1990-06-13 00:00:00, 0.0
6.0, 21.1, 270.0, 54.0, 1990-06-14 00:00:00, 0.0
1.0, 14.0, 270.0, 78.0, 1990-06-15 00:00:00, 0.0
3.0, 14.1, 270.0, 76.0, 1990-06-16 00:00:00, 0.2
5.0, 20.1, 270.0, 54.0, 1990-06-17 00:00:00, 0.0
14.0, 20.8, 270.0, 61.0, 1990-06-18 00:00:00, 0.0
1.0, 14.4, 270.0, 79.0, 1990-06-19 00:00:00, 4.8
9.0, 18.7, 230.0, 68.0, 1990-06-20 00:00:00, 0.0
13.0, 26.0, 230.0, 47.0, 1990-06-21 00:00:00, 0.0
11.0, 22.9, 270.0, 59.0, 1990-06-22 00:00:00, 0.0
8.0, 16.5, 270.0, 70.0, 1990-06-23 00:00:00, 0.0
0.0, 13.3, 320.0, 80.0, 1990-06-24 00:00:00, 0.0
6.0, 14.2, 320.0, 70.0, 1990-06-25 00:00:00, 0.0
3.0, 17.6, 230.0, 58.0, 1990-06-26 00:00:00, 0.0
0.0, 14.2, 230.0, 73.0, 1990-06-27 00:00:00, 0.7
1.0, 14.1, 180.0, 79.0, 1990-06-28 00:00:00, 16.5
1.0, 14.6, 140.0, 79.0, 1990-06-29 00:00:00, 15.2
4.0, 13.4, 270.0, 78.0, 1990-06-30 00:00:00, 25.1
9.0, 18.3, 270.0, 63.0, 1990-07-01 00:00:00, 6.0
7.0, 16.7, 320.0, 68.0, 1990-07-02 00:00:00, 0.0
7.0, 18.5, 270.0, 59.0, 1990-07-03 00:00:00, 0.0
1.0, 22.5, 0.0, 44.0, 1990-07-04 00:00:00, 0.0
3.0, 16.7, 270.0, 78.0, 1990-07-05 00:00:00, 15.4
3.0, 16.4, 270.0, 73.0, 1990-07-06 00:00:00, 16.0
4.0, 20.0, 270.0, 68.0, 1990-07-07 00:00:00, 0.0
5.0, 22.3, 0.0, 63.0, 1990-07-08 00:00:00, 0.0
4.0, 20.4, 270.0, 66.0, 1990-07-09 00:00:00, 0.0
4.0, 24.6, 230.0, 55.0, 1990-07-10 00:00:00, 0.0
3.0, 29.9, 230.0, 38.0, 1990-07-11 00:00:00, 0.0
5.0, 24.5, 270.0, 59.0, 1990-07-12 00:00:00, 0.0
5.0, 23.8, 230.0, 55.0, 1990-07-13 00:00:00, 0.0
10.0, 27.6, 270.0, 33.0, 1990-07-14 00:00:00, 0.0
13.0, 28.5, 320.0, 31.0, 1990-07-15 00:00:00, 0.0
5.0, 22.8, 180.0, 40.0, 1990-07-16 00:00:00, 0.0
7.0, 21.3, 270.0, 54.0, 1990-07-17 00:00:00, 0.0
7.0, 21.5, 270.0, 55.0, 1990-07-18 00:00:00, 0.0
7.0, 25.1, 320.0, 45.0, 1990-07-19 00:00:00, 0.0
7.0, 27.0, 320.0, 40.0, 1990-07-20 00:00:00, 0.0
7.0, 27.0, 320.0, 40.0, 1990-07-21 00:00:00, 0.0
7.0, 28.0, 320.0, 70.0, 1990-07-22 00:00:00, 0.0
3.0, 16.2, 140.0, 75.0, 1990-07-23 00:00:00, 0.0
3.0, 15.8, 270.0, 78.0, 1990-07-24 00:00:00, 0.0
4.0, 18.1, 0.0, 72.0, 1990-07-25 00:00:00, 0.0
3.0, 17.5, 180.0, 74.0, 1990-07-26 00:00:00, 0.0
9.0, 20.5, 270.0, 64.0, 1990-07-27 00:00:00, 0.0
1.0, 26.0, 270.0, 44.0, 1990-07-28 00:00:00, 0.0
6.0, 29.2, 230.0, 34.0, 1990-07-29 00:00:00, 0.0
7.0, 26.0, 180.0, 50.0, 1990-07-30 00:00:00, 0.0
7.0, 20.4, 270.0, 68.0, 1990-07-31 00:00:00, 0.0
8.0, 17.9, 50.0, 73.0, 1990-08-01 00:00:00, 0.0
4.0, 20.1, 50.0, 62.0, 1990-08-02 00:00:00, 0.0
7.0, 24.5, 270.0, 60.0, 1990-08-03 00:00:00, 0.0
5.0, 27.4, 270.0, 46.0, 1990-08-04 00:00:00, 0.0
3.0, 20.5, 270.0, 69.0, 1990-08-05 00:00:00, 0.0
10.0, 22.8, 320.0, 52.0, 1990-08-06 00:00:00, 0.0
11.0, 23.2, 230.0, 52.0, 1990-08-07 00:00:00, 0.0
5.0, 25.4, 320.0, 49.0, 1990-08-08 00:00:00, 0.0
4.0, 26.8, 230.0, 50.0, 1990-08-09 00:00:00, 0.0
3.0, 28.3, 180.0, 47.0, 1990-08-10 00:00:00, 0.0
0.0, 25.4, 0.0, 59.0, 1990-08-11 00:00:00, 0.0
8.0, 19.6, 180.0, 73.0, 1990-08-12 00:00:00, 0.0
10.0, 21.7, 270.0, 58.0, 1990-08-13 00:00:00, 1.7
5.0, 20.9, 140.0, 61.0, 1990-08-14 00:00:00, 0.0
10.0, 15.7, 140.0, 79.0, 1990-08-15 00:00:00, 0.2
7.0, 15.6, 320.0, 78.0, 1990-08-16 00:00:00, 38.0
1.0, 20.4, 180.0, 67.0, 1990-08-17 00:00:00, 3.8
5.0, 17.6, 320.0, 77.0, 1990-08-18 00:00:00, 6.0
3.0, 18.4, 90.0, 77.0, 1990-08-19 00:00:00, 0.0
2.0, 20.4, 230.0, 72.0, 1990-08-20 00:00:00, 0.0
3.0, 16.4, 270.0, 77.0, 1990-08-21 00:00:00, 0.2
11.0, 21.6, 270.0, 49.0, 1990-08-22 00:00:00, 0.0
8.0, 21.5, 320.0, 48.0, 1990-08-23 00:00:00, 0.0
6.0, 19.6, 230.0, 60.0, 1990-08-24 00:00:00, 0.5
2.0, 18.1, 270.0, 67.0, 1990-08-25 00:00:00, 1.5
5.0, 19.9, 270.0, 57.0, 1990-08-26 00:00:00, 9.9
4.0, 22.9, 270.0, 48.0, 1990-08-27 00:00:00, 0.0
4.0, 25.2, 230.0, 39.0, 1990-08-28 00:00:00, 0.0
0.0, 16.2, 50.0, 78.0, 1990-08-29 00:00:00, 1.7
0.0, 16.2, 50.0, 78.0, 1990-08-30 00:00:00, 10.6
7.0, 15.4, 320.0, 79.0, 1990-08-31 00:00:00, 38.6
5.0, 17.5, 230.0, 61.0, 1990-09-01 00:00:00, 0.2
4.0, 19.2, 180.0, 54.0, 1990-09-02 00:00:00, 0.0
2.0, 23.3, 230.0, 38.0, 1990-09-03 00:00:00, 0.0
6.0, 26.4, 230.0, 30.0, 1990-09-04 00:00:00, 0.0
5.0, 22.8, 140.0, 54.0, 1990-09-05 00:00:00, 0.0
0.0, 19.9, 270.0, 69.0, 1990-09-06 00:00:00, 0.0
4.0, 20.3, 230.0, 64.0, 1990-09-07 00:00:00, 0.0
