station_observations
wind_speed, temperature, wind_direction, relative_humidity, time, precipitation
4.0, 12.6, 90.0, 69.0, 1993-04-19 00:00:00, 0.0
10.0, 16.6, 0.0, 41.0, 1993-04-20 00:00:00, 0.7
20.0, 10.9, 0.0, 89.0, 1993-04-21 00:00:00, 27.4
10.0, 9.0, 320.0, 87.0, 1993-04-22 00:00:00, 18.2
11.0, 9.8, 0.0, 86.0, 1993-04-23 00:00:00, 22.0
13.0, 10.1, 0.0, 90.0, 1993-04-24 00:00:00, 21.0
13.0, 7.9, 0.0, 89.0, 1993-04-25 00:00:00, 41.4
3.0, 9.9, 0.0, 89.0, 1993-04-26 00:00:00, 39.3
4.0, 9.8, 270.0, 87.0, 1993-04-27 00:00:00, 10.9
3.0, 8.1, 180.0, 90.0, 1993-04-28 00:00:00, 26.6
3.0, 10.9, 90.0, 83.0, 1993-04-29 00:00:00, 0.2
6.0, 12.6, 50.0, 72.0, 1993-04-30 00:00:00, 2.0
11.0, 8.3, 0.0, 86.0, 1993-05-01 00:00:00, 10.4
10.0, 11.5, 50.0, 68.0, 1993-05-02 00:00:00, 5.0
8.0, 12.9, 0.0, 76.0, 1993-05-03 00:00:00, 3.5
17.0, 13.2, 0.0, 76.0, 1993-05-04 00:00:00, 0.0
16.0, 9.5, 0.0, 90.0, 1993-05-05 00:00:00, 17.0
6.0, 11.2, 140.0, 79.0, 1993-05-06 00:00:00, 38.0
2.0, 9.3, 140.0, 88.0, 1993-05-07 00:00:00, 22.8
12.0, 10.8, 180.0, 79.0, 1993-05-08 00:00:00, 5.8
12.0, 11.9, 0.0, 64.0, 1993-05-09 00:00:00, 0.0
4.0, 10.2, 90.0, 88.0, 1993-05-10 00:00:00, 32.7
9.0, 13.6, 180.0, 82.0, 1993-05-11 00:00:00, 17.0
13.0, 21.6, 0.0, 62.0, 1993-05-12 00:00:00, 0.0
9.0, 13.3, 0.0, 85.0, 1993-05-13 00:00:00, 0.2
17.0, 13.5, 0.0, 86.0, 1993-05-14 00:00:00, 1.2
10.0, 14.8, 0.0, 77.0, 1993-05-15 00:00:00, 1.0
7.0, 14.5, 0.0, 72.0, 1993-05-16 00:00:00, 0.0
3.0, 19.1, 140.0, 57.0, 1993-05-17 00:00:00, 0.0
10.0, 19.3, 0.0, 72.0, 1993-05-18 00:00:00, 0.0
3.0, 15.4, 230.0, 88.0, 1993-05-19 00:00:00, 2.7
21.0, 14.9, 0.0, 85.0, 1993-05-20 00:00:00, 20.0
14.0, 11.9, 0.0, 88.0, 1993-05-21 00:00:00, 41.1
7.0, 13.6, 0.0, 84.0, 1993-05-22 00:00:00, 34.0
14.0, 23.8, 0.0, 34.0, 1993-05-23 00:00:00, 0.2
9.0, 27.9, 140.0, 31.0, 1993-05-24 00:00:00, 0.0
13.0, 19.7, 0.0, 71.0, 1993-05-25 00:00:00, 0.0
12.0, 8.5, 0.0, 74.0, 1993-05-26 00:00:00, 0.0
7.0, 17.0, 140.0, 81.0, 1993-05-27 00:00:00, 0.0
5.0, 14.9, 180.0, 85.0, 1993-05-28 00:00:00, 13.2
8.0, 14.8, 0.0, 86.0, 1993-05-29 00:00:00, 11.1
11.0, 18.7, 0.0, 78.0, 1993-05-30 00:00:00, 11.6
1.0, 14.6, 90.0, 86.0, 1993-05-31 00:00:00, 7.1
10.0, 17.3, 0.0, 77.0, 1993-06-01 00:00:00, 5.8
5.0, 17.7, 140.0, 71.0, 1993-06-02 00:00:00, 0.7
9.0, 17.9, 0.0, 69.0, 1993-06-03 00:00:00, 0.0
5.0, 14.1, 180.0, 87.0, 1993-06-04 00:00:00, 1.5
6.0, 22.4, 180.0, 63.0, 1993-06-05 00:00:00, 0.5
10.0, 14.0, 180.0, 86.0, 1993-06-06 00:00:00, 0.5
9.0, 17.5, 180.0, 66.0, 1993-06-07 00:00:00, 0.0
4.0, 14.3, 0.0, 66.0, 1993-06-08 00:00:00, 0.0
4.0, 11.9, 90.0, 88.0, 1993-06-09 00:00:00, 52.5
9.0, 12.7, 0.0, 82.0, 1993-06-10 00:00:00, 26.4
6.0, 15.9, 140.0, 71.0, 1993-06-11 00:00:00, 5.3
6.0, 17.4, 90.0, 63.0, 1993-06-12 00:00:00, 0.0
5.0, 16.5, 0.0, 69.0, 1993-06-13 00:00:00, 0.0
3.0, 14.1, 180.0, 87.0, 1993-06-14 00:00:00, 17.0
6.0, 16.8, 140.0, 78.0, 1993-06-15 00:00:00, 6.3
3.0, 17.4, 140.0, 79.0, 1993-06-16 00:00:00, 0.0
4.0, 18.4, 180.0, 79.0, 1993-06-17 00:00:00, 0.0
4.0, 17.3, 180.0, 76.0, 1993-06-18 00:00:00, 0.0
9.0, 18.0, 140.0, 62.0, 1993-06-19 00:00:00, 0.0
0.0, 17.2, 180.0, 68.0, 1993-06-20 00:00:00, 6.5
6.0, 15.2, 140.0, 66.0, 1993-06-21 00:00:00, 0.0
3.0, 14.0, 140.0, 74.0, 1993-06-22 00:00:00, 4.8
11.0, 17.1, 90.0, 62.0, 1993-06-23 00:00:00, 0.0
1.0, 12.9, 230.0, 88.0, 1993-06-24 00:00:00, 6.8
5.0, 16.8, 180.0, 84.0, 1993-06-25 00:00:00, 5.5
1.0, 14.6, 50.0, 85.0, 1993-06-26 00:00:00, 1.7
5.0, 16.0, 140.0, 72.0, 1993-06-27 00:00:00, 2.2
7.0, 18.0, 180.0, 69.0, 1993-06-28 00:00:00, 0.5
8.0, 15.2, 0.0, 71.0, 1993-06-29 00:00:00, 0.0
3.0, 16.0, 90.0, 83.0, 1993-06-30 00:00:00, 4.3
2.0, 16.7, 140.0, 73.0, 1993-07-01 00:00:00, 0.0
8.0, 18.7, 180.0, 72.0, 1993-07-02 00:00:00, 0.7
6.0, 18.1, 180.0, 70.0, 1993-07-03 00:00:00, 0.0
6.0, 17.3, 180.0, 76.0, 1993-07-04 00:00:00, 0.0
6.0, 17.6, 140.0, 71.0, 1993-07-05 00:00:00, 0.0
13.0, 19.1, 0.0, 67.0, 1993-07-06 00:00:00, 0.0
9.0, 21.9, 0.0, 58.0, 1993-07-07 00:00:00, 0.0
7.0, 17.0, 140.0, 74.0, 1993-07-08 00:00:00, 0.0
4.0, 16.3, 230.0, 78.0, 1993-07-09 00:00:00, 0.0
0.0, 14.5, 230.0, 85.0, 1993-07-10 00:00:00, 0.2
5.0, 16.9, 140.0, 71.0, 1993-07-11 00:00:00, 0.0
5.0, 16.9, 140.0, 71.0, 1993-07-12 00:00:00, 0.0
9.0, 15.7, 0.0, 81.0, 1993-07-13 00:00:00, 0.0
3.0, 15.4, 140.0, 83.0, 1993-07-14 00:00:00, 0.0
4.0, 15.2, 50.0, 86.0, 1993-07-15 00:00:00, 0.5
2.0, 18.5, 180.0, 86.0, 1993-07-16 00:00:00, 1.5
3.0, 16.0, 140.0, 83.0, 1993-07-17 00:00:00, 0.2
5.0, 16.7, 140.0, 80.0, 1993-07-18 00:00:00, 0.0
8.0, 20.3, 0.0, 72.0, 1993-07-19 00:00:00, 0.0
4.0, 16.3, 140.0, 82.0, 1993-07-20 00:00:00, 0.2
16.0, 16.1, 0.0, 74.0, 1993-07-21 00:00:00, 0.0
9.0, 14.6, 0.0, 84.0, 1993-07-22 00:00:00, 5.8
7.0, 19.0, 140.0, 74.0, 1993-07-23 00:00:00, 2.5
12.0, 18.6, 180.0, 77.0, 1993-07-24 00:00:00, 0.0
7.0, 18.0, 140.0, 79.0, 1993-07-25 00:00:00, 0.0
1.0, 15.2, 180.0, 85.0, 1993-07-26 00:00:00, 0.0
9.0, 15.4, 140.0, 86.0, 1993-07-27 00:00:00, 1.5
10.0, 17.0, 140.0, 75.0, 1993-07-28 00:00:00, 8.3
3.0, 12.4, 140.0, 88.0, 1993-07-29 00:00:00, 14.9
15.0, 14.3, 140.0, 85.0, 1993-07-30 00:00:00, 1.7
5.0, 20.1, 180.0, 76.0, 1993-07-31 00:00:00, 10.6
6.0, 23.4, 180.0, 69.0, 1993-08-01 00:00:00, 0.0
4.0, 26.2, 140.0, 63.0, 1993-08-02 00:00:00, 0.0
5.0, 28.1, 180.0, 47.0, 1993-08-03 00:00:00, 0.0
5.0, 31.0, 140.0, 98.0, 1993-08-04 00:00:00, 0.0
5.0, 18.5, 140.0, 83.0, 1993-08-05 00:00:00, 0.0
2.0, 15.5, 0.0, 87.0, 1993-08-06 00:00:00, 1.2
2.0, 15.9, 90.0, 85.0, 1993-08-07 00:00:00, 0.7
4.0, 15.5, 0.0, 86.0, 1993-08-08 00:00:00, 0.2
2.0, 15.6, 140.0, 86.0, 1993-08-09 00:00:00, 2.2
4.0, 17.3, 140.0, 82.0, 1993-08-10 00:00:00, 0.0
0.0, 18.9, 0.0, 78.0, 1993-08-11 00:00:00, 0.2
4.0, 16.4, 230.0, 83.0, 1993-08-12 00:00:00, 0.2
4.0, 16.7, 90.0, 78.0, 1993-08-13 00:00:00, 0.0
2.0, 16.5, 140.0, 78.0, 1993-08-14 00:00:00, 0.0
3.0, 20.6, 180.0, 73.0, 1993-08-15 00:00:00, 0.0
5.0, 16.4, 50.0, 82.0, 1993-08-16 00:00:00, 0.2
4.0, 19.7, 140.0, 73.0, 1993-08-17 00:00:00, 0.0
5.0, 21.5, 180.0, 71.0, 1993-08-18 00:00:00, 0.0
5.0, 23.9, 140.0, 66.0, 1993-08-19 00:00:00, 0.0
3.0, 16.3, 140.0, 85.0, 1993-08-20 00:00:00, 0.0
11.0, 14.8, 0.0, 87.0, 1993-08-21 00:00:00, 8.8
25.0, 14.6, 0.0, 87.0, 1993-08-22 00:00:00, 64.0
8.0, 16.5, 140.0, 74.0, 1993-08-23 00:00:00, 85.3
4.0, 16.7, 90.0, 65.0, 1993-08-24 00:00:00, 0.2
7.0, 17.6, 180.0, 60.0, 1993-08-25 00:00:00, 0.7
4.0, 17.7, 180.0, 69.0, 1993-08-26 00:00:00, 0.0
4.0, 18.5, 140.0, 74.0, 1993-08-27 00:00:00, 0.7
4.0, 18.2, 140.0, 73.0, 1993-08-28 00:00:00, 0.0
6.0, 20.8, 180.0, 65.0, 1993-08-29 00:00:00, 0.0
5.0, 23.1, 140.0, 48.0, 1993-08-30 00:00:00, 0.0
10.0, 23.9, 0.0, 52.0, 1993-08-31 00:00:00, 0.0
5.0, 18.0, 140.0, 77.0, 1993-09-01 00:00:00, 0.0
6.0, 19.9, 140.0, 74.0, 1993-09-02 00:00:00, 0.0
2.0, 14.8, 140.0, 86.0, 1993-09-03 00:00:00, 0.5
3.0, 14.6, 180.0, 86.0, 1993-09-04 00:00:00, 1.0
4.0, 15.9, 180.0, 84.0, 1993-09-05 00:00:00, 0.2
5.0, 19.5, 140.0, 76.0, 1993-09-06 00:00:00, 0.2
5.0, 23.8, 180.0, 65.0, 1993-09-07 00:00:00, 0.2
4.0, 19.8, 180.0, 78.0, 1993-09-08 00:00:00, 0.2
5.0, 19.9, 180.0, 77.0, 1993-09-09 00:00:00, 0.0
3.0, 14.7, 140.0, 85.0, 1993-09-10 00:00:00, 0.2
10.0, 19.5, 180.0, 54.0, 1993-09-11 00:00:00, 0.2
9.0, 17.9, 0.0, 63.0, 1993-09-12 00:00:00, 0.0
2.0, 17.5, 180.0, 70.0, 1993-09-13 00:00:00, 0.0
6.0, 17.9, 140.0, 67.0, 1993-09-14 00:00:00, 0.0
2.0, 12.6, 180.0, 87.0, 1993-09-15 00:00:00, 0.0
2.0, 19.4, 180.0, 62.0, 1993-09-16 00:00:00, 0.0
4.0, 16.4, 270.0, 67.0, 1993-09-17 00:00:00, 0.0
2.0, 10.3, 320.0, 85.0, 1993-09-18 00:00:00, 0.0
5.0, 11.6, 320.0, 83.0, 1993-09-19 00:00:00, 0.0
2.0, 13.6, 230.0, 77.0, 1993-09-20 00:00:00, 2.2
1.0, 10.7, 230.0, 85.0, 1993-09-21 00:00:00, 0.0
1.0, 16.1, 230.0, 69.0, 1993-09-22 00:00:00, 0.0
0.0, 17.3, 230.0, 67.0, 1993-09-23 00:00:00, 0.0
1.0, 10.5, 320.0, 88.0, 1993-09-24 00:00:00, 1.2
1.0, 11.6, 320.0, 85.0, 1993-09-25 00:00:00, 0.2
0.0, 19.7, 270.0, 67.0, 1993-09-26 00:00:00, 0.0
0.0, 21.5, 140.0, 65.0, 1993-09-27 00:00:00, 0.0
1.0, 20.8, 270.0, 62.0, 1993-09-28 00:00:00, 0.0
7.0, 17.8, 320.0, 65.0, 1993-09-29 00:00:00, 0.0
3.0, 14.5, 320.0, 77.0, 1993-09-30 00:00:00, 0.0
0.0, 20.5, 230.0, 64.0, 1993-10-01 00:00:00, 0.0
0.0, 21.5, 320.0, 64.0, 1993-10-02 00:00:00, 0.0
0.0, 20.2, 270.0, 65.0, 1993-10-03 00:00:00, 0.0
1.0, 10.0, 320.0, 85.0, 1993-10-04 00:00:00, 0.0
1.0, 11.3, 320.0, 80.0, 1993-10-05 00:00:00, 1.5
0.0, 11.6, 270.0, 76.0, 1993-10-06 00:00:00, 7.6
3.0, 13.6, 230.0, 76.0, 1993-10-07 00:00:00, 0.2
0.0, 14.6, 140.0, 75.0, 1993-10-08 00:00:00, 0.2
5.0, 16.5, 140.0, 61.0, 1995-05-05 00:00:00, 0.2
6.0, 15.2, 140.0, 82.0, 1995-05-06 00:00:00, 0.0
9.0, 15.3, 0.0, 88.0, 1995-05-07 00:00:00, 0.0
7.0, 14.4, 140.0, 83.0, 1995-05-08 00:00:00, 0.0
8.0, 12.4, 320.0, 90.0, 1995-05-09 00:00:00, 2.5
15.0, 12.3, 0.0, 90.0, 1995-05-10 00:00:00, 27.4
6.0, 12.0, 180.0, 81.0, 1995-05-11 00:00:00, 5.5
8.0, 14.4, 90.0, 72.0, 1995-05-12 00:00:00, 0.2
4.0, 19.6, 140.0, 59.0, 1995-05-13 00:00:00, 0.0
5.0, 19.8, 140.0, 71.0, 1995-05-14 00:00:00, 0.0
0.0, 19.4, 0.0, 73.0, 1995-05-15 00:00:00, 0.0
9.0, 15.9, 90.0, 85.0, 1995-05-16 00:00:00, 0.0
9.0, 15.1, 140.0, 63.0, 1995-05-17 00:00:00, 0.0
7.0, 16.3, 90.0, 62.0, 1995-05-18 00:00:00, 0.0
5.0, 19.3, 90.0, 50.0, 1995-05-19 00:00:00, 0.0
10.0, 18.8, 0.0, 51.0, 1995-05-20 00:00:00, 0.0
3.0, 23.3, 140.0, 26.0, 1995-05-21 00:00:00, 0.0
10.0, 22.7, 0.0, 28.0, 1995-05-22 00:00:00, 0.0
14.0, 20.5, 0.0, 56.0, 1995-05-23 00:00:00, 0.0
7.0, 23.3, 0.0, 55.0, 1995-05-24 00:00:00, 0.0
6.0, 22.1, 50.0, 60.0, 1995-05-25 00:00:00, 0.0
6.0, 12.4, 0.0, 93.0, 1995-05-26 00:00:00, 0.0
1.0, 12.0, 180.0, 92.0, 1995-05-27 00:00:00, 1.5
6.0, 18.1, 140.0, 74.0, 1995-05-28 00:00:00, 0.0
3.0, 21.3, 140.0, 68.0, 1995-05-29 00:00:00, 0.0
6.0, 17.7, 140.0, 69.0, 1995-05-30 00:00:00, 0.0
14.0, 16.9, 140.0, 71.0, 1995-05-31 00:00:00, 0.0
7.0, 17.5, 90.0, 77.0, 1995-06-01 00:00:00, 0.0
6.0, 19.2, 140.0, 69.0, 1995-06-02 00:00:00, 0.0
11.0, 16.8, 0.0, 66.0, 1995-06-03 00:00:00, 0.0
3.0, 12.6, 140.0, 94.0, 1995-06-04 00:00:00, 28.9
3.0, 14.9, 140.0, 68.0, 1995-06-05 00:00:00, 0.0
9.0, 18.3, 140.0, 55.0, 1995-06-06 00:00:00, 0.2
7.0, 18.8, 0.0, 67.0, 1995-06-07 00:00:00, 0.0
5.0, 22.4, 0.0, 60.0, 1995-06-08 00:00:00, 0.0
6.0, 18.0, 0.0, 81.0, 1995-06-09 00:00:00, 0.0
12.0, 14.8, 0.0, 83.0, 1995-06-10 00:00:00, 5.3
15.0, 13.1, 0.0, 91.0, 1995-06-11 00:00:00, 18.5
17.0, 14.3, 0.0, 86.0, 1995-06-12 00:00:00, 17.4
11.0, 13.7, 320.0, 84.0, 1995-06-13 00:00:00, 22.8
3.0, 17.7, 90.0, 67.0, 1995-06-14 00:00:00, 0.0
4.0, 18.5, 140.0, 78.0, 1995-06-15 00:00:00, 0.0
4.0, 14.4, 0.0, 84.0, 1995-06-16 00:00:00, 0.2
9.0, 13.0, 0.0, 93.0, 1995-06-17 00:00:00, 37.3
5.0, 15.2, 50.0, 83.0, 1995-06-18 00:00:00, 1.5
8.0, 16.1, 140.0, 83.0, 1995-06-19 00:00:00, 0.0
7.0, 18.3, 50.0, 75.0, 1995-06-20 00:00:00, 0.0
3.0, 15.0, 140.0, 87.0, 1995-06-21 00:00:00, 0.0
8.0, 18.2, 90.0, 81.0, 1995-06-22 00:00:00, 0.0
5.0, 20.2, 140.0, 74.0, 1995-06-23 00:00:00, 0.0
4.0, 20.0, 0.0, 67.0, 1995-06-24 00:00:00, 0.0
6.0, 20.2, 140.0, 67.0, 1995-06-25 00:00:00, 0.0
4.0, 21.7, 140.0, 64.0, 1995-06-26 00:00:00, 0.0
3.0, 28.4, 140.0, 27.0, 1995-06-27 00:00:00, 0.0
3.0, 31.2, 0.0, 25.0, 1995-06-28 00:00:00, 0.0
2.0, 32.6, 180.0, 26.0, 1995-06-29 00:00:00, 0.0
2.0, 32.3, 140.0, 26.0, 1995-06-30 00:00:00, 0.0
5.0, 20.4, 140.0, 81.0, 1995-07-01 00:00:00, 0.0
5.0, 23.6, 90.0, 59.0, 1995-07-02 00:00:00, 0.0
9.0, 17.8, 0.0, 80.0, 1995-07-03 00:00:00, 0.2
9.0, 17.2, 140.0, 83.0, 1995-07-04 00:00:00, 1.0
6.0, 18.3, 140.0, 72.0, 1995-07-05 00:00:00, 0.0
8.0, 20.0, 0.0, 71.0, 1995-07-06 00:00:00, 0.0
4.0, 16.1, 140.0, 89.0, 1995-07-07 00:00:00, 0.0
6.0, 20.6, 140.0, 68.0, 1995-07-08 00:00:00, 0.0
5.0, 18.7, 140.0, 85.0, 1995-07-09 00:00:00, 2.2
13.0, 17.0, 0.0, 87.0, 1995-07-10 00:00:00, 5.0
6.0, 19.4, 90.0, 72.0, 1995-07-11 00:00:00, 0.2
7.0, 20.9, 140.0, 67.0, 1995-07-12 00:00:00, 0.0
8.0, 15.2, 0.0, 93.0, 1995-07-13 00:00:00, 5.5
4.0, 19.0, 140.0, 85.0, 1995-07-14 00:00:00, 1.7
8.0, 21.9, 0.0, 75.0, 1995-07-15 00:00:00, 0.0
5.0, 26.1, 140.0, 55.0, 1995-07-16 00:00:00, 0.0
4.0, 29.4, 140.0, 39.0, 1995-07-17 00:00:00, 0.0
9.0, 30.6, 0.0, 36.0, 1995-07-18 00:00:00, 0.0
2.0, 24.0, 50.0, 70.0, 1995-07-19 00:00:00, 0.0
3.0, 16.9, 0.0, 88.0, 1995-07-20 00:00:00, 0.2
2.0, 17.7, 140.0, 89.0, 1995-07-21 00:00:00, 1.2
0.0, 18.6, 0.0, 83.0, 1995-07-22 00:00:00, 0.0
1.0, 17.8, 180.0, 84.0, 1995-07-23 00:00:00, 0.0
9.0, 20.4, 90.0, 77.0, 1995-07-24 00:00:00, 0.0
10.0, 15.6, 0.0, 93.0, 1995-07-25 00:00:00, 7.1
8.0, 16.6, 140.0, 78.0, 1995-07-26 00:00:00, 64.2
5.0, 19.0, 90.0, 80.0, 1995-07-27 00:00:00, 1.0
12.0, 17.8, 180.0, 71.0, 1995-07-28 00:00:00, 0.0
8.0, 20.2, 140.0, 54.0, 1995-07-29 00:00:00, 0.0
9.0, 18.9, 0.0, 77.0, 1995-07-30 00:00:00, 0.0
7.0, 22.3, 140.0, 73.0, 1995-07-31 00:00:00, 0.0
4.0, 18.3, 90.0, 87.0, 1995-08-01 00:00:00, 0.0
1.0, 16.1, 140.0, 90.0, 1995-08-02 00:00:00, 0.0
4.0, 15.3, 320.0, 89.0, 1995-08-08 00:00:00, 0.7
4.0, 19.6, 140.0, 78.0, 1995-08-09 00:00:00, 4.5
8.0, 18.8, 0.0, 84.0, 1995-08-10 00:00:00, 0.0
1.0, 16.4, 0.0, 84.0, 1995-08-11 00:00:00, 0.0
7.0, 18.5, 90.0, 72.0, 1995-08-12 00:00:00, 3.5
12.0, 18.8, 0.0, 71.0, 1995-08-13 00:00:00, 0.0
6.0, 14.6, 0.0, 93.0, 1995-08-14 00:00:00, 12.9
9.0, 16.6, 90.0, 75.0, 1995-08-15 00:00:00, 0.5
12.0, 16.1, 0.0, 78.0, 1995-08-16 00:00:00, 0.0
10.0, 18.2, 0.0, 77.0, 1995-08-17 00:00:00, 1.5
15.0, 13.0, 0.0, 93.0, 1995-08-18 00:00:00, 10.4
2.0, 15.7, 50.0, 91.0, 1995-08-19 00:00:00, 33.2
