station_observations
wind_speed, temperature, wind_direction, relative_humidity, time, precipitation
5.0, 27.0, 180.0, 39.0, 1990-06-14 00:00:00, 0.0
1.0, 19.3, 180.0, 60.0, 1990-06-15 00:00:00, 0.0
15.0, 19.1, 0.0, 53.0, 1990-06-16 00:00:00, 0.0
6.0, 20.0, 0.0, 59.0, 1990-06-17 00:00:00, 0.0
4.0, 20.5, 180.0, 65.0, 1990-06-18 00:00:00, 0.0
4.0, 18.9, 320.0, 65.0, 1990-06-19 00:00:00, 0.0
6.0, 23.1, 140.0, 60.0, 1990-06-20 00:00:00, 0.0
7.0, 26.4, 50.0, 49.0, 1990-06-21 00:00:00, 0.0
9.0, 25.2, 50.0, 55.0, 1990-06-22 00:00:00, 0.0
6.0, 22.2, 320.0, 45.0, 1990-06-23 00:00:00, 0.5
5.0, 21.5, 320.0, 61.0, 1990-06-24 00:00:00, 0.0
9.0, 15.2, 320.0, 72.0, 1990-06-25 00:00:00, 0.0
3.0, 19.2, 0.0, 61.0, 1990-06-26 00:00:00, 0.5
3.0, 17.5, 320.0, 73.0, 1990-06-27 00:00:00, 0.0
1.0, 15.3, 320.0, 92.0, 1990-06-28 00:00:00, 1.3
4.0, 15.8, 180.0, 94.0, 1990-06-29 00:00:00, 4.0
7.0, 16.3, 140.0, 70.0, 1990-06-30 00:00:00, 5.3
2.0, 19.7, 320.0, 52.0, 1990-07-01 00:00:00, 1.0
5.0, 15.0, 180.0, 86.0, 1990-07-02 00:00:00, 2.3
2.0, 16.1, 320.0, 78.0, 1990-07-03 00:00:00, 5.8
7.0, 18.5, 320.0, 67.0, 1990-07-04 00:00:00, 0.0
0.0, 15.9, 0.0, 97.0, 1990-07-05 00:00:00, 3.0
4.0, 15.9, 140.0, 87.0, 1990-07-06 00:00:00, 10.4
8.0, 17.6, 320.0, 83.0, 1990-07-07 00:00:00, 0.0
7.0, 22.7, 0.0, 63.0, 1990-07-08 00:00:00, 0.0
8.0, 22.6, 320.0, 63.0, 1990-07-09 00:00:00, 0.0
4.0, 26.6, 320.0, 46.0, 1990-07-10 00:00:00, 0.0
10.0, 27.4, 320.0, 51.0, 1990-07-11 00:00:00, 0.0
9.0, 24.8, 320.0, 57.0, 1990-07-12 00:00:00, 0.0
12.0, 23.6, 320.0, 51.0, 1990-07-13 00:00:00, 0.0
7.0, 24.9, 320.0, 53.0, 1990-07-14 00:00:00, 0.0
12.0, 24.9, 320.0, 55.0, 1990-07-15 00:00:00, 0.0
6.0, 22.1, 320.0, 47.0, 1990-07-16 00:00:00, 0.0
4.0, 22.3, 320.0, 51.0, 1990-07-17 00:00:00, 0.0
5.0, 22.6, 320.0, 54.0, 1990-07-18 00:00:00, 0.0
4.0, 26.4, 320.0, 39.0, 1990-07-19 00:00:00, 0.0
6.0, 29.0, 320.0, 33.0, 1990-07-20 00:00:00, 0.0
8.0, 30.6, 320.0, 33.0, 1990-07-21 00:00:00, 0.0
7.0, 29.2, 320.0, 40.0, 1990-07-22 00:00:00, 0.0
2.0, 23.0, 320.0, 63.0, 1990-07-23 00:00:00, 0.0
1.0, 17.3, 320.0, 80.0, 1990-07-24 00:00:00, 0.0
3.0, 21.7, 320.0, 63.0, 1990-07-25 00:00:00, 0.0
7.0, 23.3, 320.0, 47.0, 1990-07-26 00:00:00, 0.0
12.0, 22.8, 320.0, 45.0, 1990-07-27 00:00:00, 0.0
8.0, 25.8, 320.0, 39.0, 1990-07-28 00:00:00, 0.0
11.0, 28.8, 320.0, 42.0, 1990-07-29 00:00:00, 0.0
12.0, 27.2, 320.0, 55.0, 1990-07-30 00:00:00, 0.0
7.0, 27.2, 0.0, 52.0, 1990-07-31 00:00:00, 0.0
3.0, 22.5, 320.0, 51.0, 1990-08-01 00:00:00, 0.0
6.0, 23.2, 320.0, 56.0, 1990-08-02 00:00:00, 0.0
6.0, 26.4, 320.0, 55.0, 1990-08-03 00:00:00, 0.0
8.0, 28.5, 320.0, 51.0, 1990-08-04 00:00:00, 0.0
6.0, 30.3, 180.0, 39.0, 1990-08-05 00:00:00, 0.0
4.0, 24.8, 320.0, 36.0, 1990-08-06 00:00:00, 0.0
6.0, 24.5, 320.0, 47.0, 1990-08-07 00:00:00, 0.0
9.0, 25.6, 320.0, 48.0, 1990-08-08 00:00:00, 0.0
6.0, 29.1, 320.0, 49.0, 1990-08-09 00:00:00, 0.0
12.0, 30.9, 320.0, 38.0, 1990-08-10 00:00:00, 0.0
0.0, 24.5, 0.0, 61.0, 1990-08-11 00:00:00, 0.0
6.0, 31.3, 0.0, 45.0, 1990-08-12 00:00:00, 0.0
22.0, 23.9, 180.0, 53.0, 1990-08-13 00:00:00, 0.0
10.0, 21.6, 180.0, 57.0, 1990-08-14 00:00:00, 0.0
10.0, 20.8, 180.0, 60.0, 1990-08-15 00:00:00, 0.0
2.0, 18.7, 180.0, 87.0, 1990-08-16 00:00:00, 3.8
6.0, 19.4, 320.0, 79.0, 1990-08-17 00:00:00, 0.3
6.0, 21.6, 180.0, 71.0, 1990-08-18 00:00:00, 0.8
7.0, 24.8, 320.0, 58.0, 1990-08-19 00:00:00, 0.0
9.0, 26.8, 320.0, 53.0, 1990-08-20 00:00:00, 0.0
11.0, 25.1, 320.0, 61.0, 1990-08-21 00:00:00, 0.0
6.0, 22.5, 270.0, 41.0, 1990-08-22 00:00:00, 0.0
6.0, 21.9, 270.0, 40.0, 1990-08-23 00:00:00, 0.0
1.0, 18.5, 320.0, 66.0, 1990-08-24 00:00:00, 6.3
1.0, 17.7, 270.0, 70.0, 1990-08-25 00:00:00, 0.0
11.0, 20.3, 180.0, 62.0, 1990-08-26 00:00:00, 2.8
5.0, 23.5, 320.0, 43.0, 1990-08-27 00:00:00, 0.0
5.0, 24.6, 0.0, 44.0, 1990-08-28 00:00:00, 0.0
4.0, 14.4, 320.0, 99.0, 1990-08-29 00:00:00, 4.8
2.0, 16.6, 320.0, 86.0, 1990-08-30 00:00:00, 6.9
4.0, 16.7, 0.0, 84.0, 1990-08-31 00:00:00, 13.2
2.0, 17.4, 320.0, 64.0, 1990-09-01 00:00:00, 3.6
8.0, 18.9, 320.0, 64.0, 1990-09-02 00:00:00, 0.0
4.0, 21.3, 320.0, 51.0, 1990-09-03 00:00:00, 0.0
3.0, 22.3, 320.0, 47.0, 1990-09-04 00:00:00, 0.0
13.0, 23.4, 320.0, 55.0, 1990-09-05 00:00:00, 0.0
8.0, 24.1, 320.0, 59.0, 1990-09-06 00:00:00, 0.0
5.0, 25.3, 320.0, 49.0, 1990-09-07 00:00:00, 0.0
2.0, 18.0, 320.0, 85.0, 1990-09-08 00:00:00, 0.0
6.0, 21.2, 320.0, 73.0, 1990-09-09 00:00:00, 0.0
1.0, 21.6, 320.0, 70.0, 1990-09-10 00:00:00, 0.0
13.0, 21.0, 320.0, 67.0, 1990-09-11 00:00:00, 0.0
7.0, 19.2, 320.0, 70.0, 1990-09-12 00:00:00, 0.0
8.0, 21.0, 320.0, 62.0, 1990-09-13 00:00:00, 0.0
0.0, 21.6, 0.0, 43.0, 1990-09-14 00:00:00, 0.0
9.0, 20.9, 320.0, 64.0, 1990-09-15 00:00:00, 0.0
3.0, 19.1, 320.0, 72.0, 1990-09-16 00:00:00, 0.8
9.0, 19.2, 320.0, 71.0, 1990-09-17 00:00:00, 0.0
3.0, 18.5, 0.0, 78.0, 1990-09-18 00:00:00, 0.0
8.0, 19.6, 320.0, 59.0, 1990-09-19 00:00:00, 0.3
10.0, 20.3, 320.0, 55.0, 1990-09-20 00:00:00, 0.0
10.0, 23.4, 320.0, 59.0, 1990-09-21 00:00:00, 0.0
8.0, 26.1, 320.0, 45.0, 1990-09-22 00:00:00, 0.0
10.0, 23.4, 320.0, 55.0, 1990-09-23 00:00:00, 0.0
8.0, 21.3, 320.0, 68.0, 1990-09-24 00:00:00, 0.0
6.0, 19.0, 0.0, 72.0, 1990-09-25 00:00:00, 0.0
7.0, 19.8, 320.0, 62.0, 1990-09-26 00:00:00, 0.0
6.0, 17.7, 180.0, 68.0, 1990-09-27 00:00:00, 0.0
5.0, 16.7, 320.0, 85.0, 1990-09-28 00:00:00, 0.0
5.0, 18.6, 320.0, 44.0, 1990-09-29 00:00:00, 0.0
8.0, 16.0, 320.0, 55.0, 1990-09-30 00:00:00, 0.0
15.0, 11.1, 180.0, 75.0, 1990-10-01 00:00:00, 14.4
9.0, 11.6, 180.0, 71.0, 1990-10-02 00:00:00, 1.2
3.0, 9.3, 320.0, 99.0, 1990-10-03 00:00:00, 16.0
16.0, 12.9, 180.0, 76.0, 1990-10-04 00:00:00, 24.8
1.0, 11.6, 270.0, 65.0, 1990-10-05 00:00:00, 3.3
0.0, 8.2, 0.0, 78.0, 1990-10-06 00:00:00, 0.2
7.0, 10.8, 320.0, 90.0, 1990-10-07 00:00:00, 0.2
2.0, 12.0, 0.0, 91.0, 1990-10-08 00:00:00, 0.2
1.0, 10.8, 320.0, 99.0, 1990-10-09 00:00:00, 16.2
0.0, 12.6, 0.0, 60.0, 1990-10-10 00:00:00, 0.7
5.0, 7.6, 140.0, 93.0, 1990-10-11 00:00:00, 0.5
15.0, 11.1, 180.0, 75.0, 1990-10-12 00:00:00, 14.4
19.0, 11.2, 180.0, 67.0, 1990-10-13 00:00:00, 0.0
1.0, 5.6, 0.0, 99.0, 1990-10-14 00:00:00, 6.3
0.0, 8.6, 0.0, 82.0, 1990-10-15 00:00:00, 2.5
0.0, 11.0, 0.0, 66.0, 1990-10-16 00:00:00, 0.0
2.0, 4.2, 140.0, 99.0, 1990-10-17 00:00:00, 10.9
12.0, 10.9, 180.0, 81.0, 1990-10-18 00:00:00, 20.3
0.0, 9.9, 0.0, 67.0, 1990-10-19 00:00:00, 0.2
0.0, 5.6, 0.0, 98.0, 1990-10-20 00:00:00, 1.0
14.0, 11.6, 180.0, 83.0, 1990-10-21 00:00:00, 24.6
3.0, 9.1, 140.0, 79.0, 1990-10-22 00:00:00, 0.2
11.0, 23.4, 320.0, 55.0, 1990-10-23 00:00:00, 0.0
