station_observations
wind_speed, temperature, wind_direction, relative_humidity, time, precipitation
67.0, 13.0, 230.0, 72.0, 1983-05-01 00:00:00, 0.0
70.0, 13.8, 90.0, 77.0, 1983-05-02 00:00:00, 0.2
5.0, 14.5, 270.0, 54.0, 1983-05-03 00:00:00, 0.0
4.0, 15.7, 180.0, 52.0, 1983-05-04 00:00:00, 0.0
4.0, 15.2, 140.0, 54.0, 1983-05-05 00:00:00, 0.0
7.0, 13.6, 90.0, 83.0, 1983-05-06 00:00:00, 0.0
4.0, 9.8, 270.0, 78.0, 1983-05-07 00:00:00, 2.2
1.0, 7.0, 270.0, 97.0, 1983-05-08 00:00:00, 2.7
5.0, 13.9, 90.0, 58.0, 1983-05-09 00:00:00, 0.5
6.0, 16.6, 90.0, 66.0, 1983-05-10 00:00:00, 0.7
10.0, 18.3, 140.0, 51.0, 1983-05-11 00:00:00, 0.2
6.0, 20.8, 90.0, 39.0, 1983-05-12 00:00:00, 0.0
11.0, 21.8, 140.0, 31.0, 1983-05-13 00:00:00, 0.0
3.0, 21.6, 180.0, 74.0, 1983-05-14 00:00:00, 0.7
8.0, 16.0, 140.0, 56.0, 1983-05-15 00:00:00, 14.4
5.0, 14.9, 90.0, 68.0, 1983-05-16 00:00:00, 0.0
5.0, 13.4, 230.0, 86.0, 1983-05-17 00:00:00, 0.2
9.0, 17.6, 140.0, 45.0, 1983-05-18 00:00:00, 0.2
8.0, 17.1, 90.0, 59.0, 1983-05-19 00:00:00, 0.0
8.0, 19.5, 90.0, 66.0, 1983-05-20 00:00:00, 0.0
7.0, 18.8, 140.0, 58.0, 1983-05-21 00:00:00, 0.0
9.0, 21.4, 90.0, 49.0, 1983-05-22 00:00:00, 0.0
7.0, 23.8, 140.0, 46.0, 1983-05-23 00:00:00, 0.0
6.0, 26.2, 90.0, 34.0, 1983-05-24 00:00:00, 0.0
6.0, 24.0, 230.0, 30.0, 1983-05-25 00:00:00, 0.0
8.0, 20.6, 90.0, 46.0, 1983-05-26 00:00:00, 0.0
8.0, 24.7, 140.0, 37.0, 1983-05-27 00:00:00, 0.0
7.0, 29.2, 140.0, 21.0, 1983-05-28 00:00:00, 0.0
7.0, 33.6, 140.0, 10.0, 1983-05-29 00:00:00, 0.0
3.0, 19.2, 180.0, 58.0, 1983-05-30 00:00:00, 0.0
5.0, 17.5, 90.0, 78.0, 1983-05-31 00:00:00, 0.2
1.0, 15.0, 0.0, 90.0, 1983-06-01 00:00:00, 0.2
8.0, 15.5, 180.0, 70.0, 1983-06-02 00:00:00, 0.0
4.0, 16.9, 180.0, 63.0, 1983-06-03 00:00:00, 0.0
6.0, 19.8, 180.0, 45.0, 1983-06-04 00:00:00, 0.0
8.0, 19.8, 180.0, 53.0, 1983-06-05 00:00:00, 0.0
7.0, 21.8, 140.0, 53.0, 1983-06-06 00:00:00, 0.0
8.0, 24.3, 140.0, 48.0, 1983-06-07 00:00:00, 0.0
5.0, 24.9, 140.0, 39.0, 1983-06-08 00:00:00, 0.0
3.0, 15.2, 90.0, 82.0, 1983-06-09 00:00:00, 0.0
8.0, 17.1, 230.0, 49.0, 1983-06-10 00:00:00, 3.3
6.0, 13.8, 140.0, 79.0, 1983-06-11 00:00:00, 0.2
6.0, 18.3, 90.0, 59.0, 1983-06-12 00:00:00, 5.0
4.0, 19.6, 90.0, 53.0, 1983-06-13 00:00:00, 0.0
1.0, 19.0, 90.0, 65.0, 1983-06-14 00:00:00, 0.0
10.0, 18.4, 230.0, 51.0, 1983-06-15 00:00:00, 1.7
0.0, 13.3, 0.0, 90.0, 1983-06-16 00:00:00, 1.2
8.0, 14.9, 230.0, 75.0, 1983-06-17 00:00:00, 8.8
4.0, 17.5, 270.0, 58.0, 1983-06-18 00:00:00, 0.7
6.0, 16.0, 90.0, 57.0, 1983-06-19 00:00:00, 0.0
7.0, 16.3, 90.0, 57.0, 1983-06-20 00:00:00, 0.2
7.0, 21.4, 180.0, 39.0, 1983-06-21 00:00:00, 0.0
5.0, 19.0, 140.0, 60.0, 1983-06-22 00:00:00, 0.0
9.0, 18.1, 230.0, 54.0, 1983-06-23 00:00:00, 3.3
6.0, 17.1, 90.0, 65.0, 1983-06-24 00:00:00, 0.0
4.0, 17.9, 140.0, 71.0, 1983-06-25 00:00:00, 1.7
6.0, 19.6, 90.0, 64.0, 1983-06-26 00:00:00, 0.2
9.0, 23.1, 140.0, 52.0, 1983-06-27 00:00:00, 0.0
4.0, 19.5, 230.0, 55.0, 1983-06-28 00:00:00, 0.0
5.0, 18.4, 90.0, 68.0, 1983-06-29 00:00:00, 0.0
9.0, 17.6, 140.0, 56.0, 1983-06-30 00:00:00, 1.7
1.0, 14.3, 90.0, 80.0, 1983-07-01 00:00:00, 5.3
7.0, 17.0, 230.0, 54.0, 1983-07-02 00:00:00, 2.2
6.0, 17.2, 90.0, 62.0, 1983-07-03 00:00:00, 0.0
4.0, 22.5, 180.0, 52.0, 1983-07-04 00:00:00, 0.0
5.0, 21.4, 180.0, 37.0, 1983-07-05 00:00:00, 0.0
5.0, 19.2, 180.0, 44.0, 1983-07-06 00:00:00, 0.0
6.0, 19.5, 90.0, 46.0, 1983-07-07 00:00:00, 0.0
1.0, 15.8, 180.0, 59.0, 1983-07-08 00:00:00, 2.7
9.0, 18.8, 90.0, 57.0, 1983-07-09 00:00:00, 1.0
14.0, 15.7, 90.0, 79.0, 1983-07-10 00:00:00, 2.5
3.0, 16.6, 40.0, 81.0, 1983-07-11 00:00:00, 5.3
5.0, 19.3, 180.0, 66.0, 1983-07-12 00:00:00, 13.7
9.0, 18.0, 230.0, 67.0, 1983-07-13 00:00:00, 4.3
10.0, 19.5, 230.0, 55.0, 1983-07-14 00:00:00, 0.0
4.0, 15.0, 180.0, 77.0, 1983-07-15 00:00:00, 0.0
6.0, 21.1, 90.0, 58.0, 1983-07-16 00:00:00, 0.0
8.0, 26.1, 90.0, 44.0, 1983-07-17 00:00:00, 0.0
7.0, 25.3, 90.0, 50.0, 1983-07-18 00:00:00, 0.0
5.0, 23.0, 230.0, 57.0, 1983-07-19 00:00:00, 0.0
6.0, 20.3, 270.0, 59.0, 1983-07-20 00:00:00, 0.0
6.0, 22.2, 90.0, 50.0, 1983-07-21 00:00:00, 0.0
6.0, 25.1, 90.0, 42.0, 1983-07-22 00:00:00, 0.0
5.0, 24.0, 270.0, 47.0, 1983-07-23 00:00:00, 0.0
9.0, 23.0, 90.0, 52.0, 1983-07-24 00:00:00, 0.0
7.0, 20.4, 230.0, 52.0, 1983-07-25 00:00:00, 0.0
7.0, 19.4, 90.0, 64.0, 1983-07-26 00:00:00, 0.2
5.0, 16.2, 140.0, 80.0, 1983-07-27 00:00:00, 6.0
1.0, 19.4, 270.0, 61.0, 1983-07-28 00:00:00, 1.5
7.0, 23.0, 140.0, 53.0, 1983-07-29 00:00:00, 0.0
6.0, 27.2, 40.0, 39.0, 1983-07-30 00:00:00, 0.0
4.0, 27.6, 90.0, 41.0, 1983-07-31 00:00:00, 0.0
7.0, 24.0, 140.0, 42.0, 1983-08-01 00:00:00, 0.0
3.0, 16.6, 90.0, 76.0, 1983-08-02 00:00:00, 0.5
4.0, 21.0, 180.0, 44.0, 1983-08-03 00:00:00, 0.2
7.0, 22.7, 90.0, 41.0, 1983-08-04 00:00:00, 0.0
5.0, 24.0, 180.0, 40.0, 1983-08-05 00:00:00, 0.0
9.0, 23.6, 90.0, 48.0, 1983-08-06 00:00:00, 0.0
7.0, 28.1, 140.0, 38.0, 1983-08-07 00:00:00, 0.0
7.0, 27.2, 230.0, 38.0, 1983-08-08 00:00:00, 0.0
8.0, 24.8, 140.0, 44.0, 1983-08-09 00:00:00, 0.0
6.0, 21.8, 90.0, 60.0, 1983-08-10 00:00:00, 0.0
3.0, 20.2, 270.0, 67.0, 1983-08-11 00:00:00, 0.5
9.0, 22.2, 90.0, 59.0, 1983-08-12 00:00:00, 0.0
5.0, 27.3, 140.0, 42.0, 1983-08-13 00:00:00, 0.0
7.0, 24.0, 140.0, 45.0, 1983-08-14 00:00:00, 0.0
7.0, 23.3, 90.0, 45.0, 1983-08-15 00:00:00, 0.0
6.0, 24.6, 140.0, 41.0, 1983-08-16 00:00:00, 0.0
8.0, 24.8, 140.0, 46.0, 1983-08-17 00:00:00, 0.0
8.0, 24.2, 140.0, 44.0, 1983-08-18 00:00:00, 0.0
8.0, 24.2, 90.0, 41.0, 1983-08-19 00:00:00, 0.0
7.0, 23.2, 90.0, 41.0, 1983-08-20 00:00:00, 0.0
6.0, 26.3, 140.0, 34.0, 1983-08-21 00:00:00, 0.0
6.0, 25.5, 140.0, 39.0, 1983-08-22 00:00:00, 0.0
6.0, 23.1, 140.0, 55.0, 1983-08-23 00:00:00, 0.0
4.0, 17.0, 90.0, 74.0, 1983-08-24 00:00:00, 0.0
5.0, 22.9, 90.0, 46.0, 1983-08-25 00:00:00, 0.0
6.0, 23.4, 180.0, 46.0, 1983-08-26 00:00:00, 0.0
5.0, 21.7, 180.0, 53.0, 1983-08-27 00:00:00, 0.0
5.0, 14.9, 90.0, 80.0, 1983-08-28 00:00:00, 2.5
0.0, 15.9, 0.0, 79.0, 1983-08-29 00:00:00, 5.0
2.0, 20.6, 180.0, 73.0, 1983-08-30 00:00:00, 3.8
5.0, 24.6, 90.0, 57.0, 1983-08-31 00:00:00, 0.0
0.0, 15.9, 0.0, 79.0, 1983-09-01 00:00:00, 43.9
5.0, 19.9, 230.0, 67.0, 1983-09-02 00:00:00, 5.8
7.0, 20.3, 140.0, 67.0, 1983-09-03 00:00:00, 0.5
8.0, 20.8, 180.0, 55.0, 1983-09-04 00:00:00, 0.0
6.0, 19.0, 140.0, 49.0, 1983-09-05 00:00:00, 0.0
8.0, 19.8, 180.0, 44.0, 1983-09-06 00:00:00, 0.0
6.0, 17.2, 180.0, 43.0, 1983-09-07 00:00:00, 0.0
0.0, 11.6, 0.0, 78.0, 1983-09-08 00:00:00, 3.8
6.0, 16.6, 180.0, 61.0, 1983-09-09 00:00:00, 1.7
38.0, 13.3, 90.0, 80.0, 1983-09-10 00:00:00, 20.8
1.0, 17.1, 320.0, 75.0, 1983-09-11 00:00:00, 1.0
3.0, 18.7, 90.0, 63.0, 1983-09-12 00:00:00, 0.0
5.0, 24.5, 180.0, 46.0, 1983-09-13 00:00:00, 0.0
5.0, 20.0, 140.0, 58.0, 1983-09-14 00:00:00, 0.0
9.0, 19.0, 90.0, 61.0, 1983-09-15 00:00:00, 0.0
9.0, 17.9, 230.0, 40.0, 1983-09-16 00:00:00, 0.0
8.0, 16.7, 140.0, 48.0, 1983-09-17 00:00:00, 0.0
9.0, 17.5, 90.0, 34.0, 1983-09-18 00:00:00, 11.4
4.0, 17.3, 90.0, 24.0, 1983-09-19 00:00:00, 0.2
8.0, 18.0, 140.0, 46.0, 1983-09-20 00:00:00, 0.0
5.0, 23.9, 140.0, 36.0, 1983-09-21 00:00:00, 0.0
6.0, 23.6, 140.0, 42.0, 1983-09-22 00:00:00, 0.5
3.0, 21.7, 140.0, 53.0, 1983-09-23 00:00:00, 0.0
7.0, 18.0, 180.0, 52.0, 1983-09-24 00:00:00, 0.0
5.0, 18.1, 140.0, 55.0, 1983-09-25 00:00:00, 0.0
1.0, 13.9, 90.0, 77.0, 1983-09-26 00:00:00, 0.0
5.0, 15.8, 140.0, 29.0, 1983-09-27 00:00:00, 0.0
6.0, 15.3, 140.0, 42.0, 1983-09-28 00:00:00, 0.2
9.0, 17.5, 180.0, 24.0, 1983-09-29 00:00:00, 0.0
8.0, 18.1, 90.0, 22.0, 1983-09-30 00:00:00, 0.0
4.0, 8.0, 40.0, 95.0, 1984-05-01 00:00:00, 17.5
6.0, 11.0, 230.0, 67.0, 1984-05-02 00:00:00, 17.5
6.0, 14.0, 230.0, 46.0, 1984-05-03 00:00:00, 0.0
4.0, 12.1, 90.0, 56.0, 1984-05-04 00:00:00, 0.2
1.0, 8.8, 230.0, 89.0, 1984-05-05 00:00:00, 3.0
4.0, 13.3, 90.0, 67.0, 1984-05-06 00:00:00, 1.7
6.0, 16.2, 90.0, 60.0, 1984-05-07 00:00:00, 0.0
4.0, 11.9, 230.0, 72.0, 1984-05-08 00:00:00, 8.6
7.0, 11.8, 270.0, 67.0, 1984-05-09 00:00:00, 1.5
4.0, 9.1, 40.0, 93.0, 1984-05-10 00:00:00, 6.0
2.0, 12.7, 40.0, 94.0, 1984-05-11 00:00:00, 18.0
5.0, 14.0, 90.0, 61.0, 1984-05-12 00:00:00, 0.0
0.0, 12.6, 0.0, 90.0, 1984-05-13 00:00:00, 2.2
7.0, 12.5, 90.0, 73.0, 1984-05-14 00:00:00, 0.2
6.0, 12.0, 140.0, 71.0, 1984-05-15 00:00:00, 3.8
5.0, 13.8, 270.0, 62.0, 1984-05-16 00:00:00, 1.0
2.0, 15.3, 230.0, 60.0, 1984-05-17 00:00:00, 0.0
5.0, 13.4, 270.0, 84.0, 1984-05-18 00:00:00, 0.2
5.0, 13.8, 180.0, 91.0, 1984-05-19 00:00:00, 16.2
10.0, 12.9, 230.0, 61.0, 1984-05-20 00:00:00, 0.0
4.0, 14.0, 270.0, 55.0, 1984-05-21 00:00:00, 0.0
0.0, 8.9, 0.0, 97.0, 1984-05-22 00:00:00, 10.4
8.0, 13.3, 220.0, 62.0, 1984-05-23 00:00:00, 8.1
4.0, 14.0, 140.0, 58.0, 1984-05-24 00:00:00, 0.0
4.0, 8.3, 90.0, 93.0, 1984-05-25 00:00:00, 1.1
8.0, 16.1, 90.0, 68.0, 1984-05-26 00:00:00, 25.9
7.0, 18.2, 40.0, 68.0, 1984-05-27 00:00:00, 0.0
7.0, 22.6, 90.0, 46.0, 1984-05-28 00:00:00, 0.0
8.0, 21.8, 140.0, 64.0, 1984-05-29 00:00:00, 0.0
10.0, 12.7, 230.0, 65.0, 1984-05-30 00:00:00, 0.0
5.0, 15.4, 40.0, 47.0, 1984-05-31 00:00:00, 0.5
7.0, 16.0, 90.0, 57.0, 1984-06-01 00:00:00, 0.5
7.0, 16.3, 90.0, 66.0, 1984-06-02 00:00:00, 0.0
5.0, 12.7, 90.0, 92.0, 1984-06-03 00:00:00, 0.2
2.0, 13.3, 50.0, 92.0, 1984-06-04 00:00:00, 12.4
7.0, 13.1, 140.0, 88.0, 1984-06-05 00:00:00, 1.2
2.0, 13.6, 230.0, 91.0, 1984-06-06 00:00:00, 5.5
2.0, 13.1, 270.0, 89.0, 1984-06-07 00:00:00, 1.7
8.0, 16.8, 230.0, 56.0, 1984-06-08 00:00:00, 0.0
3.0, 16.2, 90.0, 68.0, 1984-06-09 00:00:00, 0.2
2.0, 17.1, 40.0, 70.0, 1984-06-10 00:00:00, 0.2
8.0, 21.3, 90.0, 66.0, 1984-06-11 00:00:00, 0.0
7.0, 21.8, 140.0, 60.0, 1984-06-12 00:00:00, 0.2
7.0, 23.1, 90.0, 59.0, 1984-06-13 00:00:00, 0.0
8.0, 21.0, 90.0, 58.0, 1984-06-14 00:00:00, 0.0
5.0, 19.5, 180.0, 75.0, 1984-06-15 00:00:00, 0.0
5.0, 16.5, 180.0, 60.0, 1984-06-16 00:00:00, 0.0
10.0, 17.5, 180.0, 60.0, 1984-06-17 00:00:00, 0.0
2.0, 18.0, 0.0, 58.0, 1984-06-18 00:00:00, 0.0
9.0, 19.9, 320.0, 62.0, 1984-06-19 00:00:00, 0.0
2.0, 20.5, 40.0, 75.0, 1984-06-20 00:00:00, 4.2
9.0, 23.0, 90.0, 53.0, 1984-06-21 00:00:00, 0.0
7.0, 20.0, 140.0, 52.0, 1984-06-22 00:00:00, 0.0
7.0, 24.0, 0.0, 50.0, 1984-06-23 00:00:00, 0.0
8.0, 20.0, 0.0, 65.0, 1984-06-24 00:00:00, 1.6
9.0, 22.0, 140.0, 54.0, 1984-06-25 00:00:00, 0.0
2.0, 18.0, 180.0, 73.0, 1984-06-26 00:00:00, 22.8
1.0, 17.0, 180.0, 68.0, 1984-06-27 00:00:00, 0.1
2.0, 15.0, 90.0, 95.0, 1984-06-28 00:00:00, 0.6
2.0, 15.0, 240.0, 53.0, 1984-06-29 00:00:00, 20.1
7.0, 15.0, 0.0, 63.0, 1984-06-30 00:00:00, 0.0
7.0, 17.3, 270.0, 77.0, 1984-07-01 00:00:00, 0.0
5.0, 18.2, 90.0, 79.0, 1984-07-02 00:00:00, 0.0
6.0, 20.9, 90.0, 70.0, 1984-07-03 00:00:00, 0.0
5.0, 18.2, 90.0, 79.0, 1984-07-04 00:00:00, 0.0
6.0, 19.0, 230.0, 63.0, 1984-07-05 00:00:00, 0.0
5.0, 17.6, 180.0, 57.0, 1984-07-06 00:00:00, 0.0
7.0, 18.5, 140.0, 67.0, 1984-07-07 00:00:00, 0.0
8.0, 20.1, 140.0, 69.0, 1984-07-08 00:00:00, 0.0
2.0, 20.3, 140.0, 70.0, 1984-07-09 00:00:00, 0.0
5.0, 18.9, 90.0, 71.0, 1984-07-10 00:00:00, 0.0
1.0, 20.4, 230.0, 66.0, 1984-07-11 00:00:00, 0.0
6.0, 17.1, 230.0, 72.0, 1984-07-12 00:00:00, 0.0
5.0, 19.5, 140.0, 72.0, 1984-07-13 00:00:00, 0.0
2.0, 22.0, 90.0, 64.0, 1984-07-14 00:00:00, 0.0
5.0, 24.4, 90.0, 52.0, 1984-07-15 00:00:00, 0.0
3.0, 26.9, 90.0, 47.0, 1984-07-16 00:00:00, 0.0
5.0, 23.3, 90.0, 66.0, 1984-07-17 00:00:00, 0.0
5.0, 24.0, 90.0, 59.0, 1984-07-18 00:00:00, 0.0
6.0, 21.9, 140.0, 58.0, 1984-07-19 00:00:00, 0.0
7.0, 18.5, 40.0, 69.0, 1984-07-20 00:00:00, 0.0
5.0, 18.3, 40.0, 70.0, 1984-07-21 00:00:00, 1.2
5.0, 26.3, 90.0, 47.0, 1984-07-22 00:00:00, 0.0
3.0, 28.8, 40.0, 38.0, 1984-07-23 00:00:00, 0.0
5.0, 30.6, 90.0, 35.0, 1984-07-24 00:00:00, 0.0
9.0, 26.7, 230.0, 48.0, 1984-07-25 00:00:00, 0.0
7.0, 22.9, 140.0, 50.0, 1984-07-26 00:00:00, 0.7
6.0, 23.2, 40.0, 56.0, 1984-07-27 00:00:00, 0.0
5.0, 23.0, 40.0, 55.0, 1984-07-28 00:00:00, 0.0
10.0, 24.0, 40.0, 58.0, 1984-07-29 00:00:00, 0.0
7.0, 25.0, 90.0, 57.0, 1984-07-30 00:00:00, 0.0
6.0, 26.8, 90.0, 58.0, 1984-07-31 00:00:00, 0.0
5.0, 25.0, 90.0, 54.0, 1984-08-01 00:00:00, 0.0
5.0, 21.8, 140.0, 48.0, 1984-08-02 00:00:00, 0.0
5.0, 22.9, 90.0, 47.0, 1984-08-03 00:00:00, 0.0
7.0, 24.0, 90.0, 45.0, 1984-08-04 00:00:00, 0.0
2.0, 20.1, 40.0, 73.0, 1984-08-05 00:00:00, 0.0
6.0, 18.8, 90.0, 60.0, 1984-08-06 00:00:00, 9.9
4.0, 17.3, 180.0, 86.0, 1984-08-07 00:00:00, 1.0
5.0, 27.4, 40.0, 57.0, 1984-08-08 00:00:00, 0.0
8.0, 26.1, 40.0, 63.0, 1984-08-09 00:00:00, 0.0
6.0, 24.5, 90.0, 51.0, 1984-08-10 00:00:00, 0.0
5.0, 22.9, 140.0, 63.0, 1984-08-11 00:00:00, 0.0
5.0, 20.1, 140.0, 62.0, 1984-08-12 00:00:00, 0.0
3.0, 18.7, 180.0, 64.0, 1984-08-13 00:00:00, 0.0
6.0, 20.4, 140.0, 60.0, 1984-08-14 00:00:00, 0.0
6.0, 24.6, 140.0, 46.0, 1984-08-15 00:00:00, 0.0
4.0, 26.0, 90.0, 52.0, 1984-08-16 00:00:00, 0.5
7.0, 23.3, 230.0, 38.0, 1984-08-17 00:00:00, 1.0
6.0, 21.4, 230.0, 48.0, 1984-08-18 00:00:00, 0.0
6.0, 21.9, 90.0, 49.0, 1984-08-19 00:00:00, 0.0
7.0, 22.7, 90.0, 52.0, 1984-08-20 00:00:00, 0.0
4.0, 25.5, 40.0, 46.0, 1984-08-21 00:00:00, 0.0
5.0, 24.1, 90.0, 42.0, 1984-08-22 00:00:00, 0.0
6.0, 22.2, 180.0, 57.0, 1984-08-23 00:00:00, 0.0
7.0, 21.1, 90.0, 62.0, 1984-08-24 00:00:00, 0.0
5.0, 23.5, 90.0, 58.0, 1984-08-25 00:00:00, 0.0
5.0, 23.5, 230.0, 57.0, 1984-08-26 00:00:00, 0.0
10.0, 19.0, 230.0, 46.0, 1984-08-27 00:00:00, 0.7
5.0, 18.8, 230.0, 57.0, 1984-08-28 00:00:00, 0.0
6.0, 20.3, 90.0, 55.0, 1984-08-29 00:00:00, 0.0
5.0, 21.4, 90.0, 53.0, 1984-08-30 00:00:00, 0.0
10.0, 19.4, 270.0, 61.0, 1984-08-31 00:00:00, 0.0
3.0, 17.3, 90.0, 50.0, 1984-09-01 00:00:00, 0.2
7.0, 19.5, 90.0, 48.0, 1984-09-02 00:00:00, 0.0
6.0, 25.2, 140.0, 29.0, 1984-09-03 00:00:00, 0.0
2.0, 16.8, 90.0, 84.0, 1984-09-04 00:00:00, 0.0
0.0, 13.7, 0.0, 91.0, 1984-09-05 00:00:00, 12.9
10.0, 16.5, 230.0, 61.0, 1984-09-06 00:00:00, 3.3
6.0, 15.5, 90.0, 73.0, 1984-09-07 00:00:00, 0.5
8.0, 20.6, 230.0, 65.0, 1984-09-08 00:00:00, 1.2
8.0, 19.3, 270.0, 61.0, 1984-09-09 00:00:00, 0.0
7.0, 17.3, 230.0, 61.0, 1984-09-10 00:00:00, 0.0
5.0, 16.6, 180.0, 69.0, 1984-09-11 00:00:00, 0.0
3.0, 12.3, 230.0, 91.0, 1984-09-12 00:00:00, 3.5
6.0, 20.0, 90.0, 48.0, 1984-09-13 00:00:00, 0.0
9.0, 21.4, 140.0, 44.0, 1984-09-14 00:00:00, 0.0
3.0, 22.2, 90.0, 53.0, 1984-09-15 00:00:00, 0.0
3.0, 19.5, 180.0, 83.0, 1984-09-16 00:00:00, 0.7
4.0, 23.3, 230.0, 68.0, 1984-09-17 00:00:00, 0.0
6.0, 24.3, 270.0, 48.0, 1984-09-18 00:00:00, 0.0
5.0, 17.5, 0.0, 60.0, 1984-09-19 00:00:00, 0.0
5.0, 17.0, 230.0, 64.0, 1984-09-20 00:00:00, 1.8
4.0, 17.5, 40.0, 48.0, 1984-09-21 00:00:00, 0.0
5.0, 8.5, 40.0, 78.0, 1984-09-22 00:00:00, 4.0
8.0, 15.0, 90.0, 45.0, 1984-09-23 00:00:00, 0.0
4.0, 23.5, 90.0, 58.0, 1984-09-24 00:00:00, 0.0
6.0, 16.1, 90.0, 60.0, 1984-09-25 00:00:00, 0.0
7.0, 15.1, 140.0, 68.0, 1984-09-26 00:00:00, 0.0
7.0, 18.0, 90.0, 30.0, 1984-09-27 00:00:00, 0.0
9.0, 17.5, 140.0, 39.0, 1984-09-28 00:00:00, 0.0
5.0, 21.4, 140.0, 53.0, 1984-09-29 00:00:00, 0.0
8.0, 18.4, 90.0, 59.0, 1984-09-30 00:00:00, 0.0
3.0, 15.0, 180.0, 49.0, 1985-05-01 00:00:00, 0.0
0.0, 13.0, 0.0, 71.0, 1985-05-02 00:00:00, 0.0
10.0, 9.0, 0.0, 74.0, 1985-05-03 00:00:00, 0.5
15.0, 10.0, 230.0, 69.0, 1985-05-04 00:00:00, 1.7
2.0, 10.0, 140.0, 74.0, 1985-05-05 00:00:00, 0.0
10.0, 11.0, 40.0, 79.0, 1985-05-06 00:00:00, 0.0
9.0, 11.0, 320.0, 50.0, 1985-05-07 00:00:00, 1.0
6.0, 10.0, 140.0, 70.0, 1985-05-08 00:00:00, 0.2
2.0, 11.0, 140.0, 66.0, 1985-05-09 00:00:00, 0.0
11.0, 10.0, 230.0, 77.0, 1985-05-10 00:00:00, 0.0
7.0, 10.0, 230.0, 41.0, 1985-05-11 00:00:00, 0.7
5.0, 12.0, 40.0, 57.0, 1985-05-12 00:00:00, 0.0
3.0, 9.0, 40.0, 88.0, 1985-05-13 00:00:00, 1.5
10.0, 13.0, 40.0, 70.0, 1985-05-14 00:00:00, 2.2
8.0, 18.0, 140.0, 50.0, 1985-05-15 00:00:00, 0.0
6.0, 24.0, 90.0, 39.0, 1985-05-16 00:00:00, 0.0
5.0, 25.0, 90.0, 36.0, 1985-05-17 00:00:00, 0.0
8.0, 16.0, 140.0, 78.0, 1985-05-18 00:00:00, 0.0
3.0, 14.0, 90.0, 89.0, 1985-05-19 00:00:00, 0.0
0.0, 14.0, 0.0, 88.0, 1985-05-20 00:00:00, 0.0
4.0, 17.0, 140.0, 72.0, 1985-05-21 00:00:00, 0.0
6.0, 20.0, 140.0, 62.0, 1985-05-22 00:00:00, 0.0
6.0, 21.0, 140.0, 66.0, 1985-05-23 00:00:00, 0.0
3.0, 20.3, 180.0, 62.0, 1985-05-24 00:00:00, 0.0
4.0, 16.0, 90.0, 82.0, 1985-05-25 00:00:00, 14.4
7.0, 18.0, 90.0, 74.0, 1985-05-26 00:00:00, 0.0
3.0, 15.8, 140.0, 78.0, 1985-05-27 00:00:00, 0.0
2.0, 12.9, 90.0, 92.0, 1985-05-28 00:00:00, 0.0
14.0, 11.6, 270.0, 91.0, 1985-05-29 00:00:00, 1.7
0.0, 11.6, 0.0, 92.0, 1985-05-30 00:00:00, 1.7
6.0, 18.2, 90.0, 76.0, 1985-05-31 00:00:00, 0.0
5.0, 18.9, 180.0, 67.0, 1985-06-01 00:00:00, 0.0
1.0, 13.6, 180.0, 82.0, 1985-06-02 00:00:00, 0.0
4.0, 16.1, 140.0, 80.0, 1985-06-03 00:00:00, 0.0
17.0, 16.9, 230.0, 66.0, 1985-06-04 00:00:00, 0.5
14.0, 16.2, 230.0, 50.0, 1985-06-05 00:00:00, 0.0
4.0, 10.9, 90.0, 97.0, 1985-06-06 00:00:00, 7.3
5.0, 13.2, 270.0, 97.0, 1985-06-07 00:00:00, 16.0
5.0, 15.4, 180.0, 52.0, 1985-06-08 00:00:00, 0.0
5.0, 17.0, 40.0, 59.0, 1985-06-09 00:00:00, 0.0
7.0, 19.3, 40.0, 56.0, 1985-06-10 00:00:00, 0.0
10.0, 20.4, 230.0, 54.0, 1985-06-11 00:00:00, 0.0
17.0, 17.5, 270.0, 58.0, 1985-06-12 00:00:00, 0.2
2.0, 12.3, 140.0, 98.0, 1985-06-13 00:00:00, 3.5
0.0, 15.6, 0.0, 96.0, 1985-06-14 00:00:00, 4.8
9.0, 15.5, 180.0, 55.0, 1985-06-15 00:00:00, 0.2
7.0, 18.0, 90.0, 41.0, 1985-06-16 00:00:00, 0.0
11.0, 24.8, 140.0, 37.0, 1985-06-17 00:00:00, 0.0
4.0, 27.2, 90.0, 39.0, 1985-06-18 00:00:00, 0.0
6.0, 23.0, 140.0, 52.0, 1985-06-19 00:00:00, 0.0
8.0, 19.7, 140.0, 52.0, 1985-06-20 00:00:00, 0.0
9.0, 19.0, 140.0, 60.0, 1985-06-21 00:00:00, 0.0
10.0, 16.5, 140.0, 63.0, 1985-06-22 00:00:00, 0.0
4.0, 13.8, 140.0, 59.0, 1985-06-23 00:00:00, 0.0
3.0, 14.1, 90.0, 76.0, 1985-06-24 00:00:00, 9.9
5.0, 18.0, 140.0, 70.0, 1985-06-25 00:00:00, 0.0
7.0, 18.8, 140.0, 68.0, 1985-06-26 00:00:00, 0.0
7.0, 17.0, 270.0, 51.0, 1985-06-27 00:00:00, 0.0
9.0, 18.4, 140.0, 49.0, 1985-06-28 00:00:00, 0.0
7.0, 18.0, 140.0, 67.0, 1985-06-29 00:00:00, 0.0
6.0, 18.2, 180.0, 76.0, 1985-06-30 00:00:00, 0.0
9.0, 21.9, 180.0, 47.0, 1985-07-01 00:00:00, 0.0
7.0, 25.7, 140.0, 43.0, 1985-07-02 00:00:00, 0.0
9.0, 24.9, 40.0, 38.0, 1985-07-03 00:00:00, 0.0
6.0, 23.7, 140.0, 40.0, 1985-07-04 00:00:00, 0.0
4.0, 19.8, 140.0, 59.0, 1985-07-05 00:00:00, 0.0
8.0, 22.1, 140.0, 50.0, 1985-07-06 00:00:00, 0.0
7.0, 24.7, 140.0, 43.0, 1985-07-07 00:00:00, 0.0
5.0, 27.7, 140.0, 39.0, 1985-07-08 00:00:00, 0.0
6.0, 28.3, 90.0, 43.0, 1985-07-09 00:00:00, 0.0
15.0, 23.4, 270.0, 51.0, 1985-07-10 00:00:00, 0.0
8.0, 25.3, 140.0, 42.0, 1985-07-11 00:00:00, 0.0
12.0, 21.7, 140.0, 52.0, 1985-07-12 00:00:00, 0.0
7.0, 23.1, 90.0, 45.0, 1985-07-13 00:00:00, 0.0
9.0, 24.7, 140.0, 51.0, 1985-07-14 00:00:00, 0.0
9.0, 26.3, 90.0, 44.0, 1985-07-15 00:00:00, 0.0
8.0, 24.8, 90.0, 59.0, 1985-07-16 00:00:00, 0.0
10.0, 24.9, 140.0, 62.0, 1985-07-17 00:00:00, 0.0
8.0, 28.8, 140.0, 48.0, 1985-07-18 00:00:00, 0.0
6.0, 24.0, 140.0, 52.0, 1985-07-19 00:00:00, 0.0
6.0, 30.7, 90.0, 30.0, 1985-07-20 00:00:00, 0.0
12.0, 27.5, 140.0, 42.0, 1985-07-21 00:00:00, 0.0
6.0, 25.8, 90.0, 56.0, 1985-07-22 00:00:00, 0.0
10.0, 24.4, 140.0, 56.0, 1985-07-23 00:00:00, 0.0
9.0, 23.0, 140.0, 54.0, 1985-07-24 00:00:00, 0.0
10.0, 24.9, 140.0, 49.0, 1985-07-25 00:00:00, 0.0
8.0, 25.5, 140.0, 44.0, 1985-07-26 00:00:00, 0.0
7.0, 27.4, 140.0, 39.0, 1985-07-27 00:00:00, 0.0
5.0, 29.0, 90.0, 37.0, 1985-07-28 00:00:00, 0.0
9.0, 29.9, 140.0, 37.0, 1985-07-29 00:00:00, 0.0
9.0, 22.2, 140.0, 66.0, 1985-07-30 00:00:00, 0.0
0.0, 16.7, 0.0, 91.0, 1985-07-31 00:00:00, 1.5
13.0, 19.3, 270.0, 80.0, 1985-08-01 00:00:00, 1.2
4.0, 21.8, 140.0, 64.0, 1985-08-02 00:00:00, 0.0
6.0, 23.4, 140.0, 49.0, 1985-08-03 00:00:00, 0.0
10.0, 22.2, 140.0, 58.0, 1985-08-04 00:00:00, 0.0
8.0, 23.1, 90.0, 56.0, 1985-08-05 00:00:00, 0.0
5.0, 20.5, 140.0, 55.0, 1985-08-06 00:00:00, 0.0
12.0, 17.5, 270.0, 68.0, 1985-08-07 00:00:00, 7.3
2.0, 19.6, 90.0, 62.0, 1985-08-08 00:00:00, 1.2
7.0, 17.5, 230.0, 68.0, 1985-08-09 00:00:00, 0.0
10.0, 21.4, 140.0, 50.0, 1985-08-10 00:00:00, 0.5
11.0, 23.4, 90.0, 47.0, 1985-08-11 00:00:00, 0.0
12.0, 21.7, 140.0, 52.0, 1985-08-12 00:00:00, 0.0
5.0, 28.0, 140.0, 25.0, 1985-08-13 00:00:00, 0.0
10.0, 26.4, 90.0, 38.0, 1985-08-14 00:00:00, 0.0
12.0, 27.5, 90.0, 22.0, 1985-08-15 00:00:00, 0.0
10.0, 28.4, 90.0, 22.0, 1985-08-16 00:00:00, 0.0
10.0, 27.4, 90.0, 30.0, 1985-08-17 00:00:00, 0.0
9.0, 23.2, 140.0, 44.0, 1985-08-18 00:00:00, 0.0
9.0, 18.5, 90.0, 63.0, 1985-08-19 00:00:00, 0.0
9.0, 21.1, 140.0, 48.0, 1985-08-20 00:00:00, 0.0
10.0, 20.2, 40.0, 58.0, 1985-08-21 00:00:00, 0.0
5.0, 23.5, 90.0, 49.0, 1985-08-22 00:00:00, 0.0
10.0, 24.4, 140.0, 56.0, 1985-08-23 00:00:00, 0.0
9.0, 27.5, 90.0, 39.0, 1985-08-24 00:00:00, 0.0
13.0, 23.1, 90.0, 31.0, 1985-08-25 00:00:00, 0.0
10.0, 24.9, 90.0, 32.0, 1985-08-26 00:00:00, 0.0
11.0, 22.6, 180.0, 42.0, 1985-08-27 00:00:00, 0.0
4.0, 18.2, 230.0, 48.0, 1985-08-28 00:00:00, 0.0
3.0, 20.6, 320.0, 49.0, 1985-08-29 00:00:00, 0.0
6.0, 16.1, 140.0, 81.0, 1985-08-30 00:00:00, 3.3
0.0, 15.3, 0.0, 86.0, 1985-08-31 00:00:00, 3.8
10.0, 21.7, 90.0, 58.0, 1985-09-01 00:00:00, 0.0
9.0, 23.4, 140.0, 47.0, 1985-09-02 00:00:00, 0.0
8.0, 20.5, 90.0, 67.0, 1985-09-03 00:00:00, 0.0
3.0, 15.5, 270.0, 93.0, 1985-09-04 00:00:00, 0.2
13.0, 16.3, 270.0, 74.0, 1985-09-05 00:00:00, 0.0
5.0, 14.1, 140.0, 85.0, 1985-09-06 00:00:00, 1.0
6.0, 15.4, 90.0, 62.0, 1985-09-07 00:00:00, 0.0
8.0, 19.4, 90.0, 39.0, 1985-09-08 00:00:00, 0.0
7.0, 17.5, 230.0, 68.0, 1985-09-09 00:00:00, 0.0
10.0, 21.4, 140.0, 50.0, 1985-09-10 00:00:00, 0.0
11.0, 23.4, 90.0, 47.0, 1985-09-11 00:00:00, 0.0
12.0, 21.7, 140.0, 52.0, 1985-09-12 00:00:00, 0.0
4.0, 13.3, 90.0, 92.0, 1985-09-13 00:00:00, 7.1
7.0, 15.7, 90.0, 80.0, 1985-09-14 00:00:00, 2.2
5.0, 15.0, 140.0, 81.0, 1985-09-15 00:00:00, 7.8
4.0, 14.4, 140.0, 89.0, 1985-09-16 00:00:00, 0.5
1.0, 12.5, 180.0, 86.0, 1985-09-17 00:00:00, 5.5
4.0, 15.4, 320.0, 72.0, 1985-09-18 00:00:00, 0.0
0.0, 14.0, 0.0, 62.0, 1985-09-19 00:00:00, 0.0
7.0, 12.3, 320.0, 71.0, 1985-09-20 00:00:00, 0.0
7.0, 17.1, 40.0, 60.0, 1985-09-21 00:00:00, 0.0
8.0, 16.5, 230.0, 62.0, 1985-09-22 00:00:00, 0.0
5.0, 17.7, 90.0, 52.0, 1985-09-23 00:00:00, 0.0
8.0, 18.6, 90.0, 70.0, 1985-09-24 00:00:00, 0.0
8.0, 21.0, 90.0, 54.0, 1985-09-25 00:00:00, 0.0
4.0, 21.3, 140.0, 39.0, 1985-09-26 00:00:00, 0.0
9.0, 20.2, 90.0, 20.0, 1985-09-27 00:00:00, 0.0
7.0, 18.8, 140.0, 23.0, 1985-09-28 00:00:00, 0.0
7.0, 18.3, 90.0, 33.0, 1985-09-29 00:00:00, 0.0
7.0, 19.5, 90.0, 39.0, 1985-09-30 00:00:00, 0.0
12.0, 11.0, 0.0, 51.0, 1986-04-23 00:00:00, 0.0
10.0, 10.2, 180.0, 48.0, 1986-04-24 00:00:00, 2.5
10.0, 7.5, 140.0, 80.0, 1986-04-25 00:00:00, 8.6
11.0, 7.3, 140.0, 65.0, 1986-04-26 00:00:00, 4.0
8.0, 7.7, 270.0, 92.0, 1986-04-27 00:00:00, 12.1
11.0, 7.3, 270.0, 65.0, 1986-04-28 00:00:00, 0.0
2.0, 5.9, 230.0, 93.0, 1986-04-29 00:00:00, 1.7
12.0, 9.4, 140.0, 64.0, 1986-04-30 00:00:00, 0.2
16.0, 14.5, 140.0, 54.0, 1986-05-01 00:00:00, 0.2
9.0, 10.6, 140.0, 97.0, 1986-05-02 00:00:00, 8.8
19.0, 11.1, 90.0, 72.0, 1986-05-03 00:00:00, 4.3
17.0, 9.1, 230.0, 72.0, 1986-05-04 00:00:00, 3.3
8.0, 5.4, 180.0, 85.0, 1986-05-05 00:00:00, 4.5
4.0, 15.4, 90.0, 54.0, 1986-05-06 00:00:00, 0.0
17.0, 11.2, 230.0, 66.0, 1986-05-07 00:00:00, 0.2
11.0, 15.0, 140.0, 60.0, 1986-05-08 00:00:00, 0.0
1.0, 7.6, 180.0, 66.0, 1986-05-09 00:00:00, 0.0
10.0, 9.4, 90.0, 67.0, 1986-05-10 00:00:00, 2.7
12.0, 9.9, 270.0, 68.0, 1986-05-11 00:00:00, 0.2
11.0, 11.6, 270.0, 90.0, 1986-05-12 00:00:00, 1.7
17.0, 10.9, 270.0, 66.0, 1986-05-13 00:00:00, 12.7
13.0, 9.8, 140.0, 70.0, 1986-05-14 00:00:00, 1.2
4.0, 12.4, 180.0, 63.0, 1986-05-15 00:00:00, 1.5
7.0, 11.0, 140.0, 74.0, 1986-05-16 00:00:00, 0.2
6.0, 11.3, 90.0, 90.0, 1986-05-17 00:00:00, 5.3
0.0, 12.8, 0.0, 99.0, 1986-05-18 00:00:00, 11.4
7.0, 14.0, 140.0, 90.0, 1986-05-19 00:00:00, 4.5
15.0, 12.8, 320.0, 60.0, 1986-05-20 00:00:00, 6.3
13.0, 13.7, 270.0, 47.0, 1986-05-21 00:00:00, 1.5
7.0, 12.3, 140.0, 46.0, 1986-05-22 00:00:00, 0.0
6.0, 13.4, 140.0, 54.0, 1986-05-23 00:00:00, 0.0
3.0, 14.0, 140.0, 87.0, 1986-05-24 00:00:00, 12.1
0.0, 16.4, 0.0, 96.0, 1986-05-25 00:00:00, 11.4
12.0, 16.6, 320.0, 79.0, 1986-05-26 00:00:00, 0.0
12.0, 18.2, 0.0, 78.0, 1986-05-27 00:00:00, 0.0
12.0, 21.0, 140.0, 57.0, 1986-05-28 00:00:00, 0.0
14.0, 22.8, 140.0, 48.0, 1986-05-29 00:00:00, 0.0
11.0, 24.3, 180.0, 56.0, 1986-05-30 00:00:00, 0.0
9.0, 25.1, 140.0, 49.0, 1986-05-31 00:00:00, 0.0
15.0, 22.0, 140.0, 46.0, 1986-06-01 00:00:00, 0.0
10.0, 22.8, 140.0, 47.0, 1986-06-02 00:00:00, 0.0
12.0, 20.4, 140.0, 55.0, 1986-06-03 00:00:00, 0.0
1.0, 15.7, 140.0, 79.0, 1986-06-04 00:00:00, 0.0
0.0, 14.1, 0.0, 94.0, 1986-06-05 00:00:00, 0.2
9.0, 17.0, 180.0, 69.0, 1986-06-06 00:00:00, 1.2
15.0, 15.2, 140.0, 70.0, 1986-06-07 00:00:00, 0.0
11.0, 18.2, 180.0, 68.0, 1986-06-08 00:00:00, 0.0
13.0, 20.2, 140.0, 63.0, 1986-06-09 00:00:00, 0.0
18.0, 24.5, 180.0, 36.0, 1986-06-10 00:00:00, 0.0
13.0, 20.9, 140.0, 48.0, 1986-06-11 00:00:00, 0.0
13.0, 23.5, 140.0, 39.0, 1986-06-12 00:00:00, 0.0
12.0, 25.6, 140.0, 37.0, 1986-06-13 00:00:00, 0.0
8.0, 13.5, 90.0, 87.0, 1986-06-14 00:00:00, 0.7
11.0, 11.2, 90.0, 77.0, 1986-06-15 00:00:00, 12.7
6.0, 13.0, 270.0, 81.0, 1986-06-16 00:00:00, 18.2
15.0, 13.5, 90.0, 80.0, 1986-06-17 00:00:00, 0.0
17.0, 15.3, 90.0, 65.0, 1986-06-18 00:00:00, 2.5
7.0, 13.0, 140.0, 99.0, 1986-06-19 00:00:00, 9.9
7.0, 14.5, 140.0, 65.0, 1986-06-20 00:00:00, 8.3
8.0, 16.7, 140.0, 66.0, 1986-06-21 00:00:00, 0.0
1.0, 19.6, 270.0, 80.0, 1986-06-22 00:00:00, 0.0
9.0, 21.4, 140.0, 80.0, 1986-06-23 00:00:00, 0.5
12.0, 19.7, 140.0, 76.0, 1986-06-24 00:00:00, 0.0
13.0, 20.9, 140.0, 60.0, 1986-06-25 00:00:00, 0.0
0.0, 20.2, 0.0, 57.0, 1986-06-26 00:00:00, 0.0
10.0, 22.7, 140.0, 48.0, 1986-06-27 00:00:00, 0.0
0.0, 20.0, 0.0, 66.0, 1986-06-28 00:00:00, 0.0
8.0, 16.0, 180.0, 75.0, 1986-06-29 00:00:00, 0.0
10.0, 17.9, 140.0, 61.0, 1986-06-30 00:00:00, 0.0
9.0, 13.8, 140.0, 99.0, 1986-07-01 00:00:00, 12.1
9.0, 17.9, 180.0, 53.0, 1986-07-02 00:00:00, 1.2
10.0, 12.9, 270.0, 70.0, 1986-07-03 00:00:00, 0.0
12.0, 17.8, 180.0, 58.0, 1986-07-04 00:00:00, 0.7
11.0, 18.4, 140.0, 65.0, 1986-07-05 00:00:00, 0.7
10.0, 21.0, 140.0, 62.0, 1986-07-06 00:00:00, 0.0
10.0, 23.2, 140.0, 56.0, 1986-07-07 00:00:00, 0.0
8.0, 20.9, 180.0, 68.0, 1986-07-08 00:00:00, 0.0
9.0, 20.7, 320.0, 63.0, 1986-07-09 00:00:00, 0.0
6.0, 14.4, 140.0, 99.0, 1986-07-10 00:00:00, 9.1
14.0, 16.6, 320.0, 78.0, 1986-07-11 00:00:00, 1.5
11.0, 17.3, 140.0, 76.0, 1986-07-12 00:00:00, 0.0
10.0, 20.2, 140.0, 71.0, 1986-07-13 00:00:00, 0.0
3.0, 16.9, 230.0, 71.0, 1986-07-14 00:00:00, 0.0
6.0, 13.8, 140.0, 95.0, 1986-07-15 00:00:00, 0.5
7.0, 15.3, 90.0, 79.0, 1986-07-16 00:00:00, 0.0
8.0, 14.4, 230.0, 86.0, 1986-07-17 00:00:00, 0.0
6.0, 19.8, 180.0, 67.0, 1986-07-18 00:00:00, 0.0
9.0, 22.4, 140.0, 66.0, 1986-07-19 00:00:00, 0.0
9.0, 24.1, 140.0, 63.0, 1986-07-20 00:00:00, 0.0
10.0, 24.5, 180.0, 62.0, 1986-07-21 00:00:00, 0.0
11.0, 18.8, 180.0, 80.0, 1986-07-22 00:00:00, 0.0
9.0, 20.0, 140.0, 68.0, 1986-07-23 00:00:00, 0.0
0.0, 0.0, 0.0, 0.0, 1988-05-06 00:00:00, 0.0
