station_observations
wind_speed, temperature, wind_direction, relative_humidity, time, precipitation
0.0, 0.0, 0.0, 0.0, 1992-06-03 00:00:00, 0.0
5.0, 21.1, 50.0, 38.0, 1992-06-04 00:00:00, 0.0
2.0, 22.1, 0.0, 42.0, 1992-06-05 00:00:00, 0.0
4.0, 22.1, 320.0, 47.0, 1992-06-06 00:00:00, 0.0
6.0, 16.7, 50.0, 59.0, 1992-06-07 00:00:00, 0.0
3.0, 16.4, 0.0, 68.0, 1992-06-08 00:00:00, 0.0
0.0, 11.4, 50.0, 95.0, 1992-06-09 00:00:00, 3.8
0.0, 14.4, 0.0, 86.0, 1992-06-10 00:00:00, 24.9
3.0, 19.7, 0.0, 52.0, 1992-06-11 00:00:00, 0.0
0.0, 20.0, 140.0, 37.0, 1992-06-12 00:00:00, 2.8
12.0, 10.8, 140.0, 88.0, 1992-06-13 00:00:00, 6.1
0.0, 14.8, 50.0, 73.0, 1992-06-14 00:00:00, 4.8
7.0, 18.3, 50.0, 63.0, 1992-06-15 00:00:00, 0.0
0.0, 15.1, 50.0, 79.0, 1992-06-16 00:00:00, 0.0
1.0, 18.5, 50.0, 62.0, 1992-06-17 00:00:00, 0.0
4.0, 23.6, 320.0, 40.0, 1992-06-18 00:00:00, 0.0
4.0, 19.2, 0.0, 56.0, 1992-06-19 00:00:00, 0.0
2.0, 20.6, 0.0, 67.0, 1992-06-20 00:00:00, 0.0
9.0, 30.3, 50.0, 35.0, 1992-06-21 00:00:00, 0.0
5.0, 32.5, 50.0, 25.0, 1992-06-22 00:00:00, 0.0
5.0, 32.1, 50.0, 27.0, 1992-06-23 00:00:00, 0.0
4.0, 31.5, 0.0, 33.0, 1992-06-24 00:00:00, 0.0
8.0, 29.7, 180.0, 36.0, 1992-06-25 00:00:00, 0.0
5.0, 22.1, 0.0, 59.0, 1992-06-26 00:00:00, 0.0
5.0, 26.5, 320.0, 50.0, 1992-06-27 00:00:00, 0.0
3.0, 20.0, 0.0, 87.0, 1992-06-28 00:00:00, 10.2
5.0, 14.0, 140.0, 90.0, 1992-06-29 00:00:00, 25.4
0.0, 18.0, 0.0, 76.0, 1992-06-30 00:00:00, 9.1
3.0, 15.5, 0.0, 87.0, 1992-07-01 00:00:00, 0.5
9.0, 17.4, 180.0, 71.0, 1992-07-02 00:00:00, 0.0
8.0, 19.2, 230.0, 61.0, 1992-07-03 00:00:00, 0.0
16.0, 20.7, 180.0, 64.0, 1992-07-04 00:00:00, 0.0
0.0, 12.9, 50.0, 96.0, 1992-07-05 00:00:00, 4.3
1.0, 15.5, 0.0, 81.0, 1992-07-06 00:00:00, 2.0
1.0, 14.2, 0.0, 84.0, 1992-07-07 00:00:00, 0.0
10.0, 17.7, 180.0, 72.0, 1992-07-08 00:00:00, 0.0
3.0, 22.6, 270.0, 55.0, 1992-07-09 00:00:00, 0.0
1.0, 16.1, 50.0, 94.0, 1992-07-10 00:00:00, 9.1
0.0, 19.6, 180.0, 84.0, 1992-07-11 00:00:00, 10.9
3.0, 18.3, 50.0, 70.0, 1992-07-12 00:00:00, 0.0
8.0, 14.5, 50.0, 76.0, 1992-07-13 00:00:00, 0.0
1.0, 16.7, 90.0, 70.0, 1992-07-14 00:00:00, 0.0
4.0, 24.4, 90.0, 40.0, 1992-07-15 00:00:00, 0.0
5.0, 29.1, 90.0, 32.0, 1992-07-16 00:00:00, 0.0
5.0, 30.1, 320.0, 33.0, 1992-07-17 00:00:00, 0.0
4.0, 30.4, 0.0, 38.0, 1992-07-18 00:00:00, 0.0
7.0, 29.0, 0.0, 44.0, 1992-07-19 00:00:00, 0.0
3.0, 22.5, 50.0, 71.0, 1992-07-20 00:00:00, 4.0
0.0, 14.2, 50.0, 97.0, 1992-07-21 00:00:00, 24.6
5.0, 15.9, 50.0, 91.0, 1992-07-22 00:00:00, 1.2
0.0, 14.6, 0.0, 88.0, 1992-07-23 00:00:00, 0.0
0.0, 18.9, 50.0, 77.0, 1992-07-24 00:00:00, 0.0
5.0, 22.9, 270.0, 57.0, 1992-07-25 00:00:00, 0.0
2.0, 22.1, 0.0, 55.0, 1992-07-26 00:00:00, 0.0
6.0, 23.6, 0.0, 51.0, 1992-07-27 00:00:00, 0.0
5.0, 26.0, 0.0, 40.0, 1992-07-28 00:00:00, 0.0
2.0, 27.4, 0.0, 42.0, 1992-07-29 00:00:00, 0.0
2.0, 31.1, 90.0, 32.0, 1992-07-30 00:00:00, 0.0
4.0, 29.6, 0.0, 44.0, 1992-07-31 00:00:00, 0.0
5.0, 18.3, 270.0, 78.0, 1992-08-01 00:00:00, 0.0
0.0, 18.4, 0.0, 75.0, 1992-08-02 00:00:00, 0.0
3.0, 24.8, 50.0, 56.0, 1992-08-03 00:00:00, 0.0
3.0, 14.5, 0.0, 90.0, 1992-08-04 00:00:00, 0.0
0.0, 16.5, 270.0, 81.0, 1992-08-05 00:00:00, 0.0
4.0, 16.2, 140.0, 87.0, 1992-08-06 00:00:00, 16.8
8.0, 15.2, 90.0, 75.0, 1992-08-07 00:00:00, 6.9
5.0, 11.9, 90.0, 92.0, 1992-08-08 00:00:00, 27.7
1.0, 16.2, 270.0, 81.0, 1992-08-09 00:00:00, 25.2
3.0, 24.8, 140.0, 54.0, 1992-08-10 00:00:00, 0.0
9.0, 29.9, 270.0, 38.0, 1992-08-11 00:00:00, 0.0
6.0, 32.5, 0.0, 31.0, 1992-08-12 00:00:00, 0.0
9.0, 30.2, 180.0, 37.0, 1992-08-13 00:00:00, 0.3
8.0, 27.8, 50.0, 36.0, 1992-08-14 00:00:00, 0.0
3.0, 26.7, 320.0, 39.0, 1992-08-15 00:00:00, 0.0
2.0, 28.4, 140.0, 28.0, 1992-08-16 00:00:00, 0.0
4.0, 29.5, 0.0, 34.0, 1992-08-17 00:00:00, 0.0
5.0, 26.1, 0.0, 53.0, 1992-08-18 00:00:00, 0.0
3.0, 23.8, 90.0, 55.0, 1992-08-19 00:00:00, 0.0
5.0, 23.2, 320.0, 49.0, 1992-08-20 00:00:00, 0.0
4.0, 22.9, 0.0, 53.0, 1992-08-21 00:00:00, 0.0
3.0, 20.6, 320.0, 43.0, 1992-08-22 00:00:00, 1.3
4.0, 20.1, 0.0, 46.0, 1992-08-23 00:00:00, 0.0
4.0, 22.7, 0.0, 30.0, 1992-08-24 00:00:00, 0.0
8.0, 24.6, 50.0, 36.0, 1992-08-25 00:00:00, 0.0
3.0, 25.7, 90.0, 47.0, 1992-08-26 00:00:00, 0.0
3.0, 23.1, 0.0, 53.0, 1992-08-27 00:00:00, 0.0
3.0, 21.3, 140.0, 41.0, 1992-08-28 00:00:00, 0.0
3.0, 20.4, 320.0, 47.0, 1992-08-29 00:00:00, 0.0
0.0, 15.2, 50.0, 98.0, 1992-08-30 00:00:00, 12.2
0.0, 16.2, 50.0, 95.0, 1992-08-31 00:00:00, 17.5
7.0, 20.0, 50.0, 68.0, 1992-09-01 00:00:00, 0.3
3.0, 21.1, 0.0, 69.0, 1992-09-02 00:00:00, 0.0
6.0, 18.5, 0.0, 78.0, 1992-09-03 00:00:00, 0.3
2.0, 14.0, 180.0, 62.0, 1992-09-04 00:00:00, 0.0
0.0, 12.9, 0.0, 63.0, 1992-09-05 00:00:00, 0.0
1.0, 13.6, 0.0, 59.0, 1992-09-06 00:00:00, 0.0
2.0, 9.3, 180.0, 90.0, 1992-09-07 00:00:00, 0.8
3.0, 15.9, 90.0, 81.0, 1992-09-08 00:00:00, 41.4
4.0, 19.1, 180.0, 65.0, 1992-09-09 00:00:00, 0.0
7.0, 21.7, 180.0, 57.0, 1992-09-10 00:00:00, 0.0
4.0, 15.0, 0.0, 84.0, 1992-09-11 00:00:00, 0.0
11.0, 12.4, 180.0, 66.0, 1992-09-12 00:00:00, 0.0
6.0, 10.4, 50.0, 66.0, 1992-09-13 00:00:00, 0.0
1.0, 12.2, 230.0, 54.0, 1992-09-14 00:00:00, 0.0
3.0, 14.0, 50.0, 45.0, 1992-09-15 00:00:00, 0.0
17.0, 15.0, 50.0, 45.0, 1992-09-16 00:00:00, 0.0
4.0, 16.1, 180.0, 61.0, 1992-09-17 00:00:00, 0.3
1.0, 16.1, 0.0, 66.0, 1992-09-18 00:00:00, 0.0
8.0, 15.7, 180.0, 83.0, 1992-09-19 00:00:00, 0.0
3.0, 15.8, 0.0, 95.0, 1992-09-20 00:00:00, 2.5
0.0, 17.0, 0.0, 90.0, 1992-09-21 00:00:00, 0.0
2.0, 21.8, 180.0, 72.0, 1992-09-22 00:00:00, 0.0
3.0, 13.8, 320.0, 95.0, 1992-09-23 00:00:00, 31.2
2.0, 13.9, 50.0, 86.0, 1992-09-24 00:00:00, 54.6
6.0, 12.5, 140.0, 68.0, 1992-09-25 00:00:00, 0.0
8.0, 14.2, 50.0, 65.0, 1992-09-26 00:00:00, 22.1
7.0, 13.4, 180.0, 66.0, 1992-09-27 00:00:00, 0.0
3.0, 17.5, 180.0, 58.0, 1992-09-28 00:00:00, 0.0
5.0, 20.5, 180.0, 56.0, 1992-09-29 00:00:00, 0.0
4.0, 22.5, 180.0, 70.0, 1992-09-30 00:00:00, 0.0
7.0, 17.2, 50.0, 91.0, 1992-10-01 00:00:00, 0.0
0.0, 16.0, 0.0, 91.0, 1992-10-02 00:00:00, 0.0
3.0, 11.7, 230.0, 92.0, 1992-10-03 00:00:00, 0.3
5.0, 12.0, 180.0, 79.0, 1992-10-04 00:00:00, 0.0
5.0, 13.0, 180.0, 63.0, 1992-10-05 00:00:00, 0.3
4.0, 14.5, 180.0, 56.0, 1992-10-06 00:00:00, 0.0
0.0, 14.1, 0.0, 56.0, 1992-10-07 00:00:00, 0.0
5.0, 13.1, 180.0, 73.0, 1992-10-08 00:00:00, 0.3
2.0, 13.8, 230.0, 68.0, 1992-10-09 00:00:00, 0.0
16.0, 4.0, 90.0, 91.0, 1993-04-07 00:00:00, 1.0
20.0, 5.7, 270.0, 99.0, 1993-04-08 00:00:00, 22.4
19.0, 2.8, 230.0, 99.0, 1993-04-09 00:00:00, 22.1
4.0, 3.9, 50.0, 99.0, 1993-04-10 00:00:00, 10.7
11.0, 4.6, 270.0, 99.0, 1993-04-11 00:00:00, 1.5
11.0, 4.6, 230.0, 76.0, 1993-04-12 00:00:00, 0.3
3.0, 3.5, 50.0, 99.0, 1993-04-13 00:00:00, 2.5
9.0, 8.0, 0.0, 77.0, 1993-04-14 00:00:00, 1.0
8.0, 7.5, 140.0, 90.0, 1993-04-15 00:00:00, 13.2
0.0, 6.1, 230.0, 99.0, 1993-04-16 00:00:00, 19.6
1.0, 7.5, 270.0, 98.0, 1993-04-17 00:00:00, 35.1
5.0, 7.0, 140.0, 90.0, 1993-04-18 00:00:00, 37.6
7.0, 9.1, 270.0, 71.0, 1993-04-19 00:00:00, 1.8
8.0, 12.6, 0.0, 42.0, 1993-04-20 00:00:00, 0.0
8.0, 8.1, 320.0, 95.0, 1993-04-21 00:00:00, 16.5
1.0, 8.9, 270.0, 85.0, 1993-04-22 00:00:00, 19.6
8.0, 7.8, 320.0, 96.0, 1993-04-23 00:00:00, 29.2
7.0, 8.3, 140.0, 94.0, 1993-04-24 00:00:00, 20.6
6.0, 7.9, 230.0, 88.0, 1993-04-25 00:00:00, 47.8
8.0, 5.9, 140.0, 93.0, 1993-04-26 00:00:00, 94.5
11.0, 8.4, 230.0, 82.0, 1993-04-27 00:00:00, 39.9
1.0, 6.9, 180.0, 98.0, 1993-04-28 00:00:00, 21.1
3.0, 10.4, 0.0, 81.0, 1993-04-29 00:00:00, 6.6
5.0, 10.7, 50.0, 69.0, 1993-04-30 00:00:00, 0.0
0.0, 5.2, 0.0, 99.0, 1993-05-01 00:00:00, 9.9
4.0, 8.7, 180.0, 69.0, 1993-05-02 00:00:00, 22.9
3.0, 8.3, 0.0, 97.0, 1993-05-03 00:00:00, 16.8
3.0, 9.3, 140.0, 87.0, 1993-05-04 00:00:00, 1.3
0.0, 8.7, 0.0, 99.0, 1993-05-05 00:00:00, 3.8
12.0, 8.7, 140.0, 74.0, 1993-05-06 00:00:00, 28.2
1.0, 5.7, 230.0, 96.0, 1993-05-07 00:00:00, 25.7
6.0, 8.8, 140.0, 85.0, 1993-05-08 00:00:00, 9.7
6.0, 10.0, 0.0, 73.0, 1993-05-09 00:00:00, 1.5
4.0, 16.0, 140.0, 96.0, 1993-05-10 00:00:00, 17.5
10.0, 31.1, 270.0, 22.0, 1993-05-11 00:00:00, 0.0
7.0, 31.2, 270.0, 23.0, 1993-05-12 00:00:00, 0.0
3.0, 12.3, 50.0, 83.0, 1993-05-13 00:00:00, 0.0
10.0, 11.3, 140.0, 91.0, 1993-05-14 00:00:00, 0.5
3.0, 14.4, 230.0, 73.0, 1993-05-15 00:00:00, 0.0
7.0, 17.7, 270.0, 59.0, 1993-05-16 00:00:00, 0.0
7.0, 23.9, 90.0, 43.0, 1993-05-17 00:00:00, 0.0
7.0, 25.9, 180.0, 40.0, 1993-05-18 00:00:00, 0.3
5.0, 16.4, 230.0, 87.0, 1993-05-19 00:00:00, 1.5
3.0, 14.2, 0.0, 88.0, 1993-05-20 00:00:00, 30.5
7.0, 9.9, 320.0, 95.0, 1993-05-21 00:00:00, 48.8
2.0, 11.7, 180.0, 93.0, 1993-05-22 00:00:00, 24.6
20.0, 18.5, 270.0, 44.0, 1993-05-23 00:00:00, 0.8
20.0, 18.5, 270.0, 44.0, 1993-05-24 00:00:00, 0.8
4.0, 25.4, 320.0, 36.0, 1993-05-25 00:00:00, 0.0
5.0, 24.0, 50.0, 48.0, 1993-05-26 00:00:00, 0.0
4.0, 25.8, 0.0, 45.0, 1993-05-27 00:00:00, 0.0
2.0, 15.6, 270.0, 77.0, 1993-05-28 00:00:00, 1.0
7.0, 14.5, 230.0, 78.0, 1993-05-29 00:00:00, 10.9
12.0, 15.6, 50.0, 87.0, 1993-05-30 00:00:00, 14.5
6.0, 13.2, 140.0, 97.0, 1993-05-31 00:00:00, 16.3
2.0, 12.2, 0.0, 99.0, 1993-06-01 00:00:00, 9.1
0.0, 13.9, 0.0, 90.0, 1993-06-02 00:00:00, 8.9
3.0, 15.3, 140.0, 74.0, 1993-06-03 00:00:00, 1.0
1.0, 14.5, 180.0, 94.0, 1993-06-04 00:00:00, 7.6
5.0, 23.2, 0.0, 49.0, 1993-06-05 00:00:00, 0.8
1.0, 14.5, 270.0, 86.0, 1993-06-06 00:00:00, 0.0
9.0, 12.9, 140.0, 66.0, 1993-06-07 00:00:00, 0.5
3.0, 13.1, 0.0, 69.0, 1993-06-08 00:00:00, 0.0
7.0, 11.2, 0.0, 96.0, 1993-06-09 00:00:00, 42.9
10.0, 11.9, 180.0, 72.0, 1993-06-10 00:00:00, 20.6
6.0, 13.7, 140.0, 69.0, 1993-06-11 00:00:00, 0.0
6.0, 12.5, 180.0, 79.0, 1993-06-12 00:00:00, 0.0
5.0, 16.5, 90.0, 62.0, 1993-06-13 00:00:00, 0.0
0.0, 12.8, 0.0, 98.0, 1993-06-14 00:00:00, 7.6
9.0, 14.6, 180.0, 88.0, 1993-06-15 00:00:00, 13.7
4.0, 18.2, 50.0, 80.0, 1993-06-16 00:00:00, 0.3
3.0, 20.5, 140.0, 67.0, 1993-06-17 00:00:00, 0.0
7.0, 20.1, 230.0, 67.0, 1993-06-18 00:00:00, 0.0
8.0, 16.6, 230.0, 62.0, 1993-06-19 00:00:00, 0.0
5.0, 19.8, 0.0, 48.0, 1993-06-20 00:00:00, 0.0
11.0, 13.2, 50.0, 61.0, 1993-06-21 00:00:00, 0.0
3.0, 8.0, 90.0, 99.0, 1993-06-22 00:00:00, 14.0
2.0, 12.9, 230.0, 70.0, 1993-06-23 00:00:00, 0.8
1.0, 12.7, 50.0, 95.0, 1993-06-24 00:00:00, 0.8
3.0, 19.2, 180.0, 84.0, 1993-06-25 00:00:00, 2.3
13.0, 17.9, 180.0, 73.0, 1993-06-26 00:00:00, 0.0
7.0, 12.1, 140.0, 80.0, 1993-06-27 00:00:00, 1.3
12.0, 12.6, 140.0, 78.0, 1993-06-28 00:00:00, 0.0
5.0, 14.2, 0.0, 69.0, 1993-06-29 00:00:00, 0.3
6.0, 16.3, 180.0, 76.0, 1993-06-30 00:00:00, 0.3
4.0, 13.6, 0.0, 81.0, 1993-07-01 00:00:00, 0.0
10.0, 18.8, 180.0, 58.0, 1993-07-02 00:00:00, 0.3
9.0, 14.6, 50.0, 75.0, 1993-07-03 00:00:00, 0.0
8.0, 15.5, 180.0, 78.0, 1993-07-04 00:00:00, 0.0
5.0, 14.0, 140.0, 83.0, 1993-07-05 00:00:00, 0.0
8.0, 16.5, 180.0, 69.0, 1993-07-06 00:00:00, 0.0
8.0, 22.7, 140.0, 46.0, 1993-07-07 00:00:00, 0.0
7.0, 22.7, 0.0, 42.0, 1993-07-08 00:00:00, 0.0
7.0, 22.7, 0.0, 42.0, 1993-07-09 00:00:00, 0.0
9.0, 13.4, 230.0, 83.0, 1993-07-10 00:00:00, 0.5
8.0, 14.6, 180.0, 71.0, 1993-07-11 00:00:00, 0.0
2.0, 14.5, 320.0, 83.0, 1993-07-12 00:00:00, 0.5
9.0, 17.1, 180.0, 81.0, 1993-07-13 00:00:00, 0.0
1.0, 15.5, 50.0, 91.0, 1993-07-14 00:00:00, 6.3
9.0, 12.2, 180.0, 92.0, 1993-07-15 00:00:00, 3.6
3.0, 14.5, 50.0, 94.0, 1993-07-16 00:00:00, 2.3
3.0, 18.7, 90.0, 83.0, 1993-07-17 00:00:00, 5.6
5.0, 19.4, 0.0, 68.0, 1993-07-18 00:00:00, 5.6
5.0, 19.1, 140.0, 74.0, 1993-07-19 00:00:00, 0.8
11.0, 12.1, 180.0, 94.0, 1993-07-20 00:00:00, 13.2
2.0, 13.2, 0.0, 88.0, 1993-07-21 00:00:00, 0.0
1.0, 14.0, 50.0, 99.0, 1993-07-22 00:00:00, 4.8
2.0, 15.1, 0.0, 82.0, 1993-07-23 00:00:00, 0.0
5.0, 15.6, 50.0, 84.0, 1993-07-24 00:00:00, 0.0
7.0, 19.8, 180.0, 69.0, 1993-07-25 00:00:00, 0.0
5.0, 23.7, 0.0, 51.0, 1993-07-26 00:00:00, 1.0
1.0, 16.3, 0.0, 82.0, 1993-07-27 00:00:00, 0.3
9.0, 15.4, 230.0, 76.0, 1993-07-28 00:00:00, 1.5
7.0, 11.2, 140.0, 94.0, 1993-07-29 00:00:00, 17.3
3.0, 14.1, 50.0, 87.0, 1993-07-30 00:00:00, 5.8
9.0, 19.6, 50.0, 72.0, 1993-07-31 00:00:00, 1.5
7.0, 25.5, 140.0, 45.0, 1993-08-01 00:00:00, 0.0
8.0, 28.8, 0.0, 36.0, 1993-08-02 00:00:00, 0.0
7.0, 30.4, 230.0, 27.0, 1993-08-03 00:00:00, 0.0
3.0, 32.2, 320.0, 30.0, 1993-08-04 00:00:00, 0.0
6.0, 30.9, 0.0, 39.0, 1993-08-05 00:00:00, 0.0
4.0, 22.6, 0.0, 68.0, 1993-08-06 00:00:00, 0.0
2.0, 22.0, 90.0, 58.0, 1993-08-07 00:00:00, 0.0
8.0, 14.8, 180.0, 86.0, 1993-08-08 00:00:00, 0.0
3.0, 13.7, 50.0, 99.0, 1993-08-09 00:00:00, 11.4
0.0, 16.2, 0.0, 89.0, 1993-08-10 00:00:00, 5.1
4.0, 19.7, 140.0, 76.0, 1993-08-11 00:00:00, 4.1
6.0, 22.2, 180.0, 58.0, 1993-08-12 00:00:00, 0.0
3.0, 14.2, 0.0, 87.0, 1993-08-13 00:00:00, 0.0
0.0, 14.0, 0.0, 99.0, 1993-08-14 00:00:00, 6.6
5.0, 20.6, 50.0, 80.0, 1993-08-15 00:00:00, 3.8
5.0, 16.7, 0.0, 88.0, 1993-08-16 00:00:00, 0.3
3.0, 19.2, 270.0, 75.0, 1993-08-17 00:00:00, 0.0
4.0, 24.2, 90.0, 61.0, 1993-08-18 00:00:00, 0.0
5.0, 27.5, 180.0, 43.0, 1993-08-19 00:00:00, 0.0
7.0, 24.9, 0.0, 52.0, 1993-08-20 00:00:00, 0.0
1.0, 13.6, 50.0, 99.0, 1993-08-21 00:00:00, 3.8
1.0, 16.1, 320.0, 99.0, 1993-08-22 00:00:00, 4.3
9.0, 14.1, 50.0, 68.0, 1993-08-23 00:00:00, 37.1
9.0, 14.2, 50.0, 65.0, 1993-08-24 00:00:00, 0.0
5.0, 15.0, 180.0, 79.0, 1993-08-25 00:00:00, 3.3
3.0, 18.0, 0.0, 65.0, 1993-08-26 00:00:00, 0.0
8.0, 18.1, 50.0, 66.0, 1993-08-27 00:00:00, 0.0
2.0, 19.4, 90.0, 57.0, 1993-08-28 00:00:00, 0.0
4.0, 22.5, 230.0, 46.0, 1993-08-29 00:00:00, 0.0
4.0, 24.0, 180.0, 37.0, 1993-08-30 00:00:00, 0.0
7.0, 24.4, 50.0, 40.0, 1993-08-31 00:00:00, 0.0
3.0, 24.3, 180.0, 52.0, 1993-09-01 00:00:00, 0.0
6.0, 26.4, 180.0, 52.0, 1993-09-02 00:00:00, 0.0
3.0, 26.7, 0.0, 52.0, 1993-09-03 00:00:00, 0.0
3.0, 23.7, 90.0, 57.0, 1993-09-04 00:00:00, 0.0
2.0, 24.5, 180.0, 62.0, 1993-09-05 00:00:00, 0.0
3.0, 27.8, 90.0, 40.0, 1993-09-06 00:00:00, 0.0
4.0, 28.3, 230.0, 40.0, 1993-09-07 00:00:00, 0.0
4.0, 27.9, 140.0, 40.0, 1993-09-08 00:00:00, 0.0
6.0, 26.9, 230.0, 44.0, 1993-09-09 00:00:00, 0.0
4.0, 26.6, 90.0, 38.0, 1993-09-10 00:00:00, 0.0
3.0, 15.2, 230.0, 75.0, 1993-09-11 00:00:00, 0.0
3.0, 19.4, 230.0, 43.0, 1993-09-12 00:00:00, 0.0
6.0, 20.5, 0.0, 41.0, 1993-09-13 00:00:00, 0.0
2.0, 16.7, 230.0, 71.0, 1993-09-14 00:00:00, 1.0
2.0, 16.0, 180.0, 79.0, 1993-09-15 00:00:00, 0.0
5.0, 20.7, 50.0, 32.0, 1993-09-16 00:00:00, 0.0
4.0, 20.9, 0.0, 41.0, 1993-09-17 00:00:00, 0.0
4.0, 15.5, 320.0, 65.0, 1993-09-18 00:00:00, 0.0
2.0, 12.0, 180.0, 81.0, 1993-09-19 00:00:00, 0.0
7.0, 14.2, 180.0, 63.0, 1993-09-20 00:00:00, 0.3
7.0, 15.9, 180.0, 48.0, 1993-09-21 00:00:00, 0.0
4.0, 18.2, 180.0, 51.0, 1993-09-22 00:00:00, 0.0
6.0, 19.3, 180.0, 48.0, 1993-09-23 00:00:00, 0.0
0.0, 10.0, 0.0, 98.0, 1993-09-24 00:00:00, 0.5
4.0, 16.3, 180.0, 79.0, 1993-09-25 00:00:00, 0.5
4.0, 22.3, 180.0, 39.0, 1993-09-26 00:00:00, 0.0
7.0, 23.7, 180.0, 48.0, 1993-09-27 00:00:00, 0.0
6.0, 23.8, 180.0, 58.0, 1993-09-28 00:00:00, 0.0
6.0, 23.0, 180.0, 37.0, 1993-09-29 00:00:00, 0.0
5.0, 20.7, 180.0, 58.0, 1993-09-30 00:00:00, 0.0
6.0, 20.6, 180.0, 57.0, 1993-10-01 00:00:00, 0.0
8.0, 24.0, 180.0, 45.0, 1993-10-02 00:00:00, 0.0
5.0, 23.1, 180.0, 50.0, 1993-10-03 00:00:00, 0.0
4.0, 19.6, 140.0, 52.0, 1993-10-04 00:00:00, 0.0
0.0, 14.3, 0.0, 84.0, 1993-10-05 00:00:00, 0.0
5.0, 11.2, 90.0, 97.0, 1993-10-06 00:00:00, 5.6
8.0, 12.7, 180.0, 99.0, 1993-10-07 00:00:00, 0.8
2.0, 16.1, 180.0, 70.0, 1993-10-08 00:00:00, 0.0
10.0, 20.4, 230.0, 34.0, 1993-10-09 00:00:00, 0.0
5.0, 18.5, 180.0, 56.0, 1993-10-10 00:00:00, 0.0
5.0, 17.7, 180.0, 55.0, 1993-10-11 00:00:00, 0.0
0.0, 12.8, 0.0, 99.0, 1993-10-12 00:00:00, 5.1
0.0, 12.5, 0.0, 99.0, 1993-10-13 00:00:00, 1.0
0.0, 12.1, 0.0, 99.0, 1993-10-14 00:00:00, 0.5
2.0, 10.6, 50.0, 96.0, 1993-10-15 00:00:00, 0.3
0.0, 11.9, 0.0, 87.0, 1993-10-16 00:00:00, 0.0
0.0, 11.4, 0.0, 90.0, 1993-10-17 00:00:00, 0.0
14.0, 10.6, 140.0, 87.0, 1993-10-18 00:00:00, 2.0
9.0, 9.1, 180.0, 99.0, 1993-10-19 00:00:00, 12.7
0.0, 11.1, 0.0, 84.0, 1993-10-20 00:00:00, 0.0
3.0, 10.9, 180.0, 88.0, 1993-10-21 00:00:00, 0.0
1.0, 11.1, 230.0, 99.0, 1993-10-22 00:00:00, 56.1
6.0, 10.9, 50.0, 99.0, 1993-10-23 00:00:00, 42.2
4.0, 9.3, 180.0, 99.0, 1993-10-24 00:00:00, 46.2
5.0, 9.8, 180.0, 99.0, 1993-10-25 00:00:00, 0.0
0.0, 11.5, 0.0, 99.0, 1993-10-26 00:00:00, 0.0
0.0, 12.1, 0.0, 99.0, 1993-10-27 00:00:00, 0.0
0.0, 12.8, 0.0, 98.0, 1993-10-28 00:00:00, 0.3
6.0, 11.5, 180.0, 99.0, 1993-10-29 00:00:00, 0.0
0.0, 11.9, 0.0, 99.0, 1993-10-30 00:00:00, 0.0
6.0, 8.5, 180.0, 90.0, 1993-10-31 00:00:00, 0.3
1.0, 5.2, 180.0, 99.0, 1993-11-01 00:00:00, 0.3
1.0, 8.6, 270.0, 99.0, 1993-11-02 00:00:00, 8.4
3.0, 7.0, 180.0, 95.0, 1993-11-03 00:00:00, 42.9
1.0, 5.2, 180.0, 99.0, 1993-11-04 00:00:00, 0.0
4.0, 14.0, 90.0, 65.0, 1994-04-20 00:00:00, 0.0
0.0, 8.5, 0.0, 67.0, 1994-04-21 00:00:00, 0.0
2.0, 11.5, 50.0, 73.0, 1994-04-22 00:00:00, 0.0
9.0, 13.9, 50.0, 59.0, 1994-04-23 00:00:00, 0.0
5.0, 7.9, 180.0, 77.0, 1994-04-24 00:00:00, 6.1
2.0, 11.6, 50.0, 61.0, 1994-04-25 00:00:00, 0.0
4.0, 13.8, 0.0, 68.0, 1994-04-26 00:00:00, 0.0
7.0, 15.1, 180.0, 78.0, 1994-04-27 00:00:00, 2.3
5.0, 16.6, 50.0, 63.0, 1994-04-28 00:00:00, 0.0
13.0, 9.1, 140.0, 83.0, 1994-04-29 00:00:00, 0.3
9.0, 8.6, 50.0, 71.0, 1994-04-30 00:00:00, 9.4
2.0, 11.2, 270.0, 50.0, 1994-05-01 00:00:00, 0.0
1.0, 9.7, 140.0, 67.0, 1994-05-02 00:00:00, 10.4
11.0, 12.7, 270.0, 55.0, 1994-05-03 00:00:00, 1.0
3.0, 11.0, 50.0, 97.0, 1994-05-04 00:00:00, 27.4
10.0, 19.3, 180.0, 60.0, 1994-05-05 00:00:00, 0.8
4.0, 23.8, 180.0, 39.0, 1994-05-06 00:00:00, 0.0
5.0, 25.4, 0.0, 42.0, 1994-05-07 00:00:00, 0.0
7.0, 22.4, 230.0, 52.0, 1994-05-08 00:00:00, 0.0
6.0, 18.4, 0.0, 53.0, 1994-05-09 00:00:00, 0.0
2.0, 17.5, 90.0, 69.0, 1994-05-10 00:00:00, 0.3
5.0, 18.1, 0.0, 59.0, 1994-05-11 00:00:00, 0.0
6.0, 13.7, 0.0, 41.0, 1994-05-12 00:00:00, 0.0
9.0, 10.0, 180.0, 82.0, 1994-05-13 00:00:00, 6.3
5.0, 11.2, 270.0, 74.0, 1994-05-14 00:00:00, 0.0
4.0, 12.6, 140.0, 72.0, 1994-05-15 00:00:00, 3.3
9.0, 12.4, 180.0, 65.0, 1994-05-16 00:00:00, 0.0
10.0, 14.1, 180.0, 68.0, 1994-05-17 00:00:00, 0.0
6.0, 20.2, 270.0, 48.0, 1994-05-18 00:00:00, 0.0
7.0, 21.2, 90.0, 35.0, 1994-05-19 00:00:00, 0.0
16.0, 10.7, 140.0, 84.0, 1994-05-20 00:00:00, 0.0
7.0, 13.7, 180.0, 81.0, 1994-05-21 00:00:00, 2.3
12.0, 16.4, 180.0, 60.0, 1994-05-22 00:00:00, 0.3
7.0, 19.2, 90.0, 53.0, 1994-05-23 00:00:00, 0.0
6.0, 22.0, 230.0, 35.0, 1994-05-24 00:00:00, 0.0
7.0, 16.9, 230.0, 56.0, 1994-05-25 00:00:00, 0.0
14.0, 13.1, 50.0, 56.0, 1994-05-26 00:00:00, 0.0
5.0, 10.8, 180.0, 59.0, 1994-05-27 00:00:00, 0.0
7.0, 7.5, 270.0, 97.0, 1994-05-28 00:00:00, 22.9
9.0, 7.6, 90.0, 97.0, 1994-05-29 00:00:00, 58.9
5.0, 12.5, 0.0, 73.0, 1994-05-30 00:00:00, 7.6
4.0, 10.8, 90.0, 88.0, 1994-05-31 00:00:00, 1.5
4.0, 12.2, 90.0, 79.0, 1994-06-01 00:00:00, 14.0
3.0, 16.7, 320.0, 53.0, 1994-06-02 00:00:00, 0.0
8.0, 17.7, 270.0, 46.0, 1994-06-03 00:00:00, 0.0
2.0, 10.2, 140.0, 91.0, 1994-06-04 00:00:00, 5.6
5.0, 13.0, 90.0, 73.0, 1994-06-05 00:00:00, 0.8
7.0, 11.2, 140.0, 80.0, 1994-06-06 00:00:00, 5.8
1.0, 10.4, 0.0, 88.0, 1994-06-07 00:00:00, 0.3
3.0, 14.9, 0.0, 67.0, 1994-06-08 00:00:00, 0.0
6.0, 17.0, 140.0, 57.0, 1994-06-09 00:00:00, 0.0
8.0, 19.0, 230.0, 55.0, 1994-06-10 00:00:00, 0.0
7.0, 13.4, 180.0, 96.0, 1994-06-11 00:00:00, 2.3
11.0, 10.9, 230.0, 91.0, 1994-06-12 00:00:00, 2.5
18.0, 6.7, 230.0, 94.0, 1994-06-13 00:00:00, 27.7
10.0, 7.8, 140.0, 90.0, 1994-06-14 00:00:00, 57.9
1.0, 12.9, 90.0, 83.0, 1994-06-15 00:00:00, 2.8
1.0, 14.1, 270.0, 79.0, 1994-06-16 00:00:00, 2.0
6.0, 15.2, 320.0, 70.0, 1994-06-17 00:00:00, 0.0
3.0, 10.1, 90.0, 95.0, 1994-06-18 00:00:00, 8.1
4.0, 16.1, 230.0, 66.0, 1994-06-19 00:00:00, 0.0
4.0, 22.7, 320.0, 38.0, 1994-06-20 00:00:00, 0.0
7.0, 23.9, 270.0, 48.0, 1994-06-21 00:00:00, 0.0
5.0, 24.5, 0.0, 45.0, 1994-06-22 00:00:00, 0.0
1.0, 11.0, 0.0, 89.0, 1994-06-23 00:00:00, 0.0
1.0, 13.2, 0.0, 82.0, 1994-06-24 00:00:00, 2.3
6.0, 16.9, 320.0, 52.0, 1994-06-25 00:00:00, 0.0
21.0, 12.9, 270.0, 85.0, 1994-06-26 00:00:00, 0.0
7.0, 19.2, 140.0, 63.0, 1994-06-27 00:00:00, 0.0
4.0, 23.2, 0.0, 48.0, 1994-06-28 00:00:00, 0.0
13.0, 14.5, 320.0, 74.0, 1994-06-29 00:00:00, 0.0
16.0, 16.4, 320.0, 63.0, 1994-06-30 00:00:00, 0.0
3.0, 12.1, 50.0, 93.0, 1994-07-01 00:00:00, 25.4
2.0, 12.7, 50.0, 81.0, 1994-07-02 00:00:00, 0.0
2.0, 13.1, 50.0, 80.0, 1994-07-03 00:00:00, 0.0
10.0, 12.9, 140.0, 80.0, 1994-07-04 00:00:00, 0.0
6.0, 22.2, 50.0, 48.0, 1994-07-05 00:00:00, 8.6
4.0, 23.0, 50.0, 54.0, 1994-07-06 00:00:00, 0.0
10.0, 24.3, 50.0, 46.0, 1994-07-07 00:00:00, 0.0
6.0, 21.8, 50.0, 47.0, 1994-07-08 00:00:00, 0.0
6.0, 23.4, 0.0, 43.0, 1994-07-09 00:00:00, 0.0
5.0, 23.1, 0.0, 46.0, 1994-07-10 00:00:00, 0.0
6.0, 24.6, 50.0, 39.0, 1994-07-11 00:00:00, 0.0
6.0, 25.9, 0.0, 41.0, 1994-07-12 00:00:00, 0.0
5.0, 26.2, 0.0, 45.0, 1994-07-13 00:00:00, 0.0
5.0, 23.3, 0.0, 59.0, 1994-07-14 00:00:00, 0.0
6.0, 26.3, 50.0, 46.0, 1994-07-15 00:00:00, 0.0
5.0, 27.3, 0.0, 39.0, 1994-07-16 00:00:00, 0.0
8.0, 19.1, 0.0, 69.0, 1994-07-17 00:00:00, 0.0
2.0, 20.8, 50.0, 64.0, 1994-07-18 00:00:00, 0.5
6.0, 27.8, 50.0, 44.0, 1994-07-19 00:00:00, 0.0
5.0, 32.4, 0.0, 33.0, 1994-07-20 00:00:00, 0.0
6.0, 31.8, 0.0, 33.0, 1994-07-21 00:00:00, 0.0
4.0, 32.8, 140.0, 31.0, 1994-07-22 00:00:00, 0.0
4.0, 27.8, 0.0, 53.0, 1994-07-23 00:00:00, 0.0
3.0, 31.0, 0.0, 41.0, 1994-07-24 00:00:00, 0.0
0.0, 14.4, 0.0, 94.0, 1994-07-25 00:00:00, 0.5
5.0, 22.2, 230.0, 54.0, 1994-07-26 00:00:00, 0.0
7.0, 25.9, 0.0, 48.0, 1994-07-27 00:00:00, 0.0
7.0, 23.3, 0.0, 59.0, 1994-07-28 00:00:00, 0.0
4.0, 16.0, 0.0, 82.0, 1994-07-29 00:00:00, 0.0
4.0, 18.1, 180.0, 57.0, 1994-07-30 00:00:00, 0.0
3.0, 20.7, 320.0, 53.0, 1994-07-31 00:00:00, 0.0
6.0, 25.1, 0.0, 40.0, 1994-08-01 00:00:00, 0.0
4.0, 27.2, 230.0, 44.0, 1994-08-02 00:00:00, 0.0
4.0, 22.7, 50.0, 67.0, 1994-08-03 00:00:00, 0.0
8.0, 20.1, 180.0, 70.0, 1994-08-04 00:00:00, 0.0
8.0, 16.9, 140.0, 64.0, 1994-08-05 00:00:00, 0.5
1.0, 18.1, 180.0, 57.0, 1994-08-06 00:00:00, 0.0
1.0, 20.0, 0.0, 51.0, 1994-08-07 00:00:00, 0.0
2.0, 16.2, 0.0, 81.0, 1994-08-08 00:00:00, 13.7
0.0, 15.7, 0.0, 90.0, 1994-08-09 00:00:00, 2.8
4.0, 23.1, 90.0, 51.0, 1994-08-10 00:00:00, 0.0
4.0, 24.7, 270.0, 54.0, 1994-08-11 00:00:00, 0.0
7.0, 25.1, 50.0, 55.0, 1994-08-12 00:00:00, 0.0
5.0, 24.4, 0.0, 55.0, 1994-08-13 00:00:00, 0.0
4.0, 19.3, 0.0, 60.0, 1994-08-14 00:00:00, 0.0
0.0, 17.8, 0.0, 73.0, 1994-08-15 00:00:00, 0.0
6.0, 17.7, 140.0, 85.0, 1994-08-16 00:00:00, 1.8
1.0, 19.5, 50.0, 71.0, 1994-08-17 00:00:00, 0.0
2.0, 21.1, 90.0, 68.0, 1994-08-18 00:00:00, 0.0
12.0, 16.6, 230.0, 79.0, 1994-08-19 00:00:00, 0.0
3.0, 17.2, 180.0, 77.0, 1994-08-20 00:00:00, 0.5
0.0, 15.9, 0.0, 84.0, 1994-08-21 00:00:00, 0.0
9.0, 14.3, 140.0, 96.0, 1994-08-22 00:00:00, 1.5
5.0, 19.6, 230.0, 58.0, 1994-08-23 00:00:00, 0.5
0.0, 17.4, 0.0, 66.0, 1994-08-24 00:00:00, 0.0
7.0, 18.8, 180.0, 58.0, 1994-08-25 00:00:00, 0.0
4.0, 19.7, 180.0, 60.0, 1994-08-26 00:00:00, 0.0
10.0, 24.7, 230.0, 35.0, 1994-08-27 00:00:00, 0.0
1.0, 16.0, 50.0, 95.0, 1994-08-28 00:00:00, 5.3
0.0, 18.3, 0.0, 73.0, 1994-08-29 00:00:00, 0.0
6.0, 22.3, 180.0, 51.0, 1994-08-30 00:00:00, 0.0
6.0, 22.7, 0.0, 54.0, 1994-08-31 00:00:00, 0.0
8.0, 18.7, 50.0, 48.0, 1994-09-01 00:00:00, 0.0
10.0, 15.9, 230.0, 57.0, 1994-09-02 00:00:00, 0.0
2.0, 12.3, 0.0, 96.0, 1994-09-03 00:00:00, 21.8
0.0, 13.9, 0.0, 87.0, 1994-09-04 00:00:00, 1.5
6.0, 20.2, 180.0, 63.0, 1994-09-05 00:00:00, 0.0
5.0, 22.0, 180.0, 35.0, 1994-09-06 00:00:00, 0.0
7.0, 15.7, 50.0, 75.0, 1994-09-07 00:00:00, 0.0
5.0, 13.0, 230.0, 87.0, 1994-09-08 00:00:00, 50.0
1.0, 10.3, 180.0, 98.0, 1994-09-09 00:00:00, 33.3
3.0, 11.4, 180.0, 94.0, 1994-09-10 00:00:00, 14.0
4.0, 16.7, 90.0, 76.0, 1994-09-11 00:00:00, 0.8
1.0, 16.8, 0.0, 74.0, 1994-09-12 00:00:00, 0.3
8.0, 14.5, 140.0, 90.0, 1994-09-13 00:00:00, 0.0
0.0, 14.2, 0.0, 97.0, 1994-09-14 00:00:00, 19.6
5.0, 16.6, 0.0, 88.0, 1994-09-15 00:00:00, 13.0
4.0, 22.0, 90.0, 70.0, 1994-09-16 00:00:00, 0.0
5.0, 22.2, 180.0, 66.0, 1994-09-17 00:00:00, 0.0
4.0, 21.9, 140.0, 61.0, 1994-09-18 00:00:00, 0.0
7.0, 22.6, 180.0, 59.0, 1994-09-19 00:00:00, 0.0
6.0, 23.2, 140.0, 60.0, 1994-09-20 00:00:00, 0.0
8.0, 23.9, 180.0, 44.0, 1994-09-21 00:00:00, 0.0
4.0, 25.5, 180.0, 43.0, 1994-09-22 00:00:00, 0.0
5.0, 24.6, 180.0, 45.0, 1994-09-23 00:00:00, 0.0
6.0, 24.9, 180.0, 47.0, 1994-09-24 00:00:00, 0.0
6.0, 24.5, 50.0, 53.0, 1994-09-25 00:00:00, 0.0
3.0, 20.8, 180.0, 80.0, 1994-09-26 00:00:00, 0.0
2.0, 23.2, 180.0, 65.0, 1994-09-27 00:00:00, 0.0
2.0, 22.1, 180.0, 69.0, 1994-09-28 00:00:00, 0.0
2.0, 16.1, 50.0, 87.0, 1994-09-29 00:00:00, 0.0
5.0, 13.2, 50.0, 95.0, 1994-09-30 00:00:00, 3.8
4.0, 14.2, 140.0, 87.0, 1994-10-01 00:00:00, 28.4
4.0, 15.1, 90.0, 54.0, 1994-10-02 00:00:00, 0.0
7.0, 15.2, 180.0, 46.0, 1994-10-03 00:00:00, 0.0
6.0, 17.7, 180.0, 50.0, 1994-10-04 00:00:00, 0.0
2.0, 16.1, 180.0, 71.0, 1994-10-05 00:00:00, 0.5
1.0, 12.4, 50.0, 93.0, 1994-10-06 00:00:00, 0.3
5.0, 14.4, 180.0, 77.0, 1994-10-07 00:00:00, 0.0
0.0, 15.4, 0.0, 66.0, 1994-10-08 00:00:00, 0.0
0.0, 12.8, 0.0, 88.0, 1994-10-09 00:00:00, 0.0
4.0, 10.3, 50.0, 86.0, 1994-10-10 00:00:00, 6.1
1.0, 11.3, 180.0, 84.0, 1994-10-11 00:00:00, 0.0
0.0, 11.4, 0.0, 90.0, 1994-10-12 00:00:00, 0.0
0.0, 7.1, 0.0, 98.0, 1994-10-13 00:00:00, 1.0
3.0, 9.9, 230.0, 83.0, 1994-10-14 00:00:00, 22.1
7.0, 9.2, 180.0, 97.0, 1994-10-15 00:00:00, 0.0
3.0, 10.9, 180.0, 97.0, 1994-10-16 00:00:00, 0.0
2.0, 9.2, 90.0, 97.0, 1994-10-17 00:00:00, 4.8
0.0, 8.8, 0.0, 96.0, 1994-10-18 00:00:00, 0.0
1.0, 7.0, 230.0, 98.0, 1994-10-19 00:00:00, 4.8
14.0, 9.9, 140.0, 95.0, 1994-10-20 00:00:00, 40.4
