station_observations
wind_speed, temperature, wind_direction, relative_humidity, time, precipitation
7.0, 9.5, 0.0, 91.0, 1989-04-15 00:00:00, 0.0
5.0, 10.0, 0.0, 66.0, 1989-04-16 00:00:00, 0.0
3.0, 11.5, 0.0, 73.0, 1989-04-17 00:00:00, 0.0
5.0, 12.0, 0.0, 73.0, 1989-04-18 00:00:00, 0.0
48.0, 12.0, 140.0, 84.0, 1989-04-19 00:00:00, 2.0
48.0, 11.5, 140.0, 72.0, 1989-04-20 00:00:00, 5.8
19.0, 11.0, 140.0, 78.0, 1989-04-21 00:00:00, 0.0
22.0, 10.0, 140.0, 77.0, 1989-04-22 00:00:00, 0.0
6.0, 11.0, 0.0, 78.0, 1989-04-23 00:00:00, 3.3
3.0, 13.0, 0.0, 69.0, 1989-04-24 00:00:00, 0.0
4.0, 13.5, 0.0, 69.0, 1989-04-25 00:00:00, 0.0
14.0, 15.0, 140.0, 79.0, 1989-04-26 00:00:00, 0.0
7.0, 14.0, 0.0, 70.0, 1989-04-27 00:00:00, 0.0
0.0, 16.0, 0.0, 54.0, 1989-04-28 00:00:00, 0.0
0.0, 18.0, 0.0, 49.0, 1989-04-29 00:00:00, 0.0
2.0, 16.0, 0.0, 72.0, 1989-04-30 00:00:00, 0.0
3.0, 18.5, 0.0, 56.0, 1989-05-01 00:00:00, 0.0
5.0, 15.5, 140.0, 76.0, 1989-05-02 00:00:00, 0.0
12.0, 15.0, 0.0, 75.0, 1989-05-03 00:00:00, 0.0
19.0, 16.5, 140.0, 68.0, 1989-05-04 00:00:00, 0.0
5.0, 15.0, 0.0, 85.0, 1989-05-05 00:00:00, 8.5
4.0, 16.0, 0.0, 76.0, 1989-05-06 00:00:00, 0.0
7.0, 16.5, 0.0, 72.0, 1989-05-07 00:00:00, 0.0
14.0, 17.5, 140.0, 69.0, 1989-05-08 00:00:00, 0.0
5.0, 17.5, 140.0, 73.0, 1989-05-09 00:00:00, 0.0
9.0, 15.0, 140.0, 53.0, 1989-05-10 00:00:00, 0.0
9.0, 12.5, 0.0, 64.0, 1989-05-11 00:00:00, 0.0
10.0, 14.5, 0.0, 66.0, 1989-05-12 00:00:00, 0.0
7.0, 16.0, 0.0, 54.0, 1989-05-13 00:00:00, 0.0
6.0, 16.5, 0.0, 68.0, 1989-05-14 00:00:00, 0.0
7.0, 16.0, 0.0, 76.0, 1989-05-15 00:00:00, 0.0
10.0, 15.0, 0.0, 80.0, 1989-05-16 00:00:00, 0.0
12.0, 9.0, 0.0, 94.0, 1989-05-17 00:00:00, 10.2
14.0, 10.5, 0.0, 72.0, 1989-05-18 00:00:00, 2.0
10.0, 12.5, 0.0, 64.0, 1989-05-19 00:00:00, 0.0
9.0, 13.0, 0.0, 74.0, 1989-05-20 00:00:00, 0.0
5.0, 14.5, 0.0, 66.0, 1989-05-21 00:00:00, 0.0
12.0, 13.5, 140.0, 74.0, 1989-05-22 00:00:00, 0.0
10.0, 13.0, 0.0, 69.0, 1989-05-23 00:00:00, 1.8
10.0, 13.5, 0.0, 65.0, 1989-05-24 00:00:00, 2.3
20.0, 14.0, 140.0, 65.0, 1989-05-25 00:00:00, 0.0
22.0, 11.5, 140.0, 78.0, 1989-05-26 00:00:00, 0.1
14.0, 12.0, 140.0, 78.0, 1989-05-27 00:00:00, 2.0
24.0, 15.0, 0.0, 71.0, 1989-05-28 00:00:00, 0.0
9.0, 14.0, 0.0, 75.0, 1989-05-29 00:00:00, 0.0
6.0, 15.5, 0.0, 76.0, 1989-05-30 00:00:00, 0.0
9.0, 16.5, 0.0, 72.0, 1989-05-31 00:00:00, 0.0
8.0, 19.0, 0.0, 43.0, 1989-06-01 00:00:00, 0.0
8.0, 18.0, 0.0, 65.0, 1989-06-02 00:00:00, 0.0
2.0, 22.0, 0.0, 61.0, 1989-06-03 00:00:00, 0.0
5.0, 21.0, 0.0, 60.0, 1989-06-04 00:00:00, 0.0
15.0, 19.0, 0.0, 62.0, 1989-06-05 00:00:00, 0.0
9.0, 17.0, 0.0, 64.0, 1989-06-06 00:00:00, 0.0
9.0, 17.0, 0.0, 64.0, 1989-06-07 00:00:00, 0.0
8.0, 17.0, 0.0, 64.0, 1989-06-08 00:00:00, 0.2
10.0, 15.0, 0.0, 75.0, 1989-06-09 00:00:00, 0.0
3.0, 17.5, 0.0, 69.0, 1989-06-10 00:00:00, 0.0
6.0, 19.0, 0.0, 66.0, 1989-06-11 00:00:00, 0.0
7.0, 19.0, 0.0, 74.0, 1989-06-12 00:00:00, 0.0
13.0, 16.0, 140.0, 81.0, 1989-06-13 00:00:00, 0.1
19.0, 20.0, 140.0, 52.0, 1989-06-14 00:00:00, 2.5
9.0, 17.0, 140.0, 56.0, 1989-06-15 00:00:00, 0.0
8.0, 18.0, 0.0, 57.0, 1989-06-16 00:00:00, 0.0
25.0, 13.0, 140.0, 84.0, 1989-06-17 00:00:00, 38.0
19.0, 14.0, 140.0, 65.0, 1989-06-18 00:00:00, 0.0
7.0, 12.0, 0.0, 56.0, 1989-06-19 00:00:00, 1.5
13.0, 16.0, 0.0, 58.0, 1989-06-20 00:00:00, 0.0
13.0, 15.5, 140.0, 76.0, 1989-06-21 00:00:00, 0.1
16.0, 18.0, 0.0, 65.0, 1989-06-22 00:00:00, 0.0
8.0, 21.0, 0.0, 60.0, 1989-06-23 00:00:00, 0.0
2.0, 22.0, 0.0, 58.0, 1989-06-24 00:00:00, 0.0
12.0, 20.0, 0.0, 71.0, 1989-06-25 00:00:00, 0.0
0.0, 26.0, 0.0, 80.0, 1989-06-26 00:00:00, 0.1
2.0, 15.0, 0.0, 71.0, 1989-06-27 00:00:00, 3.4
15.0, 14.0, 140.0, 80.0, 1989-06-28 00:00:00, 16.6
12.0, 16.5, 140.0, 72.0, 1989-06-29 00:00:00, 3.3
14.0, 17.0, 140.0, 68.0, 1989-06-30 00:00:00, 7.1
14.0, 14.0, 140.0, 90.0, 1989-07-01 00:00:00, 9.7
2.0, 14.0, 140.0, 90.0, 1989-07-02 00:00:00, 4.1
0.0, 14.0, 0.0, 90.0, 1989-07-03 00:00:00, 8.1
5.0, 15.0, 0.0, 85.0, 1989-07-04 00:00:00, 0.1
8.0, 16.0, 0.0, 81.0, 1989-07-05 00:00:00, 0.0
4.0, 17.0, 0.0, 72.0, 1989-07-06 00:00:00, 0.0
4.0, 17.0, 0.0, 72.0, 1989-07-07 00:00:00, 0.0
5.0, 17.5, 0.0, 69.0, 1989-07-08 00:00:00, 0.0
5.0, 17.0, 0.0, 81.0, 1989-07-09 00:00:00, 0.0
3.0, 17.0, 140.0, 86.0, 1989-07-10 00:00:00, 0.1
6.0, 20.0, 0.0, 61.0, 1989-07-11 00:00:00, 0.0
5.0, 19.0, 140.0, 74.0, 1989-07-12 00:00:00, 0.0
11.0, 20.0, 140.0, 71.0, 1989-07-13 00:00:00, 0.4
15.0, 20.0, 0.0, 67.0, 1989-07-14 00:00:00, 0.0
14.0, 20.0, 0.0, 67.0, 1989-07-15 00:00:00, 0.0
15.0, 15.0, 140.0, 90.0, 1989-07-16 00:00:00, 11.0
22.0, 16.0, 140.0, 90.0, 1989-07-17 00:00:00, 0.5
0.0, 18.0, 0.0, 82.0, 1989-07-18 00:00:00, 1.0
9.0, 20.5, 0.0, 56.0, 1989-07-19 00:00:00, 0.0
5.0, 20.0, 0.0, 74.0, 1989-07-20 00:00:00, 0.0
1.0, 19.0, 0.0, 58.0, 1989-07-21 00:00:00, 0.0
2.0, 18.5, 0.0, 69.0, 1989-07-22 00:00:00, 0.8
9.0, 18.0, 0.0, 82.0, 1989-07-23 00:00:00, 0.0
13.0, 19.0, 0.0, 69.0, 1989-07-24 00:00:00, 0.0
13.0, 20.0, 0.0, 59.0, 1989-07-25 00:00:00, 0.0
6.0, 20.0, 0.0, 67.0, 1989-07-26 00:00:00, 0.0
24.0, 20.0, 140.0, 59.0, 1989-07-27 00:00:00, 0.0
6.0, 19.0, 0.0, 66.0, 1989-07-28 00:00:00, 0.0
16.0, 19.0, 0.0, 66.0, 1989-07-29 00:00:00, 0.0
13.0, 20.0, 0.0, 75.0, 1989-07-30 00:00:00, 1.5
0.0, 20.0, 0.0, 67.0, 1989-07-31 00:00:00, 0.0
19.0, 15.5, 140.0, 85.0, 1989-08-01 00:00:00, 9.7
5.0, 19.0, 0.0, 74.0, 1989-08-02 00:00:00, 0.0
8.0, 18.0, 140.0, 73.0, 1989-08-03 00:00:00, 1.0
19.0, 20.0, 140.0, 75.0, 1989-08-04 00:00:00, 0.0
30.0, 20.0, 0.0, 75.0, 1989-08-05 00:00:00, 0.0
14.0, 20.0, 0.0, 67.0, 1989-08-06 00:00:00, 0.0
6.0, 20.5, 0.0, 63.0, 1989-08-07 00:00:00, 0.0
5.0, 20.0, 0.0, 67.0, 1989-08-08 00:00:00, 0.0
14.0, 18.0, 0.0, 65.0, 1989-08-09 00:00:00, 0.0
13.0, 18.5, 140.0, 69.0, 1989-08-10 00:00:00, 0.0
11.0, 17.0, 0.0, 72.0, 1989-08-11 00:00:00, 0.0
8.0, 18.5, 0.0, 59.0, 1989-08-12 00:00:00, 0.0
14.0, 19.5, 0.0, 66.0, 1989-08-13 00:00:00, 0.0
5.0, 16.5, 0.0, 76.0, 1989-08-14 00:00:00, 3.8
5.0, 18.0, 0.0, 65.0, 1989-08-15 00:00:00, 2.0
5.0, 19.0, 0.0, 74.0, 1989-08-16 00:00:00, 0.0
4.0, 18.0, 0.0, 73.0, 1989-08-17 00:00:00, 0.0
13.0, 18.5, 0.0, 74.0, 1989-08-18 00:00:00, 0.0
6.0, 20.0, 0.0, 67.0, 1989-08-19 00:00:00, 0.0
0.0, 16.0, 0.0, 81.0, 1989-08-20 00:00:00, 0.0
14.0, 16.0, 140.0, 90.0, 1989-08-21 00:00:00, 9.0
6.0, 17.0, 0.0, 72.0, 1989-08-22 00:00:00, 1.8
9.0, 16.5, 0.0, 72.0, 1989-08-23 00:00:00, 0.0
9.0, 18.0, 0.0, 69.0, 1989-08-24 00:00:00, 0.0
8.0, 17.5, 0.0, 73.0, 1989-08-25 00:00:00, 0.0
4.0, 18.0, 0.0, 73.0, 1989-08-26 00:00:00, 0.0
7.0, 18.5, 0.0, 74.0, 1989-08-27 00:00:00, 0.0
0.0, 15.0, 0.0, 85.0, 1989-08-28 00:00:00, 0.0
0.0, 15.0, 0.0, 85.0, 1989-08-29 00:00:00, 0.0
8.0, 18.0, 0.0, 65.0, 1989-08-30 00:00:00, 0.0
8.0, 15.0, 0.0, 90.0, 1989-08-31 00:00:00, 0.8
4.0, 16.5, 0.0, 76.0, 1989-09-01 00:00:00, 0.0
9.0, 17.0, 0.0, 64.0, 1989-09-02 00:00:00, 0.0
5.0, 18.0, 0.0, 73.0, 1989-09-03 00:00:00, 0.0
5.0, 17.0, 0.0, 81.0, 1989-09-04 00:00:00, 1.5
11.0, 17.0, 0.0, 64.0, 1989-09-05 00:00:00, 0.0
4.0, 17.5, 0.0, 77.0, 1989-09-06 00:00:00, 0.0
1.0, 18.5, 0.0, 61.0, 1989-09-07 00:00:00, 0.0
2.0, 23.0, 0.0, 42.0, 1989-09-08 00:00:00, 0.0
6.0, 20.5, 0.0, 42.0, 1989-09-09 00:00:00, 0.0
2.0, 18.0, 0.0, 57.0, 1989-09-10 00:00:00, 0.0
3.0, 18.5, 0.0, 54.0, 1989-09-11 00:00:00, 0.0
6.0, 18.0, 0.0, 65.0, 1989-09-12 00:00:00, 0.0
6.0, 17.5, 0.0, 64.0, 1989-09-13 00:00:00, 0.0
11.0, 16.5, 0.0, 68.0, 1989-09-14 00:00:00, 0.0
9.0, 15.0, 0.0, 71.0, 1989-09-15 00:00:00, 0.0
0.0, 15.0, 0.0, 66.0, 1989-09-16 00:00:00, 5.8
7.0, 14.0, 0.0, 80.0, 1989-09-17 00:00:00, 8.4
4.0, 14.0, 0.0, 70.0, 1989-09-18 00:00:00, 0.0
3.0, 15.5, 0.0, 67.0, 1989-09-19 00:00:00, 0.0
6.0, 17.0, 0.0, 72.0, 1989-09-20 00:00:00, 0.0
3.0, 15.5, 0.0, 76.0, 1989-09-21 00:00:00, 0.0
0.0, 16.5, 0.0, 72.0, 1989-09-22 00:00:00, 0.0
4.0, 17.0, 0.0, 72.0, 1989-09-23 00:00:00, 0.0
5.0, 17.0, 0.0, 64.0, 1989-09-24 00:00:00, 0.0
0.0, 17.0, 0.0, 68.0, 1989-09-25 00:00:00, 0.0
7.0, 15.0, 140.0, 90.0, 1989-09-26 00:00:00, 9.7
0.0, 15.0, 0.0, 85.0, 1989-09-27 00:00:00, 0.0
3.0, 15.0, 0.0, 85.0, 1989-09-28 00:00:00, 0.0
2.0, 15.0, 0.0, 80.0, 1989-09-29 00:00:00, 0.0
4.0, 15.5, 0.0, 58.0, 1989-09-30 00:00:00, 0.0
4.0, 14.5, 0.0, 75.0, 1989-10-01 00:00:00, 0.0
9.0, 13.5, 0.0, 74.0, 1989-10-02 00:00:00, 0.0
5.0, 13.5, 0.0, 74.0, 1989-10-03 00:00:00, 0.0
0.0, 17.5, 0.0, 84.0, 1989-10-04 00:00:00, 0.9
2.0, 13.0, 140.0, 95.0, 1989-10-05 00:00:00, 5.8
2.0, 11.0, 140.0, 94.0, 1989-10-06 00:00:00, 0.0
5.0, 11.1, 50.0, 95.0, 1990-04-14 00:00:00, 1.2
5.0, 12.4, 50.0, 90.0, 1990-04-15 00:00:00, 0.0
3.0, 14.2, 50.0, 82.0, 1990-04-16 00:00:00, 0.0
4.0, 13.3, 0.0, 86.0, 1990-04-17 00:00:00, 4.5
14.0, 11.3, 90.0, 87.0, 1990-04-18 00:00:00, 0.0
14.0, 11.4, 90.0, 98.0, 1990-04-19 00:00:00, 9.3
15.0, 11.7, 90.0, 85.0, 1990-04-20 00:00:00, 1.0
10.0, 11.9, 140.0, 79.0, 1990-04-21 00:00:00, 0.2
16.0, 11.3, 90.0, 92.0, 1990-04-22 00:00:00, 0.5
7.0, 11.4, 50.0, 92.0, 1990-04-23 00:00:00, 3.8
10.0, 11.8, 50.0, 82.0, 1990-04-24 00:00:00, 5.0
9.0, 13.6, 180.0, 61.0, 1990-04-25 00:00:00, 8.1
9.0, 13.4, 230.0, 56.0, 1990-04-26 00:00:00, 4.5
12.0, 10.2, 90.0, 89.0, 1990-04-27 00:00:00, 2.2
4.0, 11.1, 50.0, 80.0, 1990-04-28 00:00:00, 4.0
10.0, 12.6, 50.0, 65.0, 1990-04-29 00:00:00, 0.0
0.0, 13.9, 50.0, 70.0, 1990-04-30 00:00:00, 0.0
8.0, 11.5, 90.0, 95.0, 1990-05-01 00:00:00, 0.5
7.0, 13.0, 50.0, 90.0, 1990-05-02 00:00:00, 1.0
13.0, 14.3, 140.0, 89.0, 1990-05-03 00:00:00, 0.0
6.0, 13.6, 0.0, 94.0, 1990-05-04 00:00:00, 0.0
17.0, 22.6, 180.0, 49.0, 1990-05-05 00:00:00, 0.0
9.0, 10.7, 0.0, 73.0, 1990-05-06 00:00:00, 0.0
12.0, 11.6, 0.0, 76.0, 1990-05-07 00:00:00, 2.5
7.0, 12.7, 50.0, 82.0, 1990-05-08 00:00:00, 0.0
11.0, 13.3, 50.0, 83.0, 1990-05-09 00:00:00, 0.0
3.0, 14.4, 50.0, 80.0, 1990-05-10 00:00:00, 0.0
8.0, 13.2, 50.0, 80.0, 1990-05-11 00:00:00, 0.0
7.0, 12.5, 50.0, 81.0, 1990-05-12 00:00:00, 0.0
8.0, 10.9, 50.0, 85.0, 1990-05-13 00:00:00, 2.2
6.0, 14.3, 50.0, 78.0, 1990-05-14 00:00:00, 0.0
0.0, 14.2, 50.0, 79.0, 1990-05-15 00:00:00, 0.0
9.0, 13.2, 50.0, 88.0, 1990-05-16 00:00:00, 0.0
5.0, 13.8, 0.0, 79.0, 1990-05-17 00:00:00, 1.2
1.0, 15.9, 50.0, 75.0, 1990-05-18 00:00:00, 0.7
11.0, 14.5, 140.0, 79.0, 1990-05-19 00:00:00, 0.0
8.0, 14.9, 140.0, 77.0, 1990-05-20 00:00:00, 0.2
11.0, 14.8, 140.0, 74.0, 1990-05-21 00:00:00, 0.0
8.0, 15.2, 230.0, 63.0, 1990-05-22 00:00:00, 8.8
7.0, 12.4, 50.0, 81.0, 1990-05-23 00:00:00, 0.0
2.0, 14.4, 0.0, 69.0, 1990-05-24 00:00:00, 0.0
7.0, 15.8, 140.0, 71.0, 1990-05-25 00:00:00, 0.0
6.0, 12.4, 180.0, 87.0, 1990-05-26 00:00:00, 10.7
3.0, 13.7, 50.0, 97.0, 1990-05-27 00:00:00, 5.0
7.0, 15.0, 50.0, 95.0, 1990-05-28 00:00:00, 4.0
18.0, 14.8, 90.0, 86.0, 1990-05-29 00:00:00, 0.0
11.0, 16.4, 180.0, 82.0, 1990-05-30 00:00:00, 0.5
5.0, 14.8, 140.0, 78.0, 1990-05-31 00:00:00, 0.5
4.0, 12.2, 140.0, 96.0, 1990-06-01 00:00:00, 1.5
11.0, 13.4, 140.0, 86.0, 1990-06-02 00:00:00, 0.5
12.0, 12.4, 140.0, 93.0, 1990-06-03 00:00:00, 3.5
12.0, 12.4, 140.0, 93.0, 1990-06-04 00:00:00, 3.5
1.0, 15.2, 50.0, 82.0, 1990-06-05 00:00:00, 1.2
9.0, 13.9, 90.0, 99.0, 1990-06-06 00:00:00, 9.3
13.0, 14.9, 180.0, 77.0, 1990-06-07 00:00:00, 0.0
13.0, 12.7, 90.0, 97.0, 1990-06-08 00:00:00, 6.3
4.0, 13.2, 50.0, 96.0, 1990-06-09 00:00:00, 0.0
4.0, 12.0, 180.0, 93.0, 1990-06-10 00:00:00, 15.4
8.0, 13.2, 50.0, 86.0, 1990-06-11 00:00:00, 1.0
4.0, 15.7, 50.0, 73.0, 1990-06-12 00:00:00, 0.0
1.0, 16.4, 50.0, 81.0, 1990-06-13 00:00:00, 0.2
1.0, 18.7, 50.0, 81.0, 1990-06-14 00:00:00, 0.0
11.0, 16.4, 50.0, 78.0, 1990-06-15 00:00:00, 0.0
14.0, 16.3, 50.0, 75.0, 1990-06-16 00:00:00, 0.0
9.0, 16.4, 50.0, 80.0, 1990-06-17 00:00:00, 0.0
6.0, 17.7, 50.0, 77.0, 1990-06-18 00:00:00, 0.0
13.0, 20.9, 90.0, 76.0, 1990-06-19 00:00:00, 0.0
7.0, 18.0, 50.0, 89.0, 1990-06-20 00:00:00, 0.0
2.0, 20.5, 50.0, 79.0, 1990-06-21 00:00:00, 0.0
2.0, 21.2, 50.0, 84.0, 1990-06-22 00:00:00, 0.0
7.0, 17.6, 50.0, 68.0, 1990-06-23 00:00:00, 0.0
7.0, 20.6, 140.0, 78.0, 1990-06-24 00:00:00, 0.0
8.0, 17.6, 140.0, 80.0, 1990-06-25 00:00:00, 0.0
6.0, 17.9, 50.0, 73.0, 1990-06-26 00:00:00, 0.0
8.0, 19.0, 140.0, 74.0, 1990-06-27 00:00:00, 0.0
9.0, 15.7, 90.0, 97.0, 1990-06-28 00:00:00, 4.0
7.0, 15.9, 140.0, 96.0, 1990-06-29 00:00:00, 12.9
16.0, 20.1, 180.0, 60.0, 1990-06-30 00:00:00, 5.0
4.0, 16.8, 50.0, 86.0, 1990-07-01 00:00:00, 0.0
5.0, 17.7, 50.0, 81.0, 1990-07-02 00:00:00, 0.0
8.0, 18.3, 140.0, 81.0, 1990-07-03 00:00:00, 5.0
8.0, 18.1, 50.0, 88.0, 1990-07-04 00:00:00, 0.0
7.0, 19.9, 140.0, 82.0, 1990-07-05 00:00:00, 0.0
3.0, 17.7, 0.0, 86.0, 1990-07-06 00:00:00, 10.4
4.0, 17.9, 50.0, 88.0, 1990-07-07 00:00:00, 0.0
7.0, 18.9, 50.0, 86.0, 1990-07-08 00:00:00, 0.0
4.0, 18.9, 50.0, 80.0, 1990-07-09 00:00:00, 0.0
1.0, 21.5, 90.0, 74.0, 1990-07-10 00:00:00, 0.0
2.0, 20.9, 0.0, 87.0, 1990-07-11 00:00:00, 0.0
8.0, 20.3, 50.0, 82.0, 1990-07-12 00:00:00, 0.0
12.0, 18.7, 50.0, 81.0, 1990-07-13 00:00:00, 0.0
9.0, 19.2, 50.0, 79.0, 1990-07-14 00:00:00, 0.0
10.0, 20.3, 0.0, 74.0, 1990-07-15 00:00:00, 0.0
10.0, 18.0, 50.0, 69.0, 1990-07-16 00:00:00, 0.0
7.0, 17.4, 50.0, 75.0, 1990-07-17 00:00:00, 0.0
4.0, 18.2, 50.0, 76.0, 1990-07-18 00:00:00, 0.0
0.0, 21.0, 50.0, 73.0, 1990-07-19 00:00:00, 0.0
0.0, 23.5, 50.0, 63.0, 1990-07-20 00:00:00, 0.0
0.0, 24.2, 0.0, 57.0, 1990-07-21 00:00:00, 0.0
4.0, 21.9, 0.0, 70.0, 1990-07-22 00:00:00, 0.0
8.0, 18.6, 140.0, 87.0, 1990-07-23 00:00:00, 0.0
7.0, 17.8, 50.0, 86.0, 1990-07-24 00:00:00, 0.0
14.0, 19.3, 50.0, 85.0, 1990-07-25 00:00:00, 0.0
8.0, 18.4, 50.0, 82.0, 1990-07-26 00:00:00, 0.0
8.0, 18.5, 50.0, 82.0, 1990-07-27 00:00:00, 0.0
7.0, 19.3, 50.0, 81.0, 1990-07-28 00:00:00, 0.0
2.0, 28.0, 0.0, 79.0, 1990-07-29 00:00:00, 0.0
5.0, 21.0, 50.0, 84.0, 1990-07-30 00:00:00, 0.0
6.0, 21.1, 50.0, 78.0, 1990-07-31 00:00:00, 0.0
7.0, 18.9, 50.0, 74.0, 1990-08-01 00:00:00, 0.0
9.0, 21.1, 140.0, 81.0, 1990-08-02 00:00:00, 0.0
6.0, 21.4, 50.0, 80.0, 1990-08-03 00:00:00, 0.0
6.0, 21.7, 50.0, 82.0, 1990-08-04 00:00:00, 0.0
18.0, 25.0, 180.0, 68.0, 1990-08-05 00:00:00, 0.0
8.0, 21.0, 50.0, 75.0, 1990-08-06 00:00:00, 0.0
8.0, 20.0, 50.0, 75.0, 1990-08-07 00:00:00, 0.0
1.0, 21.5, 50.0, 75.0, 1990-08-08 00:00:00, 0.0
4.0, 22.5, 50.0, 81.0, 1990-08-09 00:00:00, 0.0
2.0, 22.4, 50.0, 84.0, 1990-08-10 00:00:00, 0.0
4.0, 22.2, 50.0, 83.0, 1990-08-11 00:00:00, 0.0
0.0, 25.2, 270.0, 78.0, 1990-08-12 00:00:00, 0.0
14.0, 23.6, 90.0, 71.0, 1990-08-13 00:00:00, 0.0
12.0, 22.0, 140.0, 65.0, 1990-08-14 00:00:00, 0.0
10.0, 22.8, 90.0, 78.0, 1990-08-15 00:00:00, 0.0
9.0, 18.6, 140.0, 95.0, 1990-08-16 00:00:00, 1.5
4.0, 17.5, 0.0, 93.0, 1990-08-17 00:00:00, 0.2
4.0, 20.7, 180.0, 83.0, 1990-08-18 00:00:00, 0.0
6.0, 19.5, 50.0, 86.0, 1990-08-19 00:00:00, 0.0
3.0, 20.5, 50.0, 80.0, 1990-08-20 00:00:00, 0.0
5.0, 21.0, 50.0, 84.0, 1990-08-21 00:00:00, 0.0
9.0, 19.4, 0.0, 64.0, 1990-08-22 00:00:00, 0.0
8.0, 18.0, 50.0, 72.0, 1990-08-23 00:00:00, 0.0
5.0, 17.8, 50.0, 81.0, 1990-08-24 00:00:00, 0.5
8.0, 18.5, 140.0, 84.0, 1990-08-25 00:00:00, 0.0
6.0, 16.9, 50.0, 85.0, 1990-08-26 00:00:00, 0.0
5.0, 17.9, 50.0, 85.0, 1990-08-27 00:00:00, 0.0
5.0, 18.7, 50.0, 75.0, 1990-08-28 00:00:00, 0.0
0.0, 16.5, 230.0, 95.0, 1990-08-29 00:00:00, 2.0
10.0, 17.0, 140.0, 94.0, 1990-08-30 00:00:00, 2.0
10.0, 18.4, 140.0, 89.0, 1990-08-31 00:00:00, 6.0
5.0, 16.0, 50.0, 89.0, 1990-09-01 00:00:00, 0.2
12.0, 16.3, 50.0, 85.0, 1990-09-02 00:00:00, 0.0
13.0, 17.8, 50.0, 82.0, 1990-09-03 00:00:00, 0.0
4.0, 18.2, 50.0, 79.0, 1990-09-04 00:00:00, 0.0
6.0, 17.7, 50.0, 84.0, 1990-09-05 00:00:00, 0.0
4.0, 17.2, 50.0, 89.0, 1990-09-06 00:00:00, 0.0
3.0, 18.4, 0.0, 91.0, 1990-09-07 00:00:00, 0.0
8.0, 17.7, 50.0, 93.0, 1990-09-08 00:00:00, 0.0
3.0, 17.6, 50.0, 88.0, 1990-09-09 00:00:00, 0.0
8.0, 14.8, 50.0, 94.0, 1990-09-10 00:00:00, 0.0
7.0, 15.2, 50.0, 92.0, 1990-09-11 00:00:00, 0.0
3.0, 17.4, 50.0, 84.0, 1990-09-12 00:00:00, 0.0
8.0, 16.3, 50.0, 86.0, 1990-09-13 00:00:00, 0.0
4.0, 17.4, 0.0, 83.0, 1990-09-14 00:00:00, 0.0
6.0, 17.7, 180.0, 92.0, 1990-09-15 00:00:00, 0.0
3.0, 16.6, 0.0, 94.0, 1990-09-16 00:00:00, 1.7
2.0, 18.2, 50.0, 89.0, 1990-09-17 00:00:00, 0.2
7.0, 16.4, 90.0, 93.0, 1990-09-18 00:00:00, 0.0
8.0, 16.1, 0.0, 85.0, 1990-09-19 00:00:00, 0.0
5.0, 16.8, 50.0, 80.0, 1990-09-20 00:00:00, 0.0
3.0, 16.9, 50.0, 82.0, 1990-09-21 00:00:00, 0.0
3.0, 17.7, 0.0, 90.0, 1990-09-22 00:00:00, 0.0
2.0, 17.9, 0.0, 89.0, 1990-09-23 00:00:00, 0.0
0.0, 17.6, 50.0, 87.0, 1990-09-24 00:00:00, 0.0
10.0, 16.4, 50.0, 84.0, 1990-09-25 00:00:00, 0.0
4.0, 15.0, 0.0, 96.0, 1990-09-26 00:00:00, 0.0
4.0, 13.9, 0.0, 96.0, 1990-09-27 00:00:00, 0.0
0.0, 16.3, 50.0, 91.0, 1990-09-28 00:00:00, 0.0
12.0, 15.7, 50.0, 72.0, 1990-09-29 00:00:00, 0.0
0.0, 15.0, 50.0, 71.0, 1990-09-30 00:00:00, 0.0
11.0, 17.9, 230.0, 50.0, 1990-10-01 00:00:00, 3.8
3.0, 12.7, 50.0, 77.0, 1990-10-02 00:00:00, 0.0
11.0, 11.8, 140.0, 97.0, 1990-10-03 00:00:00, 7.6
0.0, 12.0, 320.0, 85.0, 1990-10-04 00:00:00, 3.5
5.0, 10.8, 50.0, 81.0, 1990-10-05 00:00:00, 3.5
8.0, 10.6, 50.0, 81.0, 1990-10-06 00:00:00, 0.0
6.0, 13.0, 140.0, 81.0, 1990-10-07 00:00:00, 0.0
8.0, 12.5, 180.0, 91.0, 1990-10-08 00:00:00, 0.0
13.0, 12.9, 180.0, 96.0, 1990-10-09 00:00:00, 2.5
11.0, 10.8, 50.0, 85.0, 1990-10-10 00:00:00, 0.0
22.0, 9.8, 90.0, 94.0, 1990-10-11 00:00:00, 0.0
0.0, 10.9, 0.0, 90.0, 1990-10-12 00:00:00, 17.2
2.0, 10.9, 50.0, 79.0, 1990-10-13 00:00:00, 0.0
3.0, 7.1, 270.0, 97.0, 1990-10-14 00:00:00, 3.0
0.0, 8.7, 320.0, 94.0, 1990-10-15 00:00:00, 6.8
