station_observations
wind_speed, temperature, wind_direction, relative_humidity, time, precipitation
0.0, 0.0, 0.0, 0.0, 1990-07-08 00:00:00, 0.0
0.0, 25.0, 0.0, 54.0, 1990-07-09 00:00:00, 0.0
0.0, 26.5, 0.0, 56.0, 1990-07-10 00:00:00, 0.0
0.0, 28.0, 0.0, 44.0, 1990-07-11 00:00:00, 0.0
0.0, 29.0, 0.0, 60.0, 1990-07-12 00:00:00, 0.0
1.0, 25.7, 90.0, 53.0, 1990-07-13 00:00:00, 0.0
0.0, 28.0, 0.0, 43.0, 1990-07-14 00:00:00, 0.0
0.0, 29.0, 0.0, 44.0, 1990-07-15 00:00:00, 0.0
0.0, 22.0, 0.0, 61.0, 1990-07-16 00:00:00, 0.0
0.0, 22.3, 0.0, 48.0, 1990-07-17 00:00:00, 0.0
0.0, 23.7, 50.0, 54.0, 1990-07-18 00:00:00, 0.0
0.0, 27.0, 0.0, 49.0, 1990-07-19 00:00:00, 0.0
1.0, 31.2, 0.0, 35.0, 1990-07-20 00:00:00, 0.0
2.0, 31.2, 50.0, 39.0, 1990-07-21 00:00:00, 0.0
3.0, 30.6, 50.0, 44.0, 1990-07-22 00:00:00, 0.0
0.0, 20.4, 0.0, 75.0, 1990-07-23 00:00:00, 0.0
1.0, 20.9, 270.0, 73.0, 1990-07-24 00:00:00, 0.0
1.0, 21.1, 140.0, 77.0, 1990-07-25 00:00:00, 0.0
0.0, 19.7, 0.0, 80.0, 1990-07-26 00:00:00, 0.0
0.0, 22.0, 0.0, 69.0, 1990-07-27 00:00:00, 0.0
0.0, 26.3, 0.0, 58.0, 1990-07-28 00:00:00, 0.0
0.0, 30.5, 0.0, 44.0, 1990-07-29 00:00:00, 0.0
1.0, 31.2, 0.0, 35.0, 1990-07-30 00:00:00, 0.0
0.0, 31.9, 0.0, 39.0, 1990-07-31 00:00:00, 0.0
1.0, 23.2, 50.0, 66.0, 1990-08-01 00:00:00, 0.0
0.0, 23.8, 0.0, 70.0, 1990-08-02 00:00:00, 0.0
1.0, 25.7, 50.0, 63.0, 1990-08-03 00:00:00, 0.0
2.0, 29.1, 0.0, 55.0, 1990-08-04 00:00:00, 0.0
3.0, 25.5, 90.0, 69.0, 1990-08-05 00:00:00, 0.0
2.0, 25.9, 50.0, 56.0, 1990-08-06 00:00:00, 0.0
0.0, 26.3, 0.0, 50.0, 1990-08-07 00:00:00, 0.0
0.0, 27.6, 0.0, 51.0, 1990-08-08 00:00:00, 0.0
0.0, 29.4, 0.0, 55.0, 1990-08-09 00:00:00, 0.0
0.0, 27.9, 0.0, 58.0, 1990-08-10 00:00:00, 0.0
4.0, 31.4, 50.0, 47.0, 1990-08-11 00:00:00, 0.0
4.0, 31.3, 140.0, 53.0, 1990-08-12 00:00:00, 0.0
0.0, 24.9, 0.0, 59.0, 1990-08-13 00:00:00, 0.0
0.0, 25.7, 0.0, 47.0, 1990-08-14 00:00:00, 0.0
0.0, 20.0, 0.0, 83.0, 1990-08-15 00:00:00, 0.0
0.0, 18.6, 0.0, 97.0, 1990-08-16 00:00:00, 0.7
0.0, 21.2, 0.0, 85.0, 1990-08-17 00:00:00, 2.5
0.0, 17.0, 0.0, 99.0, 1990-08-18 00:00:00, 1.7
0.0, 22.0, 0.0, 83.0, 1990-08-19 00:00:00, 0.7
0.0, 23.9, 0.0, 74.0, 1990-08-20 00:00:00, 0.0
0.0, 22.4, 0.0, 84.0, 1990-08-21 00:00:00, 0.0
0.0, 20.5, 0.0, 75.0, 1990-08-22 00:00:00, 0.0
0.0, 17.6, 0.0, 79.0, 1990-08-23 00:00:00, 0.0
1.0, 20.8, 90.0, 60.0, 1990-08-24 00:00:00, 0.0
1.0, 18.3, 90.0, 75.0, 1990-08-25 00:00:00, 0.0
0.0, 22.2, 0.0, 57.0, 1990-08-26 00:00:00, 0.0
0.0, 24.7, 0.0, 51.0, 1990-08-27 00:00:00, 0.0
0.0, 26.4, 0.0, 44.0, 1990-08-28 00:00:00, 0.0
0.0, 16.4, 0.0, 99.0, 1990-08-29 00:00:00, 0.2
0.0, 16.6, 0.0, 99.0, 1990-08-30 00:00:00, 0.2
0.0, 16.4, 0.0, 99.0, 1990-08-31 00:00:00, 12.1
2.0, 19.9, 50.0, 71.0, 1990-09-01 00:00:00, 1.5
0.0, 20.6, 0.0, 65.0, 1990-09-02 00:00:00, 0.0
1.0, 23.2, 50.0, 56.0, 1990-09-03 00:00:00, 0.0
0.0, 25.9, 0.0, 46.0, 1990-09-04 00:00:00, 0.0
0.0, 25.5, 0.0, 51.0, 1990-09-05 00:00:00, 0.0
0.0, 25.1, 0.0, 58.0, 1990-09-06 00:00:00, 0.0
0.0, 23.8, 0.0, 65.0, 1990-09-07 00:00:00, 0.0
0.0, 19.2, 0.0, 89.0, 1990-09-08 00:00:00, 0.0
0.0, 19.0, 0.0, 88.0, 1990-09-09 00:00:00, 0.0
1.0, 21.2, 0.0, 82.0, 1990-09-10 00:00:00, 0.0
0.0, 21.2, 0.0, 82.0, 1990-09-11 00:00:00, 0.0
1.0, 18.9, 320.0, 83.0, 1990-09-12 00:00:00, 0.0
2.0, 22.3, 320.0, 61.0, 1990-09-13 00:00:00, 0.0
0.0, 25.0, 0.0, 52.0, 1990-09-14 00:00:00, 0.0
0.0, 16.0, 0.0, 99.0, 1990-09-15 00:00:00, 0.7
0.0, 17.5, 0.0, 97.0, 1990-09-16 00:00:00, 0.0
0.0, 22.4, 0.0, 74.0, 1990-09-17 00:00:00, 0.0
0.0, 17.9, 0.0, 99.0, 1990-09-18 00:00:00, 0.7
2.0, 22.9, 230.0, 77.0, 1990-09-19 00:00:00, 0.0
1.0, 23.8, 270.0, 76.0, 1990-09-20 00:00:00, 0.0
1.0, 22.5, 320.0, 83.0, 1990-09-21 00:00:00, 0.0
0.0, 26.4, 0.0, 51.0, 1990-09-22 00:00:00, 0.0
0.0, 21.7, 0.0, 77.0, 1990-09-23 00:00:00, 0.0
0.0, 19.9, 320.0, 84.0, 1990-09-24 00:00:00, 0.0
1.0, 18.5, 0.0, 84.0, 1990-09-25 00:00:00, 0.0
0.0, 18.0, 0.0, 84.0, 1990-09-26 00:00:00, 0.0
1.0, 19.6, 50.0, 74.0, 1990-09-27 00:00:00, 0.0
0.0, 19.8, 0.0, 76.0, 1990-09-28 00:00:00, 0.0
1.0, 19.0, 50.0, 76.0, 1990-09-29 00:00:00, 0.0
0.0, 17.5, 0.0, 58.0, 1990-09-30 00:00:00, 0.0
9.0, 13.7, 90.0, 95.0, 1990-10-01 00:00:00, 1.2
0.0, 14.4, 270.0, 70.0, 1990-10-02 00:00:00, 0.0
0.0, 12.4, 320.0, 99.0, 1990-10-03 00:00:00, 11.9
0.0, 11.1, 0.0, 99.0, 1990-10-04 00:00:00, 16.0
2.0, 12.1, 50.0, 75.0, 1990-10-05 00:00:00, 0.5
0.0, 0.0, 0.0, 0.0, 1991-07-05 00:00:00, 0.0
2.0, 23.0, 230.0, 50.0, 1991-07-06 00:00:00, 0.0
5.0, 25.5, 180.0, 47.0, 1991-07-07 00:00:00, 0.0
1.0, 26.8, 230.0, 55.0, 1991-07-08 00:00:00, 0.0
2.0, 20.5, 180.0, 75.0, 1991-07-09 00:00:00, 0.0
1.0, 18.3, 230.0, 79.0, 1991-07-10 00:00:00, 0.0
1.0, 19.3, 230.0, 70.0, 1991-07-11 00:00:00, 0.0
2.0, 24.8, 180.0, 65.0, 1991-07-12 00:00:00, 1.0
9.0, 21.5, 320.0, 67.0, 1991-07-13 00:00:00, 2.5
2.0, 20.7, 230.0, 67.0, 1991-07-14 00:00:00, 0.0
0.0, 14.3, 0.0, 99.0, 1991-07-15 00:00:00, 13.2
2.0, 21.6, 320.0, 65.0, 1991-07-16 00:00:00, 0.2
1.0, 19.8, 320.0, 60.0, 1991-07-17 00:00:00, 0.0
1.0, 22.7, 180.0, 69.0, 1991-07-18 00:00:00, 0.0
1.0, 22.8, 230.0, 68.0, 1991-07-19 00:00:00, 0.0
0.0, 18.6, 180.0, 68.0, 1991-07-20 00:00:00, 0.0
2.0, 20.1, 180.0, 79.0, 1991-07-21 00:00:00, 3.0
1.0, 27.3, 320.0, 58.0, 1991-07-22 00:00:00, 0.0
1.0, 32.3, 0.0, 36.0, 1991-07-23 00:00:00, 0.0
0.0, 22.0, 0.0, 71.0, 1991-07-24 00:00:00, 0.0
10.0, 21.8, 0.0, 66.0, 1991-07-25 00:00:00, 12.9
1.0, 17.8, 180.0, 86.0, 1991-07-26 00:00:00, 0.2
0.0, 22.4, 180.0, 63.0, 1991-07-27 00:00:00, 0.0
0.0, 24.5, 0.0, 63.0, 1991-07-28 00:00:00, 0.1
1.0, 22.8, 230.0, 60.0, 1991-07-29 00:00:00, 0.2
0.0, 25.0, 0.0, 50.0, 1991-07-30 00:00:00, 0.0
0.0, 25.8, 0.0, 55.0, 1991-07-31 00:00:00, 0.0
0.0, 23.5, 0.0, 60.0, 1991-08-01 00:00:00, 0.0
3.0, 25.8, 180.0, 56.0, 1991-08-02 00:00:00, 0.0
4.0, 27.4, 180.0, 48.0, 1991-08-03 00:00:00, 0.0
0.0, 28.3, 0.0, 53.0, 1991-08-04 00:00:00, 0.0
0.0, 19.7, 0.0, 91.0, 1991-08-05 00:00:00, 1.2
0.0, 24.3, 0.0, 64.0, 1991-08-06 00:00:00, 0.0
0.0, 19.4, 0.0, 85.0, 1991-08-07 00:00:00, 0.0
0.0, 20.0, 0.0, 95.0, 1991-08-08 00:00:00, 4.3
0.0, 21.3, 0.0, 89.0, 1991-08-09 00:00:00, 9.3
0.0, 20.5, 0.0, 80.0, 1991-08-10 00:00:00, 14.2
4.0, 20.0, 180.0, 83.0, 1991-08-11 00:00:00, 0.0
0.0, 21.7, 0.0, 77.0, 1991-08-12 00:00:00, 0.0
0.0, 26.2, 0.0, 64.0, 1991-08-13 00:00:00, 0.0
7.0, 26.1, 180.0, 62.0, 1991-08-14 00:00:00, 0.0
0.0, 29.3, 0.0, 39.0, 1991-08-15 00:00:00, 0.0
0.0, 28.3, 0.0, 63.0, 1991-08-16 00:00:00, 0.0
1.0, 28.3, 180.0, 63.0, 1991-08-17 00:00:00, 0.0
2.0, 29.0, 180.0, 48.0, 1991-08-18 00:00:00, 0.0
2.0, 27.8, 230.0, 64.0, 1991-08-19 00:00:00, 0.0
11.0, 27.8, 230.0, 56.0, 1991-08-20 00:00:00, 0.0
1.0, 25.9, 230.0, 64.0, 1991-08-22 00:00:00, 0.0
0.0, 19.8, 0.0, 56.0, 1991-08-23 00:00:00, 0.0
5.0, 20.1, 180.0, 64.0, 1991-08-24 00:00:00, 0.0
6.0, 20.1, 230.0, 63.0, 1991-08-25 00:00:00, 0.0
0.0, 13.6, 0.0, 99.0, 1991-08-26 00:00:00, 3.8
4.0, 17.8, 320.0, 82.0, 1991-08-27 00:00:00, 1.6
23.0, 14.6, 320.0, 98.0, 1991-08-28 00:00:00, 6.6
0.0, 15.4, 0.0, 99.0, 1991-08-29 00:00:00, 14.9
0.0, 17.7, 0.0, 96.0, 1991-08-30 00:00:00, 61.7
0.0, 17.7, 0.0, 91.0, 1991-08-31 00:00:00, 3.5
0.0, 17.8, 0.0, 75.0, 1991-09-01 00:00:00, 0.0
1.0, 22.0, 230.0, 71.0, 1991-09-02 00:00:00, 0.0
2.0, 23.6, 180.0, 66.0, 1991-09-03 00:00:00, 0.0
0.0, 26.3, 0.0, 60.0, 1991-09-04 00:00:00, 0.0
0.0, 26.1, 0.0, 46.0, 1991-09-05 00:00:00, 0.0
0.0, 16.5, 0.0, 90.0, 1991-09-06 00:00:00, 0.5
0.0, 21.3, 0.0, 64.0, 1991-09-07 00:00:00, 0.0
0.0, 22.9, 0.0, 58.0, 1991-09-08 00:00:00, 0.0
0.0, 23.0, 0.0, 55.0, 1991-09-09 00:00:00, 0.0
0.0, 23.6, 0.0, 52.0, 1991-09-10 00:00:00, 0.0
0.0, 22.8, 0.0, 70.0, 1991-09-11 00:00:00, 0.0
11.0, 18.1, 0.0, 71.0, 1991-09-12 00:00:00, 0.0
0.0, 19.1, 0.0, 55.0, 1991-09-13 00:00:00, 1.2
0.0, 20.1, 0.0, 66.0, 1991-09-14 00:00:00, 0.0
0.0, 21.6, 0.0, 64.0, 1991-09-15 00:00:00, 0.0
0.0, 23.6, 0.0, 76.0, 1991-09-16 00:00:00, 0.0
0.0, 26.5, 0.0, 47.0, 1991-09-17 00:00:00, 0.0
0.0, 25.7, 0.0, 58.0, 1991-09-18 00:00:00, 0.0
0.0, 23.3, 0.0, 72.0, 1991-09-19 00:00:00, 0.2
0.0, 18.6, 0.0, 54.0, 1991-09-20 00:00:00, 0.0
0.0, 18.0, 0.0, 67.0, 1991-09-21 00:00:00, 0.0
0.0, 15.7, 0.0, 83.0, 1991-09-22 00:00:00, 0.0
0.0, 20.5, 0.0, 65.0, 1991-09-23 00:00:00, 0.0
2.0, 24.3, 270.0, 72.0, 1991-09-24 00:00:00, 0.0
0.0, 24.5, 0.0, 66.0, 1991-09-25 00:00:00, 0.0
0.0, 23.3, 0.0, 69.0, 1991-09-26 00:00:00, 0.0
0.0, 19.2, 0.0, 84.0, 1991-09-27 00:00:00, 0.0
0.0, 19.2, 0.0, 84.0, 1991-09-28 00:00:00, 0.0
0.0, 19.0, 0.0, 70.0, 1991-09-29 00:00:00, 0.0
0.0, 19.0, 0.0, 65.0, 1991-09-30 00:00:00, 0.0
0.0, 19.0, 0.0, 65.0, 1991-10-01 00:00:00, 0.0
0.0, 16.8, 0.0, 73.0, 1991-10-02 00:00:00, 0.0
0.0, 16.0, 0.0, 74.0, 1991-10-03 00:00:00, 0.0
0.0, 17.0, 0.0, 61.0, 1991-10-04 00:00:00, 0.0
0.0, 18.7, 0.0, 61.0, 1991-10-05 00:00:00, 0.0
0.0, 13.8, 0.0, 88.0, 1991-10-06 00:00:00, 0.0
0.0, 16.2, 0.0, 76.0, 1991-10-07 00:00:00, 0.0
0.0, 15.0, 0.0, 87.0, 1991-10-08 00:00:00, 0.0
0.0, 17.1, 0.0, 68.0, 1991-10-09 00:00:00, 0.0
0.0, 20.7, 0.0, 65.0, 1991-10-10 00:00:00, 0.0
0.0, 20.4, 0.0, 71.0, 1991-10-11 00:00:00, 0.0
0.0, 0.0, 0.0, 0.0, 1992-04-08 00:00:00, 0.0
6.0, 8.8, 90.0, 51.0, 1992-04-09 00:00:00, 0.0
9.0, 10.4, 270.0, 54.0, 1992-04-10 00:00:00, 0.0
15.0, 7.9, 90.0, 55.0, 1992-04-11 00:00:00, 0.0
4.0, 8.1, 50.0, 97.0, 1992-04-12 00:00:00, 8.9
12.0, 9.9, 0.0, 88.0, 1992-04-13 00:00:00, 1.3
13.0, 11.2, 140.0, 83.0, 1992-04-14 00:00:00, 9.4
25.0, 9.6, 0.0, 98.0, 1992-04-15 00:00:00, 3.8
52.0, 10.0, 0.0, 95.0, 1992-04-16 00:00:00, 27.9
10.0, 7.5, 0.0, 98.0, 1992-04-17 00:00:00, 13.0
11.0, 10.9, 0.0, 72.0, 1992-04-18 00:00:00, 0.8
5.0, 10.1, 0.0, 70.0, 1992-04-19 00:00:00, 0.0
17.0, 6.7, 0.0, 75.0, 1992-04-20 00:00:00, 2.8
5.0, 7.8, 0.0, 71.0, 1992-04-21 00:00:00, 1.0
13.0, 6.4, 0.0, 73.0, 1992-04-22 00:00:00, 11.2
11.0, 7.7, 0.0, 69.0, 1992-04-23 00:00:00, 0.3
25.0, 12.8, 0.0, 42.0, 1992-04-24 00:00:00, 0.0
10.0, 17.4, 0.0, 0.0, 1992-04-25 00:00:00, 0.0
1.0, 11.4, 0.0, 98.0, 1992-04-26 00:00:00, 18.5
13.0, 12.1, 0.0, 66.0, 1992-04-27 00:00:00, 21.6
1.0, 9.4, 0.0, 98.0, 1992-04-28 00:00:00, 8.1
54.0, 10.3, 0.0, 96.0, 1992-04-29 00:00:00, 42.9
7.0, 6.7, 0.0, 84.0, 1992-04-30 00:00:00, 7.9
15.0, 10.0, 0.0, 65.0, 1992-05-01 00:00:00, 1.0
14.0, 13.4, 0.0, 62.0, 1992-05-02 00:00:00, 0.0
5.0, 18.0, 0.0, 54.0, 1992-05-03 00:00:00, 0.0
20.0, 23.7, 0.0, 39.0, 1992-05-04 00:00:00, 0.0
1.0, 23.1, 0.0, 39.0, 1992-05-05 00:00:00, 0.0
1.0, 22.6, 0.0, 49.0, 1992-05-06 00:00:00, 0.0
3.0, 18.4, 0.0, 36.0, 1992-05-07 00:00:00, 0.0
18.0, 9.6, 0.0, 81.0, 1992-05-08 00:00:00, 0.0
40.0, 6.5, 0.0, 98.0, 1992-05-09 00:00:00, 2.8
14.0, 8.5, 0.0, 69.0, 1992-05-10 00:00:00, 1.8
5.0, 8.4, 0.0, 63.0, 1992-05-11 00:00:00, 0.2
10.0, 10.5, 0.0, 57.0, 1992-05-12 00:00:00, 1.0
10.0, 15.5, 0.0, 41.0, 1992-05-13 00:00:00, 0.0
14.0, 17.3, 0.0, 36.0, 1992-05-14 00:00:00, 0.0
20.0, 16.2, 0.0, 45.0, 1992-05-15 00:00:00, 0.2
12.0, 19.0, 0.0, 38.0, 1992-05-16 00:00:00, 0.0
16.0, 21.7, 0.0, 32.0, 1992-05-17 00:00:00, 0.0
12.0, 13.7, 270.0, 45.0, 1992-05-18 00:00:00, 0.0
24.0, 14.8, 270.0, 59.0, 1992-05-19 00:00:00, 0.0
23.0, 11.9, 230.0, 60.0, 1992-05-20 00:00:00, 0.0
11.0, 13.1, 0.0, 47.0, 1992-05-21 00:00:00, 0.0
6.0, 13.6, 50.0, 56.0, 1992-05-22 00:00:00, 0.0
7.0, 19.0, 0.0, 51.0, 1992-05-23 00:00:00, 0.0
14.0, 23.7, 50.0, 45.0, 1992-05-24 00:00:00, 0.0
17.0, 19.3, 270.0, 56.0, 1992-05-25 00:00:00, 0.0
20.0, 13.0, 270.0, 82.0, 1992-05-26 00:00:00, 1.2
13.0, 15.1, 230.0, 66.0, 1992-05-27 00:00:00, 0.0
0.0, 11.9, 230.0, 96.0, 1992-05-28 00:00:00, 4.8
7.0, 14.5, 50.0, 80.0, 1992-05-29 00:00:00, 0.0
7.0, 20.2, 180.0, 51.0, 1992-05-30 00:00:00, 0.0
9.0, 22.0, 0.0, 52.0, 1992-05-31 00:00:00, 0.0
16.0, 18.7, 230.0, 64.0, 1992-06-01 00:00:00, 0.0
5.0, 15.7, 0.0, 56.0, 1992-06-02 00:00:00, 0.0
10.0, 20.0, 230.0, 39.0, 1992-06-03 00:00:00, 0.0
4.0, 17.1, 0.0, 50.0, 1992-06-04 00:00:00, 0.0
10.0, 18.9, 50.0, 58.0, 1992-06-05 00:00:00, 0.0
13.0, 21.3, 270.0, 49.0, 1992-06-06 00:00:00, 0.0
16.0, 17.7, 270.0, 60.0, 1992-06-07 00:00:00, 0.0
8.0, 14.9, 270.0, 77.0, 1992-06-08 00:00:00, 0.0
16.0, 12.0, 180.0, 92.0, 1992-06-09 00:00:00, 1.0
8.0, 12.8, 50.0, 92.0, 1992-06-10 00:00:00, 3.3
12.0, 19.9, 270.0, 52.0, 1992-06-11 00:00:00, 1.0
0.0, 8.9, 270.0, 96.0, 1992-06-12 00:00:00, 8.3
0.0, 8.8, 270.0, 96.0, 1992-06-13 00:00:00, 7.6
4.0, 12.1, 140.0, 84.0, 1992-06-14 00:00:00, 5.1
5.0, 19.3, 140.0, 62.0, 1992-06-15 00:00:00, 0.0
10.0, 16.5, 270.0, 75.0, 1992-06-16 00:00:00, 0.0
6.0, 16.2, 90.0, 71.0, 1992-06-17 00:00:00, 0.0
9.0, 20.8, 0.0, 51.0, 1992-06-18 00:00:00, 0.0
13.0, 22.1, 270.0, 48.0, 1992-06-19 00:00:00, 0.0
9.0, 20.7, 270.0, 69.0, 1992-06-20 00:00:00, 0.0
11.0, 28.4, 270.0, 39.0, 1992-06-21 00:00:00, 0.0
5.0, 28.8, 50.0, 38.0, 1992-06-22 00:00:00, 0.0
6.0, 29.5, 0.0, 36.0, 1992-06-23 00:00:00, 0.0
12.0, 27.9, 0.0, 40.0, 1992-06-24 00:00:00, 0.0
9.0, 28.8, 180.0, 38.0, 1992-06-25 00:00:00, 0.0
11.0, 22.4, 270.0, 62.0, 1992-06-26 00:00:00, 0.0
10.0, 23.7, 50.0, 62.0, 1992-06-27 00:00:00, 0.0
10.0, 21.6, 90.0, 74.0, 1992-06-28 00:00:00, 3.6
9.0, 11.9, 230.0, 96.0, 1992-06-29 00:00:00, 18.5
2.0, 15.8, 90.0, 75.0, 1992-06-30 00:00:00, 3.8
10.0, 14.6, 270.0, 90.0, 1992-07-01 00:00:00, 0.0
15.0, 16.9, 270.0, 76.0, 1992-07-02 00:00:00, 0.0
2.0, 17.7, 270.0, 67.0, 1992-07-03 00:00:00, 0.0
4.0, 17.3, 0.0, 73.0, 1992-07-04 00:00:00, 0.0
0.0, 10.6, 270.0, 96.0, 1992-07-05 00:00:00, 14.5
0.0, 14.3, 270.0, 89.0, 1992-07-06 00:00:00, 1.3
10.0, 12.3, 270.0, 91.0, 1992-07-07 00:00:00, 0.0
4.0, 17.1, 270.0, 79.0, 1992-07-08 00:00:00, 0.0
5.0, 20.0, 50.0, 71.0, 1992-07-09 00:00:00, 0.0
2.0, 13.8, 180.0, 95.0, 1992-07-10 00:00:00, 9.4
3.0, 18.3, 90.0, 82.0, 1992-07-11 00:00:00, 3.1
18.0, 17.2, 230.0, 74.0, 1992-07-12 00:00:00, 0.0
23.0, 13.3, 270.0, 84.0, 1992-07-13 00:00:00, 0.0
0.0, 16.0, 270.0, 74.0, 1992-07-14 00:00:00, 0.0
9.0, 21.5, 50.0, 55.0, 1992-07-15 00:00:00, 0.0
9.0, 25.5, 50.0, 41.0, 1992-07-16 00:00:00, 0.0
9.0, 26.9, 50.0, 44.0, 1992-07-17 00:00:00, 0.0
11.0, 27.7, 0.0, 43.0, 1992-07-18 00:00:00, 0.0
8.0, 26.6, 0.0, 50.0, 1992-07-19 00:00:00, 0.0
5.0, 21.6, 320.0, 77.0, 1992-07-20 00:00:00, 3.5
9.0, 12.8, 270.0, 96.0, 1992-07-21 00:00:00, 19.3
4.0, 15.3, 230.0, 89.0, 1992-07-22 00:00:00, 0.8
12.0, 14.6, 270.0, 88.0, 1992-07-23 00:00:00, 0.0
1.0, 16.7, 140.0, 80.0, 1992-07-24 00:00:00, 0.0
6.0, 20.4, 140.0, 74.0, 1992-07-25 00:00:00, 0.0
6.0, 19.1, 0.0, 67.0, 1992-07-26 00:00:00, 0.0
6.0, 22.3, 140.0, 60.0, 1992-07-27 00:00:00, 0.0
11.0, 24.7, 270.0, 46.0, 1992-07-28 00:00:00, 0.0
8.0, 24.6, 50.0, 57.0, 1992-07-29 00:00:00, 0.0
8.0, 27.4, 50.0, 43.0, 1992-07-30 00:00:00, 0.0
6.0, 28.2, 50.0, 47.0, 1992-07-31 00:00:00, 0.0
14.0, 18.3, 270.0, 80.0, 1992-08-01 00:00:00, 0.0
9.0, 18.7, 0.0, 76.0, 1992-08-02 00:00:00, 0.0
5.0, 22.5, 90.0, 68.0, 1992-08-03 00:00:00, 0.0
10.0, 16.1, 230.0, 88.0, 1992-08-04 00:00:00, 0.0
6.0, 17.2, 270.0, 81.0, 1992-08-05 00:00:00, 0.0
19.0, 15.1, 230.0, 93.0, 1992-08-06 00:00:00, 11.2
18.0, 14.3, 230.0, 82.0, 1992-08-07 00:00:00, 1.5
15.0, 10.0, 180.0, 96.0, 1992-08-08 00:00:00, 6.4
13.0, 14.9, 90.0, 85.0, 1992-08-09 00:00:00, 13.2
9.0, 22.2, 50.0, 59.0, 1992-08-10 00:00:00, 0.0
13.0, 27.3, 50.0, 45.0, 1992-08-11 00:00:00, 0.0
6.0, 29.8, 50.0, 36.0, 1992-08-12 00:00:00, 0.0
9.0, 29.7, 270.0, 38.0, 1992-08-13 00:00:00, 0.0
5.0, 26.0, 270.0, 40.0, 1992-08-14 00:00:00, 0.0
8.0, 23.8, 50.0, 54.0, 1992-08-15 00:00:00, 0.0
7.0, 25.6, 0.0, 39.0, 1992-08-16 00:00:00, 0.0
10.0, 26.4, 0.0, 42.0, 1992-08-17 00:00:00, 0.0
10.0, 23.8, 50.0, 63.0, 1992-08-18 00:00:00, 0.0
4.0, 18.7, 0.0, 76.0, 1992-08-19 00:00:00, 0.0
11.0, 21.4, 50.0, 56.0, 1992-08-20 00:00:00, 0.0
3.0, 22.0, 180.0, 56.0, 1992-08-21 00:00:00, 0.0
10.0, 18.1, 320.0, 47.0, 1992-08-22 00:00:00, 0.8
8.0, 17.6, 0.0, 57.0, 1992-08-23 00:00:00, 0.0
8.0, 20.0, 50.0, 45.0, 1992-08-24 00:00:00, 0.0
11.0, 24.0, 270.0, 36.0, 1992-08-25 00:00:00, 0.0
5.0, 23.8, 230.0, 50.0, 1992-08-26 00:00:00, 0.0
9.0, 21.1, 50.0, 58.0, 1992-08-27 00:00:00, 0.0
9.0, 17.4, 0.0, 61.0, 1992-08-28 00:00:00, 0.0
7.0, 19.3, 270.0, 40.0, 1992-08-29 00:00:00, 0.0
6.0, 14.7, 230.0, 94.0, 1992-08-30 00:00:00, 5.6
3.0, 12.9, 90.0, 94.0, 1992-08-31 00:00:00, 8.8
10.0, 21.0, 270.0, 66.0, 1992-09-01 00:00:00, 0.0
8.0, 19.5, 0.0, 71.0, 1992-09-02 00:00:00, 0.0
17.0, 19.2, 270.0, 74.0, 1992-09-03 00:00:00, 0.0
24.0, 14.3, 230.0, 67.0, 1992-09-04 00:00:00, 0.0
4.0, 11.9, 270.0, 63.0, 1992-09-05 00:00:00, 0.0
9.0, 12.1, 270.0, 73.0, 1992-09-06 00:00:00, 4.1
18.0, 9.4, 230.0, 88.0, 1992-09-07 00:00:00, 0.0
8.0, 15.5, 180.0, 75.0, 1992-09-08 00:00:00, 15.2
4.0, 17.7, 140.0, 64.0, 1992-09-09 00:00:00, 0.0
11.0, 21.6, 230.0, 60.0, 1992-09-10 00:00:00, 0.0
10.0, 17.6, 270.0, 75.0, 1992-09-11 00:00:00, 0.0
16.0, 12.8, 230.0, 69.0, 1992-09-12 00:00:00, 0.0
19.0, 12.2, 270.0, 61.0, 1992-09-13 00:00:00, 0.0
9.0, 8.7, 90.0, 71.0, 1992-09-14 00:00:00, 0.0
9.0, 12.1, 90.0, 51.0, 1992-09-15 00:00:00, 0.0
17.0, 15.0, 270.0, 42.0, 1992-09-16 00:00:00, 0.0
11.0, 12.9, 140.0, 68.0, 1992-09-17 00:00:00, 0.0
10.0, 16.7, 270.0, 54.0, 1992-09-18 00:00:00, 0.0
17.0, 16.6, 270.0, 78.0, 1992-09-19 00:00:00, 0.0
15.0, 14.2, 270.0, 92.0, 1992-09-20 00:00:00, 0.8
9.0, 19.3, 50.0, 77.0, 1992-09-21 00:00:00, 0.8
7.0, 21.8, 90.0, 61.0, 1992-09-22 00:00:00, 0.3
17.0, 11.8, 180.0, 94.0, 1992-09-23 00:00:00, 11.9
17.0, 12.9, 230.0, 89.0, 1992-09-24 00:00:00, 27.7
12.0, 12.1, 270.0, 74.0, 1992-09-25 00:00:00, 0.0
21.0, 13.3, 270.0, 79.0, 1992-09-26 00:00:00, 8.4
8.0, 12.6, 50.0, 69.0, 1992-09-27 00:00:00, 0.0
8.0, 20.2, 180.0, 37.0, 1992-09-28 00:00:00, 0.0
6.0, 23.5, 180.0, 44.0, 1992-09-29 00:00:00, 0.0
8.0, 23.0, 50.0, 51.0, 1992-09-30 00:00:00, 0.0
12.0, 19.1, 180.0, 82.0, 1992-10-01 00:00:00, 0.0
6.0, 13.3, 270.0, 93.0, 1992-10-02 00:00:00, 0.0
21.0, 12.8, 230.0, 84.0, 1992-10-03 00:00:00, 0.0
5.0, 10.7, 140.0, 76.0, 1992-10-04 00:00:00, 0.0
7.0, 13.0, 0.0, 51.0, 1992-10-05 00:00:00, 0.3
7.0, 14.4, 50.0, 46.0, 1992-10-06 00:00:00, 0.0
2.0, 13.7, 50.0, 49.0, 1992-10-07 00:00:00, 0.0
15.0, 12.3, 230.0, 80.0, 1992-10-08 00:00:00, 0.5
7.0, 11.6, 270.0, 75.0, 1992-10-09 00:00:00, 0.0
13.0, 12.6, 230.0, 93.0, 1992-10-10 00:00:00, 0.5
10.0, 14.9, 270.0, 88.0, 1992-10-11 00:00:00, 0.3
15.0, 8.5, 270.0, 92.0, 1992-10-12 00:00:00, 0.5
1.0, 9.6, 230.0, 61.0, 1992-10-13 00:00:00, 8.9
11.0, 8.6, 270.0, 62.0, 1992-10-14 00:00:00, 0.3
15.0, 4.3, 90.0, 59.0, 1992-10-15 00:00:00, 0.0
1.0, 4.3, 140.0, 91.0, 1992-10-16 00:00:00, 0.3
3.0, 5.3, 90.0, 93.0, 1992-10-17 00:00:00, 1.3
0.0, 9.1, 0.0, 92.0, 1992-10-18 00:00:00, 24.4
0.0, 11.4, 0.0, 92.0, 1992-10-19 00:00:00, 7.1
0.0, 11.0, 0.0, 92.0, 1992-10-20 00:00:00, 30.7
0.0, 10.3, 0.0, 92.0, 1992-10-21 00:00:00, 3.8
0.0, 11.1, 0.0, 92.0, 1992-10-22 00:00:00, 32.3
15.0, 11.3, 180.0, 92.0, 1992-10-23 00:00:00, 28.4
16.0, 4.0, 90.0, 91.0, 1993-04-07 00:00:00, 1.0
20.0, 5.7, 270.0, 99.0, 1993-04-08 00:00:00, 22.3
19.0, 2.8, 230.0, 99.0, 1993-04-09 00:00:00, 22.1
4.0, 3.9, 50.0, 99.0, 1993-04-10 00:00:00, 10.6
11.0, 4.6, 270.0, 99.0, 1993-04-11 00:00:00, 1.5
11.0, 4.6, 230.0, 76.0, 1993-04-12 00:00:00, 0.2
3.0, 3.5, 50.0, 99.0, 1993-04-13 00:00:00, 2.5
19.0, 5.9, 90.0, 86.0, 1993-04-14 00:00:00, 2.2
19.0, 5.6, 230.0, 99.0, 1993-04-15 00:00:00, 4.3
11.0, 5.3, 90.0, 99.0, 1993-04-16 00:00:00, 3.3
22.0, 5.5, 90.0, 99.0, 1993-04-17 00:00:00, 14.7
22.0, 6.3, 230.0, 97.0, 1993-04-18 00:00:00, 8.1
9.0, 8.2, 50.0, 79.0, 1993-04-19 00:00:00, 0.3
13.0, 11.4, 90.0, 45.0, 1993-04-20 00:00:00, 0.0
26.0, 8.6, 180.0, 81.0, 1993-04-21 00:00:00, 5.8
5.0, 8.2, 180.0, 84.0, 1993-04-22 00:00:00, 5.3
16.0, 5.8, 90.0, 99.0, 1993-04-23 00:00:00, 4.6
21.0, 6.7, 230.0, 99.0, 1993-04-24 00:00:00, 2.5
33.0, 8.6, 180.0, 87.0, 1993-04-25 00:00:00, 18.5
19.0, 4.6, 230.0, 99.0, 1993-04-26 00:00:00, 41.4
16.0, 6.5, 270.0, 92.0, 1993-04-27 00:00:00, 13.2
11.0, 6.0, 180.0, 99.0, 1993-04-28 00:00:00, 5.8
16.0, 10.5, 230.0, 76.0, 1993-04-29 00:00:00, 8.1
7.0, 8.6, 270.0, 81.0, 1993-04-30 00:00:00, 0.0
23.0, 6.0, 230.0, 99.0, 1993-05-01 00:00:00, 6.3
8.0, 8.9, 180.0, 67.0, 1993-05-02 00:00:00, 7.6
6.0, 4.6, 0.0, 99.0, 1993-05-03 00:00:00, 9.4
15.0, 8.4, 270.0, 88.0, 1993-05-04 00:00:00, 1.0
0.0, 8.1, 0.0, 99.0, 1993-05-05 00:00:00, 2.5
27.0, 8.3, 230.0, 85.0, 1993-05-06 00:00:00, 15.5
4.0, 4.6, 230.0, 99.0, 1993-05-07 00:00:00, 5.8
24.0, 8.0, 230.0, 90.0, 1993-05-08 00:00:00, 1.5
11.0, 7.7, 90.0, 85.0, 1993-05-09 00:00:00, 0.0
20.0, 15.8, 50.0, 90.0, 1993-05-10 00:00:00, 7.4
6.0, 17.2, 50.0, 76.0, 1993-05-11 00:00:00, 0.8
18.0, 29.5, 50.0, 29.0, 1993-05-12 00:00:00, 0.0
19.0, 11.5, 270.0, 91.0, 1993-05-13 00:00:00, 0.0
11.0, 10.9, 230.0, 99.0, 1993-05-14 00:00:00, 1.0
5.0, 13.5, 140.0, 73.0, 1993-05-15 00:00:00, 0.0
11.0, 19.3, 180.0, 56.0, 1993-05-16 00:00:00, 0.0
11.0, 20.8, 50.0, 53.0, 1993-05-17 00:00:00, 0.0
3.0, 25.0, 50.0, 36.0, 1993-05-18 00:00:00, 0.0
11.0, 17.4, 270.0, 81.0, 1993-05-19 00:00:00, 0.8
15.0, 12.5, 50.0, 92.0, 1993-05-20 00:00:00, 18.3
21.0, 8.8, 180.0, 99.0, 1993-05-21 00:00:00, 12.2
14.0, 13.5, 270.0, 84.0, 1993-05-22 00:00:00, 4.8
26.0, 17.0, 50.0, 56.0, 1993-05-23 00:00:00, 0.0
26.0, 17.0, 50.0, 56.0, 1993-05-24 00:00:00, 0.0
6.0, 23.0, 50.0, 43.0, 1993-05-25 00:00:00, 0.0
10.0, 20.3, 50.0, 65.0, 1993-05-26 00:00:00, 0.0
6.0, 22.7, 50.0, 55.0, 1993-05-27 00:00:00, 0.0
4.0, 15.5, 320.0, 76.0, 1993-05-28 00:00:00, 1.5
9.0, 13.8, 140.0, 76.0, 1993-05-29 00:00:00, 6.1
18.0, 12.1, 140.0, 99.0, 1993-05-30 00:00:00, 6.3
16.0, 11.0, 230.0, 99.0, 1993-05-31 00:00:00, 15.2
2.0, 10.1, 320.0, 99.0, 1993-06-01 00:00:00, 5.3
8.0, 12.3, 270.0, 99.0, 1993-06-02 00:00:00, 11.4
15.0, 15.7, 230.0, 74.0, 1993-06-03 00:00:00, 3.3
8.0, 14.8, 50.0, 88.0, 1993-06-04 00:00:00, 5.1
13.0, 20.9, 90.0, 53.0, 1993-06-05 00:00:00, 0.0
12.0, 12.2, 230.0, 99.0, 1993-06-06 00:00:00, 0.0
18.0, 11.9, 230.0, 74.0, 1993-06-07 00:00:00, 1.3
3.0, 11.1, 140.0, 74.0, 1993-06-08 00:00:00, 0.0
24.0, 9.7, 230.0, 99.0, 1993-06-09 00:00:00, 28.2
14.0, 11.7, 270.0, 80.0, 1993-06-10 00:00:00, 10.2
14.0, 13.4, 270.0, 73.0, 1993-06-11 00:00:00, 0.8
9.0, 13.2, 270.0, 78.0, 1993-06-12 00:00:00, 0.8
9.0, 14.2, 50.0, 77.0, 1993-06-13 00:00:00, 0.0
4.0, 11.3, 90.0, 99.0, 1993-06-14 00:00:00, 6.1
12.0, 14.2, 270.0, 90.0, 1993-06-15 00:00:00, 6.1
6.0, 17.7, 270.0, 75.0, 1993-06-16 00:00:00, 0.0
4.0, 20.9, 320.0, 62.0, 1993-06-17 00:00:00, 0.0
9.0, 19.9, 270.0, 61.0, 1993-06-18 00:00:00, 0.0
4.0, 17.1, 50.0, 62.0, 1993-06-19 00:00:00, 0.0
6.0, 16.7, 50.0, 60.0, 1993-06-20 00:00:00, 0.0
20.0, 11.0, 230.0, 73.0, 1993-06-21 00:00:00, 0.0
17.0, 8.1, 270.0, 99.0, 1993-06-22 00:00:00, 1.5
16.0, 11.7, 270.0, 77.0, 1993-06-23 00:00:00, 0.0
0.0, 12.4, 0.0, 99.0, 1993-06-24 00:00:00, 0.5
5.0, 18.5, 50.0, 84.0, 1993-06-25 00:00:00, 1.3
16.0, 17.1, 230.0, 74.0, 1993-06-26 00:00:00, 0.0
18.0, 10.7, 230.0, 75.0, 1993-06-27 00:00:00, 0.0
19.0, 12.3, 230.0, 82.0, 1993-06-28 00:00:00, 0.0
6.0, 13.9, 270.0, 71.0, 1993-06-29 00:00:00, 0.8
18.0, 15.6, 230.0, 85.0, 1993-06-30 00:00:00, 1.3
14.0, 12.9, 230.0, 83.0, 1993-07-01 00:00:00, 0.0
4.0, 17.1, 270.0, 64.0, 1993-07-02 00:00:00, 0.0
14.0, 15.0, 270.0, 78.0, 1993-07-03 00:00:00, 0.0
10.0, 16.8, 230.0, 74.0, 1993-07-04 00:00:00, 0.0
11.0, 13.9, 270.0, 92.0, 1993-07-05 00:00:00, 0.0
9.0, 12.4, 50.0, 93.0, 1993-07-06 00:00:00, 0.0
3.0, 20.3, 50.0, 60.0, 1993-07-07 00:00:00, 0.0
9.0, 19.1, 0.0, 67.0, 1993-07-08 00:00:00, 0.0
4.0, 17.3, 50.0, 74.0, 1993-07-09 00:00:00, 0.0
14.0, 14.3, 270.0, 85.0, 1993-07-10 00:00:00, 0.0
7.0, 13.2, 270.0, 80.0, 1993-07-11 00:00:00, 0.0
5.0, 15.4, 230.0, 81.0, 1993-07-12 00:00:00, 1.3
2.0, 15.1, 50.0, 85.0, 1993-07-13 00:00:00, 0.0
7.0, 11.9, 270.0, 99.0, 1993-07-14 00:00:00, 4.8
15.0, 11.4, 270.0, 99.0, 1993-07-15 00:00:00, 1.5
1.0, 11.6, 50.0, 99.0, 1993-07-16 00:00:00, 2.3
7.0, 15.6, 230.0, 86.0, 1993-07-17 00:00:00, 8.9
10.0, 18.1, 90.0, 77.0, 1993-07-18 00:00:00, 3.3
2.0, 16.7, 140.0, 85.0, 1993-07-19 00:00:00, 0.3
18.0, 9.8, 230.0, 99.0, 1993-07-20 00:00:00, 18.3
10.0, 12.5, 270.0, 92.0, 1993-07-21 00:00:00, 0.0
17.0, 14.0, 230.0, 99.0, 1993-07-22 00:00:00, 3.3
6.0, 13.9, 270.0, 94.0, 1993-07-23 00:00:00, 2.8
7.0, 16.8, 180.0, 79.0, 1993-07-24 00:00:00, 0.0
7.0, 16.8, 180.0, 79.0, 1993-07-25 00:00:00, 0.0
7.0, 22.5, 270.0, 58.0, 1993-07-26 00:00:00, 0.0
2.0, 14.4, 230.0, 99.0, 1993-07-27 00:00:00, 1.5
20.0, 13.5, 270.0, 95.0, 1993-07-28 00:00:00, 4.6
21.0, 12.3, 230.0, 90.0, 1993-07-29 00:00:00, 0.5
11.0, 13.0, 140.0, 81.0, 1993-07-30 00:00:00, 4.1
6.0, 17.4, 50.0, 84.0, 1993-07-31 00:00:00, 0.0
5.0, 23.3, 90.0, 54.0, 1993-08-01 00:00:00, 0.0
11.0, 26.2, 50.0, 45.0, 1993-08-02 00:00:00, 0.0
17.0, 27.1, 90.0, 35.0, 1993-08-03 00:00:00, 0.0
6.0, 28.9, 90.0, 34.0, 1993-08-04 00:00:00, 0.0
7.0, 28.6, 50.0, 45.0, 1993-08-05 00:00:00, 0.0
7.0, 23.6, 180.0, 60.0, 1993-08-06 00:00:00, 0.0
6.0, 16.8, 140.0, 85.0, 1993-08-07 00:00:00, 0.0
12.0, 13.6, 230.0, 96.0, 1993-08-08 00:00:00, 0.0
8.0, 12.6, 270.0, 99.0, 1993-08-09 00:00:00, 4.3
7.0, 18.5, 270.0, 80.0, 1993-08-10 00:00:00, 9.4
9.0, 20.1, 180.0, 67.0, 1993-08-11 00:00:00, 1.8
10.0, 21.5, 270.0, 52.0, 1993-08-12 00:00:00, 0.3
6.0, 13.9, 270.0, 93.0, 1993-08-13 00:00:00, 0.0
7.0, 12.8, 50.0, 99.0, 1993-08-14 00:00:00, 3.3
0.0, 18.7, 0.0, 85.0, 1993-08-15 00:00:00, 1.3
7.0, 18.2, 180.0, 88.0, 1993-08-16 00:00:00, 0.0
6.0, 16.6, 50.0, 87.0, 1993-08-17 00:00:00, 0.0
5.0, 20.9, 50.0, 72.0, 1993-08-18 00:00:00, 0.0
4.0, 25.2, 50.0, 49.0, 1993-08-19 00:00:00, 0.0
15.0, 24.0, 230.0, 53.0, 1993-08-20 00:00:00, 0.0
9.0, 12.2, 230.0, 99.0, 1993-08-21 00:00:00, 2.3
8.0, 16.9, 50.0, 95.0, 1993-08-22 00:00:00, 2.5
26.0, 12.5, 230.0, 82.0, 1993-08-23 00:00:00, 15.5
13.0, 13.7, 270.0, 71.0, 1993-08-24 00:00:00, 0.0
5.0, 13.2, 0.0, 77.0, 1993-08-25 00:00:00, 4.3
5.0, 17.6, 270.0, 66.0, 1993-08-26 00:00:00, 0.0
12.0, 18.9, 270.0, 60.0, 1993-08-27 00:00:00, 0.0
6.0, 17.9, 90.0, 64.0, 1993-08-28 00:00:00, 0.0
9.0, 19.4, 90.0, 52.0, 1993-08-29 00:00:00, 0.0
11.0, 21.6, 50.0, 43.0, 1993-08-30 00:00:00, 0.0
9.0, 23.0, 270.0, 40.0, 1993-08-31 00:00:00, 0.0
4.0, 21.6, 140.0, 62.0, 1993-09-01 00:00:00, 0.0
11.0, 22.8, 0.0, 62.0, 1993-09-02 00:00:00, 0.0
2.0, 25.6, 140.0, 55.0, 1993-09-03 00:00:00, 0.0
7.0, 25.3, 230.0, 50.0, 1993-09-04 00:00:00, 0.0
0.0, 20.8, 0.0, 66.0, 1993-09-05 00:00:00, 0.0
8.0, 23.7, 0.0, 37.0, 1993-09-06 00:00:00, 0.0
7.0, 28.3, 230.0, 34.0, 1993-09-07 00:00:00, 0.0
9.0, 26.3, 90.0, 46.0, 1993-09-08 00:00:00, 0.0
4.0, 26.3, 140.0, 38.0, 1993-09-09 00:00:00, 0.0
14.0, 26.5, 270.0, 36.0, 1993-09-10 00:00:00, 0.0
20.0, 13.9, 230.0, 82.0, 1993-09-11 00:00:00, 0.0
10.0, 16.7, 90.0, 46.0, 1993-09-12 00:00:00, 0.0
3.0, 19.7, 230.0, 40.0, 1993-09-13 00:00:00, 0.0
5.0, 15.7, 180.0, 72.0, 1993-09-14 00:00:00, 1.0
2.0, 16.3, 50.0, 71.0, 1993-09-15 00:00:00, 0.0
10.0, 18.5, 90.0, 38.0, 1993-09-16 00:00:00, 0.0
6.0, 20.6, 270.0, 35.0, 1993-09-17 00:00:00, 0.0
7.0, 13.0, 50.0, 74.0, 1993-09-18 00:00:00, 0.0
15.0, 11.0, 230.0, 75.0, 1993-09-19 00:00:00, 0.0
7.0, 13.9, 270.0, 57.0, 1993-09-20 00:00:00, 1.5
4.0, 13.4, 50.0, 62.0, 1993-09-21 00:00:00, 0.0
6.0, 16.3, 50.0, 47.0, 1993-09-22 00:00:00, 0.0
8.0, 18.0, 0.0, 50.0, 1993-09-23 00:00:00, 0.0
0.0, 8.3, 0.0, 94.0, 1993-09-24 00:00:00, 1.0
6.0, 15.3, 50.0, 77.0, 1993-09-25 00:00:00, 0.8
5.0, 22.6, 50.0, 34.0, 1993-09-26 00:00:00, 0.0
10.0, 26.1, 230.0, 39.0, 1993-09-27 00:00:00, 0.0
6.0, 23.3, 0.0, 48.0, 1993-09-28 00:00:00, 0.0
11.0, 24.3, 270.0, 28.0, 1993-09-29 00:00:00, 0.0
8.0, 17.8, 0.0, 64.0, 1993-09-30 00:00:00, 0.0
2.0, 19.7, 50.0, 54.0, 1993-10-01 00:00:00, 0.0
12.0, 23.7, 90.0, 38.0, 1993-10-02 00:00:00, 0.0
1.0, 25.7, 140.0, 36.0, 1993-10-03 00:00:00, 0.0
7.0, 23.1, 270.0, 33.0, 1993-10-04 00:00:00, 0.0
12.0, 15.4, 270.0, 79.0, 1993-10-05 00:00:00, 0.0
17.0, 10.6, 270.0, 91.0, 1993-10-06 00:00:00, 0.8
4.0, 11.8, 90.0, 86.0, 1993-10-07 00:00:00, 3.6
11.0, 15.8, 90.0, 57.0, 1993-10-08 00:00:00, 0.0
17.0, 17.7, 90.0, 38.0, 1993-10-09 00:00:00, 0.0
3.0, 20.2, 140.0, 34.0, 1993-10-10 00:00:00, 0.0
2.0, 18.6, 90.0, 44.0, 1993-10-11 00:00:00, 0.0
0.0, 12.0, 0.0, 99.0, 1993-10-12 00:00:00, 1.8
8.0, 11.7, 270.0, 99.0, 1993-10-13 00:00:00, 12.7
8.0, 12.6, 270.0, 94.0, 1993-10-14 00:00:00, 0.3
5.0, 8.8, 90.0, 99.0, 1993-10-15 00:00:00, 0.5
1.0, 12.0, 230.0, 97.0, 1993-10-16 00:00:00, 0.0
7.0, 12.3, 270.0, 74.0, 1993-10-17 00:00:00, 0.0
26.0, 9.0, 270.0, 94.0, 1993-10-18 00:00:00, 0.0
7.0, 10.3, 50.0, 70.0, 1993-10-19 00:00:00, 3.3
6.0, 10.8, 0.0, 78.0, 1993-10-20 00:00:00, 0.0
5.0, 18.0, 50.0, 50.0, 1994-04-17 00:00:00, 0.0
8.0, 16.9, 140.0, 67.0, 1994-04-18 00:00:00, 0.0
11.0, 9.7, 270.0, 87.0, 1994-04-19 00:00:00, 4.6
4.0, 14.0, 90.0, 64.0, 1994-04-20 00:00:00, 0.0
25.0, 9.1, 270.0, 86.0, 1994-04-21 00:00:00, 0.5
10.0, 10.2, 180.0, 67.0, 1994-04-22 00:00:00, 0.5
13.0, 13.1, 180.0, 63.0, 1994-04-23 00:00:00, 0.0
16.0, 7.0, 270.0, 86.0, 1994-04-24 00:00:00, 5.1
7.0, 8.7, 320.0, 72.0, 1994-04-25 00:00:00, 2.3
6.0, 10.9, 140.0, 78.0, 1994-04-26 00:00:00, 0.0
6.0, 14.5, 320.0, 72.0, 1994-04-27 00:00:00, 1.8
10.0, 15.5, 0.0, 70.0, 1994-04-28 00:00:00, 0.3
28.0, 8.9, 270.0, 83.0, 1994-04-29 00:00:00, 0.0
16.0, 8.8, 270.0, 72.0, 1994-04-30 00:00:00, 2.3
10.0, 9.4, 140.0, 51.0, 1994-05-01 00:00:00, 0.0
12.0, 9.3, 270.0, 68.0, 1994-05-02 00:00:00, 3.0
14.0, 10.9, 140.0, 66.0, 1994-05-03 00:00:00, 0.8
6.0, 10.1, 90.0, 99.0, 1994-05-04 00:00:00, 16.8
9.0, 15.8, 50.0, 71.0, 1994-05-05 00:00:00, 13.5
3.0, 22.4, 90.0, 45.0, 1994-05-06 00:00:00, 0.0
14.0, 21.9, 50.0, 55.0, 1994-05-07 00:00:00, 0.0
8.0, 21.7, 180.0, 49.0, 1994-05-08 00:00:00, 0.0
12.0, 17.2, 270.0, 55.0, 1994-05-09 00:00:00, 0.0
5.0, 16.2, 270.0, 66.0, 1994-05-10 00:00:00, 0.0
17.0, 17.1, 270.0, 56.0, 1994-05-11 00:00:00, 0.0
9.0, 12.9, 270.0, 41.0, 1994-05-12 00:00:00, 0.0
11.0, 9.6, 230.0, 79.0, 1994-05-13 00:00:00, 1.5
3.0, 9.7, 140.0, 83.0, 1994-05-14 00:00:00, 0.0
4.0, 8.2, 140.0, 93.0, 1994-05-15 00:00:00, 3.6
9.0, 11.3, 50.0, 67.0, 1994-05-16 00:00:00, 0.0
7.0, 11.8, 180.0, 80.0, 1994-05-17 00:00:00, 1.3
12.0, 17.8, 90.0, 52.0, 1994-05-18 00:00:00, 0.3
15.0, 18.2, 180.0, 40.0, 1994-05-19 00:00:00, 0.0
17.0, 9.7, 270.0, 90.0, 1994-05-20 00:00:00, 0.0
6.0, 13.1, 230.0, 64.0, 1994-05-21 00:00:00, 0.0
9.0, 12.9, 0.0, 78.0, 1994-05-22 00:00:00, 0.0
12.0, 17.3, 320.0, 57.0, 1994-05-23 00:00:00, 0.0
9.0, 20.5, 180.0, 34.0, 1994-05-24 00:00:00, 0.0
19.0, 15.4, 270.0, 57.0, 1994-05-25 00:00:00, 0.0
17.0, 12.4, 270.0, 58.0, 1994-05-26 00:00:00, 0.0
21.0, 11.8, 270.0, 52.0, 1994-05-27 00:00:00, 0.0
19.0, 6.2, 180.0, 94.0, 1994-05-28 00:00:00, 5.3
14.0, 6.2, 270.0, 96.0, 1994-05-29 00:00:00, 31.0
15.0, 9.8, 90.0, 83.0, 1994-05-30 00:00:00, 3.3
21.0, 9.9, 270.0, 93.0, 1994-05-31 00:00:00, 0.0
7.0, 10.9, 270.0, 71.0, 1994-06-01 00:00:00, 1.3
9.0, 14.8, 140.0, 52.0, 1994-06-02 00:00:00, 0.0
4.0, 17.0, 180.0, 45.0, 1994-06-03 00:00:00, 0.0
21.0, 10.6, 270.0, 93.0, 1994-06-04 00:00:00, 1.0
11.0, 11.5, 140.0, 79.0, 1994-06-05 00:00:00, 0.0
14.0, 10.9, 270.0, 82.0, 1994-06-06 00:00:00, 2.8
12.0, 10.5, 270.0, 76.0, 1994-06-07 00:00:00, 0.0
3.0, 13.3, 50.0, 66.0, 1994-06-08 00:00:00, 0.0
6.0, 15.2, 140.0, 58.0, 1994-06-09 00:00:00, 0.0
11.0, 19.3, 270.0, 50.0, 1994-06-10 00:00:00, 0.0
7.0, 13.4, 180.0, 96.0, 1994-06-11 00:00:00, 2.3
11.0, 10.9, 230.0, 91.0, 1994-06-12 00:00:00, 2.5
18.0, 6.7, 230.0, 94.0, 1994-06-13 00:00:00, 27.7
16.0, 7.3, 230.0, 94.0, 1994-06-14 00:00:00, 13.5
11.0, 10.3, 140.0, 87.0, 1994-06-15 00:00:00, 0.3
6.0, 11.3, 140.0, 88.0, 1994-06-16 00:00:00, 1.5
2.0, 12.8, 320.0, 83.0, 1994-06-17 00:00:00, 4.3
18.0, 9.0, 270.0, 94.0, 1994-06-18 00:00:00, 7.9
12.0, 14.1, 90.0, 79.0, 1994-06-19 00:00:00, 0.0
7.0, 20.4, 90.0, 51.0, 1994-06-20 00:00:00, 0.0
7.0, 22.0, 180.0, 45.0, 1994-06-21 00:00:00, 0.0
10.0, 22.7, 0.0, 45.0, 1994-06-22 00:00:00, 0.0
10.0, 9.0, 270.0, 95.0, 1994-06-23 00:00:00, 0.5
7.0, 12.6, 270.0, 73.0, 1994-06-24 00:00:00, 0.0
6.0, 16.9, 320.0, 52.0, 1994-06-25 00:00:00, 0.0
21.0, 12.9, 270.0, 85.0, 1994-06-26 00:00:00, 0.0
7.0, 19.2, 140.0, 63.0, 1994-06-27 00:00:00, 0.0
8.0, 21.3, 270.0, 57.0, 1994-06-28 00:00:00, 0.0
13.0, 14.5, 320.0, 74.0, 1994-06-29 00:00:00, 0.0
16.0, 16.4, 320.0, 63.0, 1994-06-30 00:00:00, 0.0
23.0, 12.6, 270.0, 90.0, 1994-07-01 00:00:00, 10.9
20.0, 11.7, 270.0, 82.0, 1994-07-02 00:00:00, 0.0
16.0, 13.4, 270.0, 75.0, 1994-07-03 00:00:00, 0.0
8.0, 11.7, 270.0, 87.0, 1994-07-04 00:00:00, 0.0
8.0, 11.7, 270.0, 87.0, 1994-07-05 00:00:00, 0.0
14.0, 20.1, 50.0, 67.0, 1994-07-06 00:00:00, 0.3
14.0, 22.6, 270.0, 44.0, 1994-07-07 00:00:00, 0.0
8.0, 21.1, 270.0, 43.0, 1994-07-08 00:00:00, 0.0
13.0, 20.5, 50.0, 55.0, 1994-07-09 00:00:00, 0.0
18.0, 20.5, 50.0, 58.0, 1994-07-10 00:00:00, 0.0
7.0, 23.1, 270.0, 41.0, 1994-07-11 00:00:00, 0.0
12.0, 24.1, 50.0, 44.0, 1994-07-12 00:00:00, 0.0
11.0, 24.2, 0.0, 53.0, 1994-07-13 00:00:00, 0.0
11.0, 22.7, 180.0, 56.0, 1994-07-14 00:00:00, 0.0
9.0, 23.8, 320.0, 53.0, 1994-07-15 00:00:00, 0.0
11.0, 25.8, 270.0, 41.0, 1994-07-16 00:00:00, 0.0
19.0, 18.1, 270.0, 68.0, 1994-07-17 00:00:00, 0.0
6.0, 18.1, 90.0, 70.0, 1994-07-18 00:00:00, 0.3
8.0, 24.7, 50.0, 52.0, 1994-07-19 00:00:00, 0.0
11.0, 30.3, 0.0, 40.0, 1994-07-20 00:00:00, 0.0
14.0, 29.3, 0.0, 42.0, 1994-07-21 00:00:00, 0.0
12.0, 30.8, 0.0, 26.0, 1994-07-22 00:00:00, 0.0
16.0, 27.7, 270.0, 45.0, 1994-07-23 00:00:00, 0.0
8.0, 29.6, 50.0, 41.0, 1994-07-24 00:00:00, 0.0
8.0, 15.5, 320.0, 85.0, 1994-07-25 00:00:00, 0.0
7.0, 20.9, 90.0, 63.0, 1994-07-26 00:00:00, 0.0
7.0, 24.1, 180.0, 45.0, 1994-07-27 00:00:00, 0.0
12.0, 23.3, 270.0, 50.0, 1994-07-28 00:00:00, 0.0
17.0, 17.1, 270.0, 70.0, 1994-07-29 00:00:00, 0.0
12.0, 18.0, 270.0, 58.0, 1994-07-30 00:00:00, 0.0
7.0, 21.2, 180.0, 50.0, 1994-07-31 00:00:00, 0.0
9.0, 23.8, 230.0, 35.0, 1994-08-01 00:00:00, 0.0
9.0, 25.7, 50.0, 45.0, 1994-08-02 00:00:00, 0.0
7.0, 22.4, 230.0, 66.0, 1994-08-03 00:00:00, 0.3
21.0, 22.0, 230.0, 59.0, 1994-08-04 00:00:00, 0.5
12.0, 16.4, 270.0, 66.0, 1994-08-05 00:00:00, 0.5
7.0, 18.7, 0.0, 50.0, 1994-08-06 00:00:00, 0.0
3.0, 18.3, 90.0, 54.0, 1994-08-07 00:00:00, 0.3
15.0, 14.7, 270.0, 80.0, 1994-08-08 00:00:00, 3.6
5.0, 15.2, 230.0, 84.0, 1994-08-09 00:00:00, 6.9
11.0, 20.7, 50.0, 60.0, 1994-08-10 00:00:00, 0.0
6.0, 24.4, 0.0, 47.0, 1994-08-11 00:00:00, 0.0
8.0, 25.0, 180.0, 52.0, 1994-08-12 00:00:00, 0.0
9.0, 22.6, 90.0, 60.0, 1994-08-13 00:00:00, 0.0
11.0, 19.0, 270.0, 57.0, 1994-08-14 00:00:00, 0.0
9.0, 18.0, 180.0, 66.0, 1994-08-15 00:00:00, 0.0
7.0, 15.0, 230.0, 90.0, 1994-08-16 00:00:00, 0.3
2.0, 17.5, 230.0, 72.0, 1994-08-17 00:00:00, 0.0
9.0, 20.4, 140.0, 62.0, 1994-08-18 00:00:00, 0.0
13.0, 18.3, 230.0, 64.0, 1994-08-19 00:00:00, 0.0
9.0, 16.6, 320.0, 72.0, 1994-08-20 00:00:00, 0.0
6.0, 15.5, 270.0, 78.0, 1994-08-21 00:00:00, 0.0
12.0, 13.4, 270.0, 95.0, 1994-08-22 00:00:00, 1.3
11.0, 17.3, 230.0, 61.0, 1994-08-23 00:00:00, 0.0
7.0, 17.3, 180.0, 55.0, 1994-08-24 00:00:00, 0.0
2.0, 19.1, 230.0, 50.0, 1994-08-25 00:00:00, 0.0
5.0, 20.5, 140.0, 53.0, 1994-08-26 00:00:00, 0.0
17.0, 23.3, 140.0, 39.0, 1994-08-27 00:00:00, 0.0
11.0, 16.5, 270.0, 82.0, 1994-08-28 00:00:00, 1.0
4.0, 17.5, 180.0, 71.0, 1994-08-29 00:00:00, 0.0
8.0, 21.7, 0.0, 53.0, 1994-08-30 00:00:00, 0.0
12.0, 21.0, 270.0, 54.0, 1994-08-31 00:00:00, 0.0
13.0, 16.8, 320.0, 45.0, 1994-09-01 00:00:00, 0.3
8.0, 16.2, 230.0, 51.0, 1994-09-02 00:00:00, 0.0
8.0, 11.8, 270.0, 91.0, 1994-09-03 00:00:00, 14.5
5.0, 13.8, 320.0, 87.0, 1994-09-04 00:00:00, 1.5
10.0, 20.5, 180.0, 54.0, 1994-09-05 00:00:00, 0.0
18.0, 21.1, 270.0, 44.0, 1994-09-06 00:00:00, 0.0
20.0, 18.2, 230.0, 54.0, 1994-09-07 00:00:00, 0.0
19.0, 13.0, 230.0, 84.0, 1994-09-08 00:00:00, 14.2
4.0, 11.2, 180.0, 93.0, 1994-09-09 00:00:00, 17.5
1.0, 10.8, 140.0, 94.0, 1994-09-10 00:00:00, 8.4
5.0, 14.3, 90.0, 80.0, 1994-09-11 00:00:00, 1.0
8.0, 15.4, 320.0, 70.0, 1994-09-12 00:00:00, 0.0
12.0, 14.3, 270.0, 91.0, 1994-09-13 00:00:00, 0.0
12.0, 13.9, 230.0, 95.0, 1994-09-14 00:00:00, 6.3
9.0, 16.2, 230.0, 94.0, 1994-09-15 00:00:00, 5.8
9.0, 19.7, 90.0, 74.0, 1994-09-16 00:00:00, 0.0
11.0, 20.8, 270.0, 65.0, 1994-09-17 00:00:00, 0.0
7.0, 21.6, 320.0, 52.0, 1994-09-18 00:00:00, 0.0
8.0, 23.1, 270.0, 50.0, 1994-09-19 00:00:00, 0.0
11.0, 21.3, 50.0, 64.0, 1994-09-20 00:00:00, 0.0
13.0, 23.3, 50.0, 28.0, 1994-09-21 00:00:00, 0.0
9.0, 26.9, 180.0, 36.0, 1994-09-22 00:00:00, 0.0
6.0, 26.1, 180.0, 41.0, 1994-09-23 00:00:00, 0.0
5.0, 26.2, 140.0, 38.0, 1994-09-24 00:00:00, 0.0
10.0, 22.9, 320.0, 41.0, 1994-09-25 00:00:00, 0.0
8.0, 19.8, 320.0, 76.0, 1994-09-26 00:00:00, 0.0
6.0, 23.6, 180.0, 55.0, 1994-09-27 00:00:00, 0.0
9.0, 21.0, 180.0, 69.0, 1994-09-28 00:00:00, 0.0
10.0, 14.9, 230.0, 86.0, 1994-09-29 00:00:00, 0.0
11.0, 12.7, 180.0, 92.0, 1994-09-30 00:00:00, 0.3
10.0, 12.5, 230.0, 76.0, 1994-10-01 00:00:00, 9.4
11.0, 12.9, 50.0, 64.0, 1994-10-02 00:00:00, 0.3
12.0, 14.2, 90.0, 36.0, 1994-10-03 00:00:00, 0.0
12.0, 17.8, 180.0, 37.0, 1994-10-04 00:00:00, 0.0
9.0, 15.1, 180.0, 68.0, 1994-10-05 00:00:00, 1.0
6.0, 10.2, 320.0, 97.0, 1994-10-06 00:00:00, 0.3
6.0, 14.3, 50.0, 64.0, 1994-10-07 00:00:00, 0.3
3.0, 17.9, 180.0, 46.0, 1994-10-08 00:00:00, 0.0
5.0, 13.5, 320.0, 64.0, 1994-10-09 00:00:00, 0.0
4.0, 9.6, 180.0, 71.0, 1994-10-10 00:00:00, 0.0
4.0, 9.9, 140.0, 84.0, 1994-10-11 00:00:00, 0.0
7.0, 11.7, 180.0, 68.0, 1994-10-12 00:00:00, 0.0
7.0, 6.8, 180.0, 96.0, 1994-10-13 00:00:00, 0.3
10.0, 7.1, 270.0, 87.0, 1994-10-14 00:00:00, 19.6
6.0, 9.8, 50.0, 80.0, 1994-10-15 00:00:00, 0.3
6.0, 12.6, 270.0, 64.0, 1994-10-16 00:00:00, 0.3
9.0, 8.4, 0.0, 96.0, 1994-10-17 00:00:00, 3.6
2.0, 7.7, 270.0, 94.0, 1994-10-18 00:00:00, 0.0
10.0, 7.1, 230.0, 97.0, 1994-10-19 00:00:00, 3.0
31.0, 8.5, 230.0, 94.0, 1994-10-20 00:00:00, 26.4
