station_observations
wind_speed, temperature, wind_direction, relative_humidity, time, precipitation
0.0, 0.0, 0.0, 0.0, 1994-04-25 00:00:00, 0.0
1.0, 13.6, 230.0, 79.0, 1994-04-26 00:00:00, 0.0
6.0, 15.2, 90.0, 74.0, 1994-04-27 00:00:00, 0.2
7.0, 14.4, 230.0, 80.0, 1994-04-28 00:00:00, 0.0
5.0, 13.3, 230.0, 82.0, 1994-04-29 00:00:00, 0.0
4.0, 13.7, 90.0, 64.0, 1994-04-30 00:00:00, 2.0
8.0, 13.0, 140.0, 67.0, 1994-05-01 00:00:00, 0.0
3.0, 11.9, 90.0, 72.0, 1994-05-02 00:00:00, 5.8
4.0, 15.2, 50.0, 60.0, 1994-05-03 00:00:00, 0.0
4.0, 11.6, 90.0, 98.0, 1994-05-04 00:00:00, 6.6
10.0, 16.2, 90.0, 74.0, 1994-05-05 00:00:00, 0.8
8.0, 20.2, 90.0, 52.0, 1994-05-06 00:00:00, 0.0
3.0, 20.8, 90.0, 56.0, 1994-05-07 00:00:00, 0.0
4.0, 18.9, 230.0, 71.0, 1994-05-08 00:00:00, 0.0
8.0, 17.8, 270.0, 70.0, 1994-05-09 00:00:00, 0.0
0.0, 18.4, 0.0, 68.0, 1994-05-10 00:00:00, 0.0
6.0, 22.4, 230.0, 60.0, 1994-05-11 00:00:00, 0.0
4.0, 16.1, 140.0, 59.0, 1994-05-12 00:00:00, 0.0
8.0, 13.9, 230.0, 75.0, 1994-05-13 00:00:00, 3.0
4.0, 15.8, 270.0, 74.0, 1994-05-14 00:00:00, 0.0
0.0, 14.7, 270.0, 83.0, 1994-05-15 00:00:00, 0.7
10.0, 15.1, 140.0, 80.0, 1994-05-16 00:00:00, 0.2
6.0, 18.6, 270.0, 62.0, 1994-05-17 00:00:00, 0.0
4.0, 19.6, 270.0, 65.0, 1994-05-18 00:00:00, 0.0
1.0, 24.8, 230.0, 38.0, 1994-05-19 00:00:00, 0.0
11.0, 13.6, 140.0, 81.0, 1994-05-20 00:00:00, 0.0
12.0, 17.4, 140.0, 61.0, 1994-05-21 00:00:00, 0.0
2.0, 19.7, 230.0, 68.0, 1994-05-22 00:00:00, 0.0
2.0, 21.5, 270.0, 60.0, 1994-05-23 00:00:00, 0.0
3.0, 16.9, 270.0, 71.0, 1994-05-24 00:00:00, 0.0
9.0, 19.7, 140.0, 63.0, 1994-05-25 00:00:00, 0.0
6.0, 17.4, 90.0, 55.0, 1994-05-26 00:00:00, 0.0
10.0, 16.6, 140.0, 46.0, 1994-05-27 00:00:00, 0.0
11.0, 10.9, 90.0, 86.0, 1994-05-28 00:00:00, 0.7
11.0, 12.2, 180.0, 84.0, 1994-05-29 00:00:00, 3.8
3.0, 16.7, 270.0, 65.0, 1994-05-30 00:00:00, 0.0
2.0, 16.1, 230.0, 70.0, 1994-05-31 00:00:00, 0.0
3.0, 17.0, 230.0, 57.0, 1994-06-01 00:00:00, 2.0
3.0, 18.5, 90.0, 69.0, 1994-06-02 00:00:00, 0.0
4.0, 18.8, 270.0, 63.0, 1994-06-03 00:00:00, 0.0
10.0, 16.5, 140.0, 76.0, 1994-06-04 00:00:00, 1.2
3.0, 16.0, 50.0, 80.0, 1994-06-05 00:00:00, 0.0
7.0, 14.8, 230.0, 90.0, 1994-06-06 00:00:00, 2.7
10.0, 18.0, 180.0, 63.0, 1994-06-07 00:00:00, 0.0
5.0, 19.8, 230.0, 55.0, 1994-06-08 00:00:00, 0.2
9.0, 20.8, 230.0, 51.0, 1994-06-09 00:00:00, 0.0
0.0, 21.5, 0.0, 58.0, 1994-06-10 00:00:00, 0.0
6.0, 16.0, 140.0, 90.0, 1994-06-11 00:00:00, 1.7
0.0, 15.1, 0.0, 85.0, 1994-06-12 00:00:00, 0.7
11.0, 14.4, 180.0, 68.0, 1994-06-13 00:00:00, 6.3
8.0, 14.7, 180.0, 78.0, 1994-06-14 00:00:00, 6.8
6.0, 16.5, 230.0, 76.0, 1994-06-15 00:00:00, 0.0
6.0, 18.7, 230.0, 75.0, 1994-06-16 00:00:00, 0.0
9.0, 18.4, 90.0, 66.0, 1994-06-17 00:00:00, 0.0
0.0, 14.8, 230.0, 90.0, 1994-06-18 00:00:00, 12.6
8.0, 18.1, 90.0, 73.0, 1994-06-19 00:00:00, 0.7
4.0, 21.7, 90.0, 60.0, 1994-06-20 00:00:00, 0.0
3.0, 21.9, 230.0, 67.0, 1994-06-21 00:00:00, 0.0
9.0, 19.4, 50.0, 71.0, 1994-06-22 00:00:00, 0.0
5.0, 12.5, 140.0, 97.0, 1994-06-23 00:00:00, 0.2
7.0, 19.8, 230.0, 59.0, 1994-06-24 00:00:00, 0.2
5.0, 19.9, 90.0, 68.0, 1994-06-25 00:00:00, 0.0
1.0, 19.4, 50.0, 65.0, 1994-06-26 00:00:00, 0.0
3.0, 21.0, 270.0, 69.0, 1994-06-27 00:00:00, 0.0
0.0, 23.3, 270.0, 64.0, 1994-06-28 00:00:00, 0.0
3.0, 19.9, 140.0, 69.0, 1994-06-29 00:00:00, 0.0
14.0, 18.0, 140.0, 71.0, 1994-06-30 00:00:00, 0.0
7.0, 19.8, 270.0, 72.0, 1994-07-01 00:00:00, 5.0
7.0, 18.4, 140.0, 58.0, 1994-07-02 00:00:00, 0.0
10.0, 17.6, 140.0, 65.0, 1994-07-03 00:00:00, 0.0
2.0, 16.4, 180.0, 80.0, 1994-07-04 00:00:00, 0.0
5.0, 20.0, 50.0, 71.0, 1994-07-05 00:00:00, 4.5
6.0, 19.5, 230.0, 73.0, 1994-07-06 00:00:00, 0.0
9.0, 20.4, 270.0, 70.0, 1994-07-07 00:00:00, 0.0
7.0, 19.5, 90.0, 64.0, 1994-07-08 00:00:00, 0.0
12.0, 20.1, 90.0, 63.0, 1994-07-09 00:00:00, 0.0
9.0, 19.6, 90.0, 65.0, 1994-07-10 00:00:00, 0.0
12.0, 19.8, 90.0, 61.0, 1994-07-11 00:00:00, 0.0
6.0, 21.6, 90.0, 62.0, 1994-07-12 00:00:00, 0.0
7.0, 22.8, 90.0, 57.0, 1994-07-13 00:00:00, 0.0
2.0, 22.8, 270.0, 59.0, 1994-07-14 00:00:00, 0.0
2.0, 22.6, 90.0, 67.0, 1994-07-15 00:00:00, 0.0
6.0, 22.5, 90.0, 69.0, 1994-07-16 00:00:00, 0.0
4.0, 22.0, 180.0, 65.0, 1994-07-17 00:00:00, 0.0
6.0, 21.5, 50.0, 69.0, 1994-07-18 00:00:00, 4.8
3.0, 26.3, 90.0, 60.0, 1994-07-19 00:00:00, 0.0
10.0, 26.3, 50.0, 55.0, 1994-07-20 00:00:00, 0.0
4.0, 27.2, 50.0, 58.0, 1994-07-21 00:00:00, 0.0
7.0, 27.6, 90.0, 50.0, 1994-07-22 00:00:00, 0.0
3.0, 24.0, 270.0, 63.0, 1994-07-23 00:00:00, 0.0
4.0, 25.4, 50.0, 68.0, 1994-07-24 00:00:00, 0.0
6.0, 22.2, 140.0, 64.0, 1994-07-25 00:00:00, 0.0
1.0, 24.0, 270.0, 63.0, 1994-07-26 00:00:00, 0.0
2.0, 25.4, 270.0, 61.0, 1994-07-27 00:00:00, 0.0
17.0, 19.8, 140.0, 72.0, 1994-07-28 00:00:00, 0.0
12.0, 22.3, 140.0, 66.0, 1994-07-29 00:00:00, 0.0
7.0, 23.3, 270.0, 57.0, 1994-07-30 00:00:00, 0.0
2.0, 23.1, 50.0, 57.0, 1994-07-31 00:00:00, 0.0
6.0, 21.2, 270.0, 65.0, 1994-08-01 00:00:00, 0.0
4.0, 22.9, 270.0, 65.0, 1994-08-02 00:00:00, 0.0
3.0, 21.5, 270.0, 77.0, 1994-08-03 00:00:00, 1.0
4.0, 22.6, 140.0, 71.0, 1994-08-04 00:00:00, 0.0
6.0, 24.4, 230.0, 45.0, 1994-08-05 00:00:00, 0.0
7.0, 21.2, 50.0, 63.0, 1994-08-06 00:00:00, 0.0
0.0, 20.0, 0.0, 73.0, 1994-08-07 00:00:00, 0.0
8.0, 19.0, 140.0, 77.0, 1994-08-08 00:00:00, 3.5
4.0, 21.3, 140.0, 67.0, 1994-08-09 00:00:00, 0.0
2.0, 24.7, 230.0, 56.0, 1994-08-10 00:00:00, 0.0
5.0, 23.3, 90.0, 62.0, 1994-08-11 00:00:00, 0.0
6.0, 22.1, 270.0, 69.0, 1994-08-12 00:00:00, 0.0
8.0, 21.1, 270.0, 71.0, 1994-08-13 00:00:00, 0.0
3.0, 22.5, 230.0, 67.0, 1994-08-14 00:00:00, 0.0
7.0, 23.4, 230.0, 61.0, 1994-08-15 00:00:00, 0.0
10.0, 17.5, 230.0, 80.0, 1994-08-16 00:00:00, 0.0
5.0, 22.6, 90.0, 71.0, 1994-08-17 00:00:00, 0.0
5.0, 22.4, 270.0, 70.0, 1994-08-18 00:00:00, 0.0
6.0, 22.2, 230.0, 68.0, 1994-08-19 00:00:00, 0.0
7.0, 22.7, 230.0, 60.0, 1994-08-20 00:00:00, 0.0
6.0, 23.2, 180.0, 58.0, 1994-08-21 00:00:00, 0.2
10.0, 17.5, 180.0, 86.0, 1994-08-22 00:00:00, 0.0
4.0, 22.6, 180.0, 52.0, 1994-08-23 00:00:00, 0.0
9.0, 19.5, 90.0, 68.0, 1994-08-24 00:00:00, 0.0
5.0, 21.8, 270.0, 65.0, 1994-08-25 00:00:00, 0.0
7.0, 21.0, 90.0, 67.0, 1994-08-26 00:00:00, 0.0
1.0, 24.5, 320.0, 56.0, 1994-08-27 00:00:00, 0.0
1.0, 20.5, 270.0, 72.0, 1994-08-28 00:00:00, 2.5
1.0, 23.1, 230.0, 64.0, 1994-08-29 00:00:00, 0.2
2.0, 22.2, 320.0, 72.0, 1994-08-30 00:00:00, 0.0
10.0, 19.3, 90.0, 77.0, 1994-08-31 00:00:00, 0.0
4.0, 20.6, 230.0, 66.0, 1994-09-01 00:00:00, 0.0
8.0, 18.7, 230.0, 62.0, 1994-09-02 00:00:00, 0.0
4.0, 15.9, 230.0, 97.0, 1994-09-03 00:00:00, 8.6
5.0, 19.4, 180.0, 73.0, 1994-09-04 00:00:00, 0.0
0.0, 21.3, 0.0, 66.0, 1994-09-05 00:00:00, 0.0
11.0, 22.6, 140.0, 56.0, 1994-09-06 00:00:00, 0.0
1.0, 18.6, 180.0, 79.0, 1994-09-07 00:00:00, 0.0
12.0, 18.0, 140.0, 86.0, 1994-09-08 00:00:00, 4.8
4.0, 15.6, 270.0, 92.0, 1994-09-09 00:00:00, 10.0
5.0, 16.7, 90.0, 84.0, 1994-09-10 00:00:00, 10.6
3.0, 18.0, 320.0, 76.0, 1994-09-11 00:00:00, 0.2
7.0, 17.4, 90.0, 77.0, 1994-09-12 00:00:00, 0.0
11.0, 16.9, 140.0, 83.0, 1994-09-13 00:00:00, 0.0
4.0, 17.5, 320.0, 88.0, 1994-09-14 00:00:00, 0.5
1.0, 16.9, 230.0, 97.0, 1994-09-15 00:00:00, 1.7
4.0, 19.7, 90.0, 84.0, 1994-09-16 00:00:00, 0.0
7.0, 20.7, 90.0, 79.0, 1994-09-17 00:00:00, 0.0
1.0, 20.8, 90.0, 80.0, 1994-09-18 00:00:00, 0.0
8.0, 19.6, 90.0, 80.0, 1994-09-19 00:00:00, 0.0
4.0, 23.1, 230.0, 67.0, 1994-09-20 00:00:00, 0.0
1.0, 24.0, 140.0, 62.0, 1994-09-21 00:00:00, 0.0
8.0, 22.2, 90.0, 63.0, 1994-09-22 00:00:00, 0.0
9.0, 22.9, 270.0, 66.0, 1994-09-23 00:00:00, 0.0
3.0, 22.6, 90.0, 66.0, 1994-09-24 00:00:00, 0.0
3.0, 19.3, 90.0, 80.0, 1994-09-25 00:00:00, 0.0
7.0, 18.6, 50.0, 63.0, 1994-09-26 00:00:00, 0.0
9.0, 19.2, 90.0, 63.0, 1994-09-27 00:00:00, 0.0
10.0, 18.2, 90.0, 76.0, 1994-09-28 00:00:00, 0.0
10.0, 20.0, 140.0, 74.0, 1994-09-29 00:00:00, 0.0
3.0, 20.3, 180.0, 72.0, 1994-09-30 00:00:00, 0.0
7.0, 18.1, 270.0, 64.0, 1994-10-01 00:00:00, 2.2
3.0, 18.3, 270.0, 61.0, 1994-10-02 00:00:00, 0.0
4.0, 17.8, 270.0, 59.0, 1994-10-03 00:00:00, 0.0
8.0, 17.1, 90.0, 69.0, 1994-10-04 00:00:00, 0.0
4.0, 15.2, 270.0, 79.0, 1994-10-05 00:00:00, 0.2
3.0, 13.0, 270.0, 82.0, 1994-10-06 00:00:00, 0.0
2.0, 15.9, 270.0, 75.0, 1994-10-07 00:00:00, 0.0
8.0, 15.6, 50.0, 85.0, 1994-10-08 00:00:00, 0.0
4.0, 15.3, 270.0, 81.0, 1994-10-09 00:00:00, 0.0
0.0, 13.2, 270.0, 77.0, 1994-10-10 00:00:00, 0.0
1.0, 12.8, 270.0, 87.0, 1994-10-11 00:00:00, 0.2
6.0, 13.9, 90.0, 78.0, 1994-10-12 00:00:00, 0.2
4.0, 9.9, 140.0, 96.0, 1994-10-13 00:00:00, 0.0
2.0, 11.8, 50.0, 74.0, 1994-10-14 00:00:00, 13.5
