station_observations
wind_speed, temperature, wind_direction, relative_humidity, time, precipitation
5.0, 27.0, 140.0, 45.0, 1990-07-10 00:00:00, 0.0
7.0, 30.2, 140.0, 42.0, 1990-07-11 00:00:00, 0.0
13.0, 29.3, 140.0, 55.0, 1990-07-12 00:00:00, 0.0
11.0, 23.8, 140.0, 70.0, 1990-07-13 00:00:00, 0.0
10.0, 26.7, 140.0, 59.0, 1990-07-14 00:00:00, 0.0
9.0, 35.9, 140.0, 61.0, 1990-07-15 00:00:00, 0.0
16.0, 20.1, 140.0, 70.0, 1990-07-16 00:00:00, 0.0
15.0, 24.5, 140.0, 55.0, 1990-07-17 00:00:00, 0.0
13.0, 23.6, 140.0, 59.0, 1990-07-18 00:00:00, 0.0
11.0, 28.3, 140.0, 42.0, 1990-07-19 00:00:00, 0.0
14.0, 30.9, 320.0, 28.0, 1990-07-20 00:00:00, 0.0
14.0, 30.5, 140.0, 33.0, 1990-07-21 00:00:00, 0.0
6.0, 30.0, 140.0, 36.0, 1990-07-22 00:00:00, 0.0
19.0, 20.5, 140.0, 67.0, 1990-07-23 00:00:00, 0.0
1.0, 14.8, 180.0, 91.0, 1990-07-24 00:00:00, 0.0
9.0, 17.4, 140.0, 86.0, 1990-07-25 00:00:00, 0.2
9.0, 15.3, 140.0, 94.0, 1990-07-26 00:00:00, 0.5
5.0, 20.0, 140.0, 79.0, 1990-07-27 00:00:00, 0.2
8.0, 27.1, 140.0, 59.0, 1990-07-28 00:00:00, 0.2
8.0, 30.1, 140.0, 49.0, 1990-07-29 00:00:00, 0.0
9.0, 30.7, 140.0, 44.0, 1990-07-30 00:00:00, 0.0
10.0, 21.8, 140.0, 77.0, 1990-07-31 00:00:00, 0.0
8.0, 15.9, 140.0, 92.0, 1990-08-01 00:00:00, 0.0
10.0, 19.9, 140.0, 72.0, 1990-08-02 00:00:00, 0.0
8.0, 25.6, 140.0, 59.0, 1990-08-03 00:00:00, 0.0
7.0, 29.2, 140.0, 53.0, 1990-08-04 00:00:00, 0.0
12.0, 30.6, 140.0, 40.0, 1990-08-05 00:00:00, 0.0
14.0, 21.4, 140.0, 61.0, 1990-08-06 00:00:00, 0.0
6.0, 25.5, 140.0, 55.0, 1990-08-07 00:00:00, 0.0
9.0, 26.3, 140.0, 52.0, 1990-08-08 00:00:00, 0.0
10.0, 29.2, 140.0, 46.0, 1990-08-09 00:00:00, 0.0
4.0, 29.0, 90.0, 55.0, 1990-08-10 00:00:00, 0.0
2.0, 24.9, 90.0, 71.0, 1990-08-11 00:00:00, 1.0
14.0, 32.0, 140.0, 40.0, 1990-08-12 00:00:00, 0.0
15.0, 22.4, 140.0, 70.0, 1990-08-13 00:00:00, 0.0
15.0, 23.8, 140.0, 56.0, 1990-08-14 00:00:00, 0.0
11.0, 20.8, 140.0, 68.0, 1990-08-15 00:00:00, 0.0
3.0, 16.6, 320.0, 96.0, 1990-08-16 00:00:00, 5.0
2.0, 21.0, 140.0, 70.0, 1990-08-17 00:00:00, 0.2
11.0, 16.8, 140.0, 91.0, 1990-08-18 00:00:00, 0.0
8.0, 21.3, 140.0, 80.0, 1990-08-19 00:00:00, 4.5
12.0, 23.3, 140.0, 75.0, 1990-08-20 00:00:00, 0.0
8.0, 17.0, 140.0, 94.0, 1990-08-21 00:00:00, 0.2
8.0, 15.0, 140.0, 96.0, 1990-08-22 00:00:00, 6.3
8.0, 15.0, 140.0, 80.0, 1990-08-23 00:00:00, 0.0
1.0, 15.6, 140.0, 80.0, 1990-08-24 00:00:00, 0.0
3.0, 13.7, 320.0, 93.0, 1990-08-25 00:00:00, 5.3
10.0, 21.3, 140.0, 57.0, 1990-08-26 00:00:00, 0.5
10.0, 23.5, 140.0, 48.0, 1990-08-27 00:00:00, 0.0
11.0, 25.1, 140.0, 38.0, 1990-08-28 00:00:00, 0.0
0.0, 14.2, 0.0, 96.0, 1990-08-29 00:00:00, 3.5
9.0, 14.3, 140.0, 97.0, 1990-08-30 00:00:00, 9.6
7.0, 10.0, 140.0, 97.0, 1990-08-31 00:00:00, 45.7
1.0, 14.0, 140.0, 93.0, 1990-09-01 00:00:00, 4.5
2.0, 17.5, 140.0, 76.0, 1990-09-02 00:00:00, 0.2
11.0, 25.0, 320.0, 39.0, 1990-09-03 00:00:00, 0.0
3.0, 28.2, 140.0, 32.0, 1990-09-04 00:00:00, 0.0
4.0, 25.4, 140.0, 43.0, 1990-09-05 00:00:00, 0.0
4.0, 25.6, 90.0, 44.0, 1990-09-06 00:00:00, 0.0
4.0, 24.3, 90.0, 48.0, 1990-09-07 00:00:00, 0.0
9.0, 18.6, 90.0, 87.0, 1990-09-08 00:00:00, 0.0
1.0, 17.0, 140.0, 90.0, 1990-09-09 00:00:00, 0.2
7.0, 22.9, 140.0, 66.0, 1990-09-10 00:00:00, 0.0
10.0, 21.4, 140.0, 73.0, 1990-09-11 00:00:00, 0.0
3.0, 14.7, 140.0, 94.0, 1990-09-12 00:00:00, 0.2
8.0, 22.9, 140.0, 64.0, 1990-09-13 00:00:00, 0.0
3.0, 24.5, 140.0, 46.0, 1990-09-14 00:00:00, 0.0
3.0, 17.9, 140.0, 82.0, 1990-09-15 00:00:00, 0.0
10.0, 12.7, 140.0, 98.0, 1990-09-16 00:00:00, 22.0
8.0, 18.9, 140.0, 78.0, 1990-09-17 00:00:00, 4.3
7.0, 21.0, 140.0, 67.0, 1990-09-18 00:00:00, 0.2
8.0, 21.3, 140.0, 80.0, 1990-09-19 00:00:00, 4.5
6.0, 20.1, 140.0, 65.0, 1990-09-20 00:00:00, 0.0
11.0, 24.2, 140.0, 55.0, 1990-09-21 00:00:00, 0.0
4.0, 28.5, 140.0, 43.0, 1990-09-22 00:00:00, 0.0
8.0, 23.8, 140.0, 64.0, 1990-09-23 00:00:00, 0.0
7.0, 20.5, 140.0, 77.0, 1990-09-24 00:00:00, 0.0
5.0, 14.4, 140.0, 99.0, 1990-09-25 00:00:00, 1.2
11.0, 20.1, 140.0, 74.0, 1990-09-26 00:00:00, 0.0
5.0, 20.9, 140.0, 69.0, 1990-09-27 00:00:00, 0.0
0.0, 20.5, 140.0, 60.0, 1990-09-28 00:00:00, 0.0
3.0, 17.9, 140.0, 82.0, 1990-09-29 00:00:00, 2.0
4.0, 15.5, 140.0, 58.0, 1990-09-30 00:00:00, 0.0
8.0, 11.6, 140.0, 96.0, 1990-10-01 00:00:00, 8.8
6.0, 10.0, 140.0, 93.0, 1990-10-02 00:00:00, 1.5
6.0, 7.8, 320.0, 98.0, 1990-10-03 00:00:00, 12.1
10.0, 9.3, 140.0, 98.0, 1990-10-04 00:00:00, 78.2
4.0, 9.0, 140.0, 88.0, 1990-10-05 00:00:00, 12.6
8.0, 9.8, 140.0, 82.0, 1990-10-06 00:00:00, 0.2
0.0, 8.1, 140.0, 90.0, 1990-10-07 00:00:00, 0.0
0.0, 9.6, 0.0, 89.0, 1990-10-08 00:00:00, 0.0
9.0, 8.2, 140.0, 98.0, 1990-10-09 00:00:00, 16.0
9.0, 11.3, 140.0, 82.0, 1990-10-10 00:00:00, 17.2
0.0, 6.7, 0.0, 97.0, 1990-10-11 00:00:00, 0.0
1.0, 8.3, 140.0, 98.0, 1990-10-12 00:00:00, 25.3
5.0, 9.1, 140.0, 87.0, 1990-10-13 00:00:00, 4.5
