station_observations
wind_speed, temperature, wind_direction, relative_humidity, time, precipitation
0.0, 0.0, 0.0, 0.0, 1989-06-25 00:00:00, 0.0
0.0, 10.0, 0.0, 10.0, 1989-06-26 00:00:00, 3.7
0.0, 14.0, 0.0, 70.0, 1989-06-27 00:00:00, 2.7
0.0, 15.0, 0.0, 90.0, 1989-06-28 00:00:00, 0.0
0.0, 17.0, 0.0, 72.0, 1989-06-29 00:00:00, 0.0
0.0, 15.0, 0.0, 80.0, 1989-06-30 00:00:00, 0.0
0.0, 0.0, 0.0, 0.0, 1992-05-31 00:00:00, 0.0
0.0, 12.0, 0.0, 99.0, 1992-06-01 00:00:00, 3.5
0.0, 13.0, 0.0, 69.0, 1992-06-02 00:00:00, 2.0
0.0, 12.0, 0.0, 78.0, 1992-06-03 00:00:00, 0.5
0.0, 13.0, 0.0, 89.0, 1992-06-04 00:00:00, 0.2
0.0, 15.0, 0.0, 85.0, 1992-06-05 00:00:00, 0.2
0.0, 14.0, 0.0, 85.0, 1992-06-06 00:00:00, 0.0
0.0, 11.0, 0.0, 89.0, 1992-06-07 00:00:00, 4.0
0.0, 13.0, 0.0, 79.0, 1992-06-08 00:00:00, 2.5
0.0, 11.0, 0.0, 89.0, 1992-06-09 00:00:00, 0.3
0.0, 14.0, 0.0, 80.0, 1992-06-10 00:00:00, 2.0
0.0, 14.0, 0.0, 80.0, 1992-06-11 00:00:00, 1.0
0.0, 11.0, 0.0, 99.0, 1992-06-12 00:00:00, 2.0
0.0, 13.0, 0.0, 99.0, 1992-06-13 00:00:00, 1.0
0.0, 12.0, 0.0, 99.0, 1992-06-14 00:00:00, 3.0
0.0, 12.0, 0.0, 99.0, 1992-06-15 00:00:00, 2.0
0.0, 11.0, 0.0, 89.0, 1992-06-16 00:00:00, 1.0
0.0, 12.0, 0.0, 99.0, 1992-06-17 00:00:00, 4.0
0.0, 14.0, 0.0, 80.0, 1992-06-18 00:00:00, 0.0
0.0, 13.0, 0.0, 79.0, 1992-06-19 00:00:00, 2.0
0.0, 15.0, 0.0, 80.0, 1992-06-20 00:00:00, 2.0
0.0, 17.0, 0.0, 99.0, 1992-06-21 00:00:00, 0.0
0.0, 15.0, 0.0, 95.0, 1992-06-22 00:00:00, 2.0
0.0, 20.0, 0.0, 99.0, 1992-06-23 00:00:00, 0.0
0.0, 16.0, 0.0, 95.0, 1992-06-24 00:00:00, 0.0
0.0, 20.0, 0.0, 91.0, 1992-06-25 00:00:00, 0.0
30.0, 24.0, 270.0, 92.0, 1992-06-26 00:00:00, 0.0
10.0, 23.0, 270.0, 72.0, 1992-06-27 00:00:00, 0.0
5.0, 21.0, 270.0, 91.0, 1992-06-28 00:00:00, 0.0
20.0, 22.0, 270.0, 92.0, 1992-06-29 00:00:00, 0.0
20.0, 24.0, 270.0, 84.0, 1992-06-30 00:00:00, 0.0
20.0, 24.0, 320.0, 84.0, 1992-07-01 00:00:00, 0.0
20.0, 19.0, 320.0, 91.0, 1992-07-02 00:00:00, 0.0
10.0, 20.0, 320.0, 99.0, 1992-07-03 00:00:00, 0.6
5.0, 23.0, 0.0, 92.0, 1992-07-04 00:00:00, 2.8
20.0, 22.0, 270.0, 99.0, 1992-07-05 00:00:00, 0.0
0.0, 16.0, 0.0, 90.0, 1992-07-06 00:00:00, 0.0
5.0, 20.0, 270.0, 92.0, 1992-07-07 00:00:00, 2.0
20.0, 21.0, 320.0, 91.0, 1992-07-08 00:00:00, 0.0
18.0, 19.0, 320.0, 99.0, 1992-07-09 00:00:00, 0.0
16.0, 20.0, 320.0, 99.0, 1992-07-10 00:00:00, 0.0
21.0, 21.0, 320.0, 99.0, 1992-07-11 00:00:00, 0.0
4.0, 17.0, 50.0, 91.0, 1992-07-12 00:00:00, 10.0
2.0, 12.0, 320.0, 99.0, 1992-07-13 00:00:00, 6.0
0.0, 13.0, 0.0, 89.0, 1992-07-14 00:00:00, 0.0
0.0, 14.0, 0.0, 90.0, 1992-07-15 00:00:00, 0.0
20.0, 21.0, 320.0, 67.0, 1992-07-16 00:00:00, 0.0
15.0, 22.0, 320.0, 54.0, 1992-07-17 00:00:00, 0.0
15.0, 24.0, 320.0, 56.0, 1992-07-18 00:00:00, 0.0
10.0, 28.0, 320.0, 54.0, 1992-07-19 00:00:00, 0.0
20.0, 22.0, 230.0, 92.0, 1992-07-20 00:00:00, 0.0
16.0, 23.0, 50.0, 99.0, 1992-07-21 00:00:00, 0.0
14.0, 25.0, 50.0, 57.0, 1992-07-22 00:00:00, 0.0
8.0, 21.0, 50.0, 60.0, 1992-07-23 00:00:00, 0.0
10.0, 18.0, 230.0, 73.0, 1992-07-24 00:00:00, 0.0
18.0, 17.0, 230.0, 81.0, 1992-07-25 00:00:00, 12.5
12.0, 15.0, 230.0, 80.0, 1992-07-26 00:00:00, 2.5
0.0, 14.0, 0.0, 90.0, 1992-07-27 00:00:00, 5.5
2.0, 21.0, 230.0, 60.0, 1992-07-28 00:00:00, 3.5
10.0, 21.0, 50.0, 67.0, 1992-07-29 00:00:00, 0.0
16.0, 24.0, 50.0, 70.0, 1992-07-30 00:00:00, 0.0
14.0, 27.0, 50.0, 85.0, 1992-07-31 00:00:00, 0.0
13.0, 22.0, 50.0, 54.0, 1992-08-01 00:00:00, 0.0
19.0, 16.0, 50.0, 81.0, 1992-08-02 00:00:00, 0.0
23.0, 25.0, 50.0, 70.0, 1992-08-03 00:00:00, 0.0
20.0, 24.0, 320.0, 56.0, 1992-08-04 00:00:00, 0.0
20.0, 21.0, 320.0, 75.0, 1992-08-05 00:00:00, 0.0
0.0, 15.0, 0.0, 90.0, 1992-08-06 00:00:00, 2.5
0.0, 15.0, 0.0, 90.0, 1992-08-07 00:00:00, 1.0
0.0, 15.0, 0.0, 80.0, 1992-08-08 00:00:00, 0.5
0.0, 17.0, 0.0, 72.0, 1992-08-09 00:00:00, 0.5
0.0, 16.0, 0.0, 81.0, 1992-08-10 00:00:00, 0.5
0.0, 19.0, 0.0, 82.0, 1992-08-11 00:00:00, 0.0
14.0, 21.0, 50.0, 67.0, 1992-08-12 00:00:00, 0.0
18.0, 18.0, 50.0, 73.0, 1992-08-13 00:00:00, 0.0
22.0, 26.0, 50.0, 52.0, 1992-08-14 00:00:00, 0.0
19.0, 21.0, 50.0, 53.0, 1992-08-15 00:00:00, 0.0
23.0, 21.0, 320.0, 49.0, 1992-08-16 00:00:00, 0.0
21.0, 22.0, 320.0, 72.0, 1992-08-17 00:00:00, 0.0
24.0, 19.0, 0.0, 62.0, 1992-08-18 00:00:00, 0.0
20.0, 22.0, 0.0, 84.0, 1992-08-19 00:00:00, 0.0
20.0, 23.0, 0.0, 84.0, 1992-08-20 00:00:00, 0.0
20.0, 24.0, 0.0, 77.0, 1992-08-21 00:00:00, 0.0
0.0, 21.0, 0.0, 53.0, 1992-08-22 00:00:00, 0.0
20.0, 19.0, 0.0, 58.0, 1992-08-23 00:00:00, 0.0
17.0, 19.0, 0.0, 54.0, 1992-08-24 00:00:00, 0.0
0.0, 15.0, 0.0, 90.0, 1992-08-25 00:00:00, 1.5
0.0, 15.0, 0.0, 75.0, 1992-08-26 00:00:00, 1.0
0.0, 16.0, 0.0, 63.0, 1992-08-27 00:00:00, 0.3
0.0, 15.0, 0.0, 80.0, 1992-08-28 00:00:00, 0.0
0.0, 12.0, 0.0, 89.0, 1992-08-29 00:00:00, 2.0
4.0, 15.0, 0.0, 96.0, 1992-08-30 00:00:00, 24.9
