station_observations
wind_speed, temperature, wind_direction, relative_humidity, time, precipitation
0.0, 0.0, 0.0, 0.0, 1990-04-22 00:00:00, 0.0
8.0, 15.5, 230.0, 49.0, 1990-04-23 00:00:00, 6.5
10.0, 14.5, 230.0, 48.0, 1990-04-24 00:00:00, 5.0
0.0, 13.0, 0.0, 69.0, 1990-04-25 00:00:00, 7.0
0.0, 7.5, 0.0, 87.0, 1990-04-26 00:00:00, 9.5
0.0, 7.0, 0.0, 87.0, 1990-04-27 00:00:00, 13.0
16.0, 12.0, 0.0, 39.0, 1990-04-28 00:00:00, 0.7
8.0, 15.5, 90.0, 36.0, 1990-04-29 00:00:00, 0.0
3.0, 15.5, 270.0, 41.0, 1990-04-30 00:00:00, 0.0
0.0, 11.0, 0.0, 89.0, 1990-05-01 00:00:00, 17.0
0.0, 15.0, 0.0, 62.0, 1990-05-02 00:00:00, 0.6
3.0, 14.0, 140.0, 80.0, 1990-05-03 00:00:00, 5.3
4.0, 18.0, 180.0, 61.0, 1990-05-04 00:00:00, 0.0
20.0, 10.0, 270.0, 66.0, 1990-05-05 00:00:00, 0.0
0.0, 8.0, 0.0, 93.0, 1990-05-06 00:00:00, 18.6
10.0, 10.0, 90.0, 71.0, 1990-05-07 00:00:00, 21.5
6.0, 16.0, 50.0, 54.0, 1990-05-08 00:00:00, 0.6
4.0, 13.0, 180.0, 79.0, 1990-05-09 00:00:00, 0.3
6.0, 17.0, 320.0, 56.0, 1990-05-10 00:00:00, 0.0
3.0, 16.0, 180.0, 63.0, 1990-05-11 00:00:00, 0.0
2.0, 12.5, 0.0, 68.0, 1990-05-12 00:00:00, 0.0
6.0, 16.5, 320.0, 55.0, 1990-05-13 00:00:00, 0.0
8.0, 14.0, 320.0, 65.0, 1990-05-14 00:00:00, 0.0
0.0, 14.0, 0.0, 70.0, 1990-05-15 00:00:00, 0.0
0.0, 11.5, 0.0, 83.0, 1990-05-16 00:00:00, 0.8
0.0, 15.0, 0.0, 80.0, 1990-05-17 00:00:00, 0.5
3.0, 17.0, 320.0, 60.0, 1990-05-18 00:00:00, 0.5
3.0, 21.0, 320.0, 46.0, 1990-05-19 00:00:00, 0.0
0.0, 18.0, 0.0, 57.0, 1990-05-20 00:00:00, 0.0
5.0, 18.5, 140.0, 65.0, 1990-05-21 00:00:00, 7.0
3.0, 20.0, 180.0, 55.0, 1990-05-22 00:00:00, 0.7
8.0, 19.5, 50.0, 55.0, 1990-05-23 00:00:00, 2.8
6.0, 20.5, 230.0, 49.0, 1990-05-24 00:00:00, 0.0
0.0, 16.0, 0.0, 63.0, 1990-05-25 00:00:00, 0.0
0.0, 23.0, 0.0, 49.0, 1990-05-26 00:00:00, 0.0
0.0, 18.0, 0.0, 65.0, 1990-05-27 00:00:00, 0.0
10.0, 18.5, 90.0, 61.0, 1990-05-28 00:00:00, 0.0
2.0, 17.0, 180.0, 86.0, 1990-05-29 00:00:00, 4.1
5.0, 22.0, 320.0, 57.0, 1990-05-30 00:00:00, 0.3
2.0, 23.5, 180.0, 46.0, 1990-05-31 00:00:00, 0.0
6.0, 20.5, 320.0, 56.0, 1990-06-01 00:00:00, 0.0
0.0, 20.5, 0.0, 52.0, 1990-06-02 00:00:00, 0.0
0.0, 12.0, 0.0, 94.0, 1990-06-03 00:00:00, 5.0
0.0, 15.0, 0.0, 71.0, 1990-06-04 00:00:00, 14.0
2.0, 17.0, 180.0, 68.0, 1990-06-05 00:00:00, 3.0
0.0, 16.0, 0.0, 90.0, 1990-06-06 00:00:00, 0.3
3.0, 18.0, 140.0, 73.0, 1990-06-07 00:00:00, 6.2
0.0, 14.0, 0.0, 90.0, 1990-06-08 00:00:00, 4.8
10.0, 18.0, 0.0, 65.0, 1990-06-09 00:00:00, 7.0
0.0, 13.0, 0.0, 89.0, 1990-06-10 00:00:00, 3.2
0.0, 13.0, 0.0, 74.0, 1990-06-11 00:00:00, 7.0
5.0, 13.5, 90.0, 84.0, 1990-06-12 00:00:00, 6.4
2.0, 25.0, 320.0, 67.0, 1990-06-13 00:00:00, 0.0
3.0, 26.5, 320.0, 61.0, 1990-06-14 00:00:00, 0.0
4.0, 18.0, 270.0, 73.0, 1990-06-15 00:00:00, 0.0
2.0, 19.5, 270.0, 51.0, 1990-06-16 00:00:00, 0.0
6.0, 17.5, 0.0, 73.0, 1990-06-17 00:00:00, 0.0
0.0, 19.0, 0.0, 74.0, 1990-06-18 00:00:00, 5.0
3.0, 18.0, 270.0, 77.0, 1990-06-19 00:00:00, 7.5
2.0, 17.0, 270.0, 81.0, 1990-06-20 00:00:00, 5.0
6.0, 24.0, 0.0, 59.0, 1990-06-21 00:00:00, 0.2
8.0, 14.5, 140.0, 90.0, 1990-06-22 00:00:00, 2.0
0.0, 15.5, 0.0, 71.0, 1990-06-23 00:00:00, 0.2
5.0, 21.0, 320.0, 53.0, 1990-06-24 00:00:00, 0.0
5.0, 15.0, 0.0, 71.0, 1990-06-25 00:00:00, 0.0
7.0, 16.0, 90.0, 76.0, 1990-06-26 00:00:00, 14.5
0.0, 15.0, 0.0, 90.0, 1990-06-27 00:00:00, 2.4
12.0, 18.0, 50.0, 69.0, 1990-06-28 00:00:00, 3.6
0.0, 18.5, 0.0, 82.0, 1990-06-29 00:00:00, 5.6
5.0, 14.5, 90.0, 95.0, 1990-06-30 00:00:00, 6.2
0.0, 16.5, 0.0, 72.0, 1990-07-01 00:00:00, 12.0
12.0, 17.5, 0.0, 64.0, 1990-07-02 00:00:00, 7.5
5.0, 18.0, 180.0, 65.0, 1990-07-03 00:00:00, 8.0
8.0, 21.0, 180.0, 66.0, 1990-07-04 00:00:00, 0.0
7.0, 21.5, 0.0, 61.0, 1990-07-05 00:00:00, 0.0
0.0, 17.0, 0.0, 90.0, 1990-07-06 00:00:00, 0.0
3.0, 17.0, 270.0, 77.0, 1990-07-07 00:00:00, 0.0
2.0, 16.0, 50.0, 81.0, 1990-07-08 00:00:00, 0.8
5.0, 20.5, 320.0, 56.0, 1990-07-09 00:00:00, 0.0
10.0, 24.0, 0.0, 50.0, 1990-07-10 00:00:00, 0.0
8.0, 24.5, 320.0, 60.0, 1990-07-11 00:00:00, 0.0
0.0, 15.5, 0.0, 90.0, 1990-07-12 00:00:00, 0.6
3.0, 23.0, 270.0, 73.0, 1990-07-13 00:00:00, 0.2
5.0, 26.0, 270.0, 58.0, 1990-07-14 00:00:00, 0.0
10.0, 21.0, 320.0, 60.0, 1990-07-15 00:00:00, 0.0
2.0, 19.0, 0.0, 54.0, 1990-07-16 00:00:00, 0.0
5.0, 19.0, 270.0, 58.0, 1990-07-17 00:00:00, 0.0
0.0, 26.0, 0.0, 49.0, 1990-07-18 00:00:00, 0.0
4.0, 28.5, 270.0, 31.0, 1990-07-19 00:00:00, 0.0
0.0, 31.0, 0.0, 47.0, 1990-07-20 00:00:00, 0.0
5.0, 29.0, 0.0, 39.0, 1990-07-21 00:00:00, 0.0
8.0, 26.0, 270.0, 52.0, 1990-07-22 00:00:00, 0.0
11.0, 22.0, 0.0, 61.0, 1990-07-23 00:00:00, 0.0
0.0, 16.0, 0.0, 90.0, 1990-07-24 00:00:00, 2.7
2.0, 18.5, 0.0, 78.0, 1990-07-25 00:00:00, 1.6
3.0, 21.0, 180.0, 53.0, 1990-07-26 00:00:00, 0.0
2.0, 24.0, 180.0, 43.0, 1990-07-27 00:00:00, 0.0
8.0, 25.5, 320.0, 48.0, 1990-07-28 00:00:00, 0.0
5.0, 26.5, 320.0, 52.0, 1990-07-29 00:00:00, 0.0
8.0, 25.5, 90.0, 57.0, 1990-07-30 00:00:00, 0.0
0.0, 22.5, 0.0, 69.0, 1990-07-31 00:00:00, 0.0
0.0, 19.5, 0.0, 51.0, 1990-08-01 00:00:00, 0.0
0.0, 17.0, 0.0, 90.0, 1990-08-02 00:00:00, 2.8
0.0, 18.0, 0.0, 91.0, 1990-08-03 00:00:00, 12.5
10.0, 25.0, 0.0, 67.0, 1990-08-04 00:00:00, 0.0
3.0, 25.0, 270.0, 57.0, 1990-08-05 00:00:00, 0.0
10.0, 19.0, 270.0, 69.0, 1990-08-06 00:00:00, 13.5
5.0, 19.5, 0.0, 69.0, 1990-08-07 00:00:00, 1.8
10.0, 25.0, 0.0, 51.0, 1990-08-08 00:00:00, 0.0
15.0, 27.0, 0.0, 56.0, 1990-08-09 00:00:00, 0.0
15.0, 29.5, 0.0, 50.0, 1990-08-10 00:00:00, 0.0
10.0, 30.5, 270.0, 48.0, 1990-08-11 00:00:00, 0.0
15.0, 31.0, 0.0, 46.0, 1990-08-12 00:00:00, 0.0
10.0, 21.0, 270.0, 60.0, 1990-08-13 00:00:00, 0.0
5.0, 22.5, 0.0, 68.0, 1990-08-14 00:00:00, 1.4
5.0, 22.5, 0.0, 61.0, 1990-08-15 00:00:00, 0.9
5.0, 20.0, 270.0, 71.0, 1990-08-16 00:00:00, 1.4
15.0, 24.0, 270.0, 60.0, 1990-08-17 00:00:00, 3.2
15.0, 25.0, 270.0, 54.0, 1990-08-18 00:00:00, 0.0
15.0, 26.0, 0.0, 55.0, 1990-08-19 00:00:00, 0.0
5.0, 26.5, 0.0, 49.0, 1990-08-20 00:00:00, 0.0
20.0, 24.0, 0.0, 66.0, 1990-08-21 00:00:00, 0.0
0.0, 15.5, 0.0, 71.0, 1990-08-22 00:00:00, 1.2
5.0, 17.0, 0.0, 68.0, 1990-08-23 00:00:00, 6.0
5.0, 23.0, 0.0, 42.0, 1990-08-24 00:00:00, 0.0
5.0, 21.5, 0.0, 57.0, 1990-08-25 00:00:00, 0.0
15.0, 22.5, 0.0, 41.0, 1990-08-26 00:00:00, 0.0
5.0, 22.5, 320.0, 61.0, 1990-08-27 00:00:00, 0.0
5.0, 26.0, 0.0, 35.0, 1990-08-28 00:00:00, 0.0
5.0, 21.5, 0.0, 50.0, 1990-08-29 00:00:00, 0.0
3.0, 17.0, 0.0, 77.0, 1990-08-30 00:00:00, 10.5
3.0, 17.0, 0.0, 72.0, 1990-08-31 00:00:00, 6.0
3.0, 17.0, 0.0, 68.0, 1990-09-01 00:00:00, 0.7
5.0, 19.5, 0.0, 68.0, 1990-09-02 00:00:00, 6.3
15.0, 20.0, 0.0, 52.0, 1990-09-03 00:00:00, 0.0
3.0, 22.0, 0.0, 54.0, 1990-09-04 00:00:00, 0.0
7.0, 22.5, 0.0, 61.0, 1990-09-05 00:00:00, 0.0
3.0, 23.0, 0.0, 58.0, 1990-09-06 00:00:00, 0.0
3.0, 25.0, 0.0, 57.0, 1990-09-07 00:00:00, 0.0
6.0, 21.0, 0.0, 75.0, 1990-09-08 00:00:00, 0.0
3.0, 19.0, 0.0, 74.0, 1990-09-09 00:00:00, 0.0
5.0, 19.0, 0.0, 74.0, 1990-09-10 00:00:00, 0.0
3.0, 21.0, 0.0, 53.0, 1990-09-11 00:00:00, 0.0
5.0, 23.5, 0.0, 49.0, 1990-09-12 00:00:00, 5.0
1.0, 22.0, 0.0, 54.0, 1990-09-13 00:00:00, 0.0
4.0, 23.5, 0.0, 49.0, 1990-09-14 00:00:00, 0.0
8.0, 21.0, 0.0, 60.0, 1990-09-15 00:00:00, 0.0
0.0, 17.5, 0.0, 73.0, 1990-09-16 00:00:00, 0.0
0.0, 19.0, 0.0, 70.0, 1990-09-17 00:00:00, 0.0
0.0, 17.0, 0.0, 72.0, 1990-09-18 00:00:00, 12.0
5.0, 17.5, 0.0, 69.0, 1990-09-19 00:00:00, 0.0
5.0, 20.5, 0.0, 59.0, 1990-09-20 00:00:00, 9.0
5.0, 22.0, 0.0, 54.0, 1990-09-21 00:00:00, 0.0
5.0, 21.5, 0.0, 57.0, 1990-09-22 00:00:00, 0.0
5.0, 19.0, 0.0, 70.0, 1990-09-23 00:00:00, 0.0
12.0, 18.0, 0.0, 69.0, 1990-09-24 00:00:00, 0.0
10.0, 17.5, 0.0, 65.0, 1990-09-25 00:00:00, 0.0
12.0, 20.0, 0.0, 48.0, 1990-09-26 00:00:00, 0.0
9.0, 17.5, 0.0, 57.0, 1990-09-27 00:00:00, 0.0
12.0, 14.5, 180.0, 90.0, 1990-09-28 00:00:00, 25.0
0.0, 13.0, 0.0, 89.0, 1990-09-29 00:00:00, 4.0
0.0, 14.0, 0.0, 90.0, 1990-09-30 00:00:00, 3.0
9.0, 10.0, 0.0, 88.0, 1990-10-01 00:00:00, 45.0
0.0, 9.5, 0.0, 94.0, 1990-10-02 00:00:00, 27.5
9.0, 8.5, 0.0, 94.0, 1990-10-03 00:00:00, 25.0
9.0, 12.5, 0.0, 64.0, 1990-10-04 00:00:00, 50.8
3.0, 9.0, 0.0, 94.0, 1990-10-05 00:00:00, 5.0
0.0, 8.5, 0.0, 81.0, 1990-10-06 00:00:00, 3.0
0.0, 10.5, 0.0, 88.0, 1990-10-07 00:00:00, 9.5
9.0, 12.0, 0.0, 89.0, 1990-10-08 00:00:00, 13.0
16.0, 10.0, 0.0, 88.0, 1990-10-09 00:00:00, 98.0
6.0, 9.0, 0.0, 94.0, 1990-10-10 00:00:00, 3.5
7.0, 7.0, 0.0, 93.0, 1990-10-11 00:00:00, 9.0
0.0, 8.0, 0.0, 94.0, 1990-10-12 00:00:00, 52.5
5.0, 6.5, 0.0, 93.0, 1990-10-13 00:00:00, 25.0
12.0, 9.0, 0.0, 76.0, 1990-10-14 00:00:00, 3.0
10.0, 5.0, 0.0, 93.0, 1990-10-15 00:00:00, 0.0
0.0, 0.0, 0.0, 0.0, 1991-04-14 00:00:00, 0.0
0.0, 17.5, 0.0, 52.0, 1991-04-15 00:00:00, 0.0
0.0, 18.5, 0.0, 49.0, 1991-04-16 00:00:00, 0.0
0.0, 13.5, 0.0, 49.0, 1991-04-17 00:00:00, 0.0
3.0, 16.0, 0.0, 51.0, 1991-04-18 00:00:00, 0.0
10.0, 16.0, 0.0, 71.0, 1991-04-19 00:00:00, 0.0
15.0, 17.0, 0.0, 56.0, 1991-04-20 00:00:00, 0.0
12.0, 15.5, 0.0, 74.0, 1991-04-21 00:00:00, 0.0
3.0, 9.0, 0.0, 76.0, 1991-04-22 00:00:00, 0.0
0.0, 10.0, 0.0, 73.0, 1991-04-23 00:00:00, 0.0
0.0, 7.0, 0.0, 93.0, 1991-04-24 00:00:00, 0.0
0.0, 12.0, 0.0, 68.0, 1991-04-25 00:00:00, 4.0
8.0, 11.0, 140.0, 72.0, 1991-04-26 00:00:00, 0.3
0.0, 9.5, 0.0, 76.0, 1991-04-27 00:00:00, 5.6
0.0, 9.0, 0.0, 88.0, 1991-04-28 00:00:00, 10.5
0.0, 15.0, 0.0, 53.0, 1991-04-29 00:00:00, 3.5
8.0, 17.0, 0.0, 48.0, 1991-04-30 00:00:00, 0.0
0.0, 21.0, 0.0, 33.0, 1991-05-01 00:00:00, 0.0
8.0, 20.0, 140.0, 38.0, 1991-05-02 00:00:00, 0.0
3.0, 21.5, 0.0, 37.0, 1991-05-03 00:00:00, 0.0
2.0, 11.5, 0.0, 78.0, 1991-05-04 00:00:00, 0.0
0.0, 12.5, 0.0, 79.0, 1991-05-05 00:00:00, 1.8
12.0, 9.5, 50.0, 88.0, 1991-05-06 00:00:00, 15.5
0.0, 9.5, 0.0, 88.0, 1991-05-07 00:00:00, 1.2
4.0, 10.5, 90.0, 88.0, 1991-05-08 00:00:00, 8.5
3.0, 10.5, 0.0, 94.0, 1991-05-09 00:00:00, 2.8
5.0, 12.5, 50.0, 79.0, 1991-05-10 00:00:00, 0.5
10.0, 19.0, 0.0, 54.0, 1991-05-11 00:00:00, 0.0
0.0, 14.5, 0.0, 70.0, 1991-05-12 00:00:00, 0.0
0.0, 11.0, 0.0, 72.0, 1991-05-13 00:00:00, 9.5
0.0, 17.0, 0.0, 48.0, 1991-05-14 00:00:00, 0.6
0.0, 13.5, 0.0, 74.0, 1991-05-15 00:00:00, 2.2
5.0, 13.5, 0.0, 74.0, 1991-05-16 00:00:00, 3.8
3.0, 16.0, 0.0, 63.0, 1991-05-17 00:00:00, 0.5
8.0, 20.5, 0.0, 49.0, 1991-05-18 00:00:00, 0.0
8.0, 23.0, 0.0, 52.0, 1991-05-19 00:00:00, 0.0
8.0, 11.5, 0.0, 94.0, 1991-05-20 00:00:00, 0.5
0.0, 11.0, 0.0, 68.0, 1991-05-21 00:00:00, 0.0
10.0, 15.0, 0.0, 54.0, 1991-05-22 00:00:00, 1.6
10.0, 16.0, 0.0, 54.0, 1991-05-23 00:00:00, 0.8
8.0, 19.5, 0.0, 44.0, 1991-05-24 00:00:00, 0.0
6.0, 20.5, 180.0, 49.0, 1991-05-25 00:00:00, 0.0
3.0, 19.0, 180.0, 40.0, 1991-05-26 00:00:00, 0.0
0.0, 19.5, 0.0, 44.0, 1991-05-27 00:00:00, 0.0
2.0, 19.0, 270.0, 54.0, 1991-05-28 00:00:00, 0.0
2.0, 13.0, 90.0, 84.0, 1991-05-29 00:00:00, 3.2
8.0, 13.5, 90.0, 89.0, 1991-05-30 00:00:00, 2.8
2.0, 12.0, 90.0, 89.0, 1991-05-31 00:00:00, 1.6
8.0, 13.5, 50.0, 55.0, 1991-06-01 00:00:00, 5.6
2.0, 12.5, 180.0, 84.0, 1991-06-02 00:00:00, 1.2
3.0, 9.0, 50.0, 94.0, 1991-06-03 00:00:00, 9.0
0.0, 12.0, 0.0, 73.0, 1991-06-04 00:00:00, 7.5
5.0, 19.0, 0.0, 47.0, 1991-06-05 00:00:00, 0.7
4.0, 23.0, 50.0, 22.0, 1991-06-06 00:00:00, 0.0
15.0, 12.0, 90.0, 89.0, 1991-06-07 00:00:00, 7.0
0.0, 13.5, 0.0, 74.0, 1991-06-08 00:00:00, 2.2
0.0, 15.5, 0.0, 95.0, 1991-06-09 00:00:00, 9.0
0.0, 11.0, 0.0, 83.0, 1991-06-10 00:00:00, 42.5
0.0, 12.0, 0.0, 89.0, 1991-06-11 00:00:00, 2.2
8.0, 16.0, 140.0, 76.0, 1991-06-12 00:00:00, 6.5
0.0, 11.0, 0.0, 94.0, 1991-06-13 00:00:00, 2.8
0.0, 11.0, 0.0, 94.0, 1991-06-14 00:00:00, 1.9
0.0, 13.0, 0.0, 79.0, 1991-06-15 00:00:00, 1.9
0.0, 18.0, 0.0, 57.0, 1991-06-16 00:00:00, 0.5
0.0, 20.0, 0.0, 52.0, 1991-06-17 00:00:00, 0.0
17.0, 23.0, 140.0, 39.0, 1991-06-18 00:00:00, 0.0
16.0, 28.0, 140.0, 32.0, 1991-06-19 00:00:00, 0.0
6.0, 30.0, 140.0, 28.0, 1991-06-20 00:00:00, 0.0
0.0, 20.5, 0.0, 63.0, 1991-06-21 00:00:00, 0.0
3.0, 18.0, 270.0, 73.0, 1991-06-22 00:00:00, 0.0
6.0, 17.0, 50.0, 77.0, 1991-06-23 00:00:00, 0.8
5.0, 22.0, 0.0, 54.0, 1991-06-24 00:00:00, 0.0
3.0, 17.0, 270.0, 81.0, 1991-06-25 00:00:00, 0.0
4.0, 18.0, 270.0, 69.0, 1991-06-26 00:00:00, 0.0
2.0, 21.0, 0.0, 60.0, 1991-06-27 00:00:00, 0.0
2.0, 25.0, 320.0, 48.0, 1991-06-28 00:00:00, 0.0
0.0, 14.0, 0.0, 95.0, 1991-06-29 00:00:00, 8.0
0.0, 17.5, 0.0, 86.0, 1991-06-30 00:00:00, 0.0
0.0, 16.0, 0.0, 95.0, 1991-07-01 00:00:00, 5.8
3.0, 17.5, 0.0, 95.0, 1991-07-02 00:00:00, 18.0
0.0, 19.0, 0.0, 82.0, 1991-07-03 00:00:00, 3.4
2.0, 17.5, 90.0, 64.0, 1991-07-04 00:00:00, 0.4
0.0, 12.5, 0.0, 89.0, 1991-07-05 00:00:00, 3.4
6.0, 20.0, 320.0, 48.0, 1991-07-06 00:00:00, 0.6
0.0, 21.0, 0.0, 60.0, 1991-07-07 00:00:00, 0.0
8.0, 20.0, 90.0, 63.0, 1991-07-08 00:00:00, 0.0
3.0, 22.0, 320.0, 57.0, 1991-07-09 00:00:00, 0.0
5.0, 14.5, 90.0, 90.0, 1991-07-10 00:00:00, 0.0
0.0, 18.0, 0.0, 91.0, 1991-07-11 00:00:00, 1.6
8.0, 16.5, 0.0, 95.0, 1991-07-12 00:00:00, 19.0
0.0, 14.0, 0.0, 95.0, 1991-07-13 00:00:00, 16.5
0.0, 14.0, 0.0, 99.0, 1991-07-14 00:00:00, 2.3
5.0, 14.0, 0.0, 99.0, 1991-07-15 00:00:00, 11.5
0.0, 15.0, 0.0, 99.0, 1991-07-16 00:00:00, 25.0
9.0, 16.0, 0.0, 81.0, 1991-07-17 00:00:00, 5.8
5.0, 17.0, 0.0, 79.0, 1991-07-18 00:00:00, 0.0
0.0, 15.5, 0.0, 76.0, 1991-07-19 00:00:00, 6.5
8.0, 16.0, 50.0, 72.0, 1991-07-20 00:00:00, 1.2
0.0, 18.0, 0.0, 73.0, 1991-07-21 00:00:00, 3.0
5.0, 24.5, 320.0, 53.0, 1991-07-22 00:00:00, 0.3
2.0, 30.5, 320.0, 36.0, 1991-07-23 00:00:00, 0.0
6.0, 21.0, 90.0, 75.0, 1991-07-24 00:00:00, 0.0
0.0, 20.5, 0.0, 63.0, 1991-07-25 00:00:00, 0.0
3.0, 15.5, 90.0, 94.0, 1991-07-26 00:00:00, 11.5
12.0, 14.5, 50.0, 90.0, 1991-07-27 00:00:00, 8.0
0.0, 14.5, 0.0, 95.0, 1991-07-28 00:00:00, 13.5
0.0, 16.0, 0.0, 76.0, 1991-07-29 00:00:00, 4.2
4.0, 20.0, 50.0, 52.0, 1991-07-30 00:00:00, 0.6
8.0, 21.0, 320.0, 60.0, 1991-07-31 00:00:00, 0.0
3.0, 21.5, 50.0, 57.0, 1991-08-01 00:00:00, 0.0
0.0, 21.0, 0.0, 56.0, 1991-08-02 00:00:00, 0.0
10.0, 20.5, 50.0, 67.0, 1991-08-03 00:00:00, 0.0
12.0, 14.0, 90.0, 95.0, 1991-08-04 00:00:00, 10.5
4.0, 17.0, 50.0, 64.0, 1991-08-05 00:00:00, 2.7
3.0, 22.0, 0.0, 54.0, 1991-08-06 00:00:00, 0.0
0.0, 17.5, 0.0, 86.0, 1991-08-07 00:00:00, 1.8
0.0, 20.5, 0.0, 96.0, 1991-08-08 00:00:00, 18.0
4.0, 19.0, 50.0, 78.0, 1991-08-09 00:00:00, 1.0
6.0, 19.0, 50.0, 74.0, 1991-08-10 00:00:00, 1.8
6.0, 19.0, 50.0, 74.0, 1991-08-11 00:00:00, 0.0
8.0, 22.5, 50.0, 65.0, 1991-08-12 00:00:00, 0.0
10.0, 24.0, 50.0, 56.0, 1991-08-13 00:00:00, 0.0
8.0, 24.0, 50.0, 56.0, 1991-08-14 00:00:00, 0.0
10.0, 24.5, 50.0, 63.0, 1991-08-15 00:00:00, 0.0
4.0, 22.5, 50.0, 65.0, 1991-08-16 00:00:00, 0.0
8.0, 23.0, 50.0, 65.0, 1991-08-17 00:00:00, 0.0
12.0, 23.0, 50.0, 58.0, 1991-08-18 00:00:00, 0.0
18.0, 19.5, 50.0, 62.0, 1991-08-19 00:00:00, 0.0
6.0, 16.0, 50.0, 81.0, 1991-08-20 00:00:00, 0.0
8.0, 18.5, 50.0, 65.0, 1991-08-21 00:00:00, 0.0
8.0, 18.5, 50.0, 61.0, 1991-08-22 00:00:00, 0.0
4.0, 19.0, 50.0, 62.0, 1991-08-23 00:00:00, 0.0
0.0, 17.0, 0.0, 72.0, 1991-08-24 00:00:00, 0.0
0.0, 17.0, 0.0, 68.0, 1991-08-25 00:00:00, 0.3
0.0, 15.0, 0.0, 95.0, 1991-08-26 00:00:00, 33.0
5.0, 17.5, 140.0, 77.0, 1991-08-27 00:00:00, 44.0
0.0, 13.5, 0.0, 95.0, 1991-08-28 00:00:00, 23.5
0.0, 14.5, 0.0, 95.0, 1991-08-29 00:00:00, 6.5
5.0, 15.5, 90.0, 80.0, 1991-08-30 00:00:00, 25.5
0.0, 16.0, 0.0, 81.0, 1991-08-31 00:00:00, 9.5
3.0, 16.5, 90.0, 86.0, 1991-09-01 00:00:00, 4.2
6.0, 16.0, 90.0, 76.0, 1991-09-02 00:00:00, 4.0
9.0, 20.5, 0.0, 71.0, 1991-09-03 00:00:00, 0.5
0.0, 23.0, 0.0, 58.0, 1991-09-04 00:00:00, 0.0
0.0, 16.5, 0.0, 90.0, 1991-09-05 00:00:00, 0.7
0.0, 15.0, 0.0, 85.0, 1991-09-06 00:00:00, 12.5
3.0, 16.5, 90.0, 63.0, 1991-09-07 00:00:00, 0.6
0.0, 18.5, 0.0, 54.0, 1991-09-08 00:00:00, 0.0
0.0, 15.0, 0.0, 80.0, 1991-09-09 00:00:00, 0.0
2.0, 18.5, 320.0, 65.0, 1991-09-10 00:00:00, 0.0
4.0, 19.0, 320.0, 70.0, 1991-09-11 00:00:00, 0.0
0.0, 14.5, 0.0, 95.0, 1991-09-12 00:00:00, 12.0
3.0, 14.5, 50.0, 80.0, 1991-09-13 00:00:00, 26.5
8.0, 14.0, 50.0, 80.0, 1991-09-14 00:00:00, 0.7
18.0, 13.5, 90.0, 95.0, 1991-09-15 00:00:00, 4.0
3.0, 19.0, 0.0, 82.0, 1991-09-16 00:00:00, 21.5
0.0, 20.0, 0.0, 83.0, 1991-09-17 00:00:00, 0.9
5.0, 20.0, 0.0, 75.0, 1991-09-18 00:00:00, 0.4
0.0, 18.0, 0.0, 57.0, 1991-09-19 00:00:00, 0.0
0.0, 15.0, 0.0, 62.0, 1991-09-20 00:00:00, 0.0
3.0, 15.0, 0.0, 71.0, 1991-09-21 00:00:00, 0.1
0.0, 12.0, 0.0, 89.0, 1991-09-22 00:00:00, 22.0
0.0, 17.0, 0.0, 81.0, 1991-09-23 00:00:00, 2.4
5.0, 21.0, 0.0, 75.0, 1991-09-24 00:00:00, 0.3
0.0, 20.0, 0.0, 67.0, 1991-09-25 00:00:00, 0.0
0.0, 20.0, 0.0, 67.0, 1991-09-26 00:00:00, 0.0
0.0, 16.0, 0.0, 81.0, 1991-09-27 00:00:00, 0.0
3.0, 17.0, 50.0, 64.0, 1991-09-28 00:00:00, 0.0
0.0, 14.0, 0.0, 70.0, 1991-09-29 00:00:00, 0.0
0.0, 12.0, 0.0, 89.0, 1991-09-30 00:00:00, 6.2
7.0, 14.0, 0.0, 80.0, 1991-10-01 00:00:00, 8.0
4.0, 15.0, 50.0, 62.0, 1991-10-02 00:00:00, 1.2
0.0, 14.0, 0.0, 70.0, 1991-10-03 00:00:00, 0.0
0.0, 16.0, 0.0, 63.0, 1991-10-04 00:00:00, 0.4
0.0, 17.0, 0.0, 64.0, 1991-10-05 00:00:00, 0.0
7.0, 14.0, 0.0, 70.0, 1991-10-06 00:00:00, 3.2
0.0, 0.0, 0.0, 0.0, 1992-04-14 00:00:00, 0.0
0.0, 13.0, 0.0, 99.0, 1992-04-15 00:00:00, 1.1
0.0, 14.5, 0.0, 95.0, 1992-04-16 00:00:00, 5.2
8.0, 10.0, 90.0, 99.0, 1992-04-17 00:00:00, 14.5
0.0, 12.5, 0.0, 84.0, 1992-04-18 00:00:00, 13.5
0.0, 10.5, 0.0, 99.0, 1992-04-19 00:00:00, 0.4
0.0, 6.5, 0.0, 99.0, 1992-04-20 00:00:00, 0.4
8.0, 6.0, 90.0, 99.0, 1992-04-21 00:00:00, 7.0
0.0, 9.0, 0.0, 82.0, 1992-04-22 00:00:00, 6.5
0.0, 13.0, 0.0, 69.0, 1992-04-23 00:00:00, 3.6
0.0, 21.0, 0.0, 39.0, 1992-04-24 00:00:00, 0.0
2.0, 13.0, 50.0, 89.0, 1992-04-25 00:00:00, 0.2
15.0, 10.5, 90.0, 99.0, 1992-04-26 00:00:00, 18.0
0.0, 12.0, 0.0, 84.0, 1992-04-27 00:00:00, 2.3
3.0, 13.0, 0.0, 79.0, 1992-04-28 00:00:00, 1.3
0.0, 13.0, 0.0, 74.0, 1992-04-29 00:00:00, 4.0
0.0, 10.0, 0.0, 88.0, 1992-04-30 00:00:00, 4.2
0.0, 7.0, 0.0, 99.0, 1992-05-01 00:00:00, 7.5
0.0, 6.0, 0.0, 99.0, 1992-05-02 00:00:00, 13.5
0.0, 17.0, 0.0, 81.0, 1992-05-03 00:00:00, 2.5
0.0, 12.0, 0.0, 99.0, 1992-05-04 00:00:00, 2.1
8.0, 15.0, 90.0, 80.0, 1992-05-05 00:00:00, 1.5
6.0, 17.0, 90.0, 72.0, 1992-05-06 00:00:00, 0.1
6.0, 17.5, 0.0, 79.0, 1992-05-07 00:00:00, 0.0
0.0, 11.5, 0.0, 89.0, 1992-05-08 00:00:00, 0.3
10.0, 7.5, 140.0, 99.0, 1992-05-09 00:00:00, 13.0
0.0, 7.0, 0.0, 93.0, 1992-05-10 00:00:00, 16.0
5.0, 12.0, 0.0, 78.0, 1992-05-11 00:00:00, 3.1
2.0, 18.0, 270.0, 45.0, 1992-05-12 00:00:00, 0.4
5.0, 18.5, 140.0, 42.0, 1992-05-13 00:00:00, 0.0
5.0, 16.5, 0.0, 55.0, 1992-05-14 00:00:00, 0.0
0.0, 20.0, 0.0, 38.0, 1992-05-15 00:00:00, 0.0
5.0, 18.5, 140.0, 42.0, 1992-05-16 00:00:00, 0.0
15.0, 17.5, 50.0, 52.0, 1992-05-17 00:00:00, 0.0
5.0, 14.5, 230.0, 52.0, 1992-05-18 00:00:00, 0.0
3.0, 15.5, 0.0, 54.0, 1992-05-19 00:00:00, 0.0
3.0, 17.5, 230.0, 48.0, 1992-05-20 00:00:00, 0.0
3.0, 18.0, 50.0, 49.0, 1992-05-21 00:00:00, 0.0
0.0, 14.5, 0.0, 70.0, 1992-05-22 00:00:00, 0.0
8.0, 20.0, 50.0, 48.0, 1992-05-23 00:00:00, 0.0
2.0, 18.5, 270.0, 86.0, 1992-05-24 00:00:00, 2.2
0.0, 16.5, 0.0, 99.0, 1992-05-25 00:00:00, 6.2
5.0, 15.0, 50.0, 85.0, 1992-05-26 00:00:00, 9.0
0.0, 15.0, 0.0, 95.0, 1992-05-27 00:00:00, 1.8
7.0, 14.0, 50.0, 99.0, 1992-05-28 00:00:00, 14.0
0.0, 15.0, 0.0, 62.0, 1992-05-29 00:00:00, 0.0
10.0, 13.0, 50.0, 79.0, 1992-05-30 00:00:00, 4.0
0.0, 16.0, 0.0, 99.0, 1992-05-31 00:00:00, 6.0
7.0, 13.0, 50.0, 79.0, 1992-06-01 00:00:00, 18.0
9.0, 18.0, 50.0, 65.0, 1992-06-02 00:00:00, 3.0
8.0, 17.0, 50.0, 72.0, 1992-06-03 00:00:00, 2.0
3.0, 21.5, 180.0, 57.0, 1992-06-04 00:00:00, 0.0
8.0, 20.0, 0.0, 59.0, 1992-06-05 00:00:00, 0.0
4.0, 17.0, 90.0, 68.0, 1992-06-06 00:00:00, 0.0
0.0, 13.5, 0.0, 95.0, 1992-06-07 00:00:00, 0.0
12.0, 15.5, 50.0, 80.0, 1992-06-08 00:00:00, 0.4
7.0, 10.5, 90.0, 99.0, 1992-06-09 00:00:00, 11.0
8.0, 17.5, 0.0, 82.0, 1992-06-10 00:00:00, 1.4
3.0, 19.0, 0.0, 66.0, 1992-06-11 00:00:00, 0.6
0.0, 13.0, 0.0, 99.0, 1992-06-12 00:00:00, 5.6
6.0, 14.0, 90.0, 95.0, 1992-06-13 00:00:00, 8.5
0.0, 14.5, 0.0, 95.0, 1992-06-14 00:00:00, 1.1
4.0, 13.0, 90.0, 99.0, 1992-06-15 00:00:00, 1.1
0.0, 16.5, 0.0, 81.0, 1992-06-16 00:00:00, 2.0
6.0, 19.0, 0.0, 58.0, 1992-06-17 00:00:00, 0.2
8.0, 20.5, 0.0, 60.0, 1992-06-18 00:00:00, 0.0
0.0, 15.5, 0.0, 99.0, 1992-06-19 00:00:00, 2.8
2.0, 18.5, 50.0, 91.0, 1992-06-20 00:00:00, 8.3
4.0, 21.0, 270.0, 71.0, 1992-06-21 00:00:00, 3.8
6.0, 25.0, 270.0, 51.0, 1992-06-22 00:00:00, 0.3
10.0, 23.0, 50.0, 58.0, 1992-06-23 00:00:00, 0.0
5.0, 24.5, 0.0, 67.0, 1992-06-24 00:00:00, 0.0
5.0, 28.5, 270.0, 41.0, 1992-06-25 00:00:00, 0.0
7.0, 24.5, 270.0, 57.0, 1992-06-26 00:00:00, 0.0
5.0, 22.0, 270.0, 68.0, 1992-06-27 00:00:00, 0.0
2.0, 21.0, 270.0, 83.0, 1992-06-28 00:00:00, 0.6
7.0, 19.5, 270.0, 87.0, 1992-06-29 00:00:00, 0.1
0.0, 20.0, 0.0, 91.0, 1992-06-30 00:00:00, 3.0
5.0, 24.5, 270.0, 60.0, 1992-07-01 00:00:00, 0.1
6.0, 17.0, 0.0, 95.0, 1992-07-02 00:00:00, 4.2
0.0, 15.5, 0.0, 95.0, 1992-07-03 00:00:00, 1.6
3.0, 22.0, 320.0, 61.0, 1992-07-04 00:00:00, 4.8
2.0, 18.0, 320.0, 86.0, 1992-07-05 00:00:00, 0.3
0.0, 16.5, 0.0, 81.0, 1992-07-06 00:00:00, 0.0
0.0, 16.0, 0.0, 95.0, 1992-07-07 00:00:00, 5.8
2.0, 22.5, 270.0, 61.0, 1992-07-08 00:00:00, 0.3
4.0, 22.5, 0.0, 58.0, 1992-07-09 00:00:00, 0.0
3.0, 21.0, 270.0, 67.0, 1992-07-10 00:00:00, 0.0
6.0, 23.0, 320.0, 65.0, 1992-07-11 00:00:00, 0.0
2.0, 17.0, 0.0, 95.0, 1992-07-12 00:00:00, 0.3
4.0, 17.5, 0.0, 91.0, 1992-07-13 00:00:00, 4.1
9.0, 18.0, 0.0, 82.0, 1992-07-14 00:00:00, 4.0
7.0, 20.0, 0.0, 63.0, 1992-07-15 00:00:00, 1.4
4.0, 24.5, 320.0, 50.0, 1992-07-16 00:00:00, 0.0
9.0, 25.5, 0.0, 51.0, 1992-07-17 00:00:00, 0.0
9.0, 30.0, 0.0, 34.0, 1992-07-18 00:00:00, 0.0
5.0, 30.0, 270.0, 34.0, 1992-07-19 00:00:00, 0.0
16.0, 25.0, 270.0, 57.0, 1992-07-20 00:00:00, 0.0
9.0, 21.0, 0.0, 53.0, 1992-07-21 00:00:00, 0.0
14.0, 22.0, 0.0, 54.0, 1992-07-22 00:00:00, 0.0
7.0, 19.5, 0.0, 70.0, 1992-07-23 00:00:00, 0.0
12.0, 23.0, 0.0, 49.0, 1992-07-24 00:00:00, 0.0
17.0, 14.0, 0.0, 95.0, 1992-07-25 00:00:00, 2.0
9.0, 21.0, 0.0, 43.0, 1992-07-26 00:00:00, 0.5
7.0, 20.0, 0.0, 67.0, 1992-07-27 00:00:00, 0.5
7.0, 21.5, 0.0, 68.0, 1992-07-28 00:00:00, 3.6
9.0, 21.0, 0.0, 54.0, 1992-07-29 00:00:00, 0.1
12.0, 25.0, 0.0, 51.0, 1992-07-30 00:00:00, 0.0
9.0, 27.0, 0.0, 47.0, 1992-07-31 00:00:00, 0.0
12.0, 26.0, 0.0, 55.0, 1992-08-01 00:00:00, 0.0
3.0, 23.5, 0.0, 52.0, 1992-08-02 00:00:00, 0.0
7.0, 25.5, 0.0, 51.0, 1992-08-03 00:00:00, 0.0
16.0, 22.5, 0.0, 61.0, 1992-08-04 00:00:00, 0.0
14.0, 22.0, 0.0, 65.0, 1992-08-05 00:00:00, 0.0
0.0, 14.5, 0.0, 95.0, 1992-08-06 00:00:00, 41.0
5.0, 13.0, 0.0, 99.0, 1992-08-07 00:00:00, 3.0
3.0, 15.0, 0.0, 95.0, 1992-08-08 00:00:00, 5.0
3.0, 21.0, 0.0, 53.0, 1992-08-09 00:00:00, 0.7
0.0, 16.5, 0.0, 95.0, 1992-08-10 00:00:00, 1.3
7.0, 24.0, 320.0, 63.0, 1992-08-11 00:00:00, 0.2
5.0, 24.0, 270.0, 70.0, 1992-08-12 00:00:00, 0.0
11.0, 23.0, 320.0, 62.0, 1992-08-13 00:00:00, 0.0
4.0, 22.5, 320.0, 55.0, 1992-08-14 00:00:00, 0.0
8.0, 21.5, 320.0, 61.0, 1992-08-15 00:00:00, 0.0
10.0, 22.5, 50.0, 51.0, 1992-08-16 00:00:00, 0.0
10.0, 21.0, 50.0, 71.0, 1992-08-17 00:00:00, 0.0
5.0, 22.0, 320.0, 54.0, 1992-08-18 00:00:00, 0.0
0.0, 23.0, 0.0, 45.0, 1992-08-19 00:00:00, 0.0
5.0, 26.0, 320.0, 35.0, 1992-08-20 00:00:00, 0.0
15.0, 26.5, 320.0, 33.0, 1992-08-21 00:00:00, 0.0
13.0, 22.0, 270.0, 35.0, 1992-08-22 00:00:00, 0.0
12.0, 22.0, 0.0, 41.0, 1992-08-23 00:00:00, 0.0
7.0, 21.0, 0.0, 60.0, 1992-08-24 00:00:00, 0.0
0.0, 18.0, 0.0, 95.0, 1992-08-25 00:00:00, 0.0
8.0, 15.0, 320.0, 99.0, 1992-08-26 00:00:00, 9.0
7.0, 17.0, 320.0, 81.0, 1992-08-27 00:00:00, 0.2
7.0, 18.0, 320.0, 65.0, 1992-08-28 00:00:00, 0.0
0.0, 14.0, 0.0, 99.0, 1992-08-29 00:00:00, 8.0
7.0, 16.0, 320.0, 99.0, 1992-08-30 00:00:00, 13.0
3.0, 20.0, 270.0, 75.0, 1992-08-31 00:00:00, 9.0
3.0, 18.0, 270.0, 82.0, 1992-09-01 00:00:00, 1.0
0.0, 16.0, 0.0, 98.0, 1992-09-02 00:00:00, 0.1
0.0, 15.0, 0.0, 80.0, 1992-09-03 00:00:00, 4.4
0.0, 10.5, 0.0, 99.0, 1992-09-04 00:00:00, 3.4
0.0, 12.0, 0.0, 94.0, 1992-09-05 00:00:00, 10.5
0.0, 13.5, 0.0, 74.0, 1992-09-06 00:00:00, 0.4
3.0, 11.5, 90.0, 99.0, 1992-09-07 00:00:00, 38.5
0.0, 13.5, 0.0, 99.0, 1992-09-08 00:00:00, 20.5
14.0, 15.0, 90.0, 95.0, 1992-09-09 00:00:00, 5.8
0.0, 16.0, 0.0, 85.0, 1992-09-10 00:00:00, 36.5
5.0, 14.0, 50.0, 70.0, 1992-09-11 00:00:00, 0.4
0.0, 11.5, 0.0, 89.0, 1992-09-12 00:00:00, 4.1
9.0, 8.5, 50.0, 94.0, 1992-09-13 00:00:00, 5.7
0.0, 11.0, 0.0, 78.0, 1992-09-14 00:00:00, 0.6
3.0, 11.5, 50.0, 67.0, 1992-09-15 00:00:00, 0.0
6.0, 10.5, 90.0, 99.0, 1992-09-16 00:00:00, 36.5
5.0, 12.0, 0.0, 84.0, 1992-09-17 00:00:00, 0.5
0.0, 13.0, 0.0, 99.0, 1992-09-18 00:00:00, 1.8
3.0, 14.0, 90.0, 99.0, 1992-09-19 00:00:00, 11.0
0.0, 15.5, 0.0, 85.0, 1992-09-20 00:00:00, 40.0
16.0, 17.0, 180.0, 90.0, 1992-09-21 00:00:00, 9.0
0.0, 17.0, 0.0, 99.0, 1992-09-22 00:00:00, 0.8
0.0, 14.5, 0.0, 99.0, 1992-09-23 00:00:00, 66.0
0.0, 14.0, 0.0, 85.0, 1992-09-24 00:00:00, 22.0
8.0, 11.0, 90.0, 99.0, 1992-09-25 00:00:00, 4.1
0.0, 10.0, 0.0, 99.0, 1992-09-26 00:00:00, 46.0
0.0, 9.0, 0.0, 99.0, 1992-09-27 00:00:00, 2.0
0.0, 13.0, 0.0, 99.0, 1992-09-28 00:00:00, 28.0
22.0, 16.0, 50.0, 81.0, 1992-09-29 00:00:00, 20.5
0.0, 16.0, 0.0, 85.0, 1992-09-30 00:00:00, 1.0
0.0, 13.0, 0.0, 80.0, 1992-10-01 00:00:00, 8.0
0.0, 14.0, 0.0, 18.0, 1992-10-02 00:00:00, 1.5
0.0, 13.0, 0.0, 69.0, 1992-10-03 00:00:00, 2.0
5.0, 11.0, 90.0, 89.0, 1992-10-04 00:00:00, 3.0
5.0, 11.0, 0.0, 89.0, 1992-10-05 00:00:00, 0.5
10.0, 14.0, 0.0, 68.0, 1992-10-06 00:00:00, 0.0
16.0, 13.0, 90.0, 74.0, 1992-10-07 00:00:00, 0.0
0.0, 9.0, 0.0, 99.0, 1992-10-08 00:00:00, 20.5
0.0, 10.5, 0.0, 99.0, 1992-10-09 00:00:00, 11.5
10.0, 11.0, 140.0, 99.0, 1992-10-10 00:00:00, 58.0
0.0, 8.5, 0.0, 94.0, 1992-10-11 00:00:00, 1.8
8.0, 10.0, 90.0, 77.0, 1992-10-12 00:00:00, 0.0
3.0, 8.5, 0.0, 76.0, 1992-10-13 00:00:00, 0.0
6.0, 8.0, 0.0, 75.0, 1992-10-14 00:00:00, 2.0
0.0, 6.0, 0.0, 73.0, 1992-10-15 00:00:00, 0.0
0.0, 0.0, 0.0, 0.0, 1993-04-14 00:00:00, 0.0
0.0, 13.0, 0.0, 84.0, 1993-04-15 00:00:00, 0.0
0.0, 13.0, 0.0, 0.0, 1993-04-16 00:00:00, 2.0
0.0, 10.0, 0.0, 0.0, 1993-04-17 00:00:00, 2.0
0.0, 14.0, 0.0, 0.0, 1993-04-18 00:00:00, 3.0
0.0, 15.0, 0.0, 0.0, 1993-04-19 00:00:00, 2.2
0.0, 13.0, 0.0, 0.0, 1993-04-20 00:00:00, 0.0
0.0, 11.0, 0.0, 0.0, 1993-04-21 00:00:00, 0.0
6.0, 15.5, 50.0, 62.0, 1993-04-22 00:00:00, 0.3
2.0, 10.0, 0.0, 99.0, 1993-04-23 00:00:00, 3.4
7.0, 15.0, 90.0, 80.0, 1993-04-24 00:00:00, 4.2
10.0, 13.5, 230.0, 69.0, 1993-04-25 00:00:00, 0.3
2.0, 11.5, 180.0, 83.0, 1993-04-26 00:00:00, 2.5
0.0, 11.5, 0.0, 89.0, 1993-04-27 00:00:00, 1.1
4.0, 14.0, 230.0, 80.0, 1993-05-09 00:00:00, 0.2
11.0, 10.0, 90.0, 99.0, 1993-05-10 00:00:00, 4.0
6.0, 15.0, 90.0, 80.0, 1993-05-11 00:00:00, 0.7
6.0, 21.0, 90.0, 67.0, 1993-05-12 00:00:00, 0.2
18.0, 20.0, 230.0, 67.0, 1993-05-13 00:00:00, 0.0
4.0, 21.0, 230.0, 39.0, 1993-05-14 00:00:00, 0.0
4.0, 21.0, 230.0, 60.0, 1993-05-15 00:00:00, 0.0
11.0, 20.0, 90.0, 59.0, 1993-05-16 00:00:00, 0.0
4.0, 25.0, 90.0, 33.0, 1993-05-17 00:00:00, 0.0
4.0, 27.0, 230.0, 36.0, 1993-05-18 00:00:00, 0.0
11.0, 20.0, 90.0, 67.0, 1993-05-19 00:00:00, 0.0
4.0, 21.0, 90.0, 60.0, 1993-05-20 00:00:00, 2.5
0.0, 20.0, 90.0, 59.0, 1993-05-21 00:00:00, 0.9
4.0, 20.0, 90.0, 83.0, 1993-05-22 00:00:00, 1.5
11.0, 24.0, 90.0, 47.0, 1993-05-23 00:00:00, 1.7
15.0, 27.0, 90.0, 36.0, 1993-05-24 00:00:00, 0.0
18.0, 29.0, 90.0, 34.0, 1993-05-25 00:00:00, 0.0
11.0, 27.0, 90.0, 41.0, 1993-05-26 00:00:00, 0.0
6.0, 22.0, 0.0, 36.0, 1993-05-27 00:00:00, 0.0
6.0, 24.0, 0.0, 39.0, 1993-05-28 00:00:00, 0.0
15.0, 18.0, 0.0, 34.0, 1993-05-29 00:00:00, 0.2
15.0, 14.0, 0.0, 29.0, 1993-05-30 00:00:00, 1.8
4.0, 17.0, 0.0, 32.0, 1993-05-31 00:00:00, 0.0
0.0, 19.0, 0.0, 36.0, 1993-06-01 00:00:00, 0.0
6.0, 17.0, 0.0, 34.0, 1993-06-02 00:00:00, 0.0
11.0, 18.0, 0.0, 0.0, 1993-06-03 00:00:00, 0.0
11.0, 18.7, 90.0, 66.0, 1993-06-04 00:00:00, 0.0
15.0, 23.2, 90.0, 58.0, 1993-06-05 00:00:00, 0.0
17.0, 11.4, 90.0, 99.0, 1993-06-06 00:00:00, 0.2
22.0, 16.0, 90.0, 0.0, 1993-06-07 00:00:00, 4.2
6.0, 18.0, 90.0, 0.0, 1993-06-08 00:00:00, 5.0
6.0, 18.0, 90.0, 0.0, 1993-06-09 00:00:00, 5.0
6.0, 18.0, 90.0, 0.0, 1993-06-10 00:00:00, 2.0
6.0, 20.0, 320.0, 59.0, 1993-06-11 00:00:00, 5.0
7.0, 22.0, 230.0, 54.0, 1993-06-12 00:00:00, 0.0
11.0, 22.0, 230.0, 54.0, 1993-06-13 00:00:00, 0.0
0.0, 15.0, 0.0, 99.0, 1993-06-14 00:00:00, 1.5
4.0, 17.0, 230.0, 90.0, 1993-06-15 00:00:00, 14.5
4.0, 17.0, 230.0, 90.0, 1993-06-16 00:00:00, 0.0
6.0, 17.5, 90.0, 86.0, 1993-06-17 00:00:00, 5.0
3.0, 16.0, 230.0, 95.0, 1993-06-18 00:00:00, 10.5
3.0, 17.0, 230.0, 81.0, 1993-06-19 00:00:00, 2.5
0.0, 22.0, 0.0, 61.0, 1993-06-20 00:00:00, 1.7
5.0, 15.0, 90.0, 99.0, 1993-06-21 00:00:00, 5.0
10.0, 12.0, 320.0, 99.0, 1993-06-22 00:00:00, 13.0
3.0, 15.0, 320.0, 90.0, 1993-06-23 00:00:00, 12.5
0.0, 16.0, 0.0, 90.0, 1993-06-24 00:00:00, 6.0
0.0, 15.0, 0.0, 99.0, 1993-06-25 00:00:00, 18.0
0.0, 14.0, 0.0, 99.0, 1993-06-26 00:00:00, 10.0
0.0, 15.0, 0.0, 99.0, 1993-06-27 00:00:00, 36.0
0.0, 13.5, 0.0, 99.0, 1993-06-28 00:00:00, 10.0
0.0, 20.0, 0.0, 72.0, 1993-06-29 00:00:00, 2.0
3.0, 18.0, 0.0, 82.0, 1993-06-30 00:00:00, 2.0
6.0, 20.0, 0.0, 82.0, 1993-07-01 00:00:00, 10.0
0.0, 0.0, 0.0, 0.0, 1994-08-19 00:00:00, 0.0
0.0, 20.0, 0.0, 71.0, 1994-08-20 00:00:00, 4.2
3.0, 17.5, 270.0, 86.0, 1994-08-21 00:00:00, 6.5
0.0, 15.0, 0.0, 99.0, 1994-08-22 00:00:00, 24.0
0.0, 16.0, 0.0, 95.0, 1994-08-23 00:00:00, 14.5
6.0, 17.0, 270.0, 81.0, 1994-08-24 00:00:00, 2.4
4.0, 21.0, 270.0, 64.0, 1994-08-25 00:00:00, 0.0
2.0, 21.0, 270.0, 60.0, 1994-08-26 00:00:00, 0.0
6.0, 27.5, 270.0, 48.0, 1994-08-27 00:00:00, 0.0
0.0, 19.5, 0.0, 70.0, 1994-08-28 00:00:00, 0.0
4.0, 17.5, 270.0, 77.0, 1994-08-29 00:00:00, 1.0
16.0, 20.0, 270.0, 59.0, 1994-08-30 00:00:00, 0.0
4.0, 15.5, 270.0, 71.0, 1994-08-31 00:00:00, 0.2
3.0, 18.0, 270.0, 65.0, 1994-09-01 00:00:00, 0.0
0.0, 15.0, 0.0, 85.0, 1994-09-02 00:00:00, 7.0
0.0, 14.5, 0.0, 85.0, 1994-09-03 00:00:00, 20.0
0.0, 15.0, 0.0, 80.0, 1994-09-04 00:00:00, 0.4
2.0, 14.0, 90.0, 99.0, 1994-09-05 00:00:00, 20.5
0.0, 14.5, 0.0, 99.0, 1994-09-06 00:00:00, 33.5
0.0, 14.0, 0.0, 99.0, 1994-09-07 00:00:00, 15.0
0.0, 14.5, 0.0, 99.0, 1994-09-08 00:00:00, 25.0
0.0, 15.5, 0.0, 99.0, 1994-09-09 00:00:00, 15.0
0.0, 17.0, 0.0, 95.0, 1994-09-10 00:00:00, 5.0
0.0, 18.0, 0.0, 82.0, 1994-09-11 00:00:00, 0.0
0.0, 17.0, 0.0, 95.0, 1994-09-12 00:00:00, 0.4
2.0, 15.0, 90.0, 99.0, 1994-09-13 00:00:00, 37.0
0.0, 14.0, 0.0, 99.0, 1994-09-14 00:00:00, 36.0
0.0, 19.5, 0.0, 82.0, 1994-09-15 00:00:00, 0.4
0.0, 19.5, 0.0, 82.0, 1994-09-16 00:00:00, 0.4
2.0, 16.0, 270.0, 85.0, 1994-09-17 00:00:00, 0.9
2.0, 15.0, 90.0, 0.0, 1994-09-18 00:00:00, 4.7
0.0, 15.5, 0.0, 99.0, 1994-09-19 00:00:00, 7.0
0.0, 18.0, 0.0, 77.0, 1994-09-20 00:00:00, 1.0
3.0, 17.5, 270.0, 64.0, 1994-09-21 00:00:00, 0.6
6.0, 16.0, 270.0, 80.0, 1994-09-22 00:00:00, 0.0
0.0, 14.0, 0.0, 99.0, 1994-09-23 00:00:00, 5.8
0.0, 15.5, 0.0, 80.0, 1994-09-24 00:00:00, 5.8
4.0, 14.0, 90.0, 86.0, 1994-09-25 00:00:00, 17.0
0.0, 14.0, 0.0, 81.0, 1994-09-26 00:00:00, 0.6
0.0, 13.5, 0.0, 95.0, 1994-09-27 00:00:00, 9.5
0.0, 14.0, 0.0, 81.0, 1994-09-28 00:00:00, 0.5
0.0, 15.0, 0.0, 90.0, 1994-09-29 00:00:00, 0.2
10.0, 12.5, 90.0, 99.0, 1994-09-30 00:00:00, 80.0
