station_observations
wind_speed, temperature, wind_direction, relative_humidity, time, precipitation
0.0, 14.0, 0.0, 99.0, 1990-07-24 00:00:00, 1.0
0.0, 18.0, 230.0, 85.0, 1990-07-25 00:00:00, 0.0
0.0, 17.2, 230.0, 67.0, 1990-07-26 00:00:00, 0.0
0.0, 21.3, 230.0, 52.0, 1990-07-27 00:00:00, 0.0
1.0, 24.2, 270.0, 47.0, 1990-07-28 00:00:00, 0.0
4.0, 26.1, 230.0, 48.0, 1990-07-29 00:00:00, 0.0
0.0, 24.5, 230.0, 59.0, 1990-07-30 00:00:00, 0.0
2.0, 18.9, 230.0, 75.0, 1990-07-31 00:00:00, 0.0
1.0, 15.1, 230.0, 67.0, 1990-08-01 00:00:00, 0.0
0.0, 14.6, 230.0, 92.0, 1990-08-02 00:00:00, 1.0
0.0, 15.7, 270.0, 99.0, 1990-08-03 00:00:00, 0.0
0.0, 22.2, 230.0, 74.0, 1990-08-04 00:00:00, 0.0
1.0, 24.3, 230.0, 67.0, 1990-08-05 00:00:00, 0.0
0.0, 15.7, 90.0, 73.0, 1990-08-06 00:00:00, 9.0
0.0, 16.2, 230.0, 84.0, 1990-08-07 00:00:00, 1.0
0.0, 22.4, 230.0, 64.0, 1990-08-08 00:00:00, 0.0
0.0, 24.2, 0.0, 64.0, 1990-08-09 00:00:00, 0.0
12.0, 29.6, 230.0, 45.0, 1990-08-10 00:00:00, 0.0
0.0, 30.9, 0.0, 41.0, 1990-08-11 00:00:00, 0.0
2.0, 29.0, 180.0, 49.0, 1990-08-12 00:00:00, 0.0
2.0, 18.3, 230.0, 86.0, 1990-08-13 00:00:00, 0.0
0.0, 18.3, 0.0, 78.0, 1990-08-14 00:00:00, 0.1
1.0, 19.0, 230.0, 80.0, 1990-08-15 00:00:00, 0.0
0.0, 18.3, 0.0, 92.0, 1990-08-16 00:00:00, 0.1
0.0, 22.0, 0.0, 62.0, 1990-08-17 00:00:00, 0.0
0.0, 23.6, 0.0, 59.0, 1990-08-18 00:00:00, 0.0
1.0, 22.8, 230.0, 65.0, 1990-08-19 00:00:00, 0.0
0.0, 23.3, 0.0, 59.0, 1990-08-20 00:00:00, 0.0
0.0, 22.6, 0.0, 75.0, 1990-08-21 00:00:00, 0.0
0.0, 12.4, 0.0, 88.0, 1990-08-22 00:00:00, 0.0
0.0, 13.0, 0.0, 92.0, 1990-08-23 00:00:00, 5.0
0.0, 23.3, 0.0, 59.0, 1990-08-24 00:00:00, 0.0
0.0, 20.4, 0.0, 40.0, 1990-08-25 00:00:00, 0.0
2.0, 22.1, 230.0, 35.0, 1990-08-26 00:00:00, 0.0
0.0, 21.1, 0.0, 38.0, 1990-08-27 00:00:00, 0.0
0.0, 22.5, 0.0, 41.0, 1990-08-28 00:00:00, 0.0
0.0, 19.8, 0.0, 51.0, 1990-08-29 00:00:00, 0.0
0.0, 13.2, 0.0, 99.0, 1990-08-30 00:00:00, 6.0
0.0, 13.8, 0.0, 94.0, 1990-08-31 00:00:00, 3.0
0.0, 11.7, 0.0, 90.0, 1990-09-01 00:00:00, 0.0
0.0, 15.9, 0.0, 59.0, 1990-09-02 00:00:00, 5.0
0.0, 18.7, 0.0, 53.0, 1990-09-03 00:00:00, 0.0
0.0, 20.2, 0.0, 54.0, 1990-09-04 00:00:00, 0.0
1.0, 20.4, 230.0, 66.0, 1990-09-05 00:00:00, 0.0
0.0, 20.3, 0.0, 70.0, 1990-09-06 00:00:00, 0.0
0.0, 22.6, 0.0, 54.0, 1990-09-07 00:00:00, 0.0
0.0, 18.7, 0.0, 75.0, 1990-09-08 00:00:00, 0.0
2.0, 18.0, 230.0, 81.0, 1990-09-09 00:00:00, 0.0
0.0, 18.1, 0.0, 78.0, 1990-09-10 00:00:00, 0.0
0.0, 19.2, 0.0, 59.0, 1990-09-11 00:00:00, 0.0
0.0, 18.1, 0.0, 78.0, 1990-09-12 00:00:00, 0.0
0.0, 18.3, 0.0, 68.0, 1990-09-13 00:00:00, 0.0
0.0, 24.5, 0.0, 40.0, 1990-09-14 00:00:00, 0.0
0.0, 19.9, 0.0, 63.0, 1990-09-15 00:00:00, 0.0
0.0, 15.4, 0.0, 89.0, 1990-09-16 00:00:00, 0.0
0.0, 17.2, 0.0, 66.0, 1990-09-17 00:00:00, 0.0
0.0, 14.4, 0.0, 95.0, 1990-09-18 00:00:00, 7.0
0.0, 16.1, 230.0, 70.0, 1990-09-19 00:00:00, 0.0
0.0, 17.0, 230.0, 65.0, 1990-09-20 00:00:00, 0.0
0.0, 21.3, 230.0, 65.0, 1990-09-21 00:00:00, 0.0
0.0, 23.2, 230.0, 54.0, 1990-09-22 00:00:00, 0.0
0.0, 18.6, 230.0, 74.0, 1990-09-23 00:00:00, 0.0
0.0, 14.0, 230.0, 95.0, 1990-09-24 00:00:00, 0.0
0.0, 15.6, 230.0, 76.0, 1990-09-25 00:00:00, 1.0
0.0, 18.0, 230.0, 49.0, 1990-09-26 00:00:00, 0.0
11.0, 16.7, 230.0, 53.0, 1990-09-27 00:00:00, 0.0
14.0, 11.3, 230.0, 99.0, 1990-09-28 00:00:00, 18.0
0.0, 13.0, 90.0, 65.0, 1990-09-29 00:00:00, 2.0
1.0, 12.0, 230.0, 83.0, 1990-09-30 00:00:00, 2.0
7.0, 8.5, 270.0, 90.0, 1990-10-01 00:00:00, 24.0
3.0, 6.9, 270.0, 99.0, 1990-10-02 00:00:00, 24.0
0.0, 5.2, 50.0, 99.0, 1990-10-03 00:00:00, 16.0
0.0, 0.0, 0.0, 0.0, 1991-04-14 00:00:00, 0.0
0.0, 5.2, 230.0, 84.0, 1991-04-15 00:00:00, 0.0
4.0, 16.5, 230.0, 32.0, 1991-04-16 00:00:00, 1.0
5.0, 13.7, 270.0, 47.0, 1991-04-17 00:00:00, 0.0
2.0, 14.5, 230.0, 53.0, 1991-04-18 00:00:00, 0.0
5.0, 13.7, 230.0, 59.0, 1991-04-19 00:00:00, 0.0
1.0, 15.8, 230.0, 52.0, 1991-04-20 00:00:00, 0.0
3.0, 13.5, 270.0, 63.0, 1991-04-21 00:00:00, 0.0
1.0, 7.2, 230.0, 79.0, 1991-04-22 00:00:00, 0.0
6.0, 10.5, 230.0, 72.0, 1991-04-23 00:00:00, 0.0
0.0, 4.7, 0.0, 94.0, 1991-04-24 00:00:00, 3.0
0.0, 7.5, 180.0, 68.0, 1991-04-25 00:00:00, 2.0
0.0, 5.8, 230.0, 96.0, 1991-04-26 00:00:00, 1.0
2.0, 8.6, 230.0, 75.0, 1991-04-27 00:00:00, 3.0
0.0, 5.9, 140.0, 93.0, 1991-04-28 00:00:00, 4.0
5.0, 11.2, 230.0, 65.0, 1991-04-29 00:00:00, 2.0
0.0, 15.4, 230.0, 43.0, 1991-04-30 00:00:00, 0.0
10.0, 20.0, 230.0, 27.0, 1991-05-01 00:00:00, 0.0
3.0, 20.7, 230.0, 30.0, 1991-05-02 00:00:00, 0.0
6.0, 21.5, 230.0, 27.0, 1991-05-03 00:00:00, 0.0
9.0, 9.4, 230.0, 85.0, 1991-05-04 00:00:00, 0.0
0.0, 9.0, 230.0, 94.0, 1991-05-05 00:00:00, 1.0
6.0, 8.0, 230.0, 96.0, 1991-05-06 00:00:00, 6.0
0.0, 8.7, 230.0, 86.0, 1991-05-07 00:00:00, 1.0
5.0, 7.7, 230.0, 99.0, 1991-05-08 00:00:00, 3.0
2.0, 9.4, 230.0, 88.0, 1991-05-09 00:00:00, 3.0
0.0, 9.7, 0.0, 87.0, 1991-05-10 00:00:00, 0.0
0.0, 14.5, 230.0, 62.0, 1991-05-11 00:00:00, 0.0
1.0, 12.1, 230.0, 76.0, 1991-05-12 00:00:00, 0.0
2.0, 9.0, 230.0, 77.0, 1991-05-13 00:00:00, 5.0
5.0, 13.5, 230.0, 51.0, 1991-05-14 00:00:00, 0.0
0.0, 10.5, 270.0, 97.0, 1991-05-15 00:00:00, 2.0
2.0, 8.5, 230.0, 95.0, 1991-05-16 00:00:00, 2.0
5.0, 13.5, 230.0, 70.0, 1991-05-17 00:00:00, 0.0
16.0, 19.5, 230.0, 47.0, 1991-05-18 00:00:00, 0.0
1.0, 20.7, 230.0, 45.0, 1991-05-19 00:00:00, 0.0
0.0, 8.8, 230.0, 99.0, 1991-05-20 00:00:00, 0.0
1.0, 8.6, 270.0, 67.0, 1991-05-21 00:00:00, 0.0
0.0, 10.0, 140.0, 71.0, 1991-05-22 00:00:00, 2.0
9.0, 13.6, 230.0, 59.0, 1991-05-23 00:00:00, 1.0
4.0, 16.0, 230.0, 41.0, 1991-05-24 00:00:00, 0.0
12.0, 15.2, 230.0, 67.0, 1991-05-25 00:00:00, 0.0
9.0, 14.7, 270.0, 48.0, 1991-05-26 00:00:00, 0.0
8.0, 15.2, 230.0, 55.0, 1991-05-27 00:00:00, 0.0
11.0, 15.8, 230.0, 61.0, 1991-05-28 00:00:00, 0.0
0.0, 10.8, 230.0, 94.0, 1991-05-29 00:00:00, 2.0
2.0, 9.3, 270.0, 99.0, 1991-05-30 00:00:00, 3.0
0.0, 9.2, 50.0, 93.0, 1991-05-31 00:00:00, 10.0
0.0, 8.9, 270.0, 79.0, 1991-06-01 00:00:00, 11.0
0.0, 7.1, 230.0, 92.0, 1991-06-02 00:00:00, 1.0
0.0, 7.1, 180.0, 96.0, 1991-06-03 00:00:00, 5.0
0.0, 8.0, 90.0, 90.0, 1991-06-04 00:00:00, 1.0
2.0, 16.5, 230.0, 58.0, 1991-06-05 00:00:00, 0.0
3.0, 20.2, 230.0, 53.0, 1991-06-06 00:00:00, 0.0
0.0, 10.2, 270.0, 99.0, 1991-06-07 00:00:00, 3.0
2.0, 13.2, 230.0, 61.0, 1991-06-08 00:00:00, 0.0
0.0, 11.6, 230.0, 99.0, 1991-06-09 00:00:00, 5.0
1.0, 7.8, 270.0, 96.0, 1991-06-10 00:00:00, 21.0
6.0, 8.7, 230.0, 95.0, 1991-06-11 00:00:00, 1.0
0.0, 10.4, 180.0, 84.0, 1991-06-12 00:00:00, 2.0
1.0, 7.7, 230.0, 99.0, 1991-06-13 00:00:00, 1.0
0.0, 8.7, 230.0, 99.0, 1991-06-14 00:00:00, 1.0
0.0, 12.5, 230.0, 82.0, 1991-06-15 00:00:00, 2.0
4.0, 15.4, 270.0, 62.0, 1991-06-16 00:00:00, 0.0
0.0, 11.3, 230.0, 82.0, 1991-06-17 00:00:00, 0.0
2.0, 19.7, 230.0, 61.0, 1991-06-18 00:00:00, 0.0
0.0, 21.6, 230.0, 41.0, 1991-06-19 00:00:00, 0.0
0.0, 25.9, 0.0, 30.0, 1991-06-20 00:00:00, 0.0
3.0, 17.7, 230.0, 71.0, 1991-06-21 00:00:00, 0.0
0.0, 14.6, 0.0, 86.0, 1991-06-22 00:00:00, 0.0
0.0, 14.2, 0.0, 90.0, 1991-06-23 00:00:00, 0.0
4.0, 19.6, 230.0, 68.0, 1991-06-24 00:00:00, 0.0
1.0, 16.0, 230.0, 86.0, 1991-06-25 00:00:00, 0.0
1.0, 14.6, 230.0, 83.0, 1991-06-26 00:00:00, 0.0
5.0, 21.0, 270.0, 60.0, 1991-06-27 00:00:00, 0.0
1.0, 21.5, 230.0, 59.0, 1991-06-28 00:00:00, 0.0
0.0, 12.5, 0.0, 99.0, 1991-06-29 00:00:00, 4.0
0.0, 14.1, 0.0, 93.0, 1991-06-30 00:00:00, 5.0
0.0, 13.0, 0.0, 99.0, 1991-07-01 00:00:00, 3.0
0.0, 14.5, 0.0, 99.0, 1991-07-02 00:00:00, 10.0
0.0, 15.6, 0.0, 92.0, 1991-07-03 00:00:00, 5.0
5.0, 15.4, 230.0, 73.0, 1991-07-04 00:00:00, 0.0
3.0, 10.0, 230.0, 97.0, 1991-07-05 00:00:00, 2.0
5.0, 18.8, 230.0, 59.0, 1991-07-06 00:00:00, 0.0
1.0, 20.3, 230.0, 57.0, 1991-07-07 00:00:00, 0.0
2.0, 18.4, 230.0, 74.0, 1991-07-08 00:00:00, 0.0
0.0, 20.0, 180.0, 63.0, 1991-07-09 00:00:00, 0.0
0.0, 14.6, 0.0, 87.0, 1991-07-10 00:00:00, 0.0
0.0, 14.9, 0.0, 99.0, 1991-07-11 00:00:00, 2.0
0.0, 13.4, 0.0, 99.0, 1991-07-12 00:00:00, 13.0
0.0, 12.2, 0.0, 92.0, 1991-07-13 00:00:00, 10.0
0.0, 12.2, 0.0, 96.0, 1991-07-14 00:00:00, 2.0
0.0, 12.6, 0.0, 99.0, 1991-07-15 00:00:00, 5.0
1.0, 14.4, 230.0, 96.0, 1991-07-16 00:00:00, 18.0
1.0, 13.9, 230.0, 92.0, 1991-07-17 00:00:00, 1.0
3.0, 15.2, 270.0, 80.0, 1991-07-18 00:00:00, 0.0
0.0, 13.1, 0.0, 88.0, 1991-07-19 00:00:00, 1.0
3.0, 14.2, 230.0, 80.0, 1991-07-20 00:00:00, 1.0
0.0, 16.6, 0.0, 82.0, 1991-07-21 00:00:00, 2.0
1.0, 23.1, 230.0, 50.0, 1991-07-22 00:00:00, 0.0
3.0, 19.1, 230.0, 35.0, 1991-07-23 00:00:00, 0.0
0.0, 18.5, 0.0, 89.0, 1991-07-24 00:00:00, 0.0
5.0, 17.0, 230.0, 83.0, 1991-07-25 00:00:00, 0.0
0.0, 12.0, 0.0, 99.0, 1991-07-26 00:00:00, 10.0
0.0, 12.3, 0.0, 99.0, 1991-07-27 00:00:00, 2.0
0.0, 11.6, 0.0, 98.0, 1991-07-28 00:00:00, 7.0
0.0, 13.2, 0.0, 93.0, 1991-07-29 00:00:00, 5.0
3.0, 17.7, 230.0, 62.0, 1991-07-30 00:00:00, 0.0
1.0, 20.1, 230.0, 57.0, 1991-07-31 00:00:00, 0.0
2.0, 20.1, 230.0, 68.0, 1991-08-01 00:00:00, 0.0
1.0, 19.6, 230.0, 68.0, 1991-08-02 00:00:00, 0.0
1.0, 18.3, 270.0, 71.0, 1991-08-03 00:00:00, 0.0
1.0, 12.7, 270.0, 99.0, 1991-08-04 00:00:00, 6.0
1.0, 16.5, 230.0, 73.0, 1991-08-05 00:00:00, 0.0
0.0, 21.5, 0.0, 50.0, 1991-08-06 00:00:00, 0.0
5.0, 16.1, 230.0, 94.0, 1991-08-07 00:00:00, 1.0
6.0, 16.9, 230.0, 99.0, 1991-08-08 00:00:00, 5.0
3.0, 17.5, 230.0, 81.0, 1991-08-09 00:00:00, 1.0
8.0, 17.8, 230.0, 76.0, 1991-08-10 00:00:00, 0.0
7.0, 19.6, 230.0, 71.0, 1991-08-11 00:00:00, 0.0
0.0, 23.3, 0.0, 65.0, 1991-08-12 00:00:00, 0.0
2.0, 25.0, 230.0, 54.0, 1991-08-13 00:00:00, 0.0
6.0, 25.5, 230.0, 64.0, 1991-08-14 00:00:00, 0.0
5.0, 24.4, 230.0, 69.0, 1991-08-15 00:00:00, 0.0
0.0, 23.0, 0.0, 76.0, 1991-08-16 00:00:00, 0.0
0.0, 24.3, 0.0, 63.0, 1991-08-17 00:00:00, 0.0
1.0, 23.2, 230.0, 69.0, 1991-08-18 00:00:00, 0.0
1.0, 17.1, 230.0, 78.0, 1991-08-19 00:00:00, 0.0
5.0, 15.7, 90.0, 77.0, 1991-08-20 00:00:00, 0.0
2.0, 13.9, 230.0, 89.0, 1991-08-21 00:00:00, 0.0
1.0, 17.1, 230.0, 68.0, 1991-08-22 00:00:00, 0.0
0.0, 13.6, 0.0, 66.0, 1991-08-23 00:00:00, 0.0
0.0, 13.4, 0.0, 85.0, 1991-08-24 00:00:00, 0.0
2.0, 14.4, 140.0, 67.0, 1991-08-25 00:00:00, 2.0
2.0, 14.2, 50.0, 94.0, 1991-08-26 00:00:00, 23.0
2.0, 12.9, 90.0, 79.0, 1991-08-27 00:00:00, 25.0
2.0, 10.5, 230.0, 98.0, 1991-08-28 00:00:00, 8.0
2.0, 12.2, 180.0, 95.0, 1991-08-29 00:00:00, 5.0
2.0, 14.1, 230.0, 89.0, 1991-08-30 00:00:00, 7.0
10.0, 12.2, 180.0, 87.0, 1991-08-31 00:00:00, 11.0
6.0, 13.0, 230.0, 84.0, 1991-09-01 00:00:00, 3.0
8.0, 14.9, 230.0, 84.0, 1991-09-02 00:00:00, 1.0
5.0, 19.0, 230.0, 79.0, 1991-09-03 00:00:00, 1.0
4.0, 21.0, 230.0, 69.0, 1991-09-04 00:00:00, 0.0
2.0, 14.8, 270.0, 98.0, 1991-09-05 00:00:00, 0.0
5.0, 14.6, 230.0, 93.0, 1991-09-06 00:00:00, 9.0
2.0, 13.5, 230.0, 74.0, 1991-09-07 00:00:00, 0.0
3.0, 17.6, 230.0, 55.0, 1991-09-08 00:00:00, 0.0
6.0, 14.1, 230.0, 81.0, 1991-09-09 00:00:00, 0.0
5.0, 18.6, 230.0, 59.0, 1991-09-10 00:00:00, 0.0
6.0, 17.0, 230.0, 76.0, 1991-09-11 00:00:00, 0.0
5.0, 12.8, 50.0, 94.0, 1991-09-12 00:00:00, 11.0
5.0, 12.8, 230.0, 81.0, 1991-09-13 00:00:00, 16.0
4.0, 12.7, 230.0, 83.0, 1991-09-14 00:00:00, 0.0
5.0, 11.0, 270.0, 99.0, 1991-09-15 00:00:00, 3.0
3.0, 16.9, 230.0, 97.0, 1991-09-16 00:00:00, 9.0
2.0, 20.1, 230.0, 70.0, 1991-09-17 00:00:00, 0.0
