station_observations
wind_speed, temperature, wind_direction, relative_humidity, time, precipitation
0.0, 0.0, 0.0, 0.0, 1991-07-22 00:00:00, 0.0
4.0, 26.2, 0.0, 45.0, 1991-07-23 00:00:00, 0.0
3.0, 20.2, 0.0, 72.0, 1991-07-24 00:00:00, 0.2
6.0, 17.7, 0.0, 76.0, 1991-07-25 00:00:00, 0.0
3.0, 13.6, 0.0, 99.0, 1991-07-26 00:00:00, 3.3
1.0, 12.4, 0.0, 99.0, 1991-07-27 00:00:00, 21.0
1.0, 11.9, 50.0, 99.0, 1991-07-28 00:00:00, 19.5
2.0, 11.4, 0.0, 99.0, 1991-07-29 00:00:00, 6.0
4.0, 17.0, 320.0, 70.0, 1991-07-30 00:00:00, 0.0
4.0, 15.1, 0.0, 84.0, 1991-07-31 00:00:00, 0.0
5.0, 17.0, 270.0, 78.0, 1991-08-01 00:00:00, 0.0
1.0, 12.9, 0.0, 98.0, 1991-08-02 00:00:00, 0.2
3.0, 15.8, 0.0, 99.0, 1991-08-03 00:00:00, 26.9
0.0, 14.2, 0.0, 77.0, 1991-08-04 00:00:00, 14.7
5.0, 14.0, 180.0, 74.0, 1991-08-05 00:00:00, 0.0
4.0, 17.8, 0.0, 61.0, 1991-08-06 00:00:00, 0.0
5.0, 17.5, 0.0, 73.0, 1991-08-07 00:00:00, 1.3
4.0, 17.9, 230.0, 81.0, 1991-08-08 00:00:00, 1.7
5.0, 5.4, 230.0, 74.0, 1991-08-09 00:00:00, 8.6
5.0, 17.0, 320.0, 77.0, 1991-08-10 00:00:00, 0.0
2.0, 18.0, 0.0, 78.0, 1991-08-11 00:00:00, 0.0
3.0, 20.8, 320.0, 74.0, 1991-08-12 00:00:00, 0.0
4.0, 23.1, 320.0, 67.0, 1991-08-13 00:00:00, 0.0
4.0, 19.4, 0.0, 84.0, 1991-08-14 00:00:00, 0.0
5.0, 16.7, 0.0, 99.0, 1991-08-15 00:00:00, 0.0
3.0, 16.0, 320.0, 98.0, 1991-08-16 00:00:00, 0.0
3.0, 20.5, 320.0, 80.0, 1991-08-17 00:00:00, 0.0
5.0, 17.5, 320.0, 87.0, 1991-08-18 00:00:00, 0.0
0.0, 12.5, 0.0, 99.0, 1991-08-19 00:00:00, 7.1
1.0, 14.2, 0.0, 99.0, 1991-08-20 00:00:00, 16.0
1.0, 12.6, 320.0, 99.0, 1991-08-21 00:00:00, 6.0
5.0, 14.2, 320.0, 88.0, 1991-08-22 00:00:00, 1.0
0.0, 13.9, 0.0, 90.0, 1991-08-23 00:00:00, 2.5
1.0, 14.2, 320.0, 94.0, 1991-08-24 00:00:00, 2.0
0.0, 11.2, 50.0, 99.0, 1991-08-25 00:00:00, 1.5
4.0, 12.5, 320.0, 99.0, 1991-08-26 00:00:00, 76.7
2.0, 10.9, 0.0, 99.0, 1991-08-27 00:00:00, 18.5
1.0, 11.4, 140.0, 99.0, 1991-08-28 00:00:00, 5.0
8.0, 12.5, 320.0, 85.0, 1991-08-29 00:00:00, 2.5
0.0, 11.5, 0.0, 99.0, 1991-08-30 00:00:00, 51.8
0.0, 10.8, 0.0, 99.0, 1991-08-31 00:00:00, 16.7
4.0, 11.4, 0.0, 95.0, 1991-09-01 00:00:00, 7.8
2.0, 11.8, 180.0, 94.0, 1991-09-02 00:00:00, 5.0
2.0, 12.9, 90.0, 99.0, 1991-09-03 00:00:00, 19.5
3.0, 17.1, 0.0, 94.0, 1991-09-04 00:00:00, 20.4
1.0, 14.1, 0.0, 99.0, 1991-09-05 00:00:00, 3.3
5.0, 13.4, 0.0, 78.0, 1991-09-06 00:00:00, 7.6
4.0, 12.6, 0.0, 96.0, 1991-09-07 00:00:00, 5.5
4.0, 12.4, 320.0, 88.0, 1991-09-08 00:00:00, 0.2
1.0, 11.9, 50.0, 98.0, 1991-09-09 00:00:00, 0.0
1.0, 13.8, 0.0, 96.0, 1991-09-10 00:00:00, 0.0
3.0, 13.7, 0.0, 99.0, 1991-09-11 00:00:00, 4.8
1.0, 11.3, 0.0, 99.0, 1991-09-12 00:00:00, 24.3
0.0, 0.0, 0.0, 0.0, 1993-06-30 00:00:00, 0.0
0.0, 15.1, 0.0, 77.0, 1993-07-01 00:00:00, 0.0
0.0, 19.5, 0.0, 62.0, 1993-07-02 00:00:00, 1.2
0.0, 14.1, 0.0, 86.0, 1993-07-03 00:00:00, 0.7
1.0, 12.4, 0.0, 87.0, 1993-07-04 00:00:00, 3.8
0.0, 12.1, 0.0, 93.0, 1993-07-05 00:00:00, 4.8
0.0, 14.9, 0.0, 74.0, 1993-07-06 00:00:00, 1.7
0.0, 16.8, 0.0, 64.0, 1993-07-07 00:00:00, 0.0
0.0, 19.8, 0.0, 58.0, 1993-07-08 00:00:00, 0.0
0.0, 19.6, 0.0, 74.0, 1993-07-09 00:00:00, 0.0
0.0, 15.0, 0.0, 98.0, 1993-07-10 00:00:00, 11.4
0.0, 21.4, 0.0, 66.0, 1993-07-11 00:00:00, 1.7
0.0, 22.8, 0.0, 44.0, 1993-07-12 00:00:00, 8.1
0.0, 23.2, 0.0, 48.0, 1993-07-13 00:00:00, 0.0
0.0, 15.5, 0.0, 85.0, 1993-07-14 00:00:00, 0.0
0.0, 20.9, 0.0, 67.0, 1993-07-15 00:00:00, 0.0
0.0, 23.9, 0.0, 47.0, 1993-07-16 00:00:00, 0.0
0.0, 21.4, 0.0, 65.0, 1993-07-17 00:00:00, 0.0
0.0, 18.6, 0.0, 68.0, 1993-07-18 00:00:00, 0.0
0.0, 16.8, 0.0, 64.0, 1993-07-19 00:00:00, 0.0
0.0, 20.2, 0.0, 66.0, 1993-07-20 00:00:00, 0.0
0.0, 18.3, 0.0, 61.0, 1993-07-21 00:00:00, 0.0
0.0, 16.8, 0.0, 71.0, 1993-07-22 00:00:00, 3.0
3.0, 14.9, 0.0, 92.0, 1993-07-23 00:00:00, 2.2
0.0, 16.2, 0.0, 69.0, 1993-07-24 00:00:00, 0.7
0.0, 20.8, 0.0, 63.0, 1993-07-25 00:00:00, 0.0
0.0, 15.0, 0.0, 99.0, 1993-07-26 00:00:00, 1.2
0.0, 14.6, 0.0, 97.0, 1993-07-27 00:00:00, 2.5
0.0, 18.2, 0.0, 76.0, 1993-07-28 00:00:00, 3.3
0.0, 13.1, 0.0, 99.0, 1993-07-29 00:00:00, 9.9
0.0, 13.5, 0.0, 97.0, 1993-07-30 00:00:00, 5.5
0.0, 18.1, 0.0, 80.0, 1993-07-31 00:00:00, 1.2
0.0, 19.8, 0.0, 58.0, 1993-08-01 00:00:00, 0.0
0.0, 23.4, 0.0, 65.0, 1993-08-02 00:00:00, 0.0
0.0, 26.4, 0.0, 51.0, 1993-08-03 00:00:00, 0.0
0.0, 30.8, 0.0, 38.0, 1993-08-04 00:00:00, 0.0
0.0, 26.4, 0.0, 47.0, 1993-08-05 00:00:00, 0.0
0.0, 22.2, 0.0, 61.0, 1993-08-06 00:00:00, 0.0
0.0, 21.2, 0.0, 65.0, 1993-08-07 00:00:00, 0.0
0.0, 19.8, 0.0, 71.0, 1993-08-08 00:00:00, 0.0
0.0, 21.4, 0.0, 64.0, 1993-08-09 00:00:00, 0.0
0.0, 19.8, 0.0, 72.0, 1993-08-10 00:00:00, 0.0
0.0, 19.9, 0.0, 64.0, 1993-08-11 00:00:00, 0.0
0.0, 14.5, 0.0, 94.0, 1993-08-12 00:00:00, 2.0
0.0, 14.8, 0.0, 93.0, 1993-08-13 00:00:00, 1.2
0.0, 14.5, 0.0, 94.0, 1993-08-14 00:00:00, 2.0
0.0, 20.1, 90.0, 73.0, 1993-08-15 00:00:00, 0.0
0.0, 21.1, 0.0, 67.0, 1993-08-16 00:00:00, 0.0
0.0, 18.3, 270.0, 71.0, 1993-08-17 00:00:00, 0.0
0.0, 19.2, 320.0, 83.0, 1993-08-18 00:00:00, 2.2
0.0, 19.9, 320.0, 78.0, 1993-08-19 00:00:00, 0.0
0.0, 18.7, 320.0, 63.0, 1993-08-20 00:00:00, 0.0
0.0, 15.3, 320.0, 99.0, 1993-08-21 00:00:00, 7.6
0.0, 13.7, 140.0, 97.0, 1993-08-22 00:00:00, 3.8
0.0, 10.5, 90.0, 98.0, 1993-08-23 00:00:00, 44.7
1.0, 13.5, 140.0, 78.0, 1993-08-24 00:00:00, 21.0
0.0, 16.4, 50.0, 67.0, 1993-08-25 00:00:00, 0.0
0.0, 10.6, 230.0, 99.0, 1993-08-26 00:00:00, 7.3
0.0, 14.2, 230.0, 90.0, 1993-08-27 00:00:00, 1.2
1.0, 17.4, 230.0, 73.0, 1993-08-28 00:00:00, 1.7
0.0, 18.6, 320.0, 69.0, 1993-08-29 00:00:00, 0.0
0.0, 19.6, 50.0, 64.0, 1993-08-30 00:00:00, 0.0
0.0, 18.6, 0.0, 78.0, 1993-08-31 00:00:00, 0.0
0.0, 21.0, 0.0, 75.0, 1993-09-01 00:00:00, 0.0
0.0, 21.7, 50.0, 65.0, 1993-09-02 00:00:00, 0.0
0.0, 20.9, 0.0, 61.0, 1993-09-03 00:00:00, 0.0
0.0, 22.8, 320.0, 55.0, 1993-09-04 00:00:00, 0.0
0.0, 20.9, 320.0, 64.0, 1993-09-05 00:00:00, 0.0
0.0, 18.4, 0.0, 78.0, 1993-09-06 00:00:00, 0.0
0.0, 21.2, 50.0, 65.0, 1993-09-07 00:00:00, 0.0
0.0, 19.5, 320.0, 73.0, 1993-09-08 00:00:00, 0.0
0.0, 20.7, 320.0, 60.0, 1993-09-09 00:00:00, 0.0
0.0, 16.9, 320.0, 77.0, 1993-09-10 00:00:00, 0.0
0.0, 16.6, 320.0, 55.0, 1993-09-11 00:00:00, 0.2
0.0, 17.7, 320.0, 62.0, 1993-09-12 00:00:00, 0.0
0.0, 11.5, 180.0, 99.0, 1993-09-13 00:00:00, 3.0
0.0, 16.0, 0.0, 79.0, 1993-09-14 00:00:00, 2.2
0.0, 18.9, 230.0, 63.0, 1993-09-15 00:00:00, 0.0
0.0, 17.9, 320.0, 70.0, 1993-09-16 00:00:00, 0.0
0.0, 11.7, 320.0, 87.0, 1993-09-17 00:00:00, 0.0
0.0, 10.9, 50.0, 73.0, 1993-09-18 00:00:00, 2.7
0.0, 11.9, 320.0, 66.0, 1993-09-19 00:00:00, 0.2
0.0, 13.4, 320.0, 63.0, 1993-09-20 00:00:00, 0.0
