station_observations
wind_speed, temperature, wind_direction, relative_humidity, time, precipitation
0.0, 0.0, 0.0, 0.0, 1992-05-18 00:00:00, 0.0
18.0, 14.9, 90.0, 50.0, 1992-05-19 00:00:00, 0.0
13.0, 15.4, 140.0, 30.0, 1992-05-20 00:00:00, 0.0
15.0, 14.8, 90.0, 50.0, 1992-05-21 00:00:00, 0.0
7.0, 15.2, 90.0, 51.0, 1992-05-22 00:00:00, 0.0
11.0, 18.9, 90.0, 51.0, 1992-05-23 00:00:00, 0.0
2.0, 17.7, 0.0, 82.0, 1992-05-24 00:00:00, 3.0
9.0, 15.4, 90.0, 97.0, 1992-05-25 00:00:00, 2.5
26.0, 13.1, 90.0, 82.0, 1992-05-26 00:00:00, 2.5
13.0, 13.4, 90.0, 95.0, 1992-05-27 00:00:00, 3.0
14.0, 12.0, 140.0, 99.0, 1992-05-28 00:00:00, 19.5
16.0, 15.4, 90.0, 77.0, 1992-05-29 00:00:00, 3.8
9.0, 18.3, 90.0, 64.0, 1992-05-30 00:00:00, 0.0
2.0, 14.4, 90.0, 99.0, 1992-05-31 00:00:00, 9.9
22.0, 11.4, 90.0, 80.0, 1992-06-01 00:00:00, 24.6
24.0, 14.1, 90.0, 74.0, 1992-06-02 00:00:00, 2.0
4.0, 16.9, 90.0, 58.0, 1992-06-03 00:00:00, 0.0
16.0, 19.6, 90.0, 60.0, 1992-06-04 00:00:00, 0.2
15.0, 17.0, 90.0, 70.0, 1992-06-05 00:00:00, 0.4
15.0, 14.5, 90.0, 75.0, 1992-06-06 00:00:00, 0.0
14.0, 12.7, 90.0, 85.0, 1992-06-07 00:00:00, 0.7
24.0, 13.6, 90.0, 83.0, 1992-06-08 00:00:00, 0.0
13.0, 11.1, 90.0, 96.0, 1992-06-09 00:00:00, 8.1
2.0, 13.7, 90.0, 99.0, 1992-06-10 00:00:00, 3.5
6.0, 21.1, 90.0, 58.0, 1992-06-11 00:00:00, 0.5
7.0, 12.4, 90.0, 99.0, 1992-06-12 00:00:00, 13.4
10.0, 13.7, 90.0, 99.0, 1992-06-13 00:00:00, 5.5
3.0, 13.3, 140.0, 99.0, 1992-06-14 00:00:00, 0.5
10.0, 12.3, 90.0, 99.0, 1992-06-15 00:00:00, 1.0
23.0, 14.1, 140.0, 85.0, 1992-06-16 00:00:00, 1.7
14.0, 16.7, 140.0, 65.0, 1992-06-17 00:00:00, 0.0
10.0, 20.3, 90.0, 64.0, 1992-06-18 00:00:00, 0.0
6.0, 14.5, 270.0, 99.0, 1992-06-19 00:00:00, 2.5
6.0, 18.2, 270.0, 92.0, 1992-06-20 00:00:00, 3.5
13.0, 20.5, 270.0, 79.0, 1992-06-21 00:00:00, 3.0
11.0, 24.3, 270.0, 59.0, 1992-06-22 00:00:00, 0.0
16.0, 21.9, 270.0, 68.0, 1992-06-23 00:00:00, 0.0
7.0, 23.8, 270.0, 62.0, 1992-06-24 00:00:00, 0.0
8.0, 27.7, 270.0, 40.0, 1992-06-25 00:00:00, 0.0
30.0, 19.7, 90.0, 76.0, 1992-06-26 00:00:00, 0.0
11.0, 23.5, 90.0, 61.0, 1992-06-27 00:00:00, 0.0
14.0, 19.0, 140.0, 83.0, 1992-06-28 00:00:00, 0.0
12.0, 18.0, 140.0, 89.0, 1992-06-29 00:00:00, 0.0
7.0, 19.0, 90.0, 89.0, 1992-06-30 00:00:00, 9.6
18.0, 19.9, 90.0, 77.0, 1992-07-01 00:00:00, 0.0
16.0, 14.5, 90.0, 84.0, 1992-07-02 00:00:00, 10.4
4.0, 16.9, 90.0, 58.0, 1992-07-03 00:00:00, 0.0
16.0, 19.6, 90.0, 60.0, 1992-07-04 00:00:00, 0.2
9.0, 20.3, 90.0, 57.0, 1992-07-05 00:00:00, 0.0
17.0, 13.4, 140.0, 79.0, 1992-07-06 00:00:00, 0.0
14.0, 12.7, 90.0, 85.0, 1992-07-07 00:00:00, 0.7
24.0, 13.6, 90.0, 83.0, 1992-07-08 00:00:00, 0.0
13.0, 11.1, 90.0, 96.0, 1992-07-09 00:00:00, 8.1
7.0, 20.6, 90.0, 79.0, 1992-07-10 00:00:00, 13.9
10.0, 16.3, 90.0, 89.0, 1992-07-11 00:00:00, 0.0
16.0, 14.5, 90.0, 91.0, 1992-07-12 00:00:00, 0.0
11.0, 14.1, 90.0, 99.0, 1992-07-13 00:00:00, 2.0
18.0, 15.9, 90.0, 89.0, 1992-07-14 00:00:00, 0.0
11.0, 20.9, 90.0, 70.0, 1992-07-15 00:00:00, 0.0
8.0, 17.5, 90.0, 92.0, 1992-07-16 00:00:00, 1.0
10.0, 17.6, 90.0, 92.0, 1992-07-17 00:00:00, 0.0
28.0, 15.1, 90.0, 96.0, 1992-07-18 00:00:00, 0.7
19.0, 12.1, 90.0, 92.0, 1992-07-19 00:00:00, 0.5
19.0, 14.6, 270.0, 88.0, 1992-07-20 00:00:00, 0.5
11.0, 19.3, 90.0, 66.0, 1992-07-21 00:00:00, 0.0
16.0, 18.6, 90.0, 76.0, 1992-07-22 00:00:00, 0.0
22.0, 17.7, 90.0, 76.0, 1992-07-23 00:00:00, 0.0
12.0, 19.8, 90.0, 65.0, 1992-07-24 00:00:00, 0.0
24.0, 13.9, 90.0, 92.0, 1992-07-25 00:00:00, 0.5
12.0, 19.6, 90.0, 56.0, 1992-07-26 00:00:00, 0.0
10.0, 19.0, 90.0, 77.0, 1992-07-27 00:00:00, 0.0
9.0, 19.6, 90.0, 90.0, 1992-07-28 00:00:00, 4.0
11.0, 23.3, 90.0, 66.0, 1992-07-29 00:00:00, 0.0
10.0, 24.4, 90.0, 60.0, 1992-07-30 00:00:00, 0.0
11.0, 27.0, 90.0, 46.0, 1992-07-31 00:00:00, 0.0
20.0, 21.6, 90.0, 69.0, 1992-08-01 00:00:00, 0.2
14.0, 20.2, 90.0, 65.0, 1992-08-02 00:00:00, 0.0
11.0, 24.5, 90.0, 60.0, 1992-08-03 00:00:00, 0.0
15.0, 20.0, 90.0, 77.0, 1992-08-04 00:00:00, 0.0
18.0, 19.6, 90.0, 74.0, 1992-08-05 00:00:00, 0.0
20.0, 14.1, 90.0, 99.0, 1992-08-06 00:00:00, 40.3
14.0, 12.7, 90.0, 85.0, 1992-08-07 00:00:00, 0.7
24.0, 13.6, 90.0, 83.0, 1992-08-08 00:00:00, 0.0
13.0, 15.1, 90.0, 80.0, 1992-08-09 00:00:00, 8.1
7.0, 20.6, 90.0, 79.0, 1992-08-10 00:00:00, 13.9
10.0, 20.3, 90.0, 70.0, 1992-08-11 00:00:00, 0.0
16.0, 24.5, 90.0, 60.0, 1992-08-12 00:00:00, 0.0
11.0, 28.0, 90.0, 55.0, 1992-08-13 00:00:00, 0.0
0.0, 0.0, 0.0, 0.0, 1993-06-08 00:00:00, 0.0
11.0, 15.4, 50.0, 84.0, 1993-06-09 00:00:00, 4.0
2.0, 13.1, 90.0, 69.0, 1993-06-10 00:00:00, 17.0
15.0, 15.4, 90.0, 79.0, 1993-06-11 00:00:00, 3.3
40.0, 16.9, 90.0, 66.0, 1993-06-12 00:00:00, 0.0
17.0, 19.5, 90.0, 61.0, 1993-06-13 00:00:00, 0.0
2.0, 14.9, 50.0, 88.0, 1993-06-14 00:00:00, 1.0
15.0, 17.6, 90.0, 90.0, 1993-06-15 00:00:00, 7.8
11.0, 15.7, 90.0, 94.0, 1993-06-16 00:00:00, 0.2
9.0, 13.5, 140.0, 99.0, 1993-06-17 00:00:00, 3.3
16.0, 13.1, 90.0, 84.0, 1993-06-18 00:00:00, 10.9
20.0, 11.8, 90.0, 88.0, 1993-06-19 00:00:00, 1.7
11.0, 14.6, 90.0, 76.0, 1993-06-20 00:00:00, 0.2
8.0, 10.8, 90.0, 97.0, 1993-06-21 00:00:00, 6.6
20.0, 9.6, 90.0, 96.0, 1993-06-22 00:00:00, 10.1
16.0, 13.4, 90.0, 93.0, 1993-06-23 00:00:00, 11.1
4.0, 14.2, 90.0, 99.0, 1993-06-24 00:00:00, 3.3
5.0, 15.0, 90.0, 97.0, 1993-06-25 00:00:00, 9.1
7.0, 16.4, 90.0, 95.0, 1993-06-26 00:00:00, 17.7
19.0, 12.3, 90.0, 99.0, 1993-06-27 00:00:00, 21.3
3.0, 11.9, 320.0, 99.0, 1993-06-28 00:00:00, 5.0
9.0, 17.5, 50.0, 72.0, 1993-06-29 00:00:00, 0.2
5.0, 16.4, 90.0, 94.0, 1993-06-30 00:00:00, 1.0
4.0, 16.0, 90.0, 93.0, 1993-07-01 00:00:00, 2.0
3.0, 15.0, 50.0, 90.0, 1993-07-02 00:00:00, 1.0
9.0, 14.9, 90.0, 84.0, 1993-07-03 00:00:00, 0.1
5.0, 15.2, 90.0, 75.0, 1993-07-04 00:00:00, 0.0
21.0, 14.0, 90.0, 81.0, 1993-07-05 00:00:00, 0.0
25.0, 17.6, 90.0, 71.0, 1993-07-06 00:00:00, 0.7
15.0, 19.7, 90.0, 67.0, 1993-07-07 00:00:00, 0.0
26.0, 17.4, 90.0, 73.0, 1993-07-08 00:00:00, 0.0
14.0, 24.1, 90.0, 38.0, 1993-07-09 00:00:00, 0.0
13.0, 15.1, 90.0, 96.0, 1993-07-10 00:00:00, 2.2
2.0, 18.5, 50.0, 83.0, 1993-07-11 00:00:00, 9.1
14.0, 23.4, 0.0, 48.0, 1993-07-12 00:00:00, 0.0
19.0, 22.7, 90.0, 53.0, 1993-07-13 00:00:00, 0.0
25.0, 17.6, 90.0, 82.0, 1993-07-14 00:00:00, 0.0
6.0, 16.1, 90.0, 93.0, 1993-07-15 00:00:00, 2.2
4.0, 19.0, 90.0, 76.0, 1993-07-16 00:00:00, 2.5
20.0, 18.5, 90.0, 83.0, 1993-07-17 00:00:00, 0.0
25.0, 18.6, 90.0, 77.0, 1993-07-18 00:00:00, 0.0
15.0, 18.2, 90.0, 83.0, 1993-07-19 00:00:00, 0.0
18.0, 17.0, 90.0, 81.0, 1993-07-20 00:00:00, 0.0
12.0, 19.9, 90.0, 67.0, 1993-07-21 00:00:00, 0.0
16.0, 15.0, 90.0, 99.0, 1993-07-22 00:00:00, 1.5
14.0, 13.7, 90.0, 99.0, 1993-07-23 00:00:00, 5.3
23.0, 17.3, 90.0, 77.0, 1993-07-24 00:00:00, 0.2
10.0, 22.1, 90.0, 63.0, 1993-07-25 00:00:00, 0.0
10.0, 18.3, 90.0, 82.0, 1993-07-26 00:00:00, 0.0
1.0, 13.1, 320.0, 99.0, 1993-07-27 00:00:00, 11.9
31.0, 13.8, 90.0, 99.0, 1993-07-28 00:00:00, 11.1
3.0, 14.5, 140.0, 92.0, 1993-07-29 00:00:00, 9.3
3.0, 15.5, 90.0, 91.0, 1993-07-30 00:00:00, 12.1
6.0, 18.7, 90.0, 84.0, 1993-07-31 00:00:00, 1.0
9.0, 21.3, 90.0, 88.0, 1993-08-01 00:00:00, 2.7
8.0, 24.6, 90.0, 66.0, 1993-08-02 00:00:00, 0.0
14.0, 29.7, 90.0, 43.0, 1993-08-03 00:00:00, 0.0
4.0, 31.4, 50.0, 36.0, 1993-08-04 00:00:00, 0.0
7.0, 28.7, 50.0, 43.0, 1993-08-05 00:00:00, 0.0
18.0, 19.4, 90.0, 75.0, 1993-08-06 00:00:00, 0.0
17.0, 19.8, 90.0, 76.0, 1993-08-07 00:00:00, 0.0
9.0, 14.2, 90.0, 99.0, 1993-08-08 00:00:00, 10.1
4.0, 18.7, 90.0, 87.0, 1993-08-09 00:00:00, 2.0
12.0, 20.2, 90.0, 79.0, 1993-08-10 00:00:00, 2.0
27.0, 18.1, 90.0, 74.0, 1993-08-11 00:00:00, 0.0
27.0, 18.4, 90.0, 74.0, 1993-08-12 00:00:00, 0.0
12.0, 13.8, 90.0, 99.0, 1993-08-13 00:00:00, 3.5
11.0, 21.7, 50.0, 65.0, 1993-08-14 00:00:00, 0.2
11.0, 23.0, 90.0, 61.0, 1993-08-15 00:00:00, 0.0
15.0, 19.8, 90.0, 77.0, 1993-08-16 00:00:00, 0.0
21.0, 20.3, 90.0, 71.0, 1993-08-17 00:00:00, 0.0
12.0, 22.8, 90.0, 67.0, 1993-08-18 00:00:00, 0.0
12.0, 24.1, 90.0, 64.0, 1993-08-19 00:00:00, 0.0
14.0, 17.8, 0.0, 78.0, 1993-08-20 00:00:00, 0.0
8.0, 14.8, 90.0, 99.0, 1993-08-21 00:00:00, 5.5
2.0, 15.3, 50.0, 99.0, 1993-08-22 00:00:00, 15.4
5.0, 11.0, 140.0, 99.0, 1993-08-23 00:00:00, 29.9
0.0, 11.1, 0.0, 99.0, 1993-08-24 00:00:00, 13.4
7.0, 15.1, 90.0, 93.0, 1993-08-25 00:00:00, 6.3
16.0, 15.2, 50.0, 88.0, 1993-08-26 00:00:00, 0.0
9.0, 17.1, 90.0, 88.0, 1993-08-27 00:00:00, 9.1
13.0, 18.1, 90.0, 69.0, 1993-08-28 00:00:00, 0.0
8.0, 20.2, 90.0, 66.0, 1993-08-29 00:00:00, 0.0
5.0, 20.3, 90.0, 65.0, 1993-08-30 00:00:00, 0.0
4.0, 19.0, 90.0, 79.0, 1993-08-31 00:00:00, 0.0
9.0, 23.0, 90.0, 69.0, 1993-09-01 00:00:00, 0.0
9.0, 23.6, 90.0, 69.0, 1993-09-02 00:00:00, 0.0
7.0, 24.0, 90.0, 66.0, 1993-09-03 00:00:00, 0.0
10.0, 23.7, 90.0, 63.0, 1993-09-04 00:00:00, 0.0
6.0, 22.9, 90.0, 65.0, 1993-09-05 00:00:00, 0.0
7.0, 25.1, 90.0, 54.0, 1993-09-06 00:00:00, 0.0
7.0, 24.2, 90.0, 56.0, 1993-09-07 00:00:00, 0.0
9.0, 22.8, 90.0, 59.0, 1993-09-08 00:00:00, 0.0
7.0, 22.4, 90.0, 64.0, 1993-09-09 00:00:00, 0.0
18.0, 18.1, 90.0, 81.0, 1993-09-10 00:00:00, 0.0
8.0, 18.2, 90.0, 59.0, 1993-09-11 00:00:00, 0.0
11.0, 18.8, 90.0, 59.0, 1993-09-12 00:00:00, 0.0
11.0, 15.4, 90.0, 75.0, 1993-09-13 00:00:00, 0.0
18.0, 19.9, 90.0, 53.0, 1993-09-14 00:00:00, 0.0
11.0, 21.9, 90.0, 37.0, 1993-09-15 00:00:00, 0.0
7.0, 19.3, 90.0, 47.0, 1993-09-16 00:00:00, 0.0
17.0, 14.2, 90.0, 82.0, 1993-09-17 00:00:00, 0.0
22.0, 15.0, 90.0, 73.0, 1993-09-18 00:00:00, 0.0
21.0, 15.5, 90.0, 57.0, 1993-09-19 00:00:00, 0.0
5.0, 16.0, 90.0, 43.0, 1993-09-20 00:00:00, 0.0
9.0, 15.1, 90.0, 63.0, 1993-09-21 00:00:00, 0.0
10.0, 14.7, 90.0, 74.0, 1993-09-22 00:00:00, 0.0
4.0, 14.5, 90.0, 72.0, 1993-09-23 00:00:00, 0.0
23.0, 12.4, 90.0, 99.0, 1993-09-24 00:00:00, 6.3
3.0, 15.6, 50.0, 88.0, 1993-09-25 00:00:00, 1.0
1.0, 13.7, 90.0, 99.0, 1993-09-26 00:00:00, 0.2
4.0, 19.1, 50.0, 76.0, 1993-09-27 00:00:00, 0.0
3.0, 20.1, 50.0, 57.0, 1993-09-28 00:00:00, 0.0
3.0, 12.6, 320.0, 95.0, 1993-09-29 00:00:00, 0.2
6.0, 16.8, 50.0, 72.0, 1993-09-30 00:00:00, 0.0
4.0, 16.9, 90.0, 71.0, 1993-10-01 00:00:00, 0.0
3.0, 19.4, 90.0, 61.0, 1993-10-02 00:00:00, 0.0
5.0, 19.6, 90.0, 62.0, 1993-10-03 00:00:00, 0.0
2.0, 13.6, 140.0, 91.0, 1993-10-04 00:00:00, 0.0
18.0, 12.1, 90.0, 99.0, 1993-10-05 00:00:00, 20.0
5.0, 13.2, 140.0, 87.0, 1993-10-06 00:00:00, 14.9
