station_observations
wind_speed, temperature, wind_direction, relative_humidity, time, precipitation
4.0, 18.4, 180.0, 46.0, 1987-04-02 00:00:00, 0.0
0.0, 11.2, 0.0, 92.0, 1987-04-03 00:00:00, 0.3
3.0, 12.0, 40.0, 82.0, 1987-04-04 00:00:00, 1.5
2.0, 13.0, 90.0, 79.0, 1987-04-05 00:00:00, 0.0
2.0, 11.1, 140.0, 80.0, 1987-04-06 00:00:00, 0.3
4.0, 12.4, 230.0, 72.0, 1987-04-07 00:00:00, 1.3
8.0, 10.9, 180.0, 67.0, 1987-04-08 00:00:00, 7.6
3.0, 9.2, 140.0, 85.0, 1987-04-09 00:00:00, 0.0
3.0, 15.3, 320.0, 51.0, 1987-04-10 00:00:00, 5.1
5.0, 8.4, 180.0, 91.0, 1987-04-11 00:00:00, 0.5
9.0, 9.8, 180.0, 74.0, 1987-04-12 00:00:00, 0.0
4.0, 12.2, 230.0, 67.0, 1987-04-13 00:00:00, 0.0
4.0, 13.2, 140.0, 87.0, 1987-04-14 00:00:00, 4.6
0.0, 10.0, 0.0, 77.0, 1987-04-15 00:00:00, 0.5
4.0, 15.6, 180.0, 52.0, 1987-04-16 00:00:00, 5.6
4.0, 10.9, 0.0, 63.0, 1987-04-17 00:00:00, 0.0
4.0, 10.0, 0.0, 53.0, 1987-04-18 00:00:00, 0.0
3.0, 10.7, 90.0, 60.0, 1987-04-19 00:00:00, 0.0
2.0, 10.5, 40.0, 75.0, 1987-04-20 00:00:00, 0.0
1.0, 11.3, 90.0, 72.0, 1987-04-21 00:00:00, 0.0
7.0, 11.6, 0.0, 67.0, 1987-04-22 00:00:00, 0.0
2.0, 15.0, 90.0, 56.0, 1987-04-23 00:00:00, 0.0
4.0, 11.2, 40.0, 61.0, 1987-04-24 00:00:00, 0.0
3.0, 12.4, 0.0, 62.0, 1987-04-25 00:00:00, 0.0
3.0, 14.9, 40.0, 47.0, 1987-04-26 00:00:00, 0.0
2.0, 20.4, 40.0, 50.0, 1987-04-27 00:00:00, 0.0
12.0, 13.7, 180.0, 74.0, 1987-04-28 00:00:00, 0.0
1.0, 16.7, 40.0, 77.0, 1987-04-29 00:00:00, 0.0
3.0, 13.0, 140.0, 99.0, 1987-04-30 00:00:00, 6.6
2.0, 12.3, 90.0, 94.0, 1987-05-01 00:00:00, 4.1
8.0, 12.8, 140.0, 79.0, 1987-05-02 00:00:00, 1.8
2.0, 12.8, 270.0, 88.0, 1987-05-03 00:00:00, 1.0
4.0, 17.5, 230.0, 69.0, 1987-05-04 00:00:00, 1.3
3.0, 16.2, 40.0, 70.0, 1987-05-05 00:00:00, 0.0
7.0, 17.5, 0.0, 57.0, 1987-05-06 00:00:00, 0.0
6.0, 18.9, 0.0, 54.0, 1987-05-07 00:00:00, 0.0
4.0, 19.0, 40.0, 59.0, 1987-05-08 00:00:00, 0.0
3.0, 16.6, 40.0, 62.0, 1987-05-09 00:00:00, 0.0
2.0, 18.6, 40.0, 63.0, 1987-05-10 00:00:00, 0.0
5.0, 11.6, 180.0, 99.0, 1987-05-11 00:00:00, 2.5
6.0, 13.9, 180.0, 57.0, 1987-05-12 00:00:00, 2.8
4.0, 14.3, 40.0, 70.0, 1987-05-13 00:00:00, 0.0
4.0, 16.0, 140.0, 60.0, 1987-05-14 00:00:00, 4.3
3.0, 14.6, 0.0, 52.0, 1987-05-15 00:00:00, 0.0
9.0, 14.3, 0.0, 62.0, 1987-05-16 00:00:00, 0.0
6.0, 13.5, 0.0, 70.0, 1987-05-17 00:00:00, 0.0
5.0, 12.8, 230.0, 54.0, 1987-05-18 00:00:00, 0.0
3.0, 14.8, 40.0, 62.0, 1987-05-19 00:00:00, 0.0
4.0, 15.8, 0.0, 66.0, 1987-05-20 00:00:00, 0.0
2.0, 18.7, 320.0, 60.0, 1987-05-21 00:00:00, 0.0
2.0, 14.9, 40.0, 81.0, 1987-05-22 00:00:00, 0.3
4.0, 15.2, 0.0, 77.0, 1987-05-23 00:00:00, 0.0
3.0, 15.7, 0.0, 71.0, 1987-05-24 00:00:00, 0.0
3.0, 16.3, 40.0, 80.0, 1987-05-25 00:00:00, 0.0
3.0, 15.1, 40.0, 81.0, 1987-05-26 00:00:00, 0.0
2.0, 14.5, 90.0, 74.0, 1987-05-27 00:00:00, 0.0
4.0, 13.6, 180.0, 70.0, 1987-05-28 00:00:00, 4.1
7.0, 13.6, 180.0, 72.0, 1987-05-29 00:00:00, 0.8
3.0, 12.6, 90.0, 97.0, 1987-05-30 00:00:00, 12.7
8.0, 16.8, 180.0, 54.0, 1987-05-31 00:00:00, 10.0
6.0, 16.8, 140.0, 51.0, 1987-06-01 00:00:00, 0.0
3.0, 15.8, 40.0, 69.0, 1987-06-02 00:00:00, 0.3
5.0, 17.5, 0.0, 71.0, 1987-06-03 00:00:00, 0.0
3.0, 20.2, 230.0, 70.0, 1987-06-04 00:00:00, 0.0
5.0, 16.0, 0.0, 79.0, 1987-06-05 00:00:00, 0.0
5.0, 15.5, 0.0, 67.0, 1987-06-06 00:00:00, 0.0
4.0, 18.7, 0.0, 61.0, 1987-06-07 00:00:00, 0.0
5.0, 15.3, 180.0, 82.0, 1987-06-08 00:00:00, 0.0
4.0, 14.9, 180.0, 77.0, 1987-06-09 00:00:00, 0.0
5.0, 13.8, 140.0, 72.0, 1987-06-10 00:00:00, 0.0
6.0, 20.0, 230.0, 55.0, 1987-06-11 00:00:00, 0.0
9.0, 18.3, 180.0, 76.0, 1987-06-12 00:00:00, 0.8
3.0, 18.7, 40.0, 71.0, 1987-06-13 00:00:00, 0.0
8.0, 17.2, 0.0, 69.0, 1987-06-14 00:00:00, 0.0
4.0, 16.6, 40.0, 67.0, 1987-06-15 00:00:00, 0.0
4.0, 15.4, 40.0, 62.0, 1987-06-16 00:00:00, 0.0
3.0, 17.9, 40.0, 55.0, 1987-06-17 00:00:00, 0.0
4.0, 18.9, 40.0, 59.0, 1987-06-18 00:00:00, 0.0
3.0, 19.6, 0.0, 73.0, 1987-06-19 00:00:00, 0.0
6.0, 13.9, 180.0, 91.0, 1987-06-20 00:00:00, 0.3
6.0, 15.3, 180.0, 61.0, 1987-06-21 00:00:00, 1.5
4.0, 17.3, 140.0, 57.0, 1987-06-22 00:00:00, 0.0
3.0, 17.4, 0.0, 73.0, 1987-06-23 00:00:00, 0.0
3.0, 20.4, 320.0, 57.0, 1987-06-24 00:00:00, 0.0
4.0, 21.9, 0.0, 56.0, 1987-06-25 00:00:00, 0.0
4.0, 22.7, 0.0, 57.0, 1987-06-26 00:00:00, 0.0
5.0, 21.9, 40.0, 67.0, 1987-06-27 00:00:00, 0.0
5.0, 22.1, 0.0, 68.0, 1987-06-28 00:00:00, 0.0
5.0, 24.5, 320.0, 57.0, 1987-06-29 00:00:00, 0.0
6.0, 26.2, 180.0, 53.0, 1987-06-30 00:00:00, 0.0
9.0, 20.1, 180.0, 70.0, 1987-07-01 00:00:00, 0.0
6.0, 18.8, 180.0, 71.0, 1987-07-02 00:00:00, 0.0
4.0, 19.6, 140.0, 73.0, 1987-07-03 00:00:00, 0.0
5.0, 15.6, 140.0, 82.0, 1987-07-04 00:00:00, 0.0
0.0, 14.8, 0.0, 95.0, 1987-07-05 00:00:00, 5.8
5.0, 18.4, 270.0, 58.0, 1987-07-06 00:00:00, 0.0
4.0, 17.3, 270.0, 88.0, 1987-07-07 00:00:00, 1.8
3.0, 15.8, 40.0, 67.0, 1987-07-08 00:00:00, 0.0
3.0, 12.6, 180.0, 96.0, 1987-07-09 00:00:00, 4.3
4.0, 19.1, 40.0, 73.0, 1987-07-10 00:00:00, 0.0
4.0, 20.8, 0.0, 63.0, 1987-07-11 00:00:00, 0.0
3.0, 23.1, 0.0, 56.0, 1987-07-12 00:00:00, 0.0
4.0, 21.8, 40.0, 70.0, 1987-07-13 00:00:00, 0.0
7.0, 21.7, 0.0, 49.0, 1987-07-14 00:00:00, 0.0
4.0, 19.5, 0.0, 37.0, 1987-07-15 00:00:00, 0.0
5.0, 17.2, 0.0, 71.0, 1987-07-16 00:00:00, 0.0
6.0, 23.1, 0.0, 44.0, 1987-07-17 00:00:00, 0.0
3.0, 25.3, 40.0, 38.0, 1987-07-18 00:00:00, 0.0
4.0, 18.9, 180.0, 71.0, 1987-07-19 00:00:00, 0.0
1.0, 19.7, 40.0, 75.0, 1987-07-20 00:00:00, 0.0
4.0, 23.0, 0.0, 63.0, 1987-07-21 00:00:00, 0.0
10.0, 19.0, 180.0, 71.0, 1987-07-22 00:00:00, 0.0
4.0, 20.2, 0.0, 67.0, 1987-07-23 00:00:00, 0.0
5.0, 18.5, 180.0, 90.0, 1987-07-24 00:00:00, 0.0
6.0, 16.5, 40.0, 97.0, 1987-07-25 00:00:00, 1.5
2.0, 19.5, 230.0, 78.0, 1987-07-26 00:00:00, 0.0
4.0, 18.2, 140.0, 78.0, 1987-07-27 00:00:00, 0.0
4.0, 20.6, 40.0, 63.0, 1987-07-28 00:00:00, 0.0
3.0, 22.5, 40.0, 48.0, 1987-07-29 00:00:00, 0.0
3.0, 19.5, 40.0, 69.0, 1987-07-30 00:00:00, 0.0
3.0, 19.9, 40.0, 58.0, 1987-07-31 00:00:00, 0.0
5.0, 19.5, 0.0, 65.0, 1987-08-01 00:00:00, 0.0
5.0, 20.2, 0.0, 69.0, 1987-08-02 00:00:00, 0.0
3.0, 21.4, 0.0, 70.0, 1987-08-03 00:00:00, 0.0
4.0, 23.4, 40.0, 52.0, 1987-08-04 00:00:00, 0.0
3.0, 18.9, 40.0, 76.0, 1987-08-05 00:00:00, 0.0
3.0, 21.4, 320.0, 73.0, 1987-08-06 00:00:00, 0.0
5.0, 20.2, 0.0, 77.0, 1987-08-07 00:00:00, 0.0
6.0, 20.1, 0.0, 77.0, 1987-08-08 00:00:00, 0.0
4.0, 20.6, 0.0, 70.0, 1987-08-09 00:00:00, 0.0
3.0, 19.6, 90.0, 66.0, 1987-08-10 00:00:00, 0.0
3.0, 21.2, 40.0, 65.0, 1987-08-11 00:00:00, 0.0
8.0, 21.7, 180.0, 64.0, 1987-08-12 00:00:00, 0.0
5.0, 15.1, 180.0, 93.0, 1987-08-13 00:00:00, 1.8
3.0, 18.6, 0.0, 81.0, 1987-08-14 00:00:00, 0.5
3.0, 17.5, 320.0, 65.0, 1987-08-15 00:00:00, 0.0
10.0, 15.7, 140.0, 78.0, 1987-08-16 00:00:00, 0.0
4.0, 17.9, 0.0, 72.0, 1987-08-17 00:00:00, 0.0
4.0, 19.3, 0.0, 63.0, 1987-08-18 00:00:00, 0.0
6.0, 20.3, 180.0, 66.0, 1987-08-19 00:00:00, 0.0
4.0, 17.7, 40.0, 61.0, 1987-08-20 00:00:00, 0.0
3.0, 18.8, 0.0, 71.0, 1987-08-21 00:00:00, 0.0
7.0, 20.7, 320.0, 60.0, 1987-08-22 00:00:00, 0.0
6.0, 23.8, 0.0, 47.0, 1987-08-23 00:00:00, 0.0
3.0, 24.4, 40.0, 48.0, 1987-08-24 00:00:00, 0.0
2.0, 22.2, 40.0, 68.0, 1987-08-25 00:00:00, 0.0
2.0, 19.7, 40.0, 74.0, 1987-08-26 00:00:00, 0.0
4.0, 21.4, 0.0, 69.0, 1987-08-27 00:00:00, 0.0
3.0, 19.7, 0.0, 76.0, 1987-08-28 00:00:00, 0.0
3.0, 21.7, 40.0, 60.0, 1987-08-29 00:00:00, 0.0
3.0, 23.4, 40.0, 59.0, 1987-08-30 00:00:00, 0.0
4.0, 24.4, 0.0, 59.0, 1987-08-31 00:00:00, 0.0
2.0, 26.2, 0.0, 46.0, 1987-09-01 00:00:00, 0.0
5.0, 19.9, 320.0, 55.0, 1987-09-02 00:00:00, 1.5
4.0, 17.9, 0.0, 76.0, 1987-09-03 00:00:00, 0.0
7.0, 19.8, 320.0, 75.0, 1987-09-04 00:00:00, 0.0
6.0, 18.8, 0.0, 79.0, 1987-09-05 00:00:00, 0.0
4.0, 22.0, 0.0, 65.0, 1987-09-06 00:00:00, 0.0
3.0, 21.0, 40.0, 52.0, 1987-09-07 00:00:00, 0.0
2.0, 20.5, 40.0, 67.0, 1987-09-08 00:00:00, 0.0
3.0, 18.3, 40.0, 81.0, 1987-09-09 00:00:00, 0.0
3.0, 21.3, 40.0, 70.0, 1987-09-10 00:00:00, 0.0
6.0, 18.3, 180.0, 74.0, 1987-09-11 00:00:00, 0.0
1.0, 15.5, 90.0, 89.0, 1987-09-12 00:00:00, 0.0
3.0, 16.1, 40.0, 87.0, 1987-09-13 00:00:00, 0.0
4.0, 14.8, 140.0, 94.0, 1987-09-14 00:00:00, 1.8
6.0, 16.1, 180.0, 77.0, 1987-09-15 00:00:00, 2.3
4.0, 15.3, 0.0, 71.0, 1987-09-16 00:00:00, 0.0
2.0, 17.8, 40.0, 60.0, 1987-09-17 00:00:00, 0.0
3.0, 17.6, 40.0, 68.0, 1987-09-18 00:00:00, 0.0
1.0, 18.1, 40.0, 66.0, 1987-09-19 00:00:00, 0.0
2.0, 23.6, 40.0, 50.0, 1987-09-20 00:00:00, 0.0
3.0, 20.6, 0.0, 69.0, 1987-09-21 00:00:00, 0.0
4.0, 19.6, 0.0, 75.0, 1987-09-22 00:00:00, 0.0
3.0, 18.9, 0.0, 73.0, 1987-09-23 00:00:00, 0.0
4.0, 18.9, 140.0, 76.0, 1987-09-24 00:00:00, 0.0
1.0, 15.9, 180.0, 79.0, 1987-09-25 00:00:00, 0.0
3.0, 16.6, 0.0, 62.0, 1987-09-26 00:00:00, 0.0
3.0, 14.9, 40.0, 77.0, 1987-09-27 00:00:00, 0.0
3.0, 16.9, 0.0, 68.0, 1987-09-28 00:00:00, 0.0
3.0, 18.7, 320.0, 69.0, 1987-09-29 00:00:00, 0.0
3.0, 20.2, 0.0, 64.0, 1987-09-30 00:00:00, 0.0
3.0, 21.8, 40.0, 44.0, 1987-10-01 00:00:00, 0.0
6.0, 19.1, 180.0, 70.0, 1987-10-02 00:00:00, 0.0
7.0, 19.5, 180.0, 58.0, 1987-10-03 00:00:00, 0.0
2.0, 16.2, 320.0, 69.0, 1987-10-04 00:00:00, 0.0
3.0, 16.5, 0.0, 74.0, 1987-10-05 00:00:00, 0.0
4.0, 18.1, 0.0, 73.0, 1987-10-06 00:00:00, 0.0
2.0, 13.6, 0.0, 86.0, 1987-10-07 00:00:00, 0.0
2.0, 17.6, 40.0, 72.0, 1987-10-08 00:00:00, 0.0
3.0, 18.5, 320.0, 41.0, 1987-10-09 00:00:00, 0.0
3.0, 16.2, 40.0, 71.0, 1987-10-10 00:00:00, 0.0
3.0, 16.2, 0.0, 57.0, 1987-10-11 00:00:00, 0.0
5.0, 17.0, 0.0, 53.0, 1987-10-12 00:00:00, 0.0
3.0, 13.7, 0.0, 72.0, 1987-10-13 00:00:00, 0.0
3.0, 15.2, 180.0, 56.0, 1987-10-14 00:00:00, 0.0
3.0, 12.7, 40.0, 81.0, 1987-10-15 00:00:00, 0.0
2.0, 14.6, 40.0, 67.0, 1987-10-16 00:00:00, 0.0
5.0, 12.6, 0.0, 73.0, 1987-10-17 00:00:00, 0.0
5.0, 12.2, 0.0, 73.0, 1987-10-18 00:00:00, 0.0
3.0, 14.2, 0.0, 78.0, 1987-10-19 00:00:00, 0.0
3.0, 14.9, 40.0, 69.0, 1987-10-20 00:00:00, 0.0
3.0, 13.5, 40.0, 71.0, 1987-10-21 00:00:00, 0.0
1.0, 11.8, 0.0, 90.0, 1987-10-22 00:00:00, 0.0
2.0, 13.4, 40.0, 78.0, 1987-10-23 00:00:00, 0.0
1.0, 12.3, 180.0, 83.0, 1987-10-24 00:00:00, 0.0
8.0, 13.0, 180.0, 87.0, 1987-10-25 00:00:00, 0.0
2.0, 12.2, 320.0, 83.0, 1987-10-26 00:00:00, 0.0
1.0, 10.3, 0.0, 91.0, 1987-10-27 00:00:00, 0.0
2.0, 12.7, 0.0, 87.0, 1987-10-28 00:00:00, 0.0
0.0, 11.9, 0.0, 91.0, 1987-10-29 00:00:00, 1.0
0.0, 12.7, 0.0, 94.0, 1987-10-30 00:00:00, 1.5
5.0, 12.4, 180.0, 96.0, 1987-10-31 00:00:00, 10.4
4.0, 12.3, 0.0, 84.0, 1987-11-01 00:00:00, 0.0
0.0, 9.0, 0.0, 91.0, 1987-11-02 00:00:00, 0.0
2.0, 11.4, 180.0, 91.0, 1987-11-03 00:00:00, 0.0
0.0, 11.0, 0.0, 91.0, 1987-11-04 00:00:00, 0.0
2.0, 10.9, 320.0, 88.0, 1987-11-05 00:00:00, 0.0
0.0, 8.4, 0.0, 95.0, 1987-11-06 00:00:00, 0.0
0.0, 0.0, 0.0, 0.0, 1988-04-29 00:00:00, 0.0
2.0, 7.2, 180.0, 90.0, 1988-04-30 00:00:00, 2.0
7.0, 9.8, 230.0, 56.0, 1988-05-01 00:00:00, 0.5
5.0, 8.3, 180.0, 97.0, 1988-05-02 00:00:00, 5.3
2.0, 9.6, 50.0, 82.0, 1988-05-03 00:00:00, 3.3
5.0, 11.2, 50.0, 76.0, 1988-05-04 00:00:00, 0.0
3.0, 16.2, 50.0, 70.0, 1988-05-05 00:00:00, 0.0
7.0, 17.5, 0.0, 57.0, 1988-05-06 00:00:00, 0.0
6.0, 18.9, 0.0, 54.0, 1988-05-07 00:00:00, 0.0
4.0, 19.0, 50.0, 59.0, 1988-05-08 00:00:00, 0.0
3.0, 16.6, 50.0, 62.0, 1988-05-09 00:00:00, 0.0
2.0, 18.6, 50.0, 63.0, 1988-05-10 00:00:00, 0.0
5.0, 11.6, 180.0, 10.0, 1988-05-11 00:00:00, 2.5
1.0, 21.4, 90.0, 59.0, 1988-05-12 00:00:00, 0.0
11.0, 12.3, 230.0, 76.0, 1988-05-13 00:00:00, 20.8
0.0, 16.1, 0.0, 66.0, 1988-05-14 00:00:00, 0.8
2.0, 14.2, 320.0, 72.0, 1988-05-15 00:00:00, 0.3
4.0, 13.3, 230.0, 77.0, 1988-05-16 00:00:00, 3.3
7.0, 11.3, 180.0, 68.0, 1988-05-17 00:00:00, 0.0
5.0, 11.5, 180.0, 84.0, 1988-05-18 00:00:00, 1.8
5.0, 14.3, 180.0, 66.0, 1988-05-19 00:00:00, 0.0
2.0, 15.4, 0.0, 71.0, 1988-05-20 00:00:00, 0.0
3.0, 20.1, 50.0, 46.0, 1988-05-21 00:00:00, 0.0
6.0, 15.9, 230.0, 68.0, 1988-05-22 00:00:00, 0.0
3.0, 12.0, 90.0, 68.0, 1988-05-23 00:00:00, 4.3
4.0, 14.4, 50.0, 75.0, 1988-05-24 00:00:00, 0.0
7.0, 17.2, 180.0, 48.0, 1988-05-25 00:00:00, 0.0
5.0, 15.6, 230.0, 69.0, 1988-05-26 00:00:00, 0.0
3.0, 14.1, 180.0, 95.0, 1988-05-27 00:00:00, 3.0
10.0, 15.2, 230.0, 51.0, 1988-05-28 00:00:00, 13.5
4.0, 13.7, 50.0, 68.0, 1988-05-29 00:00:00, 0.0
7.0, 16.0, 180.0, 58.0, 1988-05-30 00:00:00, 0.0
7.0, 17.5, 230.0, 50.0, 1988-05-31 00:00:00, 0.3
5.0, 11.6, 180.0, 88.0, 1988-06-01 00:00:00, 4.8
3.0, 10.4, 90.0, 92.0, 1988-06-02 00:00:00, 5.1
4.0, 16.1, 90.0, 55.0, 1988-06-03 00:00:00, 0.8
2.0, 15.0, 50.0, 69.0, 1988-06-04 00:00:00, 0.0
4.0, 14.4, 50.0, 74.0, 1988-06-05 00:00:00, 0.0
1.0, 12.9, 230.0, 96.0, 1988-06-06 00:00:00, 1.0
3.0, 15.3, 50.0, 77.0, 1988-06-07 00:00:00, 0.0
3.0, 16.0, 50.0, 69.0, 1988-06-08 00:00:00, 0.0
5.0, 16.4, 50.0, 71.0, 1988-06-09 00:00:00, 0.0
5.0, 13.6, 230.0, 92.0, 1988-06-10 00:00:00, 5.1
4.0, 15.2, 50.0, 70.0, 1988-06-11 00:00:00, 0.0
3.0, 17.9, 0.0, 70.0, 1988-06-12 00:00:00, 0.0
1.0, 21.1, 50.0, 50.0, 1988-06-13 00:00:00, 0.0
1.0, 23.1, 50.0, 54.0, 1988-06-14 00:00:00, 0.0
3.0, 21.8, 50.0, 64.0, 1988-06-15 00:00:00, 0.0
3.0, 18.8, 230.0, 70.0, 1988-06-16 00:00:00, 0.0
5.0, 12.7, 180.0, 95.0, 1988-06-17 00:00:00, 0.0
8.0, 20.3, 230.0, 52.0, 1988-06-18 00:00:00, 0.0
3.0, 17.5, 50.0, 70.0, 1988-06-19 00:00:00, 0.0
5.0, 19.5, 50.0, 66.0, 1988-06-20 00:00:00, 0.0
1.0, 20.3, 0.0, 59.0, 1988-06-21 00:00:00, 0.0
2.0, 20.8, 140.0, 67.0, 1988-06-22 00:00:00, 0.0
0.0, 14.9, 0.0, 77.0, 1988-06-23 00:00:00, 0.0
3.0, 18.5, 50.0, 57.0, 1988-06-24 00:00:00, 0.0
3.0, 24.3, 50.0, 45.0, 1988-06-25 00:00:00, 0.0
5.0, 18.4, 180.0, 63.0, 1988-06-26 00:00:00, 0.0
4.0, 18.3, 180.0, 50.0, 1988-06-27 00:00:00, 0.0
3.0, 15.5, 0.0, 72.0, 1988-06-28 00:00:00, 0.0
5.0, 17.5, 180.0, 57.0, 1988-06-29 00:00:00, 0.0
2.0, 17.6, 90.0, 66.0, 1988-06-30 00:00:00, 0.0
5.0, 15.9, 230.0, 81.0, 1988-07-01 00:00:00, 0.0
1.0, 17.0, 0.0, 86.0, 1988-07-02 00:00:00, 0.0
4.0, 16.1, 50.0, 66.0, 1988-07-03 00:00:00, 0.0
3.0, 17.3, 140.0, 64.0, 1988-07-04 00:00:00, 0.0
1.0, 12.2, 180.0, 98.0, 1988-07-05 00:00:00, 0.0
3.0, 17.6, 50.0, 77.0, 1988-07-06 00:00:00, 0.0
4.0, 18.1, 50.0, 76.0, 1988-07-07 00:00:00, 0.0
2.0, 21.5, 50.0, 66.0, 1988-07-08 00:00:00, 0.0
3.0, 20.4, 50.0, 72.0, 1988-07-09 00:00:00, 0.0
6.0, 21.2, 230.0, 69.0, 1988-07-10 00:00:00, 0.0
2.0, 16.4, 230.0, 72.0, 1988-07-11 00:00:00, 0.0
0.0, 13.3, 0.0, 99.0, 1988-07-12 00:00:00, 0.0
4.0, 19.0, 230.0, 65.0, 1988-07-13 00:00:00, 0.0
1.0, 17.2, 90.0, 72.0, 1988-07-14 00:00:00, 0.0
4.0, 18.9, 50.0, 78.0, 1988-07-15 00:00:00, 0.0
4.0, 19.4, 50.0, 68.0, 1988-07-16 00:00:00, 0.0
3.0, 19.2, 0.0, 67.0, 1988-07-17 00:00:00, 0.0
5.0, 21.9, 0.0, 56.0, 1988-07-18 00:00:00, 0.0
4.0, 24.9, 50.0, 48.0, 1988-07-19 00:00:00, 0.0
4.0, 24.8, 50.0, 49.0, 1988-07-20 00:00:00, 0.0
3.0, 20.8, 50.0, 70.0, 1988-07-21 00:00:00, 0.0
4.0, 20.8, 0.0, 62.0, 1988-07-22 00:00:00, 0.0
3.0, 20.8, 50.0, 60.0, 1988-07-23 00:00:00, 0.0
3.0, 23.9, 50.0, 48.0, 1988-07-24 00:00:00, 0.0
1.0, 25.6, 50.0, 66.0, 1988-07-25 00:00:00, 0.0
3.0, 24.3, 0.0, 55.0, 1988-07-26 00:00:00, 0.0
5.0, 20.5, 50.0, 70.0, 1988-07-27 00:00:00, 0.0
4.0, 19.2, 180.0, 66.0, 1988-07-28 00:00:00, 0.0
3.0, 21.0, 50.0, 77.0, 1988-07-29 00:00:00, 0.0
4.0, 20.9, 0.0, 69.0, 1988-07-30 00:00:00, 0.0
3.0, 21.1, 50.0, 60.0, 1988-07-31 00:00:00, 0.0
3.0, 21.0, 50.0, 57.0, 1988-08-01 00:00:00, 0.0
4.0, 21.1, 50.0, 64.0, 1988-08-02 00:00:00, 0.0
2.0, 24.1, 50.0, 48.0, 1988-08-03 00:00:00, 0.0
4.0, 23.4, 50.0, 61.0, 1988-08-04 00:00:00, 0.0
4.0, 17.7, 50.0, 78.0, 1988-08-05 00:00:00, 0.0
4.0, 21.8, 230.0, 58.0, 1988-08-06 00:00:00, 0.0
3.0, 20.9, 50.0, 62.0, 1988-08-07 00:00:00, 0.0
6.0, 20.1, 230.0, 60.0, 1988-08-08 00:00:00, 0.0
2.0, 20.2, 0.0, 77.0, 1988-08-09 00:00:00, 0.0
4.0, 20.0, 0.0, 70.0, 1988-08-10 00:00:00, 0.0
5.0, 19.3, 0.0, 74.0, 1988-08-11 00:00:00, 0.0
1.0, 20.8, 230.0, 71.0, 1988-08-12 00:00:00, 0.0
3.0, 19.9, 50.0, 74.0, 1988-08-13 00:00:00, 0.0
3.0, 19.7, 50.0, 73.0, 1988-08-14 00:00:00, 0.0
5.0, 12.6, 230.0, 97.0, 1988-08-15 00:00:00, 0.0
7.0, 16.3, 180.0, 95.0, 1988-08-16 00:00:00, 2.3
6.0, 19.2, 180.0, 69.0, 1988-08-17 00:00:00, 1.0
1.0, 20.0, 180.0, 76.0, 1988-08-18 00:00:00, 0.5
3.0, 18.1, 50.0, 80.0, 1988-08-19 00:00:00, 0.0
3.0, 18.5, 0.0, 60.0, 1988-08-20 00:00:00, 0.0
5.0, 17.3, 50.0, 79.0, 1988-08-21 00:00:00, 0.0
5.0, 19.4, 50.0, 76.0, 1988-08-22 00:00:00, 0.0
5.0, 21.0, 50.0, 76.0, 1988-08-23 00:00:00, 0.0
4.0, 2.8, 50.0, 69.0, 1988-08-24 00:00:00, 0.0
5.0, 20.8, 230.0, 64.0, 1988-08-25 00:00:00, 0.0
2.0, 20.9, 50.0, 66.0, 1988-08-26 00:00:00, 0.0
4.0, 20.8, 50.0, 80.0, 1988-08-27 00:00:00, 0.0
3.0, 22.9, 50.0, 69.0, 1988-08-28 00:00:00, 0.0
5.0, 20.2, 50.0, 60.0, 1988-08-29 00:00:00, 0.0
5.0, 18.0, 50.0, 77.0, 1988-08-30 00:00:00, 0.0
5.0, 18.0, 50.0, 78.0, 1988-08-31 00:00:00, 0.0
5.0, 21.0, 0.0, 70.0, 1988-09-01 00:00:00, 0.0
3.0, 23.5, 0.0, 58.0, 1988-09-02 00:00:00, 0.0
3.0, 26.9, 90.0, 42.0, 1988-09-03 00:00:00, 0.0
2.0, 21.1, 50.0, 75.0, 1988-09-04 00:00:00, 0.0
3.0, 17.9, 50.0, 84.0, 1988-09-05 00:00:00, 0.0
5.0, 18.3, 180.0, 84.0, 1988-09-06 00:00:00, 0.0
4.0, 19.2, 0.0, 42.0, 1988-09-07 00:00:00, 0.0
3.0, 15.8, 50.0, 85.0, 1988-09-08 00:00:00, 0.0
6.0, 16.6, 0.0, 60.0, 1988-09-09 00:00:00, 0.0
5.0, 16.8, 50.0, 70.0, 1988-09-10 00:00:00, 0.3
3.0, 17.4, 50.0, 71.0, 1988-09-11 00:00:00, 0.0
5.0, 18.5, 0.0, 74.0, 1988-09-12 00:00:00, 0.0
4.0, 19.5, 90.0, 69.0, 1988-09-13 00:00:00, 0.0
0.0, 20.9, 0.0, 64.0, 1988-09-14 00:00:00, 0.0
4.0, 14.9, 230.0, 81.0, 1988-09-15 00:00:00, 0.0
7.0, 17.7, 230.0, 49.0, 1988-09-16 00:00:00, 0.0
5.0, 14.4, 50.0, 73.0, 1988-09-17 00:00:00, 3.8
3.0, 10.5, 180.0, 95.0, 1988-09-18 00:00:00, 0.2
2.0, 12.4, 50.0, 96.0, 1988-09-19 00:00:00, 21.0
0.0, 0.0, 0.0, 0.0, 1988-09-20 00:00:00, 1.5
0.0, 0.0, 0.0, 0.0, 1988-09-21 00:00:00, 0.0
3.0, 15.3, 270.0, 75.0, 1988-09-22 00:00:00, 0.2
4.0, 10.7, 0.0, 98.0, 1988-09-23 00:00:00, 8.3
2.0, 11.8, 180.0, 90.0, 1988-09-24 00:00:00, 0.0
5.0, 15.1, 180.0, 73.0, 1988-09-25 00:00:00, 36.0
1.0, 11.8, 180.0, 97.0, 1988-09-26 00:00:00, 0.2
2.0, 14.6, 50.0, 80.0, 1988-09-27 00:00:00, 5.5
1.0, 14.1, 180.0, 80.0, 1988-09-28 00:00:00, 0.0
2.0, 18.7, 90.0, 65.0, 1988-09-29 00:00:00, 0.0
4.0, 16.1, 0.0, 87.0, 1988-09-30 00:00:00, 0.0
4.0, 17.5, 0.0, 76.0, 1988-10-01 00:00:00, 0.0
1.0, 19.7, 50.0, 72.0, 1988-10-02 00:00:00, 0.0
5.0, 15.1, 230.0, 91.0, 1988-10-03 00:00:00, 0.0
2.0, 12.7, 180.0, 97.0, 1988-10-04 00:00:00, 0.0
0.0, 14.1, 0.0, 99.0, 1988-10-05 00:00:00, 5.3
1.0, 12.4, 0.0, 99.0, 1988-10-06 00:00:00, 0.0
4.0, 14.3, 0.0, 90.0, 1988-10-07 00:00:00, 0.0
2.0, 12.3, 0.0, 94.0, 1988-10-08 00:00:00, 0.0
2.0, 12.5, 90.0, 99.0, 1988-10-09 00:00:00, 0.0
0.0, 17.6, 0.0, 71.0, 1988-10-10 00:00:00, 0.0
3.0, 14.4, 180.0, 88.0, 1988-10-11 00:00:00, 0.0
0.0, 14.9, 0.0, 89.0, 1988-10-12 00:00:00, 0.0
7.0, 12.7, 180.0, 94.0, 1988-10-13 00:00:00, 0.0
1.0, 11.6, 180.0, 94.0, 1988-10-14 00:00:00, 0.0
