station_observations
wind_speed, temperature, wind_direction, relative_humidity, time, precipitation
9.0, 18.3, 320.0, 76.0, 1992-07-08 00:00:00, 0.0
10.0, 15.6, 270.0, 91.0, 1992-07-09 00:00:00, 1.2
3.0, 15.6, 320.0, 87.0, 1992-07-10 00:00:00, 1.0
6.0, 14.6, 180.0, 99.0, 1992-07-11 00:00:00, 1.0
20.0, 13.6, 270.0, 86.0, 1992-07-12 00:00:00, 3.3
12.0, 13.4, 270.0, 84.0, 1992-07-13 00:00:00, 0.5
7.0, 14.7, 230.0, 70.0, 1992-07-14 00:00:00, 0.0
6.0, 14.1, 180.0, 92.0, 1992-07-15 00:00:00, 1.7
6.0, 17.4, 270.0, 79.0, 1992-07-16 00:00:00, 0.0
20.0, 16.7, 320.0, 70.0, 1992-07-17 00:00:00, 0.0
18.0, 20.0, 320.0, 62.0, 1992-07-18 00:00:00, 0.0
13.0, 20.6, 320.0, 67.0, 1992-07-19 00:00:00, 0.0
22.0, 16.2, 270.0, 66.0, 1992-07-20 00:00:00, 0.0
9.0, 14.8, 270.0, 80.0, 1992-07-21 00:00:00, 0.0
19.0, 14.8, 270.0, 77.0, 1992-07-22 00:00:00, 0.0
13.0, 17.3, 270.0, 67.0, 1992-07-23 00:00:00, 0.0
16.0, 14.5, 140.0, 99.0, 1992-07-24 00:00:00, 1.7
5.0, 13.4, 230.0, 98.0, 1992-07-25 00:00:00, 12.1
7.0, 14.7, 180.0, 89.0, 1992-07-26 00:00:00, 0.2
17.0, 15.5, 140.0, 95.0, 1992-07-27 00:00:00, 1.5
4.0, 14.5, 230.0, 84.0, 1992-07-28 00:00:00, 4.3
8.0, 16.3, 270.0, 90.0, 1992-07-29 00:00:00, 0.0
21.0, 15.4, 320.0, 65.0, 1992-07-30 00:00:00, 0.0
18.0, 17.7, 320.0, 64.0, 1992-07-31 00:00:00, 0.0
6.0, 20.8, 50.0, 63.0, 1992-08-01 00:00:00, 0.0
10.0, 21.4, 270.0, 67.0, 1992-08-02 00:00:00, 0.0
9.0, 19.6, 0.0, 75.0, 1992-08-03 00:00:00, 0.0
3.0, 20.9, 0.0, 70.0, 1992-08-04 00:00:00, 0.0
26.0, 13.9, 140.0, 99.0, 1992-08-05 00:00:00, 11.7
13.0, 14.1, 140.0, 99.0, 1992-08-06 00:00:00, 11.4
9.0, 15.2, 140.0, 83.0, 1992-08-07 00:00:00, 1.3
17.0, 13.9, 90.0, 92.0, 1992-08-08 00:00:00, 1.5
13.0, 14.8, 140.0, 98.0, 1992-08-09 00:00:00, 0.8
14.0, 14.6, 140.0, 99.0, 1992-08-10 00:00:00, 10.7
6.0, 18.1, 230.0, 73.0, 1992-08-11 00:00:00, 0.0
8.0, 16.7, 270.0, 75.0, 1992-08-12 00:00:00, 0.0
14.0, 15.8, 270.0, 76.0, 1992-08-13 00:00:00, 0.0
10.0, 17.6, 230.0, 73.0, 1992-08-14 00:00:00, 0.0
10.0, 14.9, 140.0, 79.0, 1992-08-15 00:00:00, 0.0
7.0, 17.5, 140.0, 88.0, 1992-08-16 00:00:00, 0.3
6.0, 16.1, 320.0, 99.0, 1992-08-17 00:00:00, 0.3
18.0, 16.4, 320.0, 71.0, 1992-08-18 00:00:00, 0.0
14.0, 17.3, 320.0, 69.0, 1992-08-19 00:00:00, 0.0
18.0, 17.1, 320.0, 69.0, 1992-08-20 00:00:00, 0.0
15.0, 19.2, 320.0, 66.0, 1992-08-21 00:00:00, 0.0
5.0, 15.5, 320.0, 81.0, 1992-08-22 00:00:00, 0.0
5.0, 19.0, 180.0, 92.0, 1992-08-23 00:00:00, 3.3
9.0, 19.6, 140.0, 85.0, 1992-08-24 00:00:00, 0.0
7.0, 14.6, 320.0, 99.0, 1992-08-25 00:00:00, 4.8
12.0, 15.8, 320.0, 71.0, 1992-08-26 00:00:00, 0.0
11.0, 12.6, 320.0, 80.0, 1992-08-27 00:00:00, 0.0
5.0, 14.5, 140.0, 83.0, 1992-08-28 00:00:00, 0.0
21.0, 12.8, 140.0, 99.0, 1992-08-29 00:00:00, 21.3
7.0, 14.0, 50.0, 99.0, 1992-08-30 00:00:00, 6.8
11.0, 14.5, 270.0, 87.0, 1992-08-31 00:00:00, 0.0
9.0, 13.9, 270.0, 77.0, 1992-09-01 00:00:00, 1.2
4.0, 14.0, 270.0, 83.0, 1992-09-02 00:00:00, 0.3
10.0, 13.5, 230.0, 82.0, 1992-09-03 00:00:00, 0.5
17.0, 12.2, 270.0, 82.0, 1992-09-04 00:00:00, 3.3
5.0, 13.8, 270.0, 77.0, 1992-09-05 00:00:00, 0.0
12.0, 12.2, 140.0, 99.0, 1992-09-06 00:00:00, 3.8
13.0, 13.1, 230.0, 85.0, 1992-09-07 00:00:00, 14.5
6.0, 12.6, 180.0, 96.0, 1992-09-08 00:00:00, 3.3
8.0, 13.7, 230.0, 99.0, 1992-09-09 00:00:00, 11.4
3.0, 13.2, 320.0, 86.0, 1992-09-10 00:00:00, 0.8
14.0, 12.8, 270.0, 84.0, 1992-09-11 00:00:00, 0.3
13.0, 11.3, 270.0, 73.0, 1992-09-12 00:00:00, 2.5
14.0, 8.9, 320.0, 65.0, 1992-09-13 00:00:00, 0.3
7.0, 10.4, 320.0, 61.0, 1992-09-14 00:00:00, 0.3
6.0, 11.1, 140.0, 92.0, 1992-09-15 00:00:00, 0.0
14.0, 11.5, 320.0, 73.0, 1992-09-16 00:00:00, 4.3
14.0, 11.5, 140.0, 88.0, 1992-09-17 00:00:00, 0.0
5.0, 16.8, 230.0, 98.0, 1992-09-18 00:00:00, 4.3
10.0, 13.9, 140.0, 99.0, 1992-09-19 00:00:00, 5.1
10.0, 12.3, 230.0, 78.0, 1992-09-20 00:00:00, 0.0
8.0, 14.5, 180.0, 99.0, 1992-09-21 00:00:00, 14.5
0.0, 13.3, 0.0, 99.0, 1992-09-22 00:00:00, 13.0
12.0, 13.6, 270.0, 99.0, 1992-09-23 00:00:00, 11.2
13.0, 10.4, 270.0, 78.0, 1992-09-24 00:00:00, 0.0
9.0, 11.1, 140.0, 93.0, 1992-09-25 00:00:00, 2.0
19.0, 10.4, 270.0, 93.0, 1992-09-26 00:00:00, 19.8
29.0, 9.0, 140.0, 99.0, 1992-09-27 00:00:00, 7.1
28.0, 12.9, 140.0, 99.0, 1992-09-28 00:00:00, 20.8
8.0, 12.7, 140.0, 99.0, 1992-09-29 00:00:00, 21.8
7.0, 11.5, 320.0, 99.0, 1992-09-30 00:00:00, 1.0
1.0, 11.7, 270.0, 92.0, 1992-10-01 00:00:00, 0.0
3.0, 10.8, 140.0, 99.0, 1992-10-02 00:00:00, 0.5
8.0, 10.2, 230.0, 96.0, 1992-10-03 00:00:00, 1.0
3.0, 9.0, 230.0, 99.0, 1992-10-04 00:00:00, 1.5
4.0, 8.8, 0.0, 99.0, 1992-10-05 00:00:00, 2.0
0.0, 8.0, 0.0, 99.0, 1992-10-06 00:00:00, 0.0
24.0, 10.2, 140.0, 99.0, 1992-10-07 00:00:00, 3.8
6.0, 8.2, 180.0, 99.0, 1992-10-08 00:00:00, 5.8
5.0, 12.2, 230.0, 99.0, 1992-10-09 00:00:00, 0.8
12.0, 9.0, 270.0, 87.0, 1992-10-10 00:00:00, 10.4
3.0, 7.0, 270.0, 99.0, 1992-10-11 00:00:00, 0.0
10.0, 8.3, 270.0, 78.0, 1992-10-12 00:00:00, 0.0
15.0, 8.3, 270.0, 90.0, 1992-10-13 00:00:00, 1.8
9.0, 5.3, 0.0, 75.0, 1992-10-14 00:00:00, 0.3
0.0, 4.3, 0.0, 99.0, 1992-10-15 00:00:00, 0.0
16.0, 5.0, 90.0, 99.0, 1992-10-16 00:00:00, 9.1
10.0, 8.7, 140.0, 99.0, 1992-10-17 00:00:00, 11.2
9.0, 10.5, 180.0, 99.0, 1992-10-18 00:00:00, 10.4
8.0, 11.6, 140.0, 99.0, 1992-10-19 00:00:00, 18.5
6.0, 8.7, 270.0, 98.0, 1992-10-20 00:00:00, 4.6
21.0, 8.8, 140.0, 99.0, 1992-10-21 00:00:00, 0.5
22.0, 11.1, 180.0, 94.0, 1992-10-22 00:00:00, 22.1
