station_observations
wind_speed, temperature, wind_direction, relative_humidity, time, precipitation
3.0, 10.5, 320.0, 89.0, 1993-04-26 00:00:00, 2.0
1.0, 11.0, 50.0, 81.0, 1993-04-27 00:00:00, 0.0
8.0, 9.2, 140.0, 94.0, 1993-04-28 00:00:00, 2.0
5.0, 9.4, 90.0, 95.0, 1993-04-29 00:00:00, 2.7
6.0, 11.7, 140.0, 66.0, 1993-04-30 00:00:00, 2.0
7.0, 6.9, 90.0, 97.0, 1993-05-01 00:00:00, 9.1
9.0, 7.5, 140.0, 94.0, 1993-05-02 00:00:00, 6.8
5.0, 12.3, 0.0, 74.0, 1993-05-03 00:00:00, 0.0
7.0, 12.2, 140.0, 71.0, 1993-05-04 00:00:00, 0.0
1.0, 9.1, 320.0, 99.0, 1993-05-05 00:00:00, 14.7
4.0, 10.2, 270.0, 83.0, 1993-05-06 00:00:00, 6.3
3.0, 9.2, 320.0, 93.0, 1993-05-07 00:00:00, 2.7
56.0, 9.8, 0.0, 94.0, 1993-05-08 00:00:00, 1.0
5.0, 10.9, 90.0, 79.0, 1993-05-09 00:00:00, 0.7
35.0, 8.7, 50.0, 96.0, 1993-05-10 00:00:00, 10.1
39.0, 12.6, 0.0, 91.0, 1993-05-11 00:00:00, 2.2
62.0, 19.1, 230.0, 71.0, 1993-05-12 00:00:00, 0.0
11.0, 28.0, 270.0, 40.0, 1993-05-13 00:00:00, 0.0
8.0, 25.0, 270.0, 53.0, 1993-05-14 00:00:00, 0.0
2.0, 13.1, 270.0, 97.0, 1993-05-15 00:00:00, 1.0
5.0, 13.5, 90.0, 87.0, 1993-05-16 00:00:00, 0.0
4.0, 17.6, 320.0, 70.0, 1993-05-17 00:00:00, 2.2
5.0, 21.3, 0.0, 73.0, 1993-05-18 00:00:00, 0.0
1.0, 18.5, 230.0, 75.0, 1993-05-19 00:00:00, 0.0
4.0, 15.4, 270.0, 97.0, 1993-05-20 00:00:00, 4.0
5.0, 14.3, 270.0, 95.0, 1993-05-21 00:00:00, 12.4
4.0, 14.6, 50.0, 79.0, 1993-05-22 00:00:00, 5.3
0.0, 19.2, 270.0, 61.0, 1993-05-23 00:00:00, 0.0
0.0, 23.0, 0.0, 47.0, 1993-05-24 00:00:00, 0.0
0.0, 24.6, 230.0, 43.0, 1993-05-25 00:00:00, 0.0
7.0, 26.4, 270.0, 40.0, 1993-05-26 00:00:00, 0.0
0.0, 25.8, 0.0, 42.0, 1993-05-27 00:00:00, 0.0
0.0, 21.2, 0.0, 64.0, 1993-05-28 00:00:00, 0.0
0.0, 14.8, 0.0, 84.0, 1993-05-29 00:00:00, 0.0
0.0, 15.0, 0.0, 83.0, 1993-05-30 00:00:00, 2.2
0.0, 19.9, 0.0, 65.0, 1993-05-31 00:00:00, 0.2
0.0, 14.2, 0.0, 96.0, 1993-06-01 00:00:00, 11.4
0.0, 18.5, 0.0, 78.0, 1993-06-02 00:00:00, 1.0
45.0, 16.2, 0.0, 80.0, 1993-06-03 00:00:00, 0.0
98.0, 19.6, 0.0, 72.0, 1993-06-04 00:00:00, 0.5
54.0, 21.8, 270.0, 70.0, 1993-06-05 00:00:00, 2.0
67.0, 16.2, 90.0, 79.0, 1993-06-06 00:00:00, 0.0
86.0, 15.7, 140.0, 53.0, 1993-06-07 00:00:00, 0.2
3.0, 17.1, 180.0, 56.0, 1993-06-08 00:00:00, 0.0
0.0, 11.3, 0.0, 99.0, 1993-06-09 00:00:00, 6.3
3.0, 11.8, 50.0, 92.0, 1993-06-10 00:00:00, 4.5
6.0, 17.5, 50.0, 67.0, 1993-06-11 00:00:00, 0.7
7.0, 19.5, 180.0, 46.0, 1993-06-12 00:00:00, 0.0
6.0, 20.5, 270.0, 53.0, 1993-06-13 00:00:00, 0.0
8.0, 22.8, 270.0, 53.0, 1993-06-14 00:00:00, 0.0
2.0, 17.7, 50.0, 85.0, 1993-06-15 00:00:00, 5.8
5.0, 16.7, 0.0, 92.0, 1993-06-16 00:00:00, 0.0
1.0, 14.0, 90.0, 99.0, 1993-06-17 00:00:00, 4.0
4.0, 14.8, 90.0, 77.0, 1993-06-18 00:00:00, 5.3
6.0, 14.4, 90.0, 87.0, 1993-06-19 00:00:00, 3.0
6.0, 16.2, 90.0, 69.0, 1993-06-20 00:00:00, 0.5
11.0, 14.5, 90.0, 75.0, 1993-06-21 00:00:00, 0.0
4.0, 9.9, 90.0, 99.0, 1993-06-22 00:00:00, 12.4
2.0, 14.8, 270.0, 89.0, 1993-06-23 00:00:00, 8.8
6.0, 14.1, 50.0, 99.0, 1993-06-24 00:00:00, 2.0
3.0, 16.6, 180.0, 77.0, 1993-06-25 00:00:00, 0.2
5.0, 17.4, 270.0, 75.0, 1993-06-26 00:00:00, 0.2
7.0, 19.1, 0.0, 67.0, 1993-06-27 00:00:00, 1.2
8.0, 13.5, 180.0, 87.0, 1993-06-28 00:00:00, 2.9
5.0, 15.8, 320.0, 75.0, 1993-06-29 00:00:00, 0.0
6.0, 19.3, 140.0, 59.0, 1993-06-30 00:00:00, 0.0
6.0, 21.1, 90.0, 51.0, 1993-07-01 00:00:00, 0.0
10.0, 21.0, 90.0, 58.0, 1993-07-02 00:00:00, 0.0
3.0, 14.3, 270.0, 94.0, 1993-07-03 00:00:00, 0.5
11.0, 17.7, 50.0, 68.0, 1993-07-04 00:00:00, 0.0
6.0, 18.3, 270.0, 61.0, 1993-07-05 00:00:00, 0.0
10.0, 20.7, 0.0, 48.0, 1993-07-06 00:00:00, 0.0
9.0, 22.9, 90.0, 42.0, 1993-07-07 00:00:00, 0.0
5.0, 22.9, 50.0, 48.0, 1993-07-08 00:00:00, 0.0
27.0, 24.4, 270.0, 35.0, 1993-07-09 00:00:00, 0.2
1.0, 17.1, 90.0, 97.0, 1993-07-10 00:00:00, 3.5
9.0, 21.3, 90.0, 67.0, 1993-07-11 00:00:00, 3.8
2.0, 23.1, 230.0, 54.0, 1993-07-12 00:00:00, 0.0
20.0, 25.1, 50.0, 47.0, 1993-07-13 00:00:00, 0.0
6.0, 17.4, 50.0, 85.0, 1993-07-14 00:00:00, 0.0
0.0, 20.0, 0.0, 74.0, 1993-07-15 00:00:00, 0.0
9.0, 23.8, 50.0, 48.0, 1993-07-16 00:00:00, 0.0
12.0, 20.4, 90.0, 66.0, 1993-07-17 00:00:00, 0.0
7.0, 18.0, 90.0, 76.0, 1993-07-18 00:00:00, 0.5
5.0, 23.1, 230.0, 62.0, 1993-07-19 00:00:00, 0.0
10.0, 20.3, 90.0, 69.0, 1993-07-20 00:00:00, 0.0
6.0, 18.1, 90.0, 67.0, 1993-07-21 00:00:00, 0.0
7.0, 14.9, 90.0, 99.0, 1993-07-22 00:00:00, 2.2
8.0, 16.1, 90.0, 98.0, 1993-07-23 00:00:00, 0.7
6.0, 19.9, 90.0, 63.0, 1993-07-24 00:00:00, 0.0
6.0, 23.0, 90.0, 56.0, 1993-07-25 00:00:00, 0.0
4.0, 16.1, 90.0, 97.0, 1993-07-26 00:00:00, 0.7
9.0, 13.8, 140.0, 99.0, 1993-07-27 00:00:00, 1.5
5.0, 16.7, 90.0, 86.0, 1993-07-28 00:00:00, 3.5
4.0, 14.1, 50.0, 95.0, 1993-07-29 00:00:00, 0.2
2.0, 13.3, 90.0, 99.0, 1993-07-30 00:00:00, 2.0
3.0, 17.6, 90.0, 91.0, 1993-07-31 00:00:00, 0.7
4.0, 20.0, 230.0, 85.0, 1993-08-01 00:00:00, 2.0
6.0, 23.6, 320.0, 75.0, 1993-08-02 00:00:00, 0.0
6.0, 26.6, 270.0, 56.0, 1993-08-03 00:00:00, 0.0
4.0, 28.5, 90.0, 50.0, 1993-08-04 00:00:00, 0.0
6.0, 18.3, 270.0, 61.0, 1993-08-05 00:00:00, 0.0
0.0, 20.7, 90.0, 48.0, 1993-08-06 00:00:00, 0.0
9.0, 16.2, 90.0, 98.0, 1993-08-07 00:00:00, 3.3
8.0, 22.3, 90.0, 65.0, 1993-08-08 00:00:00, 8.2
0.0, 21.1, 0.0, 72.0, 1993-08-09 00:00:00, 0.2
8.0, 17.1, 90.0, 97.0, 1993-08-10 00:00:00, 3.5
5.0, 16.9, 50.0, 78.0, 1993-08-11 00:00:00, 0.0
9.0, 14.0, 50.0, 99.0, 1993-08-12 00:00:00, 1.0
7.0, 19.1, 270.0, 77.0, 1993-08-13 00:00:00, 0.0
6.0, 23.9, 270.0, 64.0, 1993-08-14 00:00:00, 0.0
9.0, 23.0, 90.0, 64.0, 1993-08-15 00:00:00, 0.0
9.0, 23.8, 320.0, 48.0, 1993-08-16 00:00:00, 0.2
63.0, 23.3, 270.0, 63.0, 1993-08-17 00:00:00, 0.0
8.0, 23.5, 270.0, 66.0, 1993-08-18 00:00:00, 0.0
8.0, 20.6, 50.0, 61.0, 1993-08-19 00:00:00, 0.0
4.0, 15.2, 90.0, 99.0, 1993-08-20 00:00:00, 4.8
3.0, 14.2, 320.0, 99.0, 1993-08-21 00:00:00, 5.3
7.0, 12.6, 140.0, 99.0, 1993-08-22 00:00:00, 9.9
43.0, 13.3, 140.0, 96.0, 1993-08-23 00:00:00, 5.5
13.0, 16.4, 50.0, 82.0, 1993-08-24 00:00:00, 0.0
2.0, 12.9, 270.0, 99.0, 1993-08-25 00:00:00, 1.0
42.0, 15.0, 90.0, 92.0, 1993-08-26 00:00:00, 2.0
50.0, 18.7, 320.0, 74.0, 1993-08-27 00:00:00, 0.0
77.0, 19.5, 320.0, 67.0, 1993-08-28 00:00:00, 0.0
63.0, 20.9, 50.0, 64.0, 1993-08-29 00:00:00, 0.0
60.0, 22.6, 90.0, 65.0, 1993-08-30 00:00:00, 0.0
79.0, 23.0, 270.0, 65.0, 1993-08-31 00:00:00, 0.0
8.0, 23.1, 320.0, 68.0, 1993-09-01 00:00:00, 0.0
6.0, 23.7, 320.0, 62.0, 1993-09-02 00:00:00, 0.0
6.0, 22.8, 320.0, 58.0, 1993-09-03 00:00:00, 0.0
4.0, 23.2, 0.0, 57.0, 1993-09-04 00:00:00, 0.0
5.0, 22.4, 0.0, 64.0, 1993-09-05 00:00:00, 0.0
4.0, 24.3, 0.0, 57.0, 1993-09-06 00:00:00, 0.0
7.0, 22.0, 320.0, 60.0, 1993-09-07 00:00:00, 0.0
6.0, 22.9, 270.0, 54.0, 1993-09-08 00:00:00, 0.0
12.0, 19.4, 90.0, 68.0, 1993-09-09 00:00:00, 0.0
8.0, 19.1, 90.0, 45.0, 1993-09-10 00:00:00, 0.0
7.0, 18.2, 320.0, 59.0, 1993-09-11 00:00:00, 0.0
5.0, 14.1, 90.0, 86.0, 1993-09-12 00:00:00, 0.2
8.0, 18.1, 320.0, 72.0, 1993-09-13 00:00:00, 0.5
4.0, 19.3, 270.0, 58.0, 1993-09-14 00:00:00, 0.0
6.0, 19.3, 0.0, 57.0, 1993-09-15 00:00:00, 0.0
9.0, 15.0, 90.0, 77.0, 1993-09-16 00:00:00, 0.0
8.0, 15.4, 90.0, 53.0, 1993-09-17 00:00:00, 0.5
10.0, 16.2, 90.0, 42.0, 1993-09-18 00:00:00, 0.0
5.0, 14.0, 0.0, 56.0, 1993-09-19 00:00:00, 0.0
5.0, 16.0, 50.0, 61.0, 1993-09-20 00:00:00, 0.0
2.0, 16.6, 50.0, 62.0, 1993-09-21 00:00:00, 0.0
7.0, 11.6, 140.0, 98.0, 1993-09-22 00:00:00, 1.7
7.0, 13.4, 50.0, 99.0, 1993-09-23 00:00:00, 20.5
2.0, 12.0, 230.0, 99.0, 1993-09-24 00:00:00, 0.2
0.0, 13.6, 0.0, 99.0, 1993-09-25 00:00:00, 13.4
6.0, 15.4, 320.0, 85.0, 1993-09-26 00:00:00, 0.0
6.0, 15.9, 0.0, 77.0, 1993-09-27 00:00:00, 0.0
8.0, 12.2, 320.0, 99.0, 1993-09-28 00:00:00, 0.7
7.0, 14.2, 320.0, 82.0, 1993-09-29 00:00:00, 0.0
5.0, 14.8, 0.0, 80.0, 1993-09-30 00:00:00, 0.0
10.0, 20.0, 230.0, 45.0, 1995-05-08 00:00:00, 0.0
10.0, 20.0, 180.0, 46.0, 1995-05-09 00:00:00, 0.0
