station_observations
wind_speed, temperature, wind_direction, relative_humidity, time, precipitation
0.0, 0.0, 0.0, 0.0, 1993-07-10 00:00:00, 0.0
6.0, 20.0, 270.0, 75.0, 1993-07-11 00:00:00, 2.1
6.0, 20.5, 270.0, 71.0, 1993-07-12 00:00:00, 0.0
10.0, 21.0, 270.0, 67.0, 1993-07-13 00:00:00, 0.0
4.0, 24.0, 270.0, 56.0, 1993-07-14 00:00:00, 0.0
0.0, 17.5, 0.0, 86.0, 1993-07-15 00:00:00, 0.6
4.0, 21.5, 270.0, 64.0, 1993-07-16 00:00:00, 0.0
3.0, 22.0, 270.0, 61.0, 1993-07-17 00:00:00, 0.0
8.0, 19.0, 270.0, 66.0, 1993-07-18 00:00:00, 0.0
9.0, 20.0, 270.0, 59.0, 1993-07-19 00:00:00, 0.0
4.0, 19.0, 270.0, 78.0, 1993-07-20 00:00:00, 0.0
2.0, 21.0, 270.0, 67.0, 1993-07-21 00:00:00, 0.0
0.0, 12.5, 270.0, 95.0, 1993-07-22 00:00:00, 10.0
0.0, 12.5, 270.0, 95.0, 1993-07-23 00:00:00, 24.0
0.0, 16.0, 270.0, 63.0, 1993-07-24 00:00:00, 2.3
9.0, 22.0, 270.0, 54.0, 1993-07-25 00:00:00, 0.0
0.0, 20.0, 270.0, 75.0, 1993-07-26 00:00:00, 0.0
0.0, 21.0, 270.0, 60.0, 1993-07-27 00:00:00, 8.0
0.0, 20.0, 270.0, 75.0, 1993-07-28 00:00:00, 12.5
0.0, 19.0, 270.0, 78.0, 1993-07-29 00:00:00, 15.0
0.0, 20.0, 270.0, 71.0, 1993-07-30 00:00:00, 6.0
0.0, 20.0, 270.0, 67.0, 1993-07-31 00:00:00, 3.5
3.0, 24.0, 270.0, 66.0, 1993-08-01 00:00:00, 0.0
2.0, 27.0, 270.0, 53.0, 1993-08-02 00:00:00, 0.0
2.0, 32.0, 270.0, 33.0, 1993-08-03 00:00:00, 0.0
2.0, 31.5, 270.0, 32.0, 1993-08-04 00:00:00, 0.0
7.0, 30.7, 270.0, 39.0, 1993-08-05 00:00:00, 0.0
9.0, 21.0, 0.0, 67.0, 1993-08-06 00:00:00, 0.0
9.0, 19.0, 0.0, 70.0, 1993-08-07 00:00:00, 0.0
4.0, 14.5, 270.0, 93.0, 1993-08-08 00:00:00, 8.5
5.0, 18.5, 0.0, 85.0, 1993-08-09 00:00:00, 3.5
8.0, 22.0, 270.0, 61.0, 1993-08-10 00:00:00, 0.2
8.0, 19.5, 270.0, 70.0, 1993-08-11 00:00:00, 0.0
6.0, 18.5, 270.0, 78.0, 1993-08-12 00:00:00, 0.0
0.0, 16.0, 0.0, 99.0, 1993-08-13 00:00:00, 6.2
6.0, 21.0, 270.0, 60.0, 1993-08-14 00:00:00, 6.0
15.0, 24.0, 270.0, 47.0, 1993-08-15 00:00:00, 0.0
5.0, 20.5, 270.0, 71.0, 1993-08-16 00:00:00, 0.0
9.0, 20.0, 270.0, 59.0, 1993-08-17 00:00:00, 0.0
3.0, 21.0, 0.0, 60.0, 1993-08-18 00:00:00, 0.0
10.0, 24.0, 90.0, 43.0, 1993-08-19 00:00:00, 0.0
0.0, 20.5, 0.0, 67.0, 1993-08-20 00:00:00, 0.0
0.0, 16.3, 0.0, 99.0, 1993-08-21 00:00:00, 0.0
0.0, 15.5, 0.0, 99.0, 1993-08-22 00:00:00, 14.5
0.0, 15.0, 0.0, 99.0, 1993-08-23 00:00:00, 19.0
0.0, 14.0, 0.0, 99.0, 1993-08-24 00:00:00, 24.5
0.0, 17.0, 0.0, 81.0, 1993-08-25 00:00:00, 11.0
4.0, 18.0, 270.0, 73.0, 1993-08-26 00:00:00, 0.0
0.0, 16.0, 0.0, 90.0, 1993-08-27 00:00:00, 13.5
6.0, 21.0, 270.0, 64.0, 1993-08-28 00:00:00, 0.4
5.0, 21.0, 270.0, 60.0, 1993-08-29 00:00:00, 0.0
3.0, 21.5, 270.0, 57.0, 1993-08-30 00:00:00, 0.0
10.0, 18.5, 270.0, 69.0, 1993-08-31 00:00:00, 0.0
3.0, 22.5, 230.0, 55.0, 1993-09-01 00:00:00, 0.0
3.0, 20.5, 230.0, 60.0, 1993-09-02 00:00:00, 0.0
0.0, 21.0, 0.0, 53.0, 1993-09-03 00:00:00, 0.0
9.0, 20.0, 270.0, 63.0, 1993-09-04 00:00:00, 0.0
3.0, 19.0, 230.0, 74.0, 1993-09-05 00:00:00, 0.0
4.0, 19.5, 230.0, 66.0, 1993-09-06 00:00:00, 0.0
0.0, 21.5, 0.0, 67.0, 1993-09-07 00:00:00, 0.0
0.0, 23.0, 0.0, 52.0, 1993-09-08 00:00:00, 0.0
6.0, 22.5, 270.0, 61.0, 1993-09-09 00:00:00, 0.0
18.0, 18.0, 230.0, 77.0, 1993-09-10 00:00:00, 0.0
11.0, 18.0, 270.0, 61.0, 1993-09-11 00:00:00, 0.0
8.0, 19.0, 270.0, 62.0, 1993-09-12 00:00:00, 0.0
10.0, 15.5, 230.0, 76.0, 1993-09-13 00:00:00, 0.0
18.0, 20.0, 270.0, 55.0, 1993-09-14 00:00:00, 0.0
11.0, 22.0, 230.0, 41.0, 1993-09-15 00:00:00, 0.0
7.0, 19.0, 270.0, 50.0, 1993-09-16 00:00:00, 0.0
12.0, 17.5, 230.0, 73.0, 1993-09-17 00:00:00, 0.0
5.0, 19.0, 270.0, 66.0, 1993-09-18 00:00:00, 0.0
7.0, 16.0, 230.0, 63.0, 1993-09-19 00:00:00, 0.0
4.0, 15.5, 230.0, 58.0, 1993-09-20 00:00:00, 0.0
0.0, 17.0, 0.0, 56.0, 1993-09-21 00:00:00, 0.0
3.0, 16.5, 270.0, 68.0, 1993-09-22 00:00:00, 0.0
0.0, 16.0, 0.0, 63.0, 1993-09-23 00:00:00, 0.0
0.0, 14.0, 0.0, 95.0, 1993-09-24 00:00:00, 2.8
0.0, 14.5, 0.0, 85.0, 1993-09-25 00:00:00, 2.1
0.0, 15.0, 0.0, 85.0, 1993-09-26 00:00:00, 0.0
2.0, 16.5, 270.0, 72.0, 1993-09-27 00:00:00, 0.0
3.0, 18.0, 180.0, 65.0, 1993-09-28 00:00:00, 0.0
0.0, 14.5, 0.0, 95.0, 1993-09-29 00:00:00, 0.4
0.0, 14.5, 0.0, 80.0, 1993-09-30 00:00:00, 0.0
0.0, 17.5, 0.0, 64.0, 1993-10-01 00:00:00, 0.0
0.0, 18.0, 0.0, 61.0, 1993-10-02 00:00:00, 0.0
0.0, 16.5, 0.0, 68.0, 1993-10-03 00:00:00, 0.0
6.0, 14.0, 270.0, 90.0, 1993-10-04 00:00:00, 0.0
0.0, 13.0, 0.0, 99.0, 1993-10-05 00:00:00, 9.6
2.0, 15.0, 180.0, 85.0, 1993-10-06 00:00:00, 17.0
0.0, 14.5, 0.0, 75.0, 1993-10-07 00:00:00, 0.0
0.0, 14.0, 0.0, 70.0, 1993-10-08 00:00:00, 0.0
