station_observations
wind_speed, temperature, wind_direction, relative_humidity, time, precipitation
0.0, 0.0, 0.0, 0.0, 1994-04-14 00:00:00, 0.0
0.0, 9.5, 0.0, 94.0, 1994-04-15 00:00:00, 17.5
5.0, 10.0, 230.0, 99.0, 1994-04-16 00:00:00, 5.8
2.0, 15.0, 50.0, 71.0, 1994-04-17 00:00:00, 32.0
10.0, 18.0, 320.0, 49.0, 1994-04-18 00:00:00, 0.0
0.0, 11.5, 0.0, 99.0, 1994-04-19 00:00:00, 15.0
4.0, 15.0, 320.0, 71.0, 1994-04-20 00:00:00, 17.0
0.0, 11.0, 0.0, 99.0, 1994-04-21 00:00:00, 11.0
3.0, 9.4, 0.0, 76.0, 1994-04-22 00:00:00, 7.1
0.0, 8.6, 0.0, 88.0, 1994-04-23 00:00:00, 0.0
0.0, 10.0, 0.0, 99.0, 1994-04-24 00:00:00, 0.5
5.0, 12.0, 0.0, 48.0, 1994-04-25 00:00:00, 0.0
10.0, 17.0, 0.0, 52.0, 1994-04-26 00:00:00, 0.0
0.0, 16.5, 0.0, 76.0, 1994-04-27 00:00:00, 0.0
0.0, 15.5, 0.0, 80.0, 1994-04-28 00:00:00, 0.0
0.0, 10.5, 0.0, 99.0, 1994-04-29 00:00:00, 4.8
7.0, 11.5, 180.0, 67.0, 1994-04-30 00:00:00, 6.2
0.0, 8.5, 0.0, 99.0, 1994-05-01 00:00:00, 1.4
0.0, 9.0, 0.0, 99.0, 1994-05-02 00:00:00, 2.0
2.0, 17.0, 230.0, 64.0, 1994-05-03 00:00:00, 0.0
2.0, 17.0, 230.0, 64.0, 1994-05-04 00:00:00, 0.0
5.0, 19.0, 320.0, 66.0, 1994-05-05 00:00:00, 0.0
0.0, 15.0, 0.0, 71.0, 1994-05-06 00:00:00, 0.5
5.0, 17.0, 140.0, 72.0, 1994-05-07 00:00:00, 0.0
10.0, 21.0, 140.0, 53.0, 1994-05-08 00:00:00, 0.0
2.0, 15.5, 140.0, 67.0, 1994-05-09 00:00:00, 4.5
0.0, 14.0, 0.0, 95.0, 1994-05-10 00:00:00, 7.5
10.0, 14.0, 230.0, 80.0, 1994-05-11 00:00:00, 22.0
0.0, 14.0, 0.0, 61.0, 1994-05-12 00:00:00, 12.5
3.0, 13.0, 140.0, 64.0, 1994-05-13 00:00:00, 2.5
4.0, 15.0, 320.0, 71.0, 1994-05-14 00:00:00, 0.0
2.0, 14.0, 230.0, 75.0, 1994-05-15 00:00:00, 2.0
2.0, 13.0, 320.0, 89.0, 1994-05-16 00:00:00, 0.8
1.0, 19.0, 320.0, 66.0, 1994-05-17 00:00:00, 0.0
12.0, 27.0, 320.0, 49.0, 1994-05-18 00:00:00, 0.0
3.0, 26.0, 320.0, 58.0, 1994-05-19 00:00:00, 0.0
20.0, 16.5, 180.0, 86.0, 1994-05-20 00:00:00, 0.0
2.0, 12.0, 0.0, 78.0, 1994-05-21 00:00:00, 0.0
4.0, 14.5, 140.0, 75.0, 1994-05-22 00:00:00, 0.0
6.0, 17.0, 140.0, 72.0, 1994-05-23 00:00:00, 0.0
2.0, 17.0, 140.0, 86.0, 1994-05-24 00:00:00, 3.8
6.0, 14.5, 140.0, 80.0, 1994-05-25 00:00:00, 10.1
6.0, 9.0, 140.0, 81.0, 1994-05-26 00:00:00, 5.5
2.0, 19.0, 140.0, 94.0, 1994-06-01 00:00:00, 5.4
0.0, 17.5, 0.0, 73.0, 1994-06-02 00:00:00, 3.6
2.0, 15.5, 140.0, 99.0, 1994-06-03 00:00:00, 0.0
0.0, 13.5, 0.0, 95.0, 1994-06-04 00:00:00, 8.0
0.0, 17.0, 0.0, 86.0, 1994-06-05 00:00:00, 7.8
0.0, 14.0, 0.0, 95.0, 1994-06-06 00:00:00, 4.5
3.0, 14.0, 270.0, 90.0, 1994-06-07 00:00:00, 0.0
3.0, 15.0, 140.0, 95.0, 1994-06-08 00:00:00, 0.0
0.0, 12.0, 0.0, 99.0, 1994-06-09 00:00:00, 6.0
10.0, 14.0, 230.0, 95.0, 1994-06-10 00:00:00, 0.5
3.0, 12.5, 140.0, 95.0, 1994-06-11 00:00:00, 25.0
0.0, 10.0, 0.0, 99.0, 1994-06-12 00:00:00, 4.8
0.0, 14.0, 0.0, 95.0, 1994-06-13 00:00:00, 6.0
5.0, 16.0, 270.0, 72.0, 1994-06-14 00:00:00, 2.0
0.0, 14.5, 0.0, 80.0, 1994-06-15 00:00:00, 14.0
10.0, 13.0, 180.0, 95.0, 1994-06-16 00:00:00, 6.0
6.0, 17.0, 140.0, 72.0, 1994-06-17 00:00:00, 0.0
5.0, 19.0, 50.0, 70.0, 1994-06-18 00:00:00, 0.0
3.0, 16.5, 50.0, 59.0, 1994-06-19 00:00:00, 0.0
10.0, 21.0, 230.0, 75.0, 1994-06-20 00:00:00, 0.0
10.0, 21.0, 180.0, 53.0, 1994-06-21 00:00:00, 0.0
10.0, 23.0, 270.0, 55.0, 1994-06-22 00:00:00, 0.0
0.0, 14.0, 0.0, 95.0, 1994-06-23 00:00:00, 0.0
0.0, 14.5, 0.0, 95.0, 1994-06-24 00:00:00, 3.1
5.0, 15.5, 230.0, 85.0, 1994-06-25 00:00:00, 1.6
5.0, 18.0, 320.0, 69.0, 1994-06-26 00:00:00, 0.5
3.0, 12.5, 230.0, 89.0, 1994-06-27 00:00:00, 0.0
0.0, 11.5, 0.0, 99.0, 1994-06-28 00:00:00, 1.8
0.0, 12.0, 0.0, 94.0, 1994-06-29 00:00:00, 5.1
8.0, 12.5, 140.0, 99.0, 1994-06-30 00:00:00, 12.5
0.0, 14.5, 0.0, 85.0, 1994-07-01 00:00:00, 10.0
0.0, 16.0, 0.0, 76.0, 1994-07-02 00:00:00, 3.2
0.0, 12.0, 0.0, 94.0, 1994-07-03 00:00:00, 1.5
5.0, 18.5, 230.0, 61.0, 1994-07-04 00:00:00, 9.0
10.0, 20.5, 230.0, 67.0, 1994-07-05 00:00:00, 0.0
0.0, 14.0, 0.0, 95.0, 1994-07-06 00:00:00, 9.5
10.0, 13.0, 90.0, 99.0, 1994-07-07 00:00:00, 12.5
3.0, 17.0, 140.0, 68.0, 1994-07-08 00:00:00, 6.5
3.0, 17.0, 270.0, 64.0, 1994-07-09 00:00:00, 0.0
3.0, 17.5, 180.0, 69.0, 1994-07-10 00:00:00, 0.0
5.0, 21.5, 230.0, 61.0, 1994-07-11 00:00:00, 0.0
13.0, 25.0, 230.0, 65.0, 1994-07-12 00:00:00, 0.0
12.0, 23.0, 140.0, 54.0, 1994-07-13 00:00:00, 0.0
10.0, 24.0, 270.0, 50.0, 1994-07-14 00:00:00, 0.0
10.0, 22.5, 140.0, 58.0, 1994-07-15 00:00:00, 0.0
5.0, 17.0, 140.0, 78.0, 1994-07-16 00:00:00, 0.0
0.0, 14.8, 0.0, 95.0, 1994-07-17 00:00:00, 15.0
5.0, 15.0, 140.0, 95.0, 1994-07-18 00:00:00, 22.5
5.0, 21.5, 270.0, 83.0, 1994-07-19 00:00:00, 2.5
0.0, 26.0, 0.0, 55.0, 1994-07-20 00:00:00, 0.0
5.0, 27.0, 270.0, 47.0, 1994-07-21 00:00:00, 0.0
5.0, 26.0, 0.0, 58.0, 1994-07-22 00:00:00, 0.0
5.0, 30.0, 140.0, 46.0, 1994-07-23 00:00:00, 0.0
8.0, 28.0, 230.0, 51.0, 1994-07-24 00:00:00, 0.0
8.0, 18.5, 230.0, 74.0, 1994-07-25 00:00:00, 0.1
3.0, 20.0, 230.0, 79.0, 1994-07-26 00:00:00, 0.0
12.0, 24.0, 230.0, 59.0, 1994-07-27 00:00:00, 0.0
3.0, 18.5, 230.0, 74.0, 1994-07-28 00:00:00, 0.0
0.0, 16.0, 0.0, 81.0, 1994-07-29 00:00:00, 4.6
0.0, 12.5, 0.0, 95.0, 1994-07-30 00:00:00, 5.8
3.0, 17.5, 230.0, 82.0, 1994-07-31 00:00:00, 2.6
0.0, 16.0, 0.0, 99.0, 1994-08-01 00:00:00, 2.9
0.0, 23.0, 0.0, 80.0, 1994-08-02 00:00:00, 12.5
5.0, 19.5, 270.0, 87.0, 1994-08-03 00:00:00, 0.0
0.0, 16.5, 0.0, 99.0, 1994-08-04 00:00:00, 4.0
3.0, 18.0, 230.0, 73.0, 1994-08-05 00:00:00, 12.0
0.0, 18.0, 0.0, 65.0, 1994-08-06 00:00:00, 1.5
20.0, 24.5, 320.0, 41.0, 1994-08-07 00:00:00, 0.0
15.0, 23.0, 320.0, 31.0, 1994-08-08 00:00:00, 0.0
5.0, 21.5, 320.0, 61.0, 1994-08-09 00:00:00, 0.0
5.0, 26.5, 320.0, 44.0, 1994-08-10 00:00:00, 0.0
3.0, 26.5, 320.0, 52.0, 1994-08-11 00:00:00, 0.0
8.0, 25.5, 320.0, 54.0, 1994-08-12 00:00:00, 0.0
8.0, 16.5, 230.0, 81.0, 1994-08-13 00:00:00, 0.0
3.0, 19.5, 230.0, 62.0, 1994-08-14 00:00:00, 0.0
5.0, 20.5, 140.0, 63.0, 1994-08-15 00:00:00, 0.0
5.0, 22.5, 320.0, 58.0, 1994-08-16 00:00:00, 0.1
8.0, 21.5, 320.0, 64.0, 1994-08-17 00:00:00, 0.0
5.0, 22.0, 320.0, 72.0, 1994-08-18 00:00:00, 0.0
3.0, 20.0, 320.0, 83.0, 1994-08-19 00:00:00, 1.2
0.0, 19.0, 0.0, 91.0, 1994-08-20 00:00:00, 15.4
8.0, 17.0, 140.0, 90.0, 1994-08-21 00:00:00, 6.8
3.0, 16.0, 320.0, 81.0, 1994-08-22 00:00:00, 24.0
8.0, 15.0, 140.0, 85.0, 1994-08-23 00:00:00, 17.0
5.0, 18.5, 0.0, 69.0, 1994-08-24 00:00:00, 4.5
10.0, 31.0, 140.0, 56.0, 1994-08-25 00:00:00, 0.0
0.0, 23.5, 0.0, 46.0, 1994-08-26 00:00:00, 0.0
3.0, 24.0, 230.0, 55.0, 1994-08-27 00:00:00, 0.0
15.0, 22.0, 180.0, 54.0, 1994-08-28 00:00:00, 0.0
10.0, 20.0, 230.0, 59.0, 1994-08-29 00:00:00, 0.0
15.0, 22.5, 180.0, 45.0, 1994-08-30 00:00:00, 0.0
8.0, 17.0, 230.0, 64.0, 1994-08-31 00:00:00, 2.8
8.0, 17.0, 140.0, 60.0, 1994-09-01 00:00:00, 0.5
0.0, 13.0, 0.0, 99.0, 1994-09-02 00:00:00, 52.0
0.0, 15.5, 0.0, 85.0, 1994-09-03 00:00:00, 2.5
0.0, 14.0, 0.0, 90.0, 1994-09-04 00:00:00, 1.0
3.0, 14.0, 320.0, 99.0, 1994-09-05 00:00:00, 4.5
12.0, 14.0, 140.0, 99.0, 1994-09-06 00:00:00, 77.0
4.0, 13.0, 140.0, 99.0, 1994-09-07 00:00:00, 1.0
10.0, 13.5, 320.0, 99.0, 1994-09-08 00:00:00, 21.0
5.0, 15.5, 140.0, 80.0, 1994-09-09 00:00:00, 10.0
0.0, 16.5, 0.0, 95.0, 1994-09-10 00:00:00, 1.4
0.0, 13.5, 0.0, 95.0, 1994-09-11 00:00:00, 0.0
0.0, 12.5, 0.0, 99.0, 1994-09-12 00:00:00, 4.0
0.0, 13.0, 0.0, 95.0, 1994-09-13 00:00:00, 3.0
10.0, 13.0, 140.0, 99.0, 1994-09-14 00:00:00, 11.0
0.0, 15.0, 0.0, 99.0, 1994-09-15 00:00:00, 45.0
0.0, 15.5, 0.0, 95.0, 1994-09-16 00:00:00, 60.0
0.0, 15.0, 0.0, 99.0, 1994-09-17 00:00:00, 30.0
0.0, 16.0, 0.0, 99.0, 1994-09-18 00:00:00, 42.0
0.0, 13.5, 0.0, 99.0, 1994-09-19 00:00:00, 14.0
0.0, 17.0, 0.0, 90.0, 1994-09-20 00:00:00, 0.0
0.0, 19.5, 0.0, 78.0, 1994-09-21 00:00:00, 0.0
5.0, 17.0, 230.0, 86.0, 1994-09-22 00:00:00, 0.0
0.0, 15.0, 0.0, 99.0, 1994-09-23 00:00:00, 30.0
0.0, 18.0, 0.0, 86.0, 1994-09-24 00:00:00, 10.0
0.0, 14.0, 0.0, 99.0, 1994-09-25 00:00:00, 23.0
0.0, 13.0, 0.0, 89.0, 1994-09-26 00:00:00, 0.0
10.0, 13.0, 320.0, 95.0, 1994-09-27 00:00:00, 16.0
15.0, 12.0, 270.0, 89.0, 1994-09-28 00:00:00, 0.7
0.0, 12.0, 0.0, 89.0, 1994-09-29 00:00:00, 0.0
0.0, 11.5, 0.0, 99.0, 1994-09-30 00:00:00, 64.0
0.0, 11.0, 0.0, 89.0, 1994-10-01 00:00:00, 12.5
25.0, 14.0, 0.0, 61.0, 1994-10-02 00:00:00, 0.0
5.0, 15.0, 0.0, 80.0, 1994-10-03 00:00:00, 0.0
0.0, 13.0, 0.0, 84.0, 1994-10-04 00:00:00, 0.0
20.0, 12.5, 0.0, 84.0, 1994-10-05 00:00:00, 5.5
0.0, 9.5, 0.0, 99.0, 1994-10-06 00:00:00, 1.0
5.0, 11.0, 0.0, 84.0, 1994-10-07 00:00:00, 5.5
0.0, 11.0, 0.0, 99.0, 1994-10-08 00:00:00, 5.2
0.0, 8.5, 0.0, 99.0, 1994-10-09 00:00:00, 3.5
5.0, 11.5, 0.0, 94.0, 1994-10-10 00:00:00, 11.0
0.0, 11.0, 0.0, 78.0, 1994-10-11 00:00:00, 0.0
0.0, 10.0, 0.0, 88.0, 1994-10-12 00:00:00, 32.0
0.0, 7.5, 0.0, 99.0, 1994-10-13 00:00:00, 83.0
3.0, 13.0, 0.0, 90.0, 1995-06-01 00:00:00, 12.0
0.0, 13.0, 0.0, 79.0, 1995-06-02 00:00:00, 4.0
10.0, 15.0, 320.0, 71.0, 1995-06-03 00:00:00, 0.0
0.0, 11.0, 0.0, 94.0, 1995-06-04 00:00:00, 2.7
5.0, 11.5, 140.0, 78.0, 1995-06-05 00:00:00, 1.0
10.0, 15.5, 320.0, 67.0, 1995-06-06 00:00:00, 0.0
5.0, 25.0, 320.0, 52.0, 1995-06-07 00:00:00, 0.0
3.0, 22.0, 320.0, 69.0, 1995-06-08 00:00:00, 0.0
3.0, 21.5, 320.0, 65.0, 1995-06-09 00:00:00, 0.0
0.0, 12.0, 0.0, 99.0, 1995-06-10 00:00:00, 4.0
5.0, 15.0, 320.0, 81.0, 1995-06-11 00:00:00, 15.0
0.0, 13.0, 0.0, 90.0, 1995-06-12 00:00:00, 3.5
3.0, 12.0, 320.0, 84.0, 1995-06-13 00:00:00, 5.0
10.0, 17.5, 140.0, 78.0, 1995-06-14 00:00:00, 9.0
0.0, 17.0, 0.0, 65.0, 1995-06-15 00:00:00, 0.0
5.0, 16.0, 320.0, 72.0, 1995-06-16 00:00:00, 0.0
10.0, 15.0, 50.0, 76.0, 1995-06-17 00:00:00, 12.5
0.0, 16.0, 0.0, 81.0, 1995-06-18 00:00:00, 0.0
10.0, 15.0, 50.0, 81.0, 1995-06-19 00:00:00, 0.0
3.0, 18.0, 50.0, 62.0, 1995-06-20 00:00:00, 0.0
10.0, 18.0, 320.0, 66.0, 1995-06-21 00:00:00, 0.0
3.0, 12.5, 50.0, 99.0, 1995-06-22 00:00:00, 12.5
3.0, 14.5, 230.0, 76.0, 1995-06-23 00:00:00, 3.6
5.0, 15.0, 50.0, 71.0, 1995-06-24 00:00:00, 2.0
10.0, 12.0, 50.0, 89.0, 1995-06-25 00:00:00, 0.6
5.0, 21.5, 50.0, 51.0, 1995-06-26 00:00:00, 0.0
3.0, 26.0, 320.0, 59.0, 1995-06-27 00:00:00, 0.0
3.0, 28.0, 320.0, 44.0, 1995-06-28 00:00:00, 0.0
5.0, 28.0, 320.0, 44.0, 1995-06-29 00:00:00, 0.0
3.0, 25.5, 320.0, 49.0, 1995-06-30 00:00:00, 0.0
5.0, 18.0, 320.0, 60.0, 1995-07-01 00:00:00, 0.0
3.0, 18.0, 320.0, 50.0, 1995-07-02 00:00:00, 0.0
0.0, 18.0, 0.0, 90.0, 1995-07-03 00:00:00, 6.0
0.0, 16.0, 0.0, 99.0, 1995-07-04 00:00:00, 9.0
5.0, 19.0, 320.0, 75.0, 1995-07-05 00:00:00, 1.8
5.0, 19.0, 320.0, 70.0, 1995-07-06 00:00:00, 1.8
5.0, 21.0, 0.0, 70.0, 1995-07-07 00:00:00, 1.0
0.0, 16.0, 0.0, 75.0, 1995-07-08 00:00:00, 2.0
5.0, 23.0, 0.0, 70.0, 1995-07-09 00:00:00, 0.5
5.0, 12.5, 0.0, 99.0, 1995-07-10 00:00:00, 37.0
0.0, 12.0, 0.0, 99.0, 1995-07-11 00:00:00, 23.0
0.0, 16.0, 0.0, 76.0, 1995-07-12 00:00:00, 3.0
5.0, 12.0, 140.0, 99.0, 1995-07-13 00:00:00, 17.5
0.0, 15.0, 0.0, 80.0, 1995-07-14 00:00:00, 7.0
0.0, 18.0, 0.0, 70.0, 1995-07-15 00:00:00, 0.0
5.0, 23.5, 140.0, 56.0, 1995-07-16 00:00:00, 0.0
5.0, 27.0, 320.0, 85.0, 1995-07-17 00:00:00, 0.0
8.0, 29.0, 50.0, 36.0, 1995-07-18 00:00:00, 0.0
5.0, 29.5, 140.0, 44.0, 1995-07-19 00:00:00, 0.0
10.0, 29.0, 0.0, 64.0, 1995-07-20 00:00:00, 0.0
5.0, 29.0, 320.0, 31.0, 1995-07-21 00:00:00, 0.0
3.0, 15.0, 140.0, 95.0, 1995-07-22 00:00:00, 0.0
5.0, 16.0, 320.0, 72.0, 1995-07-23 00:00:00, 0.0
10.0, 11.5, 140.0, 99.0, 1995-07-24 00:00:00, 15.0
10.0, 11.5, 140.0, 99.0, 1995-07-25 00:00:00, 15.0
0.0, 12.0, 0.0, 94.0, 1995-07-26 00:00:00, 14.0
8.0, 15.0, 0.0, 77.0, 1995-07-27 00:00:00, 6.0
3.0, 15.5, 140.0, 71.0, 1995-07-28 00:00:00, 0.5
5.0, 16.5, 140.0, 68.0, 1995-07-29 00:00:00, 0.0
5.0, 12.0, 140.0, 94.0, 1995-07-30 00:00:00, 4.5
0.0, 14.0, 0.0, 99.0, 1995-07-31 00:00:00, 30.0
0.0, 16.0, 0.0, 90.0, 1995-08-01 00:00:00, 2.8
3.0, 11.5, 140.0, 99.0, 1995-08-02 00:00:00, 6.0
0.0, 14.0, 0.0, 99.0, 1995-08-03 00:00:00, 7.0
5.0, 22.5, 0.0, 84.0, 1995-08-04 00:00:00, 0.0
0.0, 12.0, 0.0, 99.0, 1995-08-05 00:00:00, 7.5
0.0, 17.0, 0.0, 99.0, 1995-08-06 00:00:00, 0.5
0.0, 15.0, 0.0, 99.0, 1995-08-07 00:00:00, 2.0
0.0, 13.0, 0.0, 99.0, 1995-08-08 00:00:00, 13.0
0.0, 14.0, 0.0, 81.0, 1995-08-09 00:00:00, 1.0
0.0, 11.5, 0.0, 99.0, 1995-08-10 00:00:00, 10.0
5.0, 13.0, 140.0, 99.0, 1995-08-11 00:00:00, 13.0
0.0, 13.0, 0.0, 99.0, 1995-08-12 00:00:00, 50.0
0.0, 15.0, 0.0, 99.0, 1995-08-13 00:00:00, 18.0
0.0, 15.0, 0.0, 90.0, 1995-08-14 00:00:00, 8.5
0.0, 18.5, 0.0, 99.0, 1995-08-15 00:00:00, 0.8
8.0, 12.0, 180.0, 99.0, 1995-08-16 00:00:00, 28.0
0.0, 14.0, 0.0, 99.0, 1995-08-17 00:00:00, 4.0
0.0, 12.5, 0.0, 99.0, 1995-08-18 00:00:00, 8.5
0.0, 14.0, 0.0, 99.0, 1995-08-19 00:00:00, 19.0
