station_observations
wind_speed, temperature, wind_direction, relative_humidity, time, precipitation
0.0, 0.0, 0.0, 0.0, 1994-05-14 00:00:00, 0.0
4.0, 12.4, 320.0, 75.0, 1994-05-15 00:00:00, 0.0
2.0, 14.6, 320.0, 76.0, 1994-05-16 00:00:00, 0.0
6.0, 18.0, 320.0, 65.0, 1994-05-17 00:00:00, 1.5
7.0, 20.2, 320.0, 50.0, 1994-05-18 00:00:00, 0.5
10.0, 21.2, 0.0, 46.0, 1994-05-19 00:00:00, 0.0
10.0, 20.2, 320.0, 50.0, 1994-05-20 00:00:00, 0.0
9.0, 12.7, 140.0, 79.0, 1994-05-21 00:00:00, 0.2
9.0, 12.0, 320.0, 73.0, 1994-05-22 00:00:00, 0.0
8.0, 15.7, 180.0, 55.0, 1994-05-23 00:00:00, 0.0
1.0, 12.9, 270.0, 93.0, 1994-05-24 00:00:00, 2.5
11.0, 11.1, 180.0, 86.0, 1994-05-25 00:00:00, 9.6
17.0, 9.5, 180.0, 79.0, 1994-05-26 00:00:00, 8.8
8.0, 9.8, 180.0, 76.0, 1994-05-27 00:00:00, 3.0
0.0, 9.5, 270.0, 93.0, 1994-05-28 00:00:00, 3.8
6.0, 9.5, 320.0, 96.0, 1994-05-29 00:00:00, 2.5
1.0, 11.5, 270.0, 75.0, 1994-05-30 00:00:00, 2.7
6.0, 10.0, 270.0, 98.0, 1994-05-31 00:00:00, 4.0
8.0, 12.0, 180.0, 82.0, 1994-06-01 00:00:00, 5.0
11.0, 13.4, 320.0, 82.0, 1994-06-02 00:00:00, 2.7
5.0, 13.2, 0.0, 91.0, 1994-06-03 00:00:00, 0.5
6.0, 13.2, 320.0, 93.0, 1994-06-04 00:00:00, 3.0
0.0, 12.8, 270.0, 91.0, 1994-06-05 00:00:00, 0.7
0.0, 13.5, 270.0, 89.0, 1994-06-06 00:00:00, 2.2
1.0, 15.5, 270.0, 78.0, 1994-06-07 00:00:00, 0.0
3.0, 14.5, 180.0, 76.0, 1994-06-08 00:00:00, 0.0
0.0, 13.6, 0.0, 90.0, 1994-06-09 00:00:00, 0.7
2.0, 12.3, 320.0, 95.0, 1994-06-10 00:00:00, 0.2
2.0, 14.1, 180.0, 93.0, 1994-06-11 00:00:00, 7.8
3.0, 9.9, 0.0, 97.0, 1994-06-12 00:00:00, 1.2
7.0, 15.3, 320.0, 88.0, 1994-06-13 00:00:00, 3.3
10.0, 13.9, 0.0, 80.0, 1994-06-14 00:00:00, 7.3
7.0, 14.1, 180.0, 90.0, 1994-06-15 00:00:00, 1.5
9.0, 14.8, 0.0, 91.0, 1994-06-16 00:00:00, 0.2
9.0, 16.0, 320.0, 79.0, 1994-06-17 00:00:00, 4.5
10.0, 18.5, 320.0, 66.0, 1994-06-18 00:00:00, 0.0
11.0, 15.0, 320.0, 74.0, 1994-06-19 00:00:00, 0.0
11.0, 18.1, 320.0, 65.0, 1994-06-20 00:00:00, 0.0
10.0, 21.0, 320.0, 59.0, 1994-06-21 00:00:00, 0.0
89.0, 22.2, 320.0, 53.0, 1994-06-22 00:00:00, 0.0
64.0, 18.5, 270.0, 75.0, 1994-06-23 00:00:00, 0.0
82.0, 16.5, 320.0, 82.0, 1994-06-24 00:00:00, 0.0
13.0, 17.5, 140.0, 75.0, 1994-06-25 00:00:00, 0.0
63.0, 19.4, 140.0, 55.0, 1994-06-26 00:00:00, 0.0
30.0, 14.1, 320.0, 71.0, 1994-06-27 00:00:00, 0.0
0.0, 21.1, 0.0, 93.0, 1994-06-28 00:00:00, 3.3
38.0, 13.4, 320.0, 93.0, 1994-06-29 00:00:00, 3.8
31.0, 14.2, 320.0, 92.0, 1994-06-30 00:00:00, 4.4
1.0, 15.8, 140.0, 84.0, 1994-07-01 00:00:00, 4.0
18.0, 12.7, 140.0, 87.0, 1994-07-02 00:00:00, 1.7
8.0, 12.6, 0.0, 94.0, 1994-07-03 00:00:00, 0.0
9.0, 16.8, 320.0, 69.0, 1994-07-04 00:00:00, 0.7
8.0, 20.4, 320.0, 64.0, 1994-07-05 00:00:00, 0.0
9.0, 15.5, 140.0, 73.0, 1994-07-06 00:00:00, 2.2
10.0, 15.7, 140.0, 86.0, 1994-07-07 00:00:00, 1.7
14.0, 14.8, 140.0, 79.0, 1994-07-08 00:00:00, 2.5
3.0, 17.3, 140.0, 65.0, 1994-07-09 00:00:00, 0.0
13.0, 18.1, 320.0, 64.0, 1994-07-10 00:00:00, 0.0
11.0, 19.3, 320.0, 64.0, 1994-07-11 00:00:00, 0.0
7.0, 22.7, 320.0, 63.0, 1994-07-12 00:00:00, 0.0
7.0, 22.0, 320.0, 60.0, 1994-07-13 00:00:00, 0.0
9.0, 22.7, 320.0, 58.0, 1994-07-14 00:00:00, 0.0
10.0, 22.6, 0.0, 59.0, 1994-07-15 00:00:00, 0.0
3.0, 16.5, 320.0, 90.0, 1994-07-16 00:00:00, 0.2
4.0, 15.1, 320.0, 95.0, 1994-07-17 00:00:00, 2.7
5.0, 15.6, 320.0, 97.0, 1994-07-18 00:00:00, 6.0
6.0, 19.9, 320.0, 83.0, 1994-07-19 00:00:00, 0.0
6.0, 22.4, 270.0, 71.0, 1994-07-20 00:00:00, 0.0
12.0, 23.0, 320.0, 61.0, 1994-07-21 00:00:00, 0.2
9.0, 25.9, 320.0, 47.0, 1994-07-22 00:00:00, 0.0
10.0, 25.9, 270.0, 53.0, 1994-07-23 00:00:00, 0.0
10.0, 26.9, 270.0, 59.0, 1994-07-24 00:00:00, 0.0
7.0, 20.3, 270.0, 86.0, 1994-07-25 00:00:00, 1.7
7.0, 18.6, 320.0, 84.0, 1994-07-26 00:00:00, 0.0
11.0, 21.5, 320.0, 73.0, 1994-07-27 00:00:00, 0.0
5.0, 17.3, 270.0, 89.0, 1994-07-28 00:00:00, 0.0
7.0, 16.6, 140.0, 79.0, 1994-07-29 00:00:00, 2.2
4.0, 14.1, 320.0, 95.0, 1994-07-30 00:00:00, 2.5
4.0, 15.3, 320.0, 91.0, 1994-07-31 00:00:00, 1.7
1.0, 15.9, 270.0, 95.0, 1994-08-01 00:00:00, 1.5
6.0, 20.3, 320.0, 88.0, 1994-08-02 00:00:00, 3.8
3.0, 19.0, 270.0, 89.0, 1994-08-03 00:00:00, 0.0
8.0, 19.2, 320.0, 86.0, 1994-08-04 00:00:00, 0.0
6.0, 17.9, 320.0, 90.0, 1994-08-05 00:00:00, 13.4
9.0, 16.4, 320.0, 85.0, 1994-08-06 00:00:00, 6.3
12.0, 20.6, 320.0, 75.0, 1994-08-07 00:00:00, 0.0
3.0, 19.7, 270.0, 84.0, 1994-08-08 00:00:00, 0.0
8.0, 25.1, 320.0, 60.0, 1994-08-12 00:00:00, 0.0
7.0, 18.9, 320.0, 85.0, 1994-08-13 00:00:00, 0.0
6.0, 21.3, 320.0, 70.0, 1994-08-14 00:00:00, 0.0
10.0, 22.6, 0.0, 59.0, 1994-08-15 00:00:00, 0.0
7.0, 18.9, 320.0, 84.0, 1994-08-16 00:00:00, 7.0
8.0, 22.0, 320.0, 70.0, 1994-08-17 00:00:00, 0.0
9.0, 23.5, 270.0, 70.0, 1994-08-18 00:00:00, 0.0
7.0, 20.9, 320.0, 79.0, 1994-08-19 00:00:00, 0.0
2.0, 17.8, 320.0, 90.0, 1994-08-20 00:00:00, 2.5
5.0, 16.9, 140.0, 91.0, 1994-08-21 00:00:00, 0.5
9.0, 14.7, 90.0, 88.0, 1994-08-22 00:00:00, 13.9
0.0, 15.0, 140.0, 91.0, 1994-08-23 00:00:00, 10.1
7.0, 16.5, 320.0, 83.0, 1994-08-24 00:00:00, 3.8
10.0, 17.7, 320.0, 75.0, 1994-08-25 00:00:00, 0.0
8.0, 20.3, 270.0, 65.0, 1994-08-26 00:00:00, 0.0
7.0, 20.5, 270.0, 66.0, 1994-08-27 00:00:00, 0.0
7.0, 21.0, 270.0, 68.0, 1994-08-28 00:00:00, 0.0
3.0, 16.6, 320.0, 91.0, 1994-08-29 00:00:00, 0.0
7.0, 17.5, 320.0, 83.0, 1994-08-30 00:00:00, 0.0
5.0, 14.7, 320.0, 88.0, 1994-08-31 00:00:00, 1.7
10.0, 18.1, 140.0, 56.0, 1994-09-01 00:00:00, 0.0
3.0, 10.1, 320.0, 98.0, 1994-09-02 00:00:00, 0.0
6.0, 14.7, 320.0, 89.0, 1994-09-03 00:00:00, 10.1
0.0, 12.9, 140.0, 93.0, 1994-09-04 00:00:00, 0.0
0.0, 14.5, 0.0, 95.0, 1994-09-05 00:00:00, 7.6
1.0, 12.3, 90.0, 98.0, 1994-09-06 00:00:00, 23.8
10.0, 13.0, 270.0, 92.0, 1994-09-07 00:00:00, 1.2
