station_observations
wind_speed, temperature, wind_direction, relative_humidity, time, precipitation
0.0, 0.0, 0.0, 0.0, 1994-05-24 00:00:00, 0.0
9.0, 11.5, 90.0, 83.0, 1994-05-25 00:00:00, 19.3
6.0, 10.1, 230.0, 86.0, 1994-05-26 00:00:00, 10.2
2.0, 8.8, 140.0, 89.0, 1994-05-27 00:00:00, 5.1
3.0, 8.1, 270.0, 94.0, 1994-05-28 00:00:00, 14.2
4.0, 8.5, 270.0, 95.0, 1994-05-29 00:00:00, 11.9
8.0, 11.9, 270.0, 76.0, 1994-05-30 00:00:00, 8.1
4.0, 9.9, 270.0, 96.0, 1994-05-31 00:00:00, 14.0
7.0, 10.7, 230.0, 90.0, 1994-06-01 00:00:00, 9.9
3.0, 13.8, 90.0, 82.0, 1994-06-02 00:00:00, 3.8
6.0, 14.6, 270.0, 81.0, 1994-06-03 00:00:00, 0.3
5.0, 12.3, 270.0, 96.0, 1994-06-04 00:00:00, 3.3
3.0, 12.9, 270.0, 89.0, 1994-06-05 00:00:00, 5.8
4.0, 12.4, 270.0, 95.0, 1994-06-06 00:00:00, 4.3
2.0, 14.9, 270.0, 78.0, 1994-06-07 00:00:00, 0.3
2.0, 13.5, 320.0, 80.0, 1994-06-08 00:00:00, 0.0
3.0, 12.3, 270.0, 95.0, 1994-06-09 00:00:00, 1.8
0.0, 12.1, 320.0, 93.0, 1994-06-10 00:00:00, 2.5
8.0, 14.0, 270.0, 93.0, 1994-06-11 00:00:00, 18.3
1.0, 10.2, 90.0, 92.0, 1994-06-12 00:00:00, 0.8
4.0, 16.0, 230.0, 85.0, 1994-06-13 00:00:00, 5.6
2.0, 14.1, 270.0, 78.0, 1994-06-14 00:00:00, 5.1
2.0, 13.6, 270.0, 90.0, 1994-06-15 00:00:00, 0.0
7.0, 13.8, 270.0, 95.0, 1994-06-16 00:00:00, 16.3
9.0, 14.9, 270.0, 79.0, 1994-06-17 00:00:00, 2.5
8.0, 18.1, 270.0, 68.0, 1994-06-18 00:00:00, 0.0
6.0, 14.7, 270.0, 76.0, 1994-06-19 00:00:00, 0.0
5.0, 16.0, 270.0, 72.0, 1994-06-20 00:00:00, 0.0
3.0, 18.3, 320.0, 73.0, 1994-06-21 00:00:00, 0.0
7.0, 20.4, 270.0, 58.0, 1994-06-22 00:00:00, 0.0
8.0, 18.2, 270.0, 75.0, 1994-06-23 00:00:00, 0.0
8.0, 16.6, 270.0, 85.0, 1994-06-24 00:00:00, 0.0
6.0, 18.3, 270.0, 75.0, 1994-06-25 00:00:00, 0.0
17.0, 17.2, 270.0, 66.0, 1994-06-26 00:00:00, 0.0
4.0, 13.4, 270.0, 74.0, 1994-06-27 00:00:00, 0.0
2.0, 11.5, 230.0, 97.0, 1994-06-28 00:00:00, 2.8
5.0, 13.9, 270.0, 89.0, 1994-06-29 00:00:00, 13.5
2.0, 11.5, 320.0, 98.0, 1994-06-30 00:00:00, 18.8
7.0, 14.3, 270.0, 87.0, 1994-07-01 00:00:00, 9.1
5.0, 13.6, 90.0, 82.0, 1994-07-02 00:00:00, 0.5
0.0, 12.4, 0.0, 95.0, 1994-07-03 00:00:00, 0.5
7.0, 17.3, 270.0, 68.0, 1994-07-04 00:00:00, 0.5
5.0, 20.2, 230.0, 67.0, 1994-07-05 00:00:00, 0.0
6.0, 14.0, 270.0, 97.0, 1994-07-06 00:00:00, 11.2
5.0, 13.8, 230.0, 97.0, 1994-07-07 00:00:00, 3.8
2.0, 14.7, 270.0, 81.0, 1994-07-08 00:00:00, 4.3
2.0, 16.8, 270.0, 71.0, 1994-07-09 00:00:00, 0.0
7.0, 17.7, 270.0, 66.0, 1994-07-10 00:00:00, 0.0
4.0, 16.8, 320.0, 78.0, 1994-07-11 00:00:00, 0.0
1.0, 18.7, 320.0, 77.0, 1994-07-12 00:00:00, 0.0
8.0, 20.5, 230.0, 60.0, 1994-07-13 00:00:00, 0.0
7.0, 21.5, 230.0, 61.0, 1994-07-14 00:00:00, 0.0
8.0, 21.4, 270.0, 63.0, 1994-07-15 00:00:00, 0.0
3.0, 14.8, 230.0, 93.0, 1994-07-16 00:00:00, 0.8
3.0, 14.7, 180.0, 96.0, 1994-07-17 00:00:00, 6.1
5.0, 14.8, 270.0, 98.0, 1994-07-18 00:00:00, 9.4
5.0, 18.0, 270.0, 89.0, 1994-07-19 00:00:00, 0.5
4.0, 20.6, 270.0, 78.0, 1994-07-20 00:00:00, 0.0
3.0, 23.2, 230.0, 54.0, 1994-07-21 00:00:00, 0.0
5.0, 23.7, 270.0, 48.0, 1994-07-22 00:00:00, 0.0
3.0, 23.9, 270.0, 58.0, 1994-07-23 00:00:00, 0.0
2.0, 24.1, 320.0, 68.0, 1994-07-24 00:00:00, 0.0
4.0, 19.8, 270.0, 80.0, 1994-07-25 00:00:00, 1.5
4.0, 17.3, 180.0, 87.0, 1994-07-26 00:00:00, 0.0
3.0, 19.7, 270.0, 83.0, 1994-07-27 00:00:00, 2.0
6.0, 16.6, 180.0, 89.0, 1994-07-28 00:00:00, 0.0
7.0, 17.2, 270.0, 88.0, 1994-07-29 00:00:00, 5.3
3.0, 14.1, 230.0, 95.0, 1994-07-30 00:00:00, 4.3
2.0, 16.4, 320.0, 87.0, 1994-07-31 00:00:00, 6.9
1.0, 15.6, 270.0, 95.0, 1994-08-01 00:00:00, 3.1
2.0, 18.7, 270.0, 91.0, 1994-08-02 00:00:00, 7.6
5.0, 19.1, 230.0, 89.0, 1994-08-03 00:00:00, 0.3
5.0, 19.0, 140.0, 88.0, 1994-08-04 00:00:00, 1.2
2.0, 17.1, 270.0, 90.0, 1994-08-05 00:00:00, 22.6
5.0, 17.3, 270.0, 88.0, 1994-08-06 00:00:00, 18.3
4.0, 19.9, 270.0, 77.0, 1994-08-07 00:00:00, 0.0
1.0, 22.0, 270.0, 73.0, 1994-08-08 00:00:00, 0.0
7.0, 20.3, 270.0, 80.0, 1994-08-09 00:00:00, 0.0
1.0, 20.0, 320.0, 77.0, 1994-08-10 00:00:00, 0.0
3.0, 22.4, 320.0, 63.0, 1994-08-11 00:00:00, 0.0
4.0, 22.5, 270.0, 69.0, 1994-08-12 00:00:00, 0.0
9.0, 18.6, 270.0, 86.0, 1994-08-13 00:00:00, 0.0
3.0, 19.5, 230.0, 74.0, 1994-08-14 00:00:00, 0.0
4.0, 19.3, 270.0, 80.0, 1994-08-15 00:00:00, 0.3
4.0, 19.0, 320.0, 79.0, 1994-08-16 00:00:00, 0.0
2.0, 20.6, 270.0, 72.0, 1994-08-17 00:00:00, 0.0
2.0, 21.3, 270.0, 75.0, 1994-08-18 00:00:00, 0.0
7.0, 19.4, 270.0, 84.0, 1994-08-19 00:00:00, 0.0
5.0, 17.7, 270.0, 88.0, 1994-08-20 00:00:00, 5.3
6.0, 15.4, 230.0, 95.0, 1994-08-21 00:00:00, 7.6
6.0, 15.5, 90.0, 89.0, 1994-08-22 00:00:00, 25.4
4.0, 14.6, 270.0, 93.0, 1994-08-23 00:00:00, 12.5
3.0, 15.3, 270.0, 91.0, 1994-08-24 00:00:00, 2.3
8.0, 16.6, 230.0, 78.0, 1994-08-25 00:00:00, 0.0
3.0, 19.0, 270.0, 67.0, 1994-08-26 00:00:00, 0.0
3.0, 18.3, 270.0, 78.0, 1994-08-27 00:00:00, 0.0
3.0, 19.9, 270.0, 66.0, 1994-08-28 00:00:00, 0.0
0.0, 16.4, 0.0, 94.0, 1994-08-29 00:00:00, 1.0
2.0, 16.3, 270.0, 88.0, 1994-08-30 00:00:00, 0.0
5.0, 14.6, 270.0, 90.0, 1994-08-31 00:00:00, 8.1
5.0, 15.0, 270.0, 83.0, 1994-09-01 00:00:00, 0.0
5.0, 10.2, 140.0, 99.0, 1994-09-02 00:00:00, 56.6
4.0, 14.1, 0.0, 86.0, 1994-09-03 00:00:00, 10.9
1.0, 12.6, 180.0, 96.0, 1994-09-04 00:00:00, 0.8
5.0, 14.6, 230.0, 93.0, 1994-09-05 00:00:00, 22.4
5.0, 12.7, 180.0, 99.0, 1994-09-06 00:00:00, 41.7
6.0, 13.6, 270.0, 88.0, 1994-09-07 00:00:00, 0.5
2.0, 12.4, 230.0, 98.0, 1994-09-08 00:00:00, 13.5
1.0, 13.1, 270.0, 97.0, 1994-09-09 00:00:00, 16.8
3.0, 13.9, 230.0, 87.0, 1994-09-10 00:00:00, 0.0
2.0, 11.8, 230.0, 94.0, 1994-09-11 00:00:00, 0.0
4.0, 12.6, 180.0, 97.0, 1994-09-12 00:00:00, 3.1
3.0, 14.5, 90.0, 90.0, 1994-09-13 00:00:00, 51.6
0.0, 12.6, 270.0, 99.0, 1994-09-14 00:00:00, 4.1
0.0, 15.3, 180.0, 98.0, 1994-09-15 00:00:00, 32.8
4.0, 16.8, 140.0, 90.0, 1994-09-16 00:00:00, 60.5
1.0, 16.2, 270.0, 95.0, 1994-09-17 00:00:00, 4.3
1.0, 15.7, 270.0, 91.0, 1994-09-18 00:00:00, 0.0
3.0, 13.6, 270.0, 93.0, 1994-09-19 00:00:00, 27.7
5.0, 12.9, 270.0, 88.0, 1994-09-20 00:00:00, 0.0
0.0, 16.6, 180.0, 87.0, 1994-09-21 00:00:00, 0.0
4.0, 14.9, 230.0, 97.0, 1994-09-22 00:00:00, 2.3
3.0, 12.8, 320.0, 97.0, 1994-09-23 00:00:00, 23.4
1.0, 16.0, 270.0, 98.0, 1994-09-24 00:00:00, 10.9
3.0, 14.3, 230.0, 89.0, 1994-09-25 00:00:00, 16.8
1.0, 11.9, 230.0, 93.0, 1994-09-26 00:00:00, 1.3
1.0, 15.0, 230.0, 80.0, 1994-09-27 00:00:00, 11.2
5.0, 11.3, 270.0, 80.0, 1994-09-28 00:00:00, 0.0
7.0, 10.1, 270.0, 83.0, 1994-09-29 00:00:00, 0.0
0.0, 9.0, 180.0, 98.0, 1994-09-30 00:00:00, 14.2
2.0, 10.1, 270.0, 92.0, 1994-10-01 00:00:00, 6.1
9.0, 12.4, 270.0, 70.0, 1994-10-02 00:00:00, 0.3
5.0, 12.2, 180.0, 73.0, 1994-10-03 00:00:00, 0.0
0.0, 10.5, 270.0, 93.0, 1994-10-04 00:00:00, 0.0
2.0, 9.7, 140.0, 97.0, 1994-10-05 00:00:00, 3.1
4.0, 9.5, 140.0, 96.0, 1994-10-06 00:00:00, 1.5
2.0, 9.1, 0.0, 94.0, 1994-10-07 00:00:00, 2.0
