station_observations
wind_speed, temperature, wind_direction, relative_humidity, time, precipitation
0.0, 0.0, 0.0, 0.0, 1994-05-11 00:00:00, 0.0
6.0, 9.9, 230.0, 72.0, 1994-05-12 00:00:00, 0.0
10.0, 7.9, 180.0, 91.0, 1994-05-13 00:00:00, 25.1
11.0, 11.2, 50.0, 64.0, 1994-05-14 00:00:00, 1.2
3.0, 11.5, 50.0, 67.0, 1994-05-15 00:00:00, 0.0
9.0, 12.3, 140.0, 86.0, 1994-05-16 00:00:00, 0.5
9.0, 15.9, 50.0, 67.0, 1994-05-17 00:00:00, 6.0
8.0, 17.4, 50.0, 63.0, 1994-05-18 00:00:00, 0.0
9.0, 18.2, 50.0, 58.0, 1994-05-19 00:00:00, 0.0
15.0, 16.7, 140.0, 73.0, 1994-05-20 00:00:00, 0.0
5.0, 10.6, 230.0, 95.0, 1994-05-21 00:00:00, 2.0
4.0, 10.8, 230.0, 79.0, 1994-05-22 00:00:00, 1.7
4.0, 10.2, 140.0, 92.0, 1994-05-23 00:00:00, 1.0
6.0, 11.2, 230.0, 96.0, 1994-05-24 00:00:00, 19.8
3.0, 10.1, 140.0, 91.0, 1994-05-25 00:00:00, 28.7
4.0, 8.2, 180.0, 86.0, 1994-05-26 00:00:00, 14.7
4.0, 7.1, 50.0, 95.0, 1994-05-27 00:00:00, 7.1
1.0, 9.0, 230.0, 94.0, 1994-05-28 00:00:00, 0.0
7.0, 8.1, 230.0, 89.0, 1994-05-29 00:00:00, 0.0
3.0, 9.8, 270.0, 82.0, 1994-05-30 00:00:00, 0.0
3.0, 10.3, 50.0, 98.0, 1994-05-31 00:00:00, 0.0
1.0, 9.5, 0.0, 96.0, 1994-06-01 00:00:00, 32.0
8.0, 12.1, 0.0, 86.0, 1994-06-02 00:00:00, 25.6
8.0, 12.2, 0.0, 89.0, 1994-06-03 00:00:00, 0.2
3.0, 10.7, 0.0, 95.0, 1994-06-04 00:00:00, 3.5
9.0, 12.9, 0.0, 84.0, 1994-06-05 00:00:00, 6.6
2.0, 11.4, 0.0, 91.0, 1994-06-06 00:00:00, 6.0
13.0, 15.6, 0.0, 72.0, 1994-06-07 00:00:00, 0.0
0.0, 13.4, 0.0, 79.0, 1994-06-08 00:00:00, 0.2
5.0, 12.0, 0.0, 94.0, 1994-06-09 00:00:00, 3.5
3.0, 11.8, 0.0, 94.0, 1994-06-10 00:00:00, 2.5
5.0, 11.2, 0.0, 91.0, 1994-06-11 00:00:00, 26.1
2.0, 9.4, 0.0, 94.0, 1994-06-12 00:00:00, 1.5
6.0, 14.7, 0.0, 86.0, 1994-06-13 00:00:00, 6.0
3.0, 13.6, 0.0, 81.0, 1994-06-14 00:00:00, 3.8
5.0, 11.8, 0.0, 96.0, 1994-06-15 00:00:00, 2.2
4.0, 10.9, 0.0, 97.0, 1994-06-16 00:00:00, 12.6
8.0, 13.3, 0.0, 78.0, 1994-06-17 00:00:00, 0.2
9.0, 16.3, 0.0, 76.0, 1994-06-18 00:00:00, 0.0
7.0, 13.5, 0.0, 75.0, 1994-06-19 00:00:00, 0.0
6.0, 15.3, 50.0, 71.0, 1994-06-20 00:00:00, 0.0
13.0, 17.4, 140.0, 74.0, 1994-06-21 00:00:00, 0.0
10.0, 17.8, 140.0, 75.0, 1994-06-22 00:00:00, 0.0
1.0, 15.0, 140.0, 87.0, 1994-06-23 00:00:00, 0.0
7.0, 14.5, 140.0, 92.0, 1994-06-24 00:00:00, 0.2
6.0, 15.7, 140.0, 85.0, 1994-06-25 00:00:00, 1.0
10.0, 15.6, 140.0, 68.0, 1994-06-26 00:00:00, 0.0
3.0, 12.3, 140.0, 83.0, 1994-06-27 00:00:00, 0.0
3.0, 10.4, 50.0, 98.0, 1994-06-28 00:00:00, 8.1
6.0, 13.4, 230.0, 83.0, 1994-06-29 00:00:00, 23.6
0.0, 10.0, 320.0, 98.0, 1994-06-30 00:00:00, 39.1
3.0, 14.3, 140.0, 86.0, 1994-07-01 00:00:00, 3.0
4.0, 14.6, 140.0, 81.0, 1994-07-02 00:00:00, 0.2
8.0, 12.2, 50.0, 89.0, 1994-07-03 00:00:00, 0.2
8.0, 12.2, 50.0, 89.0, 1994-07-04 00:00:00, 0.2
15.0, 14.0, 320.0, 70.0, 1994-07-05 00:00:00, 0.0
15.0, 13.0, 270.0, 80.0, 1994-07-06 00:00:00, 2.0
11.0, 16.0, 270.0, 72.0, 1994-07-07 00:00:00, 0.0
11.0, 16.0, 270.0, 72.0, 1994-07-08 00:00:00, 0.0
11.0, 18.0, 270.0, 68.0, 1994-07-09 00:00:00, 0.0
10.0, 18.0, 320.0, 68.0, 1994-07-10 00:00:00, 0.0
10.0, 18.0, 320.0, 68.0, 1994-07-11 00:00:00, 0.0
8.0, 20.0, 320.0, 60.0, 1994-07-12 00:00:00, 0.0
6.0, 14.7, 90.0, 86.0, 1994-07-13 00:00:00, 6.0
4.0, 16.2, 90.0, 76.0, 1994-07-14 00:00:00, 0.0
5.0, 16.1, 90.0, 81.0, 1994-07-15 00:00:00, 0.0
1.0, 13.9, 90.0, 95.0, 1994-07-16 00:00:00, 2.2
4.0, 15.1, 270.0, 93.0, 1994-07-17 00:00:00, 12.9
3.0, 14.6, 0.0, 92.0, 1994-07-18 00:00:00, 23.3
0.0, 16.5, 90.0, 89.0, 1994-07-19 00:00:00, 3.3
1.0, 17.9, 90.0, 86.0, 1994-07-20 00:00:00, 0.0
0.0, 18.7, 0.0, 80.0, 1994-07-21 00:00:00, 0.0
5.0, 21.0, 90.0, 68.0, 1994-07-22 00:00:00, 0.0
0.0, 19.9, 50.0, 75.0, 1994-07-23 00:00:00, 0.0
1.0, 18.6, 90.0, 81.0, 1994-07-24 00:00:00, 0.0
6.0, 16.8, 90.0, 87.0, 1994-07-25 00:00:00, 0.5
6.0, 14.5, 90.0, 94.0, 1994-07-26 00:00:00, 0.2
4.0, 16.7, 50.0, 89.0, 1994-07-27 00:00:00, 5.8
9.0, 15.4, 90.0, 91.0, 1994-07-28 00:00:00, 0.2
0.0, 15.3, 0.0, 87.0, 1994-07-29 00:00:00, 8.8
2.0, 13.2, 50.0, 94.0, 1994-07-30 00:00:00, 10.1
2.0, 14.5, 140.0, 91.0, 1994-07-31 00:00:00, 16.2
1.0, 15.4, 50.0, 92.0, 1994-08-01 00:00:00, 1.5
3.0, 17.6, 50.0, 90.0, 1994-08-02 00:00:00, 14.9
4.0, 16.3, 180.0, 92.0, 1994-08-03 00:00:00, 0.0
2.0, 16.9, 90.0, 91.0, 1994-08-04 00:00:00, 0.0
2.0, 15.2, 50.0, 93.0, 1994-08-05 00:00:00, 18.2
0.0, 14.5, 0.0, 93.0, 1994-08-06 00:00:00, 14.2
1.0, 17.8, 180.0, 83.0, 1994-08-07 00:00:00, 0.0
1.0, 22.2, 180.0, 66.0, 1994-08-08 00:00:00, 0.0
4.0, 16.4, 90.0, 90.0, 1994-08-09 00:00:00, 0.0
0.0, 17.6, 180.0, 86.0, 1994-08-10 00:00:00, 0.0
0.0, 18.9, 50.0, 79.0, 1994-08-11 00:00:00, 0.0
2.0, 20.3, 180.0, 77.0, 1994-08-12 00:00:00, 0.0
0.0, 14.7, 180.0, 95.0, 1994-08-13 00:00:00, 0.2
1.0, 14.7, 50.0, 94.0, 1994-08-14 00:00:00, 0.7
0.0, 15.4, 140.0, 95.0, 1994-08-15 00:00:00, 2.5
2.0, 16.8, 140.0, 87.0, 1994-08-16 00:00:00, 0.0
0.0, 17.0, 0.0, 89.0, 1994-08-17 00:00:00, 0.0
2.0, 18.8, 50.0, 85.0, 1994-08-18 00:00:00, 0.0
5.0, 16.5, 90.0, 91.0, 1994-08-19 00:00:00, 0.0
1.0, 15.7, 90.0, 93.0, 1994-08-20 00:00:00, 12.0
1.0, 14.7, 230.0, 94.0, 1994-08-21 00:00:00, 2.7
3.0, 15.4, 270.0, 87.0, 1994-08-22 00:00:00, 25.3
3.0, 13.1, 90.0, 93.0, 1994-08-23 00:00:00, 2.0
0.0, 13.1, 180.0, 93.0, 1994-08-24 00:00:00, 1.0
6.0, 14.6, 50.0, 84.0, 1994-08-25 00:00:00, 0.0
8.0, 17.2, 50.0, 72.0, 1994-08-26 00:00:00, 0.0
3.0, 14.9, 90.0, 86.0, 1994-08-27 00:00:00, 0.0
3.0, 16.5, 320.0, 78.0, 1994-08-28 00:00:00, 0.0
0.0, 15.1, 90.0, 94.0, 1994-08-29 00:00:00, 0.2
5.0, 13.8, 90.0, 93.0, 1994-08-30 00:00:00, 0.0
2.0, 12.2, 90.0, 91.0, 1994-08-31 00:00:00, 13.2
2.0, 12.1, 90.0, 88.0, 1994-09-01 00:00:00, 0.0
2.0, 10.6, 0.0, 94.0, 1994-09-02 00:00:00, 57.6
0.0, 11.5, 0.0, 93.0, 1994-09-03 00:00:00, 25.9
1.0, 13.3, 90.0, 88.0, 1994-09-04 00:00:00, 0.0
8.0, 14.4, 50.0, 91.0, 1994-09-05 00:00:00, 42.1
0.0, 14.5, 0.0, 93.0, 1994-09-06 00:00:00, 14.2
