station_observations
wind_speed, temperature, wind_direction, relative_humidity, time, precipitation
0.0, 0.0, 0.0, 0.0, 1990-04-15 00:00:00, 0.0
2.0, 19.0, 0.0, 50.0, 1990-04-16 00:00:00, 0.0
10.0, 12.0, 320.0, 69.0, 1990-04-17 00:00:00, 12.0
0.0, 12.0, 0.0, 69.0, 1990-04-18 00:00:00, 5.0
0.0, 12.0, 0.0, 69.0, 1990-04-19 00:00:00, 4.0
0.0, 15.0, 0.0, 53.0, 1990-04-20 00:00:00, 0.0
0.0, 9.0, 0.0, 88.0, 1990-04-21 00:00:00, 10.0
0.0, 10.0, 0.0, 88.0, 1990-04-22 00:00:00, 10.0
15.0, 14.0, 230.0, 70.0, 1990-04-23 00:00:00, 3.0
0.0, 13.0, 0.0, 50.0, 1990-04-24 00:00:00, 0.5
0.0, 10.0, 0.0, 77.0, 1990-04-25 00:00:00, 3.0
20.0, 9.0, 320.0, 64.0, 1990-04-26 00:00:00, 9.0
0.0, 8.0, 0.0, 75.0, 1990-04-27 00:00:00, 1.0
10.0, 14.0, 230.0, 34.0, 1990-04-28 00:00:00, 0.5
0.0, 17.0, 0.0, 32.0, 1990-04-29 00:00:00, 0.0
0.0, 20.0, 0.0, 25.0, 1990-04-30 00:00:00, 0.0
0.0, 13.0, 0.0, 79.0, 1990-05-01 00:00:00, 15.0
15.0, 20.0, 320.0, 38.0, 1990-05-02 00:00:00, 0.5
0.0, 15.0, 0.0, 75.0, 1990-05-03 00:00:00, 2.0
0.0, 23.0, 0.0, 44.0, 1990-05-04 00:00:00, 0.0
25.0, 15.0, 230.0, 55.0, 1990-05-05 00:00:00, 0.5
10.0, 11.0, 320.0, 59.0, 1990-05-06 00:00:00, 8.0
10.0, 14.0, 320.0, 61.0, 1990-05-07 00:00:00, 5.0
20.0, 18.0, 230.0, 44.0, 1990-05-08 00:00:00, 0.0
10.0, 16.0, 230.0, 56.0, 1990-05-09 00:00:00, 0.5
15.0, 18.0, 230.0, 49.0, 1990-05-10 00:00:00, 0.0
0.0, 18.0, 0.0, 49.0, 1990-05-11 00:00:00, 0.0
10.0, 16.0, 320.0, 63.0, 1990-05-12 00:00:00, 0.0
0.0, 16.0, 0.0, 54.0, 1990-05-13 00:00:00, 5.0
0.0, 17.0, 0.0, 56.0, 1990-05-14 00:00:00, 0.0
10.0, 15.0, 320.0, 53.0, 1990-05-15 00:00:00, 0.0
10.0, 15.0, 320.0, 63.0, 1990-05-16 00:00:00, 3.0
0.0, 14.0, 0.0, 62.0, 1990-05-17 00:00:00, 0.0
10.0, 19.0, 320.0, 46.0, 1990-05-18 00:00:00, 0.0
0.0, 15.0, 0.0, 36.0, 1990-05-19 00:00:00, 0.0
10.0, 17.0, 320.0, 50.0, 1990-05-20 00:00:00, 0.0
10.0, 19.0, 320.0, 60.0, 1990-05-21 00:00:00, 2.5
0.0, 19.0, 0.0, 67.0, 1990-05-22 00:00:00, 0.0
0.0, 23.0, 0.0, 33.0, 1990-05-23 00:00:00, 0.0
10.0, 20.0, 320.0, 45.0, 1990-05-24 00:00:00, 0.0
10.0, 19.0, 320.0, 67.0, 1990-05-25 00:00:00, 0.0
10.0, 21.0, 320.0, 54.0, 1990-05-26 00:00:00, 0.0
0.0, 19.0, 0.0, 51.0, 1990-05-27 00:00:00, 0.0
10.0, 22.0, 320.0, 49.0, 1990-05-28 00:00:00, 0.0
10.0, 18.0, 320.0, 59.0, 1990-05-29 00:00:00, 1.0
15.0, 22.0, 320.0, 37.0, 1990-05-30 00:00:00, 0.0
15.0, 25.0, 320.0, 36.0, 1990-05-31 00:00:00, 0.0
10.0, 19.0, 320.0, 51.0, 1990-06-01 00:00:00, 0.0
12.0, 19.0, 320.0, 53.0, 1990-06-02 00:00:00, 0.0
0.0, 14.0, 0.0, 81.0, 1990-06-03 00:00:00, 7.0
0.0, 16.0, 0.0, 63.0, 1990-06-04 00:00:00, 7.0
0.0, 17.0, 0.0, 48.0, 1990-06-05 00:00:00, 0.5
10.0, 18.0, 320.0, 73.0, 1990-06-06 00:00:00, 0.5
10.0, 17.0, 320.0, 81.0, 1990-06-07 00:00:00, 1.0
0.0, 17.0, 0.0, 80.0, 1990-06-08 00:00:00, 1.0
10.0, 14.0, 320.0, 52.0, 1990-06-09 00:00:00, 3.0
0.0, 20.0, 0.0, 89.0, 1990-06-10 00:00:00, 8.0
15.0, 12.0, 320.0, 62.0, 1990-06-11 00:00:00, 16.0
10.0, 17.0, 320.0, 56.0, 1990-06-12 00:00:00, 1.0
0.0, 17.0, 0.0, 47.0, 1990-06-13 00:00:00, 0.0
5.0, 20.0, 320.0, 30.0, 1990-06-14 00:00:00, 0.0
0.0, 21.0, 0.0, 67.0, 1990-06-15 00:00:00, 0.0
20.0, 22.0, 320.0, 41.0, 1990-06-16 00:00:00, 0.0
10.0, 21.0, 320.0, 39.0, 1990-06-17 00:00:00, 0.0
0.0, 19.0, 0.0, 66.0, 1990-06-18 00:00:00, 0.0
0.0, 18.0, 0.0, 73.0, 1990-06-19 00:00:00, 7.0
0.0, 22.0, 0.0, 54.0, 1990-06-20 00:00:00, 0.0
0.0, 32.0, 0.0, 33.0, 1990-06-21 00:00:00, 0.0
10.0, 22.0, 320.0, 61.0, 1990-06-22 00:00:00, 0.0
10.0, 22.0, 320.0, 41.0, 1990-06-23 00:00:00, 0.0
10.0, 27.0, 320.0, 36.0, 1990-06-24 00:00:00, 0.0
0.0, 20.0, 0.0, 59.0, 1990-06-25 00:00:00, 1.5
0.0, 20.0, 0.0, 52.0, 1990-06-26 00:00:00, 3.0
5.0, 18.0, 320.0, 65.0, 1990-06-27 00:00:00, 0.2
0.0, 20.0, 0.0, 67.0, 1990-06-28 00:00:00, 2.0
0.0, 18.0, 0.0, 73.0, 1990-06-29 00:00:00, 0.0
0.0, 14.0, 0.0, 90.0, 1990-06-30 00:00:00, 10.0
0.0, 20.0, 230.0, 59.0, 1990-07-01 00:00:00, 8.0
15.0, 17.0, 230.0, 64.0, 1990-07-02 00:00:00, 0.0
0.0, 19.0, 0.0, 58.0, 1990-07-03 00:00:00, 0.0
0.0, 20.0, 0.0, 59.0, 1990-07-04 00:00:00, 0.0
12.0, 25.0, 320.0, 64.0, 1990-07-05 00:00:00, 0.0
0.0, 18.0, 0.0, 73.0, 1990-07-06 00:00:00, 0.0
0.0, 20.0, 0.0, 67.0, 1990-07-07 00:00:00, 0.0
10.0, 20.0, 320.0, 67.0, 1990-07-08 00:00:00, 0.5
0.0, 25.0, 0.0, 51.0, 1990-07-09 00:00:00, 0.0
0.0, 32.0, 0.0, 28.0, 1990-07-10 00:00:00, 0.0
5.0, 30.0, 320.0, 35.0, 1990-07-11 00:00:00, 0.0
0.0, 16.0, 0.0, 90.0, 1990-07-12 00:00:00, 1.0
1.0, 39.0, 320.0, 51.0, 1990-07-13 00:00:00, 2.0
5.0, 28.0, 320.0, 32.0, 1990-07-14 00:00:00, 0.0
25.0, 26.0, 320.0, 40.0, 1990-07-15 00:00:00, 0.0
20.0, 25.0, 320.0, 33.0, 1990-07-16 00:00:00, 0.0
18.0, 23.0, 320.0, 42.0, 1990-07-17 00:00:00, 0.0
18.0, 26.0, 230.0, 40.0, 1990-07-18 00:00:00, 0.0
12.0, 30.0, 230.0, 30.0, 1990-07-19 00:00:00, 0.0
10.0, 34.0, 230.0, 27.0, 1990-07-20 00:00:00, 0.0
10.0, 33.0, 320.0, 30.0, 1990-07-21 00:00:00, 0.0
10.0, 33.0, 230.0, 26.0, 1990-07-22 00:00:00, 0.0
10.0, 19.0, 230.0, 82.0, 1990-07-23 00:00:00, 1.0
0.0, 16.0, 0.0, 90.0, 1990-07-24 00:00:00, 5.0
0.0, 25.0, 0.0, 0.0, 1990-07-25 00:00:00, 0.0
14.0, 26.0, 320.0, 52.0, 1990-07-26 00:00:00, 0.0
0.0, 26.0, 0.0, 52.0, 1990-07-27 00:00:00, 0.0
0.0, 30.0, 0.0, 35.0, 1990-07-28 00:00:00, 0.0
0.0, 32.0, 0.0, 37.0, 1990-07-29 00:00:00, 0.0
7.0, 30.0, 320.0, 40.0, 1990-07-30 00:00:00, 0.0
17.0, 28.0, 320.0, 54.0, 1990-07-31 00:00:00, 0.0
22.0, 24.0, 320.0, 56.0, 1990-08-01 00:00:00, 0.0
0.0, 17.0, 0.0, 90.0, 1990-08-02 00:00:00, 3.0
0.0, 20.0, 0.0, 83.0, 1990-08-03 00:00:00, 2.0
2.0, 29.0, 320.0, 99.0, 1990-08-04 00:00:00, 0.0
6.0, 27.0, 320.0, 53.0, 1990-08-05 00:00:00, 0.0
0.0, 18.0, 0.0, 82.0, 1990-08-06 00:00:00, 3.6
0.0, 21.0, 0.0, 91.0, 1990-08-07 00:00:00, 0.0
2.0, 30.0, 320.0, 50.0, 1990-08-08 00:00:00, 0.0
5.0, 33.0, 50.0, 58.0, 1990-08-09 00:00:00, 0.0
5.0, 33.0, 50.0, 58.0, 1990-08-10 00:00:00, 0.0
2.0, 35.0, 320.0, 93.0, 1990-08-11 00:00:00, 0.0
7.0, 33.0, 230.0, 63.0, 1990-08-12 00:00:00, 0.0
3.0, 24.0, 320.0, 88.0, 1990-08-13 00:00:00, 0.0
0.0, 20.0, 0.0, 59.0, 1990-08-14 00:00:00, 0.0
0.0, 18.0, 0.0, 82.0, 1990-08-15 00:00:00, 0.0
0.0, 19.0, 0.0, 74.0, 1990-08-16 00:00:00, 0.0
0.0, 22.0, 0.0, 68.0, 1990-08-17 00:00:00, 0.0
0.0, 20.0, 0.0, 75.0, 1990-08-18 00:00:00, 0.0
0.0, 21.0, 0.0, 75.0, 1990-08-19 00:00:00, 0.0
0.0, 20.0, 0.0, 67.0, 1990-08-20 00:00:00, 0.0
0.0, 20.0, 0.0, 99.0, 1990-08-21 00:00:00, 0.0
20.0, 18.0, 320.0, 57.0, 1990-08-22 00:00:00, 0.0
0.0, 17.0, 0.0, 81.0, 1990-08-23 00:00:00, 0.5
0.0, 21.0, 0.0, 75.0, 1990-08-24 00:00:00, 0.0
15.0, 19.0, 320.0, 66.0, 1990-08-25 00:00:00, 0.0
0.0, 20.0, 0.0, 75.0, 1990-08-26 00:00:00, 0.0
0.0, 19.0, 0.0, 82.0, 1990-08-27 00:00:00, 0.0
10.0, 25.0, 230.0, 51.0, 1990-08-28 00:00:00, 0.0
0.0, 14.0, 0.0, 90.0, 1990-08-29 00:00:00, 0.0
0.0, 15.0, 0.0, 90.0, 1990-08-30 00:00:00, 10.0
10.0, 16.0, 320.0, 81.0, 1990-08-31 00:00:00, 4.0
0.0, 16.0, 0.0, 81.0, 1990-09-01 00:00:00, 5.0
0.0, 19.0, 0.0, 66.0, 1990-09-02 00:00:00, 2.0
0.0, 22.0, 0.0, 54.0, 1990-09-03 00:00:00, 0.0
0.0, 23.0, 0.0, 49.0, 1990-09-04 00:00:00, 0.0
0.0, 24.0, 0.0, 50.0, 1990-09-05 00:00:00, 0.0
0.0, 25.0, 0.0, 51.0, 1990-09-06 00:00:00, 0.0
0.0, 28.0, 0.0, 54.0, 1990-09-07 00:00:00, 0.0
10.0, 23.0, 320.0, 62.0, 1990-09-08 00:00:00, 0.0
5.0, 22.0, 320.0, 61.0, 1990-09-09 00:00:00, 0.0
10.0, 23.0, 320.0, 55.0, 1990-09-10 00:00:00, 0.0
10.0, 23.0, 320.0, 55.0, 1990-09-11 00:00:00, 0.0
5.0, 21.0, 320.0, 60.0, 1990-09-12 00:00:00, 0.0
0.0, 21.0, 0.0, 60.0, 1990-09-13 00:00:00, 0.0
0.0, 24.0, 0.0, 56.0, 1990-09-14 00:00:00, 0.0
0.0, 20.0, 0.0, 67.0, 1990-09-15 00:00:00, 0.0
10.0, 17.0, 230.0, 81.0, 1990-09-16 00:00:00, 1.0
10.0, 21.0, 230.0, 75.0, 1990-09-17 00:00:00, 0.0
0.0, 17.0, 0.0, 81.0, 1990-09-18 00:00:00, 3.0
0.0, 20.0, 0.0, 52.0, 1990-09-19 00:00:00, 0.0
0.0, 20.0, 0.0, 67.0, 1990-09-20 00:00:00, 0.0
0.0, 20.0, 0.0, 67.0, 1990-09-21 00:00:00, 0.0
0.0, 20.0, 0.0, 59.0, 1990-09-22 00:00:00, 0.0
0.0, 21.0, 0.0, 60.0, 1990-09-23 00:00:00, 0.0
0.0, 20.0, 0.0, 67.0, 1990-09-24 00:00:00, 0.0
5.0, 22.0, 320.0, 68.0, 1990-09-25 00:00:00, 0.0
5.0, 16.0, 320.0, 81.0, 1990-09-26 00:00:00, 0.0
0.0, 13.0, 0.0, 79.0, 1990-09-27 00:00:00, 0.0
0.0, 12.0, 0.0, 89.0, 1990-09-28 00:00:00, 8.0
0.0, 17.0, 0.0, 89.0, 1990-09-29 00:00:00, 0.5
0.0, 16.0, 0.0, 81.0, 1990-09-30 00:00:00, 0.0
12.0, 14.0, 320.0, 90.0, 1990-10-01 00:00:00, 25.0
0.0, 10.0, 0.0, 88.0, 1990-10-02 00:00:00, 17.5
0.0, 9.0, 0.0, 88.0, 1990-10-03 00:00:00, 18.0
0.0, 13.0, 0.0, 79.0, 1990-10-04 00:00:00, 45.0
0.0, 13.0, 0.0, 79.0, 1990-10-05 00:00:00, 0.0
0.0, 8.0, 0.0, 75.0, 1990-10-06 00:00:00, 20.0
0.0, 9.0, 0.0, 88.0, 1990-10-07 00:00:00, 8.0
0.0, 13.0, 0.0, 69.0, 1990-10-08 00:00:00, 10.0
10.0, 11.0, 320.0, 89.0, 1990-10-09 00:00:00, 25.0
0.0, 15.0, 0.0, 71.0, 1990-10-10 00:00:00, 0.0
0.0, 8.0, 0.0, 87.0, 1990-10-11 00:00:00, 18.0
0.0, 8.0, 0.0, 87.0, 1990-10-12 00:00:00, 22.0
10.0, 9.0, 320.0, 76.0, 1990-10-13 00:00:00, 15.0
15.0, 12.0, 320.0, 58.0, 1990-10-14 00:00:00, 0.0
10.0, 14.0, 320.0, 70.0, 1990-10-15 00:00:00, 0.0
0.0, 0.0, 0.0, 0.0, 1991-04-14 00:00:00, 0.0
20.0, 20.0, 50.0, 75.0, 1991-04-15 00:00:00, 0.0
10.0, 18.0, 230.0, 65.0, 1991-04-16 00:00:00, 0.0
10.0, 18.0, 230.0, 49.0, 1991-04-17 00:00:00, 0.0
0.0, 19.0, 0.0, 58.0, 1991-04-18 00:00:00, 0.0
0.0, 19.0, 0.0, 50.0, 1991-04-19 00:00:00, 0.0
0.0, 22.0, 0.0, 41.0, 1991-04-20 00:00:00, 0.0
10.0, 19.0, 320.0, 58.0, 1991-04-21 00:00:00, 0.0
15.0, 15.0, 320.0, 62.0, 1991-04-22 00:00:00, 0.0
15.0, 11.0, 320.0, 78.0, 1991-04-23 00:00:00, 0.0
20.0, 9.0, 230.0, 88.0, 1991-04-24 00:00:00, 4.0
0.0, 11.0, 0.0, 67.0, 1991-04-25 00:00:00, 2.0
18.0, 12.0, 230.0, 68.0, 1991-04-26 00:00:00, 0.5
12.0, 14.0, 320.0, 51.0, 1991-04-27 00:00:00, 0.5
0.0, 9.0, 0.0, 88.0, 1991-04-28 00:00:00, 4.0
10.0, 15.0, 320.0, 53.0, 1991-04-29 00:00:00, 0.0
0.0, 17.0, 0.0, 56.0, 1991-04-30 00:00:00, 0.0
10.0, 22.0, 320.0, 47.0, 1991-05-01 00:00:00, 0.0
10.0, 24.0, 320.0, 40.0, 1991-05-02 00:00:00, 0.0
0.0, 23.0, 0.0, 42.0, 1991-05-03 00:00:00, 0.0
20.0, 19.0, 320.0, 66.0, 1991-05-04 00:00:00, 0.0
0.0, 10.5, 0.0, 94.0, 1991-05-05 00:00:00, 1.0
20.0, 12.0, 320.0, 89.0, 1991-05-06 00:00:00, 2.0
12.0, 12.0, 320.0, 78.0, 1991-05-07 00:00:00, 1.5
15.0, 12.0, 230.0, 78.0, 1991-05-08 00:00:00, 3.0
11.0, 14.0, 230.0, 61.0, 1991-05-09 00:00:00, 0.3
5.0, 18.0, 320.0, 57.0, 1991-05-10 00:00:00, 0.0
16.0, 22.0, 320.0, 47.0, 1991-05-11 00:00:00, 0.0
0.0, 16.0, 0.0, 72.0, 1991-05-12 00:00:00, 0.0
12.0, 17.0, 320.0, 48.0, 1991-05-13 00:00:00, 2.0
10.0, 20.0, 320.0, 38.0, 1991-05-14 00:00:00, 0.0
12.0, 17.0, 320.0, 64.0, 1991-05-15 00:00:00, 0.0
20.0, 15.0, 320.0, 62.0, 1991-05-16 00:00:00, 0.8
14.0, 19.0, 320.0, 58.0, 1991-05-17 00:00:00, 0.0
5.0, 25.0, 320.0, 39.0, 1991-05-18 00:00:00, 0.0
14.0, 26.0, 320.0, 37.0, 1991-05-19 00:00:00, 0.0
16.0, 17.0, 320.0, 56.0, 1991-05-20 00:00:00, 0.0
14.0, 17.0, 320.0, 48.0, 1991-05-21 00:00:00, 0.0
5.0, 10.0, 320.0, 49.0, 1991-05-22 00:00:00, 0.0
5.0, 16.0, 320.0, 54.0, 1991-05-23 00:00:00, 0.0
10.0, 17.0, 320.0, 60.0, 1991-05-24 00:00:00, 0.0
12.0, 21.0, 320.0, 46.0, 1991-05-25 00:00:00, 0.0
12.0, 21.0, 320.0, 46.0, 1991-05-26 00:00:00, 0.0
14.0, 21.0, 320.0, 46.0, 1991-05-27 00:00:00, 0.0
20.0, 22.0, 320.0, 54.0, 1991-05-28 00:00:00, 0.0
10.0, 14.0, 320.0, 80.0, 1991-05-29 00:00:00, 0.0
20.0, 17.0, 320.0, 64.0, 1991-05-30 00:00:00, 0.0
25.0, 17.0, 320.0, 64.0, 1991-05-31 00:00:00, 0.0
10.0, 18.0, 320.0, 49.0, 1991-06-01 00:00:00, 1.5
0.0, 10.5, 0.0, 94.0, 1991-06-02 00:00:00, 7.0
10.0, 9.0, 230.0, 88.0, 1991-06-03 00:00:00, 4.2
12.0, 16.0, 320.0, 72.0, 1991-06-04 00:00:00, 1.2
5.0, 22.5, 320.0, 45.0, 1991-06-05 00:00:00, 0.0
12.0, 15.0, 320.0, 19.0, 1991-06-07 00:00:00, 3.1
12.0, 14.0, 230.0, 19.0, 1991-06-08 00:00:00, 1.0
0.0, 13.5, 0.0, 99.0, 1991-06-09 00:00:00, 7.0
16.0, 18.0, 320.0, 82.0, 1991-06-10 00:00:00, 28.0
4.0, 13.0, 320.0, 99.0, 1991-06-11 00:00:00, 1.0
10.0, 15.0, 230.0, 71.0, 1991-06-12 00:00:00, 6.0
0.0, 14.0, 0.0, 90.0, 1991-06-13 00:00:00, 2.0
0.0, 14.0, 0.0, 90.0, 1991-06-14 00:00:00, 0.3
0.0, 17.0, 0.0, 90.0, 1991-06-15 00:00:00, 0.3
0.0, 18.0, 0.0, 91.0, 1991-06-16 00:00:00, 0.0
0.0, 17.5, 0.0, 77.0, 1991-06-17 00:00:00, 0.0
14.0, 22.0, 320.0, 54.0, 1991-06-18 00:00:00, 0.0
16.0, 28.0, 230.0, 31.0, 1991-06-19 00:00:00, 0.0
14.0, 32.0, 230.0, 33.0, 1991-06-20 00:00:00, 0.0
14.0, 24.0, 320.0, 56.0, 1991-06-21 00:00:00, 0.0
5.0, 17.0, 320.0, 99.0, 1991-06-22 00:00:00, 9.0
5.0, 21.0, 320.0, 79.0, 1991-06-23 00:00:00, 5.0
8.0, 25.0, 320.0, 57.0, 1991-06-24 00:00:00, 0.0
8.0, 23.0, 320.0, 62.0, 1991-06-25 00:00:00, 0.0
0.0, 18.0, 0.0, 82.0, 1991-06-26 00:00:00, 0.0
0.0, 18.0, 0.0, 86.0, 1991-06-27 00:00:00, 0.0
10.0, 27.0, 320.0, 47.0, 1991-06-28 00:00:00, 0.0
0.0, 14.0, 0.0, 99.0, 1991-06-29 00:00:00, 7.0
0.0, 17.5, 0.0, 91.0, 1991-06-30 00:00:00, 5.0
0.0, 15.0, 0.0, 99.0, 1991-07-01 00:00:00, 3.0
8.0, 24.0, 320.0, 77.0, 1991-07-02 00:00:00, 3.0
15.0, 23.0, 320.0, 62.0, 1991-07-03 00:00:00, 0.0
18.0, 24.0, 320.0, 50.0, 1991-07-04 00:00:00, 0.0
5.0, 17.0, 320.0, 77.0, 1991-07-05 00:00:00, 0.0
12.0, 26.0, 320.0, 46.0, 1991-07-06 00:00:00, 0.0
10.0, 26.0, 320.0, 52.0, 1991-07-07 00:00:00, 0.0
12.0, 26.0, 320.0, 64.0, 1991-07-08 00:00:00, 0.0
15.0, 22.0, 320.0, 68.0, 1991-07-09 00:00:00, 0.0
15.0, 22.0, 320.0, 68.0, 1991-07-10 00:00:00, 0.0
0.0, 19.0, 0.0, 91.0, 1991-07-11 00:00:00, 3.0
10.0, 22.0, 320.0, 76.0, 1991-07-12 00:00:00, 0.5
20.0, 18.0, 320.0, 91.0, 1991-07-13 00:00:00, 15.0
0.0, 14.5, 0.0, 99.0, 1991-07-14 00:00:00, 1.6
0.0, 15.0, 0.0, 99.0, 1991-07-15 00:00:00, 12.5
0.0, 15.0, 0.0, 99.0, 1991-07-16 00:00:00, 13.0
10.0, 19.0, 230.0, 87.0, 1991-07-17 00:00:00, 0.8
0.0, 19.0, 0.0, 74.0, 1991-07-18 00:00:00, 0.0
12.0, 18.0, 320.0, 82.0, 1991-07-19 00:00:00, 0.0
5.0, 18.0, 320.0, 82.0, 1991-07-20 00:00:00, 0.0
5.0, 20.0, 320.0, 83.0, 1991-07-21 00:00:00, 5.0
0.0, 25.0, 0.0, 64.0, 1991-07-22 00:00:00, 0.0
0.0, 31.0, 0.0, 46.0, 1991-07-23 00:00:00, 0.0
10.0, 18.0, 230.0, 68.0, 1991-07-24 00:00:00, 0.0
6.0, 22.0, 320.0, 61.0, 1991-07-25 00:00:00, 3.0
0.0, 16.5, 0.0, 99.0, 1991-07-26 00:00:00, 5.5
0.0, 18.0, 0.0, 82.0, 1991-07-27 00:00:00, 7.0
5.0, 19.0, 320.0, 99.0, 1991-07-28 00:00:00, 2.2
15.0, 22.0, 320.0, 68.0, 1991-07-29 00:00:00, 1.0
10.0, 20.0, 320.0, 56.0, 1991-07-30 00:00:00, 0.0
12.0, 24.5, 320.0, 49.0, 1991-07-31 00:00:00, 0.0
15.0, 28.0, 320.0, 48.0, 1991-08-01 00:00:00, 0.0
5.0, 25.0, 230.0, 57.0, 1991-08-02 00:00:00, 0.0
5.0, 29.0, 320.0, 49.0, 1991-08-03 00:00:00, 0.0
5.0, 18.0, 320.0, 91.0, 1991-08-04 00:00:00, 1.0
0.0, 22.0, 0.0, 76.0, 1991-08-05 00:00:00, 3.4
10.0, 26.0, 320.0, 64.0, 1991-08-06 00:00:00, 0.0
0.0, 18.0, 0.0, 91.0, 1991-08-07 00:00:00, 7.0
5.0, 20.0, 230.0, 99.0, 1991-08-08 00:00:00, 28.0
5.0, 18.0, 320.0, 91.0, 1991-08-09 00:00:00, 4.0
0.0, 23.0, 0.0, 62.0, 1991-08-10 00:00:00, 0.0
0.0, 24.0, 0.0, 63.0, 1991-08-11 00:00:00, 0.0
0.0, 23.0, 0.0, 76.0, 1991-08-12 00:00:00, 0.0
10.0, 27.0, 230.0, 60.0, 1991-08-13 00:00:00, 0.0
5.0, 29.0, 320.0, 49.0, 1991-08-14 00:00:00, 0.0
5.0, 31.0, 320.0, 46.0, 1991-08-15 00:00:00, 0.0
5.0, 29.0, 320.0, 49.0, 1991-08-16 00:00:00, 0.0
5.0, 29.0, 320.0, 55.0, 1991-08-17 00:00:00, 0.0
10.0, 28.0, 320.0, 60.0, 1991-08-18 00:00:00, 0.0
5.0, 23.0, 320.0, 69.0, 1991-08-19 00:00:00, 0.0
0.0, 20.0, 0.0, 75.0, 1991-08-20 00:00:00, 0.0
10.0, 23.5, 320.0, 59.0, 1991-08-21 00:00:00, 0.0
5.0, 20.0, 320.0, 75.0, 1991-08-22 00:00:00, 0.0
18.0, 22.0, 320.0, 61.0, 1991-08-23 00:00:00, 0.0
0.0, 17.0, 0.0, 81.0, 1991-08-24 00:00:00, 0.0
12.0, 18.5, 320.0, 65.0, 1991-08-25 00:00:00, 0.0
0.0, 15.0, 0.0, 99.0, 1991-08-26 00:00:00, 17.5
0.0, 15.0, 0.0, 93.0, 1991-08-27 00:00:00, 22.5
0.0, 14.0, 0.0, 99.0, 1991-08-28 00:00:00, 8.0
0.0, 12.0, 0.0, 99.0, 1991-08-29 00:00:00, 6.0
10.0, 16.0, 320.0, 99.0, 1991-08-30 00:00:00, 18.0
10.0, 15.0, 320.0, 99.0, 1991-08-31 00:00:00, 5.0
0.0, 15.0, 0.0, 99.0, 1991-09-01 00:00:00, 1.0
10.0, 18.0, 320.0, 82.0, 1991-09-02 00:00:00, 2.0
0.0, 20.0, 0.0, 83.0, 1991-09-03 00:00:00, 0.0
0.0, 21.0, 0.0, 91.0, 1991-09-04 00:00:00, 0.0
0.0, 19.0, 0.0, 91.0, 1991-09-05 00:00:00, 0.0
0.0, 18.5, 0.0, 86.0, 1991-09-06 00:00:00, 2.5
18.0, 19.0, 320.0, 91.0, 1991-09-07 00:00:00, 0.0
0.0, 20.0, 0.0, 59.0, 1991-09-08 00:00:00, 0.0
5.0, 18.0, 320.0, 91.0, 1991-09-09 00:00:00, 0.0
5.0, 21.0, 320.0, 67.0, 1991-09-10 00:00:00, 0.0
10.0, 20.5, 320.0, 79.0, 1991-09-11 00:00:00, 0.0
0.0, 14.0, 0.0, 99.0, 1991-09-12 00:00:00, 6.0
15.0, 19.0, 320.0, 82.0, 1991-09-13 00:00:00, 6.0
0.0, 17.0, 0.0, 95.0, 1991-09-14 00:00:00, 0.0
0.0, 17.0, 0.0, 90.0, 1991-09-15 00:00:00, 0.5
0.0, 19.0, 0.0, 91.0, 1991-09-16 00:00:00, 12.5
0.0, 20.0, 0.0, 91.0, 1991-09-17 00:00:00, 0.0
8.0, 20.0, 50.0, 76.0, 1991-09-18 00:00:00, 0.0
15.0, 20.0, 320.0, 75.0, 1991-09-19 00:00:00, 0.0
0.0, 16.0, 0.0, 85.0, 1991-09-20 00:00:00, 0.0
5.0, 16.0, 320.0, 81.0, 1991-09-21 00:00:00, 0.0
0.0, 11.0, 0.0, 99.0, 1991-09-22 00:00:00, 7.5
10.0, 20.0, 230.0, 91.0, 1991-09-23 00:00:00, 0.7
0.0, 21.0, 0.0, 67.0, 1991-09-24 00:00:00, 0.0
0.0, 18.0, 0.0, 82.0, 1991-09-25 00:00:00, 0.0
5.0, 19.0, 230.0, 82.0, 1991-09-26 00:00:00, 0.0
0.0, 16.0, 0.0, 81.0, 1991-09-27 00:00:00, 0.0
5.0, 20.0, 320.0, 75.0, 1991-09-28 00:00:00, 0.0
5.0, 19.0, 320.0, 82.0, 1991-09-29 00:00:00, 0.0
0.0, 15.0, 0.0, 90.0, 1991-09-30 00:00:00, 0.0
10.0, 18.0, 320.0, 82.0, 1991-10-01 00:00:00, 4.5
0.0, 17.0, 0.0, 81.0, 1991-10-02 00:00:00, 0.0
0.0, 15.0, 0.0, 80.0, 1991-10-03 00:00:00, 0.0
0.0, 15.0, 0.0, 80.0, 1991-10-04 00:00:00, 0.0
0.0, 16.0, 0.0, 90.0, 1991-10-05 00:00:00, 0.0
15.0, 16.0, 320.0, 90.0, 1991-10-06 00:00:00, 0.0
10.0, 14.0, 230.0, 90.0, 1991-10-07 00:00:00, 0.0
0.0, 9.0, 0.0, 99.0, 1991-10-08 00:00:00, 1.0
0.0, 0.0, 0.0, 0.0, 1992-04-14 00:00:00, 0.0
5.0, 12.0, 230.0, 89.0, 1992-04-15 00:00:00, 1.0
0.0, 9.0, 0.0, 99.0, 1992-04-16 00:00:00, 10.0
10.0, 12.0, 230.0, 79.0, 1992-04-17 00:00:00, 17.5
0.0, 14.0, 0.0, 62.0, 1992-04-18 00:00:00, 1.0
0.0, 11.0, 0.0, 78.0, 1992-04-19 00:00:00, 0.0
10.0, 8.0, 230.0, 88.0, 1992-04-20 00:00:00, 15.0
12.0, 9.0, 230.0, 88.0, 1992-04-21 00:00:00, 2.0
14.0, 13.0, 230.0, 70.0, 1992-04-22 00:00:00, 1.0
10.0, 14.0, 230.0, 62.0, 1992-04-23 00:00:00, 0.0
12.0, 18.0, 320.0, 50.0, 1992-04-24 00:00:00, 0.0
0.0, 17.0, 0.0, 73.0, 1992-04-25 00:00:00, 0.0
5.0, 15.0, 230.0, 90.0, 1992-04-26 00:00:00, 8.0
12.0, 16.0, 230.0, 81.0, 1992-04-27 00:00:00, 5.0
0.0, 11.5, 0.0, 84.0, 1992-04-28 00:00:00, 0.5
0.0, 8.0, 0.0, 99.0, 1992-04-29 00:00:00, 8.0
10.0, 7.0, 230.0, 99.0, 1992-04-30 00:00:00, 10.0
0.0, 7.0, 0.0, 99.0, 1992-05-01 00:00:00, 2.0
0.0, 9.0, 0.0, 99.0, 1992-05-02 00:00:00, 10.0
0.0, 14.0, 0.0, 90.0, 1992-05-03 00:00:00, 1.0
20.0, 18.0, 230.0, 66.0, 1992-05-04 00:00:00, 0.0
12.0, 16.0, 230.0, 90.0, 1992-05-05 00:00:00, 1.0
0.0, 17.0, 0.0, 73.0, 1992-05-06 00:00:00, 0.0
14.0, 14.0, 230.0, 71.0, 1992-05-07 00:00:00, 0.0
14.0, 16.0, 230.0, 81.0, 1992-05-08 00:00:00, 0.0
0.0, 6.0, 0.0, 87.0, 1992-05-09 00:00:00, 10.0
20.0, 11.0, 230.0, 89.0, 1992-05-10 00:00:00, 6.0
0.0, 9.0, 0.0, 88.0, 1992-05-11 00:00:00, 0.0
18.0, 14.0, 230.0, 62.0, 1992-05-12 00:00:00, 0.0
15.0, 17.0, 230.0, 57.0, 1992-05-13 00:00:00, 0.0
0.0, 17.0, 0.0, 57.0, 1992-05-14 00:00:00, 0.0
20.0, 19.0, 320.0, 44.0, 1992-05-15 00:00:00, 0.0
0.0, 21.0, 0.0, 41.0, 1992-05-16 00:00:00, 0.0
10.0, 20.0, 230.0, 53.0, 1992-05-17 00:00:00, 0.0
20.0, 18.0, 230.0, 36.0, 1992-05-18 00:00:00, 0.0
15.0, 17.0, 230.0, 41.0, 1992-05-19 00:00:00, 0.0
12.0, 21.0, 230.0, 41.0, 1992-05-20 00:00:00, 0.0
0.0, 14.0, 0.0, 71.0, 1992-05-21 00:00:00, 0.3
5.0, 14.0, 230.0, 71.0, 1992-05-22 00:00:00, 0.0
0.0, 22.0, 0.0, 62.0, 1992-05-23 00:00:00, 0.0
0.0, 23.0, 0.0, 70.0, 1992-05-24 00:00:00, 0.0
0.0, 15.0, 0.0, 99.0, 1992-05-25 00:00:00, 1.0
12.0, 18.0, 320.0, 82.0, 1992-05-26 00:00:00, 10.0
5.0, 14.0, 230.0, 99.0, 1992-05-27 00:00:00, 0.1
0.0, 13.0, 0.0, 99.0, 1992-05-28 00:00:00, 5.0
10.0, 18.0, 230.0, 74.0, 1992-05-29 00:00:00, 3.0
0.0, 22.0, 0.0, 62.0, 1992-05-30 00:00:00, 0.0
0.0, 14.0, 0.0, 99.0, 1992-05-31 00:00:00, 6.0
10.0, 15.0, 230.0, 90.0, 1992-06-01 00:00:00, 12.5
10.0, 16.0, 230.0, 72.0, 1992-06-02 00:00:00, 0.0
0.0, 15.0, 0.0, 74.0, 1992-06-03 00:00:00, 0.0
0.0, 22.0, 0.0, 55.0, 1992-06-04 00:00:00, 0.0
0.0, 21.0, 0.0, 61.0, 1992-06-05 00:00:00, 0.0
0.0, 19.0, 0.0, 66.0, 1992-06-06 00:00:00, 0.0
0.0, 16.0, 0.0, 81.0, 1992-06-07 00:00:00, 2.0
0.0, 17.0, 0.0, 82.0, 1992-06-08 00:00:00, 0.0
0.0, 12.0, 0.0, 99.0, 1992-06-09 00:00:00, 13.0
0.0, 18.0, 0.0, 91.0, 1992-06-10 00:00:00, 3.0
0.0, 17.0, 0.0, 73.0, 1992-06-11 00:00:00, 0.0
0.0, 12.0, 0.0, 99.0, 1992-06-12 00:00:00, 8.2
0.0, 14.0, 0.0, 99.0, 1992-06-13 00:00:00, 10.0
0.0, 14.0, 0.0, 99.0, 1992-06-14 00:00:00, 7.0
0.0, 15.0, 0.0, 90.0, 1992-06-15 00:00:00, 0.0
12.0, 20.0, 230.0, 87.0, 1992-06-16 00:00:00, 1.0
5.0, 22.0, 320.0, 62.0, 1992-06-17 00:00:00, 0.0
2.0, 18.0, 320.0, 78.0, 1992-06-18 00:00:00, 0.2
0.0, 14.0, 0.0, 99.0, 1992-06-19 00:00:00, 5.0
0.0, 22.0, 0.0, 76.0, 1992-06-20 00:00:00, 1.0
10.0, 25.0, 320.0, 64.0, 1992-06-21 00:00:00, 0.0
10.0, 26.0, 320.0, 65.0, 1992-06-22 00:00:00, 0.0
0.0, 25.0, 0.0, 58.0, 1992-06-23 00:00:00, 0.0
10.0, 27.0, 320.0, 48.0, 1992-06-24 00:00:00, 0.0
0.0, 30.0, 0.0, 46.0, 1992-06-25 00:00:00, 0.0
0.0, 26.0, 0.0, 59.0, 1992-06-26 00:00:00, 0.0
0.0, 24.0, 0.0, 70.0, 1992-06-27 00:00:00, 0.0
0.0, 22.0, 0.0, 76.0, 1992-06-28 00:00:00, 0.0
0.0, 19.0, 0.0, 83.0, 1992-06-29 00:00:00, 0.0
0.0, 18.0, 0.0, 99.0, 1992-06-30 00:00:00, 20.0
5.0, 26.0, 320.0, 65.0, 1992-07-01 00:00:00, 0.0
0.0, 16.0, 0.0, 99.0, 1992-07-02 00:00:00, 10.0
0.0, 13.0, 0.0, 99.0, 1992-07-03 00:00:00, 2.5
5.0, 22.0, 230.0, 92.0, 1992-07-04 00:00:00, 2.0
10.0, 24.0, 320.0, 53.0, 1992-07-05 00:00:00, 0.0
12.0, 20.0, 320.0, 75.0, 1992-07-06 00:00:00, 0.0
10.0, 20.0, 320.0, 75.0, 1992-07-07 00:00:00, 0.7
5.0, 23.0, 320.0, 63.0, 1992-07-08 00:00:00, 0.0
5.0, 23.0, 320.0, 63.0, 1992-07-09 00:00:00, 0.0
3.0, 20.0, 320.0, 83.0, 1992-07-10 00:00:00, 0.9
10.0, 25.0, 320.0, 71.0, 1992-07-11 00:00:00, 0.0
10.0, 20.0, 230.0, 18.0, 1992-07-12 00:00:00, 0.5
10.0, 15.0, 230.0, 90.0, 1992-07-13 00:00:00, 0.0
12.0, 21.0, 320.0, 76.0, 1992-07-14 00:00:00, 0.0
10.0, 25.0, 320.0, 68.0, 1992-07-15 00:00:00, 0.0
5.0, 23.0, 320.0, 77.0, 1992-07-16 00:00:00, 0.0
5.0, 25.5, 320.0, 85.0, 1992-07-17 00:00:00, 0.0
10.0, 28.0, 320.0, 49.0, 1992-07-18 00:00:00, 0.0
2.0, 25.0, 230.0, 52.0, 1992-07-19 00:00:00, 0.0
5.0, 23.0, 320.0, 63.0, 1992-07-20 00:00:00, 0.0
16.0, 22.0, 320.0, 69.0, 1992-07-21 00:00:00, 0.0
12.0, 21.0, 320.0, 68.0, 1992-07-22 00:00:00, 0.0
13.0, 20.5, 320.0, 75.0, 1992-07-23 00:00:00, 0.0
10.0, 21.0, 320.0, 92.0, 1992-07-24 00:00:00, 0.0
10.0, 16.5, 230.0, 95.0, 1992-07-25 00:00:00, 0.0
10.0, 20.0, 320.0, 67.0, 1992-07-26 00:00:00, 0.0
5.0, 19.0, 230.0, 74.0, 1992-07-27 00:00:00, 0.0
5.0, 21.0, 230.0, 76.0, 1992-07-28 00:00:00, 0.0
5.0, 20.5, 320.0, 79.0, 1992-07-29 00:00:00, 0.0
5.0, 26.0, 320.0, 62.0, 1992-07-30 00:00:00, 0.0
5.0, 27.0, 230.0, 48.0, 1992-07-31 00:00:00, 0.0
11.0, 25.0, 320.0, 71.0, 1992-08-01 00:00:00, 0.0
10.0, 22.0, 230.0, 76.0, 1992-08-02 00:00:00, 0.0
5.0, 22.0, 320.0, 76.0, 1992-08-03 00:00:00, 0.0
7.0, 22.0, 320.0, 76.0, 1992-08-04 00:00:00, 0.0
5.0, 23.0, 320.0, 77.0, 1992-08-05 00:00:00, 0.0
10.0, 15.0, 320.0, 95.0, 1992-08-06 00:00:00, 4.8
2.0, 13.0, 230.0, 90.0, 1992-08-07 00:00:00, 15.0
5.0, 12.0, 230.0, 99.0, 1992-08-08 00:00:00, 3.0
2.0, 15.0, 320.0, 71.0, 1992-08-09 00:00:00, 0.0
5.0, 17.0, 320.0, 82.0, 1992-08-10 00:00:00, 0.0
5.0, 24.0, 320.0, 57.0, 1992-08-11 00:00:00, 0.0
5.0, 25.0, 320.0, 64.0, 1992-08-12 00:00:00, 0.0
5.0, 22.0, 320.0, 76.0, 1992-08-13 00:00:00, 0.0
10.0, 22.0, 320.0, 62.0, 1992-08-14 00:00:00, 0.0
5.0, 21.0, 230.0, 68.0, 1992-08-15 00:00:00, 0.0
5.0, 21.0, 320.0, 61.0, 1992-08-16 00:00:00, 0.0
5.0, 22.0, 230.0, 62.0, 1992-08-17 00:00:00, 0.0
16.0, 23.0, 320.0, 70.0, 1992-08-18 00:00:00, 0.0
5.0, 23.0, 230.0, 49.0, 1992-08-19 00:00:00, 0.0
5.0, 24.0, 230.0, 51.0, 1992-08-20 00:00:00, 0.0
5.0, 22.0, 230.0, 55.0, 1992-08-21 00:00:00, 0.0
12.0, 23.0, 230.0, 26.0, 1992-08-22 00:00:00, 0.0
5.0, 20.0, 230.0, 53.0, 1992-08-23 00:00:00, 0.0
5.0, 20.0, 230.0, 60.0, 1992-08-24 00:00:00, 0.0
5.0, 18.0, 230.0, 78.0, 1992-08-25 00:00:00, 0.0
5.0, 16.0, 320.0, 99.0, 1992-08-26 00:00:00, 8.0
10.0, 23.0, 320.0, 49.0, 1992-08-27 00:00:00, 0.0
5.0, 16.0, 230.0, 72.0, 1992-08-28 00:00:00, 0.0
0.0, 12.0, 0.0, 99.0, 1992-08-29 00:00:00, 3.0
0.0, 16.0, 0.0, 99.0, 1992-08-30 00:00:00, 16.0
0.0, 21.0, 0.0, 83.0, 1992-08-31 00:00:00, 0.0
18.0, 18.0, 0.0, 83.0, 1992-09-01 00:00:00, 0.0
0.0, 19.0, 0.0, 99.0, 1992-09-02 00:00:00, 0.0
5.0, 13.0, 230.0, 99.0, 1992-09-03 00:00:00, 4.0
0.0, 12.0, 0.0, 90.0, 1992-09-04 00:00:00, 0.0
10.0, 12.0, 230.0, 90.0, 1992-09-05 00:00:00, 6.0
0.0, 14.0, 0.0, 69.0, 1992-09-06 00:00:00, 0.0
0.0, 10.0, 0.0, 99.0, 1992-09-07 00:00:00, 12.5
0.0, 13.0, 0.0, 90.0, 1992-09-08 00:00:00, 15.0
0.0, 12.0, 0.0, 99.0, 1992-09-09 00:00:00, 3.5
10.0, 18.0, 230.0, 91.0, 1992-09-10 00:00:00, 7.0
10.0, 13.0, 230.0, 90.0, 1992-09-11 00:00:00, 0.0
15.0, 12.0, 320.0, 79.0, 1992-09-12 00:00:00, 0.0
15.0, 9.0, 230.0, 88.0, 1992-09-13 00:00:00, 0.0
0.0, 12.0, 0.0, 79.0, 1992-09-14 00:00:00, 0.0
0.0, 11.0, 0.0, 89.0, 1992-09-15 00:00:00, 0.0
0.0, 11.0, 0.0, 99.0, 1992-09-16 00:00:00, 17.0
0.0, 14.0, 0.0, 80.0, 1992-09-17 00:00:00, 0.0
0.0, 12.0, 0.0, 90.0, 1992-09-18 00:00:00, 0.5
0.0, 12.0, 0.0, 99.0, 1992-09-19 00:00:00, 2.0
10.0, 19.0, 230.0, 74.0, 1992-09-20 00:00:00, 18.0
0.0, 18.0, 0.0, 83.0, 1992-09-21 00:00:00, 4.0
0.0, 17.0, 0.0, 99.0, 1992-09-22 00:00:00, 0.0
0.0, 15.0, 0.0, 99.0, 1992-09-23 00:00:00, 71.0
10.0, 12.0, 230.0, 99.0, 1992-09-24 00:00:00, 15.0
0.0, 11.0, 0.0, 99.0, 1992-09-25 00:00:00, 0.5
22.0, 10.0, 230.0, 99.0, 1992-09-26 00:00:00, 2.6
0.0, 8.0, 0.0, 99.0, 1992-09-27 00:00:00, 2.0
0.0, 10.0, 0.0, 99.0, 1992-09-28 00:00:00, 15.0
15.0, 24.0, 230.0, 45.0, 1992-09-29 00:00:00, 6.0
0.0, 15.0, 0.0, 99.0, 1992-09-30 00:00:00, 2.0
0.0, 15.0, 0.0, 90.0, 1992-10-01 00:00:00, 2.0
0.0, 13.0, 0.0, 99.0, 1992-10-02 00:00:00, 2.0
20.0, 12.0, 230.0, 79.0, 1992-10-03 00:00:00, 8.0
0.0, 12.0, 0.0, 79.0, 1992-10-04 00:00:00, 0.0
0.0, 12.0, 0.0, 79.0, 1992-10-05 00:00:00, 0.0
0.0, 15.0, 0.0, 71.0, 1992-10-06 00:00:00, 0.0
0.0, 10.0, 0.0, 88.0, 1992-10-07 00:00:00, 0.0
0.0, 9.0, 0.0, 99.0, 1992-10-08 00:00:00, 10.0
0.0, 10.0, 0.0, 99.0, 1992-10-09 00:00:00, 10.0
0.0, 10.0, 0.0, 99.0, 1992-10-10 00:00:00, 25.0
0.0, 10.0, 0.0, 88.0, 1992-10-11 00:00:00, 0.0
0.0, 9.0, 0.0, 88.0, 1992-10-12 00:00:00, 3.0
0.0, 10.0, 0.0, 88.0, 1992-10-13 00:00:00, 0.0
0.0, 10.0, 0.0, 77.0, 1992-10-14 00:00:00, 0.0
0.0, 12.0, 0.0, 79.0, 1992-10-15 00:00:00, 0.0
0.0, 0.0, 0.0, 0.0, 1993-04-14 00:00:00, 0.0
0.0, 12.0, 0.0, 78.0, 1993-04-15 00:00:00, 0.0
0.0, 12.0, 0.0, 78.0, 1993-04-16 00:00:00, 0.0
0.0, 11.0, 0.0, 78.0, 1993-04-17 00:00:00, 3.0
0.0, 12.0, 0.0, 78.0, 1993-04-18 00:00:00, 1.5
5.0, 12.0, 320.0, 78.0, 1993-04-19 00:00:00, 3.0
0.0, 14.0, 0.0, 80.0, 1993-04-20 00:00:00, 0.0
0.0, 13.0, 0.0, 90.0, 1993-04-21 00:00:00, 0.0
12.0, 15.0, 230.0, 71.0, 1993-04-22 00:00:00, 0.0
12.0, 17.0, 320.0, 48.0, 1993-04-23 00:00:00, 0.0
10.0, 14.0, 320.0, 80.0, 1993-04-24 00:00:00, 2.0
0.0, 12.0, 0.0, 99.0, 1993-04-25 00:00:00, 6.0
5.0, 11.0, 320.0, 99.0, 1993-04-26 00:00:00, 1.0
5.0, 14.0, 320.0, 80.0, 1993-04-27 00:00:00, 5.0
0.0, 9.0, 0.0, 99.0, 1993-04-28 00:00:00, 2.0
0.0, 10.0, 0.0, 88.0, 1993-04-29 00:00:00, 1.0
0.0, 11.0, 0.0, 67.0, 1993-04-30 00:00:00, 1.0
0.0, 7.0, 0.0, 99.0, 1993-05-01 00:00:00, 8.0
0.0, 8.5, 0.0, 94.0, 1993-05-02 00:00:00, 8.0
10.0, 12.0, 320.0, 68.0, 1993-05-03 00:00:00, 0.5
12.0, 15.0, 320.0, 71.0, 1993-05-04 00:00:00, 0.0
0.0, 9.0, 0.0, 99.0, 1993-05-05 00:00:00, 5.0
12.0, 10.5, 320.0, 94.0, 1993-05-06 00:00:00, 8.0
0.0, 9.0, 0.0, 99.0, 1993-05-07 00:00:00, 2.0
15.0, 12.0, 320.0, 89.0, 1993-05-08 00:00:00, 5.0
0.0, 9.0, 0.0, 88.0, 1993-05-09 00:00:00, 0.0
0.0, 8.0, 0.0, 99.0, 1993-05-10 00:00:00, 14.0
10.0, 12.5, 230.0, 95.0, 1993-05-11 00:00:00, 34.0
5.0, 19.0, 320.0, 74.0, 1993-05-12 00:00:00, 0.0
0.0, 26.0, 0.0, 52.0, 1993-05-13 00:00:00, 0.0
0.0, 21.0, 0.0, 68.0, 1993-05-14 00:00:00, 0.0
0.0, 18.0, 0.0, 82.0, 1993-05-15 00:00:00, 0.0
10.0, 20.0, 320.0, 67.0, 1993-05-16 00:00:00, 0.0
0.0, 19.0, 0.0, 66.0, 1993-05-17 00:00:00, 0.0
10.0, 25.0, 320.0, 45.0, 1993-05-18 00:00:00, 0.0
0.0, 17.0, 0.0, 81.0, 1993-05-19 00:00:00, 0.5
0.0, 16.0, 0.0, 90.0, 1993-05-20 00:00:00, 7.0
0.0, 14.0, 0.0, 90.0, 1993-05-21 00:00:00, 1.0
0.0, 12.5, 0.0, 95.0, 1993-05-22 00:00:00, 6.0
0.0, 20.0, 0.0, 59.0, 1993-05-23 00:00:00, 1.0
0.0, 25.0, 0.0, 45.0, 1993-05-24 00:00:00, 0.0
18.0, 26.0, 320.0, 41.0, 1993-05-25 00:00:00, 0.0
18.0, 29.0, 320.0, 39.0, 1993-05-26 00:00:00, 0.0
18.0, 26.0, 320.0, 46.0, 1993-05-27 00:00:00, 0.0
12.0, 24.0, 320.0, 56.0, 1993-05-28 00:00:00, 0.0
5.0, 12.0, 320.0, 99.0, 1993-05-29 00:00:00, 22.5
0.0, 15.0, 0.0, 90.0, 1993-05-30 00:00:00, 2.0
5.0, 14.0, 320.0, 90.0, 1993-05-31 00:00:00, 0.7
6.0, 15.0, 320.0, 80.0, 1993-06-01 00:00:00, 2.0
18.0, 22.0, 320.0, 61.0, 1993-06-02 00:00:00, 0.0
9.0, 14.0, 320.0, 90.0, 1993-06-03 00:00:00, 1.0
18.0, 18.0, 320.0, 82.0, 1993-06-04 00:00:00, 5.0
0.0, 20.0, 0.0, 75.0, 1993-06-05 00:00:00, 1.5
0.0, 13.0, 0.0, 99.0, 1993-06-06 00:00:00, 6.0
18.0, 16.0, 320.0, 81.0, 1993-06-07 00:00:00, 3.0
18.0, 16.0, 320.0, 72.0, 1993-06-08 00:00:00, 0.5
0.0, 12.0, 0.0, 99.0, 1993-06-09 00:00:00, 3.0
0.0, 13.0, 0.0, 79.0, 1993-06-10 00:00:00, 7.0
22.0, 18.0, 320.0, 65.0, 1993-06-11 00:00:00, 1.0
27.0, 19.0, 320.0, 66.0, 1993-06-12 00:00:00, 0.0
27.0, 20.0, 320.0, 59.0, 1993-06-13 00:00:00, 0.0
0.0, 12.0, 0.0, 99.0, 1993-06-14 00:00:00, 5.0
28.0, 16.0, 320.0, 90.0, 1993-06-15 00:00:00, 5.5
0.0, 17.0, 0.0, 90.0, 1993-06-16 00:00:00, 4.0
0.0, 14.5, 0.0, 66.0, 1993-06-17 00:00:00, 5.0
33.0, 21.0, 320.0, 61.0, 1993-06-18 00:00:00, 7.0
22.0, 18.0, 320.0, 82.0, 1993-06-19 00:00:00, 0.0
9.0, 17.0, 320.0, 64.0, 1993-06-20 00:00:00, 0.4
0.0, 12.0, 0.0, 89.0, 1993-06-21 00:00:00, 0.3
20.0, 16.0, 320.0, 63.0, 1993-06-22 00:00:00, 5.0
12.0, 16.0, 320.0, 81.0, 1993-06-23 00:00:00, 5.0
0.0, 15.0, 0.0, 90.0, 1993-06-24 00:00:00, 1.5
0.0, 16.0, 0.0, 90.0, 1993-06-25 00:00:00, 8.0
0.0, 16.0, 0.0, 90.0, 1993-06-26 00:00:00, 11.0
0.0, 11.0, 0.0, 99.0, 1993-06-27 00:00:00, 25.0
0.0, 13.0, 0.0, 89.0, 1993-06-28 00:00:00, 3.0
0.0, 17.0, 0.0, 72.0, 1993-06-29 00:00:00, 0.0
0.0, 16.0, 0.0, 81.0, 1993-06-30 00:00:00, 1.0
0.0, 16.0, 0.0, 90.0, 1993-07-01 00:00:00, 4.0
10.0, 19.0, 320.0, 66.0, 1993-07-02 00:00:00, 0.0
14.0, 15.0, 320.0, 80.0, 1993-07-03 00:00:00, 0.0
15.0, 19.0, 320.0, 66.0, 1993-07-04 00:00:00, 0.0
15.0, 16.0, 230.0, 72.0, 1993-07-05 00:00:00, 0.0
10.0, 17.0, 320.0, 72.0, 1993-07-06 00:00:00, 0.0
15.0, 21.0, 320.0, 67.0, 1993-07-07 00:00:00, 0.0
10.0, 23.0, 320.0, 49.0, 1993-07-08 00:00:00, 0.0
5.0, 24.5, 320.0, 47.0, 1993-07-09 00:00:00, 2.0
15.0, 19.0, 320.0, 66.0, 1993-07-10 00:00:00, 0.0
0.0, 14.0, 0.0, 90.0, 1993-07-11 00:00:00, 4.2
10.0, 24.0, 320.0, 50.0, 1993-07-12 00:00:00, 0.0
0.0, 22.0, 0.0, 61.0, 1993-07-13 00:00:00, 0.0
0.0, 19.0, 0.0, 74.0, 1993-07-14 00:00:00, 0.0
5.0, 16.0, 230.0, 90.0, 1993-07-15 00:00:00, 2.2
0.0, 17.0, 0.0, 90.0, 1993-07-16 00:00:00, 10.0
14.0, 23.0, 320.0, 69.0, 1993-07-17 00:00:00, 5.0
10.0, 20.0, 320.0, 75.0, 1993-07-18 00:00:00, 0.0
10.0, 20.0, 320.0, 75.0, 1993-07-19 00:00:00, 0.0
15.0, 21.0, 320.0, 75.0, 1993-07-20 00:00:00, 0.0
0.0, 21.0, 0.0, 60.0, 1993-07-21 00:00:00, 0.0
0.0, 16.0, 0.0, 90.0, 1993-07-22 00:00:00, 0.5
0.0, 15.0, 0.0, 99.0, 1993-07-23 00:00:00, 4.0
10.0, 19.0, 320.0, 74.0, 1993-07-24 00:00:00, 0.5
0.0, 21.0, 0.0, 60.0, 1993-07-25 00:00:00, 0.0
10.0, 21.0, 320.0, 75.0, 1993-07-26 00:00:00, 0.0
0.0, 14.0, 0.0, 99.0, 1993-07-27 00:00:00, 5.0
0.0, 14.0, 0.0, 99.0, 1993-07-28 00:00:00, 13.5
0.0, 14.0, 0.0, 99.0, 1993-07-29 00:00:00, 9.8
0.0, 16.0, 0.0, 81.0, 1993-07-30 00:00:00, 2.6
0.0, 19.0, 0.0, 74.0, 1993-07-31 00:00:00, 1.2
5.0, 24.0, 320.0, 56.0, 1993-08-01 00:00:00, 0.0
7.0, 26.0, 320.0, 71.0, 1993-08-02 00:00:00, 0.0
5.0, 27.0, 320.0, 53.0, 1993-08-03 00:00:00, 0.0
0.0, 30.0, 0.0, 45.0, 1993-08-04 00:00:00, 0.0
0.0, 30.0, 0.0, 45.0, 1993-08-05 00:00:00, 0.0
15.0, 22.0, 320.0, 68.0, 1993-08-06 00:00:00, 0.0
15.0, 21.0, 320.0, 63.0, 1993-08-07 00:00:00, 0.0
0.0, 14.0, 0.0, 99.0, 1993-08-08 00:00:00, 5.0
10.0, 18.0, 320.0, 91.0, 1993-08-09 00:00:00, 9.0
5.0, 21.0, 320.0, 83.0, 1993-08-10 00:00:00, 3.0
0.0, 21.0, 0.0, 75.0, 1993-08-11 00:00:00, 0.0
0.0, 17.0, 0.0, 90.0, 1993-08-12 00:00:00, 0.0
0.0, 14.0, 0.0, 99.0, 1993-08-13 00:00:00, 1.0
0.0, 20.0, 0.0, 75.0, 1993-08-14 00:00:00, 0.0
10.0, 23.0, 320.0, 62.0, 1993-08-15 00:00:00, 0.0
15.0, 23.0, 320.0, 62.0, 1993-08-16 00:00:00, 0.0
0.0, 21.0, 0.0, 67.0, 1993-08-17 00:00:00, 0.0
10.0, 22.0, 320.0, 76.0, 1993-08-18 00:00:00, 0.0
5.0, 25.0, 230.0, 57.0, 1993-08-19 00:00:00, 0.0
10.0, 21.0, 320.0, 75.0, 1993-08-20 00:00:00, 0.0
5.0, 17.0, 230.0, 99.0, 1993-08-21 00:00:00, 2.0
10.0, 13.0, 320.0, 99.0, 1993-08-22 00:00:00, 0.5
25.0, 11.0, 230.0, 89.0, 1993-08-23 00:00:00, 10.0
4.0, 12.0, 230.0, 99.0, 1993-08-24 00:00:00, 1.5
5.0, 16.5, 270.0, 86.0, 1993-08-25 00:00:00, 0.5
5.0, 17.0, 230.0, 81.0, 1993-08-26 00:00:00, 0.0
5.0, 16.0, 230.0, 90.0, 1993-08-27 00:00:00, 44.0
5.0, 20.0, 230.0, 75.0, 1993-08-28 00:00:00, 0.1
5.0, 20.0, 230.0, 67.0, 1993-08-29 00:00:00, 0.0
5.0, 19.0, 230.0, 82.0, 1993-08-30 00:00:00, 0.0
5.0, 20.0, 230.0, 91.0, 1993-08-31 00:00:00, 0.0
5.0, 23.0, 0.0, 76.0, 1993-09-01 00:00:00, 0.0
3.0, 25.0, 320.0, 64.0, 1993-09-02 00:00:00, 0.0
0.0, 23.0, 0.0, 69.0, 1993-09-03 00:00:00, 0.0
0.0, 24.0, 0.0, 63.0, 1993-09-04 00:00:00, 0.0
0.0, 24.0, 0.0, 63.0, 1993-09-05 00:00:00, 0.0
0.0, 25.0, 0.0, 57.0, 1993-09-06 00:00:00, 0.0
0.0, 26.0, 0.0, 51.0, 1993-09-07 00:00:00, 0.0
0.0, 24.0, 0.0, 49.0, 1993-09-08 00:00:00, 0.0
0.0, 24.0, 0.0, 56.0, 1993-09-09 00:00:00, 0.0
0.0, 21.0, 0.0, 75.0, 1993-09-10 00:00:00, 0.0
5.0, 17.0, 320.0, 72.0, 1993-09-11 00:00:00, 0.5
0.0, 17.0, 0.0, 72.0, 1993-09-12 00:00:00, 0.0
0.0, 17.0, 0.0, 56.0, 1993-09-13 00:00:00, 0.0
6.0, 19.0, 320.0, 66.0, 1993-09-14 00:00:00, 0.0
0.0, 22.0, 0.0, 56.0, 1993-09-15 00:00:00, 0.0
0.0, 19.0, 0.0, 74.0, 1993-09-16 00:00:00, 0.0
0.0, 19.0, 0.0, 66.0, 1993-09-17 00:00:00, 0.0
8.0, 18.0, 230.0, 65.0, 1993-09-18 00:00:00, 0.0
10.0, 19.0, 320.0, 58.0, 1993-09-19 00:00:00, 0.0
0.0, 15.0, 0.0, 62.0, 1993-09-20 00:00:00, 0.0
0.0, 14.0, 0.0, 61.0, 1993-09-21 00:00:00, 0.0
0.0, 14.0, 0.0, 80.0, 1993-09-22 00:00:00, 0.0
5.0, 17.0, 230.0, 72.0, 1993-09-23 00:00:00, 0.0
0.0, 14.0, 0.0, 80.0, 1993-09-24 00:00:00, 2.6
5.0, 17.0, 230.0, 81.0, 1993-09-25 00:00:00, 0.0
10.0, 20.0, 320.0, 75.0, 1993-09-26 00:00:00, 0.0
5.0, 20.0, 320.0, 83.0, 1993-09-27 00:00:00, 0.0
2.0, 20.0, 0.0, 82.0, 1993-09-28 00:00:00, 0.0
2.0, 18.0, 320.0, 74.0, 1993-09-29 00:00:00, 0.0
5.0, 17.0, 0.0, 68.0, 1993-09-30 00:00:00, 0.0
0.0, 14.0, 0.0, 65.0, 1993-10-01 00:00:00, 0.0
0.0, 16.0, 0.0, 60.0, 1993-10-02 00:00:00, 0.0
0.0, 17.0, 0.0, 68.0, 1993-10-03 00:00:00, 0.0
0.0, 14.0, 0.0, 73.0, 1993-10-04 00:00:00, 0.0
15.0, 14.0, 230.0, 99.0, 1993-10-05 00:00:00, 7.0
0.0, 13.0, 0.0, 95.0, 1993-10-06 00:00:00, 17.0
0.0, 0.0, 0.0, 0.0, 1994-04-14 00:00:00, 0.0
0.0, 6.0, 0.0, 99.0, 1994-04-15 00:00:00, 22.5
0.0, 11.0, 0.0, 89.0, 1994-04-16 00:00:00, 0.4
0.0, 10.0, 0.0, 89.0, 1994-04-17 00:00:00, 1.0
0.0, 13.0, 0.0, 79.0, 1994-04-18 00:00:00, 0.0
0.0, 12.0, 0.0, 89.0, 1994-04-19 00:00:00, 4.0
0.0, 13.0, 0.0, 79.0, 1994-04-20 00:00:00, 2.0
0.0, 10.0, 0.0, 88.0, 1994-04-21 00:00:00, 0.3
0.0, 12.0, 0.0, 78.0, 1994-04-22 00:00:00, 0.5
0.0, 14.0, 0.0, 70.0, 1994-04-23 00:00:00, 0.0
0.0, 11.0, 0.0, 99.0, 1994-04-24 00:00:00, 2.0
10.0, 12.0, 230.0, 78.0, 1994-04-25 00:00:00, 2.0
0.0, 13.0, 0.0, 79.0, 1994-04-26 00:00:00, 0.0
0.0, 17.0, 0.0, 64.0, 1994-04-27 00:00:00, 0.0
5.0, 17.0, 320.0, 64.0, 1994-04-28 00:00:00, 0.0
5.0, 13.0, 320.0, 95.0, 1994-04-29 00:00:00, 0.2
10.0, 15.0, 320.0, 80.0, 1994-04-30 00:00:00, 2.4
10.0, 14.0, 320.0, 61.0, 1994-05-01 00:00:00, 0.0
0.0, 11.0, 0.0, 78.0, 1994-05-02 00:00:00, 0.0
0.0, 13.0, 0.0, 69.0, 1994-05-03 00:00:00, 0.0
0.0, 18.0, 0.0, 57.0, 1994-05-04 00:00:00, 0.0
0.0, 18.0, 0.0, 65.0, 1994-05-05 00:00:00, 0.0
0.0, 20.0, 0.0, 59.0, 1994-05-06 00:00:00, 0.0
10.0, 21.0, 230.0, 60.0, 1994-05-07 00:00:00, 0.0
0.0, 20.0, 0.0, 52.0, 1994-05-08 00:00:00, 0.0
15.0, 16.0, 320.0, 81.0, 1994-05-09 00:00:00, 0.0
0.0, 12.0, 0.0, 99.0, 1994-05-10 00:00:00, 0.0
0.0, 13.0, 0.0, 99.0, 1994-05-11 00:00:00, 6.0
0.0, 12.0, 0.0, 78.0, 1994-05-12 00:00:00, 7.0
0.0, 9.0, 0.0, 99.0, 1994-05-13 00:00:00, 2.0
10.0, 13.0, 320.0, 89.0, 1994-05-14 00:00:00, 1.0
0.0, 12.0, 0.0, 99.0, 1994-05-15 00:00:00, 0.5
10.0, 12.0, 230.0, 99.0, 1994-05-16 00:00:00, 0.0
15.0, 16.0, 230.0, 81.0, 1994-05-17 00:00:00, 0.0
20.0, 21.0, 230.0, 46.0, 1994-05-18 00:00:00, 0.0
0.0, 24.0, 0.0, 32.0, 1994-05-19 00:00:00, 0.0
15.0, 22.0, 320.0, 54.0, 1994-05-20 00:00:00, 0.0
0.0, 12.0, 0.0, 99.0, 1994-05-21 00:00:00, 6.0
0.0, 14.0, 0.0, 90.0, 1994-05-22 00:00:00, 0.0
0.0, 14.0, 0.0, 90.0, 1994-05-23 00:00:00, 0.0
0.0, 15.0, 0.0, 90.0, 1994-05-24 00:00:00, 0.5
20.0, 15.0, 230.0, 90.0, 1994-05-25 00:00:00, 12.5
16.0, 12.0, 320.0, 89.0, 1994-05-26 00:00:00, 1.0
20.0, 12.0, 320.0, 78.0, 1994-05-27 00:00:00, 0.0
0.0, 9.0, 0.0, 99.0, 1994-05-28 00:00:00, 1.0
0.0, 9.0, 0.0, 99.0, 1994-05-29 00:00:00, 5.0
0.0, 12.0, 0.0, 89.0, 1994-06-01 00:00:00, 3.0
7.0, 16.0, 320.0, 90.0, 1994-06-02 00:00:00, 0.0
5.0, 16.0, 320.0, 90.0, 1994-06-03 00:00:00, 0.0
0.0, 14.0, 0.0, 90.0, 1994-06-04 00:00:00, 3.0
5.0, 16.0, 320.0, 72.0, 1994-06-05 00:00:00, 0.5
0.0, 14.0, 0.0, 90.0, 1994-06-06 00:00:00, 0.0
0.0, 14.0, 0.0, 80.0, 1994-06-07 00:00:00, 2.5
7.0, 15.0, 230.0, 90.0, 1994-06-08 00:00:00, 1.0
0.0, 16.0, 0.0, 90.0, 1994-06-09 00:00:00, 2.0
0.0, 17.0, 0.0, 72.0, 1994-06-10 00:00:00, 0.0
0.0, 14.0, 0.0, 99.0, 1994-06-11 00:00:00, 8.0
0.0, 11.0, 0.0, 99.0, 1994-06-12 00:00:00, 2.0
12.0, 15.0, 320.0, 90.0, 1994-06-13 00:00:00, 8.0
0.0, 18.0, 0.0, 66.0, 1994-06-14 00:00:00, 0.1
0.0, 16.0, 0.0, 90.0, 1994-06-15 00:00:00, 0.0
0.0, 15.0, 0.0, 90.0, 1994-06-16 00:00:00, 3.0
0.0, 13.0, 0.0, 99.0, 1994-06-17 00:00:00, 2.0
0.0, 15.0, 0.0, 90.0, 1994-06-18 00:00:00, 1.0
12.0, 17.0, 230.0, 81.0, 1994-06-19 00:00:00, 0.0
0.0, 23.0, 0.0, 62.0, 1994-06-20 00:00:00, 0.0
0.0, 21.0, 0.0, 68.0, 1994-06-21 00:00:00, 0.0
0.0, 23.0, 0.0, 63.0, 1994-06-22 00:00:00, 0.0
12.0, 22.0, 320.0, 68.0, 1994-06-23 00:00:00, 0.0
12.0, 19.0, 320.0, 66.0, 1994-06-24 00:00:00, 0.0
0.0, 17.0, 0.0, 81.0, 1994-06-25 00:00:00, 0.0
0.0, 21.0, 0.0, 60.0, 1994-06-26 00:00:00, 0.0
15.0, 18.0, 320.0, 74.0, 1994-06-27 00:00:00, 0.0
0.0, 12.0, 0.0, 99.0, 1994-06-28 00:00:00, 0.0
15.0, 14.0, 230.0, 80.0, 1994-06-29 00:00:00, 3.0
0.0, 13.0, 0.0, 99.0, 1994-06-30 00:00:00, 15.0
0.0, 12.0, 0.0, 89.0, 1994-07-01 00:00:00, 30.0
0.0, 12.0, 0.0, 99.0, 1994-07-02 00:00:00, 1.0
0.0, 14.0, 0.0, 90.0, 1994-07-03 00:00:00, 0.0
0.0, 15.0, 0.0, 90.0, 1994-07-04 00:00:00, 0.0
5.0, 21.0, 320.0, 67.0, 1994-07-05 00:00:00, 0.0
0.0, 17.0, 0.0, 82.0, 1994-07-06 00:00:00, 0.0
12.0, 18.0, 230.0, 91.0, 1994-07-07 00:00:00, 0.0
10.0, 16.0, 230.0, 72.0, 1994-07-08 00:00:00, 0.0
0.0, 21.5, 0.0, 58.0, 1994-07-09 00:00:00, 0.0
10.0, 22.0, 320.0, 55.0, 1994-07-10 00:00:00, 0.0
0.0, 22.0, 0.0, 55.0, 1994-07-11 00:00:00, 0.0
0.0, 24.0, 0.0, 57.0, 1994-07-12 00:00:00, 0.0
0.0, 23.0, 0.0, 63.0, 1994-07-13 00:00:00, 0.0
15.0, 24.0, 230.0, 57.0, 1994-07-14 00:00:00, 0.0
10.0, 24.0, 230.0, 57.0, 1994-07-15 00:00:00, 0.0
15.0, 21.0, 320.0, 75.0, 1994-07-16 00:00:00, 0.0
15.0, 14.5, 320.0, 99.0, 1994-07-17 00:00:00, 9.0
0.0, 16.0, 0.0, 90.0, 1994-07-18 00:00:00, 9.0
10.0, 24.0, 320.0, 70.0, 1994-07-19 00:00:00, 0.0
0.0, 26.0, 0.0, 55.0, 1994-07-20 00:00:00, 0.0
15.0, 29.0, 0.0, 55.0, 1994-07-21 00:00:00, 0.0
0.0, 29.0, 0.0, 49.0, 1994-07-22 00:00:00, 0.0
5.0, 30.0, 320.0, 47.0, 1994-07-23 00:00:00, 0.0
0.0, 31.0, 0.0, 41.0, 1994-07-24 00:00:00, 0.0
0.0, 19.0, 0.0, 82.0, 1994-07-25 00:00:00, 1.0
0.0, 20.0, 0.0, 75.0, 1994-07-26 00:00:00, 0.0
5.0, 26.0, 0.0, 58.0, 1994-07-27 00:00:00, 0.0
10.0, 26.0, 230.0, 65.0, 1994-07-28 00:00:00, 0.0
0.0, 15.0, 0.0, 90.0, 1994-07-29 00:00:00, 2.0
0.0, 16.0, 0.0, 90.0, 1994-07-30 00:00:00, 0.5
0.0, 14.0, 0.0, 99.0, 1994-07-31 00:00:00, 1.0
10.0, 22.0, 320.0, 76.0, 1994-08-01 00:00:00, 2.0
10.0, 24.0, 0.0, 77.0, 1994-08-02 00:00:00, 0.0
0.0, 21.0, 0.0, 91.0, 1994-08-03 00:00:00, 0.0
10.0, 19.0, 230.0, 91.0, 1994-08-04 00:00:00, 3.0
0.0, 15.0, 0.0, 99.0, 1994-08-05 00:00:00, 12.5
0.0, 18.0, 0.0, 91.0, 1994-08-06 00:00:00, 3.0
0.0, 22.0, 0.0, 68.0, 1994-08-07 00:00:00, 0.0
0.0, 24.0, 0.0, 63.0, 1994-08-08 00:00:00, 0.0
0.0, 18.0, 0.0, 66.0, 1994-08-09 00:00:00, 0.0
0.0, 24.0, 0.0, 77.0, 1994-08-10 00:00:00, 3.5
0.0, 24.0, 0.0, 56.0, 1994-08-11 00:00:00, 0.0
0.0, 28.0, 0.0, 69.0, 1994-08-12 00:00:00, 0.0
0.0, 20.0, 0.0, 75.0, 1994-08-13 00:00:00, 0.0
15.0, 20.0, 320.0, 75.0, 1994-08-14 00:00:00, 0.0
0.0, 19.0, 0.0, 70.0, 1994-08-15 00:00:00, 0.0
5.0, 24.0, 320.0, 84.0, 1994-08-16 00:00:00, 0.0
5.0, 23.0, 320.0, 76.0, 1994-08-17 00:00:00, 2.0
0.0, 24.0, 0.0, 56.0, 1994-08-18 00:00:00, 0.0
0.0, 19.0, 0.0, 91.0, 1994-08-19 00:00:00, 6.0
0.0, 18.0, 0.0, 82.0, 1994-08-20 00:00:00, 1.5
0.0, 18.0, 0.0, 91.0, 1994-08-21 00:00:00, 4.5
0.0, 18.0, 0.0, 73.0, 1994-08-22 00:00:00, 10.0
10.0, 18.0, 320.0, 73.0, 1994-08-23 00:00:00, 3.0
5.0, 19.0, 320.0, 66.0, 1994-08-24 00:00:00, 0.0
0.0, 22.0, 0.0, 54.0, 1994-08-25 00:00:00, 0.0
0.0, 24.0, 0.0, 43.0, 1994-08-26 00:00:00, 0.0
5.0, 24.0, 320.0, 43.0, 1994-08-27 00:00:00, 0.0
0.0, 20.0, 0.0, 59.0, 1994-08-28 00:00:00, 0.0
0.0, 20.0, 0.0, 75.0, 1994-08-29 00:00:00, 1.0
0.0, 23.0, 0.0, 62.0, 1994-08-30 00:00:00, 0.0
5.0, 17.0, 320.0, 90.0, 1994-08-31 00:00:00, 0.0
0.0, 22.0, 0.0, 45.0, 1995-05-15 00:00:00, 0.0
0.0, 14.0, 0.0, 85.0, 1995-05-16 00:00:00, 0.0
4.0, 13.0, 0.0, 70.0, 1995-05-17 00:00:00, 0.0
8.0, 15.0, 0.0, 54.0, 1995-05-18 00:00:00, 0.0
1.0, 18.0, 0.0, 36.0, 1995-05-19 00:00:00, 0.0
9.0, 21.0, 0.0, 31.0, 1995-05-20 00:00:00, 0.0
4.0, 23.0, 0.0, 26.0, 1995-05-21 00:00:00, 0.0
4.0, 21.0, 0.0, 28.0, 1995-05-22 00:00:00, 0.0
0.0, 19.5, 0.0, 45.0, 1995-05-23 00:00:00, 0.0
4.0, 22.0, 230.0, 33.0, 1995-05-24 00:00:00, 0.0
3.0, 23.5, 230.0, 35.0, 1995-05-25 00:00:00, 0.0
2.0, 24.0, 230.0, 51.0, 1995-05-26 00:00:00, 0.0
1.0, 22.0, 180.0, 52.0, 1995-05-27 00:00:00, 0.0
1.0, 22.0, 180.0, 48.0, 1995-05-28 00:00:00, 0.0
0.0, 19.0, 0.0, 51.0, 1995-05-29 00:00:00, 0.0
5.0, 22.0, 180.0, 30.0, 1995-05-30 00:00:00, 1.0
0.0, 11.5, 0.0, 73.0, 1995-05-31 00:00:00, 0.6
0.0, 21.6, 0.0, 41.0, 1995-06-01 00:00:00, 1.2
1.0, 23.0, 180.0, 37.0, 1995-06-02 00:00:00, 6.0
3.0, 23.0, 180.0, 49.0, 1995-06-03 00:00:00, 0.0
0.0, 13.0, 0.0, 95.0, 1995-06-04 00:00:00, 1.6
0.0, 12.0, 0.0, 69.0, 1995-06-05 00:00:00, 2.6
4.0, 18.0, 230.0, 50.0, 1995-06-06 00:00:00, 0.2
3.0, 24.0, 230.0, 45.0, 1995-06-07 00:00:00, 0.0
4.0, 25.0, 230.0, 40.0, 1995-06-08 00:00:00, 0.0
4.0, 27.0, 230.0, 32.0, 1995-06-09 00:00:00, 0.0
1.0, 15.0, 180.0, 70.0, 1995-06-10 00:00:00, 1.4
6.0, 16.0, 230.0, 61.0, 1995-06-11 00:00:00, 2.2
5.0, 15.0, 270.0, 69.0, 1995-06-12 00:00:00, 0.0
1.0, 15.0, 230.0, 54.0, 1995-06-13 00:00:00, 1.6
5.0, 18.5, 180.0, 51.0, 1995-06-14 00:00:00, 0.4
7.0, 22.0, 230.0, 42.0, 1995-06-15 00:00:00, 0.0
4.0, 22.0, 230.0, 48.0, 1995-06-16 00:00:00, 0.0
2.0, 14.0, 230.0, 80.0, 1995-06-17 00:00:00, 6.2
3.0, 15.5, 230.0, 67.0, 1995-06-18 00:00:00, 3.1
4.0, 14.0, 230.0, 90.0, 1995-06-19 00:00:00, 2.0
0.0, 14.0, 0.0, 90.0, 1995-06-20 00:00:00, 0.0
6.0, 22.0, 230.0, 58.0, 1995-06-21 00:00:00, 0.0
4.0, 17.5, 230.0, 69.0, 1995-06-22 00:00:00, 0.6
4.0, 16.0, 180.0, 73.0, 1995-06-23 00:00:00, 2.6
3.0, 15.0, 230.0, 71.0, 1995-06-24 00:00:00, 16.0
4.0, 18.5, 180.0, 62.0, 1995-06-25 00:00:00, 0.0
9.0, 22.0, 230.0, 55.0, 1995-06-26 00:00:00, 0.0
5.0, 27.0, 230.0, 27.0, 1995-06-27 00:00:00, 0.0
5.0, 33.0, 230.0, 27.0, 1995-06-28 00:00:00, 0.0
5.0, 33.0, 230.0, 27.0, 1995-06-29 00:00:00, 0.0
0.0, 30.0, 0.0, 30.0, 1995-06-30 00:00:00, 0.0
0.0, 20.0, 0.0, 50.0, 1995-07-01 00:00:00, 0.0
0.0, 20.0, 0.0, 50.0, 1995-07-02 00:00:00, 0.0
0.0, 18.0, 0.0, 82.0, 1995-07-03 00:00:00, 1.2
0.0, 16.0, 0.0, 81.0, 1995-07-04 00:00:00, 5.6
0.0, 19.0, 0.0, 65.0, 1995-07-05 00:00:00, 8.0
2.0, 25.0, 180.0, 40.0, 1995-07-06 00:00:00, 0.2
3.0, 25.0, 180.0, 52.0, 1995-07-07 00:00:00, 0.6
1.0, 17.0, 180.0, 86.0, 1995-07-08 00:00:00, 2.0
4.0, 27.0, 180.0, 37.0, 1995-07-09 00:00:00, 0.8
0.0, 14.0, 0.0, 90.0, 1995-07-10 00:00:00, 14.4
0.0, 15.0, 0.0, 81.0, 1995-07-11 00:00:00, 3.2
4.0, 21.5, 180.0, 54.0, 1995-07-12 00:00:00, 0.0
2.0, 14.5, 230.0, 90.0, 1995-07-13 00:00:00, 8.0
4.0, 18.5, 230.0, 82.0, 1995-07-14 00:00:00, 3.1
2.0, 21.0, 180.0, 64.0, 1995-07-15 00:00:00, 0.0
3.0, 25.0, 230.0, 52.0, 1995-07-16 00:00:00, 0.0
8.0, 28.0, 230.0, 44.0, 1995-07-17 00:00:00, 0.0
12.0, 30.0, 230.0, 31.0, 1995-07-18 00:00:00, 0.0
7.0, 30.5, 230.0, 39.0, 1995-07-19 00:00:00, 0.0
2.0, 24.0, 230.0, 63.0, 1995-07-20 00:00:00, 0.0
2.0, 24.0, 230.0, 63.0, 1995-07-21 00:00:00, 0.0
7.0, 25.0, 230.0, 58.0, 1995-07-22 00:00:00, 0.0
7.0, 22.0, 230.0, 55.0, 1995-07-23 00:00:00, 0.0
3.0, 13.0, 230.0, 95.0, 1995-07-24 00:00:00, 3.0
4.0, 15.0, 230.0, 99.0, 1995-07-25 00:00:00, 21.5
14.0, 16.0, 230.0, 68.0, 1995-07-26 00:00:00, 15.0
4.0, 15.5, 180.0, 76.0, 1995-07-27 00:00:00, 2.0
3.0, 19.0, 230.0, 74.0, 1995-08-01 00:00:00, 2.5
0.0, 17.0, 0.0, 82.0, 1995-08-02 00:00:00, 0.0
4.0, 20.0, 230.0, 67.0, 1995-08-03 00:00:00, 1.0
0.0, 14.0, 0.0, 99.0, 1995-08-04 00:00:00, 2.0
7.0, 18.0, 180.0, 74.0, 1995-08-05 00:00:00, 1.1
4.0, 14.0, 180.0, 99.0, 1995-08-06 00:00:00, 0.0
3.0, 21.0, 180.0, 68.0, 1995-08-07 00:00:00, 1.0
0.0, 22.0, 180.0, 62.0, 1995-08-08 00:00:00, 0.0
0.0, 16.0, 0.0, 90.0, 1995-08-09 00:00:00, 1.3
5.0, 22.0, 180.0, 55.0, 1995-08-10 00:00:00, 0.1
0.0, 13.5, 0.0, 95.0, 1995-08-11 00:00:00, 9.5
1.0, 19.0, 180.0, 59.0, 1995-08-12 00:00:00, 4.0
2.0, 16.0, 230.0, 77.0, 1995-08-13 00:00:00, 0.1
5.0, 12.5, 320.0, 99.0, 1995-08-14 00:00:00, 19.0
0.0, 13.0, 0.0, 79.0, 1995-08-15 00:00:00, 0.4
0.0, 20.0, 0.0, 60.0, 1995-08-16 00:00:00, 2.6
0.0, 16.0, 0.0, 72.0, 1995-08-17 00:00:00, 0.0
0.0, 12.5, 0.0, 88.0, 1995-08-18 00:00:00, 0.8
