station_observations
wind_speed, temperature, wind_direction, relative_humidity, time, precipitation
0.0, 0.0, 0.0, 0.0, 1992-04-14 00:00:00, 0.0
2.0, 12.6, 140.0, 63.0, 1992-04-15 00:00:00, 0.0
5.0, 13.9, 50.0, 64.0, 1992-04-16 00:00:00, 0.0
3.0, 9.9, 140.0, 78.0, 1992-04-17 00:00:00, 7.0
2.0, 12.2, 90.0, 59.0, 1992-04-18 00:00:00, 3.0
12.0, 12.6, 140.0, 51.0, 1992-04-19 00:00:00, 0.0
6.0, 8.5, 90.0, 50.0, 1992-04-20 00:00:00, 0.0
12.0, 7.6, 320.0, 67.0, 1992-04-21 00:00:00, 0.0
0.0, 5.9, 230.0, 73.0, 1992-04-22 00:00:00, 0.0
3.0, 11.5, 180.0, 29.0, 1992-04-23 00:00:00, 0.0
32.0, 17.4, 90.0, 28.0, 1992-04-24 00:00:00, 0.0
22.0, 14.0, 230.0, 66.0, 1992-04-25 00:00:00, 0.0
13.0, 13.1, 230.0, 81.0, 1992-04-26 00:00:00, 1.2
11.0, 12.5, 140.0, 74.0, 1992-04-27 00:00:00, 0.0
13.0, 11.7, 140.0, 62.0, 1992-04-28 00:00:00, 0.0
1.0, 8.5, 90.0, 88.0, 1992-04-29 00:00:00, 0.0
8.0, 6.2, 320.0, 85.0, 1992-04-30 00:00:00, 0.0
25.0, 8.6, 320.0, 72.0, 1992-05-01 00:00:00, 0.0
20.0, 8.2, 320.0, 85.0, 1992-05-02 00:00:00, 0.0
6.0, 15.9, 140.0, 63.0, 1992-05-03 00:00:00, 0.0
15.0, 16.3, 140.0, 47.0, 1992-05-04 00:00:00, 0.0
8.0, 15.9, 140.0, 70.0, 1992-05-05 00:00:00, 0.2
9.0, 16.3, 140.0, 46.0, 1992-05-06 00:00:00, 0.0
10.0, 13.5, 140.0, 61.0, 1992-05-07 00:00:00, 0.0
13.0, 11.6, 140.0, 51.0, 1992-05-08 00:00:00, 0.0
9.0, 5.5, 140.0, 94.0, 1992-05-09 00:00:00, 0.0
6.0, 6.0, 320.0, 69.0, 1992-05-10 00:00:00, 3.5
4.0, 9.2, 320.0, 50.0, 1992-05-11 00:00:00, 0.0
7.0, 14.7, 230.0, 28.0, 1992-05-12 00:00:00, 1.5
5.0, 17.0, 180.0, 12.0, 1992-05-13 00:00:00, 0.0
10.0, 16.9, 140.0, 36.0, 1992-05-14 00:00:00, 0.0
7.0, 18.6, 140.0, 25.0, 1992-05-15 00:00:00, 0.0
10.0, 21.0, 140.0, 22.0, 1992-05-16 00:00:00, 0.0
13.0, 19.0, 140.0, 40.0, 1992-05-17 00:00:00, 0.0
13.0, 15.1, 140.0, 28.0, 1992-05-18 00:00:00, 0.0
1.0, 11.8, 180.0, 26.0, 1992-05-19 00:00:00, 0.0
4.0, 12.4, 140.0, 26.0, 1992-05-20 00:00:00, 0.0
10.0, 12.6, 140.0, 38.0, 1992-05-21 00:00:00, 0.0
8.0, 14.5, 140.0, 40.0, 1992-05-22 00:00:00, 0.0
4.0, 20.7, 140.0, 32.0, 1992-05-23 00:00:00, 0.0
6.0, 18.6, 140.0, 56.0, 1992-05-24 00:00:00, 0.0
13.0, 16.0, 140.0, 76.0, 1992-05-25 00:00:00, 0.0
6.0, 14.6, 140.0, 80.0, 1992-05-26 00:00:00, 0.5
17.0, 12.2, 320.0, 86.0, 1992-05-27 00:00:00, 0.5
2.0, 12.9, 140.0, 88.0, 1992-05-28 00:00:00, 0.7
8.0, 17.3, 140.0, 62.0, 1992-05-29 00:00:00, 1.0
2.0, 17.4, 140.0, 49.0, 1992-05-30 00:00:00, 0.0
6.0, 14.3, 140.0, 91.0, 1992-05-31 00:00:00, 0.0
0.0, 12.4, 0.0, 80.0, 1992-06-01 00:00:00, 2.0
0.0, 14.9, 0.0, 53.0, 1992-06-02 00:00:00, 0.2
0.0, 15.7, 0.0, 49.0, 1992-06-03 00:00:00, 0.0
0.0, 20.4, 0.0, 39.0, 1992-06-04 00:00:00, 0.0
0.0, 21.6, 0.0, 44.0, 1992-06-05 00:00:00, 0.0
8.0, 20.2, 140.0, 54.0, 1992-06-06 00:00:00, 0.0
4.0, 14.7, 140.0, 82.0, 1992-06-07 00:00:00, 0.0
3.0, 15.6, 140.0, 67.0, 1992-06-08 00:00:00, 0.0
8.0, 10.8, 140.0, 91.0, 1992-06-09 00:00:00, 0.0
12.0, 14.2, 140.0, 78.0, 1992-06-10 00:00:00, 0.0
4.0, 18.5, 140.0, 52.0, 1992-06-11 00:00:00, 0.0
0.0, 11.1, 0.0, 92.0, 1992-06-12 00:00:00, 16.7
0.0, 12.3, 0.0, 91.0, 1992-06-13 00:00:00, 16.5
0.0, 12.2, 0.0, 92.0, 1992-06-14 00:00:00, 0.5
0.0, 14.3, 0.0, 87.0, 1992-06-15 00:00:00, 0.2
0.0, 16.4, 0.0, 69.0, 1992-06-16 00:00:00, 2.2
9.0, 19.6, 140.0, 49.0, 1992-06-17 00:00:00, 0.0
12.0, 23.4, 140.0, 42.0, 1992-06-18 00:00:00, 0.0
3.0, 15.3, 140.0, 89.0, 1992-06-19 00:00:00, 0.0
11.0, 21.2, 140.0, 64.0, 1992-06-20 00:00:00, 0.0
7.0, 21.5, 180.0, 72.0, 1992-06-21 00:00:00, 0.7
10.0, 27.6, 140.0, 38.0, 1992-06-22 00:00:00, 0.0
14.0, 26.8, 140.0, 38.0, 1992-06-23 00:00:00, 0.0
10.0, 27.8, 140.0, 35.0, 1992-06-24 00:00:00, 0.0
10.0, 31.0, 140.0, 27.0, 1992-06-25 00:00:00, 0.0
9.0, 29.3, 140.0, 35.0, 1992-06-26 00:00:00, 0.0
10.0, 26.4, 140.0, 53.0, 1992-06-27 00:00:00, 0.0
13.0, 25.6, 140.0, 57.0, 1992-06-28 00:00:00, 0.0
1.0, 17.1, 180.0, 90.0, 1992-06-29 00:00:00, 0.5
1.0, 17.1, 140.0, 87.0, 1992-06-30 00:00:00, 27.4
1.0, 22.1, 140.0, 62.0, 1992-07-01 00:00:00, 0.0
0.0, 21.0, 0.0, 78.0, 1992-07-02 00:00:00, 3.3
2.0, 14.1, 140.0, 90.0, 1992-07-03 00:00:00, 5.8
8.0, 21.1, 90.0, 73.0, 1992-07-04 00:00:00, 1.7
0.0, 17.8, 0.0, 80.0, 1992-07-05 00:00:00, 0.0
7.0, 17.7, 90.0, 80.0, 1992-07-06 00:00:00, 0.0
8.0, 17.7, 90.0, 86.0, 1992-07-07 00:00:00, 0.0
10.0, 22.2, 140.0, 58.0, 1992-07-08 00:00:00, 0.0
11.0, 23.2, 140.0, 55.0, 1992-07-09 00:00:00, 0.0
3.0, 19.2, 140.0, 74.0, 1992-07-10 00:00:00, 6.3
10.0, 24.4, 140.0, 64.0, 1992-07-11 00:00:00, 1.0
3.0, 19.0, 140.0, 76.0, 1992-07-12 00:00:00, 0.2
1.0, 12.1, 230.0, 89.0, 1992-07-13 00:00:00, 0.0
3.0, 16.8, 230.0, 65.0, 1992-07-14 00:00:00, 0.2
9.0, 22.5, 230.0, 47.0, 1992-07-15 00:00:00, 0.0
10.0, 25.7, 230.0, 44.0, 1992-07-16 00:00:00, 0.0
10.0, 26.1, 230.0, 45.0, 1992-07-17 00:00:00, 0.0
10.0, 29.1, 230.0, 27.0, 1992-07-18 00:00:00, 0.0
8.0, 29.5, 140.0, 24.0, 1992-07-19 00:00:00, 0.0
6.0, 29.0, 140.0, 32.0, 1992-07-20 00:00:00, 0.0
14.0, 25.7, 140.0, 43.0, 1992-07-21 00:00:00, 0.0
1.0, 24.9, 140.0, 35.0, 1992-07-22 00:00:00, 0.0
3.0, 24.1, 140.0, 47.0, 1992-07-23 00:00:00, 0.0
8.0, 21.1, 140.0, 56.0, 1992-07-24 00:00:00, 0.0
6.0, 14.6, 90.0, 91.0, 1992-07-25 00:00:00, 0.7
4.0, 18.7, 140.0, 59.0, 1992-07-26 00:00:00, 0.0
8.0, 17.5, 90.0, 77.0, 1992-07-27 00:00:00, 0.0
4.0, 19.9, 140.0, 76.0, 1992-07-28 00:00:00, 0.0
12.0, 24.2, 140.0, 53.0, 1992-07-29 00:00:00, 0.0
9.0, 26.7, 140.0, 43.0, 1992-07-30 00:00:00, 0.0
6.0, 29.4, 140.0, 31.0, 1992-07-31 00:00:00, 0.0
12.0, 30.1, 140.0, 33.0, 1992-08-01 00:00:00, 0.0
8.0, 24.9, 140.0, 52.0, 1992-08-02 00:00:00, 0.0
9.0, 27.7, 140.0, 35.0, 1992-08-03 00:00:00, 0.0
7.0, 26.3, 140.0, 41.0, 1992-08-04 00:00:00, 0.0
3.0, 24.4, 140.0, 55.0, 1992-08-05 00:00:00, 0.0
2.0, 13.5, 140.0, 91.0, 1992-08-06 00:00:00, 4.8
2.0, 12.9, 140.0, 89.0, 1992-08-07 00:00:00, 0.5
1.0, 15.7, 140.0, 72.0, 1992-08-08 00:00:00, 0.2
1.0, 16.8, 140.0, 67.0, 1992-08-09 00:00:00, 0.0
13.0, 23.1, 140.0, 49.0, 1992-08-10 00:00:00, 0.0
5.0, 27.5, 140.0, 42.0, 1992-08-11 00:00:00, 0.0
11.0, 29.1, 140.0, 38.0, 1992-08-12 00:00:00, 0.0
11.0, 26.3, 140.0, 48.0, 1992-08-13 00:00:00, 0.0
9.0, 24.5, 140.0, 47.0, 1992-08-14 00:00:00, 0.0
10.0, 25.4, 140.0, 43.0, 1992-08-15 00:00:00, 0.2
9.0, 25.9, 140.0, 22.0, 1992-08-16 00:00:00, 0.0
5.0, 27.8, 140.0, 34.0, 1992-08-17 00:00:00, 0.0
5.0, 22.1, 90.0, 61.0, 1992-08-18 00:00:00, 0.0
3.0, 24.4, 140.0, 25.0, 1992-08-19 00:00:00, 0.0
10.0, 26.7, 140.0, 17.0, 1992-08-20 00:00:00, 0.0
8.0, 23.6, 180.0, 27.0, 1992-08-21 00:00:00, 0.0
11.0, 22.0, 140.0, 11.0, 1992-08-22 00:00:00, 0.0
6.0, 23.4, 140.0, 17.0, 1992-08-23 00:00:00, 0.0
6.0, 23.4, 140.0, 29.0, 1992-08-24 00:00:00, 0.0
5.0, 19.5, 140.0, 63.0, 1992-08-25 00:00:00, 0.0
4.0, 15.6, 140.0, 91.0, 1992-08-26 00:00:00, 2.0
9.0, 18.2, 140.0, 60.0, 1992-08-27 00:00:00, 0.0
16.0, 19.4, 140.0, 36.0, 1992-08-28 00:00:00, 0.0
10.0, 11.4, 140.0, 87.0, 1992-08-29 00:00:00, 0.0
10.0, 14.9, 90.0, 90.0, 1992-08-30 00:00:00, 3.8
10.0, 22.2, 140.0, 61.0, 1992-08-31 00:00:00, 0.0
8.0, 20.0, 140.0, 59.0, 1992-09-01 00:00:00, 0.0
6.0, 11.7, 140.0, 92.0, 1992-09-02 00:00:00, 1.0
0.0, 11.1, 140.0, 91.0, 1992-09-03 00:00:00, 7.6
0.0, 10.8, 50.0, 82.0, 1992-09-04 00:00:00, 1.5
0.0, 10.0, 270.0, 87.0, 1992-09-05 00:00:00, 2.5
9.0, 12.8, 140.0, 70.0, 1992-09-06 00:00:00, 0.0
30.0, 10.4, 320.0, 91.0, 1992-09-07 00:00:00, 0.0
9.0, 14.5, 140.0, 75.0, 1992-09-08 00:00:00, 0.2
14.0, 13.2, 320.0, 91.0, 1992-09-09 00:00:00, 0.0
7.0, 14.3, 140.0, 85.0, 1992-09-10 00:00:00, 0.0
1.0, 11.1, 140.0, 82.0, 1992-09-11 00:00:00, 0.0
9.0, 9.7, 140.0, 64.0, 1992-09-12 00:00:00, 0.0
0.0, 6.7, 0.0, 88.0, 1992-09-13 00:00:00, 0.0
0.0, 11.5, 140.0, 46.0, 1992-09-14 00:00:00, 0.0
0.0, 12.8, 140.0, 37.0, 1992-09-15 00:00:00, 0.0
0.0, 11.1, 140.0, 84.0, 1992-09-16 00:00:00, 0.0
0.0, 12.5, 180.0, 59.0, 1992-09-17 00:00:00, 0.0
0.0, 10.8, 140.0, 88.0, 1992-09-18 00:00:00, 0.0
0.0, 12.8, 140.0, 87.0, 1992-09-19 00:00:00, 0.0
0.0, 16.6, 230.0, 72.0, 1992-09-20 00:00:00, 0.5
0.0, 17.0, 140.0, 80.0, 1992-09-21 00:00:00, 0.0
0.0, 15.4, 140.0, 86.0, 1992-09-22 00:00:00, 0.0
0.0, 12.8, 320.0, 91.0, 1992-09-23 00:00:00, 31.7
0.0, 12.6, 140.0, 90.0, 1992-09-24 00:00:00, 4.0
0.0, 11.5, 140.0, 86.0, 1992-09-25 00:00:00, 6.0
0.0, 5.2, 320.0, 92.0, 1992-09-26 00:00:00, 35.5
0.0, 8.3, 90.0, 85.0, 1992-09-27 00:00:00, 0.0
0.0, 10.4, 320.0, 92.0, 1992-09-28 00:00:00, 0.0
0.0, 22.7, 50.0, 42.0, 1992-09-29 00:00:00, 0.2
0.0, 14.5, 140.0, 84.0, 1992-09-30 00:00:00, 0.0
0.0, 18.0, 140.0, 82.0, 1992-10-01 00:00:00, 0.0
1.0, 13.4, 320.0, 88.0, 1992-10-02 00:00:00, 0.0
0.0, 8.9, 90.0, 91.0, 1992-10-03 00:00:00, 1.5
3.0, 8.4, 180.0, 90.0, 1992-10-04 00:00:00, 0.5
2.0, 10.6, 230.0, 66.0, 1992-10-05 00:00:00, 0.2
4.0, 10.4, 180.0, 59.0, 1992-10-06 00:00:00, 0.0
5.0, 11.1, 180.0, 61.0, 1992-10-07 00:00:00, 0.0
