station_observations
wind_speed, temperature, wind_direction, relative_humidity, time, precipitation
0.0, 0.0, 0.0, 0.0, 1993-05-16 00:00:00, 0.0
4.0, 18.8, 0.0, 56.0, 1993-05-17 00:00:00, 0.0
4.0, 24.0, 0.0, 40.0, 1993-05-18 00:00:00, 0.0
3.0, 17.8, 0.0, 70.0, 1993-05-19 00:00:00, 0.2
3.0, 15.2, 0.0, 87.0, 1993-05-20 00:00:00, 8.6
10.0, 15.8, 0.0, 56.0, 1993-05-21 00:00:00, 0.5
2.0, 11.1, 0.0, 91.0, 1993-05-22 00:00:00, 8.6
4.0, 18.0, 0.0, 64.0, 1993-05-23 00:00:00, 0.5
4.0, 23.8, 0.0, 45.0, 1993-05-24 00:00:00, 0.0
4.0, 24.4, 0.0, 39.0, 1993-05-25 00:00:00, 0.0
4.0, 25.8, 0.0, 34.0, 1993-05-26 00:00:00, 0.0
4.0, 25.5, 0.0, 40.0, 1993-05-27 00:00:00, 0.0
9.0, 23.2, 0.0, 40.0, 1993-05-28 00:00:00, 0.0
13.0, 9.8, 0.0, 93.0, 1993-05-29 00:00:00, 10.9
1.0, 11.0, 0.0, 97.0, 1993-05-30 00:00:00, 7.3
2.0, 16.2, 0.0, 79.0, 1993-05-31 00:00:00, 0.0
7.0, 18.5, 0.0, 70.0, 1993-06-01 00:00:00, 0.0
9.0, 18.0, 0.0, 80.0, 1993-06-02 00:00:00, 0.0
7.0, 16.1, 230.0, 80.0, 1993-06-03 00:00:00, 0.2
4.0, 16.3, 230.0, 74.0, 1993-06-04 00:00:00, 0.7
4.0, 21.2, 270.0, 63.0, 1993-06-05 00:00:00, 2.2
1.0, 12.4, 140.0, 98.0, 1993-06-06 00:00:00, 0.5
2.0, 14.3, 180.0, 78.0, 1993-06-07 00:00:00, 1.7
7.0, 17.3, 230.0, 49.0, 1993-06-08 00:00:00, 0.0
6.0, 11.1, 270.0, 89.0, 1993-06-09 00:00:00, 4.3
4.0, 12.7, 230.0, 82.0, 1993-06-10 00:00:00, 4.3
7.0, 16.0, 270.0, 63.0, 1993-06-11 00:00:00, 1.7
6.0, 18.4, 270.0, 59.0, 1993-06-12 00:00:00, 0.0
6.0, 19.6, 270.0, 57.0, 1993-06-13 00:00:00, 0.0
1.0, 13.5, 230.0, 87.0, 1993-06-14 00:00:00, 0.5
2.0, 14.9, 270.0, 96.0, 1993-06-15 00:00:00, 5.5
1.0, 15.6, 230.0, 87.0, 1993-06-16 00:00:00, 0.5
2.0, 13.8, 50.0, 96.0, 1993-06-17 00:00:00, 2.0
2.0, 15.2, 230.0, 81.0, 1993-06-18 00:00:00, 9.6
6.0, 14.2, 270.0, 71.0, 1993-06-19 00:00:00, 1.0
9.0, 16.0, 270.0, 61.0, 1993-06-20 00:00:00, 0.0
1.0, 10.6, 230.0, 96.0, 1993-06-21 00:00:00, 2.2
4.0, 10.7, 270.0, 87.0, 1993-06-22 00:00:00, 10.4
4.0, 12.7, 270.0, 85.0, 1993-06-23 00:00:00, 7.1
1.0, 13.8, 270.0, 91.0, 1993-06-24 00:00:00, 0.5
1.0, 13.4, 230.0, 98.0, 1993-06-25 00:00:00, 8.6
4.0, 14.6, 270.0, 98.0, 1993-06-26 00:00:00, 19.3
1.0, 10.5, 140.0, 98.0, 1993-06-27 00:00:00, 18.0
1.0, 11.0, 230.0, 97.0, 1993-06-28 00:00:00, 3.0
3.0, 16.2, 270.0, 74.0, 1993-06-29 00:00:00, 1.7
3.0, 14.7, 180.0, 88.0, 1993-06-30 00:00:00, 0.5
2.0, 12.7, 230.0, 96.0, 1993-07-01 00:00:00, 3.3
4.0, 19.8, 270.0, 67.0, 1993-07-02 00:00:00, 1.0
1.0, 13.8, 230.0, 81.0, 1993-07-03 00:00:00, 0.0
3.0, 15.5, 270.0, 74.0, 1993-07-04 00:00:00, 0.0
3.0, 16.1, 230.0, 61.0, 1993-07-05 00:00:00, 0.0
5.0, 20.5, 270.0, 51.0, 1993-07-06 00:00:00, 0.0
3.0, 21.2, 270.0, 57.0, 1993-07-07 00:00:00, 0.0
0.0, 0.0, 0.0, 0.0, 1993-09-16 00:00:00, 0.0
3.0, 16.8, 270.0, 59.0, 1993-09-17 00:00:00, 0.0
3.0, 17.5, 230.0, 56.0, 1993-09-18 00:00:00, 0.0
3.0, 13.8, 180.0, 65.0, 1993-09-19 00:00:00, 0.0
2.0, 13.4, 270.0, 54.0, 1993-09-20 00:00:00, 0.0
4.0, 13.3, 230.0, 63.0, 1993-09-21 00:00:00, 0.0
2.0, 13.5, 270.0, 70.0, 1993-09-22 00:00:00, 0.0
3.0, 15.0, 230.0, 65.0, 1993-09-23 00:00:00, 0.0
3.0, 14.4, 320.0, 78.0, 1993-09-24 00:00:00, 3.0
2.0, 15.3, 140.0, 71.0, 1993-09-25 00:00:00, 0.0
2.0, 13.7, 50.0, 88.0, 1993-09-26 00:00:00, 0.0
4.0, 15.8, 230.0, 89.0, 1993-09-27 00:00:00, 0.0
2.0, 19.2, 270.0, 65.0, 1993-09-28 00:00:00, 0.0
0.0, 12.0, 0.0, 95.0, 1993-09-29 00:00:00, 0.0
1.0, 13.3, 320.0, 88.0, 1993-09-30 00:00:00, 0.2
2.0, 16.7, 270.0, 70.0, 1993-10-01 00:00:00, 0.0
0.0, 20.7, 320.0, 58.0, 1993-10-02 00:00:00, 0.0
1.0, 20.7, 320.0, 58.0, 1993-10-03 00:00:00, 0.0
0.0, 10.7, 0.0, 96.0, 1993-10-04 00:00:00, 0.0
1.0, 11.3, 270.0, 98.0, 1993-10-05 00:00:00, 5.8
1.0, 10.6, 230.0, 97.0, 1993-10-06 00:00:00, 21.8
2.0, 12.5, 230.0, 77.0, 1993-10-07 00:00:00, 0.0
2.0, 12.9, 270.0, 76.0, 1993-10-08 00:00:00, 0.0
1.0, 14.2, 320.0, 65.0, 1993-10-09 00:00:00, 0.0
1.0, 15.1, 320.0, 60.0, 1993-10-10 00:00:00, 0.0
1.0, 14.5, 320.0, 62.0, 1993-10-11 00:00:00, 0.0
1.0, 13.5, 270.0, 66.0, 1993-10-12 00:00:00, 0.0
0.0, 11.3, 0.0, 77.0, 1993-10-13 00:00:00, 0.0
1.0, 8.8, 320.0, 95.0, 1993-10-14 00:00:00, 0.0
0.0, 23.6, 0.0, 31.0, 1995-06-27 00:00:00, 0.0
5.0, 25.5, 90.0, 32.0, 1995-06-28 00:00:00, 0.0
0.0, 27.4, 0.0, 30.0, 1995-06-29 00:00:00, 0.0
7.0, 26.5, 50.0, 32.0, 1995-06-30 00:00:00, 0.0
0.0, 17.3, 0.0, 66.0, 1995-07-01 00:00:00, 0.0
0.0, 15.5, 0.0, 77.0, 1995-07-02 00:00:00, 0.0
0.0, 14.9, 0.0, 91.0, 1995-07-03 00:00:00, 1.0
0.0, 11.6, 0.0, 99.0, 1995-07-04 00:00:00, 9.9
0.0, 12.2, 0.0, 97.0, 1995-07-05 00:00:00, 9.1
0.0, 17.3, 0.0, 79.0, 1995-07-06 00:00:00, 4.3
6.0, 19.4, 90.0, 61.0, 1995-07-07 00:00:00, 0.0
0.0, 15.7, 0.0, 89.0, 1995-07-08 00:00:00, 4.8
0.0, 18.5, 0.0, 62.0, 1995-07-09 00:00:00, 0.0
0.0, 11.3, 0.0, 96.0, 1995-07-10 00:00:00, 29.2
0.0, 11.3, 0.0, 90.0, 1995-07-11 00:00:00, 2.2
0.0, 15.6, 0.0, 80.0, 1995-07-12 00:00:00, 0.5
0.0, 12.4, 0.0, 92.0, 1995-07-13 00:00:00, 6.8
0.0, 13.6, 0.0, 94.0, 1995-07-14 00:00:00, 6.0
0.0, 17.2, 0.0, 73.0, 1995-07-15 00:00:00, 0.0
0.0, 21.0, 0.0, 58.0, 1995-07-16 00:00:00, 0.0
5.0, 23.9, 90.0, 52.0, 1995-07-17 00:00:00, 0.0
0.0, 24.1, 0.0, 48.0, 1995-07-18 00:00:00, 0.0
0.0, 24.1, 0.0, 48.0, 1995-07-19 00:00:00, 0.0
0.0, 25.0, 320.0, 50.0, 1995-07-20 00:00:00, 0.0
3.0, 25.2, 320.0, 55.0, 1995-07-21 00:00:00, 0.0
7.0, 21.7, 90.0, 67.0, 1995-07-22 00:00:00, 0.0
0.0, 15.3, 90.0, 80.0, 1995-07-23 00:00:00, 0.0
0.0, 12.1, 320.0, 98.0, 1995-07-24 00:00:00, 3.8
0.0, 14.5, 180.0, 90.0, 1995-07-25 00:00:00, 11.4
0.0, 11.6, 90.0, 97.0, 1995-07-26 00:00:00, 13.7
6.0, 12.2, 90.0, 90.0, 1995-07-27 00:00:00, 3.0
0.0, 10.5, 0.0, 95.0, 1995-07-28 00:00:00, 0.5
0.0, 12.4, 0.0, 89.0, 1995-07-29 00:00:00, 11.5
0.0, 11.7, 0.0, 95.0, 1995-07-30 00:00:00, 0.2
0.0, 14.4, 0.0, 95.0, 1995-07-31 00:00:00, 4.8
0.0, 13.8, 0.0, 98.0, 1995-08-01 00:00:00, 2.5
0.0, 13.5, 0.0, 93.0, 1995-08-02 00:00:00, 0.2
0.0, 16.6, 0.0, 93.0, 1995-08-03 00:00:00, 7.0
0.0, 13.0, 0.0, 99.0, 1995-08-04 00:00:00, 7.1
0.0, 13.4, 0.0, 88.0, 1995-08-05 00:00:00, 5.3
0.0, 13.0, 0.0, 86.0, 1995-08-06 00:00:00, 5.5
3.0, 17.5, 50.0, 70.0, 1995-08-07 00:00:00, 1.7
5.0, 14.9, 90.0, 80.0, 1995-08-08 00:00:00, 0.0
0.0, 12.9, 0.0, 97.0, 1995-08-09 00:00:00, 2.5
6.0, 20.2, 50.0, 61.0, 1995-08-10 00:00:00, 0.2
9.0, 13.9, 320.0, 81.0, 1995-08-11 00:00:00, 10.1
0.0, 12.6, 0.0, 84.0, 1995-08-12 00:00:00, 7.1
8.0, 12.7, 180.0, 78.0, 1995-08-13 00:00:00, 0.0
0.0, 9.7, 0.0, 98.0, 1995-08-14 00:00:00, 26.9
0.0, 11.2, 0.0, 90.0, 1995-08-15 00:00:00, 0.5
0.0, 12.4, 0.0, 82.0, 1995-08-16 00:00:00, 15.0
0.0, 12.9, 0.0, 81.0, 1995-08-17 00:00:00, 0.0
