station_observations
wind_speed, temperature, wind_direction, relative_humidity, time, precipitation
0.0, 0.0, 0.0, 0.0, 1990-06-19 00:00:00, 0.0
3.0, 16.0, 230.0, 71.0, 1990-06-20 00:00:00, 1.2
0.0, 13.6, 0.0, 97.0, 1990-06-21 00:00:00, 13.4
5.0, 13.3, 230.0, 89.0, 1990-06-22 00:00:00, 42.8
3.0, 11.6, 230.0, 84.0, 1990-06-23 00:00:00, 8.4
4.0, 15.0, 320.0, 62.0, 1990-06-24 00:00:00, 1.3
3.0, 18.0, 230.0, 58.0, 1990-06-25 00:00:00, 0.0
5.0, 16.8, 230.0, 61.0, 1990-06-26 00:00:00, 0.0
2.0, 18.1, 230.0, 63.0, 1990-06-27 00:00:00, 0.0
4.0, 22.2, 230.0, 52.0, 1990-06-28 00:00:00, 0.0
5.0, 22.7, 230.0, 58.0, 1990-06-29 00:00:00, 0.0
4.0, 17.3, 230.0, 73.0, 1990-06-30 00:00:00, 2.6
3.0, 15.0, 230.0, 92.0, 1990-07-01 00:00:00, 3.4
2.0, 16.8, 230.0, 73.0, 1990-07-02 00:00:00, 0.0
2.0, 18.0, 230.0, 73.0, 1990-07-03 00:00:00, 0.0
4.0, 20.3, 270.0, 63.0, 1990-07-04 00:00:00, 0.0
3.0, 21.4, 230.0, 56.0, 1990-07-05 00:00:00, 1.0
2.0, 23.4, 270.0, 56.0, 1990-07-06 00:00:00, 0.0
3.0, 19.8, 230.0, 63.0, 1990-07-07 00:00:00, 0.0
3.0, 16.8, 230.0, 95.0, 1990-07-08 00:00:00, 2.4
5.0, 17.9, 230.0, 58.0, 1990-07-09 00:00:00, 2.5
2.0, 16.4, 140.0, 87.0, 1990-07-10 00:00:00, 24.0
3.0, 19.0, 180.0, 58.0, 1990-07-11 00:00:00, 2.9
0.0, 17.4, 0.0, 59.0, 1990-07-12 00:00:00, 1.0
0.0, 15.5, 0.0, 69.0, 1990-07-13 00:00:00, 2.6
0.0, 19.4, 0.0, 49.0, 1990-07-14 00:00:00, 0.0
0.0, 12.7, 0.0, 96.0, 1990-07-15 00:00:00, 4.0
5.0, 14.8, 50.0, 76.0, 1990-07-16 00:00:00, 6.0
3.0, 15.0, 50.0, 64.0, 1990-07-17 00:00:00, 0.0
3.0, 20.8, 180.0, 57.0, 1990-07-18 00:00:00, 0.0
2.0, 25.5, 50.0, 53.0, 1990-07-19 00:00:00, 0.7
3.0, 27.4, 270.0, 34.0, 1990-07-20 00:00:00, 0.0
2.0, 25.4, 230.0, 41.0, 1990-07-21 00:00:00, 0.0
2.0, 24.6, 230.0, 42.0, 1990-07-22 00:00:00, 0.0
4.0, 24.9, 230.0, 44.0, 1990-07-23 00:00:00, 0.0
3.0, 23.0, 230.0, 55.0, 1990-07-24 00:00:00, 0.0
8.0, 23.5, 230.0, 54.0, 1990-07-25 00:00:00, 0.4
2.0, 16.5, 0.0, 63.0, 1990-07-26 00:00:00, 0.6
6.0, 20.0, 0.0, 50.0, 1990-07-27 00:00:00, 0.0
4.0, 25.8, 230.0, 47.0, 1990-07-28 00:00:00, 0.0
3.0, 25.2, 230.0, 55.0, 1990-07-29 00:00:00, 0.0
3.0, 24.9, 230.0, 51.0, 1990-07-30 00:00:00, 0.0
4.0, 18.8, 320.0, 58.0, 1990-07-31 00:00:00, 20.1
0.0, 15.6, 0.0, 66.0, 1990-08-01 00:00:00, 0.0
2.0, 13.5, 230.0, 92.0, 1990-08-02 00:00:00, 0.0
0.0, 16.6, 0.0, 84.0, 1990-08-03 00:00:00, 2.3
23.0, 22.0, 50.0, 68.0, 1990-08-04 00:00:00, 3.8
4.0, 18.0, 230.0, 72.0, 1990-08-05 00:00:00, 0.0
5.0, 13.9, 230.0, 91.0, 1990-08-06 00:00:00, 4.3
0.0, 12.8, 0.0, 99.0, 1990-08-07 00:00:00, 4.8
4.0, 18.7, 230.0, 82.0, 1990-08-08 00:00:00, 4.3
0.0, 16.1, 0.0, 98.0, 1990-08-09 00:00:00, 5.0
3.0, 19.6, 230.0, 87.0, 1990-08-10 00:00:00, 3.2
4.0, 22.6, 230.0, 69.0, 1990-08-11 00:00:00, 0.0
3.0, 22.9, 230.0, 66.0, 1990-08-12 00:00:00, 0.0
6.0, 22.4, 230.0, 67.0, 1990-08-13 00:00:00, 0.0
3.0, 20.0, 90.0, 83.0, 1990-08-14 00:00:00, 17.7
2.0, 18.7, 230.0, 81.0, 1990-08-15 00:00:00, 0.0
2.0, 20.0, 230.0, 72.0, 1990-08-16 00:00:00, 0.0
4.0, 19.0, 180.0, 77.0, 1990-08-17 00:00:00, 0.0
3.0, 20.2, 90.0, 66.0, 1990-08-18 00:00:00, 0.0
3.0, 15.4, 50.0, 88.0, 1990-08-19 00:00:00, 0.0
0.0, 18.9, 0.0, 91.0, 1990-08-20 00:00:00, 18.8
6.0, 14.5, 180.0, 93.0, 1990-08-21 00:00:00, 1.6
11.0, 16.8, 230.0, 67.0, 1990-08-22 00:00:00, 4.3
0.0, 16.8, 0.0, 70.0, 1990-08-23 00:00:00, 0.0
2.0, 15.6, 180.0, 60.0, 1990-08-24 00:00:00, 0.0
4.0, 20.4, 50.0, 51.0, 1990-08-25 00:00:00, 0.0
5.0, 21.4, 230.0, 54.0, 1990-08-26 00:00:00, 0.0
4.0, 14.5, 230.0, 87.0, 1990-08-27 00:00:00, 0.1
6.0, 17.8, 270.0, 82.0, 1990-08-28 00:00:00, 0.1
0.0, 0.0, 0.0, 0.0, 1991-06-10 00:00:00, 0.0
12.0, 16.0, 320.0, 68.0, 1991-06-11 00:00:00, 0.0
13.0, 14.0, 320.0, 62.0, 1991-06-12 00:00:00, 0.0
18.0, 14.0, 320.0, 85.0, 1991-06-13 00:00:00, 0.0
18.0, 16.0, 320.0, 85.0, 1991-06-14 00:00:00, 0.0
14.0, 17.5, 50.0, 60.0, 1991-06-15 00:00:00, 0.0
19.0, 14.0, 320.0, 85.0, 1991-06-16 00:00:00, 0.0
12.0, 17.5, 50.0, 73.0, 1991-06-17 00:00:00, 0.0
14.0, 19.0, 50.0, 58.0, 1991-06-18 00:00:00, 0.0
10.0, 22.5, 50.0, 38.0, 1991-06-19 00:00:00, 0.0
14.0, 25.0, 90.0, 36.0, 1991-06-20 00:00:00, 0.0
14.0, 28.0, 90.0, 27.0, 1991-06-21 00:00:00, 0.0
0.0, 24.5, 0.0, 46.0, 1991-06-22 00:00:00, 0.0
9.0, 23.5, 90.0, 57.0, 1991-06-23 00:00:00, 0.0
7.0, 23.5, 90.0, 54.0, 1991-06-24 00:00:00, 0.0
5.0, 23.5, 90.0, 48.0, 1991-06-25 00:00:00, 0.0
0.0, 23.0, 0.0, 41.0, 1991-06-26 00:00:00, 0.0
5.0, 20.5, 90.0, 58.0, 1991-06-27 00:00:00, 0.0
14.0, 18.5, 90.0, 71.0, 1991-06-28 00:00:00, 2.0
3.0, 22.3, 90.0, 49.0, 1991-06-29 00:00:00, 1.0
0.0, 14.5, 0.0, 85.0, 1991-06-30 00:00:00, 16.8
0.0, 15.0, 0.0, 85.0, 1991-07-01 00:00:00, 5.3
0.0, 16.5, 0.0, 95.0, 1991-07-02 00:00:00, 3.5
0.0, 14.0, 0.0, 85.0, 1991-07-03 00:00:00, 5.0
3.0, 14.0, 90.0, 80.0, 1991-07-04 00:00:00, 1.0
5.0, 15.5, 140.0, 76.0, 1991-07-05 00:00:00, 0.6
0.0, 14.0, 0.0, 80.0, 1991-07-06 00:00:00, 0.0
5.0, 14.4, 50.0, 90.0, 1991-07-07 00:00:00, 0.0
10.0, 15.0, 320.0, 81.0, 1991-07-08 00:00:00, 0.0
5.0, 17.0, 90.0, 65.0, 1991-07-09 00:00:00, 0.0
0.0, 14.2, 0.0, 90.0, 1991-07-10 00:00:00, 1.2
0.0, 15.0, 0.0, 90.0, 1991-07-11 00:00:00, 5.6
0.0, 14.0, 0.0, 99.0, 1991-07-12 00:00:00, 7.8
4.0, 15.0, 50.0, 90.0, 1991-07-13 00:00:00, 6.0
10.0, 16.0, 50.0, 73.0, 1991-07-14 00:00:00, 0.2
15.0, 19.5, 90.0, 64.0, 1991-07-15 00:00:00, 0.0
0.0, 14.0, 0.0, 90.0, 1991-07-16 00:00:00, 0.0
0.0, 14.0, 0.0, 80.0, 1991-07-17 00:00:00, 0.1
0.0, 14.0, 0.0, 85.0, 1991-07-18 00:00:00, 2.5
0.0, 14.0, 0.0, 80.0, 1991-07-19 00:00:00, 3.1
8.0, 16.5, 50.0, 63.0, 1991-07-20 00:00:00, 0.2
0.0, 21.2, 0.0, 53.0, 1991-07-21 00:00:00, 0.0
0.0, 16.6, 0.0, 81.0, 1991-07-22 00:00:00, 0.8
10.0, 22.5, 50.0, 65.0, 1991-07-23 00:00:00, 0.0
9.0, 25.1, 140.0, 45.0, 1991-07-24 00:00:00, 0.0
3.0, 20.0, 90.0, 63.0, 1991-07-25 00:00:00, 0.0
0.0, 15.5, 0.0, 76.0, 1991-07-26 00:00:00, 0.4
0.0, 14.1, 0.0, 90.0, 1991-07-27 00:00:00, 1.7
0.0, 13.5, 0.0, 84.0, 1991-07-28 00:00:00, 1.4
0.0, 12.0, 0.0, 89.0, 1991-07-29 00:00:00, 0.5
10.0, 14.8, 90.0, 75.0, 1991-07-30 00:00:00, 0.1
6.0, 15.9, 90.0, 67.0, 1991-07-31 00:00:00, 0.0
0.0, 15.5, 0.0, 76.0, 1991-08-01 00:00:00, 0.0
0.0, 13.5, 0.0, 99.0, 1991-08-02 00:00:00, 8.0
3.0, 16.0, 50.0, 90.0, 1991-08-03 00:00:00, 23.4
6.0, 14.5, 90.0, 75.0, 1991-08-04 00:00:00, 0.2
0.0, 15.5, 0.0, 67.0, 1991-08-05 00:00:00, 1.2
6.0, 18.5, 90.0, 57.0, 1991-08-06 00:00:00, 0.0
0.0, 21.5, 0.0, 57.0, 1991-08-07 00:00:00, 0.0
0.0, 14.2, 0.0, 97.0, 1991-08-08 00:00:00, 12.0
0.0, 13.5, 0.0, 84.0, 1991-08-09 00:00:00, 6.2
6.0, 19.0, 90.0, 70.0, 1991-08-10 00:00:00, 0.0
6.0, 22.0, 140.0, 51.0, 1991-08-11 00:00:00, 0.0
5.0, 23.0, 50.0, 63.0, 1991-08-12 00:00:00, 0.0
3.0, 24.0, 90.0, 58.0, 1991-08-13 00:00:00, 0.0
5.0, 23.0, 180.0, 44.0, 1991-08-14 00:00:00, 0.0
0.0, 22.0, 0.0, 66.0, 1991-08-15 00:00:00, 0.0
3.0, 22.0, 140.0, 53.0, 1991-08-16 00:00:00, 0.0
2.0, 24.0, 140.0, 51.0, 1991-08-17 00:00:00, 0.0
0.0, 19.5, 0.0, 68.0, 1991-08-18 00:00:00, 0.0
0.0, 14.1, 0.0, 90.0, 1991-08-19 00:00:00, 25.0
0.0, 13.0, 0.0, 95.0, 1991-08-20 00:00:00, 7.2
0.0, 12.5, 0.0, 95.0, 1991-08-21 00:00:00, 5.8
0.0, 13.5, 0.0, 95.0, 1991-08-22 00:00:00, 0.6
2.0, 15.5, 140.0, 77.0, 1991-08-23 00:00:00, 0.8
0.0, 15.0, 0.0, 77.0, 1991-08-24 00:00:00, 0.0
0.0, 11.5, 0.0, 95.0, 1991-08-25 00:00:00, 6.4
2.0, 13.0, 140.0, 99.0, 1991-08-26 00:00:00, 10.4
0.0, 12.5, 0.0, 95.0, 1991-08-27 00:00:00, 7.6
2.0, 14.0, 90.0, 95.0, 1991-08-28 00:00:00, 3.4
0.0, 12.0, 0.0, 99.0, 1991-08-29 00:00:00, 3.6
0.0, 11.2, 0.0, 98.0, 1991-08-30 00:00:00, 8.2
0.0, 10.0, 0.0, 99.0, 1991-08-31 00:00:00, 4.1
0.0, 12.5, 0.0, 89.0, 1991-09-01 00:00:00, 2.2
0.0, 14.5, 0.0, 75.0, 1991-09-02 00:00:00, 1.0
0.0, 12.0, 0.0, 98.0, 1991-09-03 00:00:00, 25.1
0.0, 13.0, 0.0, 89.0, 1991-09-04 00:00:00, 6.9
0.0, 14.5, 0.0, 99.0, 1991-09-05 00:00:00, 6.2
0.0, 14.0, 0.0, 85.0, 1991-09-06 00:00:00, 1.1
0.0, 12.4, 0.0, 89.0, 1991-09-07 00:00:00, 6.5
3.0, 15.4, 140.0, 71.0, 1991-09-08 00:00:00, 0.2
0.0, 11.6, 0.0, 94.0, 1991-09-09 00:00:00, 1.0
0.0, 12.1, 0.0, 94.0, 1991-09-10 00:00:00, 1.2
0.0, 14.3, 0.0, 99.0, 1991-09-11 00:00:00, 10.2
