station_observations
wind_speed, temperature, wind_direction, relative_humidity, time, precipitation
7.0, 13.1, 270.0, 25.0, 1991-05-01 00:00:00, 0.0
9.0, 14.8, 270.0, 19.0, 1991-05-02 00:00:00, 0.0
9.0, 16.3, 270.0, 16.0, 1991-05-03 00:00:00, 0.0
9.0, 17.3, 270.0, 26.0, 1991-05-04 00:00:00, 0.0
9.0, 6.6, 230.0, 74.0, 1991-05-05 00:00:00, 0.0
20.0, 12.3, 180.0, 45.0, 1991-05-06 00:00:00, 0.5
9.0, 10.6, 230.0, 34.0, 1991-05-07 00:00:00, 0.5
3.0, 13.4, 270.0, 30.0, 1991-05-08 00:00:00, 0.0
22.0, 11.5, 230.0, 38.0, 1991-05-09 00:00:00, 0.0
19.0, 8.2, 270.0, 71.0, 1991-05-10 00:00:00, 0.0
24.0, 10.3, 180.0, 59.0, 1991-05-11 00:00:00, 0.0
4.0, 9.6, 230.0, 76.0, 1991-05-12 00:00:00, 0.5
18.0, 10.9, 230.0, 49.0, 1991-05-13 00:00:00, 0.5
15.0, 10.7, 230.0, 40.0, 1991-05-14 00:00:00, 0.0
7.0, 12.7, 230.0, 52.0, 1991-05-15 00:00:00, 0.0
13.0, 13.2, 320.0, 47.0, 1991-05-16 00:00:00, 0.0
9.0, 15.5, 270.0, 33.0, 1991-05-17 00:00:00, 0.0
12.0, 15.8, 270.0, 24.0, 1991-05-18 00:00:00, 0.0
17.0, 13.2, 230.0, 43.0, 1991-05-19 00:00:00, 0.0
5.0, 2.8, 140.0, 97.0, 1991-05-20 00:00:00, 1.0
6.0, 9.6, 140.0, 53.0, 1991-05-21 00:00:00, 1.5
11.0, 11.4, 320.0, 49.0, 1991-05-22 00:00:00, 0.0
8.0, 13.0, 50.0, 28.0, 1991-05-23 00:00:00, 0.0
4.0, 15.3, 320.0, 33.0, 1991-05-24 00:00:00, 0.0
9.0, 18.2, 180.0, 31.0, 1991-05-25 00:00:00, 0.0
4.0, 14.2, 270.0, 36.0, 1991-05-26 00:00:00, 0.0
15.0, 11.1, 270.0, 47.0, 1991-05-27 00:00:00, 0.0
23.0, 13.4, 230.0, 46.0, 1991-05-28 00:00:00, 0.0
10.0, 13.9, 270.0, 46.0, 1991-05-29 00:00:00, 0.0
20.0, 11.0, 230.0, 57.0, 1991-05-30 00:00:00, 0.0
25.0, 8.6, 180.0, 45.0, 1991-05-31 00:00:00, 0.0
17.0, 6.9, 180.0, 44.0, 1991-06-01 00:00:00, 0.0
8.0, 8.4, 0.0, 38.0, 1991-06-02 00:00:00, 0.0
12.0, 14.4, 50.0, 17.0, 1991-06-03 00:00:00, 0.0
11.0, 17.7, 270.0, 23.0, 1991-06-04 00:00:00, 0.0
19.0, 11.8, 230.0, 53.0, 1991-06-05 00:00:00, 0.0
8.0, 12.2, 230.0, 80.0, 1991-06-06 00:00:00, 1.8
10.0, 11.1, 180.0, 63.0, 1991-06-07 00:00:00, 4.1
14.0, 7.1, 230.0, 44.0, 1991-06-08 00:00:00, 0.0
10.0, 9.8, 230.0, 77.0, 1991-06-09 00:00:00, 0.2
10.0, 9.3, 230.0, 64.0, 1991-06-10 00:00:00, 2.5
7.0, 11.2, 270.0, 45.0, 1991-06-11 00:00:00, 0.0
5.0, 11.5, 270.0, 74.0, 1991-06-12 00:00:00, 0.8
7.0, 16.8, 180.0, 54.0, 1991-06-13 00:00:00, 1.0
6.0, 16.3, 230.0, 52.0, 1991-06-14 00:00:00, 0.0
3.0, 13.8, 0.0, 53.0, 1991-06-15 00:00:00, 0.0
4.0, 18.5, 50.0, 49.0, 1991-06-16 00:00:00, 0.0
9.0, 12.4, 320.0, 68.0, 1991-06-17 00:00:00, 1.8
17.0, 12.6, 180.0, 55.0, 1992-05-26 00:00:00, 0.0
16.0, 11.3, 230.0, 51.0, 1992-05-27 00:00:00, 0.0
10.0, 13.0, 230.0, 58.0, 1992-05-28 00:00:00, 0.0
15.0, 13.7, 230.0, 54.0, 1992-05-29 00:00:00, 0.0
13.0, 14.6, 180.0, 46.0, 1992-05-30 00:00:00, 0.0
12.0, 13.4, 230.0, 68.0, 1992-05-31 00:00:00, 1.5
19.0, 12.1, 180.0, 56.0, 1992-06-01 00:00:00, 0.2
3.0, 9.5, 320.0, 56.0, 1992-06-02 00:00:00, 0.0
7.0, 14.7, 230.0, 41.0, 1992-06-03 00:00:00, 0.0
9.0, 14.9, 230.0, 37.0, 1992-06-04 00:00:00, 0.0
6.0, 13.9, 270.0, 46.0, 1992-06-05 00:00:00, 0.0
2.0, 14.7, 230.0, 47.0, 1992-06-06 00:00:00, 0.0
14.0, 11.9, 230.0, 62.0, 1992-06-07 00:00:00, 0.0
7.0, 12.5, 230.0, 65.0, 1992-06-08 00:00:00, 0.7
7.0, 11.7, 320.0, 67.0, 1992-06-09 00:00:00, 1.0
5.0, 14.7, 90.0, 48.0, 1992-06-10 00:00:00, 0.0
7.0, 20.2, 140.0, 33.0, 1992-06-11 00:00:00, 0.0
1.0, 20.8, 270.0, 40.0, 1992-06-12 00:00:00, 0.0
7.0, 24.3, 320.0, 41.0, 1992-06-13 00:00:00, 0.0
6.0, 16.3, 270.0, 65.0, 1992-06-14 00:00:00, 0.0
11.0, 15.9, 230.0, 60.0, 1992-06-15 00:00:00, 0.0
5.0, 12.7, 320.0, 58.0, 1992-06-16 00:00:00, 0.0
11.0, 13.8, 270.0, 50.0, 1992-06-17 00:00:00, 0.0
3.0, 13.7, 180.0, 73.0, 1992-06-18 00:00:00, 1.5
6.0, 13.8, 230.0, 78.0, 1992-06-19 00:00:00, 0.7
10.0, 14.1, 230.0, 77.0, 1992-06-20 00:00:00, 0.5
15.0, 12.6, 230.0, 51.0, 1992-06-21 00:00:00, 0.5
13.0, 11.1, 270.0, 64.0, 1992-06-22 00:00:00, 0.0
8.0, 16.8, 270.0, 47.0, 1992-06-23 00:00:00, 0.0
10.0, 17.3, 230.0, 40.0, 1992-06-24 00:00:00, 0.0
10.0, 19.8, 230.0, 22.0, 1992-06-25 00:00:00, 0.0
6.0, 20.3, 320.0, 23.0, 1992-06-26 00:00:00, 0.0
10.0, 24.1, 230.0, 25.0, 1992-06-27 00:00:00, 0.0
4.0, 24.0, 270.0, 30.0, 1992-06-28 00:00:00, 0.0
9.0, 25.0, 230.0, 35.0, 1992-06-29 00:00:00, 0.0
7.0, 25.5, 230.0, 28.0, 1992-06-30 00:00:00, 0.0
3.0, 25.5, 320.0, 37.0, 1992-07-01 00:00:00, 0.0
8.0, 21.2, 320.0, 40.0, 1992-07-02 00:00:00, 1.3
6.0, 22.3, 90.0, 36.0, 1992-07-03 00:00:00, 0.0
4.0, 23.0, 180.0, 48.0, 1992-07-04 00:00:00, 0.0
8.0, 19.4, 270.0, 61.0, 1992-07-05 00:00:00, 0.5
14.0, 18.5, 230.0, 52.0, 1992-07-06 00:00:00, 0.0
7.0, 17.2, 230.0, 55.0, 1992-07-07 00:00:00, 0.0
3.0, 14.5, 320.0, 59.0, 1992-07-08 00:00:00, 0.2
10.0, 15.3, 230.0, 73.0, 1992-07-09 00:00:00, 0.0
4.0, 19.6, 180.0, 52.0, 1992-07-10 00:00:00, 0.0
18.0, 15.7, 230.0, 64.0, 1992-07-11 00:00:00, 0.0
16.0, 16.0, 230.0, 60.0, 1992-07-12 00:00:00, 0.5
10.0, 12.7, 230.0, 63.0, 1992-07-13 00:00:00, 0.5
11.0, 11.3, 270.0, 73.0, 1992-07-14 00:00:00, 0.8
6.0, 14.8, 230.0, 59.0, 1992-07-15 00:00:00, 0.0
8.0, 15.0, 270.0, 59.0, 1992-07-16 00:00:00, 1.5
5.0, 17.3, 0.0, 54.0, 1992-07-17 00:00:00, 2.8
8.0, 20.9, 230.0, 41.0, 1992-07-18 00:00:00, 0.0
9.0, 21.7, 230.0, 45.0, 1992-07-19 00:00:00, 0.0
13.0, 17.9, 230.0, 58.0, 1992-07-20 00:00:00, 0.0
5.0, 15.9, 230.0, 49.0, 1992-07-21 00:00:00, 0.0
6.0, 16.9, 180.0, 45.0, 1992-07-22 00:00:00, 0.0
10.0, 17.9, 230.0, 51.0, 1992-07-23 00:00:00, 0.0
12.0, 19.5, 270.0, 53.0, 1992-07-24 00:00:00, 0.0
10.0, 14.3, 270.0, 80.0, 1992-07-25 00:00:00, 2.5
12.0, 15.7, 270.0, 57.0, 1992-07-26 00:00:00, 0.0
7.0, 12.8, 230.0, 79.0, 1992-07-27 00:00:00, 0.5
13.0, 16.3, 230.0, 57.0, 1992-07-28 00:00:00, 0.0
13.0, 15.3, 270.0, 59.0, 1992-07-29 00:00:00, 0.0
4.0, 16.1, 230.0, 49.0, 1992-07-30 00:00:00, 0.0
6.0, 20.2, 320.0, 40.0, 1992-07-31 00:00:00, 0.0
10.0, 22.6, 230.0, 35.0, 1992-08-01 00:00:00, 0.0
11.0, 19.8, 270.0, 52.0, 1992-08-02 00:00:00, 0.0
5.0, 20.1, 230.0, 50.0, 1992-08-03 00:00:00, 0.0
7.0, 22.5, 270.0, 47.0, 1992-08-04 00:00:00, 0.0
4.0, 21.5, 230.0, 48.0, 1992-08-05 00:00:00, 0.0
2.0, 11.6, 230.0, 95.0, 1992-08-06 00:00:00, 1.0
10.0, 12.1, 270.0, 72.0, 1992-08-07 00:00:00, 1.3
6.0, 14.0, 270.0, 56.0, 1992-08-08 00:00:00, 0.0
3.0, 14.9, 90.0, 53.0, 1992-08-09 00:00:00, 0.8
8.0, 19.3, 230.0, 47.0, 1992-08-10 00:00:00, 0.0
3.0, 16.5, 270.0, 72.0, 1992-08-11 00:00:00, 0.0
16.0, 16.4, 230.0, 43.0, 1992-08-12 00:00:00, 1.5
4.0, 17.5, 270.0, 56.0, 1992-08-13 00:00:00, 0.0
16.0, 14.9, 180.0, 46.0, 1992-08-14 00:00:00, 0.0
9.0, 7.3, 230.0, 91.0, 1992-08-15 00:00:00, 0.0
13.0, 13.3, 230.0, 74.0, 1992-08-16 00:00:00, 0.7
3.0, 14.0, 180.0, 93.0, 1992-08-17 00:00:00, 0.8
8.0, 12.8, 180.0, 63.0, 1992-08-18 00:00:00, 0.5
2.0, 18.6, 270.0, 43.0, 1992-08-19 00:00:00, 0.0
2.0, 19.2, 180.0, 40.0, 1992-08-20 00:00:00, 0.0
10.0, 16.7, 0.0, 32.0, 1992-08-21 00:00:00, 0.0
4.0, 18.6, 270.0, 24.0, 1992-08-22 00:00:00, 0.0
6.0, 19.1, 230.0, 37.0, 1992-08-23 00:00:00, 0.0
14.0, 19.7, 270.0, 46.0, 1992-08-24 00:00:00, 0.0
14.0, 20.0, 230.0, 44.0, 1992-08-25 00:00:00, 0.3
17.0, 11.1, 230.0, 57.0, 1992-08-26 00:00:00, 0.0
2.0, 7.1, 0.0, 94.0, 1992-08-27 00:00:00, 1.8
4.0, 14.4, 230.0, 49.0, 1992-08-28 00:00:00, 0.0
2.0, 11.8, 0.0, 60.0, 1992-08-29 00:00:00, 0.0
1.0, 11.6, 230.0, 84.0, 1992-08-30 00:00:00, 2.0
8.0, 10.6, 270.0, 86.0, 1992-08-31 00:00:00, 0.0
11.0, 10.6, 270.0, 70.0, 1992-09-01 00:00:00, 0.5
10.0, 10.1, 230.0, 63.0, 1992-09-02 00:00:00, 0.0
8.0, 10.8, 270.0, 54.0, 1992-09-03 00:00:00, 0.0
3.0, 7.0, 270.0, 86.0, 1992-09-04 00:00:00, 2.3
6.0, 7.7, 230.0, 80.0, 1992-09-05 00:00:00, 0.8
8.0, 8.5, 230.0, 63.0, 1992-09-06 00:00:00, 0.0
22.0, 10.1, 180.0, 53.0, 1992-09-07 00:00:00, 1.8
8.0, 11.4, 230.0, 57.0, 1992-09-08 00:00:00, 1.0
6.0, 7.8, 270.0, 93.0, 1992-09-09 00:00:00, 0.8
12.0, 9.5, 230.0, 64.0, 1992-09-10 00:00:00, 0.0
15.0, 10.0, 230.0, 51.0, 1992-09-11 00:00:00, 0.0
7.0, 0.9, 0.0, 93.0, 1992-09-12 00:00:00, 1.0
5.0, 1.5, 0.0, 48.0, 1992-09-13 00:00:00, 2.0
6.0, 5.7, 230.0, 34.0, 1992-09-14 00:00:00, 0.0
6.0, 3.4, 270.0, 82.0, 1992-09-15 00:00:00, 0.0
0.0, 2.0, 0.0, 99.0, 1992-09-16 00:00:00, 0.0
3.0, 4.9, 230.0, 87.0, 1992-09-17 00:00:00, 2.8
0.0, 0.0, 0.0, 0.0, 1994-05-24 00:00:00, 0.0
