station_observations
wind_speed, temperature, wind_direction, relative_humidity, time, precipitation
0.0, 0.0, 0.0, 0.0, 1990-05-22 00:00:00, 0.0
8.0, 20.0, 50.0, 34.0, 1990-05-23 00:00:00, 0.0
11.0, 18.5, 50.0, 28.0, 1990-05-24 00:00:00, 6.4
21.0, 20.5, 0.0, 32.0, 1990-05-25 00:00:00, 0.0
3.0, 9.5, 50.0, 99.0, 1990-05-26 00:00:00, 3.0
3.0, 15.0, 0.0, 80.0, 1990-05-27 00:00:00, 3.8
24.0, 25.0, 140.0, 39.0, 1990-05-28 00:00:00, 0.0
8.0, 27.0, 320.0, 41.0, 1990-05-29 00:00:00, 0.0
8.0, 18.0, 270.0, 91.0, 1990-05-30 00:00:00, 2.0
9.0, 7.0, 0.0, 99.0, 1990-05-31 00:00:00, 23.5
8.0, 6.0, 50.0, 73.0, 1990-06-01 00:00:00, 19.0
3.0, 10.5, 90.0, 72.0, 1990-06-02 00:00:00, 0.0
10.0, 15.5, 0.0, 49.0, 1990-06-03 00:00:00, 1.4
13.0, 20.0, 0.0, 45.0, 1990-06-04 00:00:00, 0.0
21.0, 10.0, 0.0, 77.0, 1990-06-05 00:00:00, 0.0
10.0, 17.0, 90.0, 64.0, 1990-06-06 00:00:00, 0.7
3.0, 12.0, 320.0, 94.0, 1990-06-07 00:00:00, 16.5
0.0, 17.0, 0.0, 56.0, 1990-06-08 00:00:00, 0.4
8.0, 22.5, 230.0, 41.0, 1990-06-09 00:00:00, 0.0
19.0, 15.0, 50.0, 53.0, 1990-06-10 00:00:00, 0.0
8.0, 20.0, 50.0, 45.0, 1990-06-11 00:00:00, 0.0
29.0, 18.5, 320.0, 57.0, 1990-06-12 00:00:00, 0.0
8.0, 19.0, 140.0, 58.0, 1990-06-13 00:00:00, 6.8
11.0, 25.5, 140.0, 40.0, 1990-06-14 00:00:00, 0.0
5.0, 19.5, 320.0, 44.0, 1990-06-15 00:00:00, 0.0
16.0, 19.5, 50.0, 40.0, 1990-06-16 00:00:00, 0.0
19.0, 21.5, 320.0, 40.0, 1990-06-17 00:00:00, 0.0
24.0, 21.0, 0.0, 36.0, 1990-06-18 00:00:00, 0.0
19.0, 22.0, 0.0, 35.0, 1990-06-19 00:00:00, 0.0
19.0, 21.0, 320.0, 39.0, 1990-06-20 00:00:00, 0.0
8.0, 23.0, 90.0, 42.0, 1990-06-21 00:00:00, 0.0
9.0, 21.0, 0.0, 68.0, 1990-06-22 00:00:00, 0.0
5.0, 14.0, 50.0, 80.0, 1990-06-23 00:00:00, 7.5
8.0, 16.0, 0.0, 99.0, 1990-06-24 00:00:00, 2.4
19.0, 14.0, 320.0, 70.0, 1990-06-25 00:00:00, 1.4
8.0, 20.0, 90.0, 52.0, 1990-06-26 00:00:00, 0.0
8.0, 16.0, 0.0, 81.0, 1990-06-27 00:00:00, 4.4
11.0, 21.5, 140.0, 53.0, 1990-06-28 00:00:00, 0.1
22.0, 18.5, 50.0, 69.0, 1990-06-29 00:00:00, 0.0
0.0, 13.0, 0.0, 89.0, 1990-06-30 00:00:00, 4.2
11.0, 19.0, 0.0, 50.0, 1990-07-01 00:00:00, 0.4
10.0, 21.0, 0.0, 67.0, 1990-07-02 00:00:00, 1.6
16.0, 21.0, 50.0, 46.0, 1990-07-03 00:00:00, 1.6
11.0, 20.0, 90.0, 52.0, 1990-07-04 00:00:00, 0.0
16.0, 22.0, 0.0, 47.0, 1990-07-05 00:00:00, 0.0
3.0, 24.0, 0.0, 38.0, 1990-07-06 00:00:00, 0.0
8.0, 26.0, 0.0, 43.0, 1990-07-07 00:00:00, 0.0
8.0, 25.5, 180.0, 40.0, 1990-07-08 00:00:00, 6.8
8.0, 24.0, 320.0, 43.0, 1990-07-09 00:00:00, 0.0
0.0, 25.0, 90.0, 45.0, 1990-07-10 00:00:00, 0.0
5.0, 25.0, 90.0, 45.0, 1990-07-11 00:00:00, 0.0
5.0, 24.0, 90.0, 47.0, 1990-07-12 00:00:00, 0.0
40.0, 13.0, 320.0, 59.0, 1990-07-13 00:00:00, 2.5
13.0, 22.0, 0.0, 47.0, 1990-07-14 00:00:00, 0.1
8.0, 18.0, 0.0, 57.0, 1990-07-15 00:00:00, 0.0
13.0, 18.0, 50.0, 65.0, 1990-07-16 00:00:00, 6.5
8.0, 15.0, 320.0, 80.0, 1990-07-17 00:00:00, 8.0
5.0, 24.0, 270.0, 38.0, 1990-07-18 00:00:00, 0.0
2.0, 26.0, 270.0, 40.0, 1990-07-19 00:00:00, 3.0
11.0, 27.0, 90.0, 47.0, 1990-07-20 00:00:00, 0.0
5.0, 28.0, 90.0, 48.0, 1990-07-21 00:00:00, 0.0
4.0, 28.0, 90.0, 54.0, 1990-07-22 00:00:00, 0.0
5.0, 15.0, 90.0, 80.0, 1990-07-23 00:00:00, 9.0
9.0, 24.0, 90.0, 63.0, 1990-07-24 00:00:00, 0.0
9.0, 25.0, 50.0, 56.0, 1990-07-25 00:00:00, 0.0
20.0, 23.0, 50.0, 42.0, 1990-07-26 00:00:00, 0.0
9.0, 25.0, 50.0, 39.0, 1990-07-27 00:00:00, 0.0
16.0, 26.0, 140.0, 37.0, 1990-07-28 00:00:00, 0.0
7.0, 30.0, 0.0, 40.0, 1990-07-29 00:00:00, 0.0
5.0, 31.0, 0.0, 32.0, 1990-07-30 00:00:00, 0.0
24.0, 22.0, 320.0, 54.0, 1990-07-31 00:00:00, 0.0
16.0, 14.0, 270.0, 72.0, 1990-08-01 00:00:00, 5.0
8.0, 21.0, 320.0, 39.0, 1990-08-02 00:00:00, 0.0
8.0, 21.0, 320.0, 53.0, 1990-08-03 00:00:00, 0.0
10.0, 26.0, 50.0, 35.0, 1990-08-04 00:00:00, 0.3
8.0, 28.0, 0.0, 43.0, 1990-08-05 00:00:00, 0.0
16.0, 16.0, 270.0, 72.0, 1990-08-06 00:00:00, 0.0
20.0, 22.0, 0.0, 61.0, 1990-08-07 00:00:00, 0.0
2.0, 22.0, 90.0, 47.0, 1990-08-08 00:00:00, 0.0
10.0, 24.0, 50.0, 50.0, 1990-08-09 00:00:00, 0.0
2.0, 27.0, 50.0, 32.0, 1990-08-10 00:00:00, 0.0
8.0, 32.0, 320.0, 42.0, 1990-08-11 00:00:00, 0.0
13.0, 23.0, 230.0, 55.0, 1990-08-12 00:00:00, 0.0
10.0, 20.0, 320.0, 75.0, 1990-08-13 00:00:00, 0.0
0.0, 14.0, 0.0, 80.0, 1990-08-14 00:00:00, 0.0
0.0, 14.0, 230.0, 80.0, 1990-08-15 00:00:00, 0.0
8.0, 21.0, 230.0, 67.0, 1990-08-16 00:00:00, 0.0
0.0, 22.0, 90.0, 61.0, 1990-08-17 00:00:00, 0.0
8.0, 23.0, 320.0, 49.0, 1990-08-18 00:00:00, 0.0
4.0, 27.0, 140.0, 31.0, 1990-08-19 00:00:00, 0.0
11.0, 27.0, 140.0, 41.0, 1990-08-20 00:00:00, 0.0
8.0, 26.0, 50.0, 35.0, 1990-08-21 00:00:00, 0.0
10.0, 12.0, 90.0, 94.0, 1990-08-22 00:00:00, 0.0
0.0, 14.0, 0.0, 51.0, 1990-08-23 00:00:00, 0.0
1.0, 14.0, 50.0, 70.0, 1990-08-24 00:00:00, 0.0
2.0, 15.0, 90.0, 62.0, 1990-08-25 00:00:00, 2.0
0.0, 15.0, 0.0, 62.0, 1990-08-26 00:00:00, 0.0
0.0, 19.0, 0.0, 58.0, 1990-08-27 00:00:00, 0.0
0.0, 15.0, 0.0, 62.0, 1990-08-28 00:00:00, 0.0
0.0, 18.0, 0.0, 49.0, 1990-08-29 00:00:00, 0.0
5.0, 14.0, 140.0, 51.0, 1990-08-30 00:00:00, 0.0
0.0, 15.0, 0.0, 53.0, 1990-08-31 00:00:00, 0.5
0.0, 13.0, 0.0, 69.0, 1990-09-01 00:00:00, 0.0
0.0, 12.0, 0.0, 68.0, 1990-09-02 00:00:00, 9.0
0.0, 11.0, 0.0, 78.0, 1990-09-03 00:00:00, 9.0
0.0, 11.0, 0.0, 78.0, 1990-09-04 00:00:00, 7.0
1.0, 12.0, 50.0, 78.0, 1990-09-05 00:00:00, 5.0
6.0, 21.0, 50.0, 60.0, 1990-09-06 00:00:00, 0.0
8.0, 17.0, 320.0, 48.0, 1990-09-07 00:00:00, 0.0
6.0, 17.0, 320.0, 48.0, 1990-09-08 00:00:00, 0.0
0.0, 16.0, 0.0, 38.0, 1990-09-09 00:00:00, 0.0
0.0, 15.0, 0.0, 53.0, 1990-09-10 00:00:00, 0.0
0.0, 14.0, 0.0, 51.0, 1990-09-11 00:00:00, 0.0
5.0, 12.0, 320.0, 68.0, 1990-09-12 00:00:00, 0.0
10.0, 13.0, 270.0, 50.0, 1990-09-13 00:00:00, 0.0
5.0, 17.0, 270.0, 51.0, 1990-09-14 00:00:00, 0.0
8.0, 23.0, 90.0, 37.0, 1990-09-15 00:00:00, 0.0
8.0, 23.0, 50.0, 56.0, 1990-09-16 00:00:00, 0.0
20.0, 23.0, 90.0, 56.0, 1990-09-17 00:00:00, 0.0
5.0, 22.0, 0.0, 62.0, 1990-09-18 00:00:00, 0.0
0.0, 18.0, 0.0, 66.0, 1990-09-19 00:00:00, 0.0
0.0, 15.0, 0.0, 62.0, 1990-09-20 00:00:00, 0.0
0.0, 15.0, 0.0, 71.0, 1990-09-21 00:00:00, 0.0
0.0, 23.0, 0.0, 36.0, 1990-09-22 00:00:00, 0.0
5.0, 24.0, 180.0, 32.0, 1990-09-23 00:00:00, 0.0
10.0, 19.0, 50.0, 43.0, 1990-09-24 00:00:00, 0.0
20.0, 14.0, 50.0, 61.0, 1990-09-25 00:00:00, 0.0
10.0, 13.0, 50.0, 54.0, 1990-09-26 00:00:00, 0.0
5.0, 13.0, 50.0, 59.0, 1990-09-27 00:00:00, 0.0
5.0, 14.0, 50.0, 51.0, 1990-09-28 00:00:00, 0.0
5.0, 15.0, 50.0, 53.0, 1990-09-29 00:00:00, 0.0
15.0, 15.0, 0.0, 53.0, 1990-09-30 00:00:00, 0.0
0.0, 13.0, 50.0, 69.0, 1990-10-01 00:00:00, 0.0
5.0, 8.0, 0.0, 99.0, 1990-10-02 00:00:00, 10.0
0.0, 9.0, 140.0, 99.0, 1990-10-03 00:00:00, 0.0
0.0, 10.0, 320.0, 77.0, 1990-10-04 00:00:00, 0.0
0.0, 10.0, 320.0, 77.0, 1990-10-05 00:00:00, 0.0
5.0, 10.0, 320.0, 77.0, 1990-10-06 00:00:00, 0.0
5.0, 10.0, 0.0, 99.0, 1990-10-07 00:00:00, 15.0
5.0, 11.0, 320.0, 78.0, 1990-10-08 00:00:00, 0.0
8.0, 18.0, 0.0, 74.0, 1991-05-01 00:00:00, 0.0
12.0, 16.0, 140.0, 72.0, 1991-05-02 00:00:00, 2.0
7.0, 17.0, 90.0, 73.0, 1991-05-03 00:00:00, 0.0
9.0, 16.0, 50.0, 21.0, 1991-05-04 00:00:00, 0.0
22.0, 17.0, 140.0, 23.0, 1991-05-05 00:00:00, 0.0
22.0, 18.0, 140.0, 50.0, 1991-05-06 00:00:00, 0.0
20.0, 17.0, 140.0, 65.0, 1991-05-07 00:00:00, 0.0
4.0, 15.0, 140.0, 53.0, 1991-05-08 00:00:00, 0.0
10.0, 22.0, 50.0, 47.0, 1991-05-09 00:00:00, 7.0
10.0, 20.0, 50.0, 67.0, 1991-05-10 00:00:00, 0.0
19.0, 21.0, 180.0, 67.0, 1991-05-11 00:00:00, 0.0
8.0, 21.0, 230.0, 68.0, 1991-05-12 00:00:00, 12.0
10.0, 16.0, 270.0, 72.0, 1991-05-13 00:00:00, 0.0
5.0, 11.0, 270.0, 58.0, 1991-05-14 00:00:00, 0.0
14.0, 18.0, 180.0, 66.0, 1991-05-15 00:00:00, 0.0
16.0, 23.0, 140.0, 49.0, 1991-05-16 00:00:00, 0.0
3.0, 19.0, 230.0, 66.0, 1991-05-17 00:00:00, 0.0
6.0, 18.0, 230.0, 62.0, 1991-05-18 00:00:00, 0.0
5.0, 17.0, 230.0, 65.0, 1991-05-19 00:00:00, 0.0
3.0, 15.0, 230.0, 90.0, 1991-05-20 00:00:00, 0.3
8.0, 8.5, 230.0, 88.0, 1991-05-21 00:00:00, 10.0
17.0, 13.7, 320.0, 85.0, 1991-05-22 00:00:00, 0.0
8.0, 9.0, 140.0, 88.0, 1991-05-23 00:00:00, 6.0
3.0, 15.0, 140.0, 63.0, 1991-05-24 00:00:00, 0.5
0.0, 13.0, 0.0, 79.0, 1991-05-25 00:00:00, 7.0
15.0, 20.0, 0.0, 60.0, 1991-05-26 00:00:00, 0.0
9.0, 22.0, 320.0, 55.0, 1991-05-27 00:00:00, 2.0
12.0, 24.0, 230.0, 57.0, 1991-05-28 00:00:00, 0.0
15.0, 25.0, 230.0, 71.0, 1991-05-29 00:00:00, 0.0
12.0, 20.0, 90.0, 67.0, 1991-05-30 00:00:00, 3.0
18.0, 14.0, 230.0, 85.0, 1991-05-31 00:00:00, 1.0
19.0, 16.5, 230.0, 40.0, 1991-06-01 00:00:00, 1.0
13.0, 18.0, 230.0, 50.0, 1991-06-02 00:00:00, 0.0
10.0, 14.0, 270.0, 80.0, 1991-06-03 00:00:00, 0.0
8.0, 12.0, 230.0, 59.0, 1991-06-04 00:00:00, 3.0
10.0, 22.5, 230.0, 46.0, 1991-06-05 00:00:00, 4.0
3.0, 23.0, 230.0, 56.0, 1991-06-06 00:00:00, 0.0
6.0, 18.0, 230.0, 43.0, 1991-06-07 00:00:00, 0.0
3.0, 17.5, 230.0, 42.0, 1991-06-08 00:00:00, 0.0
7.0, 23.0, 230.0, 43.0, 1991-06-09 00:00:00, 0.0
12.0, 24.0, 320.0, 51.0, 1991-06-10 00:00:00, 0.0
12.0, 18.0, 320.0, 58.0, 1991-06-11 00:00:00, 1.3
14.0, 9.0, 320.0, 99.0, 1991-06-12 00:00:00, 7.0
11.0, 8.0, 270.0, 99.0, 1991-06-13 00:00:00, 25.0
11.0, 12.0, 270.0, 79.0, 1991-06-14 00:00:00, 2.0
3.0, 16.5, 320.0, 68.0, 1991-06-15 00:00:00, 4.0
4.0, 17.0, 320.0, 73.0, 1991-06-16 00:00:00, 2.0
12.0, 20.0, 320.0, 75.0, 1991-06-17 00:00:00, 4.0
13.0, 24.0, 320.0, 63.0, 1991-06-18 00:00:00, 0.0
13.0, 28.0, 230.0, 54.0, 1991-06-19 00:00:00, 0.0
3.0, 21.0, 320.0, 61.0, 1991-06-20 00:00:00, 0.2
12.0, 24.0, 50.0, 45.0, 1991-06-21 00:00:00, 0.0
2.0, 23.0, 230.0, 63.0, 1991-06-22 00:00:00, 0.0
8.0, 29.0, 270.0, 61.0, 1991-06-23 00:00:00, 0.0
7.0, 29.0, 0.0, 50.0, 1991-06-24 00:00:00, 0.0
10.0, 24.0, 0.0, 63.0, 1991-06-25 00:00:00, 0.0
15.0, 24.0, 0.0, 77.0, 1991-06-26 00:00:00, 4.0
2.0, 25.0, 320.0, 71.0, 1991-06-27 00:00:00, 7.0
14.0, 25.0, 90.0, 71.0, 1991-06-28 00:00:00, 1.0
9.0, 15.0, 90.0, 76.0, 1991-06-29 00:00:00, 7.0
1.0, 16.0, 90.0, 81.0, 1991-06-30 00:00:00, 9.0
13.0, 27.5, 230.0, 51.0, 1991-07-01 00:00:00, 6.2
8.0, 13.0, 320.0, 95.0, 1991-07-02 00:00:00, 6.0
9.0, 13.0, 320.0, 95.0, 1991-07-03 00:00:00, 1.0
12.0, 14.5, 0.0, 90.0, 1991-07-04 00:00:00, 3.0
20.0, 10.0, 270.0, 89.0, 1991-07-05 00:00:00, 1.0
2.0, 9.5, 320.0, 72.0, 1991-07-06 00:00:00, 1.0
14.0, 21.0, 320.0, 64.0, 1991-07-07 00:00:00, 0.0
10.0, 15.5, 320.0, 90.0, 1991-07-08 00:00:00, 4.0
8.0, 14.0, 320.0, 80.0, 1991-07-09 00:00:00, 1.0
13.0, 22.0, 90.0, 76.0, 1991-07-10 00:00:00, 0.0
6.0, 24.0, 320.0, 63.0, 1991-07-11 00:00:00, 0.0
0.0, 17.0, 0.0, 67.0, 1991-07-12 00:00:00, 8.0
2.0, 15.0, 320.0, 99.0, 1991-07-13 00:00:00, 1.0
12.0, 15.0, 270.0, 99.0, 1991-07-14 00:00:00, 20.0
11.0, 18.0, 230.0, 95.0, 1991-07-15 00:00:00, 19.0
4.0, 14.0, 90.0, 90.0, 1991-07-16 00:00:00, 4.2
20.0, 13.0, 320.0, 40.0, 1991-07-17 00:00:00, 0.0
20.0, 11.5, 320.0, 29.0, 1991-07-18 00:00:00, 0.0
9.0, 10.0, 270.0, 33.0, 1991-07-19 00:00:00, 0.0
8.0, 13.5, 320.0, 69.0, 1991-07-20 00:00:00, 18.0
13.0, 17.5, 320.0, 46.0, 1991-07-21 00:00:00, 0.5
18.0, 13.0, 270.0, 28.0, 1991-07-22 00:00:00, 0.0
8.0, 16.5, 140.0, 37.0, 1991-07-23 00:00:00, 0.0
17.0, 18.5, 140.0, 34.0, 1991-07-24 00:00:00, 0.0
13.0, 16.5, 0.0, 39.0, 1991-07-25 00:00:00, 0.0
10.0, 19.0, 230.0, 91.0, 1991-07-26 00:00:00, 7.0
15.0, 22.0, 180.0, 84.0, 1991-07-27 00:00:00, 6.0
12.0, 24.0, 270.0, 77.0, 1991-07-28 00:00:00, 0.0
11.0, 19.0, 230.0, 66.0, 1991-07-29 00:00:00, 0.0
10.0, 14.0, 230.0, 62.0, 1991-07-30 00:00:00, 0.0
10.0, 26.0, 320.0, 53.0, 1991-07-31 00:00:00, 5.0
12.0, 25.0, 140.0, 64.0, 1991-08-01 00:00:00, 0.0
10.0, 26.0, 270.0, 59.0, 1991-08-02 00:00:00, 0.0
12.0, 26.0, 230.0, 56.0, 1991-08-03 00:00:00, 0.0
9.0, 26.0, 320.0, 53.0, 1991-08-04 00:00:00, 0.0
11.0, 19.0, 90.0, 74.0, 1991-08-05 00:00:00, 9.0
11.0, 20.5, 50.0, 24.0, 1991-08-06 00:00:00, 0.0
8.0, 16.0, 270.0, 90.0, 1991-08-07 00:00:00, 3.0
10.0, 25.0, 270.0, 78.0, 1991-08-08 00:00:00, 0.0
11.0, 29.0, 180.0, 35.0, 1991-08-09 00:00:00, 0.0
5.0, 25.0, 180.0, 58.0, 1991-08-10 00:00:00, 0.0
6.0, 28.5, 230.0, 47.0, 1991-08-11 00:00:00, 0.0
11.0, 33.0, 230.0, 39.0, 1991-08-12 00:00:00, 0.0
11.0, 33.0, 230.0, 39.0, 1991-08-13 00:00:00, 0.0
10.0, 34.0, 0.0, 40.0, 1991-08-14 00:00:00, 0.0
11.0, 34.0, 320.0, 28.0, 1991-08-15 00:00:00, 0.0
10.0, 32.0, 230.0, 34.0, 1991-08-16 00:00:00, 0.0
0.0, 0.0, 0.0, 0.0, 1992-05-04 00:00:00, 0.0
5.0, 13.0, 0.0, 60.0, 1992-05-05 00:00:00, 0.0
5.0, 11.0, 320.0, 29.0, 1992-05-06 00:00:00, 4.0
20.0, 13.4, 140.0, 40.0, 1992-05-07 00:00:00, 0.0
25.0, 13.1, 270.0, 35.0, 1992-05-08 00:00:00, 0.0
8.0, 13.0, 140.0, 60.0, 1992-05-09 00:00:00, 0.2
8.0, 6.0, 320.0, 74.0, 1992-05-10 00:00:00, 3.0
3.0, 16.5, 50.0, 44.0, 1992-05-11 00:00:00, 0.0
15.0, 14.6, 270.0, 21.0, 1992-05-12 00:00:00, 0.0
26.0, 12.0, 320.0, 41.0, 1992-05-13 00:00:00, 0.0
8.0, 9.0, 140.0, 77.0, 1992-05-14 00:00:00, 0.0
26.0, 14.5, 140.0, 25.0, 1992-05-15 00:00:00, 0.0
13.0, 13.0, 0.0, 38.0, 1992-05-16 00:00:00, 5.2
19.0, 8.4, 0.0, 49.0, 1992-05-17 00:00:00, 0.0
20.0, 3.2, 0.0, 56.0, 1992-05-18 00:00:00, 0.6
6.0, 5.1, 0.0, 47.0, 1992-05-19 00:00:00, 0.2
22.0, 4.8, 0.0, 47.0, 1992-05-20 00:00:00, 0.0
12.0, 8.8, 320.0, 24.0, 1992-05-21 00:00:00, 0.0
2.0, 15.0, 230.0, 38.0, 1992-05-22 00:00:00, 0.0
6.0, 19.0, 50.0, 24.0, 1992-05-23 00:00:00, 0.0
8.0, 21.0, 50.0, 34.0, 1992-05-24 00:00:00, 0.0
12.0, 23.0, 180.0, 43.0, 1992-05-25 00:00:00, 0.0
7.0, 18.8, 50.0, 55.0, 1992-05-26 00:00:00, 2.4
2.0, 14.0, 230.0, 53.0, 1992-05-27 00:00:00, 0.0
5.0, 20.0, 230.0, 46.0, 1992-05-28 00:00:00, 0.0
5.0, 24.0, 140.0, 33.0, 1992-05-29 00:00:00, 0.0
3.0, 20.0, 140.0, 46.0, 1992-05-30 00:00:00, 0.0
3.0, 23.0, 0.0, 43.0, 1992-05-31 00:00:00, 0.0
1.0, 20.0, 140.0, 46.0, 1992-06-01 00:00:00, 0.0
12.0, 16.0, 140.0, 40.0, 1992-06-02 00:00:00, 0.0
5.0, 17.0, 140.0, 49.0, 1992-06-03 00:00:00, 0.0
6.0, 15.0, 140.0, 81.0, 1992-06-04 00:00:00, 0.0
0.0, 21.0, 0.0, 34.0, 1992-06-05 00:00:00, 0.0
0.0, 12.0, 0.0, 79.0, 1992-06-06 00:00:00, 0.0
9.0, 14.0, 90.0, 71.0, 1992-06-07 00:00:00, 0.4
8.0, 12.0, 140.0, 79.0, 1992-06-08 00:00:00, 1.6
19.0, 9.0, 320.0, 94.0, 1992-06-09 00:00:00, 9.3
5.0, 13.8, 270.0, 53.0, 1992-06-10 00:00:00, 3.3
11.0, 19.3, 140.0, 42.0, 1992-06-11 00:00:00, 0.0
11.0, 23.3, 180.0, 41.0, 1992-06-12 00:00:00, 0.0
19.0, 25.6, 230.0, 35.0, 1992-06-13 00:00:00, 0.0
24.0, 27.0, 230.0, 37.0, 1992-06-14 00:00:00, 0.0
6.0, 26.0, 140.0, 41.0, 1992-06-15 00:00:00, 0.0
8.0, 15.0, 140.0, 81.0, 1992-06-16 00:00:00, 0.0
0.0, 20.0, 0.0, 46.0, 1992-06-17 00:00:00, 25.0
0.0, 19.0, 0.0, 59.0, 1992-06-18 00:00:00, 0.0
2.0, 20.0, 50.0, 60.0, 1992-06-19 00:00:00, 0.6
7.0, 23.0, 140.0, 49.0, 1992-06-20 00:00:00, 0.0
0.0, 20.0, 0.0, 53.0, 1992-06-21 00:00:00, 0.0
6.0, 21.0, 140.0, 47.0, 1992-06-22 00:00:00, 0.0
12.0, 23.0, 140.0, 32.0, 1992-06-23 00:00:00, 0.0
10.0, 23.0, 140.0, 49.0, 1992-06-24 00:00:00, 0.0
4.0, 23.0, 140.0, 56.0, 1992-06-25 00:00:00, 0.0
10.0, 22.0, 140.0, 62.0, 1992-06-26 00:00:00, 0.9
3.0, 22.0, 180.0, 48.0, 1992-06-27 00:00:00, 0.0
2.0, 20.0, 230.0, 53.0, 1992-06-28 00:00:00, 0.0
3.0, 24.0, 270.0, 39.0, 1992-06-29 00:00:00, 0.0
5.0, 23.0, 230.0, 43.0, 1992-06-30 00:00:00, 0.0
3.0, 20.0, 230.0, 60.0, 1992-07-01 00:00:00, 0.0
24.0, 17.0, 140.0, 57.0, 1992-07-02 00:00:00, 1.6
0.0, 21.0, 0.0, 47.0, 1992-07-03 00:00:00, 0.0
2.0, 21.0, 140.0, 54.0, 1992-07-04 00:00:00, 0.0
7.0, 18.0, 140.0, 74.0, 1992-07-05 00:00:00, 0.0
7.0, 14.8, 90.0, 67.0, 1992-07-06 00:00:00, 0.0
6.0, 16.0, 140.0, 81.0, 1992-07-07 00:00:00, 0.9
6.0, 14.0, 90.0, 71.0, 1992-07-08 00:00:00, 2.4
8.0, 22.0, 50.0, 48.0, 1992-07-09 00:00:00, 0.0
8.0, 24.0, 140.0, 45.0, 1992-07-10 00:00:00, 0.0
4.0, 22.0, 140.0, 48.0, 1992-07-11 00:00:00, 0.0
2.0, 20.0, 90.0, 75.0, 1992-07-12 00:00:00, 1.4
12.0, 18.0, 320.0, 58.0, 1992-07-13 00:00:00, 2.6
10.0, 15.0, 90.0, 71.0, 1992-07-14 00:00:00, 0.0
12.0, 20.0, 180.0, 60.0, 1992-07-15 00:00:00, 0.0
0.0, 15.0, 0.0, 90.0, 1992-07-16 00:00:00, 10.4
0.0, 14.0, 0.0, 90.0, 1992-07-17 00:00:00, 8.5
0.0, 19.0, 0.0, 66.0, 1992-07-18 00:00:00, 0.0
0.0, 22.0, 0.0, 42.0, 1992-07-19 00:00:00, 0.0
11.0, 25.7, 90.0, 33.0, 1992-07-20 00:00:00, 0.0
20.0, 19.0, 230.0, 51.0, 1992-07-21 00:00:00, 0.1
9.0, 21.5, 320.0, 38.0, 1992-07-22 00:00:00, 0.0
13.0, 24.2, 0.0, 39.0, 1992-07-23 00:00:00, 0.0
2.0, 19.2, 320.0, 51.0, 1992-07-24 00:00:00, 0.0
22.0, 17.2, 50.0, 57.0, 1992-07-25 00:00:00, 0.0
17.0, 15.7, 0.0, 76.0, 1992-07-26 00:00:00, 11.4
10.0, 21.0, 90.0, 47.0, 1992-07-27 00:00:00, 0.0
9.0, 22.5, 90.0, 37.0, 1992-07-28 00:00:00, 0.0
9.0, 22.7, 140.0, 40.0, 1992-07-29 00:00:00, 1.2
22.0, 21.4, 140.0, 32.0, 1992-07-30 00:00:00, 0.0
6.0, 19.3, 270.0, 56.0, 1992-07-31 00:00:00, 14.4
15.0, 24.5, 50.0, 37.0, 1992-08-01 00:00:00, 0.0
9.0, 24.0, 90.0, 39.0, 1992-08-02 00:00:00, 2.8
19.0, 23.3, 270.0, 30.0, 1992-08-03 00:00:00, 0.8
9.0, 25.3, 90.0, 38.0, 1992-08-04 00:00:00, 0.0
6.0, 25.7, 0.0, 46.0, 1992-08-05 00:00:00, 0.0
4.0, 27.0, 90.0, 59.0, 1992-08-06 00:00:00, 0.1
7.0, 15.0, 230.0, 81.0, 1992-08-07 00:00:00, 12.5
15.0, 11.4, 320.0, 73.0, 1992-08-08 00:00:00, 9.0
3.0, 13.8, 140.0, 62.0, 1992-08-09 00:00:00, 0.4
0.0, 20.2, 0.0, 0.0, 1992-08-10 00:00:00, 0.0
7.0, 27.4, 90.0, 38.0, 1992-08-11 00:00:00, 0.0
12.0, 27.5, 90.0, 40.0, 1992-08-12 00:00:00, 0.0
4.0, 23.0, 90.0, 37.0, 1992-08-13 00:00:00, 0.5
16.0, 24.5, 50.0, 34.0, 1992-08-14 00:00:00, 0.0
16.0, 21.0, 270.0, 34.0, 1992-08-15 00:00:00, 0.0
18.0, 25.0, 230.0, 29.0, 1992-08-16 00:00:00, 0.0
10.0, 26.0, 270.0, 26.0, 1992-08-17 00:00:00, 0.0
12.0, 23.0, 320.0, 40.0, 1992-08-18 00:00:00, 0.0
20.0, 17.0, 50.0, 65.0, 1992-08-19 00:00:00, 0.1
11.0, 7.6, 140.0, 58.0, 1992-08-20 00:00:00, 1.4
9.0, 5.9, 50.0, 49.0, 1992-08-21 00:00:00, 1.2
11.0, 4.5, 50.0, 37.0, 1992-08-22 00:00:00, 0.0
0.0, 13.1, 0.0, 38.0, 1992-08-23 00:00:00, 0.0
7.0, 20.0, 90.0, 46.0, 1992-08-24 00:00:00, 0.0
13.0, 28.0, 270.0, 44.0, 1992-08-25 00:00:00, 0.0
5.0, 20.0, 320.0, 46.0, 1992-08-26 00:00:00, 0.0
19.0, 17.0, 270.0, 49.0, 1992-08-27 00:00:00, 13.0
13.0, 18.6, 0.0, 23.0, 1992-08-28 00:00:00, 0.0
11.0, 19.7, 320.0, 19.0, 1992-08-29 00:00:00, 0.0
7.0, 14.5, 320.0, 41.0, 1992-08-30 00:00:00, 0.2
5.0, 14.0, 180.0, 80.0, 1992-08-31 00:00:00, 0.0
11.0, 15.0, 320.0, 54.0, 1992-09-01 00:00:00, 0.1
5.0, 13.0, 0.0, 70.0, 1992-09-02 00:00:00, 0.3
5.0, 10.8, 320.0, 68.0, 1992-09-03 00:00:00, 9.4
5.0, 8.6, 140.0, 54.0, 1992-09-04 00:00:00, 1.4
11.0, 11.3, 140.0, 40.0, 1992-09-05 00:00:00, 0.0
4.0, 12.3, 50.0, 46.0, 1992-09-06 00:00:00, 0.0
4.0, 8.6, 180.0, 88.0, 1992-09-07 00:00:00, 0.1
30.0, 9.3, 320.0, 66.0, 1992-09-08 00:00:00, 14.2
4.0, 10.3, 140.0, 67.0, 1992-09-09 00:00:00, 0.1
11.0, 14.9, 320.0, 42.0, 1992-09-10 00:00:00, 0.0
5.0, 9.7, 140.0, 55.0, 1992-09-11 00:00:00, 0.0
24.0, 1.3, 0.0, 92.0, 1992-09-12 00:00:00, 2.6
24.0, 1.9, 320.0, 69.0, 1992-09-13 00:00:00, 0.6
13.0, 6.4, 0.0, 39.0, 1992-09-14 00:00:00, 0.0
10.0, 11.0, 140.0, 29.0, 1992-09-15 00:00:00, 0.0
18.0, 5.0, 320.0, 86.0, 1992-09-16 00:00:00, 6.0
3.0, 11.1, 270.0, 48.0, 1992-09-17 00:00:00, 2.0
20.0, 11.5, 230.0, 63.0, 1992-09-18 00:00:00, 0.6
15.0, 7.3, 320.0, 52.0, 1992-09-19 00:00:00, 0.1
8.0, -0.2, 320.0, 55.0, 1992-09-20 00:00:00, 14.2
4.0, 2.0, 90.0, 99.0, 1992-09-21 00:00:00, 3.3
4.0, 2.0, 230.0, 99.0, 1992-09-22 00:00:00, 0.1
11.0, -3.0, 270.0, 55.0, 1992-09-23 00:00:00, 4.8
10.0, -3.0, 270.0, 55.0, 1992-09-24 00:00:00, 5.2
