station_observations
wind_speed, temperature, wind_direction, relative_humidity, time, precipitation
5.0, 22.3, 0.0, 36.0, 1989-06-23 00:00:00, 0.0
8.0, 22.6, 230.0, 43.0, 1989-06-24 00:00:00, 0.0
4.0, 21.7, 230.0, 45.0, 1989-06-25 00:00:00, 0.0
8.0, 7.7, 270.0, 99.0, 1989-06-26 00:00:00, 22.1
11.0, 13.6, 230.0, 55.0, 1989-06-27 00:00:00, 11.9
11.0, 14.8, 230.0, 50.0, 1989-06-28 00:00:00, 2.0
11.0, 18.3, 230.0, 48.0, 1989-06-29 00:00:00, 0.3
10.0, 16.7, 270.0, 55.0, 1989-06-30 00:00:00, 0.0
2.0, 12.7, 320.0, 88.0, 1989-07-01 00:00:00, 15.0
8.0, 13.0, 230.0, 91.0, 1989-07-02 00:00:00, 5.6
11.0, 15.6, 270.0, 55.0, 1989-07-03 00:00:00, 3.3
5.0, 9.1, 270.0, 97.0, 1989-07-04 00:00:00, 14.7
3.0, 16.6, 270.0, 68.0, 1989-07-05 00:00:00, 0.5
7.0, 15.7, 270.0, 69.0, 1989-07-06 00:00:00, 0.0
4.0, 17.0, 90.0, 57.0, 1989-07-07 00:00:00, 13.2
5.0, 20.8, 230.0, 41.0, 1989-07-08 00:00:00, 0.0
7.0, 21.8, 230.0, 39.0, 1989-07-09 00:00:00, 0.0
6.0, 19.8, 180.0, 41.0, 1989-07-10 00:00:00, 0.5
8.0, 20.1, 230.0, 38.0, 1989-07-11 00:00:00, 0.0
5.0, 24.0, 230.0, 36.0, 1989-07-12 00:00:00, 0.0
5.0, 20.6, 0.0, 48.0, 1989-07-13 00:00:00, 0.0
11.0, 22.0, 140.0, 44.0, 1989-07-14 00:00:00, 0.0
11.0, 18.8, 180.0, 65.0, 1989-07-15 00:00:00, 0.0
7.0, 20.4, 180.0, 48.0, 1989-07-16 00:00:00, 1.8
10.0, 20.2, 180.0, 54.0, 1989-07-17 00:00:00, 10.7
8.0, 20.2, 230.0, 59.0, 1989-07-18 00:00:00, 5.1
11.0, 17.4, 180.0, 68.0, 1989-07-19 00:00:00, 1.8
8.0, 16.2, 0.0, 53.0, 1989-07-20 00:00:00, 3.8
11.0, 16.2, 140.0, 51.0, 1989-07-21 00:00:00, 2.8
13.0, 13.4, 0.0, 62.0, 1989-07-22 00:00:00, 0.5
3.0, 16.9, 320.0, 49.0, 1989-07-23 00:00:00, 0.8
9.0, 20.0, 230.0, 45.0, 1989-07-24 00:00:00, 0.0
7.0, 21.1, 180.0, 42.0, 1989-07-25 00:00:00, 0.0
7.0, 24.9, 230.0, 29.0, 1989-07-26 00:00:00, 0.0
5.0, 16.6, 230.0, 69.0, 1989-07-27 00:00:00, 0.0
2.0, 17.2, 230.0, 69.0, 1989-07-28 00:00:00, 0.0
11.0, 22.5, 230.0, 47.0, 1989-07-29 00:00:00, 0.0
6.0, 23.0, 180.0, 47.0, 1989-07-30 00:00:00, 0.0
9.0, 18.3, 320.0, 59.0, 1989-07-31 00:00:00, 0.0
7.0, 20.0, 180.0, 60.0, 1989-08-01 00:00:00, 0.5
8.0, 20.6, 230.0, 60.0, 1989-08-02 00:00:00, 2.0
6.0, 21.1, 180.0, 51.0, 1989-08-03 00:00:00, 0.0
7.0, 20.0, 90.0, 50.0, 1989-08-04 00:00:00, 0.0
5.0, 20.8, 140.0, 57.0, 1989-08-05 00:00:00, 8.1
5.0, 18.2, 230.0, 84.0, 1989-08-06 00:00:00, 10.2
9.0, 23.8, 90.0, 47.0, 1989-08-07 00:00:00, 0.0
9.0, 22.5, 230.0, 41.0, 1989-08-08 00:00:00, 0.3
14.0, 17.0, 320.0, 75.0, 1989-08-09 00:00:00, 3.3
6.0, 13.6, 230.0, 98.0, 1989-08-10 00:00:00, 16.8
5.0, 20.5, 180.0, 59.0, 1989-08-11 00:00:00, 0.3
12.0, 23.6, 180.0, 47.0, 1989-08-12 00:00:00, 0.5
13.0, 21.1, 180.0, 64.0, 1989-08-13 00:00:00, 0.0
11.0, 21.0, 230.0, 56.0, 1989-08-14 00:00:00, 0.0
8.0, 21.4, 180.0, 56.0, 1989-08-15 00:00:00, 0.0
5.0, 18.3, 180.0, 71.0, 1989-08-16 00:00:00, 9.7
4.0, 16.7, 140.0, 78.0, 1989-08-17 00:00:00, 0.0
6.0, 20.5, 180.0, 63.0, 1989-08-18 00:00:00, 2.7
8.0, 21.4, 50.0, 49.0, 1989-08-19 00:00:00, 0.0
7.0, 14.8, 0.0, 67.0, 1989-08-20 00:00:00, 0.2
3.0, 12.4, 180.0, 94.0, 1989-08-21 00:00:00, 2.0
3.0, 14.1, 230.0, 75.0, 1989-08-22 00:00:00, 7.1
7.0, 17.6, 320.0, 55.0, 1989-08-23 00:00:00, 0.0
3.0, 17.7, 50.0, 53.0, 1989-08-24 00:00:00, 2.5
4.0, 15.8, 230.0, 69.0, 1989-08-25 00:00:00, 1.8
2.0, 14.0, 180.0, 71.0, 1989-08-26 00:00:00, 0.0
5.0, 11.4, 270.0, 98.0, 1989-08-27 00:00:00, 3.0
11.0, 14.0, 230.0, 76.0, 1989-08-28 00:00:00, 4.3
7.0, 17.0, 230.0, 64.0, 1989-08-29 00:00:00, 0.0
7.0, 20.1, 180.0, 52.0, 1989-08-30 00:00:00, 0.0
10.0, 18.5, 230.0, 60.0, 1989-08-31 00:00:00, 0.0
7.0, 17.0, 320.0, 60.0, 1989-09-01 00:00:00, 0.0
9.0, 15.5, 50.0, 59.0, 1989-09-02 00:00:00, 2.8
3.0, 12.7, 270.0, 70.0, 1989-09-03 00:00:00, 0.0
12.0, 10.7, 320.0, 63.0, 1989-09-04 00:00:00, 3.6
15.0, 17.5, 320.0, 43.0, 1989-09-05 00:00:00, 0.0
16.0, 18.7, 320.0, 52.0, 1989-09-06 00:00:00, 0.0
15.0, 16.5, 180.0, 60.0, 1989-09-07 00:00:00, 0.0
6.0, 16.9, 320.0, 44.0, 1989-09-08 00:00:00, 0.0
8.0, 16.6, 180.0, 49.0, 1989-09-09 00:00:00, 0.0
7.0, 17.5, 180.0, 48.0, 1989-09-10 00:00:00, 0.0
7.0, 18.0, 230.0, 46.0, 1989-09-11 00:00:00, 0.0
6.0, 19.6, 230.0, 37.0, 1989-09-12 00:00:00, 0.0
5.0, 17.4, 0.0, 42.0, 1989-09-13 00:00:00, 0.0
9.0, 13.6, 320.0, 41.0, 1989-09-14 00:00:00, 0.0
7.0, 6.0, 320.0, 72.0, 1989-09-15 00:00:00, 0.0
8.0, 6.1, 230.0, 84.0, 1989-09-16 00:00:00, 0.5
7.0, 6.4, 320.0, 55.0, 1989-09-17 00:00:00, 0.2
7.0, 7.7, 320.0, 62.0, 1989-09-18 00:00:00, 0.0
5.0, 11.3, 0.0, 73.0, 1989-09-19 00:00:00, 3.0
14.0, 13.4, 0.0, 71.0, 1989-09-20 00:00:00, 0.5
5.0, 13.0, 0.0, 75.0, 1989-09-21 00:00:00, 0.3
4.0, 18.2, 230.0, 65.0, 1989-09-22 00:00:00, 0.0
12.0, 16.6, 270.0, 42.0, 1989-09-23 00:00:00, 0.0
7.0, 14.1, 230.0, 51.0, 1989-09-24 00:00:00, 0.0
5.0, 14.8, 230.0, 58.0, 1989-09-25 00:00:00, 0.0
11.0, 16.6, 0.0, 45.0, 1989-09-26 00:00:00, 0.0
10.0, 14.4, 320.0, 42.0, 1989-09-27 00:00:00, 0.0
2.0, 9.4, 320.0, 79.0, 1989-09-28 00:00:00, 0.5
1.0, 10.0, 230.0, 99.0, 1989-09-29 00:00:00, 23.1
7.0, 7.7, 230.0, 81.0, 1989-09-30 00:00:00, 13.2
3.0, 2.8, 230.0, 99.0, 1989-10-01 00:00:00, 0.0
6.0, 7.7, 230.0, 89.0, 1989-10-02 00:00:00, 0.0
2.0, 10.0, 230.0, 80.0, 1989-10-03 00:00:00, 0.0
6.0, 8.6, 180.0, 95.0, 1989-10-04 00:00:00, 0.0
4.0, 8.1, 0.0, 90.0, 1989-10-05 00:00:00, 8.4
4.0, 7.2, 270.0, 98.0, 1989-10-06 00:00:00, 0.0
4.0, 9.0, 50.0, 81.0, 1989-10-07 00:00:00, 0.8
5.0, 10.0, 0.0, 50.0, 1989-10-08 00:00:00, 0.8
9.0, 8.6, 0.0, 84.0, 1989-10-09 00:00:00, 5.8
7.0, 7.3, 180.0, 51.0, 1989-10-10 00:00:00, 0.5
7.0, 6.9, 0.0, 64.0, 1989-10-11 00:00:00, 0.0
5.0, 3.0, 0.0, 85.0, 1989-10-12 00:00:00, 0.0
2.0, 1.5, 230.0, 95.0, 1989-10-13 00:00:00, 0.0
7.0, 4.6, 320.0, 63.0, 1989-10-14 00:00:00, 0.0
5.0, 1.9, 230.0, 63.0, 1989-10-15 00:00:00, 0.0
8.0, 20.7, 140.0, 33.0, 1990-07-27 00:00:00, 0.0
3.0, 24.1, 0.0, 31.0, 1990-07-28 00:00:00, 0.0
8.0, 26.6, 180.0, 32.0, 1990-07-29 00:00:00, 0.0
11.0, 28.3, 320.0, 21.0, 1990-07-30 00:00:00, 0.0
8.0, 18.3, 140.0, 35.0, 1990-07-31 00:00:00, 0.0
8.0, 18.3, 140.0, 35.0, 1990-08-01 00:00:00, 0.0
12.0, 17.6, 140.0, 42.0, 1990-08-02 00:00:00, 0.0
9.0, 18.9, 180.0, 41.0, 1990-08-03 00:00:00, 0.0
4.0, 21.7, 0.0, 0.0, 1990-08-04 00:00:00, 0.0
14.0, 27.2, 140.0, 33.0, 1990-08-05 00:00:00, 0.0
9.0, 13.6, 90.0, 57.0, 1990-08-06 00:00:00, 0.0
5.0, 15.7, 230.0, 45.0, 1990-08-07 00:00:00, 0.0
6.0, 18.7, 180.0, 48.0, 1990-08-08 00:00:00, 0.0
9.0, 23.2, 270.0, 43.0, 1990-08-09 00:00:00, 0.0
7.0, 25.9, 180.0, 39.0, 1990-08-10 00:00:00, 0.0
5.0, 29.1, 180.0, 32.0, 1990-08-11 00:00:00, 0.0
8.0, 30.3, 140.0, 32.0, 1990-08-12 00:00:00, 0.0
9.0, 20.6, 50.0, 64.0, 1990-08-13 00:00:00, 0.5
7.0, 15.0, 180.0, 95.0, 1990-08-14 00:00:00, 3.0
1.0, 13.9, 230.0, 91.0, 1990-08-15 00:00:00, 0.9
3.0, 17.9, 320.0, 73.0, 1990-08-16 00:00:00, 0.0
3.0, 17.9, 180.0, 68.0, 1990-08-17 00:00:00, 0.0
12.0, 20.5, 180.0, 58.0, 1990-08-18 00:00:00, 0.0
6.0, 22.6, 270.0, 39.0, 1990-08-19 00:00:00, 0.0
6.0, 21.8, 50.0, 49.0, 1990-08-20 00:00:00, 0.0
5.0, 22.1, 180.0, 49.0, 1990-08-21 00:00:00, 0.0
15.0, 14.1, 320.0, 51.0, 1990-08-22 00:00:00, 0.5
8.0, 7.0, 180.0, 99.0, 1990-08-23 00:00:00, 12.2
3.0, 12.3, 320.0, 53.0, 1990-08-24 00:00:00, 1.8
7.0, 13.8, 50.0, 46.0, 1990-08-25 00:00:00, 0.0
3.0, 16.3, 180.0, 43.0, 1990-08-26 00:00:00, 0.0
4.0, 16.2, 0.0, 48.0, 1990-08-27 00:00:00, 0.0
6.0, 20.1, 270.0, 46.0, 1990-08-28 00:00:00, 0.0
5.0, 17.2, 0.0, 54.0, 1990-08-29 00:00:00, 0.0
4.0, 9.5, 180.0, 99.0, 1990-08-30 00:00:00, 2.5
2.0, 13.1, 0.0, 83.0, 1990-08-31 00:00:00, 8.1
11.0, 11.2, 180.0, 67.0, 1990-09-01 00:00:00, 0.5
13.0, 12.3, 320.0, 57.0, 1990-09-02 00:00:00, 0.0
11.0, 13.3, 320.0, 50.0, 1990-09-03 00:00:00, 0.0
3.0, 10.7, 180.0, 71.0, 1990-09-04 00:00:00, 0.0
5.0, 15.5, 0.0, 50.0, 1990-09-05 00:00:00, 0.0
3.0, 17.0, 320.0, 47.0, 1990-09-06 00:00:00, 0.0
6.0, 16.8, 320.0, 55.0, 1990-09-07 00:00:00, 0.0
4.0, 14.5, 0.0, 34.0, 1990-09-08 00:00:00, 0.0
9.0, 17.4, 320.0, 42.0, 1990-09-09 00:00:00, 0.0
10.0, 18.3, 320.0, 34.0, 1990-09-10 00:00:00, 0.0
5.0, 15.3, 180.0, 51.0, 1990-09-11 00:00:00, 0.0
12.0, 15.2, 270.0, 43.0, 1990-09-12 00:00:00, 0.3
11.0, 19.3, 320.0, 34.0, 1990-09-13 00:00:00, 0.0
3.0, 17.5, 230.0, 45.0, 1990-09-14 00:00:00, 0.0
0.0, 0.0, 0.0, 0.0, 1994-06-29 00:00:00, 0.0
0.0, 0.0, 0.0, 0.0, 1994-06-30 00:00:00, 0.0
8.0, 10.5, 320.0, 97.0, 1994-07-01 00:00:00, 2.5
7.0, 10.9, 0.0, 99.0, 1994-07-02 00:00:00, 30.7
14.0, 13.9, 320.0, 86.0, 1994-07-03 00:00:00, 1.7
9.0, 13.8, 0.0, 83.0, 1994-07-04 00:00:00, 7.3
11.0, 18.5, 230.0, 45.0, 1994-07-05 00:00:00, 0.0
13.0, 15.4, 230.0, 51.0, 1994-07-06 00:00:00, 0.0
13.0, 14.7, 140.0, 58.0, 1994-07-07 00:00:00, 0.2
13.0, 14.6, 230.0, 44.0, 1994-07-08 00:00:00, 0.2
9.0, 11.9, 320.0, 69.0, 1994-07-09 00:00:00, 0.0
5.0, 13.6, 140.0, 80.0, 1994-07-10 00:00:00, 1.7
15.0, 20.6, 0.0, 39.0, 1994-07-11 00:00:00, 2.2
15.0, 25.7, 140.0, 32.0, 1994-07-12 00:00:00, 0.0
15.0, 25.8, 180.0, 29.0, 1994-07-13 00:00:00, 0.0
15.0, 26.1, 180.0, 27.0, 1994-07-14 00:00:00, 0.0
10.0, 26.6, 140.0, 28.0, 1994-07-15 00:00:00, 0.0
13.0, 27.2, 180.0, 23.0, 1994-07-16 00:00:00, 0.0
3.0, 27.1, 140.0, 24.0, 1994-07-17 00:00:00, 0.0
4.0, 27.6, 90.0, 23.0, 1994-07-18 00:00:00, 0.0
6.0, 24.8, 140.0, 27.0, 1994-07-19 00:00:00, 0.0
11.0, 23.6, 230.0, 27.0, 1994-07-20 00:00:00, 0.0
7.0, 21.1, 230.0, 34.0, 1994-07-21 00:00:00, 0.0
7.0, 19.1, 0.0, 40.0, 1994-07-22 00:00:00, 0.0
1.0, 17.4, 180.0, 46.0, 1994-07-23 00:00:00, 0.0
6.0, 17.2, 180.0, 48.0, 1994-07-24 00:00:00, 0.0
6.0, 17.2, 180.0, 48.0, 1994-07-25 00:00:00, 0.0
16.0, 25.3, 230.0, 24.0, 1994-07-26 00:00:00, 0.0
5.0, 25.1, 180.0, 24.0, 1994-07-27 00:00:00, 0.0
15.0, 24.9, 140.0, 34.0, 1994-07-28 00:00:00, 0.0
11.0, 24.2, 320.0, 35.0, 1994-07-29 00:00:00, 0.0
9.0, 17.9, 320.0, 49.0, 1994-07-30 00:00:00, 6.4
9.0, 20.8, 140.0, 34.0, 1994-07-31 00:00:00, 0.0
11.0, 24.8, 140.0, 25.0, 1994-08-01 00:00:00, 1.2
7.0, 28.5, 140.0, 24.0, 1994-08-02 00:00:00, 0.5
7.0, 30.1, 230.0, 29.0, 1994-08-03 00:00:00, 0.2
5.0, 19.7, 180.0, 80.0, 1994-08-04 00:00:00, 4.8
13.0, 14.4, 270.0, 93.0, 1994-08-05 00:00:00, 4.8
6.0, 13.3, 320.0, 91.0, 1994-08-06 00:00:00, 0.0
5.0, 13.9, 320.0, 90.0, 1994-08-07 00:00:00, 0.0
15.0, 20.4, 50.0, 43.0, 1994-08-08 00:00:00, 1.7
13.0, 20.2, 50.0, 33.0, 1994-08-09 00:00:00, 0.5
2.0, 23.5, 230.0, 29.0, 1994-08-10 00:00:00, 0.5
6.0, 25.8, 50.0, 29.0, 1994-08-11 00:00:00, 1.5
1.0, 22.2, 50.0, 67.0, 1994-08-12 00:00:00, 7.6
13.0, 25.1, 140.0, 38.0, 1994-08-13 00:00:00, 12.8
9.0, 25.1, 140.0, 38.0, 1994-08-14 00:00:00, 0.2
3.0, 15.9, 320.0, 68.0, 1994-08-15 00:00:00, 0.7
2.0, 22.2, 90.0, 38.0, 1994-08-16 00:00:00, 0.2
10.0, 23.2, 320.0, 33.0, 1994-08-17 00:00:00, 0.0
6.0, 26.1, 90.0, 31.0, 1994-08-18 00:00:00, 0.0
11.0, 26.1, 90.0, 34.0, 1994-08-19 00:00:00, 0.0
6.0, 23.1, 180.0, 33.0, 1994-08-20 00:00:00, 0.0
4.0, 15.8, 0.0, 69.0, 1994-08-21 00:00:00, 5.5
11.0, 15.0, 180.0, 48.0, 1994-08-22 00:00:00, 0.0
10.0, 13.3, 230.0, 49.0, 1994-08-23 00:00:00, 0.0
3.0, 14.0, 140.0, 50.0, 1994-08-24 00:00:00, 0.0
9.0, 17.2, 180.0, 34.0, 1994-08-25 00:00:00, 0.5
5.0, 20.4, 320.0, 29.0, 1994-08-26 00:00:00, 1.2
4.0, 22.3, 140.0, 34.0, 1994-08-27 00:00:00, 0.2
7.0, 21.2, 180.0, 41.0, 1994-08-28 00:00:00, 0.0
4.0, 23.3, 50.0, 26.0, 1994-08-29 00:00:00, 0.0
9.0, 18.8, 50.0, 70.0, 1994-08-30 00:00:00, 1.7
6.0, 18.8, 140.0, 52.0, 1994-08-31 00:00:00, 0.2
9.0, 14.0, 140.0, 86.0, 1994-09-01 00:00:00, 2.7
5.0, 13.1, 140.0, 50.0, 1994-09-02 00:00:00, 0.7
9.0, 13.7, 0.0, 43.0, 1994-09-03 00:00:00, 0.2
13.0, 13.7, 230.0, 43.0, 1994-09-04 00:00:00, 0.0
15.0, 13.0, 180.0, 77.0, 1994-09-05 00:00:00, 1.5
0.0, 9.0, 140.0, 99.0, 1994-09-06 00:00:00, 7.3
4.0, 14.9, 180.0, 51.0, 1994-09-07 00:00:00, 4.0
2.0, 10.2, 90.0, 82.0, 1994-09-08 00:00:00, 3.8
6.0, 12.5, 140.0, 91.0, 1994-09-09 00:00:00, 1.2
9.0, 12.3, 180.0, 72.0, 1994-09-10 00:00:00, 5.3
9.0, 9.5, 180.0, 79.0, 1994-09-11 00:00:00, 8.6
13.0, 8.7, 140.0, 99.0, 1994-09-12 00:00:00, 0.2
15.0, 13.8, 180.0, 67.0, 1994-09-13 00:00:00, 4.5
9.0, 12.5, 140.0, 68.0, 1994-09-14 00:00:00, 4.0
14.0, 11.2, 180.0, 98.0, 1994-09-15 00:00:00, 5.3
17.0, 14.6, 180.0, 97.0, 1994-09-16 00:00:00, 7.1
12.0, 16.5, 180.0, 60.0, 1994-09-17 00:00:00, 0.0
13.0, 13.7, 140.0, 61.0, 1994-09-18 00:00:00, 2.5
9.0, 9.4, 140.0, 89.0, 1994-09-19 00:00:00, 3.0
2.0, 13.7, 90.0, 32.0, 1994-09-20 00:00:00, 0.0
0.0, 0.0, 0.0, 0.0, 1995-05-16 00:00:00, 0.0
0.0, 0.0, 0.0, 0.0, 1995-05-17 00:00:00, 0.0
0.0, 0.0, 0.0, 0.0, 1995-05-31 00:00:00, 0.0
7.0, 12.9, 230.0, 51.0, 1995-06-01 00:00:00, 0.3
14.0, 17.5, 90.0, 32.0, 1995-06-02 00:00:00, 0.0
11.0, 20.4, 90.0, 21.0, 1995-06-03 00:00:00, 0.0
1.0, 14.0, 50.0, 54.0, 1995-06-04 00:00:00, 0.0
2.0, 8.4, 90.0, 95.0, 1995-06-05 00:00:00, 22.8
3.0, 14.2, 180.0, 59.0, 1995-06-06 00:00:00, 5.5
15.0, 17.7, 270.0, 47.0, 1995-06-07 00:00:00, 0.0
3.0, 21.2, 90.0, 35.0, 1995-06-08 00:00:00, 0.0
4.0, 26.9, 270.0, 22.0, 1995-06-09 00:00:00, 0.0
