station_observations
wind_speed, temperature, wind_direction, relative_humidity, time, precipitation
3.0, 25.5, 230.0, 50.0, 1990-07-25 00:00:00, 0.0
7.0, 22.5, 230.0, 39.0, 1990-07-26 00:00:00, 0.0
9.0, 21.0, 180.0, 45.0, 1990-07-27 00:00:00, 0.0
7.0, 24.4, 230.0, 41.0, 1990-07-28 00:00:00, 0.0
1.0, 27.2, 50.0, 34.0, 1990-07-29 00:00:00, 0.0
6.0, 28.3, 230.0, 32.0, 1990-07-30 00:00:00, 0.0
5.0, 19.9, 270.0, 65.0, 1990-07-31 00:00:00, 0.0
15.0, 18.4, 230.0, 43.0, 1990-08-01 00:00:00, 0.0
9.0, 16.6, 230.0, 49.0, 1990-08-02 00:00:00, 0.0
15.0, 17.8, 180.0, 56.0, 1990-08-03 00:00:00, 0.0
2.0, 22.9, 140.0, 49.0, 1990-08-04 00:00:00, 0.0
14.0, 28.6, 180.0, 30.0, 1990-08-05 00:00:00, 0.0
15.0, 17.9, 230.0, 41.0, 1990-08-06 00:00:00, 0.0
2.0, 15.1, 230.0, 53.0, 1990-08-07 00:00:00, 0.0
6.0, 21.9, 230.0, 45.0, 1990-08-08 00:00:00, 0.0
4.0, 23.9, 180.0, 49.0, 1990-08-09 00:00:00, 0.5
4.0, 26.3, 320.0, 39.0, 1990-08-10 00:00:00, 0.0
6.0, 29.5, 50.0, 32.0, 1990-08-11 00:00:00, 0.0
11.0, 29.5, 140.0, 33.0, 1990-08-12 00:00:00, 0.0
14.0, 25.4, 50.0, 49.0, 1990-08-13 00:00:00, 0.0
3.0, 19.4, 0.0, 79.0, 1990-08-14 00:00:00, 0.0
0.0, 19.6, 270.0, 64.0, 1990-08-15 00:00:00, 0.0
4.0, 19.3, 320.0, 65.0, 1990-08-16 00:00:00, 0.0
5.0, 15.7, 180.0, 94.0, 1990-08-17 00:00:00, 12.0
7.0, 17.7, 180.0, 81.0, 1990-08-18 00:00:00, 0.0
5.0, 22.9, 230.0, 49.0, 1990-08-19 00:00:00, 0.0
9.0, 23.3, 230.0, 48.0, 1990-08-20 00:00:00, 0.0
0.0, 22.7, 180.0, 54.0, 1990-08-21 00:00:00, 0.0
8.0, 11.0, 320.0, 99.0, 1990-08-22 00:00:00, 0.0
13.0, 8.2, 50.0, 63.0, 1990-08-23 00:00:00, 4.6
3.0, 11.8, 50.0, 54.0, 1990-08-24 00:00:00, 0.0
14.0, 15.4, 50.0, 39.0, 1990-08-25 00:00:00, 0.0
7.0, 16.6, 230.0, 43.0, 1990-08-26 00:00:00, 0.0
11.0, 14.1, 180.0, 59.0, 1990-08-27 00:00:00, 0.0
12.0, 16.5, 180.0, 61.0, 1990-08-28 00:00:00, 0.0
15.0, 19.3, 180.0, 53.0, 1990-08-29 00:00:00, 0.0
67.0, 12.2, 50.0, 87.0, 1990-08-30 00:00:00, 0.0
6.0, 10.9, 180.0, 99.0, 1990-08-31 00:00:00, 6.2
12.0, 8.6, 180.0, 98.0, 1990-09-01 00:00:00, 8.1
10.0, 11.2, 180.0, 79.0, 1990-09-02 00:00:00, 3.9
7.0, 12.0, 180.0, 70.0, 1990-09-03 00:00:00, 0.5
14.0, 14.9, 180.0, 68.0, 1990-09-04 00:00:00, 0.0
9.0, 15.6, 230.0, 59.0, 1990-09-05 00:00:00, 0.0
10.0, 17.9, 180.0, 58.0, 1990-09-06 00:00:00, 0.0
4.0, 14.7, 180.0, 69.0, 1990-09-07 00:00:00, 0.0
6.0, 14.5, 230.0, 78.0, 1990-09-08 00:00:00, 10.0
10.0, 17.0, 230.0, 53.0, 1990-09-09 00:00:00, 0.0
12.0, 19.0, 230.0, 42.0, 1990-09-10 00:00:00, 0.0
11.0, 13.8, 180.0, 64.0, 1990-09-11 00:00:00, 0.0
7.0, 13.8, 270.0, 56.0, 1990-09-12 00:00:00, 0.0
14.0, 16.1, 180.0, 58.0, 1990-09-13 00:00:00, 0.0
1.0, 18.6, 140.0, 53.0, 1990-09-14 00:00:00, 0.0
14.0, 19.8, 180.0, 51.0, 1990-09-15 00:00:00, 0.0
4.0, 15.8, 0.0, 63.0, 1990-09-16 00:00:00, 0.0
10.0, 14.0, 140.0, 50.0, 1990-09-17 00:00:00, 0.0
10.0, 11.0, 180.0, 94.0, 1990-09-18 00:00:00, 0.0
7.0, 12.3, 270.0, 56.0, 1990-09-19 00:00:00, 0.0
9.0, 11.7, 180.0, 62.0, 1990-09-20 00:00:00, 0.0
6.0, 14.2, 180.0, 82.0, 1990-09-21 00:00:00, 0.0
16.0, 21.5, 180.0, 49.0, 1990-09-22 00:00:00, 0.0
17.0, 20.7, 230.0, 41.0, 1990-09-23 00:00:00, 0.0
13.0, 17.8, 230.0, 47.0, 1990-09-24 00:00:00, 0.0
13.0, 13.4, 270.0, 45.0, 1990-09-25 00:00:00, 0.0
0.0, 10.9, 50.0, 47.0, 1990-09-26 00:00:00, 0.0
5.0, 13.1, 90.0, 40.0, 1990-09-27 00:00:00, 0.0
7.0, 11.4, 180.0, 48.0, 1990-09-28 00:00:00, 0.0
18.0, 11.3, 230.0, 46.0, 1990-09-29 00:00:00, 0.0
8.0, 8.8, 230.0, 93.0, 1990-09-30 00:00:00, 0.0
5.0, 8.3, 140.0, 99.0, 1990-10-01 00:00:00, 0.0
12.0, 6.0, 270.0, 76.0, 1990-10-02 00:00:00, 0.0
8.0, 4.8, 180.0, 71.0, 1990-10-03 00:00:00, 0.0
8.0, 0.4, 50.0, 99.0, 1990-10-04 00:00:00, 0.0
0.0, 1.4, 0.0, 75.0, 1990-10-05 00:00:00, 0.0
7.0, -0.2, 180.0, 99.0, 1990-10-06 00:00:00, 0.0
8.0, 1.1, 180.0, 99.0, 1990-10-07 00:00:00, 0.0
11.0, 4.8, 180.0, 99.0, 1990-10-08 00:00:00, 0.0
7.0, 5.5, 230.0, 99.0, 1990-10-09 00:00:00, 0.0
3.0, 3.7, 180.0, 92.0, 1990-10-10 00:00:00, 0.0
9.0, 1.5, 140.0, 91.0, 1990-10-11 00:00:00, 0.0
14.0, 1.7, 180.0, 97.0, 1990-10-12 00:00:00, 0.0
12.0, 3.3, 230.0, 71.0, 1990-10-13 00:00:00, 0.0
10.0, 2.8, 180.0, 65.0, 1990-10-14 00:00:00, 0.0
9.0, 2.8, 180.0, 76.0, 1990-10-15 00:00:00, 0.0
7.0, 0.7, 230.0, 71.0, 1990-10-16 00:00:00, 0.0
0.0, 0.0, 0.0, 0.0, 1993-06-30 00:00:00, 0.0
16.0, 16.1, 230.0, 53.0, 1993-07-01 00:00:00, 0.0
4.0, 13.7, 230.0, 80.0, 1993-07-02 00:00:00, 1.0
15.0, 18.7, 180.0, 50.0, 1993-07-03 00:00:00, 2.0
13.0, 15.1, 230.0, 61.0, 1993-07-04 00:00:00, 0.0
10.0, 10.6, 140.0, 83.0, 1993-07-05 00:00:00, 2.7
7.0, 12.9, 320.0, 86.0, 1993-07-06 00:00:00, 1.2
12.0, 17.5, 230.0, 65.0, 1993-07-07 00:00:00, 2.0
14.0, 16.0, 140.0, 56.0, 1993-07-08 00:00:00, 14.7
12.0, 15.3, 90.0, 51.0, 1993-07-09 00:00:00, 0.0
12.0, 17.3, 140.0, 46.0, 1993-07-10 00:00:00, 0.0
14.0, 14.6, 140.0, 55.0, 1993-07-11 00:00:00, 0.0
13.0, 14.8, 0.0, 46.0, 1993-07-12 00:00:00, 0.5
11.0, 16.5, 140.0, 38.0, 1993-07-13 00:00:00, 0.0
2.0, 9.6, 230.0, 99.0, 1993-07-14 00:00:00, 2.5
8.0, 12.4, 0.0, 68.0, 1993-07-15 00:00:00, 7.6
5.0, 13.6, 0.0, 60.0, 1993-07-16 00:00:00, 0.0
11.0, 19.4, 230.0, 41.0, 1993-07-17 00:00:00, 0.0
14.0, 20.7, 230.0, 49.0, 1993-07-18 00:00:00, 0.0
10.0, 20.7, 230.0, 40.0, 1993-07-19 00:00:00, 0.0
13.0, 18.8, 140.0, 57.0, 1993-07-20 00:00:00, 1.2
13.0, 21.1, 180.0, 41.0, 1993-07-21 00:00:00, 0.0
17.0, 19.2, 180.0, 50.0, 1993-07-22 00:00:00, 0.0
12.0, 16.3, 230.0, 63.0, 1993-07-23 00:00:00, 0.0
5.0, 12.9, 230.0, 90.0, 1993-07-24 00:00:00, 3.5
6.0, 17.1, 230.0, 69.0, 1993-07-25 00:00:00, 7.3
9.0, 19.8, 180.0, 63.0, 1993-07-26 00:00:00, 5.3
12.0, 17.1, 320.0, 71.0, 1993-07-27 00:00:00, 0.5
5.0, 16.3, 320.0, 79.0, 1993-07-28 00:00:00, 2.2
18.0, 12.7, 180.0, 95.0, 1993-07-29 00:00:00, 18.7
10.0, 8.6, 230.0, 98.0, 1993-07-30 00:00:00, 11.6
14.0, 14.9, 270.0, 65.0, 1993-07-31 00:00:00, 0.2
11.0, 18.7, 230.0, 54.0, 1993-08-01 00:00:00, 0.0
6.0, 21.7, 180.0, 46.0, 1993-08-02 00:00:00, 0.0
1.0, 23.1, 50.0, 43.0, 1993-08-03 00:00:00, 0.7
6.0, 25.3, 270.0, 41.0, 1993-08-04 00:00:00, 0.0
14.0, 26.8, 230.0, 39.0, 1993-08-05 00:00:00, 0.0
10.0, 13.4, 0.0, 80.0, 1993-08-06 00:00:00, 0.0
10.0, 19.4, 180.0, 50.0, 1993-08-07 00:00:00, 1.5
11.0, 12.6, 180.0, 99.0, 1993-08-08 00:00:00, 10.4
11.0, 8.9, 0.0, 81.0, 1993-08-09 00:00:00, 5.5
8.0, 11.1, 270.0, 58.0, 1993-08-10 00:00:00, 0.5
11.0, 17.5, 230.0, 53.0, 1993-08-11 00:00:00, 0.0
9.0, 14.2, 230.0, 76.0, 1993-08-12 00:00:00, 1.5
3.0, 16.1, 270.0, 56.0, 1993-08-13 00:00:00, 0.2
4.0, 18.3, 50.0, 49.0, 1993-08-14 00:00:00, 0.0
13.0, 21.4, 180.0, 39.0, 1993-08-15 00:00:00, 0.0
5.0, 22.9, 180.0, 34.0, 1993-08-16 00:00:00, 0.0
12.0, 23.1, 230.0, 46.0, 1993-08-17 00:00:00, 0.0
6.0, 20.4, 230.0, 55.0, 1993-08-18 00:00:00, 0.0
7.0, 22.6, 230.0, 48.0, 1993-08-19 00:00:00, 0.0
11.0, 23.8, 180.0, 46.0, 1993-08-20 00:00:00, 0.2
12.0, 17.4, 180.0, 57.0, 1993-08-21 00:00:00, 0.0
8.0, 15.5, 180.0, 62.0, 1993-08-22 00:00:00, 0.0
14.0, 10.8, 180.0, 99.0, 1993-08-23 00:00:00, 19.3
4.0, 8.4, 230.0, 99.0, 1993-08-24 00:00:00, 11.4
6.0, 10.4, 180.0, 96.0, 1993-08-25 00:00:00, 1.2
5.0, 12.5, 230.0, 66.0, 1993-08-26 00:00:00, 0.0
0.0, 10.3, 0.0, 85.0, 1993-08-27 00:00:00, 0.7
6.0, 12.4, 230.0, 80.0, 1993-08-28 00:00:00, 0.2
4.0, 15.9, 180.0, 56.0, 1993-08-29 00:00:00, 0.0
11.0, 16.6, 230.0, 57.0, 1993-08-30 00:00:00, 0.0
11.0, 20.3, 320.0, 49.0, 1993-08-31 00:00:00, 0.0
5.0, 19.4, 230.0, 46.0, 1993-09-01 00:00:00, 0.0
11.0, 22.0, 180.0, 54.0, 1993-09-02 00:00:00, 0.0
7.0, 20.6, 230.0, 45.0, 1993-09-03 00:00:00, 0.0
7.0, 19.0, 50.0, 50.0, 1993-09-04 00:00:00, 0.0
5.0, 19.9, 180.0, 49.0, 1993-09-05 00:00:00, 0.0
10.0, 21.2, 230.0, 47.0, 1993-09-06 00:00:00, 0.0
11.0, 20.4, 180.0, 44.0, 1993-09-07 00:00:00, 0.0
16.0, 19.7, 320.0, 34.0, 1993-09-08 00:00:00, 0.0
8.0, 19.4, 180.0, 37.0, 1993-09-09 00:00:00, 0.0
14.0, 19.2, 180.0, 45.0, 1993-09-10 00:00:00, 0.0
0.0, 0.0, 0.0, 0.0, 1994-06-24 00:00:00, 0.0
17.0, 17.7, 50.0, 51.0, 1994-06-25 00:00:00, 0.0
19.0, 16.2, 50.0, 40.0, 1994-06-26 00:00:00, 0.0
10.0, 12.4, 50.0, 53.0, 1994-06-27 00:00:00, 0.0
19.0, 16.2, 50.0, 40.0, 1994-06-28 00:00:00, 0.2
9.0, 8.8, 0.0, 97.0, 1994-06-29 00:00:00, 3.5
11.0, 8.2, 0.0, 99.0, 1994-06-30 00:00:00, 4.5
0.0, 10.1, 0.0, 98.0, 1994-07-01 00:00:00, 3.8
7.0, 9.6, 180.0, 97.0, 1994-07-02 00:00:00, 2.7
6.0, 12.0, 90.0, 97.0, 1994-07-03 00:00:00, 9.1
10.0, 9.9, 180.0, 99.0, 1994-07-04 00:00:00, 13.9
8.0, 14.8, 0.0, 84.0, 1994-07-05 00:00:00, 1.0
18.0, 14.2, 50.0, 70.0, 1994-07-06 00:00:00, 0.0
14.0, 13.4, 50.0, 75.0, 1994-07-07 00:00:00, 0.0
12.0, 11.4, 90.0, 60.0, 1994-07-08 00:00:00, 1.0
18.0, 10.9, 50.0, 74.0, 1994-07-09 00:00:00, 0.7
9.0, 11.1, 320.0, 86.0, 1994-07-10 00:00:00, 0.0
2.0, 12.5, 50.0, 91.0, 1994-07-11 00:00:00, 0.0
7.0, 18.8, 230.0, 54.0, 1994-07-12 00:00:00, 0.0
1.0, 22.0, 140.0, 40.0, 1994-07-13 00:00:00, 2.2
7.0, 21.0, 90.0, 44.0, 1994-07-14 00:00:00, 0.0
8.0, 21.1, 50.0, 51.0, 1994-07-15 00:00:00, 0.0
11.0, 20.2, 50.0, 51.0, 1994-07-16 00:00:00, 0.0
14.0, 12.7, 50.0, 84.0, 1994-07-17 00:00:00, 0.5
14.0, 14.5, 90.0, 68.0, 1994-07-18 00:00:00, 0.0
13.0, 17.9, 50.0, 52.0, 1994-07-19 00:00:00, 0.0
11.0, 23.3, 0.0, 48.0, 1994-07-20 00:00:00, 0.0
7.0, 20.2, 140.0, 25.0, 1994-07-21 00:00:00, 0.0
4.0, 23.0, 50.0, 26.0, 1994-07-22 00:00:00, 0.0
5.0, 26.4, 140.0, 14.0, 1994-07-23 00:00:00, 0.0
6.0, 27.3, 50.0, 26.0, 1994-07-24 00:00:00, 0.0
10.0, 28.9, 50.0, 22.0, 1994-07-25 00:00:00, 0.0
9.0, 21.7, 0.0, 58.0, 1994-07-26 00:00:00, 0.0
10.0, 19.6, 50.0, 52.0, 1994-07-27 00:00:00, 0.0
7.0, 23.3, 320.0, 46.0, 1994-07-28 00:00:00, 0.0
7.0, 21.5, 50.0, 62.0, 1994-07-29 00:00:00, 0.0
11.0, 16.0, 50.0, 59.0, 1994-07-30 00:00:00, 0.0
11.0, 15.3, 0.0, 56.0, 1994-07-31 00:00:00, 0.0
9.0, 20.5, 180.0, 41.0, 1994-08-01 00:00:00, 0.0
10.0, 24.0, 180.0, 47.0, 1994-08-02 00:00:00, 0.0
10.0, 25.1, 180.0, 56.0, 1994-08-03 00:00:00, 0.0
0.0, 18.5, 0.0, 94.0, 1994-08-04 00:00:00, 4.3
8.0, 13.9, 0.0, 99.0, 1994-08-05 00:00:00, 0.0
0.0, 11.2, 0.0, 95.0, 1994-08-06 00:00:00, 1.7
6.0, 16.1, 230.0, 75.0, 1994-08-07 00:00:00, 3.0
7.0, 17.8, 180.0, 55.0, 1994-08-08 00:00:00, 0.0
9.0, 15.6, 180.0, 58.0, 1994-08-09 00:00:00, 0.0
7.0, 19.7, 0.0, 54.0, 1994-08-10 00:00:00, 0.0
11.0, 22.9, 0.0, 43.0, 1994-08-11 00:00:00, 0.0
3.0, 22.8, 50.0, 46.0, 1994-08-12 00:00:00, 0.0
2.0, 24.2, 180.0, 45.0, 1994-08-13 00:00:00, 5.5
14.0, 22.0, 50.0, 52.0, 1994-08-14 00:00:00, 0.0
15.0, 19.9, 50.0, 47.0, 1994-08-15 00:00:00, 0.7
8.0, 20.1, 180.0, 47.0, 1994-08-16 00:00:00, 0.0
6.0, 20.7, 230.0, 46.0, 1994-08-17 00:00:00, 0.0
7.0, 23.7, 50.0, 42.0, 1994-08-18 00:00:00, 0.0
10.0, 24.9, 50.0, 35.0, 1994-08-19 00:00:00, 0.0
12.0, 20.0, 50.0, 50.0, 1994-08-20 00:00:00, 0.0
5.0, 15.7, 90.0, 59.0, 1994-08-21 00:00:00, 5.0
6.0, 10.5, 90.0, 83.0, 1994-08-22 00:00:00, 11.1
13.0, 11.2, 50.0, 63.0, 1994-08-23 00:00:00, 1.5
6.0, 13.5, 0.0, 57.0, 1994-08-24 00:00:00, 0.5
8.0, 16.2, 50.0, 48.0, 1994-08-25 00:00:00, 0.0
7.0, 18.4, 180.0, 31.0, 1994-08-26 00:00:00, 0.0
10.0, 21.0, 50.0, 35.0, 1994-08-27 00:00:00, 0.0
8.0, 21.7, 50.0, 32.0, 1994-08-28 00:00:00, 0.0
7.0, 23.3, 180.0, 37.0, 1994-08-29 00:00:00, 0.0
8.0, 18.2, 320.0, 78.0, 1994-08-30 00:00:00, 7.0
3.0, 15.2, 140.0, 94.0, 1994-08-31 00:00:00, 18.0
3.0, 11.8, 50.0, 90.0, 1994-09-01 00:00:00, 0.7
15.0, 13.2, 50.0, 65.0, 1994-09-02 00:00:00, 0.2
0.0, 9.1, 180.0, 94.0, 1994-09-03 00:00:00, 0.5
10.0, 12.5, 50.0, 63.0, 1994-09-04 00:00:00, 0.2
11.0, 12.4, 50.0, 95.0, 1994-09-05 00:00:00, 5.3
12.0, 13.7, 320.0, 90.0, 1994-09-06 00:00:00, 10.1
3.0, 13.4, 0.0, 70.0, 1994-09-07 00:00:00, 4.8
8.0, 9.1, 180.0, 99.0, 1994-09-08 00:00:00, 7.1
2.0, 10.0, 50.0, 99.0, 1994-09-09 00:00:00, 7.1
6.0, 9.7, 320.0, 99.0, 1994-09-10 00:00:00, 2.0
5.0, 10.6, 90.0, 67.0, 1994-09-11 00:00:00, 0.0
11.0, 7.5, 0.0, 99.0, 1994-09-12 00:00:00, 1.2
16.0, 9.8, 0.0, 99.0, 1994-09-13 00:00:00, 1.2
9.0, 11.7, 50.0, 79.0, 1994-09-14 00:00:00, 2.5
15.0, 13.2, 50.0, 82.0, 1994-09-15 00:00:00, 3.5
20.0, 18.7, 50.0, 52.0, 1994-09-16 00:00:00, 0.0
9.0, 18.3, 50.0, 63.0, 1994-09-17 00:00:00, 0.0
14.0, 15.3, 50.0, 67.0, 1994-09-18 00:00:00, 0.0
5.0, 9.3, 50.0, 99.0, 1994-09-19 00:00:00, 3.0
2.0, 11.1, 180.0, 45.0, 1994-09-20 00:00:00, 0.0
12.0, 13.9, 0.0, 56.0, 1994-09-21 00:00:00, 0.0
12.0, 16.0, 50.0, 61.0, 1994-09-22 00:00:00, 0.0
11.0, 11.9, 90.0, 56.0, 1994-09-23 00:00:00, 0.2
18.0, 17.7, 0.0, 82.0, 1994-09-24 00:00:00, 0.5
19.0, 12.1, 90.0, 47.0, 1994-09-25 00:00:00, 2.0
9.0, 8.4, 50.0, 66.0, 1994-09-26 00:00:00, 0.0
