station_observations
wind_speed, temperature, wind_direction, relative_humidity, time, precipitation
0.0, 0.0, 0.0, 0.0, 1992-06-09 00:00:00, 0.0
9.0, 8.0, 50.0, 92.0, 1992-06-10 00:00:00, 9.4
6.0, 12.7, 140.0, 73.0, 1992-06-11 00:00:00, 4.1
14.0, 17.0, 90.0, 65.0, 1992-06-12 00:00:00, 0.0
12.0, 19.4, 90.0, 53.0, 1992-06-13 00:00:00, 0.0
10.0, 19.4, 180.0, 54.0, 1992-06-14 00:00:00, 0.0
10.0, 17.1, 180.0, 71.0, 1992-06-15 00:00:00, 0.8
23.0, 14.2, 270.0, 56.0, 1992-06-16 00:00:00, 0.0
13.0, 15.0, 180.0, 51.0, 1992-06-17 00:00:00, 0.0
7.0, 16.5, 230.0, 55.0, 1992-06-18 00:00:00, 0.0
4.0, 11.5, 270.0, 87.0, 1992-06-19 00:00:00, 2.8
9.0, 15.1, 230.0, 69.0, 1992-06-20 00:00:00, 2.8
18.0, 15.0, 270.0, 50.0, 1992-06-21 00:00:00, 0.0
7.0, 15.7, 270.0, 61.0, 1992-06-22 00:00:00, 0.3
14.0, 17.0, 270.0, 49.0, 1992-06-23 00:00:00, 0.0
6.0, 21.6, 320.0, 37.0, 1992-06-24 00:00:00, 0.0
6.0, 23.6, 180.0, 39.0, 1992-06-25 00:00:00, 0.0
17.0, 22.4, 270.0, 32.0, 1992-06-26 00:00:00, 0.0
8.0, 21.9, 180.0, 37.0, 1992-06-27 00:00:00, 0.0
13.0, 22.3, 90.0, 35.0, 1992-06-28 00:00:00, 0.0
17.0, 20.0, 140.0, 36.0, 1992-06-29 00:00:00, 0.0
9.0, 19.7, 90.0, 36.0, 1992-06-30 00:00:00, 0.0
6.0, 14.6, 140.0, 63.0, 1992-07-01 00:00:00, 0.3
15.0, 15.3, 90.0, 63.0, 1992-07-02 00:00:00, 0.0
7.0, 14.1, 140.0, 69.0, 1992-07-03 00:00:00, 0.3
5.0, 17.6, 140.0, 56.0, 1992-07-04 00:00:00, 1.0
15.0, 19.7, 230.0, 56.0, 1992-07-05 00:00:00, 11.4
24.0, 16.6, 270.0, 68.0, 1992-07-06 00:00:00, 0.0
16.0, 14.8, 270.0, 60.0, 1992-07-07 00:00:00, 0.0
19.0, 16.7, 270.0, 59.0, 1992-07-08 00:00:00, 0.0
9.0, 15.3, 180.0, 73.0, 1992-07-09 00:00:00, 5.1
5.0, 14.4, 320.0, 84.0, 1992-07-10 00:00:00, 10.2
6.0, 19.0, 180.0, 59.0, 1992-07-11 00:00:00, 2.8
19.0, 13.5, 320.0, 78.0, 1992-07-12 00:00:00, 1.8
20.0, 10.7, 270.0, 75.0, 1992-07-13 00:00:00, 4.8
23.0, 12.1, 270.0, 71.0, 1992-07-14 00:00:00, 0.8
6.0, 15.5, 270.0, 59.0, 1992-07-15 00:00:00, 0.0
12.0, 16.5, 270.0, 56.0, 1992-07-16 00:00:00, 0.0
10.0, 17.6, 270.0, 50.0, 1992-07-17 00:00:00, 0.0
10.0, 16.9, 140.0, 55.0, 1992-07-18 00:00:00, 0.0
11.0, 19.6, 140.0, 39.0, 1992-07-19 00:00:00, 0.0
6.0, 22.1, 180.0, 38.0, 1992-07-20 00:00:00, 0.0
21.0, 18.0, 270.0, 42.0, 1992-07-21 00:00:00, 0.0
16.0, 18.3, 270.0, 42.0, 1992-07-22 00:00:00, 0.0
11.0, 19.6, 270.0, 40.0, 1992-07-23 00:00:00, 0.0
12.0, 19.5, 230.0, 46.0, 1992-07-24 00:00:00, 0.0
8.0, 17.5, 180.0, 54.0, 1992-07-25 00:00:00, 0.3
16.0, 12.8, 270.0, 63.0, 1992-07-26 00:00:00, 0.3
12.0, 15.7, 270.0, 59.0, 1992-07-27 00:00:00, 0.0
15.0, 17.8, 270.0, 52.0, 1992-07-28 00:00:00, 0.0
15.0, 17.2, 270.0, 55.0, 1992-07-29 00:00:00, 0.0
10.0, 17.7, 270.0, 45.0, 1992-07-30 00:00:00, 0.0
7.0, 21.5, 140.0, 38.0, 1992-07-31 00:00:00, 0.0
9.0, 25.2, 140.0, 35.0, 1992-08-01 00:00:00, 0.0
11.0, 24.4, 270.0, 33.0, 1992-08-02 00:00:00, 0.0
16.0, 20.9, 270.0, 44.0, 1992-08-03 00:00:00, 0.0
10.0, 22.9, 270.0, 40.0, 1992-08-04 00:00:00, 0.0
13.0, 22.4, 180.0, 45.0, 1992-08-05 00:00:00, 0.0
8.0, 10.8, 230.0, 98.0, 1992-08-06 00:00:00, 10.4
16.0, 13.3, 270.0, 62.0, 1992-08-07 00:00:00, 0.5
11.0, 13.6, 270.0, 57.0, 1992-08-08 00:00:00, 0.0
16.0, 13.3, 270.0, 63.0, 1992-08-09 00:00:00, 0.0
10.0, 18.5, 140.0, 45.0, 1992-08-10 00:00:00, 0.0
11.0, 22.1, 140.0, 49.0, 1992-08-11 00:00:00, 0.0
7.0, 23.5, 230.0, 43.0, 1992-08-12 00:00:00, 0.0
3.0, 19.9, 180.0, 54.0, 1992-08-13 00:00:00, 0.0
20.0, 17.0, 270.0, 46.0, 1992-08-14 00:00:00, 0.0
11.0, 16.0, 270.0, 44.0, 1992-08-15 00:00:00, 0.0
9.0, 17.8, 270.0, 51.0, 1992-08-16 00:00:00, 1.0
7.0, 22.5, 180.0, 45.0, 1992-08-17 00:00:00, 0.0
19.0, 16.5, 270.0, 41.0, 1992-08-18 00:00:00, 0.0
11.0, 15.2, 270.0, 44.0, 1992-08-19 00:00:00, 0.0
11.0, 18.1, 270.0, 36.0, 1992-08-20 00:00:00, 0.0
6.0, 10.6, 230.0, 43.0, 1992-08-21 00:00:00, 0.5
8.0, 10.6, 90.0, 37.0, 1992-08-22 00:00:00, 0.0
11.0, 16.1, 230.0, 38.0, 1992-08-23 00:00:00, 0.0
7.0, 19.3, 270.0, 41.0, 1992-08-24 00:00:00, 0.0
17.0, 16.4, 270.0, 68.0, 1992-08-25 00:00:00, 0.0
11.0, 14.6, 270.0, 71.0, 1992-08-26 00:00:00, 0.0
16.0, 10.5, 270.0, 55.0, 1992-08-27 00:00:00, 0.5
9.0, 13.0, 180.0, 47.0, 1992-08-28 00:00:00, 0.0
12.0, 12.2, 140.0, 50.0, 1992-08-29 00:00:00, 0.8
3.0, 11.5, 50.0, 92.0, 1992-08-30 00:00:00, 1.5
17.0, 12.2, 270.0, 81.0, 1992-08-31 00:00:00, 0.0
16.0, 9.2, 270.0, 76.0, 1992-09-01 00:00:00, 0.0
23.0, 10.4, 270.0, 60.0, 1992-09-02 00:00:00, 0.3
13.0, 10.7, 270.0, 51.0, 1992-09-03 00:00:00, 0.0
15.0, 5.6, 270.0, 79.0, 1992-09-04 00:00:00, 0.3
1.0, 3.8, 320.0, 92.0, 1992-09-05 00:00:00, 4.8
6.0, 7.0, 180.0, 82.0, 1992-09-06 00:00:00, 10.7
8.0, 4.7, 140.0, 99.0, 1992-09-07 00:00:00, 3.6
17.0, 5.9, 270.0, 86.0, 1992-09-08 00:00:00, 6.6
8.0, 6.0, 180.0, 99.0, 1992-09-09 00:00:00, 2.0
24.0, 8.0, 270.0, 81.0, 1992-09-10 00:00:00, 4.8
14.0, 5.8, 270.0, 73.0, 1992-09-11 00:00:00, 0.0
20.0, 4.4, 270.0, 63.0, 1992-09-12 00:00:00, 0.8
4.0, -0.5, 180.0, 99.0, 1992-09-13 00:00:00, 0.5
14.0, 1.8, 270.0, 65.0, 1992-09-14 00:00:00, 4.3
8.0, 4.8, 140.0, 66.0, 1992-09-15 00:00:00, 0.3
25.0, 1.5, 320.0, 93.0, 1992-09-16 00:00:00, 4.8
5.0, 6.7, 180.0, 72.0, 1992-09-17 00:00:00, 0.0
4.0, 7.3, 180.0, 99.0, 1992-09-18 00:00:00, 6.1
15.0, 11.2, 230.0, 87.0, 1992-09-19 00:00:00, 0.5
22.0, 6.9, 320.0, 59.0, 1992-09-20 00:00:00, 0.0
9.0, 2.7, 140.0, 99.0, 1992-09-21 00:00:00, 5.6
7.0, 9.9, 180.0, 98.0, 1992-09-22 00:00:00, 6.6
6.0, 10.5, 180.0, 98.0, 1992-09-23 00:00:00, 9.7
11.0, 8.8, 270.0, 90.0, 1992-09-24 00:00:00, 0.5
14.0, 4.1, 320.0, 77.0, 1992-09-25 00:00:00, 1.3
18.0, 0.6, 270.0, 99.0, 1992-09-26 00:00:00, 0.0
10.0, 1.1, 140.0, 97.0, 1992-09-27 00:00:00, 7.6
10.0, 5.1, 90.0, 94.0, 1992-09-28 00:00:00, 11.2
11.0, 11.0, 230.0, 74.0, 1992-09-29 00:00:00, 1.0
1.0, 8.1, 180.0, 89.0, 1992-09-30 00:00:00, 0.0
1.0, 9.0, 140.0, 98.0, 1992-10-01 00:00:00, 1.3
8.0, 14.3, 140.0, 86.0, 1992-10-02 00:00:00, 0.3
22.0, 4.3, 270.0, 95.0, 1992-10-03 00:00:00, 2.8
16.0, 5.5, 270.0, 76.0, 1992-10-04 00:00:00, 0.3
3.0, 5.0, 270.0, 66.0, 1992-10-05 00:00:00, 0.5
3.0, 6.2, 180.0, 69.0, 1992-10-06 00:00:00, 0.0
7.0, 1.5, 140.0, 78.0, 1992-10-07 00:00:00, 0.0
4.0, 1.7, 320.0, 90.0, 1992-10-08 00:00:00, 3.8
14.0, 6.0, 180.0, 84.0, 1992-10-09 00:00:00, 0.0
19.0, 5.2, 270.0, 93.0, 1992-10-10 00:00:00, 3.3
19.0, 1.7, 270.0, 66.0, 1992-10-11 00:00:00, 0.5
4.0, 1.2, 230.0, 60.0, 1992-10-12 00:00:00, 0.0
18.0, -0.3, 270.0, 64.0, 1992-10-13 00:00:00, 0.0
0.0, 0.0, 0.0, 0.0, 1993-05-17 00:00:00, 0.0
9.0, 17.9, 140.0, 28.0, 1993-05-18 00:00:00, 0.5
10.0, 21.1, 140.0, 30.0, 1993-05-19 00:00:00, 0.0
11.0, 9.6, 230.0, 95.0, 1993-05-20 00:00:00, 8.1
10.0, 8.0, 230.0, 80.0, 1993-05-21 00:00:00, 0.7
15.0, 9.9, 270.0, 77.0, 1993-05-22 00:00:00, 16.2
13.0, 15.3, 230.0, 55.0, 1993-05-23 00:00:00, 0.0
11.0, 18.4, 270.0, 36.0, 1993-05-24 00:00:00, 0.0
18.0, 19.9, 320.0, 33.0, 1993-05-25 00:00:00, 0.0
8.0, 17.8, 180.0, 46.0, 1993-05-26 00:00:00, 0.0
9.0, 20.7, 180.0, 36.0, 1993-05-27 00:00:00, 0.0
6.0, 21.0, 140.0, 33.0, 1993-05-28 00:00:00, 0.0
9.0, 19.7, 90.0, 32.0, 1993-05-29 00:00:00, 0.2
4.0, 14.7, 180.0, 61.0, 1993-05-30 00:00:00, 0.5
5.0, 13.7, 270.0, 78.0, 1993-05-31 00:00:00, 0.2
3.0, 12.6, 180.0, 96.0, 1993-06-01 00:00:00, 16.0
1.0, 8.8, 230.0, 99.0, 1993-06-02 00:00:00, 25.1
10.0, 16.6, 180.0, 68.0, 1993-06-03 00:00:00, 0.0
11.0, 17.7, 140.0, 55.0, 1993-06-04 00:00:00, 0.2
12.0, 19.3, 90.0, 45.0, 1993-06-05 00:00:00, 0.0
2.0, 17.1, 320.0, 56.0, 1993-06-06 00:00:00, 0.0
17.0, 12.9, 270.0, 66.0, 1993-06-07 00:00:00, 0.7
12.0, 11.0, 270.0, 48.0, 1993-06-08 00:00:00, 0.0
13.0, 10.0, 140.0, 65.0, 1993-06-09 00:00:00, 0.0
14.0, 7.5, 270.0, 80.0, 1993-06-10 00:00:00, 8.3
15.0, 10.5, 270.0, 70.0, 1993-06-11 00:00:00, 0.0
8.0, 13.8, 270.0, 50.0, 1993-06-12 00:00:00, 0.0
12.0, 14.9, 230.0, 51.0, 1993-06-13 00:00:00, 0.0
12.0, 14.3, 90.0, 63.0, 1993-06-14 00:00:00, 1.5
11.0, 10.1, 90.0, 66.0, 1993-06-15 00:00:00, 2.5
8.0, 14.8, 270.0, 56.0, 1993-06-16 00:00:00, 0.0
9.0, 8.9, 180.0, 99.0, 1993-06-17 00:00:00, 1.0
27.0, 10.4, 270.0, 74.0, 1993-06-18 00:00:00, 1.0
20.0, 8.4, 270.0, 70.0, 1993-06-19 00:00:00, 0.0
7.0, 11.0, 230.0, 54.0, 1993-06-20 00:00:00, 0.2
7.0, 12.9, 320.0, 59.0, 1993-06-21 00:00:00, 0.0
13.0, 2.7, 270.0, 99.0, 1993-06-22 00:00:00, 25.9
4.0, 9.2, 320.0, 93.0, 1993-06-23 00:00:00, 0.2
10.0, 13.3, 180.0, 64.0, 1993-06-24 00:00:00, 1.2
12.0, 12.2, 270.0, 76.0, 1993-06-25 00:00:00, 0.0
4.0, 9.3, 320.0, 99.0, 1993-06-26 00:00:00, 5.8
7.0, 9.6, 270.0, 97.0, 1993-06-27 00:00:00, 6.6
13.0, 9.6, 270.0, 99.0, 1993-06-28 00:00:00, 19.3
19.0, 10.0, 270.0, 88.0, 1993-06-29 00:00:00, 0.3
15.0, 11.4, 270.0, 76.0, 1993-06-30 00:00:00, 0.0
11.0, 14.2, 270.0, 56.0, 1993-07-01 00:00:00, 0.0
10.0, 17.8, 180.0, 52.0, 1993-07-02 00:00:00, 0.0
15.0, 16.3, 270.0, 55.0, 1993-07-03 00:00:00, 0.0
22.0, 13.6, 270.0, 59.0, 1993-07-04 00:00:00, 0.0
23.0, 13.6, 270.0, 63.0, 1993-07-05 00:00:00, 0.0
5.0, 13.1, 320.0, 71.0, 1993-07-06 00:00:00, 0.0
12.0, 17.3, 270.0, 52.0, 1993-07-07 00:00:00, 1.0
1.0, 8.6, 90.0, 97.0, 1993-07-08 00:00:00, 7.8
10.0, 13.2, 90.0, 61.0, 1993-07-09 00:00:00, 4.0
7.0, 13.1, 230.0, 67.0, 1993-07-10 00:00:00, 0.3
13.0, 15.9, 140.0, 55.0, 1993-07-11 00:00:00, 0.3
11.0, 15.0, 140.0, 43.0, 1993-07-12 00:00:00, 0.0
7.0, 14.2, 270.0, 55.0, 1993-07-13 00:00:00, 0.0
9.0, 9.0, 270.0, 99.0, 1993-07-14 00:00:00, 3.6
10.0, 11.3, 140.0, 65.0, 1993-07-15 00:00:00, 3.6
8.0, 13.0, 90.0, 57.0, 1993-07-16 00:00:00, 2.5
13.0, 18.6, 230.0, 47.0, 1993-07-17 00:00:00, 0.0
20.0, 17.6, 270.0, 57.0, 1993-07-18 00:00:00, 0.0
11.0, 18.4, 320.0, 51.0, 1993-07-19 00:00:00, 0.0
6.0, 14.5, 50.0, 76.0, 1993-07-20 00:00:00, 1.8
11.0, 17.7, 230.0, 54.0, 1993-07-21 00:00:00, 2.8
9.0, 15.3, 180.0, 61.0, 1993-07-22 00:00:00, 0.0
15.0, 14.3, 270.0, 73.0, 1993-07-23 00:00:00, 1.8
19.0, 14.4, 320.0, 70.0, 1993-07-24 00:00:00, 0.3
10.0, 17.2, 230.0, 58.0, 1993-07-25 00:00:00, 1.0
10.0, 19.4, 230.0, 59.0, 1993-07-26 00:00:00, 0.0
7.0, 16.7, 140.0, 67.0, 1993-07-27 00:00:00, 0.0
4.0, 13.6, 180.0, 95.0, 1993-07-28 00:00:00, 11.2
11.0, 10.3, 140.0, 99.0, 1993-07-29 00:00:00, 81.5
25.0, 9.5, 270.0, 94.0, 1993-07-30 00:00:00, 5.1
17.0, 13.4, 270.0, 75.0, 1993-07-31 00:00:00, 0.0
18.0, 16.0, 270.0, 62.0, 1993-08-01 00:00:00, 0.0
10.0, 20.2, 270.0, 51.0, 1993-08-02 00:00:00, 0.0
11.0, 22.0, 320.0, 54.0, 1993-08-03 00:00:00, 0.0
4.0, 24.1, 230.0, 48.0, 1993-08-04 00:00:00, 0.0
16.0, 24.8, 270.0, 39.0, 1993-08-05 00:00:00, 0.0
18.0, 16.1, 320.0, 61.0, 1993-08-06 00:00:00, 1.8
7.0, 18.7, 230.0, 55.0, 1993-08-07 00:00:00, 0.0
7.0, 10.3, 320.0, 99.0, 1993-08-08 00:00:00, 10.7
4.0, 9.0, 140.0, 89.0, 1993-08-09 00:00:00, 8.4
3.0, 11.2, 0.0, 58.0, 1993-08-10 00:00:00, 1.3
17.0, 15.7, 270.0, 55.0, 1993-08-11 00:00:00, 0.0
11.0, 13.2, 270.0, 68.0, 1993-08-12 00:00:00, 0.0
8.0, 13.9, 230.0, 64.0, 1993-08-13 00:00:00, 0.0
8.0, 16.6, 230.0, 62.0, 1993-08-14 00:00:00, 0.3
11.0, 19.2, 230.0, 48.0, 1993-08-15 00:00:00, 0.0
6.0, 20.7, 230.0, 47.0, 1993-08-16 00:00:00, 0.0
10.0, 20.7, 230.0, 51.0, 1993-08-17 00:00:00, 0.0
6.0, 17.1, 230.0, 66.0, 1993-08-18 00:00:00, 0.0
8.0, 20.4, 230.0, 58.0, 1993-08-19 00:00:00, 0.0
8.0, 21.6, 140.0, 56.0, 1993-08-20 00:00:00, 0.0
8.0, 16.2, 230.0, 69.0, 1993-08-21 00:00:00, 0.3
9.0, 12.8, 140.0, 76.0, 1993-08-22 00:00:00, 2.5
16.0, 9.0, 270.0, 99.0, 1993-08-23 00:00:00, 8.4
10.0, 6.6, 320.0, 99.0, 1993-08-24 00:00:00, 11.9
9.0, 10.6, 270.0, 90.0, 1993-08-25 00:00:00, 11.9
8.0, 10.2, 180.0, 77.0, 1993-08-26 00:00:00, 11.7
18.0, 10.7, 270.0, 79.0, 1993-08-27 00:00:00, 1.7
7.0, 10.4, 0.0, 77.0, 1993-08-28 00:00:00, 0.5
11.0, 15.1, 270.0, 51.0, 1993-08-29 00:00:00, 0.0
17.0, 15.3, 270.0, 62.0, 1993-08-30 00:00:00, 0.0
20.0, 17.6, 320.0, 59.0, 1993-08-31 00:00:00, 0.0
13.0, 18.9, 270.0, 49.0, 1993-09-01 00:00:00, 0.0
22.0, 19.9, 270.0, 52.0, 1993-09-02 00:00:00, 0.0
18.0, 18.0, 270.0, 49.0, 1993-09-03 00:00:00, 0.0
8.0, 18.3, 140.0, 50.0, 1993-09-04 00:00:00, 0.0
7.0, 18.2, 230.0, 58.0, 1993-09-05 00:00:00, 0.0
6.0, 19.3, 180.0, 53.0, 1993-09-06 00:00:00, 0.0
19.0, 21.5, 270.0, 31.0, 1993-09-07 00:00:00, 0.0
13.0, 17.3, 270.0, 44.0, 1993-09-08 00:00:00, 0.0
8.0, 16.8, 140.0, 47.0, 1993-09-09 00:00:00, 0.0
20.0, 17.6, 270.0, 43.0, 1993-09-10 00:00:00, 0.0
7.0, 10.1, 180.0, 61.0, 1993-09-11 00:00:00, 0.3
10.0, 11.5, 230.0, 67.0, 1993-09-12 00:00:00, 0.5
16.0, 10.7, 270.0, 70.0, 1993-09-13 00:00:00, 0.0
6.0, 10.9, 90.0, 62.0, 1993-09-14 00:00:00, 0.5
11.0, 11.9, 180.0, 64.0, 1993-09-15 00:00:00, 1.3
18.0, 13.2, 320.0, 57.0, 1993-09-16 00:00:00, 0.0
7.0, 13.9, 230.0, 59.0, 1993-09-17 00:00:00, 0.0
23.0, 6.5, 320.0, 50.0, 1993-09-18 00:00:00, 0.0
10.0, 7.4, 320.0, 44.0, 1993-09-19 00:00:00, 0.0
10.0, 9.1, 270.0, 40.0, 1993-09-20 00:00:00, 0.0
21.0, 7.9, 270.0, 65.0, 1993-09-21 00:00:00, 0.0
20.0, 9.9, 270.0, 63.0, 1993-09-22 00:00:00, 0.0
13.0, 12.1, 270.0, 66.0, 1993-09-23 00:00:00, 0.0
12.0, 6.1, 320.0, 99.0, 1993-09-24 00:00:00, 13.0
11.0, 7.2, 270.0, 82.0, 1993-09-25 00:00:00, 0.0
18.0, 10.1, 270.0, 82.0, 1993-09-26 00:00:00, 1.3
4.0, 10.0, 270.0, 64.0, 1993-09-27 00:00:00, 0.0
6.0, 11.0, 140.0, 65.0, 1993-09-28 00:00:00, 0.0
26.0, 11.4, 270.0, 65.0, 1993-09-29 00:00:00, 0.0
16.0, 8.6, 270.0, 64.0, 1993-09-30 00:00:00, 0.0
18.0, 10.6, 270.0, 68.0, 1993-10-01 00:00:00, 0.0
7.0, 15.6, 230.0, 72.0, 1993-10-02 00:00:00, 0.0
10.0, 17.3, 270.0, 56.0, 1993-10-03 00:00:00, 0.0
7.0, 14.9, 180.0, 71.0, 1993-10-04 00:00:00, 0.0
16.0, 6.7, 270.0, 92.0, 1993-10-05 00:00:00, 0.5
7.0, 2.6, 320.0, 93.0, 1993-10-06 00:00:00, 7.6
3.0, 2.7, 270.0, 99.0, 1993-10-07 00:00:00, 0.3
5.0, 4.6, 230.0, 91.0, 1993-10-08 00:00:00, 0.3
0.0, 0.0, 0.0, 0.0, 1994-05-17 00:00:00, 0.0
6.0, 14.2, 50.0, 39.0, 1994-05-18 00:00:00, 0.0
8.0, 16.1, 140.0, 39.0, 1994-05-19 00:00:00, 0.0
17.0, 15.8, 50.0, 34.0, 1994-05-20 00:00:00, 0.0
11.0, 15.2, 90.0, 41.0, 1994-05-21 00:00:00, 0.0
11.0, 12.0, 270.0, 62.0, 1994-05-22 00:00:00, 0.0
14.0, 13.3, 230.0, 52.0, 1994-05-23 00:00:00, 0.0
13.0, 14.2, 180.0, 57.0, 1994-05-24 00:00:00, 0.0
17.0, 10.1, 270.0, 79.0, 1994-05-25 00:00:00, 0.0
11.0, 8.1, 230.0, 56.0, 1994-05-26 00:00:00, 4.3
16.0, 5.9, 230.0, 54.0, 1994-05-27 00:00:00, 0.0
13.0, 5.2, 180.0, 81.0, 1994-05-28 00:00:00, 0.3
7.0, 6.6, 270.0, 83.0, 1994-05-29 00:00:00, 8.1
9.0, 6.6, 320.0, 61.0, 1994-05-30 00:00:00, 1.0
22.0, 13.0, 140.0, 49.0, 1994-05-31 00:00:00, 0.0
18.0, 10.1, 230.0, 51.0, 1994-06-01 00:00:00, 1.5
9.0, 12.3, 180.0, 49.0, 1994-06-02 00:00:00, 0.0
13.0, 15.5, 230.0, 45.0, 1994-06-03 00:00:00, 0.0
7.0, 10.5, 50.0, 92.0, 1994-06-04 00:00:00, 2.5
6.0, 13.3, 90.0, 81.0, 1994-06-05 00:00:00, 1.5
8.0, 11.6, 90.0, 94.0, 1994-06-06 00:00:00, 2.5
24.0, 8.0, 270.0, 91.0, 1994-06-07 00:00:00, 3.3
26.0, 11.3, 270.0, 64.0, 1994-06-08 00:00:00, 0.3
18.0, 12.1, 270.0, 58.0, 1994-06-09 00:00:00, 0.0
9.0, 13.2, 180.0, 54.0, 1994-06-10 00:00:00, 0.0
9.0, 11.7, 140.0, 75.0, 1994-06-11 00:00:00, 1.5
6.0, 9.1, 90.0, 79.0, 1994-06-12 00:00:00, 7.1
14.0, 4.3, 140.0, 97.0, 1994-06-13 00:00:00, 29.5
8.0, 5.3, 90.0, 89.0, 1994-06-14 00:00:00, 2.0
9.0, 11.0, 230.0, 56.0, 1994-06-15 00:00:00, 0.0
9.0, 11.6, 180.0, 67.0, 1994-06-16 00:00:00, 0.0
8.0, 11.4, 230.0, 61.0, 1994-06-17 00:00:00, 1.5
14.0, 13.1, 270.0, 55.0, 1994-06-18 00:00:00, 0.0
22.0, 13.8, 270.0, 55.0, 1994-06-19 00:00:00, 0.0
8.0, 13.7, 270.0, 53.0, 1994-06-20 00:00:00, 0.0
18.0, 16.2, 270.0, 47.0, 1994-06-21 00:00:00, 0.0
18.0, 19.2, 230.0, 44.0, 1994-06-22 00:00:00, 0.0
6.0, 21.4, 180.0, 52.0, 1994-06-23 00:00:00, 0.0
11.0, 20.3, 230.0, 50.0, 1994-06-24 00:00:00, 0.0
14.0, 17.8, 270.0, 56.0, 1994-06-25 00:00:00, 0.0
21.0, 15.6, 270.0, 48.0, 1994-06-26 00:00:00, 0.0
16.0, 10.3, 270.0, 58.0, 1994-06-27 00:00:00, 0.0
9.0, 11.0, 140.0, 63.0, 1994-06-28 00:00:00, 0.0
20.0, 11.0, 270.0, 77.0, 1994-06-29 00:00:00, 1.8
9.0, 9.3, 140.0, 82.0, 1994-06-30 00:00:00, 1.0
5.0, 8.4, 320.0, 97.0, 1994-07-01 00:00:00, 11.4
11.0, 9.6, 320.0, 96.0, 1994-07-02 00:00:00, 16.0
20.0, 11.6, 270.0, 78.0, 1994-07-03 00:00:00, 0.3
12.0, 10.1, 320.0, 94.0, 1994-07-04 00:00:00, 5.3
13.0, 16.0, 270.0, 69.0, 1994-07-05 00:00:00, 0.0
10.0, 13.0, 230.0, 75.0, 1994-07-06 00:00:00, 0.0
8.0, 13.5, 180.0, 69.0, 1994-07-07 00:00:00, 0.3
22.0, 10.2, 270.0, 68.0, 1994-07-08 00:00:00, 0.5
21.0, 10.5, 270.0, 77.0, 1994-07-09 00:00:00, 1.0
21.0, 12.2, 270.0, 73.0, 1994-07-10 00:00:00, 0.0
3.0, 18.1, 90.0, 59.0, 1994-07-11 00:00:00, 0.0
3.0, 18.5, 180.0, 60.0, 1994-07-12 00:00:00, 0.0
10.0, 21.8, 230.0, 47.0, 1994-07-13 00:00:00, 0.0
9.0, 20.5, 230.0, 52.0, 1994-07-14 00:00:00, 0.0
16.0, 20.3, 230.0, 56.0, 1994-07-15 00:00:00, 0.0
14.0, 15.2, 270.0, 64.0, 1994-07-16 00:00:00, 0.0
8.0, 12.8, 180.0, 76.0, 1994-07-17 00:00:00, 0.3
19.0, 14.5, 320.0, 71.0, 1994-07-18 00:00:00, 0.3
12.0, 18.7, 270.0, 59.0, 1994-07-19 00:00:00, 0.0
5.0, 23.8, 230.0, 43.0, 1994-07-20 00:00:00, 0.0
16.0, 19.7, 270.0, 33.0, 1994-07-21 00:00:00, 0.0
9.0, 23.5, 180.0, 30.0, 1994-07-22 00:00:00, 0.0
7.0, 25.4, 180.0, 25.0, 1994-07-23 00:00:00, 0.0
10.0, 27.6, 180.0, 28.0, 1994-07-24 00:00:00, 0.0
23.0, 21.3, 270.0, 45.0, 1994-07-25 00:00:00, 0.0
9.0, 18.5, 270.0, 66.0, 1994-07-26 00:00:00, 0.0
11.0, 20.5, 180.0, 49.0, 1994-07-27 00:00:00, 0.0
14.0, 24.6, 140.0, 44.0, 1994-07-28 00:00:00, 0.0
11.0, 21.2, 180.0, 47.0, 1994-07-29 00:00:00, 0.0
15.0, 15.4, 270.0, 53.0, 1994-07-30 00:00:00, 0.0
9.0, 15.0, 230.0, 55.0, 1994-07-31 00:00:00, 0.5
10.0, 20.6, 140.0, 46.0, 1994-08-01 00:00:00, 0.3
10.0, 25.2, 180.0, 40.0, 1994-08-02 00:00:00, 0.0
10.0, 27.3, 140.0, 46.0, 1994-08-03 00:00:00, 0.0
5.0, 19.4, 140.0, 81.0, 1994-08-04 00:00:00, 21.5
9.0, 13.0, 270.0, 96.0, 1994-08-05 00:00:00, 14.4
1.0, 9.7, 180.0, 99.0, 1994-08-06 00:00:00, 8.9
7.0, 18.3, 270.0, 63.0, 1994-08-07 00:00:00, 0.0
12.0, 18.6, 140.0, 52.0, 1994-08-08 00:00:00, 0.0
10.0, 15.2, 90.0, 50.0, 1994-08-09 00:00:00, 0.5
4.0, 18.4, 90.0, 60.0, 1994-08-10 00:00:00, 0.3
10.0, 21.4, 180.0, 55.0, 1994-08-11 00:00:00, 0.0
3.0, 20.3, 230.0, 60.0, 1994-08-12 00:00:00, 0.0
6.0, 23.4, 90.0, 51.0, 1994-08-13 00:00:00, 0.0
10.0, 20.3, 230.0, 61.0, 1994-08-14 00:00:00, 0.3
11.0, 16.5, 270.0, 54.0, 1994-08-15 00:00:00, 0.0
8.0, 18.1, 270.0, 50.0, 1994-08-16 00:00:00, 0.0
10.0, 20.8, 270.0, 51.0, 1994-08-17 00:00:00, 0.0
5.0, 21.8, 230.0, 52.0, 1994-08-18 00:00:00, 0.0
9.0, 23.3, 230.0, 42.0, 1994-08-19 00:00:00, 0.0
8.0, 19.1, 180.0, 55.0, 1994-08-20 00:00:00, 0.0
11.0, 15.5, 230.0, 59.0, 1994-08-21 00:00:00, 0.0
23.0, 11.7, 270.0, 74.0, 1994-08-22 00:00:00, 2.3
16.0, 10.1, 270.0, 69.0, 1994-08-23 00:00:00, 1.5
11.0, 13.0, 320.0, 64.0, 1994-08-24 00:00:00, 0.0
9.0, 15.2, 230.0, 55.0, 1994-08-25 00:00:00, 0.0
9.0, 18.1, 270.0, 43.0, 1994-08-26 00:00:00, 0.0
13.0, 19.9, 230.0, 45.0, 1994-08-27 00:00:00, 0.0
9.0, 21.5, 180.0, 48.0, 1994-08-28 00:00:00, 0.0
10.0, 20.7, 270.0, 38.0, 1994-08-29 00:00:00, 0.0
3.0, 11.6, 180.0, 88.0, 1994-08-30 00:00:00, 1.3
6.0, 15.7, 140.0, 75.0, 1994-08-31 00:00:00, 4.6
8.0, 12.6, 140.0, 83.0, 1994-09-01 00:00:00, 2.5
8.0, 11.2, 230.0, 60.0, 1994-09-02 00:00:00, 0.5
10.0, 10.1, 270.0, 75.0, 1994-09-03 00:00:00, 0.5
9.0, 11.2, 230.0, 60.0, 1994-09-04 00:00:00, 0.0
5.0, 9.5, 90.0, 98.0, 1994-09-05 00:00:00, 5.6
7.0, 9.7, 140.0, 98.0, 1994-09-06 00:00:00, 2.8
7.0, 12.1, 180.0, 69.0, 1994-09-07 00:00:00, 0.5
6.0, 6.7, 50.0, 99.0, 1994-09-08 00:00:00, 9.1
9.0, 9.8, 230.0, 91.0, 1994-09-09 00:00:00, 7.4
15.0, 10.7, 270.0, 70.0, 1994-09-10 00:00:00, 0.0
13.0, 9.8, 270.0, 65.0, 1994-09-11 00:00:00, 0.0
4.0, 6.8, 230.0, 98.0, 1994-09-12 00:00:00, 2.8
14.0, 10.4, 230.0, 97.0, 1994-09-13 00:00:00, 9.1
8.0, 9.5, 140.0, 87.0, 1994-09-14 00:00:00, 7.4
14.0, 11.8, 180.0, 85.0, 1994-09-15 00:00:00, 2.3
16.0, 17.1, 230.0, 61.0, 1994-09-16 00:00:00, 0.5
2.0, 12.9, 230.0, 80.0, 1994-09-17 00:00:00, 0.0
11.0, 12.8, 180.0, 72.0, 1994-09-18 00:00:00, 0.0
18.0, 6.2, 270.0, 93.0, 1994-09-19 00:00:00, 0.5
7.0, 10.7, 180.0, 46.0, 1994-09-20 00:00:00, 0.0
7.0, 14.6, 180.0, 63.0, 1994-09-21 00:00:00, 0.0
16.0, 15.9, 230.0, 67.0, 1994-09-22 00:00:00, 0.0
10.0, 9.4, 270.0, 64.0, 1994-09-23 00:00:00, 1.5
9.0, 15.3, 140.0, 83.0, 1994-09-24 00:00:00, 0.0
8.0, 8.8, 320.0, 62.0, 1994-09-25 00:00:00, 0.0
10.0, 6.4, 270.0, 74.0, 1994-09-26 00:00:00, 0.0
28.0, 10.5, 270.0, 57.0, 1994-09-27 00:00:00, 3.8
9.0, 7.9, 180.0, 59.0, 1994-09-28 00:00:00, 0.0
5.0, 6.4, 140.0, 59.0, 1994-09-29 00:00:00, 0.0
7.0, 1.8, 90.0, 99.0, 1994-09-30 00:00:00, 5.0
20.0, 3.0, 270.0, 91.0, 1994-10-01 00:00:00, 18.5
4.0, 4.5, 90.0, 60.0, 1994-10-02 00:00:00, 0.0
6.0, 5.9, 140.0, 73.0, 1994-10-03 00:00:00, 0.0
6.0, 8.0, 180.0, 71.0, 1994-10-04 00:00:00, 0.0
19.0, 7.5, 270.0, 60.0, 1994-10-05 00:00:00, 0.0
11.0, 8.1, 270.0, 67.0, 1994-10-06 00:00:00, 0.0
8.0, 5.3, 180.0, 74.0, 1994-10-07 00:00:00, 0.0
6.0, 4.5, 140.0, 99.0, 1994-10-08 00:00:00, 2.2
15.0, 5.1, 270.0, 79.0, 1994-10-09 00:00:00, 1.2
14.0, 4.3, 270.0, 60.0, 1994-10-10 00:00:00, 0.0
9.0, 3.2, 140.0, 81.0, 1994-10-11 00:00:00, 0.0
0.0, 0.0, 0.0, 0.0, 1995-05-30 00:00:00, 0.0
0.0, 0.0, 0.0, 0.0, 1995-05-31 00:00:00, 0.0
0.0, 0.0, 0.0, 0.0, 1995-06-01 00:00:00, 0.0
0.0, 0.0, 0.0, 0.0, 1995-06-02 00:00:00, 0.0
0.0, 0.0, 0.0, 0.0, 1995-06-03 00:00:00, 0.0
0.0, 0.0, 0.0, 0.0, 1995-06-04 00:00:00, 0.0
0.0, 0.0, 0.0, 0.0, 1995-06-05 00:00:00, 0.0
0.0, 0.0, 0.0, 0.0, 1995-06-06 00:00:00, 0.0
0.0, 0.0, 0.0, 0.0, 1995-06-07 00:00:00, 0.0
0.0, 0.0, 0.0, 0.0, 1995-06-08 00:00:00, 0.0
0.0, 0.0, 0.0, 0.0, 1995-06-09 00:00:00, 0.0
0.0, 0.0, 0.0, 0.0, 1995-06-10 00:00:00, 0.0
0.0, 0.0, 0.0, 0.0, 1995-06-11 00:00:00, 0.0
0.0, 0.0, 0.0, 0.0, 1995-06-12 00:00:00, 0.0
0.0, 11.8, 320.0, 69.0, 1995-06-13 00:00:00, 0.5
0.0, 8.9, 0.0, 79.0, 1995-06-14 00:00:00, 0.3
0.0, 7.0, 0.0, 95.0, 1995-06-15 00:00:00, 1.0
0.0, 14.0, 0.0, 59.0, 1995-06-16 00:00:00, 1.0
9.0, 11.7, 320.0, 83.0, 1995-06-17 00:00:00, 2.5
0.0, 15.8, 0.0, 57.0, 1995-06-18 00:00:00, 0.0
0.0, 19.4, 0.0, 54.0, 1995-06-19 00:00:00, 0.0
0.0, 21.7, 0.0, 50.0, 1995-06-20 00:00:00, 3.3
0.0, 19.1, 0.0, 57.0, 1995-06-21 00:00:00, 3.3
0.0, 18.4, 0.0, 64.0, 1995-06-22 00:00:00, 3.3
0.0, 13.2, 0.0, 51.0, 1995-06-23 00:00:00, 0.0
0.0, 13.2, 0.0, 51.0, 1995-06-24 00:00:00, 0.0
0.0, 13.2, 0.0, 51.0, 1995-06-25 00:00:00, 0.0
0.0, 13.2, 0.0, 51.0, 1995-06-26 00:00:00, 0.0
0.0, 20.3, 320.0, 35.0, 1995-06-27 00:00:00, 0.0
6.0, 22.9, 320.0, 35.0, 1995-06-28 00:00:00, 0.0
9.0, 24.4, 320.0, 29.0, 1995-06-29 00:00:00, 0.0
4.0, 23.0, 320.0, 44.0, 1995-06-30 00:00:00, 0.0
14.0, 18.1, 320.0, 57.0, 1995-07-01 00:00:00, 0.0
0.0, 11.7, 0.0, 88.0, 1995-07-02 00:00:00, 1.8
0.0, 10.6, 0.0, 96.0, 1995-07-03 00:00:00, 6.1
0.0, 16.0, 0.0, 62.0, 1995-07-04 00:00:00, 0.0
0.0, 9.5, 0.0, 94.0, 1995-07-05 00:00:00, 10.2
0.0, 15.2, 0.0, 66.0, 1995-07-06 00:00:00, 0.0
0.0, 18.3, 0.0, 51.0, 1995-07-07 00:00:00, 0.0
0.0, 18.0, 0.0, 55.0, 1995-07-08 00:00:00, 0.0
0.0, 19.5, 0.0, 45.0, 1995-07-09 00:00:00, 0.0
0.0, 11.5, 0.0, 99.0, 1995-07-10 00:00:00, 33.8
0.0, 10.1, 0.0, 97.0, 1995-07-11 00:00:00, 4.6
0.0, 13.8, 0.0, 71.0, 1995-07-12 00:00:00, 0.5
0.0, 12.4, 0.0, 74.0, 1995-07-13 00:00:00, 0.0
0.0, 14.2, 0.0, 70.0, 1995-07-14 00:00:00, 1.8
0.0, 15.4, 0.0, 59.0, 1995-07-15 00:00:00, 0.0
0.0, 17.6, 0.0, 60.0, 1995-07-16 00:00:00, 0.0
0.0, 15.9, 0.0, 77.0, 1995-07-17 00:00:00, 0.0
0.0, 20.7, 0.0, 52.0, 1995-07-18 00:00:00, 0.0
0.0, 23.2, 0.0, 41.0, 1995-07-19 00:00:00, 0.0
0.0, 21.0, 0.0, 47.0, 1995-07-20 00:00:00, 0.0
0.0, 21.8, 0.0, 43.0, 1995-07-21 00:00:00, 0.0
0.0, 22.0, 0.0, 49.0, 1995-07-22 00:00:00, 0.0
14.0, 15.0, 320.0, 59.0, 1995-07-23 00:00:00, 0.0
0.0, 11.5, 0.0, 72.0, 1995-07-24 00:00:00, 0.0
0.0, 15.4, 0.0, 83.0, 1995-07-25 00:00:00, 3.6
0.0, 14.5, 0.0, 57.0, 1995-07-26 00:00:00, 0.0
0.0, 11.8, 0.0, 64.0, 1995-07-27 00:00:00, 0.0
0.0, 14.3, 0.0, 47.0, 1995-07-28 00:00:00, 0.0
0.0, 16.5, 0.0, 47.0, 1995-07-29 00:00:00, 0.0
0.0, 9.3, 0.0, 92.0, 1995-07-30 00:00:00, 0.5
0.0, 13.5, 0.0, 69.0, 1995-07-31 00:00:00, 4.1
0.0, 13.7, 0.0, 57.0, 1995-08-01 00:00:00, 0.0
0.0, 11.6, 0.0, 77.0, 1995-08-02 00:00:00, 0.0
0.0, 13.8, 0.0, 80.0, 1995-08-03 00:00:00, 2.8
0.0, 15.3, 0.0, 68.0, 1995-08-04 00:00:00, 0.0
0.0, 12.9, 0.0, 59.0, 1995-08-05 00:00:00, 0.0
0.0, 11.3, 0.0, 70.0, 1995-08-06 00:00:00, 0.5
0.0, 13.9, 0.0, 61.0, 1995-08-07 00:00:00, 0.3
0.0, 14.9, 0.0, 60.0, 1995-08-08 00:00:00, 1.8
0.0, 17.3, 0.0, 53.0, 1995-08-09 00:00:00, 1.3
0.0, 16.6, 0.0, 54.0, 1995-08-10 00:00:00, 2.0
0.0, 16.6, 0.0, 54.0, 1995-08-11 00:00:00, 2.0
0.0, 15.2, 320.0, 68.0, 1995-08-12 00:00:00, 3.6
0.0, 13.0, 0.0, 71.0, 1995-08-13 00:00:00, 0.0
0.0, 8.3, 0.0, 99.0, 1995-08-14 00:00:00, 7.4
0.0, 10.4, 0.0, 71.0, 1995-08-15 00:00:00, 2.8
0.0, 9.1, 0.0, 83.0, 1995-08-16 00:00:00, 0.0
0.0, 10.1, 0.0, 88.0, 1995-08-17 00:00:00, 0.5
0.0, 10.7, 0.0, 87.0, 1995-08-18 00:00:00, 0.0
0.0, 9.3, 0.0, 96.0, 1995-08-19 00:00:00, 1.0
0.0, 14.2, 0.0, 58.0, 1995-08-20 00:00:00, 2.8
0.0, 10.7, 0.0, 99.0, 1995-08-21 00:00:00, 21.3
0.0, 8.6, 0.0, 98.0, 1995-08-22 00:00:00, 18.3
0.0, 10.9, 0.0, 83.0, 1995-08-23 00:00:00, 2.3
0.0, 9.1, 0.0, 93.0, 1995-08-24 00:00:00, 0.8
0.0, 11.3, 0.0, 71.0, 1995-08-25 00:00:00, 0.5
0.0, 12.1, 0.0, 73.0, 1995-08-26 00:00:00, 0.0
0.0, 12.9, 0.0, 57.0, 1995-08-27 00:00:00, 1.3
0.0, 13.1, 0.0, 58.0, 1995-08-28 00:00:00, 0.0
0.0, 14.0, 0.0, 52.0, 1995-08-29 00:00:00, 0.0
0.0, 13.0, 0.0, 60.0, 1995-08-30 00:00:00, 0.0
0.0, 10.6, 0.0, 68.0, 1995-08-31 00:00:00, 0.0
0.0, 16.1, 0.0, 65.0, 1995-09-01 00:00:00, 0.0
0.0, 15.5, 0.0, 74.0, 1995-09-02 00:00:00, 0.3
0.0, 16.9, 0.0, 47.0, 1995-09-03 00:00:00, 0.0
0.0, 20.5, 0.0, 49.0, 1995-09-04 00:00:00, 0.0
0.0, 20.6, 0.0, 42.0, 1995-09-05 00:00:00, 0.0
0.0, 17.6, 0.0, 57.0, 1995-09-06 00:00:00, 0.0
0.0, 20.8, 0.0, 56.0, 1995-09-07 00:00:00, 0.0
0.0, 21.5, 0.0, 47.0, 1995-09-08 00:00:00, 0.0
0.0, 19.0, 0.0, 53.0, 1995-09-09 00:00:00, 0.0
0.0, 14.6, 0.0, 58.0, 1995-09-10 00:00:00, 0.0
0.0, 13.0, 0.0, 81.0, 1995-09-11 00:00:00, 0.0
0.0, 13.7, 0.0, 57.0, 1995-09-12 00:00:00, 2.5
0.0, 15.3, 0.0, 49.0, 1995-09-13 00:00:00, 0.0
0.0, 15.4, 0.0, 58.0, 1995-09-14 00:00:00, 0.0
0.0, 11.8, 0.0, 66.0, 1995-09-15 00:00:00, 0.0
0.0, 15.6, 0.0, 53.0, 1995-09-16 00:00:00, 0.0
0.0, 15.7, 0.0, 51.0, 1995-09-17 00:00:00, 0.0
3.0, 7.4, 320.0, 52.0, 1995-09-18 00:00:00, 0.0
0.0, 11.4, 0.0, 47.0, 1995-09-19 00:00:00, 0.0
0.0, 14.7, 0.0, 34.0, 1995-09-20 00:00:00, 0.0
0.0, 15.1, 0.0, 36.0, 1995-09-21 00:00:00, 0.0
0.0, 17.4, 0.0, 39.0, 1995-09-22 00:00:00, 0.0
0.0, 19.5, 0.0, 39.0, 1995-09-23 00:00:00, 0.0
0.0, 19.2, 0.0, 40.0, 1995-09-24 00:00:00, 0.0
0.0, 18.5, 0.0, 40.0, 1995-09-25 00:00:00, 0.0
0.0, 14.6, 0.0, 51.0, 1995-09-26 00:00:00, 0.0
0.0, 8.3, 0.0, 99.0, 1995-09-27 00:00:00, 10.7
0.0, 10.5, 0.0, 92.0, 1995-09-28 00:00:00, 0.3
0.0, 10.2, 0.0, 77.0, 1995-09-29 00:00:00, 0.0
0.0, 3.4, 0.0, 99.0, 1995-09-30 00:00:00, 4.3
0.0, 4.7, 0.0, 82.0, 1995-10-01 00:00:00, 0.3
0.0, 9.6, 0.0, 91.0, 1995-10-02 00:00:00, 16.0
0.0, 6.1, 0.0, 82.0, 1995-10-03 00:00:00, 0.3
0.0, 7.1, 0.0, 84.0, 1995-10-04 00:00:00, 0.0
0.0, 2.0, 0.0, 99.0, 1995-10-05 00:00:00, 4.6
0.0, 4.5, 0.0, 99.0, 1995-10-06 00:00:00, 7.9
0.0, 3.0, 0.0, 99.0, 1995-10-07 00:00:00, 1.3
0.0, 4.9, 0.0, 90.0, 1995-10-08 00:00:00, 9.1
0.0, 5.2, 0.0, 90.0, 1995-10-09 00:00:00, 1.5
0.0, 4.0, 0.0, 86.0, 1995-10-10 00:00:00, 0.0
0.0, 5.5, 0.0, 85.0, 1995-10-11 00:00:00, 0.3
0.0, 4.5, 0.0, 79.0, 1995-10-12 00:00:00, 0.3
0.0, 6.9, 0.0, 81.0, 1995-10-13 00:00:00, 1.0
0.0, 0.0, 0.0, 0.0, 1996-08-15 00:00:00, 0.0
7.0, 8.8, 270.0, 85.0, 1996-08-16 00:00:00, 7.9
4.0, 7.0, 230.0, 85.0, 1996-08-17 00:00:00, 2.5
11.0, 10.8, 230.0, 71.0, 1996-08-18 00:00:00, 0.0
4.0, 5.8, 230.0, 98.0, 1996-08-19 00:00:00, 14.2
8.0, 8.1, 230.0, 88.0, 1996-08-20 00:00:00, 3.8
8.0, 8.1, 230.0, 88.0, 1996-08-21 00:00:00, 3.8
7.0, 8.5, 230.0, 99.0, 1996-08-22 00:00:00, 4.8
13.0, 12.8, 230.0, 73.0, 1996-08-23 00:00:00, 3.3
8.0, 14.2, 230.0, 62.0, 1996-08-24 00:00:00, 0.0
7.0, 17.8, 230.0, 55.0, 1996-08-25 00:00:00, 0.0
11.0, 17.4, 230.0, 54.0, 1996-08-26 00:00:00, 0.0
8.0, 18.3, 90.0, 58.0, 1996-08-27 00:00:00, 0.0
0.0, 18.6, 0.0, 58.0, 1996-08-28 00:00:00, 0.0
5.0, 19.6, 180.0, 65.0, 1996-08-29 00:00:00, 0.5
11.0, 11.8, 50.0, 96.0, 1996-08-30 00:00:00, 12.2
15.0, 9.8, 230.0, 83.0, 1996-08-31 00:00:00, 34.5
16.0, 10.7, 230.0, 74.0, 1996-09-01 00:00:00, 0.0
7.0, 10.0, 230.0, 72.0, 1996-09-02 00:00:00, 0.0
25.0, 8.1, 50.0, 66.0, 1996-09-03 00:00:00, 0.0
7.0, 8.5, 0.0, 65.0, 1996-09-04 00:00:00, 0.0
3.0, 8.9, 230.0, 72.0, 1996-09-05 00:00:00, 0.0
5.0, 5.6, 180.0, 93.0, 1996-09-06 00:00:00, 1.8
0.0, 3.3, 0.0, 99.0, 1996-09-07 00:00:00, 12.7
7.0, 5.9, 230.0, 99.0, 1996-09-08 00:00:00, 4.1
8.0, 9.6, 180.0, 86.0, 1996-09-09 00:00:00, 0.8
7.0, 12.1, 230.0, 74.0, 1996-09-10 00:00:00, 0.0
5.0, 17.0, 230.0, 63.0, 1996-09-11 00:00:00, 0.0
7.0, 13.5, 230.0, 62.0, 1996-09-12 00:00:00, 0.0
5.0, 10.5, 230.0, 99.0, 1996-09-13 00:00:00, 7.4
4.0, 5.7, 230.0, 98.0, 1996-09-14 00:00:00, 22.1
0.0, 5.9, 0.0, 99.0, 1996-09-15 00:00:00, 4.6
10.0, 7.8, 230.0, 84.0, 1996-09-16 00:00:00, 1.0
8.0, 8.5, 230.0, 71.0, 1996-09-17 00:00:00, 0.0
0.0, 6.9, 0.0, 99.0, 1996-09-18 00:00:00, 2.3
3.0, 5.2, 0.0, 80.0, 1996-09-19 00:00:00, 2.0
7.0, 2.6, 230.0, 87.0, 1996-09-20 00:00:00, 0.0
3.0, 1.9, 180.0, 86.0, 1996-09-21 00:00:00, 0.0
10.0, 2.5, 180.0, 69.0, 1996-09-22 00:00:00, 1.3
8.0, 5.2, 230.0, 64.0, 1996-09-23 00:00:00, 0.0
