station_observations
wind_speed, temperature, wind_direction, relative_humidity, time, precipitation
0.0, 0.0, 0.0, 0.0, 1993-04-18 00:00:00, 0.0
17.0, 12.0, 270.0, 39.0, 1993-04-19 00:00:00, 0.0
17.0, 12.0, 270.0, 39.0, 1993-04-20 00:00:00, 0.0
8.0, 7.8, 90.0, 85.0, 1993-04-21 00:00:00, 0.0
6.0, 9.4, 90.0, 80.0, 1993-04-22 00:00:00, 0.7
5.0, 8.8, 90.0, 67.0, 1993-04-23 00:00:00, 0.7
10.0, 10.2, 180.0, 55.0, 1993-04-24 00:00:00, 0.0
5.0, 6.2, 90.0, 95.0, 1993-04-25 00:00:00, 3.5
3.0, 5.6, 0.0, 93.0, 1993-04-26 00:00:00, 13.7
14.0, 10.4, 270.0, 61.0, 1993-04-27 00:00:00, 0.0
9.0, 8.2, 140.0, 69.0, 1993-04-28 00:00:00, 0.0
8.0, 9.7, 0.0, 58.0, 1993-04-29 00:00:00, 1.7
14.0, 10.8, 180.0, 48.0, 1993-04-30 00:00:00, 0.5
8.0, 5.1, 90.0, 97.0, 1993-05-01 00:00:00, 3.3
13.0, 7.8, 230.0, 56.0, 1993-05-02 00:00:00, 2.7
7.0, 11.2, 90.0, 43.0, 1993-05-03 00:00:00, 0.0
12.0, 14.1, 180.0, 43.0, 1993-05-04 00:00:00, 0.0
9.0, 9.5, 90.0, 86.0, 1993-05-05 00:00:00, 1.2
5.0, 9.0, 270.0, 71.0, 1993-05-06 00:00:00, 4.8
7.0, 9.9, 180.0, 43.0, 1993-05-07 00:00:00, 0.0
7.0, 10.7, 230.0, 54.0, 1993-05-08 00:00:00, 0.2
8.0, 10.1, 270.0, 43.0, 1993-05-09 00:00:00, 0.2
7.0, 8.5, 140.0, 93.0, 1993-05-10 00:00:00, 1.5
4.0, 11.8, 320.0, 97.0, 1993-05-11 00:00:00, 11.4
8.0, 13.8, 320.0, 75.0, 1993-05-12 00:00:00, 0.0
12.0, 22.7, 50.0, 46.0, 1993-05-13 00:00:00, 0.7
3.0, 20.0, 50.0, 43.0, 1993-05-14 00:00:00, 0.0
8.0, 18.6, 140.0, 37.0, 1993-05-15 00:00:00, 0.0
15.0, 19.4, 90.0, 43.0, 1993-05-16 00:00:00, 1.2
3.0, 16.8, 0.0, 51.0, 1993-05-17 00:00:00, 3.0
5.0, 21.2, 90.0, 40.0, 1993-05-18 00:00:00, 0.0
15.0, 23.9, 50.0, 37.0, 1993-05-19 00:00:00, 0.0
14.0, 13.9, 180.0, 85.0, 1993-05-20 00:00:00, 6.6
4.0, 9.7, 0.0, 95.0, 1993-05-21 00:00:00, 2.2
3.0, 12.1, 50.0, 78.0, 1993-05-22 00:00:00, 7.1
5.0, 17.5, 180.0, 54.0, 1993-05-23 00:00:00, 0.0
13.0, 22.4, 270.0, 35.0, 1993-05-24 00:00:00, 0.0
5.0, 22.7, 140.0, 39.0, 1993-05-25 00:00:00, 0.0
7.0, 18.9, 180.0, 49.0, 1993-05-26 00:00:00, 0.0
8.0, 20.4, 90.0, 40.0, 1993-05-27 00:00:00, 0.0
4.0, 23.3, 270.0, 32.0, 1993-05-28 00:00:00, 0.0
10.0, 22.4, 0.0, 36.0, 1993-05-29 00:00:00, 0.0
6.0, 17.6, 140.0, 57.0, 1993-05-30 00:00:00, 2.0
4.0, 16.3, 90.0, 72.0, 1993-05-31 00:00:00, 0.7
1.0, 14.4, 140.0, 94.0, 1993-06-01 00:00:00, 4.0
1.0, 12.7, 50.0, 85.0, 1993-06-02 00:00:00, 18.2
3.0, 19.4, 320.0, 63.0, 1993-06-03 00:00:00, 0.0
12.0, 19.7, 50.0, 50.0, 1993-06-04 00:00:00, 0.0
7.0, 20.5, 140.0, 44.0, 1993-06-05 00:00:00, 0.0
14.0, 20.7, 140.0, 51.0, 1993-06-06 00:00:00, 0.0
17.0, 15.1, 270.0, 60.0, 1993-06-07 00:00:00, 4.3
8.0, 13.6, 230.0, 43.0, 1993-06-08 00:00:00, 0.0
12.0, 10.0, 140.0, 88.0, 1993-06-09 00:00:00, 1.2
15.0, 12.3, 230.0, 56.0, 1993-06-10 00:00:00, 6.3
7.0, 13.3, 140.0, 61.0, 1993-06-11 00:00:00, 0.0
4.0, 16.1, 90.0, 48.0, 1993-06-12 00:00:00, 0.0
8.0, 15.5, 180.0, 63.0, 1993-06-13 00:00:00, 0.5
13.0, 17.8, 50.0, 58.0, 1993-06-14 00:00:00, 0.0
6.0, 10.1, 270.0, 92.0, 1993-06-15 00:00:00, 13.7
9.0, 16.1, 180.0, 61.0, 1993-06-16 00:00:00, 1.2
11.0, 11.8, 180.0, 95.0, 1993-06-17 00:00:00, 1.7
15.0, 14.2, 270.0, 67.0, 1993-06-18 00:00:00, 2.2
15.0, 14.2, 270.0, 52.0, 1993-06-19 00:00:00, 0.7
9.0, 15.4, 180.0, 43.0, 1993-06-20 00:00:00, 0.0
9.0, 17.6, 270.0, 52.0, 1993-06-21 00:00:00, 0.0
14.0, 7.4, 230.0, 90.0, 1993-06-22 00:00:00, 14.7
3.0, 13.0, 320.0, 79.0, 1993-06-23 00:00:00, 0.0
13.0, 15.7, 180.0, 60.0, 1993-06-24 00:00:00, 0.0
12.0, 17.4, 180.0, 61.0, 1993-06-25 00:00:00, 0.2
1.0, 12.7, 270.0, 97.0, 1993-06-26 00:00:00, 3.5
4.0, 10.9, 320.0, 98.0, 1993-06-27 00:00:00, 2.2
7.0, 13.1, 320.0, 94.0, 1993-06-28 00:00:00, 14.9
12.0, 13.7, 180.0, 72.0, 1993-06-29 00:00:00, 0.2
12.0, 13.9, 270.0, 64.0, 1993-06-30 00:00:00, 0.0
6.0, 12.2, 180.0, 59.0, 1993-07-01 00:00:00, 0.0
1.0, 11.6, 140.0, 62.0, 1993-07-02 00:00:00, 0.0
0.0, 10.7, 0.0, 66.0, 1993-07-03 00:00:00, 0.0
2.0, 9.9, 90.0, 73.0, 1993-07-04 00:00:00, 0.0
0.0, 9.9, 0.0, 74.0, 1993-07-05 00:00:00, 0.0
11.0, 16.8, 320.0, 60.0, 1993-07-06 00:00:00, 0.0
5.0, 20.3, 0.0, 52.0, 1993-07-07 00:00:00, 0.5
4.0, 13.1, 320.0, 93.0, 1993-07-08 00:00:00, 5.8
10.0, 17.2, 90.0, 52.0, 1993-07-09 00:00:00, 6.3
8.0, 16.6, 50.0, 54.0, 1993-07-10 00:00:00, 0.0
17.0, 17.0, 0.0, 51.0, 1993-07-11 00:00:00, 0.2
13.0, 17.1, 50.0, 42.0, 1993-07-12 00:00:00, 0.0
5.0, 18.8, 0.0, 43.0, 1993-07-13 00:00:00, 0.0
2.0, 11.9, 90.0, 97.0, 1993-07-14 00:00:00, 1.0
8.0, 13.8, 50.0, 64.0, 1993-07-15 00:00:00, 9.3
5.0, 15.7, 0.0, 56.0, 1993-07-16 00:00:00, 0.5
10.0, 20.9, 140.0, 49.0, 1993-07-17 00:00:00, 0.0
8.0, 20.9, 50.0, 49.0, 1993-07-18 00:00:00, 0.0
3.0, 20.1, 320.0, 53.0, 1993-07-19 00:00:00, 0.0
7.0, 20.1, 90.0, 52.0, 1993-07-20 00:00:00, 0.0
4.0, 20.6, 0.0, 52.0, 1993-07-21 00:00:00, 0.0
8.0, 19.0, 180.0, 57.0, 1993-07-22 00:00:00, 0.0
12.0, 17.9, 230.0, 63.0, 1993-07-23 00:00:00, 0.0
7.0, 16.4, 320.0, 70.0, 1993-07-24 00:00:00, 0.7
1.0, 22.8, 230.0, 45.0, 1993-07-25 00:00:00, 0.0
6.0, 23.1, 140.0, 50.0, 1993-07-26 00:00:00, 0.0
8.0, 21.8, 140.0, 47.0, 1993-07-27 00:00:00, 0.0
11.0, 13.0, 270.0, 88.0, 1993-07-28 00:00:00, 0.2
9.0, 9.3, 140.0, 97.0, 1993-07-29 00:00:00, 6.0
23.0, 14.4, 230.0, 69.0, 1993-07-30 00:00:00, 0.0
12.0, 18.4, 230.0, 55.0, 1993-07-31 00:00:00, 0.0
9.0, 22.9, 320.0, 41.0, 1993-08-01 00:00:00, 0.0
1.0, 24.9, 180.0, 42.0, 1993-08-02 00:00:00, 0.0
9.0, 26.7, 180.0, 39.0, 1993-08-03 00:00:00, 0.0
7.0, 27.4, 180.0, 36.0, 1993-08-04 00:00:00, 0.0
11.0, 29.1, 270.0, 24.0, 1993-08-05 00:00:00, 0.0
2.0, 19.2, 320.0, 62.0, 1993-08-06 00:00:00, 0.0
10.0, 21.0, 140.0, 50.0, 1993-08-07 00:00:00, 0.0
5.0, 14.3, 270.0, 90.0, 1993-08-08 00:00:00, 0.5
0.0, 11.8, 0.0, 83.0, 1993-08-09 00:00:00, 0.2
3.0, 16.5, 0.0, 48.0, 1993-08-10 00:00:00, 0.0
8.0, 18.9, 270.0, 43.0, 1993-08-11 00:00:00, 0.0
6.0, 18.2, 50.0, 40.0, 1993-08-12 00:00:00, 0.0
0.0, 17.6, 0.0, 53.0, 1993-08-13 00:00:00, 0.0
2.0, 22.1, 230.0, 41.0, 1993-08-14 00:00:00, 0.0
1.0, 26.1, 140.0, 37.0, 1993-08-15 00:00:00, 0.0
1.0, 26.1, 180.0, 35.0, 1993-08-16 00:00:00, 0.0
13.0, 24.9, 180.0, 30.0, 1993-08-17 00:00:00, 0.0
12.0, 23.4, 270.0, 39.0, 1993-08-18 00:00:00, 0.0
8.0, 22.3, 90.0, 37.0, 1993-08-19 00:00:00, 0.0
8.0, 24.5, 180.0, 42.0, 1993-08-20 00:00:00, 0.0
4.0, 19.7, 230.0, 58.0, 1993-08-21 00:00:00, 0.0
1.0, 13.5, 140.0, 95.0, 1993-08-22 00:00:00, 1.7
21.0, 8.4, 230.0, 95.0, 1993-08-23 00:00:00, 4.5
6.0, 12.1, 320.0, 93.0, 1993-08-24 00:00:00, 0.2
13.0, 12.1, 180.0, 82.0, 1993-08-25 00:00:00, 0.0
0.0, 11.4, 230.0, 89.0, 1993-08-26 00:00:00, 0.5
4.0, 14.8, 270.0, 56.0, 1993-08-27 00:00:00, 0.0
2.0, 14.6, 270.0, 63.0, 1993-08-28 00:00:00, 0.0
1.0, 19.1, 50.0, 43.0, 1993-08-29 00:00:00, 0.0
13.0, 22.3, 230.0, 43.0, 1993-08-30 00:00:00, 0.0
1.0, 24.8, 270.0, 37.0, 1993-08-31 00:00:00, 0.0
1.0, 24.8, 270.0, 37.0, 1993-09-01 00:00:00, 0.0
14.0, 25.4, 270.0, 24.0, 1993-09-02 00:00:00, 0.0
5.0, 23.1, 230.0, 32.0, 1993-09-03 00:00:00, 0.0
1.0, 22.6, 320.0, 42.0, 1993-09-04 00:00:00, 0.0
4.0, 23.1, 140.0, 38.0, 1993-09-05 00:00:00, 0.0
5.0, 22.8, 90.0, 47.0, 1993-09-06 00:00:00, 0.0
15.0, 26.8, 270.0, 17.0, 1993-09-07 00:00:00, 0.0
5.0, 14.3, 270.0, 90.0, 1993-09-08 00:00:00, 0.5
6.0, 21.2, 140.0, 37.0, 1993-09-09 00:00:00, 0.0
17.0, 17.5, 270.0, 40.0, 1993-09-10 00:00:00, 0.0
6.0, 13.0, 320.0, 59.0, 1993-09-11 00:00:00, 1.5
7.0, 16.6, 180.0, 45.0, 1993-09-12 00:00:00, 0.0
8.0, 9.6, 320.0, 92.0, 1993-09-13 00:00:00, 1.5
0.0, 12.9, 0.0, 60.0, 1993-09-14 00:00:00, 0.0
17.0, 15.0, 180.0, 52.0, 1993-09-15 00:00:00, 0.0
8.0, 18.8, 230.0, 40.0, 1993-09-16 00:00:00, 0.0
10.0, 19.0, 180.0, 40.0, 1993-09-17 00:00:00, 0.0
8.0, 11.2, 270.0, 36.0, 1993-09-18 00:00:00, 0.0
10.0, 11.0, 180.0, 30.0, 1993-09-19 00:00:00, 0.0
8.0, 24.5, 180.0, 42.0, 1993-09-20 00:00:00, 0.0
0.0, 0.0, 0.0, 0.0, 1994-05-05 00:00:00, 0.0
9.0, 12.1, 50.0, 72.0, 1994-05-06 00:00:00, 0.2
9.0, 13.0, 90.0, 26.0, 1994-05-07 00:00:00, 0.2
0.0, 14.8, 0.0, 34.0, 1994-05-08 00:00:00, 0.0
8.0, 14.6, 90.0, 35.0, 1994-05-09 00:00:00, 0.0
3.0, 14.3, 50.0, 39.0, 1994-05-10 00:00:00, 0.0
5.0, 12.8, 320.0, 79.0, 1994-05-11 00:00:00, 2.7
2.0, 10.6, 90.0, 42.0, 1994-05-12 00:00:00, 0.5
8.0, 11.1, 90.0, 50.0, 1994-05-13 00:00:00, 0.0
7.0, 12.5, 0.0, 39.0, 1994-05-14 00:00:00, 0.0
7.0, 14.9, 230.0, 41.0, 1994-05-15 00:00:00, 0.0
5.0, 8.6, 140.0, 95.0, 1994-05-16 00:00:00, 4.8
10.0, 13.9, 230.0, 50.0, 1994-05-17 00:00:00, 0.2
1.0, 17.4, 180.0, 38.0, 1994-05-18 00:00:00, 0.0
2.0, 19.9, 320.0, 35.0, 1994-05-19 00:00:00, 0.0
8.0, 19.3, 180.0, 29.0, 1994-05-20 00:00:00, 0.0
2.0, 18.2, 270.0, 42.0, 1994-05-21 00:00:00, 0.0
5.0, 15.2, 50.0, 43.0, 1994-05-22 00:00:00, 0.0
12.0, 17.3, 50.0, 44.0, 1994-05-23 00:00:00, 0.0
6.0, 17.2, 0.0, 50.0, 1994-05-24 00:00:00, 0.0
0.0, 8.2, 0.0, 89.0, 1994-05-25 00:00:00, 1.2
9.0, 10.8, 140.0, 43.0, 1994-05-26 00:00:00, 0.0
9.0, 9.6, 50.0, 42.0, 1994-05-27 00:00:00, 0.0
5.0, 5.5, 0.0, 88.0, 1994-05-28 00:00:00, 2.2
5.0, 8.4, 180.0, 89.0, 1994-05-29 00:00:00, 12.9
6.0, 10.9, 90.0, 52.0, 1994-05-30 00:00:00, 2.5
15.0, 15.0, 320.0, 49.0, 1994-05-31 00:00:00, 0.0
16.0, 13.8, 50.0, 36.0, 1994-06-01 00:00:00, 0.0
2.0, 15.7, 0.0, 47.0, 1994-06-02 00:00:00, 0.0
7.0, 19.1, 0.0, 36.0, 1994-06-03 00:00:00, 0.0
0.0, 13.7, 0.0, 77.0, 1994-06-04 00:00:00, 9.9
12.0, 15.5, 320.0, 57.0, 1994-06-05 00:00:00, 2.7
0.0, 11.8, 0.0, 89.0, 1994-06-06 00:00:00, 3.8
18.0, 12.2, 90.0, 77.0, 1994-06-07 00:00:00, 3.0
10.0, 14.2, 90.0, 55.0, 1994-06-08 00:00:00, 0.2
13.0, 16.3, 90.0, 47.0, 1994-06-09 00:00:00, 0.0
13.0, 17.7, 50.0, 41.0, 1994-06-10 00:00:00, 0.0
4.0, 13.8, 0.0, 76.0, 1994-06-11 00:00:00, 2.2
0.0, 11.8, 0.0, 76.0, 1994-06-12 00:00:00, 6.8
8.0, 6.9, 180.0, 95.0, 1994-06-13 00:00:00, 33.2
0.0, 7.5, 0.0, 88.0, 1994-06-14 00:00:00, 2.0
1.0, 13.3, 0.0, 54.0, 1994-06-15 00:00:00, 1.7
6.0, 15.2, 320.0, 60.0, 1994-06-16 00:00:00, 0.0
1.0, 16.4, 230.0, 57.0, 1994-06-17 00:00:00, 1.7
1.0, 15.9, 180.0, 50.0, 1994-06-18 00:00:00, 0.7
10.0, 16.4, 140.0, 51.0, 1994-06-19 00:00:00, 0.0
4.0, 17.5, 90.0, 50.0, 1994-06-20 00:00:00, 0.2
6.0, 20.0, 90.0, 44.0, 1994-06-21 00:00:00, 0.0
5.0, 23.0, 90.0, 39.0, 1994-06-22 00:00:00, 0.0
9.0, 24.8, 0.0, 47.0, 1994-06-23 00:00:00, 0.0
0.0, 23.0, 0.0, 46.0, 1994-06-24 00:00:00, 0.0
13.0, 19.5, 0.0, 57.0, 1994-06-25 00:00:00, 0.0
8.0, 18.8, 90.0, 44.0, 1994-06-26 00:00:00, 0.2
0.0, 14.1, 0.0, 51.0, 1994-06-27 00:00:00, 0.5
2.0, 13.7, 320.0, 62.0, 1994-06-28 00:00:00, 0.2
5.0, 15.1, 140.0, 58.0, 1994-06-29 00:00:00, 1.0
5.0, 12.8, 90.0, 75.0, 1994-06-30 00:00:00, 2.5
0.0, 11.0, 0.0, 91.0, 1994-07-01 00:00:00, 4.3
5.0, 13.3, 140.0, 82.0, 1994-07-02 00:00:00, 9.1
9.0, 15.1, 140.0, 70.0, 1994-07-03 00:00:00, 0.7
3.0, 9.8, 180.0, 96.0, 1994-07-04 00:00:00, 5.5
11.0, 19.4, 0.0, 63.0, 1994-07-05 00:00:00, 0.5
4.0, 16.2, 90.0, 69.0, 1994-07-06 00:00:00, 0.2
2.0, 14.8, 90.0, 77.0, 1994-07-07 00:00:00, 1.0
6.0, 14.8, 140.0, 56.0, 1994-07-08 00:00:00, 0.2
6.0, 15.2, 90.0, 61.0, 1994-07-09 00:00:00, 0.5
11.0, 17.6, 90.0, 54.0, 1994-07-10 00:00:00, 0.2
0.0, 20.0, 0.0, 54.0, 1994-07-11 00:00:00, 0.2
5.0, 22.4, 320.0, 51.0, 1994-07-12 00:00:00, 0.0
4.0, 24.5, 0.0, 40.0, 1994-07-13 00:00:00, 1.5
0.0, 23.1, 0.0, 56.0, 1994-07-14 00:00:00, 0.7
0.0, 24.7, 0.0, 47.0, 1994-07-15 00:00:00, 0.2
0.0, 17.8, 0.0, 53.0, 1994-07-16 00:00:00, 0.0
10.0, 15.4, 0.0, 71.0, 1994-07-17 00:00:00, 0.0
14.0, 17.2, 90.0, 62.0, 1994-07-18 00:00:00, 0.2
3.0, 22.5, 320.0, 49.0, 1994-07-19 00:00:00, 0.0
3.0, 26.7, 0.0, 42.0, 1994-07-20 00:00:00, 0.0
2.0, 23.7, 270.0, 31.0, 1994-07-21 00:00:00, 0.0
0.0, 26.3, 0.0, 24.0, 1994-07-22 00:00:00, 0.0
0.0, 28.0, 0.0, 27.0, 1994-07-23 00:00:00, 0.0
0.0, 26.6, 0.0, 39.0, 1994-07-24 00:00:00, 0.0
20.0, 22.0, 50.0, 49.0, 1994-07-25 00:00:00, 0.5
7.0, 22.8, 50.0, 53.0, 1994-07-26 00:00:00, 0.7
4.0, 23.8, 320.0, 43.0, 1994-07-27 00:00:00, 0.0
4.0, 26.7, 320.0, 42.0, 1994-07-28 00:00:00, 0.0
1.0, 24.9, 320.0, 37.0, 1994-07-29 00:00:00, 0.0
7.0, 19.6, 90.0, 37.0, 1994-07-30 00:00:00, 0.2
9.0, 27.5, 0.0, 37.0, 1994-07-31 00:00:00, 0.0
0.0, 23.0, 0.0, 37.0, 1994-08-01 00:00:00, 0.0
2.0, 19.7, 180.0, 41.0, 1994-08-02 00:00:00, 0.0
0.0, 30.0, 0.0, 44.0, 1994-08-03 00:00:00, 0.0
0.0, 20.8, 0.0, 80.0, 1994-08-04 00:00:00, 20.5
0.0, 17.6, 0.0, 81.0, 1994-08-05 00:00:00, 0.0
0.0, 13.9, 0.0, 84.0, 1994-08-06 00:00:00, 13.9
0.0, 17.6, 0.0, 72.0, 1994-08-07 00:00:00, 1.5
14.0, 19.6, 230.0, 50.0, 1994-08-08 00:00:00, 0.2
11.0, 16.0, 270.0, 55.0, 1994-08-09 00:00:00, 0.0
0.0, 20.4, 0.0, 54.0, 1994-08-10 00:00:00, 0.0
0.0, 24.3, 0.0, 50.0, 1994-08-11 00:00:00, 0.0
0.0, 24.6, 0.0, 52.0, 1994-08-12 00:00:00, 0.2
0.0, 25.2, 0.0, 52.0, 1994-08-13 00:00:00, 0.0
4.0, 22.4, 0.0, 61.0, 1994-08-14 00:00:00, 2.5
5.0, 21.0, 50.0, 42.0, 1994-08-15 00:00:00, 0.0
2.0, 22.0, 230.0, 38.0, 1994-08-16 00:00:00, 0.5
2.0, 23.9, 140.0, 42.0, 1994-08-17 00:00:00, 0.0
1.0, 24.9, 0.0, 47.0, 1994-08-18 00:00:00, 0.5
2.0, 25.8, 320.0, 41.0, 1994-08-19 00:00:00, 0.0
0.0, 20.0, 0.0, 54.0, 1994-08-20 00:00:00, 0.0
2.0, 18.8, 50.0, 48.0, 1994-08-21 00:00:00, 0.0
10.0, 14.6, 140.0, 57.0, 1994-08-22 00:00:00, 3.5
10.0, 13.2, 50.0, 54.0, 1994-08-23 00:00:00, 0.0
16.0, 16.6, 270.0, 50.0, 1994-08-24 00:00:00, 0.5
7.0, 18.3, 50.0, 48.0, 1994-08-25 00:00:00, 0.0
10.0, 20.7, 230.0, 35.0, 1994-08-26 00:00:00, 0.0
4.0, 23.3, 180.0, 36.0, 1994-08-27 00:00:00, 0.0
1.0, 22.9, 320.0, 45.0, 1994-08-28 00:00:00, 0.0
2.0, 24.5, 230.0, 32.0, 1994-08-29 00:00:00, 0.0
0.0, 16.7, 230.0, 84.0, 1994-08-30 00:00:00, 3.5
0.0, 17.6, 270.0, 75.0, 1994-08-31 00:00:00, 9.1
7.0, 13.2, 320.0, 85.0, 1994-09-01 00:00:00, 4.5
5.0, 15.0, 0.0, 58.0, 1994-09-02 00:00:00, 1.2
0.0, 11.6, 180.0, 85.0, 1994-09-03 00:00:00, 1.7
4.0, 14.3, 90.0, 51.0, 1994-09-04 00:00:00, 0.2
3.0, 13.6, 320.0, 85.0, 1994-09-05 00:00:00, 5.3
2.0, 13.2, 320.0, 94.0, 1994-09-06 00:00:00, 2.5
0.0, 14.6, 320.0, 62.0, 1994-09-07 00:00:00, 0.2
0.0, 12.4, 270.0, 93.0, 1994-09-08 00:00:00, 14.2
7.0, 12.2, 50.0, 81.0, 1994-09-09 00:00:00, 3.8
0.0, 12.5, 270.0, 76.0, 1994-09-10 00:00:00, 1.2
0.0, 12.8, 230.0, 64.0, 1994-09-11 00:00:00, 0.0
2.0, 10.1, 0.0, 94.0, 1994-09-12 00:00:00, 1.5
13.0, 12.6, 50.0, 87.0, 1994-09-13 00:00:00, 2.0
0.0, 13.6, 0.0, 71.0, 1994-09-14 00:00:00, 1.2
10.0, 17.0, 50.0, 66.0, 1994-09-15 00:00:00, 3.8
11.0, 20.8, 50.0, 47.0, 1994-09-16 00:00:00, 0.5
3.0, 14.2, 320.0, 89.0, 1994-09-17 00:00:00, 0.0
