station_observations
wind_speed, temperature, wind_direction, relative_humidity, time, precipitation
0.0, 0.0, 0.0, 0.0, 1994-06-29 00:00:00, 0.0
15.0, 9.2, 140.0, 85.0, 1994-06-30 00:00:00, 3.3
7.0, 9.9, 0.0, 98.0, 1994-07-01 00:00:00, 2.5
9.0, 10.4, 140.0, 94.0, 1994-07-02 00:00:00, 29.9
3.0, 12.6, 50.0, 82.0, 1994-07-03 00:00:00, 4.5
9.0, 13.0, 90.0, 92.0, 1994-07-04 00:00:00, 20.8
13.0, 15.2, 140.0, 84.0, 1994-07-05 00:00:00, 0.0
10.0, 15.9, 180.0, 44.0, 1994-07-06 00:00:00, 0.0
12.0, 14.4, 90.0, 77.0, 1994-07-07 00:00:00, 0.2
16.0, 12.7, 90.0, 63.0, 1994-07-08 00:00:00, 11.6
6.0, 9.9, 50.0, 87.0, 1994-07-09 00:00:00, 1.0
11.0, 12.9, 90.0, 86.0, 1994-07-10 00:00:00, 6.8
13.0, 20.4, 0.0, 40.0, 1994-07-11 00:00:00, 4.0
9.0, 21.0, 50.0, 43.0, 1994-07-12 00:00:00, 0.0
7.0, 22.0, 50.0, 43.0, 1994-07-13 00:00:00, 0.0
8.0, 22.3, 50.0, 41.0, 1994-07-14 00:00:00, 0.0
11.0, 22.7, 90.0, 40.0, 1994-07-15 00:00:00, 0.0
16.0, 20.2, 90.0, 61.0, 1994-07-16 00:00:00, 0.0
19.0, 15.3, 90.0, 64.0, 1994-07-17 00:00:00, 0.2
16.0, 18.9, 270.0, 39.0, 1994-07-18 00:00:00, 0.2
13.0, 19.1, 50.0, 44.0, 1994-07-19 00:00:00, 0.0
15.0, 22.4, 140.0, 49.0, 1994-07-20 00:00:00, 0.0
6.0, 20.5, 0.0, 26.0, 1994-07-21 00:00:00, 0.0
10.0, 21.4, 90.0, 32.0, 1994-07-22 00:00:00, 0.0
8.0, 24.0, 90.0, 36.0, 1994-07-23 00:00:00, 0.0
11.0, 25.9, 90.0, 33.0, 1994-07-24 00:00:00, 0.0
10.0, 27.1, 90.0, 32.0, 1994-07-25 00:00:00, 0.0
12.0, 21.3, 140.0, 56.0, 1994-07-26 00:00:00, 0.0
10.0, 23.2, 90.0, 38.0, 1994-07-27 00:00:00, 0.0
13.0, 24.6, 90.0, 39.0, 1994-07-28 00:00:00, 0.0
11.0, 22.0, 50.0, 52.0, 1994-07-29 00:00:00, 0.0
6.0, 15.2, 90.0, 76.0, 1994-07-30 00:00:00, 2.3
17.0, 17.4, 140.0, 56.0, 1994-07-31 00:00:00, 0.5
10.0, 20.8, 50.0, 38.0, 1994-08-01 00:00:00, 0.0
10.0, 24.6, 50.0, 38.0, 1994-08-02 00:00:00, 0.0
7.0, 27.9, 50.0, 37.0, 1994-08-03 00:00:00, 0.0
6.0, 16.5, 0.0, 91.0, 1994-08-04 00:00:00, 1.2
6.0, 13.5, 180.0, 97.0, 1994-08-05 00:00:00, 13.9
8.0, 12.3, 90.0, 98.0, 1994-08-06 00:00:00, 34.2
9.0, 16.1, 90.0, 79.0, 1994-08-07 00:00:00, 0.0
15.0, 17.1, 0.0, 69.0, 1994-08-08 00:00:00, 0.0
16.0, 19.8, 90.0, 32.0, 1994-08-09 00:00:00, 0.0
11.0, 18.9, 50.0, 48.0, 1994-08-10 00:00:00, 0.0
10.0, 14.0, 230.0, 91.0, 1994-08-11 00:00:00, 0.7
6.0, 18.0, 140.0, 85.0, 1994-08-12 00:00:00, 7.8
10.0, 20.0, 90.0, 71.0, 1994-08-13 00:00:00, 0.0
11.0, 21.0, 50.0, 52.0, 1994-08-14 00:00:00, 0.0
9.0, 17.6, 50.0, 66.0, 1994-08-15 00:00:00, 0.0
11.0, 17.9, 50.0, 62.0, 1994-08-16 00:00:00, 15.2
10.0, 20.3, 90.0, 50.0, 1994-08-17 00:00:00, 0.0
8.0, 20.5, 50.0, 57.0, 1994-08-18 00:00:00, 0.0
9.0, 21.0, 90.0, 56.0, 1994-08-19 00:00:00, 0.0
8.0, 17.2, 50.0, 59.0, 1994-08-20 00:00:00, 0.0
12.0, 18.3, 180.0, 43.0, 1994-08-21 00:00:00, 0.0
14.0, 14.4, 90.0, 46.0, 1994-08-22 00:00:00, 0.0
6.0, 13.0, 230.0, 45.0, 1994-08-23 00:00:00, 0.2
9.0, 14.5, 140.0, 48.0, 1994-08-24 00:00:00, 0.0
11.0, 14.2, 50.0, 44.0, 1994-08-25 00:00:00, 0.0
9.0, 16.9, 50.0, 41.0, 1994-08-26 00:00:00, 0.0
11.0, 16.5, 90.0, 60.0, 1994-08-27 00:00:00, 0.0
9.0, 17.7, 50.0, 60.0, 1994-08-28 00:00:00, 0.0
6.0, 17.5, 0.0, 48.0, 1994-08-29 00:00:00, 0.0
4.0, 14.3, 90.0, 95.0, 1994-08-30 00:00:00, 4.8
10.0, 14.5, 90.0, 84.0, 1994-08-31 00:00:00, 5.8
14.0, 13.5, 90.0, 82.0, 1994-09-01 00:00:00, 16.5
0.0, 14.5, 0.0, 47.0, 1994-09-02 00:00:00, 0.0
15.0, 11.9, 0.0, 47.0, 1994-09-03 00:00:00, 0.2
15.0, 13.1, 180.0, 46.0, 1994-09-04 00:00:00, 0.0
18.0, 11.8, 90.0, 75.0, 1994-09-05 00:00:00, 0.2
7.0, 10.2, 140.0, 93.0, 1994-09-06 00:00:00, 3.3
9.0, 12.3, 50.0, 62.0, 1994-09-07 00:00:00, 0.0
7.0, 8.4, 0.0, 79.0, 1994-09-08 00:00:00, 12.4
8.0, 10.5, 50.0, 80.0, 1994-09-09 00:00:00, 0.0
10.0, 8.5, 90.0, 94.0, 1994-09-10 00:00:00, 6.8
15.0, 7.9, 140.0, 96.0, 1994-09-11 00:00:00, 2.0
16.0, 11.5, 140.0, 82.0, 1994-09-12 00:00:00, 1.7
16.0, 11.5, 140.0, 82.0, 1994-09-13 00:00:00, 1.7
17.0, 11.8, 90.0, 80.0, 1994-09-14 00:00:00, 2.0
21.0, 14.1, 140.0, 65.0, 1994-09-15 00:00:00, 0.5
19.0, 16.3, 140.0, 71.0, 1994-09-16 00:00:00, 2.8
8.0, 14.7, 90.0, 78.0, 1994-09-17 00:00:00, 0.0
19.0, 14.2, 90.0, 58.0, 1994-09-18 00:00:00, 0.8
11.0, 10.9, 90.0, 71.0, 1994-09-19 00:00:00, 0.0
10.0, 10.2, 50.0, 41.0, 1994-09-20 00:00:00, 0.0
10.0, 14.1, 140.0, 57.0, 1994-09-21 00:00:00, 0.0
13.0, 12.7, 140.0, 94.0, 1994-09-22 00:00:00, 1.5
8.0, 9.9, 0.0, 52.0, 1994-09-23 00:00:00, 1.0
6.0, 8.9, 90.0, 80.0, 1994-09-24 00:00:00, 0.0
18.0, 13.6, 320.0, 32.0, 1994-09-25 00:00:00, 0.0
12.0, 11.3, 230.0, 38.0, 1994-09-26 00:00:00, 0.0
14.0, 12.3, 230.0, 49.0, 1994-09-27 00:00:00, 3.6
8.0, 7.9, 50.0, 59.0, 1994-09-28 00:00:00, 0.0
0.0, 0.0, 0.0, 0.0, 1995-05-31 00:00:00, 0.0
11.0, 13.2, 90.0, 39.0, 1995-06-01 00:00:00, 0.0
18.0, 14.9, 140.0, 41.0, 1995-06-02 00:00:00, 0.0
18.0, 17.0, 140.0, 35.0, 1995-06-03 00:00:00, 0.0
9.0, 16.0, 0.0, 50.0, 1995-06-04 00:00:00, 0.0
3.0, 10.0, 50.0, 97.0, 1995-06-05 00:00:00, 13.0
9.0, 11.6, 50.0, 72.0, 1995-06-06 00:00:00, 29.5
8.0, 17.4, 50.0, 51.0, 1995-06-07 00:00:00, 0.0
13.0, 18.9, 90.0, 35.0, 1995-06-08 00:00:00, 0.0
5.0, 25.0, 140.0, 37.0, 1995-06-09 00:00:00, 0.0
11.0, 24.0, 140.0, 36.0, 1995-06-10 00:00:00, 0.0
9.0, 17.0, 90.0, 59.0, 1995-06-11 00:00:00, 0.5
21.0, 13.8, 140.0, 62.0, 1995-06-12 00:00:00, 5.1
17.0, 13.9, 140.0, 56.0, 1995-06-13 00:00:00, 0.0
11.0, 7.1, 140.0, 98.0, 1995-06-14 00:00:00, 8.6
0.0, 8.0, 0.0, 99.0, 1995-06-15 00:00:00, 18.8
13.0, 11.8, 140.0, 86.0, 1995-06-16 00:00:00, 0.0
10.0, 11.1, 50.0, 93.0, 1995-06-17 00:00:00, 5.3
10.0, 16.7, 50.0, 55.0, 1995-06-18 00:00:00, 0.3
20.0, 21.9, 0.0, 35.0, 1995-06-19 00:00:00, 0.0
7.0, 22.7, 90.0, 43.0, 1995-06-20 00:00:00, 0.0
11.0, 20.1, 90.0, 53.0, 1995-06-21 00:00:00, 0.0
12.0, 20.4, 140.0, 58.0, 1995-06-22 00:00:00, 0.0
14.0, 18.1, 180.0, 26.0, 1995-06-23 00:00:00, 2.3
4.0, 8.7, 50.0, 85.0, 1995-06-24 00:00:00, 2.0
10.0, 8.3, 50.0, 68.0, 1995-06-25 00:00:00, 0.0
10.0, 16.0, 140.0, 41.0, 1995-06-26 00:00:00, 2.0
8.0, 19.8, 90.0, 36.0, 1995-06-27 00:00:00, 0.0
12.0, 22.3, 140.0, 36.0, 1995-06-28 00:00:00, 0.0
11.0, 24.2, 90.0, 39.0, 1995-06-29 00:00:00, 0.0
12.0, 22.8, 90.0, 38.0, 1995-06-30 00:00:00, 0.0
9.0, 19.3, 90.0, 55.0, 1995-07-01 00:00:00, 0.0
6.0, 13.8, 90.0, 98.0, 1995-07-02 00:00:00, 19.6
9.0, 12.5, 50.0, 99.0, 1995-07-03 00:00:00, 18.3
7.0, 11.6, 230.0, 83.0, 1995-07-04 00:00:00, 26.7
10.0, 11.8, 90.0, 95.0, 1995-07-05 00:00:00, 7.1
11.0, 13.6, 270.0, 80.0, 1995-07-06 00:00:00, 1.5
9.0, 17.6, 50.0, 64.0, 1995-07-07 00:00:00, 0.0
12.0, 17.7, 140.0, 71.0, 1995-07-08 00:00:00, 13.7
11.0, 18.3, 90.0, 68.0, 1995-07-09 00:00:00, 2.3
4.0, 14.4, 0.0, 90.0, 1995-07-10 00:00:00, 8.1
14.0, 10.8, 90.0, 93.0, 1995-07-11 00:00:00, 9.7
15.0, 15.4, 140.0, 78.0, 1995-07-12 00:00:00, 5.6
9.0, 15.0, 90.0, 66.0, 1995-07-13 00:00:00, 4.6
10.0, 14.4, 50.0, 66.0, 1995-07-14 00:00:00, 1.8
9.0, 16.2, 50.0, 43.0, 1995-07-15 00:00:00, 0.0
12.0, 18.8, 140.0, 39.0, 1995-07-16 00:00:00, 0.0
8.0, 17.3, 140.0, 50.0, 1995-07-17 00:00:00, 0.0
7.0, 21.0, 90.0, 47.0, 1995-07-18 00:00:00, 2.5
7.0, 20.9, 140.0, 46.0, 1995-07-19 00:00:00, 0.0
7.0, 20.1, 50.0, 48.0, 1995-07-20 00:00:00, 0.0
10.0, 19.3, 90.0, 52.0, 1995-07-21 00:00:00, 0.0
11.0, 20.1, 140.0, 65.0, 1995-07-22 00:00:00, 0.0
11.0, 16.9, 140.0, 59.0, 1995-07-23 00:00:00, 0.0
20.0, 15.2, 140.0, 66.0, 1995-07-24 00:00:00, 0.5
14.0, 15.5, 180.0, 64.0, 1995-07-25 00:00:00, 0.3
14.0, 16.0, 140.0, 56.0, 1995-07-26 00:00:00, 0.5
14.0, 14.9, 230.0, 33.0, 1995-07-27 00:00:00, 0.0
6.0, 12.9, 50.0, 50.0, 1995-07-28 00:00:00, 0.0
