station_observations
wind_speed, temperature, wind_direction, relative_humidity, time, precipitation
0.0, 0.0, 0.0, 0.0, 1994-07-22 00:00:00, 0.0
0.0, 0.0, 0.0, 0.0, 1994-07-23 00:00:00, 0.0
10.0, 28.2, 0.0, 29.0, 1994-07-24 00:00:00, 0.0
11.0, 26.9, 320.0, 42.0, 1994-07-25 00:00:00, 0.0
9.0, 25.7, 0.0, 47.0, 1994-07-26 00:00:00, 3.3
5.0, 25.1, 50.0, 40.0, 1994-07-27 00:00:00, 0.7
16.0, 22.2, 0.0, 62.0, 1994-07-28 00:00:00, 0.2
11.0, 24.4, 0.0, 57.0, 1994-07-29 00:00:00, 0.0
7.0, 19.0, 320.0, 63.0, 1994-07-30 00:00:00, 0.0
13.0, 19.3, 0.0, 43.0, 1994-07-31 00:00:00, 0.0
11.0, 21.2, 0.0, 44.0, 1994-08-01 00:00:00, 0.0
11.0, 25.1, 0.0, 52.0, 1994-08-02 00:00:00, 0.0
14.0, 25.0, 0.0, 60.0, 1994-08-03 00:00:00, 0.0
4.0, 21.1, 50.0, 76.0, 1994-08-04 00:00:00, 6.3
6.0, 15.3, 50.0, 97.0, 1994-08-05 00:00:00, 8.3
2.0, 11.0, 230.0, 99.0, 1994-08-06 00:00:00, 52.3
5.0, 17.3, 90.0, 78.0, 1994-08-07 00:00:00, 4.3
16.0, 19.5, 0.0, 53.0, 1994-08-08 00:00:00, 0.0
14.0, 15.9, 0.0, 56.0, 1994-08-09 00:00:00, 0.0
6.0, 20.5, 90.0, 45.0, 1994-08-10 00:00:00, 0.0
4.0, 23.4, 50.0, 49.0, 1994-08-11 00:00:00, 0.0
5.0, 20.8, 50.0, 68.0, 1994-08-12 00:00:00, 0.5
5.0, 20.8, 50.0, 68.0, 1994-08-13 00:00:00, 0.5
7.0, 24.8, 320.0, 49.0, 1994-08-14 00:00:00, 0.0
7.0, 20.4, 90.0, 54.0, 1994-08-15 00:00:00, 0.0
8.0, 18.0, 320.0, 61.0, 1994-08-16 00:00:00, 0.0
4.0, 21.6, 90.0, 50.0, 1994-08-17 00:00:00, 0.0
5.0, 21.7, 50.0, 57.0, 1994-08-18 00:00:00, 0.0
4.0, 23.7, 50.0, 48.0, 1994-08-19 00:00:00, 0.0
4.0, 19.5, 50.0, 66.0, 1994-08-20 00:00:00, 21.3
12.0, 20.6, 180.0, 44.0, 1994-08-21 00:00:00, 0.0
11.0, 14.3, 180.0, 61.0, 1994-08-22 00:00:00, 6.1
19.0, 14.4, 180.0, 48.0, 1994-08-23 00:00:00, 0.5
6.0, 15.1, 90.0, 50.0, 1994-08-24 00:00:00, 0.0
7.0, 16.1, 50.0, 49.0, 1994-08-25 00:00:00, 0.0
5.0, 18.5, 50.0, 42.0, 1994-08-26 00:00:00, 0.0
4.0, 21.5, 90.0, 41.0, 1994-08-27 00:00:00, 0.0
7.0, 23.0, 50.0, 46.0, 1994-08-28 00:00:00, 0.0
14.0, 15.7, 320.0, 67.0, 1994-08-29 00:00:00, 0.0
12.0, 17.5, 320.0, 68.0, 1994-08-30 00:00:00, 0.0
6.0, 14.2, 140.0, 78.0, 1994-08-31 00:00:00, 8.6
4.0, 17.3, 180.0, 67.0, 1994-09-01 00:00:00, 20.3
15.0, 14.7, 180.0, 49.0, 1994-09-02 00:00:00, 0.0
4.0, 12.7, 140.0, 66.0, 1994-09-03 00:00:00, 0.0
16.0, 15.6, 180.0, 46.0, 1994-09-04 00:00:00, 0.0
14.0, 13.3, 180.0, 68.0, 1994-09-05 00:00:00, 0.0
3.0, 12.0, 320.0, 94.0, 1994-09-06 00:00:00, 0.7
5.0, 16.1, 320.0, 56.0, 1994-09-07 00:00:00, 6.0
7.0, 5.0, 0.0, 92.0, 1994-09-08 00:00:00, 22.5
5.0, 10.1, 0.0, 88.0, 1994-09-09 00:00:00, 0.7
9.0, 8.2, 320.0, 94.0, 1994-09-10 00:00:00, 0.7
5.0, 11.6, 0.0, 66.0, 1994-09-11 00:00:00, 7.3
16.0, 9.7, 180.0, 78.0, 1994-09-12 00:00:00, 0.0
17.0, 13.5, 180.0, 73.0, 1994-09-13 00:00:00, 13.4
8.0, 14.1, 180.0, 67.0, 1994-09-14 00:00:00, 8.4
18.0, 16.6, 180.0, 50.0, 1994-09-15 00:00:00, 4.1
17.0, 18.3, 180.0, 55.0, 1994-09-16 00:00:00, 1.8
8.0, 19.1, 180.0, 54.0, 1994-09-17 00:00:00, 0.0
18.0, 16.7, 180.0, 42.0, 1994-09-18 00:00:00, 0.0
5.0, 10.6, 90.0, 87.0, 1994-09-19 00:00:00, 0.5
4.0, 12.3, 90.0, 44.0, 1994-09-20 00:00:00, 0.2
14.0, 14.1, 180.0, 49.0, 1994-09-21 00:00:00, 0.0
20.0, 18.2, 180.0, 50.0, 1994-09-22 00:00:00, 0.0
11.0, 12.7, 0.0, 44.0, 1994-09-23 00:00:00, 6.3
0.0, 0.0, 0.0, 0.0, 1995-05-25 00:00:00, 0.0
0.0, 0.0, 0.0, 0.0, 1995-05-26 00:00:00, 0.0
5.0, 22.0, 180.0, 28.0, 1995-05-27 00:00:00, 0.0
5.0, 21.0, 180.0, 35.0, 1995-05-28 00:00:00, 0.0
8.0, 19.0, 180.0, 35.0, 1995-05-29 00:00:00, 0.0
0.0, 14.5, 0.0, 42.0, 1995-05-30 00:00:00, 0.0
5.0, 15.0, 180.0, 40.0, 1995-05-31 00:00:00, 0.0
13.0, 16.4, 0.0, 34.0, 1995-06-01 00:00:00, 0.0
17.0, 17.1, 0.0, 34.0, 1995-06-02 00:00:00, 0.0
12.0, 21.8, 0.0, 0.0, 1995-06-03 00:00:00, 0.0
11.0, 18.9, 50.0, 38.0, 1995-06-04 00:00:00, 0.0
4.0, 10.4, 180.0, 97.0, 1995-06-05 00:00:00, 18.3
5.0, 11.3, 320.0, 78.0, 1995-06-06 00:00:00, 6.9
13.0, 17.8, 140.0, 61.0, 1995-06-07 00:00:00, 12.2
9.0, 20.8, 140.0, 42.0, 1995-06-08 00:00:00, 0.0
15.0, 23.7, 180.0, 25.0, 1995-06-09 00:00:00, 0.0
8.0, 25.3, 140.0, 29.0, 1995-06-10 00:00:00, 0.0
9.0, 21.8, 140.0, 43.0, 1995-06-11 00:00:00, 1.0
8.0, 19.8, 320.0, 37.0, 1995-06-12 00:00:00, 10.4
20.0, 16.6, 0.0, 36.0, 1995-06-13 00:00:00, 0.0
5.0, 9.4, 140.0, 82.0, 1995-06-14 00:00:00, 0.0
5.0, 10.9, 0.0, 84.0, 1995-06-15 00:00:00, 14.2
6.0, 13.0, 0.0, 75.0, 1995-06-16 00:00:00, 3.0
6.0, 15.0, 0.0, 67.0, 1995-06-17 00:00:00, 0.0
6.0, 18.0, 0.0, 60.0, 1995-06-18 00:00:00, 0.0
14.0, 17.8, 180.0, 65.0, 1995-06-19 00:00:00, 3.8
9.0, 20.3, 180.0, 55.0, 1995-06-20 00:00:00, 3.0
7.0, 23.3, 230.0, 36.0, 1995-06-21 00:00:00, 2.8
7.0, 23.2, 270.0, 45.0, 1995-06-22 00:00:00, 0.0
12.0, 19.2, 320.0, 34.0, 1995-06-23 00:00:00, 1.5
7.0, 11.5, 230.0, 75.0, 1995-06-24 00:00:00, 3.1
11.0, 12.6, 50.0, 48.0, 1995-06-25 00:00:00, 2.5
12.0, 18.4, 180.0, 46.0, 1995-06-26 00:00:00, 0.3
15.0, 21.1, 180.0, 28.0, 1995-06-27 00:00:00, 0.0
8.0, 22.8, 140.0, 38.0, 1995-06-28 00:00:00, 0.0
7.0, 24.5, 140.0, 44.0, 1995-06-29 00:00:00, 0.0
11.0, 22.4, 180.0, 52.0, 1995-06-30 00:00:00, 0.3
11.0, 20.1, 140.0, 64.0, 1995-07-01 00:00:00, 0.0
7.0, 14.6, 140.0, 95.0, 1995-07-02 00:00:00, 29.5
9.0, 13.3, 140.0, 95.0, 1995-07-03 00:00:00, 37.6
15.0, 11.0, 140.0, 92.0, 1995-07-04 00:00:00, 33.5
8.0, 11.9, 140.0, 91.0, 1995-07-05 00:00:00, 11.9
5.0, 15.7, 0.0, 78.0, 1995-07-06 00:00:00, 10.4
7.0, 21.6, 180.0, 47.0, 1995-07-07 00:00:00, 0.3
6.0, 23.1, 320.0, 43.0, 1995-07-08 00:00:00, 0.0
9.0, 21.5, 180.0, 48.0, 1995-07-09 00:00:00, 0.0
8.0, 12.5, 140.0, 96.0, 1995-07-10 00:00:00, 14.7
11.0, 13.1, 320.0, 78.0, 1995-07-11 00:00:00, 5.6
8.0, 19.2, 180.0, 61.0, 1995-07-12 00:00:00, 1.3
16.0, 17.1, 0.0, 53.0, 1995-07-13 00:00:00, 0.0
12.0, 18.1, 90.0, 50.0, 1995-07-14 00:00:00, 1.5
8.0, 18.9, 230.0, 49.0, 1995-07-15 00:00:00, 0.0
8.0, 21.8, 230.0, 43.0, 1995-07-16 00:00:00, 0.0
5.0, 20.8, 270.0, 51.0, 1995-07-17 00:00:00, 0.0
6.0, 24.1, 230.0, 47.0, 1995-07-18 00:00:00, 0.0
8.0, 24.5, 320.0, 43.0, 1995-07-19 00:00:00, 0.0
5.0, 22.0, 180.0, 46.0, 1995-07-20 00:00:00, 0.3
5.0, 21.1, 320.0, 59.0, 1995-07-21 00:00:00, 0.5
19.0, 23.3, 0.0, 36.0, 1995-07-22 00:00:00, 0.0
7.0, 18.6, 140.0, 62.0, 1995-07-23 00:00:00, 0.8
14.0, 16.0, 0.0, 57.0, 1995-07-24 00:00:00, 0.0
6.0, 18.4, 230.0, 58.0, 1995-07-25 00:00:00, 0.3
11.0, 17.3, 0.0, 49.0, 1995-07-26 00:00:00, 0.0
10.0, 15.1, 50.0, 44.0, 1995-07-27 00:00:00, 2.3
9.0, 15.5, 230.0, 47.0, 1995-07-28 00:00:00, 0.3
4.0, 18.1, 270.0, 44.0, 1995-07-29 00:00:00, 0.0
16.0, 14.9, 0.0, 54.0, 1995-07-30 00:00:00, 0.0
9.0, 18.9, 0.0, 43.0, 1995-07-31 00:00:00, 0.8
7.0, 14.5, 180.0, 52.0, 1995-08-01 00:00:00, 4.3
10.0, 17.0, 0.0, 50.0, 1995-08-02 00:00:00, 0.0
13.0, 17.9, 90.0, 51.0, 1995-08-03 00:00:00, 0.0
13.0, 19.2, 0.0, 45.0, 1995-08-04 00:00:00, 0.3
7.0, 14.3, 140.0, 53.0, 1995-08-05 00:00:00, 1.0
15.0, 16.1, 180.0, 51.0, 1995-08-06 00:00:00, 0.0
9.0, 13.7, 140.0, 68.0, 1995-08-07 00:00:00, 0.5
8.0, 17.3, 140.0, 43.0, 1995-08-08 00:00:00, 1.8
10.0, 21.5, 180.0, 41.0, 1995-08-09 00:00:00, 0.0
18.0, 17.1, 180.0, 48.0, 1995-08-10 00:00:00, 0.0
4.0, 11.7, 320.0, 90.0, 1995-08-11 00:00:00, 0.5
5.0, 19.6, 0.0, 53.0, 1995-08-12 00:00:00, 0.8
24.0, 17.9, 0.0, 48.0, 1995-08-13 00:00:00, 0.0
16.0, 13.9, 0.0, 78.0, 1995-08-14 00:00:00, 0.3
6.0, 6.5, 230.0, 96.0, 1995-08-15 00:00:00, 25.0
0.0, 7.1, 0.0, 98.0, 1995-08-16 00:00:00, 7.9
0.0, 8.9, 0.0, 99.0, 1995-08-17 00:00:00, 9.9
4.0, 13.5, 180.0, 76.0, 1995-08-18 00:00:00, 0.3
11.0, 12.5, 320.0, 77.0, 1995-08-19 00:00:00, 8.1
8.0, 10.3, 0.0, 92.0, 1995-08-20 00:00:00, 2.3
1.0, 8.6, 140.0, 94.0, 1995-08-21 00:00:00, 17.0
8.0, 10.2, 0.0, 93.0, 1995-08-22 00:00:00, 0.8
3.0, 13.1, 180.0, 69.0, 1995-08-23 00:00:00, 5.8
2.0, 10.3, 320.0, 92.0, 1995-08-24 00:00:00, 6.6
5.0, 15.9, 270.0, 61.0, 1995-08-25 00:00:00, 0.5
7.0, 13.4, 140.0, 68.0, 1995-08-26 00:00:00, 0.3
10.0, 12.8, 140.0, 73.0, 1995-08-27 00:00:00, 0.3
7.0, 17.3, 270.0, 41.0, 1995-08-28 00:00:00, 0.8
5.0, 15.5, 320.0, 56.0, 1995-08-29 00:00:00, 0.0
13.0, 14.5, 0.0, 50.0, 1995-08-30 00:00:00, 0.0
10.0, 15.0, 0.0, 50.0, 1995-08-31 00:00:00, 0.0
13.0, 17.9, 0.0, 49.0, 1995-09-01 00:00:00, 0.0
17.0, 20.8, 0.0, 40.0, 1995-09-02 00:00:00, 0.0
9.0, 18.9, 230.0, 39.0, 1995-09-03 00:00:00, 0.0
3.0, 21.3, 230.0, 40.0, 1995-09-04 00:00:00, 0.0
12.0, 15.1, 180.0, 49.0, 1995-09-05 00:00:00, 0.0
6.0, 18.4, 180.0, 53.0, 1995-09-06 00:00:00, 0.0
7.0, 20.4, 140.0, 51.0, 1995-09-07 00:00:00, 0.0
3.0, 23.5, 230.0, 44.0, 1995-09-08 00:00:00, 0.0
8.0, 24.2, 270.0, 43.0, 1995-09-09 00:00:00, 0.0
15.0, 17.1, 0.0, 48.0, 1995-09-10 00:00:00, 0.0
17.0, 19.4, 0.0, 48.0, 1995-09-11 00:00:00, 0.0
13.0, 17.8, 90.0, 30.0, 1995-09-12 00:00:00, 1.0
9.0, 18.1, 180.0, 42.0, 1995-09-13 00:00:00, 0.0
6.0, 18.0, 50.0, 46.0, 1995-09-14 00:00:00, 0.0
