station_observations
wind_speed, temperature, wind_direction, relative_humidity, time, precipitation
0.0, 0.0, 0.0, 0.0, 1989-06-13 00:00:00, 0.0
13.0, 15.6, 230.0, 41.0, 1989-06-14 00:00:00, 1.0
9.0, 13.6, 270.0, 41.0, 1989-06-15 00:00:00, 0.0
8.0, 11.3, 270.0, 46.0, 1989-06-16 00:00:00, 0.0
9.0, 15.2, 90.0, 41.0, 1989-06-17 00:00:00, 2.5
13.0, 12.3, 180.0, 44.0, 1989-06-18 00:00:00, 0.7
17.0, 12.1, 270.0, 50.0, 1989-06-19 00:00:00, 0.0
17.0, 15.8, 230.0, 48.0, 1989-06-20 00:00:00, 1.5
5.0, 8.2, 140.0, 89.0, 1989-06-21 00:00:00, 1.7
9.0, 18.3, 230.0, 58.0, 1989-06-22 00:00:00, 0.0
2.0, 21.8, 90.0, 41.0, 1989-06-23 00:00:00, 0.0
8.0, 24.0, 50.0, 37.0, 1989-06-24 00:00:00, 0.0
6.0, 23.0, 180.0, 40.0, 1989-06-25 00:00:00, 0.0
9.0, 8.9, 320.0, 54.0, 1989-06-26 00:00:00, 0.0
14.0, 8.4, 50.0, 99.0, 1989-06-27 00:00:00, 13.2
8.0, 11.8, 50.0, 69.0, 1989-06-28 00:00:00, 4.3
6.0, 16.0, 140.0, 59.0, 1989-06-29 00:00:00, 0.1
2.0, 10.0, 90.0, 95.0, 1989-06-30 00:00:00, 8.6
8.0, 12.7, 270.0, 77.0, 1989-07-01 00:00:00, 0.5
9.0, 14.7, 230.0, 56.0, 1989-07-02 00:00:00, 0.0
12.0, 13.1, 270.0, 63.0, 1989-07-03 00:00:00, 0.2
5.0, 15.3, 270.0, 55.0, 1989-07-04 00:00:00, 2.2
9.0, 14.3, 270.0, 57.0, 1989-07-05 00:00:00, 0.0
9.0, 14.6, 270.0, 61.0, 1989-07-06 00:00:00, 0.0
9.0, 10.9, 270.0, 94.0, 1989-07-07 00:00:00, 5.8
4.0, 18.5, 140.0, 52.0, 1989-07-08 00:00:00, 4.8
8.0, 20.5, 50.0, 56.0, 1989-07-09 00:00:00, 0.0
18.0, 21.0, 50.0, 45.0, 1989-07-10 00:00:00, 0.2
14.0, 19.8, 320.0, 40.0, 1989-07-11 00:00:00, 0.0
6.0, 21.1, 90.0, 48.0, 1989-07-12 00:00:00, 0.0
5.0, 19.0, 180.0, 55.0, 1989-07-13 00:00:00, 0.0
0.0, 18.1, 0.0, 69.0, 1989-07-14 00:00:00, 19.6
11.0, 19.8, 270.0, 42.0, 1989-07-15 00:00:00, 0.2
10.0, 17.5, 230.0, 53.0, 1989-07-16 00:00:00, 0.0
7.0, 18.5, 180.0, 55.0, 1989-07-17 00:00:00, 1.2
10.0, 18.5, 180.0, 57.0, 1989-07-18 00:00:00, 3.3
11.0, 18.4, 270.0, 54.0, 1989-07-19 00:00:00, 3.0
12.0, 15.0, 270.0, 57.0, 1989-07-20 00:00:00, 0.5
14.0, 15.4, 270.0, 51.0, 1989-07-21 00:00:00, 0.2
12.0, 14.2, 270.0, 59.0, 1989-07-22 00:00:00, 0.0
3.0, 16.8, 90.0, 57.0, 1989-07-23 00:00:00, 0.0
13.0, 19.3, 270.0, 46.0, 1989-07-24 00:00:00, 0.0
5.0, 21.9, 180.0, 41.0, 1989-07-25 00:00:00, 0.0
9.0, 26.3, 90.0, 31.0, 1989-07-26 00:00:00, 0.0
12.0, 12.2, 230.0, 95.0, 1989-07-27 00:00:00, 22.0
11.0, 16.9, 230.0, 61.0, 1989-07-28 00:00:00, 0.0
7.0, 19.6, 320.0, 60.0, 1989-07-29 00:00:00, 0.0
8.0, 24.6, 320.0, 37.0, 1989-07-30 00:00:00, 0.0
10.0, 22.9, 270.0, 48.0, 1989-07-31 00:00:00, 0.0
3.0, 15.3, 180.0, 95.0, 1989-08-01 00:00:00, 5.8
13.0, 17.2, 270.0, 71.0, 1989-08-02 00:00:00, 0.0
15.0, 19.5, 270.0, 51.0, 1989-08-03 00:00:00, 0.0
8.0, 18.1, 180.0, 62.0, 1989-08-04 00:00:00, 0.0
4.0, 20.3, 180.0, 55.0, 1989-08-05 00:00:00, 0.0
8.0, 21.7, 180.0, 44.0, 1989-08-06 00:00:00, 0.0
12.0, 22.1, 180.0, 40.0, 1989-08-07 00:00:00, 0.0
5.0, 19.6, 320.0, 29.0, 1989-08-08 00:00:00, 0.0
5.0, 15.1, 230.0, 57.0, 1989-08-09 00:00:00, 0.0
3.0, 15.8, 320.0, 52.0, 1989-08-10 00:00:00, 0.0
5.0, 15.6, 180.0, 83.0, 1989-08-11 00:00:00, 9.6
8.0, 22.1, 140.0, 49.0, 1989-08-12 00:00:00, 0.0
2.0, 15.7, 90.0, 91.0, 1989-08-13 00:00:00, 1.7
1.0, 14.8, 50.0, 91.0, 1989-08-14 00:00:00, 9.3
4.0, 17.3, 0.0, 72.0, 1989-08-15 00:00:00, 3.0
6.0, 18.0, 320.0, 88.0, 1989-08-16 00:00:00, 1.7
1.0, 19.1, 50.0, 64.0, 1989-08-17 00:00:00, 0.0
4.0, 21.7, 180.0, 49.0, 1989-08-18 00:00:00, 0.0
9.0, 17.4, 270.0, 63.0, 1989-08-19 00:00:00, 0.2
7.0, 14.6, 270.0, 87.0, 1989-08-20 00:00:00, 3.0
4.0, 13.2, 270.0, 71.0, 1989-08-21 00:00:00, 5.8
5.0, 11.4, 0.0, 99.0, 1989-08-22 00:00:00, 20.8
0.0, 0.0, 0.0, 0.0, 1989-08-23 00:00:00, 0.0
4.0, 15.2, 320.0, 69.0, 1989-08-24 00:00:00, 0.0
5.0, 17.8, 0.0, 56.0, 1989-08-25 00:00:00, 0.0
2.0, 18.5, 0.0, 46.0, 1989-08-26 00:00:00, 0.0
7.0, 19.4, 180.0, 47.0, 1989-08-27 00:00:00, 0.5
3.0, 16.6, 140.0, 63.0, 1989-08-28 00:00:00, 0.0
6.0, 20.3, 90.0, 58.0, 1989-08-29 00:00:00, 0.2
7.0, 20.9, 270.0, 49.0, 1989-08-30 00:00:00, 0.0
3.0, 11.0, 320.0, 98.0, 1989-08-31 00:00:00, 6.3
9.0, 15.2, 230.0, 55.0, 1989-09-01 00:00:00, 0.2
18.0, 14.6, 270.0, 51.0, 1989-09-02 00:00:00, 0.0
14.0, 13.1, 180.0, 81.0, 1989-09-03 00:00:00, 1.0
15.0, 13.3, 270.0, 53.0, 1989-09-04 00:00:00, 0.0
8.0, 15.3, 0.0, 53.0, 1989-09-05 00:00:00, 0.0
12.0, 18.7, 0.0, 54.0, 1989-09-06 00:00:00, 0.0
8.0, 18.2, 90.0, 47.0, 1989-09-07 00:00:00, 0.0
6.0, 16.7, 50.0, 46.0, 1989-09-08 00:00:00, 0.0
5.0, 18.0, 320.0, 40.0, 1989-09-09 00:00:00, 0.0
8.0, 20.2, 270.0, 32.0, 1989-09-10 00:00:00, 0.0
10.0, 21.2, 270.0, 35.0, 1989-09-11 00:00:00, 0.0
13.0, 20.1, 270.0, 38.0, 1989-09-12 00:00:00, 0.0
10.0, 19.2, 270.0, 36.0, 1989-09-13 00:00:00, 0.0
15.0, 14.5, 320.0, 42.0, 1989-09-14 00:00:00, 0.0
13.0, 9.5, 270.0, 60.0, 1989-09-15 00:00:00, 0.0
5.0, 7.4, 0.0, 78.0, 1989-09-16 00:00:00, 0.2
2.0, 8.6, 180.0, 59.0, 1989-09-17 00:00:00, 1.0
5.0, 7.6, 230.0, 90.0, 1989-09-18 00:00:00, 0.0
10.0, 10.4, 270.0, 83.0, 1989-09-19 00:00:00, 2.7
13.0, 14.9, 270.0, 70.0, 1989-09-20 00:00:00, 0.2
7.0, 18.0, 180.0, 61.0, 1989-09-21 00:00:00, 0.0
11.0, 20.8, 180.0, 40.0, 1989-09-22 00:00:00, 0.0
