station_observations
wind_speed, temperature, wind_direction, relative_humidity, time, precipitation
11.0, -0.3, 0.0, 62.0, 1990-04-26 00:00:00, 1.0
16.0, 1.1, 0.0, 55.0, 1990-04-27 00:00:00, 0.0
16.0, 2.4, 90.0, 48.0, 1990-04-28 00:00:00, 0.0
12.0, 6.8, 180.0, 41.0, 1990-04-29 00:00:00, 0.0
18.0, 11.6, 230.0, 38.0, 1990-04-30 00:00:00, 0.0
8.0, 3.7, 230.0, 95.0, 1990-05-01 00:00:00, 0.5
16.0, 9.3, 230.0, 66.0, 1990-05-02 00:00:00, 2.7
13.0, 11.1, 270.0, 60.0, 1990-05-03 00:00:00, 0.2
9.0, 12.5, 180.0, 50.0, 1990-05-04 00:00:00, 0.0
21.0, 16.6, 140.0, 35.0, 1990-05-05 00:00:00, 0.0
28.0, 3.6, 230.0, 60.0, 1990-05-06 00:00:00, 0.0
3.0, 8.2, 320.0, 73.0, 1990-05-07 00:00:00, 1.5
8.0, 9.6, 180.0, 58.0, 1990-05-08 00:00:00, 0.0
4.0, 12.8, 180.0, 52.0, 1990-05-09 00:00:00, 0.0
11.0, 11.6, 90.0, 58.0, 1990-05-10 00:00:00, 0.0
22.0, 10.1, 90.0, 48.0, 1990-05-11 00:00:00, 0.0
6.0, 13.9, 0.0, 39.0, 1990-05-12 00:00:00, 0.0
8.0, 16.1, 0.0, 30.0, 1990-05-13 00:00:00, 0.0
4.0, 15.4, 140.0, 34.0, 1990-05-14 00:00:00, 0.0
9.0, 13.5, 180.0, 45.0, 1990-05-15 00:00:00, 0.0
0.0, 8.3, 0.0, 83.0, 1990-05-16 00:00:00, 0.2
6.0, 7.3, 230.0, 85.0, 1990-05-17 00:00:00, 5.9
13.0, 10.4, 230.0, 71.0, 1990-05-18 00:00:00, 4.1
9.0, 10.6, 230.0, 55.0, 1990-05-19 00:00:00, 4.5
14.0, 14.7, 90.0, 52.0, 1990-05-20 00:00:00, 0.0
20.0, 5.7, 230.0, 96.0, 1990-05-21 00:00:00, 3.3
11.0, 9.8, 90.0, 74.0, 1990-05-22 00:00:00, 0.0
15.0, 12.1, 230.0, 61.0, 1990-05-23 00:00:00, 0.8
9.0, 14.0, 270.0, 43.0, 1990-05-24 00:00:00, 0.0
17.0, 10.0, 320.0, 64.0, 1990-05-25 00:00:00, 0.0
15.0, 10.0, 90.0, 99.0, 1990-05-26 00:00:00, 2.8
19.0, 13.5, 50.0, 72.0, 1990-05-27 00:00:00, 1.0
11.0, 16.2, 90.0, 71.0, 1990-05-28 00:00:00, 0.5
11.0, 12.8, 230.0, 94.0, 1990-05-29 00:00:00, 2.5
9.0, 12.3, 230.0, 89.0, 1990-05-30 00:00:00, 0.5
9.0, 8.5, 230.0, 99.0, 1990-05-31 00:00:00, 1.5
11.0, 12.3, 320.0, 73.0, 1990-06-01 00:00:00, 11.4
6.0, 12.3, 90.0, 64.0, 1990-06-02 00:00:00, 0.0
14.0, 10.4, 90.0, 99.0, 1990-06-03 00:00:00, 8.9
19.0, 9.1, 230.0, 82.0, 1990-06-04 00:00:00, 20.3
12.0, 11.9, 270.0, 55.0, 1990-06-05 00:00:00, 0.0
8.0, 17.7, 90.0, 36.0, 1990-06-06 00:00:00, 0.0
14.0, 14.4, 230.0, 68.0, 1990-06-07 00:00:00, 0.0
9.0, 15.7, 180.0, 52.0, 1990-06-08 00:00:00, 0.0
7.0, 13.8, 180.0, 58.0, 1990-06-09 00:00:00, 0.0
11.0, 8.8, 0.0, 93.0, 1990-06-10 00:00:00, 10.7
3.0, 8.7, 270.0, 99.0, 1990-06-11 00:00:00, 16.3
8.0, 8.5, 320.0, 97.0, 1990-06-12 00:00:00, 11.4
8.0, 15.7, 90.0, 59.0, 1990-06-13 00:00:00, 0.3
11.0, 19.2, 180.0, 50.0, 1990-06-14 00:00:00, 0.0
16.0, 14.0, 230.0, 60.0, 1990-06-15 00:00:00, 0.0
13.0, 12.7, 320.0, 46.0, 1990-06-16 00:00:00, 0.0
15.0, 13.9, 230.0, 57.0, 1990-06-17 00:00:00, 0.0
19.0, 13.5, 230.0, 61.0, 1990-06-18 00:00:00, 0.0
12.0, 12.7, 270.0, 68.0, 1990-06-19 00:00:00, 0.0
13.0, 13.4, 230.0, 69.0, 1990-06-20 00:00:00, 3.3
15.0, 19.0, 230.0, 58.0, 1990-06-21 00:00:00, 0.0
9.0, 22.7, 230.0, 46.0, 1990-06-22 00:00:00, 0.0
14.0, 12.9, 230.0, 47.0, 1990-06-23 00:00:00, 0.0
15.0, 13.8, 230.0, 58.0, 1990-06-24 00:00:00, 0.0
11.0, 17.0, 230.0, 50.0, 1990-06-25 00:00:00, 0.0
18.0, 11.3, 230.0, 82.0, 1990-06-26 00:00:00, 2.0
3.0, 15.4, 180.0, 54.0, 1990-06-27 00:00:00, 0.0
6.0, 13.6, 50.0, 90.0, 1990-06-28 00:00:00, 1.3
10.0, 15.9, 90.0, 75.0, 1990-06-29 00:00:00, 4.3
3.0, 17.0, 140.0, 67.0, 1990-06-30 00:00:00, 10.7
13.0, 12.5, 180.0, 76.0, 1990-07-01 00:00:00, 1.8
6.0, 13.4, 0.0, 62.0, 1990-07-02 00:00:00, 0.0
17.0, 9.6, 0.0, 99.0, 1990-07-03 00:00:00, 11.9
9.0, 15.4, 90.0, 80.0, 1990-07-04 00:00:00, 3.8
7.0, 18.6, 50.0, 68.0, 1990-07-05 00:00:00, 0.0
11.0, 18.3, 50.0, 61.0, 1990-07-06 00:00:00, 0.3
15.0, 19.5, 180.0, 69.0, 1990-07-07 00:00:00, 0.0
1.0, 12.3, 230.0, 99.0, 1990-07-08 00:00:00, 4.8
11.0, 14.9, 270.0, 71.0, 1990-07-09 00:00:00, 8.4
12.0, 20.6, 180.0, 46.0, 1990-07-10 00:00:00, 0.3
9.0, 22.2, 180.0, 57.0, 1990-07-11 00:00:00, 0.0
9.0, 23.2, 270.0, 48.0, 1990-07-12 00:00:00, 0.3
17.0, 15.4, 230.0, 54.0, 1990-07-13 00:00:00, 2.8
9.0, 18.9, 180.0, 40.0, 1990-07-14 00:00:00, 1.3
14.0, 18.0, 230.0, 55.0, 1990-07-15 00:00:00, 0.5
9.0, 13.7, 270.0, 54.0, 1990-07-16 00:00:00, 0.8
4.0, 20.8, 270.0, 63.0, 1990-07-17 00:00:00, 0.5
12.0, 13.4, 50.0, 87.0, 1990-07-18 00:00:00, 1.0
12.0, 19.0, 90.0, 49.0, 1990-07-19 00:00:00, 5.0
9.0, 22.0, 90.0, 40.0, 1990-07-20 00:00:00, 0.0
7.0, 24.6, 180.0, 37.0, 1990-07-21 00:00:00, 0.0
7.0, 26.7, 180.0, 34.0, 1990-07-22 00:00:00, 0.0
4.0, 21.2, 230.0, 73.0, 1990-07-23 00:00:00, 0.0
14.0, 23.5, 50.0, 51.0, 1990-07-24 00:00:00, 0.0
11.0, 26.7, 230.0, 44.0, 1990-07-25 00:00:00, 0.0
22.0, 21.1, 230.0, 40.0, 1990-07-26 00:00:00, 0.0
8.0, 20.8, 0.0, 39.0, 1990-07-27 00:00:00, 0.0
6.0, 23.8, 180.0, 35.0, 1990-07-28 00:00:00, 0.0
10.0, 27.2, 90.0, 33.0, 1990-07-29 00:00:00, 0.0
4.0, 24.4, 180.0, 43.0, 1990-07-30 00:00:00, 0.5
23.0, 22.3, 230.0, 39.0, 1990-07-31 00:00:00, 0.0
16.0, 17.1, 230.0, 40.0, 1990-08-01 00:00:00, 0.0
18.0, 15.5, 230.0, 57.0, 1990-08-02 00:00:00, 0.0
13.0, 16.4, 230.0, 65.0, 1990-08-03 00:00:00, 1.5
8.0, 23.6, 180.0, 52.0, 1990-08-04 00:00:00, 2.3
13.0, 28.4, 140.0, 32.0, 1990-08-05 00:00:00, 0.2
22.0, 15.6, 230.0, 51.0, 1990-08-06 00:00:00, 0.5
11.0, 15.2, 230.0, 59.0, 1990-08-07 00:00:00, 0.0
11.0, 21.1, 140.0, 48.0, 1990-08-08 00:00:00, 0.5
11.0, 23.9, 230.0, 50.0, 1990-08-09 00:00:00, 0.0
12.0, 27.9, 50.0, 38.0, 1990-08-10 00:00:00, 0.0
14.0, 30.0, 50.0, 33.0, 1990-08-11 00:00:00, 0.0
13.0, 29.9, 140.0, 31.0, 1990-08-12 00:00:00, 0.0
19.0, 27.3, 50.0, 42.0, 1990-08-13 00:00:00, 0.0
2.0, 20.5, 90.0, 60.0, 1990-08-14 00:00:00, 0.0
2.0, 17.9, 270.0, 80.0, 1990-08-15 00:00:00, 1.0
2.0, 17.2, 180.0, 88.0, 1990-08-16 00:00:00, 4.1
1.0, 16.3, 270.0, 97.0, 1990-08-17 00:00:00, 6.3
6.0, 19.5, 140.0, 67.0, 1990-08-18 00:00:00, 0.3
9.0, 23.8, 180.0, 49.0, 1990-08-19 00:00:00, 0.5
13.0, 23.8, 230.0, 47.0, 1990-08-20 00:00:00, 0.0
12.0, 23.8, 230.0, 56.0, 1990-08-21 00:00:00, 0.0
20.0, 14.0, 230.0, 55.0, 1990-08-22 00:00:00, 0.0
12.0, 10.8, 50.0, 73.0, 1990-08-23 00:00:00, 4.8
7.0, 13.5, 50.0, 42.0, 1990-08-24 00:00:00, 0.0
17.0, 14.9, 50.0, 43.0, 1990-08-25 00:00:00, 0.0
7.0, 17.2, 180.0, 48.0, 1990-08-26 00:00:00, 0.0
19.0, 14.4, 270.0, 50.0, 1990-08-27 00:00:00, 0.0
19.0, 18.8, 230.0, 54.0, 1990-08-28 00:00:00, 0.0
13.0, 19.9, 180.0, 38.0, 1990-08-29 00:00:00, 0.0
4.0, 13.2, 230.0, 96.0, 1990-08-30 00:00:00, 12.2
12.0, 13.6, 270.0, 82.0, 1990-08-31 00:00:00, 4.1
12.0, 11.3, 180.0, 78.0, 1990-09-01 00:00:00, 0.0
11.0, 12.1, 230.0, 59.0, 1990-09-02 00:00:00, 0.0
13.0, 14.8, 180.0, 56.0, 1990-09-03 00:00:00, 0.0
17.0, 17.5, 180.0, 49.0, 1990-09-04 00:00:00, 0.0
3.0, 16.2, 90.0, 58.0, 1990-09-05 00:00:00, 0.0
17.0, 19.5, 230.0, 33.0, 1990-09-06 00:00:00, 0.0
15.0, 20.0, 230.0, 33.0, 1990-09-07 00:00:00, 0.0
10.0, 16.5, 230.0, 55.0, 1990-09-08 00:00:00, 0.0
16.0, 20.6, 230.0, 36.0, 1990-09-09 00:00:00, 0.0
14.0, 20.8, 230.0, 21.0, 1990-09-10 00:00:00, 0.0
6.0, 16.3, 180.0, 45.0, 1990-09-11 00:00:00, 0.0
11.0, 17.1, 230.0, 47.0, 1990-09-12 00:00:00, 0.0
12.0, 18.2, 230.0, 46.0, 1990-09-13 00:00:00, 0.0
4.0, 20.0, 90.0, 47.0, 1990-09-14 00:00:00, 0.0
20.0, 21.2, 230.0, 40.0, 1990-09-15 00:00:00, 0.0
8.0, 17.7, 270.0, 38.0, 1990-09-16 00:00:00, 0.0
6.0, 13.7, 230.0, 42.0, 1990-09-17 00:00:00, 0.0
9.0, 12.3, 180.0, 90.0, 1990-09-18 00:00:00, 0.5
19.0, 13.6, 230.0, 44.0, 1990-09-19 00:00:00, 0.0
5.0, 12.3, 180.0, 56.0, 1990-09-20 00:00:00, 0.0
8.0, 19.0, 180.0, 61.0, 1990-09-21 00:00:00, 0.2
6.0, 19.8, 180.0, 59.0, 1990-09-22 00:00:00, 0.0
22.0, 20.4, 230.0, 40.0, 1990-09-23 00:00:00, 0.0
22.0, 17.2, 230.0, 50.0, 1990-09-24 00:00:00, 0.0
16.0, 13.6, 230.0, 41.0, 1990-09-25 00:00:00, 0.0
6.0, 13.9, 90.0, 41.0, 1990-09-26 00:00:00, 0.0
15.0, 12.7, 90.0, 41.0, 1990-09-27 00:00:00, 0.0
5.0, 13.7, 180.0, 42.0, 1990-09-28 00:00:00, 0.0
17.0, 9.7, 230.0, 51.0, 1990-09-29 00:00:00, 0.2
15.0, 11.3, 230.0, 53.0, 1990-09-30 00:00:00, 0.7
8.0, 7.3, 140.0, 97.0, 1990-10-01 00:00:00, 10.4
18.0, 7.0, 230.0, 69.0, 1990-10-02 00:00:00, 5.3
9.0, 1.6, 50.0, 98.0, 1990-10-03 00:00:00, 0.5
10.0, 2.0, 320.0, 96.0, 1990-10-04 00:00:00, 3.3
0.0, 1.5, 0.0, 84.0, 1990-10-05 00:00:00, 8.9
14.0, 2.2, 230.0, 96.0, 1990-10-06 00:00:00, 0.8
16.0, 3.9, 230.0, 99.0, 1990-10-07 00:00:00, 3.8
18.0, 6.3, 230.0, 94.0, 1990-10-08 00:00:00, 2.5
22.0, 7.3, 230.0, 82.0, 1990-10-09 00:00:00, 8.2
8.0, 4.0, 320.0, 65.0, 1990-10-10 00:00:00, 1.0
8.0, -1.0, 140.0, 99.0, 1990-10-11 00:00:00, 0.0
14.0, 2.1, 230.0, 98.0, 1990-10-12 00:00:00, 0.0
25.0, 4.3, 230.0, 65.0, 1990-10-13 00:00:00, 8.6
11.0, 3.4, 230.0, 55.0, 1990-10-14 00:00:00, 0.0
4.0, 3.2, 230.0, 62.0, 1990-10-15 00:00:00, 8.1
20.0, 1.4, 230.0, 61.0, 1990-10-16 00:00:00, 0.0
19.0, -1.0, 90.0, 92.0, 1990-10-17 00:00:00, 0.0
19.0, 4.3, 230.0, 71.0, 1990-10-18 00:00:00, 5.3
16.0, 3.4, 270.0, 56.0, 1990-10-19 00:00:00, 0.0
5.0, 3.4, 140.0, 74.0, 1990-10-20 00:00:00, 0.0
23.0, 3.7, 230.0, 84.0, 1990-10-21 00:00:00, 0.0
16.0, 5.0, 230.0, 64.0, 1990-10-22 00:00:00, 15.0
0.0, 0.0, 0.0, 0.0, 1991-04-23 00:00:00, 0.0
10.0, 4.2, 50.0, 98.0, 1991-04-24 00:00:00, 10.6
0.0, 1.9, 0.0, 99.0, 1991-04-25 00:00:00, 5.3
16.0, 4.7, 90.0, 70.0, 1991-04-26 00:00:00, 6.8
14.0, 7.4, 50.0, 52.0, 1991-04-27 00:00:00, 0.0
9.0, 8.1, 50.0, 46.0, 1991-04-28 00:00:00, 0.0
8.0, 10.7, 0.0, 44.0, 1991-04-29 00:00:00, 0.0
16.0, 13.5, 230.0, 35.0, 1991-04-30 00:00:00, 0.0
11.0, 13.1, 230.0, 36.0, 1991-05-01 00:00:00, 0.0
9.0, 16.2, 0.0, 27.0, 1991-05-02 00:00:00, 0.0
7.0, 14.1, 180.0, 34.0, 1991-05-03 00:00:00, 0.0
10.0, 14.3, 230.0, 25.0, 1991-05-04 00:00:00, 0.0
17.0, 13.2, 320.0, 42.0, 1991-05-05 00:00:00, 0.0
11.0, 9.2, 320.0, 72.0, 1991-05-06 00:00:00, 3.8
15.0, 8.2, 230.0, 86.0, 1991-05-07 00:00:00, 2.8
5.0, 5.1, 230.0, 98.0, 1991-05-08 00:00:00, 12.1
13.0, 14.0, 90.0, 58.0, 1991-05-09 00:00:00, 5.1
18.0, 11.3, 50.0, 54.0, 1991-05-10 00:00:00, 0.0
9.0, 15.0, 50.0, 48.0, 1991-05-11 00:00:00, 0.0
13.0, 11.8, 90.0, 55.0, 1991-05-12 00:00:00, 0.0
19.0, 10.9, 90.0, 37.0, 1991-05-13 00:00:00, 0.5
22.0, 11.8, 50.0, 43.0, 1991-05-14 00:00:00, 0.0
10.0, 13.6, 0.0, 43.0, 1991-05-15 00:00:00, 0.0
12.0, 13.5, 0.0, 44.0, 1991-05-16 00:00:00, 0.0
4.0, 17.0, 180.0, 45.0, 1991-05-17 00:00:00, 3.6
8.0, 20.2, 270.0, 38.0, 1991-05-18 00:00:00, 0.0
16.0, 18.9, 230.0, 30.0, 1991-05-19 00:00:00, 0.0
24.0, 13.1, 270.0, 44.0, 1991-05-20 00:00:00, 0.0
19.0, 9.9, 230.0, 45.0, 1991-05-21 00:00:00, 0.0
5.0, 4.7, 180.0, 93.0, 1991-05-22 00:00:00, 0.8
5.0, 6.2, 230.0, 93.0, 1991-05-23 00:00:00, 7.9
15.0, 12.0, 0.0, 46.0, 1991-05-24 00:00:00, 3.3
7.0, 14.4, 180.0, 48.0, 1991-05-25 00:00:00, 0.0
19.0, 15.4, 230.0, 38.0, 1991-05-26 00:00:00, 0.0
14.0, 15.4, 230.0, 41.0, 1991-05-27 00:00:00, 0.0
16.0, 15.9, 230.0, 28.0, 1991-05-28 00:00:00, 0.0
12.0, 16.6, 90.0, 36.0, 1991-05-29 00:00:00, 0.0
21.0, 15.8, 180.0, 42.0, 1991-05-30 00:00:00, 0.0
21.0, 13.5, 180.0, 42.0, 1991-05-31 00:00:00, 0.0
23.0, 8.5, 180.0, 40.0, 1991-06-01 00:00:00, 0.0
10.0, 11.2, 50.0, 36.0, 1991-06-02 00:00:00, 0.0
11.0, 4.3, 0.0, 95.0, 1991-06-03 00:00:00, 9.7
1.0, 8.2, 270.0, 85.0, 1991-06-04 00:00:00, 7.6
13.0, 14.8, 180.0, 47.0, 1991-06-05 00:00:00, 2.3
9.0, 20.8, 180.0, 40.0, 1991-06-06 00:00:00, 0.0
22.0, 15.3, 230.0, 40.0, 1991-06-07 00:00:00, 0.0
20.0, 10.4, 230.0, 48.0, 1991-06-08 00:00:00, 0.0
11.0, 11.6, 180.0, 96.0, 1991-06-09 00:00:00, 4.1
25.0, 18.0, 230.0, 43.0, 1991-06-10 00:00:00, 5.6
17.0, 9.7, 230.0, 58.0, 1991-06-11 00:00:00, 0.0
19.0, 12.9, 230.0, 51.0, 1991-06-12 00:00:00, 1.0
10.0, 7.7, 230.0, 99.0, 1991-06-13 00:00:00, 4.1
10.0, 11.6, 230.0, 82.0, 1991-06-14 00:00:00, 12.7
10.0, 9.6, 230.0, 92.0, 1991-06-15 00:00:00, 3.6
6.0, 13.1, 0.0, 78.0, 1991-06-16 00:00:00, 2.8
17.0, 14.2, 230.0, 75.0, 1991-06-17 00:00:00, 0.3
6.0, 17.3, 50.0, 61.0, 1991-06-18 00:00:00, 4.3
17.0, 17.9, 50.0, 50.0, 1991-06-19 00:00:00, 0.0
16.0, 21.1, 50.0, 38.0, 1991-06-20 00:00:00, 0.0
14.0, 19.1, 0.0, 55.0, 1991-06-21 00:00:00, 0.0
9.0, 21.6, 0.0, 45.0, 1991-06-22 00:00:00, 0.0
15.0, 20.2, 0.0, 50.0, 1991-06-23 00:00:00, 0.0
9.0, 21.1, 0.0, 41.0, 1991-06-24 00:00:00, 3.1
10.0, 21.4, 230.0, 49.0, 1991-06-25 00:00:00, 0.0
7.0, 18.2, 230.0, 75.0, 1991-06-26 00:00:00, 8.9
7.0, 18.6, 140.0, 70.0, 1991-06-27 00:00:00, 0.5
1.0, 20.0, 270.0, 57.0, 1991-06-28 00:00:00, 0.0
1.0, 20.3, 180.0, 48.0, 1991-06-29 00:00:00, 0.3
8.0, 16.4, 230.0, 49.0, 1991-06-30 00:00:00, 1.5
3.0, 16.4, 140.0, 55.0, 1991-07-01 00:00:00, 0.0
2.0, 19.0, 230.0, 68.0, 1991-07-02 00:00:00, 2.5
12.0, 17.4, 270.0, 51.0, 1991-07-03 00:00:00, 2.3
19.0, 14.0, 230.0, 50.0, 1991-07-04 00:00:00, 0.0
13.0, 8.5, 230.0, 91.0, 1991-07-05 00:00:00, 3.6
2.0, 15.7, 50.0, 58.0, 1991-07-06 00:00:00, 0.0
7.0, 19.2, 230.0, 50.0, 1991-07-07 00:00:00, 0.0
16.0, 20.1, 230.0, 44.0, 1991-07-08 00:00:00, 2.8
17.0, 20.0, 230.0, 38.0, 1991-07-09 00:00:00, 0.0
12.0, 22.0, 230.0, 40.0, 1991-07-10 00:00:00, 0.0
8.0, 19.5, 140.0, 50.0, 1991-07-11 00:00:00, 0.0
10.0, 17.9, 230.0, 68.0, 1991-07-12 00:00:00, 9.1
10.0, 11.3, 230.0, 96.0, 1991-07-13 00:00:00, 13.5
10.0, 13.8, 230.0, 61.0, 1991-07-14 00:00:00, 2.8
6.0, 13.8, 180.0, 73.0, 1991-07-15 00:00:00, 0.5
10.0, 17.0, 230.0, 55.0, 1991-07-16 00:00:00, 0.0
21.0, 15.3, 230.0, 61.0, 1991-07-17 00:00:00, 0.0
18.0, 15.5, 230.0, 51.0, 1991-07-18 00:00:00, 0.0
14.0, 12.9, 230.0, 53.0, 1991-07-19 00:00:00, 0.8
10.0, 13.1, 180.0, 46.0, 1991-07-20 00:00:00, 0.0
14.0, 17.7, 230.0, 46.0, 1991-07-21 00:00:00, 0.0
8.0, 21.6, 140.0, 44.0, 1991-07-22 00:00:00, 0.0
15.0, 26.2, 50.0, 34.0, 1991-07-23 00:00:00, 0.0
2.0, 28.4, 50.0, 37.0, 1991-07-24 00:00:00, 0.0
8.0, 15.1, 230.0, 89.0, 1991-07-25 00:00:00, 9.4
11.0, 11.3, 270.0, 90.0, 1991-07-26 00:00:00, 1.0
15.0, 17.4, 230.0, 47.0, 1991-07-27 00:00:00, 0.8
21.0, 14.8, 230.0, 53.0, 1991-07-28 00:00:00, 0.0
12.0, 12.3, 270.0, 65.0, 1991-07-29 00:00:00, 0.5
15.0, 15.7, 180.0, 51.0, 1991-07-30 00:00:00, 0.0
6.0, 19.3, 230.0, 45.0, 1991-07-31 00:00:00, 0.0
13.0, 22.7, 180.0, 36.0, 1991-08-01 00:00:00, 0.0
12.0, 21.1, 180.0, 26.0, 1991-08-02 00:00:00, 0.0
20.0, 22.2, 230.0, 40.0, 1991-08-03 00:00:00, 0.0
11.0, 21.2, 180.0, 53.0, 1991-08-04 00:00:00, 0.0
11.0, 15.1, 230.0, 49.0, 1991-08-05 00:00:00, 2.0
13.0, 19.1, 50.0, 33.0, 1991-08-06 00:00:00, 0.0
16.0, 23.2, 90.0, 46.0, 1991-08-07 00:00:00, 0.0
5.0, 17.9, 230.0, 89.0, 1991-08-08 00:00:00, 1.3
9.0, 17.8, 230.0, 45.0, 1991-08-09 00:00:00, 0.0
12.0, 19.4, 180.0, 42.0, 1991-08-10 00:00:00, 0.0
13.0, 22.2, 180.0, 39.0, 1991-08-11 00:00:00, 0.0
12.0, 21.0, 0.0, 42.0, 1991-08-12 00:00:00, 0.0
7.0, 26.1, 0.0, 35.0, 1991-08-13 00:00:00, 0.0
6.0, 28.0, 140.0, 30.0, 1991-08-14 00:00:00, 0.0
19.0, 30.0, 230.0, 31.0, 1991-08-15 00:00:00, 0.0
14.0, 27.7, 180.0, 22.0, 1991-08-16 00:00:00, 0.0
15.0, 28.5, 180.0, 28.0, 1991-08-17 00:00:00, 0.0
17.0, 25.8, 230.0, 37.0, 1991-08-18 00:00:00, 0.0
17.0, 18.8, 230.0, 51.0, 1991-08-19 00:00:00, 0.0
24.0, 18.7, 230.0, 51.0, 1991-08-20 00:00:00, 0.3
21.0, 17.0, 230.0, 42.0, 1991-08-21 00:00:00, 0.0
12.0, 16.6, 180.0, 42.0, 1991-08-22 00:00:00, 0.0
14.0, 16.4, 230.0, 41.0, 1991-08-23 00:00:00, 0.0
14.0, 14.1, 320.0, 55.0, 1991-08-24 00:00:00, 0.0
22.0, 15.0, 230.0, 42.0, 1991-08-25 00:00:00, 0.0
18.0, 16.4, 140.0, 60.0, 1991-08-26 00:00:00, 2.5
2.0, 9.8, 140.0, 98.0, 1991-08-27 00:00:00, 13.2
5.0, 10.4, 90.0, 94.0, 1991-08-28 00:00:00, 3.3
15.0, 10.1, 50.0, 96.0, 1991-08-29 00:00:00, 7.6
7.0, 14.5, 180.0, 57.0, 1991-08-30 00:00:00, 5.1
2.0, 13.5, 50.0, 68.0, 1991-08-31 00:00:00, 0.5
12.0, 11.0, 230.0, 64.0, 1991-09-01 00:00:00, 1.0
14.0, 13.1, 230.0, 50.0, 1991-09-02 00:00:00, 1.0
11.0, 16.2, 180.0, 66.0, 1991-09-03 00:00:00, 0.0
2.0, 18.9, 140.0, 55.0, 1991-09-04 00:00:00, 0.0
13.0, 18.8, 230.0, 47.0, 1991-09-05 00:00:00, 0.0
9.0, 16.9, 230.0, 50.0, 1991-09-06 00:00:00, 0.0
11.0, 13.3, 230.0, 44.0, 1991-09-07 00:00:00, 0.0
8.0, 14.6, 230.0, 52.0, 1991-09-08 00:00:00, 0.0
8.0, 12.5, 180.0, 57.0, 1991-09-09 00:00:00, 0.0
10.0, 15.7, 180.0, 56.0, 1991-09-10 00:00:00, 0.0
10.0, 17.8, 230.0, 50.0, 1991-09-11 00:00:00, 0.5
10.0, 13.1, 180.0, 79.0, 1991-09-12 00:00:00, 0.5
13.0, 11.9, 270.0, 66.0, 1991-09-13 00:00:00, 0.8
13.0, 14.1, 180.0, 50.0, 1991-09-14 00:00:00, 0.0
7.0, 9.2, 230.0, 95.0, 1991-09-15 00:00:00, 0.3
8.0, 13.3, 180.0, 75.0, 1991-09-16 00:00:00, 2.8
6.0, 15.1, 50.0, 64.0, 1991-09-17 00:00:00, 0.0
6.0, 18.9, 140.0, 64.0, 1991-09-18 00:00:00, 0.0
16.0, 13.6, 230.0, 43.0, 1991-09-19 00:00:00, 0.0
15.0, 11.0, 270.0, 43.0, 1991-09-20 00:00:00, 0.0
3.0, 9.9, 0.0, 50.0, 1991-09-21 00:00:00, 0.0
6.0, 3.9, 180.0, 99.0, 1991-09-22 00:00:00, 10.9
17.0, 15.7, 230.0, 80.0, 1991-09-23 00:00:00, 0.3
13.0, 19.8, 230.0, 58.0, 1991-09-24 00:00:00, 0.0
7.0, 18.9, 180.0, 60.0, 1991-09-25 00:00:00, 0.0
8.0, 19.5, 140.0, 56.0, 1991-09-26 00:00:00, 0.0
17.0, 18.1, 230.0, 51.0, 1991-09-27 00:00:00, 0.0
14.0, 10.6, 230.0, 49.0, 1991-09-28 00:00:00, 0.0
4.0, 7.3, 230.0, 45.0, 1991-09-29 00:00:00, 0.0
15.0, 11.0, 230.0, 60.0, 1991-09-30 00:00:00, 0.0
13.0, 9.5, 270.0, 43.0, 1991-10-01 00:00:00, 0.8
13.0, 10.1, 230.0, 44.0, 1991-10-02 00:00:00, 0.0
4.0, 9.4, 90.0, 44.0, 1991-10-03 00:00:00, 0.0
9.0, 10.2, 180.0, 49.0, 1991-10-04 00:00:00, 0.0
7.0, 15.8, 180.0, 49.0, 1991-10-05 00:00:00, 0.0
9.0, 13.9, 230.0, 48.0, 1991-10-06 00:00:00, 0.0
21.0, 8.0, 230.0, 48.0, 1991-10-07 00:00:00, 0.0
7.0, 5.6, 90.0, 55.0, 1991-10-08 00:00:00, 0.0
16.0, 14.6, 230.0, 91.0, 1991-10-09 00:00:00, 5.3
0.0, 14.9, 0.0, 85.0, 1991-10-10 00:00:00, 3.6
0.0, 14.3, 0.0, 61.0, 1991-10-11 00:00:00, 0.0
15.0, 8.2, 230.0, 55.0, 1991-10-12 00:00:00, 0.0
0.0, 3.2, 0.0, 97.0, 1991-10-13 00:00:00, 2.0
11.0, 13.3, 180.0, 89.0, 1991-10-14 00:00:00, 2.0
5.0, 2.6, 230.0, 99.0, 1991-10-15 00:00:00, 10.2
16.0, -1.0, 0.0, 66.0, 1991-10-16 00:00:00, 0.8
11.0, 1.5, 230.0, 82.0, 1991-10-17 00:00:00, 0.3
10.0, 1.4, 230.0, 99.0, 1991-10-18 00:00:00, 0.0
9.0, 3.7, 230.0, 98.0, 1991-10-19 00:00:00, 8.1
9.0, 7.3, 180.0, 89.0, 1991-10-20 00:00:00, 0.0
0.0, 0.0, 0.0, 0.0, 1992-04-26 00:00:00, 0.0
16.0, 13.8, 270.0, 38.0, 1992-04-27 00:00:00, 0.0
1.0, 8.7, 270.0, 50.0, 1992-04-28 00:00:00, 0.0
6.0, 7.3, 50.0, 73.0, 1992-04-29 00:00:00, 0.0
27.0, 7.7, 230.0, 46.0, 1992-04-30 00:00:00, 0.0
15.0, 8.4, 180.0, 57.0, 1992-05-01 00:00:00, 0.0
11.0, 8.3, 180.0, 62.0, 1992-05-02 00:00:00, 0.3
9.0, 9.7, 140.0, 66.0, 1992-05-03 00:00:00, 0.0
22.0, 16.6, 180.0, 27.0, 1992-05-04 00:00:00, 0.0
16.0, 14.7, 230.0, 42.0, 1992-05-05 00:00:00, 0.0
10.0, 11.6, 230.0, 35.0, 1992-05-06 00:00:00, 0.0
10.0, 11.8, 180.0, 32.0, 1992-05-07 00:00:00, 0.0
10.0, 8.7, 230.0, 47.0, 1992-05-08 00:00:00, 0.0
7.0, 2.7, 180.0, 97.0, 1992-05-09 00:00:00, 2.5
10.0, 3.1, 270.0, 86.0, 1992-05-10 00:00:00, 6.9
1.0, 6.1, 90.0, 65.0, 1992-05-11 00:00:00, 1.8
21.0, 9.1, 230.0, 52.0, 1992-05-12 00:00:00, 0.0
19.0, 12.0, 230.0, 39.0, 1992-05-13 00:00:00, 0.0
3.0, 10.4, 230.0, 44.0, 1992-05-14 00:00:00, 0.0
5.0, 10.1, 230.0, 46.0, 1992-05-15 00:00:00, 6.6
21.0, 15.4, 230.0, 34.0, 1992-05-16 00:00:00, 0.0
21.0, 13.7, 180.0, 30.0, 1992-05-17 00:00:00, 0.0
16.0, 7.0, 270.0, 41.0, 1992-05-18 00:00:00, 0.0
6.0, 4.9, 50.0, 50.0, 1992-05-19 00:00:00, 0.0
8.0, 5.8, 0.0, 40.0, 1992-05-20 00:00:00, 0.0
11.0, 8.3, 50.0, 34.0, 1992-05-21 00:00:00, 0.0
11.0, 12.4, 90.0, 21.0, 1992-05-22 00:00:00, 0.0
4.0, 16.3, 180.0, 23.0, 1992-05-23 00:00:00, 0.0
4.0, 18.3, 140.0, 39.0, 1992-05-24 00:00:00, 0.0
8.0, 23.3, 180.0, 33.0, 1992-05-25 00:00:00, 0.0
18.0, 18.6, 230.0, 41.0, 1992-05-26 00:00:00, 0.8
16.0, 15.2, 230.0, 40.0, 1992-05-27 00:00:00, 0.0
10.0, 18.8, 180.0, 42.0, 1992-05-28 00:00:00, 0.0
6.0, 12.3, 230.0, 78.0, 1992-05-29 00:00:00, 1.3
9.0, 19.9, 140.0, 35.0, 1992-05-30 00:00:00, 0.5
0.0, 16.4, 0.0, 62.0, 1992-05-31 00:00:00, 1.3
14.0, 15.0, 230.0, 39.0, 1992-06-01 00:00:00, 6.4
18.0, 12.4, 230.0, 47.0, 1992-06-02 00:00:00, 0.0
11.0, 17.9, 230.0, 34.0, 1992-06-03 00:00:00, 0.0
8.0, 16.5, 180.0, 41.0, 1992-06-04 00:00:00, 0.0
15.0, 18.0, 180.0, 36.0, 1992-06-05 00:00:00, 0.0
18.0, 18.0, 230.0, 33.0, 1992-06-06 00:00:00, 0.0
18.0, 12.5, 230.0, 61.0, 1992-06-07 00:00:00, 0.8
12.0, 15.4, 230.0, 45.0, 1992-06-08 00:00:00, 0.0
1.0, 9.7, 230.0, 94.0, 1992-06-09 00:00:00, 3.8
5.0, 15.3, 140.0, 52.0, 1992-06-10 00:00:00, 3.6
15.0, 15.6, 50.0, 67.0, 1992-06-11 00:00:00, 0.0
19.0, 21.5, 50.0, 54.0, 1992-06-12 00:00:00, 0.0
12.0, 19.2, 50.0, 56.0, 1992-06-13 00:00:00, 0.0
0.0, 18.1, 0.0, 74.0, 1992-06-14 00:00:00, 0.0
12.0, 18.4, 0.0, 69.0, 1992-06-15 00:00:00, 0.0
21.0, 16.4, 230.0, 48.0, 1992-06-16 00:00:00, 0.0
15.0, 17.0, 180.0, 44.0, 1992-06-17 00:00:00, 0.0
11.0, 18.9, 180.0, 50.0, 1992-06-18 00:00:00, 0.0
1.0, 13.5, 180.0, 91.0, 1992-06-19 00:00:00, 7.9
11.0, 17.7, 230.0, 59.0, 1992-06-20 00:00:00, 0.8
20.0, 19.5, 230.0, 32.0, 1992-06-21 00:00:00, 0.0
15.0, 21.1, 180.0, 40.0, 1992-06-22 00:00:00, 0.0
7.0, 20.5, 180.0, 40.0, 1992-06-23 00:00:00, 0.0
2.0, 24.5, 50.0, 26.0, 1992-06-24 00:00:00, 0.0
8.0, 27.2, 140.0, 27.0, 1992-06-25 00:00:00, 0.0
10.0, 26.9, 230.0, 27.0, 1992-06-26 00:00:00, 0.0
10.0, 25.4, 90.0, 32.0, 1992-06-27 00:00:00, 0.0
18.0, 24.2, 50.0, 30.0, 1992-06-28 00:00:00, 0.0
30.0, 21.6, 50.0, 35.0, 1992-06-29 00:00:00, 0.0
16.0, 22.2, 50.0, 35.0, 1992-06-30 00:00:00, 0.0
8.0, 21.4, 50.0, 35.0, 1992-07-01 00:00:00, 0.0
6.0, 20.8, 0.0, 40.0, 1992-07-02 00:00:00, 0.0
4.0, 10.4, 0.0, 95.0, 1992-07-03 00:00:00, 5.6
0.0, 15.3, 270.0, 80.0, 1992-07-04 00:00:00, 0.3
0.0, 19.4, 0.0, 64.0, 1992-07-05 00:00:00, 4.6
19.0, 18.4, 230.0, 61.0, 1992-07-06 00:00:00, 0.0
17.0, 16.0, 230.0, 53.0, 1992-07-07 00:00:00, 0.0
0.0, 17.1, 0.0, 49.0, 1992-07-08 00:00:00, 0.0
3.0, 16.0, 0.0, 69.0, 1992-07-09 00:00:00, 1.5
0.0, 14.3, 0.0, 94.0, 1992-07-10 00:00:00, 10.7
8.0, 20.7, 180.0, 57.0, 1992-07-11 00:00:00, 7.4
17.0, 18.7, 230.0, 58.0, 1992-07-12 00:00:00, 0.0
21.0, 12.7, 230.0, 63.0, 1992-07-13 00:00:00, 0.0
15.0, 15.3, 230.0, 51.0, 1992-07-14 00:00:00, 2.8
9.0, 17.9, 180.0, 49.0, 1992-07-15 00:00:00, 0.0
1.0, 20.3, 270.0, 45.0, 1992-07-16 00:00:00, 0.0
8.0, 21.1, 180.0, 36.0, 1992-07-17 00:00:00, 0.0
14.0, 19.4, 0.0, 44.0, 1992-07-18 00:00:00, 0.0
8.0, 21.6, 50.0, 40.0, 1992-07-19 00:00:00, 0.0
9.0, 24.4, 180.0, 34.0, 1992-07-20 00:00:00, 0.0
12.0, 22.2, 230.0, 29.0, 1992-07-21 00:00:00, 0.0
12.0, 21.9, 180.0, 32.0, 1992-07-22 00:00:00, 0.0
18.0, 22.7, 230.0, 29.0, 1992-07-23 00:00:00, 0.0
13.0, 21.2, 230.0, 38.0, 1992-07-24 00:00:00, 0.0
9.0, 20.6, 230.0, 41.0, 1992-07-25 00:00:00, 0.0
9.0, 16.2, 180.0, 45.0, 1992-07-26 00:00:00, 1.3
10.0, 17.4, 230.0, 49.0, 1992-07-27 00:00:00, 0.0
8.0, 18.9, 270.0, 48.0, 1992-07-28 00:00:00, 0.0
14.0, 21.4, 230.0, 42.0, 1992-07-29 00:00:00, 0.0
14.0, 22.0, 230.0, 34.0, 1992-07-30 00:00:00, 0.0
3.0, 25.3, 140.0, 24.0, 1992-07-31 00:00:00, 0.0
6.0, 28.1, 140.0, 23.0, 1992-08-01 00:00:00, 0.0
9.0, 25.3, 140.0, 41.0, 1992-08-02 00:00:00, 1.8
8.0, 24.8, 230.0, 32.0, 1992-08-03 00:00:00, 0.0
7.0, 25.7, 180.0, 28.0, 1992-08-04 00:00:00, 0.0
12.0, 24.5, 230.0, 28.0, 1992-08-05 00:00:00, 0.0
6.0, 12.2, 180.0, 95.0, 1992-08-06 00:00:00, 9.4
13.0, 13.5, 180.0, 65.0, 1992-08-07 00:00:00, 4.8
3.0, 14.0, 270.0, 50.0, 1992-08-08 00:00:00, 0.0
19.0, 16.9, 180.0, 45.0, 1992-08-09 00:00:00, 0.0
4.0, 20.6, 140.0, 33.0, 1992-08-10 00:00:00, 0.0
8.0, 24.8, 140.0, 39.0, 1992-08-11 00:00:00, 0.0
3.0, 27.1, 140.0, 31.0, 1992-08-12 00:00:00, 0.0
6.0, 25.1, 180.0, 31.0, 1992-08-13 00:00:00, 0.0
19.0, 21.0, 230.0, 34.0, 1992-08-14 00:00:00, 0.3
9.0, 18.9, 180.0, 41.0, 1992-08-15 00:00:00, 0.0
6.0, 20.9, 230.0, 33.0, 1992-08-16 00:00:00, 0.0
8.0, 25.0, 180.0, 33.0, 1992-08-17 00:00:00, 0.0
10.0, 20.1, 230.0, 44.0, 1992-08-18 00:00:00, 0.0
5.0, 17.9, 0.0, 34.0, 1992-08-19 00:00:00, 0.0
9.0, 19.8, 0.0, 25.0, 1992-08-20 00:00:00, 0.0
13.0, 13.4, 50.0, 32.0, 1992-08-21 00:00:00, 0.0
9.0, 11.5, 50.0, 24.0, 1992-08-22 00:00:00, 0.0
10.0, 17.7, 140.0, 25.0, 1992-08-23 00:00:00, 0.0
3.0, 21.0, 230.0, 33.0, 1992-08-24 00:00:00, 0.0
15.0, 21.0, 230.0, 46.0, 1992-08-25 00:00:00, 0.0
18.0, 18.8, 230.0, 48.0, 1992-08-26 00:00:00, 0.0
12.0, 14.9, 180.0, 38.0, 1992-08-27 00:00:00, 0.0
1.0, 15.7, 0.0, 41.0, 1992-08-28 00:00:00, 0.0
7.0, 14.0, 140.0, 43.0, 1992-08-29 00:00:00, 0.0
12.0, 15.3, 50.0, 72.0, 1992-08-30 00:00:00, 2.0
17.0, 16.4, 230.0, 61.0, 1992-08-31 00:00:00, 0.0
17.0, 16.1, 230.0, 40.0, 1992-09-01 00:00:00, 0.0
13.0, 14.8, 270.0, 40.0, 1992-09-02 00:00:00, 0.0
12.0, 13.2, 180.0, 52.0, 1992-09-03 00:00:00, 0.0
10.0, 5.8, 230.0, 84.0, 1992-09-04 00:00:00, 1.3
9.0, 5.4, 0.0, 79.0, 1992-09-05 00:00:00, 1.5
12.0, 9.2, 230.0, 53.0, 1992-09-06 00:00:00, 0.0
8.0, 9.1, 140.0, 65.0, 1992-09-07 00:00:00, 0.3
14.0, 10.4, 230.0, 54.0, 1992-09-08 00:00:00, 4.3
1.0, 7.9, 180.0, 96.0, 1992-09-09 00:00:00, 4.6
20.0, 12.3, 230.0, 58.0, 1992-09-10 00:00:00, 5.6
11.0, 9.4, 230.0, 62.0, 1992-09-11 00:00:00, 0.0
17.0, 6.3, 230.0, 44.0, 1992-09-12 00:00:00, 0.0
4.0, 1.7, 0.0, 85.0, 1992-09-13 00:00:00, 0.3
7.0, 3.0, 320.0, 84.0, 1992-09-14 00:00:00, 4.3
10.0, 7.7, 180.0, 45.0, 1992-09-15 00:00:00, 0.3
10.0, 5.0, 230.0, 82.0, 1992-09-16 00:00:00, 6.3
7.0, 8.7, 140.0, 60.0, 1992-09-17 00:00:00, 0.3
2.0, 8.2, 180.0, 94.0, 1992-09-18 00:00:00, 5.3
0.0, 10.2, 0.0, 94.0, 1992-09-19 00:00:00, 0.8
17.0, 13.1, 230.0, 37.0, 1992-09-20 00:00:00, 0.8
0.0, 7.0, 0.0, 94.0, 1992-09-21 00:00:00, 3.6
2.0, 14.1, 180.0, 81.0, 1992-09-22 00:00:00, 1.5
4.0, 10.6, 140.0, 93.0, 1992-09-23 00:00:00, 9.9
16.0, 9.8, 230.0, 91.0, 1992-09-24 00:00:00, 8.4
12.0, 7.4, 230.0, 54.0, 1992-09-25 00:00:00, 0.0
6.0, 2.4, 230.0, 96.0, 1992-09-26 00:00:00, 14.2
1.0, 4.5, 90.0, 84.0, 1992-09-27 00:00:00, 1.3
1.0, 10.6, 50.0, 69.0, 1992-09-28 00:00:00, 0.3
18.0, 21.4, 140.0, 30.0, 1992-09-29 00:00:00, 0.0
0.0, 12.5, 0.0, 71.0, 1992-09-30 00:00:00, 0.0
0.0, 15.7, 0.0, 82.0, 1992-10-01 00:00:00, 4.8
0.0, 13.6, 0.0, 90.0, 1992-10-02 00:00:00, 0.0
18.0, 6.6, 230.0, 92.0, 1992-10-03 00:00:00, 3.0
8.0, 7.9, 230.0, 67.0, 1992-10-04 00:00:00, 0.0
5.0, 8.5, 0.0, 48.0, 1992-10-05 00:00:00, 0.3
7.0, 7.3, 180.0, 64.0, 1992-10-06 00:00:00, 0.0
1.0, 5.5, 140.0, 57.0, 1992-10-07 00:00:00, 0.0
20.0, 6.9, 230.0, 55.0, 1992-10-08 00:00:00, 0.5
20.0, 10.4, 230.0, 59.0, 1992-10-09 00:00:00, 0.0
20.0, 6.6, 230.0, 93.0, 1992-10-10 00:00:00, 2.3
5.0, 5.5, 180.0, 57.0, 1992-10-11 00:00:00, 0.3
8.0, 5.0, 320.0, 40.0, 1992-10-12 00:00:00, 0.0
15.0, 2.3, 230.0, 52.0, 1992-10-13 00:00:00, 0.0
17.0, -1.8, 0.0, 65.0, 1992-10-14 00:00:00, 0.0
3.0, 0.2, 140.0, 55.0, 1992-10-15 00:00:00, 0.0
9.0, -3.8, 50.0, 72.0, 1992-10-16 00:00:00, 0.3
8.0, -3.9, 50.0, 93.0, 1992-10-17 00:00:00, 0.0
4.0, 2.0, 0.0, 95.0, 1992-10-18 00:00:00, 0.3
11.0, 5.3, 90.0, 90.0, 1992-10-19 00:00:00, 19.8
9.0, 6.3, 230.0, 94.0, 1992-10-20 00:00:00, 5.1
0.0, 4.4, 0.0, 90.0, 1992-10-21 00:00:00, 0.3
17.0, 9.9, 230.0, 79.0, 1992-10-22 00:00:00, 3.0
0.0, 9.7, 0.0, 92.0, 1992-10-23 00:00:00, 5.8
19.0, 6.6, 230.0, 80.0, 1992-10-24 00:00:00, 3.0
0.0, 4.8, 0.0, 84.0, 1992-10-25 00:00:00, 0.0
15.0, 4.9, 230.0, 81.0, 1992-10-26 00:00:00, 1.0
10.0, 5.2, 90.0, 72.0, 1992-10-27 00:00:00, 0.0
1.0, 6.1, 140.0, 63.0, 1992-10-28 00:00:00, 0.0
16.0, 4.8, 50.0, 80.0, 1992-10-29 00:00:00, 0.0
11.0, 2.5, 0.0, 95.0, 1992-10-30 00:00:00, 2.8
0.0, 0.0, 0.0, 0.0, 1996-06-25 00:00:00, 0.0
2.0, 13.8, 230.0, 73.0, 1996-06-26 00:00:00, 0.0
13.0, 17.7, 230.0, 46.0, 1996-06-27 00:00:00, 0.3
21.0, 13.1, 230.0, 48.0, 1996-06-28 00:00:00, 0.0
15.0, 14.4, 180.0, 48.0, 1996-06-29 00:00:00, 0.0
10.0, 15.6, 230.0, 55.0, 1996-06-30 00:00:00, 1.3
16.0, 15.9, 230.0, 39.0, 1996-07-01 00:00:00, 0.0
3.0, 16.5, 50.0, 38.0, 1996-07-02 00:00:00, 0.0
3.0, 16.8, 180.0, 59.0, 1996-07-03 00:00:00, 1.5
15.0, 10.0, 230.0, 71.0, 1996-07-04 00:00:00, 13.2
17.0, 13.0, 230.0, 61.0, 1996-07-05 00:00:00, 1.3
19.0, 18.0, 230.0, 38.0, 1996-07-06 00:00:00, 0.0
6.0, 21.7, 230.0, 41.0, 1996-07-07 00:00:00, 0.0
7.0, 23.4, 50.0, 46.0, 1996-07-08 00:00:00, 0.0
15.0, 14.4, 230.0, 56.0, 1996-07-09 00:00:00, 8.4
17.0, 15.3, 230.0, 47.0, 1996-07-10 00:00:00, 0.0
13.0, 18.9, 180.0, 50.0, 1996-07-11 00:00:00, 0.0
14.0, 22.7, 230.0, 34.0, 1996-07-12 00:00:00, 0.0
12.0, 24.0, 230.0, 38.0, 1996-07-13 00:00:00, 0.0
12.0, 23.3, 180.0, 32.0, 1996-07-14 00:00:00, 0.0
13.0, 18.2, 230.0, 29.0, 1996-07-15 00:00:00, 0.0
8.0, 16.6, 230.0, 33.0, 1996-07-16 00:00:00, 0.0
12.0, 10.0, 50.0, 97.0, 1996-07-17 00:00:00, 17.0
11.0, 11.0, 230.0, 71.0, 1996-07-18 00:00:00, 16.0
15.0, 10.7, 230.0, 68.0, 1996-07-19 00:00:00, 0.3
16.0, 12.3, 230.0, 78.0, 1996-07-20 00:00:00, 11.2
10.0, 15.7, 230.0, 64.0, 1996-07-21 00:00:00, 0.0
8.0, 19.5, 230.0, 58.0, 1996-07-22 00:00:00, 0.0
6.0, 22.4, 140.0, 47.0, 1996-07-23 00:00:00, 0.0
7.0, 24.8, 50.0, 44.0, 1996-07-24 00:00:00, 0.0
8.0, 23.1, 50.0, 46.0, 1996-07-25 00:00:00, 0.0
4.0, 25.4, 180.0, 34.0, 1996-07-26 00:00:00, 0.0
7.0, 27.8, 90.0, 33.0, 1996-07-27 00:00:00, 0.0
9.0, 27.6, 50.0, 38.0, 1996-07-28 00:00:00, 0.0
6.0, 24.5, 230.0, 47.0, 1996-07-29 00:00:00, 0.0
17.0, 16.9, 230.0, 40.0, 1996-07-30 00:00:00, 0.8
13.0, 16.2, 230.0, 56.0, 1996-07-31 00:00:00, 0.3
5.0, 14.3, 230.0, 62.0, 1996-08-01 00:00:00, 0.0
4.0, 16.6, 180.0, 59.0, 1996-08-02 00:00:00, 0.0
14.0, 15.8, 270.0, 59.0, 1996-08-03 00:00:00, 0.0
16.0, 15.1, 270.0, 51.0, 1996-08-04 00:00:00, 0.0
7.0, 19.7, 270.0, 48.0, 1996-08-05 00:00:00, 0.0
16.0, 18.7, 230.0, 34.0, 1996-08-06 00:00:00, 0.0
8.0, 16.6, 180.0, 44.0, 1996-08-07 00:00:00, 0.0
4.0, 18.4, 180.0, 60.0, 1996-08-08 00:00:00, 1.0
14.0, 20.2, 180.0, 47.0, 1996-08-09 00:00:00, 0.0
5.0, 20.2, 180.0, 55.0, 1996-08-10 00:00:00, 0.0
10.0, 23.5, 0.0, 47.0, 1996-08-11 00:00:00, 0.0
12.0, 16.7, 230.0, 58.0, 1996-08-12 00:00:00, 11.2
8.0, 18.1, 230.0, 51.0, 1996-08-13 00:00:00, 0.0
5.0, 20.7, 180.0, 48.0, 1996-08-14 00:00:00, 0.0
6.0, 18.4, 180.0, 49.0, 1996-08-15 00:00:00, 0.0
11.0, 12.5, 230.0, 65.0, 1996-08-16 00:00:00, 4.8
10.0, 10.0, 230.0, 87.0, 1996-08-17 00:00:00, 1.0
9.0, 13.8, 230.0, 62.0, 1996-08-18 00:00:00, 0.0
14.0, 11.8, 230.0, 80.0, 1996-08-19 00:00:00, 4.1
16.0, 13.5, 230.0, 59.0, 1996-08-20 00:00:00, 0.0
15.0, 12.1, 230.0, 67.0, 1996-08-21 00:00:00, 0.0
12.0, 16.2, 180.0, 78.0, 1996-08-22 00:00:00, 1.8
16.0, 19.2, 230.0, 49.0, 1996-08-23 00:00:00, 0.5
6.0, 20.8, 90.0, 45.0, 1996-08-24 00:00:00, 0.0
7.0, 22.8, 180.0, 45.0, 1996-08-25 00:00:00, 0.0
10.0, 24.0, 230.0, 35.0, 1996-08-26 00:00:00, 0.0
7.0, 25.6, 90.0, 41.0, 1996-08-27 00:00:00, 0.0
9.0, 20.9, 180.0, 60.0, 1996-08-28 00:00:00, 0.0
7.0, 25.0, 140.0, 47.0, 1996-08-29 00:00:00, 0.3
7.0, 14.7, 90.0, 91.0, 1996-08-30 00:00:00, 3.6
19.0, 14.9, 230.0, 64.0, 1996-08-31 00:00:00, 5.1
11.0, 12.5, 230.0, 55.0, 1996-09-01 00:00:00, 0.0
7.0, 17.5, 140.0, 47.0, 1996-09-02 00:00:00, 0.0
21.0, 13.3, 0.0, 55.0, 1996-09-03 00:00:00, 0.3
8.0, 11.5, 50.0, 58.0, 1996-09-04 00:00:00, 0.0
11.0, 12.3, 180.0, 67.0, 1996-09-05 00:00:00, 0.0
9.0, 12.7, 180.0, 55.0, 1996-09-06 00:00:00, 0.8
7.0, 7.7, 230.0, 93.0, 1996-09-07 00:00:00, 8.6
14.0, 11.9, 270.0, 77.0, 1996-09-08 00:00:00, 7.4
6.0, 11.9, 270.0, 69.0, 1996-09-09 00:00:00, 0.5
9.0, 18.5, 140.0, 54.0, 1996-09-10 00:00:00, 0.0
4.0, 20.8, 140.0, 53.0, 1996-09-11 00:00:00, 0.0
1.0, 16.0, 180.0, 60.0, 1996-09-12 00:00:00, 0.0
4.0, 16.8, 50.0, 71.0, 1996-09-13 00:00:00, 1.0
6.0, 12.8, 140.0, 73.0, 1996-09-14 00:00:00, 21.3
8.0, 10.7, 90.0, 82.0, 1996-09-15 00:00:00, 3.8
11.0, 10.1, 230.0, 58.0, 1996-09-16 00:00:00, 0.5
9.0, 13.0, 180.0, 56.0, 1996-09-17 00:00:00, 0.3
7.0, 10.0, 180.0, 93.0, 1996-09-18 00:00:00, 2.5
13.0, 9.7, 230.0, 54.0, 1996-09-19 00:00:00, 0.0
12.0, 7.5, 230.0, 73.0, 1996-09-20 00:00:00, 0.5
2.0, 6.6, 140.0, 69.0, 1996-09-21 00:00:00, 0.0
10.0, 7.7, 230.0, 61.0, 1996-09-22 00:00:00, 4.1
8.0, 9.8, 180.0, 54.0, 1996-09-23 00:00:00, 0.0
7.0, 11.0, 180.0, 56.0, 1996-09-24 00:00:00, 0.0
2.0, 6.8, 180.0, 90.0, 1996-09-25 00:00:00, 0.3
7.0, 15.4, 180.0, 80.0, 1996-09-26 00:00:00, 0.0
19.0, 15.9, 230.0, 60.0, 1996-09-27 00:00:00, 0.0
15.0, 15.2, 230.0, 59.0, 1996-09-28 00:00:00, 0.0
3.0, 9.1, 180.0, 45.0, 1996-09-29 00:00:00, 0.0
3.0, 4.1, 320.0, 63.0, 1996-09-30 00:00:00, 0.0
7.0, 6.1, 140.0, 51.0, 1996-10-01 00:00:00, 0.0
5.0, 6.2, 50.0, 77.0, 1996-10-02 00:00:00, 0.5
0.0, 10.2, 0.0, 87.0, 1996-10-03 00:00:00, 6.1
8.0, 10.9, 180.0, 76.0, 1996-10-04 00:00:00, 2.0
12.0, 9.7, 230.0, 61.0, 1996-10-05 00:00:00, 1.0
5.0, 7.8, 140.0, 86.0, 1996-10-06 00:00:00, 1.0
19.0, 12.0, 230.0, 56.0, 1996-10-07 00:00:00, 0.5
10.0, 11.4, 230.0, 50.0, 1996-10-08 00:00:00, 0.0
0.0, 9.4, 0.0, 93.0, 1996-10-09 00:00:00, 2.5
4.0, 12.2, 180.0, 94.0, 1996-10-10 00:00:00, 7.4
12.0, 9.3, 180.0, 61.0, 1996-10-11 00:00:00, 1.0
