station_observations
wind_speed, temperature, wind_direction, relative_humidity, time, precipitation
22.0, 17.9, 270.0, 47.0, 1990-07-25 00:00:00, 0.0
23.0, 17.9, 270.0, 47.0, 1990-07-26 00:00:00, 0.2
17.0, 16.7, 270.0, 47.0, 1990-07-27 00:00:00, 0.0
8.0, 21.2, 0.0, 40.0, 1990-07-28 00:00:00, 0.0
9.0, 24.4, 140.0, 36.0, 1990-07-29 00:00:00, 0.0
8.0, 22.5, 90.0, 43.0, 1990-07-30 00:00:00, 0.0
22.0, 18.0, 230.0, 53.0, 1990-07-31 00:00:00, 0.0
16.0, 14.4, 230.0, 40.0, 1990-08-01 00:00:00, 0.0
15.0, 14.2, 230.0, 66.0, 1990-08-02 00:00:00, 0.0
10.0, 14.8, 180.0, 87.0, 1990-08-03 00:00:00, 1.3
13.0, 22.7, 90.0, 47.0, 1990-08-04 00:00:00, 0.0
16.0, 26.0, 180.0, 18.0, 1990-08-05 00:00:00, 0.0
22.0, 13.7, 230.0, 51.0, 1990-08-06 00:00:00, 1.0
7.0, 13.5, 180.0, 64.0, 1990-08-07 00:00:00, 0.3
3.0, 18.9, 230.0, 47.0, 1990-08-08 00:00:00, 0.0
11.0, 22.2, 140.0, 49.0, 1990-08-09 00:00:00, 0.0
14.0, 24.5, 90.0, 38.0, 1990-08-10 00:00:00, 0.0
19.0, 26.8, 90.0, 36.0, 1990-08-11 00:00:00, 0.0
17.0, 26.9, 140.0, 32.0, 1990-08-12 00:00:00, 0.0
16.0, 25.0, 140.0, 33.0, 1990-08-13 00:00:00, 0.0
9.0, 18.8, 90.0, 54.0, 1990-08-14 00:00:00, 0.0
16.0, 13.8, 270.0, 92.0, 1990-08-15 00:00:00, 4.1
6.0, 15.0, 320.0, 76.0, 1990-08-16 00:00:00, 0.3
7.0, 13.9, 320.0, 79.0, 1990-08-17 00:00:00, 4.6
16.0, 18.0, 270.0, 59.0, 1990-08-18 00:00:00, 0.5
10.0, 21.7, 180.0, 42.0, 1990-08-19 00:00:00, 0.0
13.0, 22.7, 180.0, 31.0, 1990-08-20 00:00:00, 0.0
9.0, 20.9, 230.0, 61.0, 1990-08-21 00:00:00, 0.0
18.0, 8.1, 230.0, 69.0, 1990-08-22 00:00:00, 0.0
7.0, 6.9, 270.0, 97.0, 1990-08-23 00:00:00, 11.4
12.0, 8.5, 0.0, 63.0, 1990-08-24 00:00:00, 3.8
17.0, 10.8, 0.0, 46.0, 1990-08-25 00:00:00, 0.0
9.0, 13.8, 180.0, 48.0, 1990-08-26 00:00:00, 0.0
20.0, 14.7, 270.0, 45.0, 1990-08-27 00:00:00, 0.0
11.0, 15.4, 270.0, 51.0, 1990-08-28 00:00:00, 0.0
18.0, 14.8, 230.0, 53.0, 1990-08-29 00:00:00, 0.0
14.0, 12.0, 230.0, 71.0, 1990-08-30 00:00:00, 0.0
20.0, 12.2, 230.0, 63.0, 1990-08-31 00:00:00, 0.8
21.0, 9.4, 230.0, 60.0, 1990-09-01 00:00:00, 0.5
13.0, 9.1, 270.0, 62.0, 1990-09-02 00:00:00, 0.0
9.0, 13.4, 180.0, 45.0, 1990-09-03 00:00:00, 0.0
19.0, 18.0, 180.0, 38.0, 1990-09-04 00:00:00, 0.0
10.0, 15.9, 270.0, 48.0, 1990-09-05 00:00:00, 0.0
23.0, 18.9, 230.0, 30.0, 1990-09-06 00:00:00, 0.0
21.0, 20.1, 230.0, 29.0, 1990-09-07 00:00:00, 0.0
16.0, 17.8, 320.0, 47.0, 1990-09-08 00:00:00, 0.0
15.0, 17.5, 270.0, 41.0, 1990-09-09 00:00:00, 0.0
11.0, 19.2, 320.0, 32.0, 1990-09-10 00:00:00, 0.0
15.0, 16.3, 320.0, 41.0, 1990-09-11 00:00:00, 0.0
19.0, 13.8, 270.0, 52.0, 1990-09-12 00:00:00, 0.0
9.0, 17.6, 180.0, 36.0, 1990-09-13 00:00:00, 0.0
11.0, 19.8, 90.0, 41.0, 1990-09-14 00:00:00, 0.0
19.0, 18.0, 230.0, 36.0, 1990-09-15 00:00:00, 0.0
11.0, 11.3, 270.0, 87.0, 1990-09-16 00:00:00, 0.0
6.0, 14.1, 140.0, 39.0, 1990-09-17 00:00:00, 0.0
18.0, 11.8, 270.0, 59.0, 1990-09-18 00:00:00, 0.0
9.0, 11.3, 270.0, 48.0, 1990-09-19 00:00:00, 0.0
11.0, 12.7, 270.0, 67.0, 1990-09-20 00:00:00, 0.0
10.0, 18.9, 140.0, 49.0, 1990-09-21 00:00:00, 0.0
6.0, 24.6, 140.0, 16.0, 1990-09-22 00:00:00, 0.0
26.0, 18.5, 230.0, 44.0, 1990-09-23 00:00:00, 0.0
19.0, 17.5, 230.0, 49.0, 1990-09-24 00:00:00, 0.0
12.0, 11.1, 320.0, 41.0, 1990-09-25 00:00:00, 0.0
10.0, 12.9, 270.0, 40.0, 1990-09-26 00:00:00, 0.0
8.0, 14.2, 90.0, 39.0, 1990-09-27 00:00:00, 0.0
18.0, 14.8, 230.0, 49.0, 1990-09-28 00:00:00, 0.0
20.0, 8.4, 230.0, 50.0, 1990-09-29 00:00:00, 0.0
0.0, 9.9, 0.0, 0.0, 1990-09-30 00:00:00, 0.0
23.0, 4.4, 230.0, 81.0, 1990-10-01 00:00:00, 1.5
19.0, 3.8, 270.0, 66.0, 1990-10-02 00:00:00, 1.3
4.0, 0.5, 0.0, 99.0, 1990-10-03 00:00:00, 0.0
12.0, 0.3, 270.0, 97.0, 1990-10-04 00:00:00, 0.3
9.0, -0.7, 270.0, 93.0, 1990-10-05 00:00:00, 2.0
5.0, 0.3, 230.0, 96.0, 1990-10-06 00:00:00, 2.6
19.0, 2.0, 230.0, 98.0, 1990-10-07 00:00:00, 7.1
22.0, 4.7, 230.0, 90.0, 1990-10-08 00:00:00, 19.3
24.0, 4.3, 230.0, 84.0, 1990-10-09 00:00:00, 2.5
10.0, 2.5, 270.0, 71.0, 1990-10-10 00:00:00, 0.8
18.0, -0.3, 140.0, 92.0, 1990-10-11 00:00:00, 0.0
29.0, 2.4, 230.0, 78.0, 1990-10-12 00:00:00, 1.3
12.0, -0.1, 270.0, 83.0, 1990-10-13 00:00:00, 0.3
12.0, 0.5, 180.0, 69.0, 1990-10-14 00:00:00, 0.5
13.0, 1.1, 230.0, 62.0, 1990-10-15 00:00:00, 0.0
15.0, -0.2, 270.0, 67.0, 1990-10-16 00:00:00, 0.3
25.0, -0.7, 140.0, 85.0, 1990-10-17 00:00:00, 0.0
20.0, -0.5, 270.0, 80.0, 1990-10-18 00:00:00, 0.8
20.0, 1.1, 270.0, 68.0, 1990-10-19 00:00:00, 0.0
14.0, 2.9, 140.0, 53.0, 1990-10-20 00:00:00, 0.0
30.0, 1.6, 230.0, 80.0, 1990-10-21 00:00:00, 1.5
22.0, 1.5, 230.0, 68.0, 1990-10-22 00:00:00, 0.7
0.0, 0.0, 0.0, 0.0, 1991-04-23 00:00:00, 0.0
9.0, 9.2, 0.0, 40.0, 1991-04-24 00:00:00, 0.0
16.0, -1.0, 320.0, 89.0, 1991-04-25 00:00:00, 0.2
18.0, 2.4, 270.0, 58.0, 1991-04-26 00:00:00, 0.2
13.0, 3.2, 230.0, 54.0, 1991-04-27 00:00:00, 0.0
10.0, 0.7, 270.0, 84.0, 1991-04-28 00:00:00, 0.0
9.0, 6.8, 270.0, 53.0, 1991-04-29 00:00:00, 0.0
20.0, 9.4, 90.0, 36.0, 1991-04-30 00:00:00, 0.0
9.0, 9.2, 0.0, 40.0, 1991-05-01 00:00:00, 0.0
7.0, 14.0, 140.0, 29.0, 1991-05-02 00:00:00, 0.0
10.0, 10.0, 0.0, 44.0, 1991-05-03 00:00:00, 0.0
10.0, 10.3, 0.0, 33.0, 1991-05-04 00:00:00, 0.0
10.0, 4.4, 180.0, 93.0, 1991-05-05 00:00:00, 0.0
16.0, 7.3, 140.0, 65.0, 1991-05-06 00:00:00, 1.5
12.0, 5.1, 270.0, 68.0, 1991-05-07 00:00:00, 0.3
21.0, 4.1, 320.0, 89.0, 1991-05-08 00:00:00, 0.2
17.0, 7.6, 270.0, 85.0, 1991-05-09 00:00:00, 7.6
19.0, 9.2, 270.0, 64.0, 1991-05-10 00:00:00, 0.0
5.0, 14.0, 230.0, 40.0, 1991-05-11 00:00:00, 0.0
15.0, 9.9, 320.0, 64.0, 1991-05-12 00:00:00, 0.0
20.0, 7.6, 270.0, 44.0, 1991-05-13 00:00:00, 0.0
17.0, 8.0, 270.0, 49.0, 1991-05-14 00:00:00, 0.0
10.0, 8.6, 180.0, 61.0, 1991-05-15 00:00:00, 0.0
7.0, 8.2, 270.0, 54.0, 1991-05-16 00:00:00, 0.0
8.0, 12.3, 320.0, 59.0, 1991-05-17 00:00:00, 1.0
9.0, 16.4, 0.0, 39.0, 1991-05-18 00:00:00, 0.0
26.0, 16.7, 230.0, 36.0, 1991-05-19 00:00:00, 0.0
26.0, 12.2, 230.0, 44.0, 1991-05-20 00:00:00, 0.0
18.0, 0.8, 320.0, 72.0, 1991-05-21 00:00:00, 0.0
13.0, 4.9, 320.0, 57.0, 1991-05-22 00:00:00, 0.0
12.0, 5.3, 90.0, 62.0, 1991-05-23 00:00:00, 0.8
10.0, 8.2, 0.0, 51.0, 1991-05-24 00:00:00, 0.0
13.0, 11.3, 320.0, 50.0, 1991-05-25 00:00:00, 0.0
14.0, 11.8, 320.0, 45.0, 1991-05-26 00:00:00, 0.3
15.0, 13.3, 230.0, 44.0, 1991-05-27 00:00:00, 0.0
17.0, 14.1, 270.0, 32.0, 1991-05-28 00:00:00, 0.0
15.0, 10.7, 270.0, 54.0, 1991-05-29 00:00:00, 0.0
16.0, 11.6, 270.0, 52.0, 1991-05-30 00:00:00, 0.0
26.0, 11.2, 270.0, 40.0, 1991-05-31 00:00:00, 0.0
14.0, 7.1, 270.0, 41.0, 1991-06-01 00:00:00, 0.3
8.0, 4.9, 320.0, 62.0, 1991-06-02 00:00:00, 0.7
30.0, 1.1, 320.0, 99.0, 1991-06-03 00:00:00, 0.8
15.0, 4.2, 320.0, 95.0, 1991-06-04 00:00:00, 12.7
2.0, 11.5, 0.0, 65.0, 1991-06-05 00:00:00, 1.5
8.0, 17.7, 230.0, 42.0, 1991-06-06 00:00:00, 0.0
22.0, 10.1, 270.0, 59.0, 1991-06-07 00:00:00, 0.3
15.0, 7.2, 270.0, 69.0, 1991-06-08 00:00:00, 0.0
16.0, 12.8, 230.0, 77.0, 1991-06-09 00:00:00, 0.8
20.0, 13.9, 270.0, 59.0, 1991-06-10 00:00:00, 0.8
12.0, 7.9, 270.0, 64.0, 1991-06-11 00:00:00, 0.0
17.0, 7.6, 320.0, 63.0, 1991-06-12 00:00:00, 0.5
13.0, 5.9, 320.0, 87.0, 1991-06-13 00:00:00, 0.3
13.0, 5.2, 320.0, 96.0, 1991-06-14 00:00:00, 5.6
13.0, 7.0, 270.0, 85.0, 1991-06-15 00:00:00, 1.0
19.0, 9.1, 320.0, 95.0, 1991-06-16 00:00:00, 3.1
3.0, 8.2, 180.0, 95.0, 1991-06-17 00:00:00, 6.4
9.0, 13.1, 320.0, 66.0, 1991-06-18 00:00:00, 0.0
21.0, 14.5, 90.0, 62.0, 1991-06-19 00:00:00, 0.3
18.0, 17.6, 90.0, 48.0, 1991-06-20 00:00:00, 0.0
17.0, 17.1, 0.0, 52.0, 1991-06-21 00:00:00, 0.0
15.0, 17.1, 0.0, 50.0, 1991-06-22 00:00:00, 0.0
6.0, 16.2, 270.0, 69.0, 1991-06-23 00:00:00, 4.1
14.0, 15.3, 320.0, 83.0, 1991-06-24 00:00:00, 4.1
6.0, 14.4, 180.0, 79.0, 1991-06-25 00:00:00, 0.3
22.0, 11.8, 320.0, 93.0, 1991-06-26 00:00:00, 0.5
9.0, 12.1, 320.0, 95.0, 1991-06-27 00:00:00, 7.6
2.0, 16.2, 180.0, 62.0, 1991-06-28 00:00:00, 0.3
8.0, 16.3, 90.0, 63.0, 1991-06-29 00:00:00, 0.0
7.0, 15.1, 270.0, 53.0, 1991-06-30 00:00:00, 1.2
6.0, 13.8, 230.0, 68.0, 1991-07-01 00:00:00, 0.0
25.0, 17.6, 320.0, 71.0, 1991-07-02 00:00:00, 0.3
14.0, 15.0, 320.0, 61.0, 1991-07-03 00:00:00, 0.0
15.0, 10.8, 270.0, 63.0, 1991-07-04 00:00:00, 0.0
23.0, 3.7, 320.0, 96.0, 1991-07-05 00:00:00, 1.0
10.0, 9.6, 90.0, 88.0, 1991-07-06 00:00:00, 1.2
14.0, 17.0, 320.0, 54.0, 1991-07-07 00:00:00, 0.0
11.0, 18.1, 270.0, 41.0, 1991-07-08 00:00:00, 0.0
9.0, 18.0, 270.0, 36.0, 1991-07-09 00:00:00, 0.0
11.0, 17.5, 320.0, 48.0, 1991-07-10 00:00:00, 0.0
9.0, 16.4, 230.0, 56.0, 1991-07-11 00:00:00, 0.0
13.0, 16.1, 230.0, 62.0, 1991-07-12 00:00:00, 1.0
13.0, 10.0, 270.0, 93.0, 1991-07-13 00:00:00, 1.5
7.0, 12.1, 90.0, 60.0, 1991-07-14 00:00:00, 0.0
13.0, 11.1, 180.0, 80.0, 1991-07-15 00:00:00, 0.3
13.0, 12.0, 320.0, 72.0, 1991-07-16 00:00:00, 0.0
19.0, 21.1, 270.0, 73.0, 1991-07-17 00:00:00, 0.8
15.0, 11.1, 270.0, 65.0, 1991-07-18 00:00:00, 0.0
19.0, 9.3, 320.0, 62.0, 1991-07-19 00:00:00, 0.0
5.0, 11.8, 180.0, 53.0, 1991-07-20 00:00:00, 0.0
8.0, 11.9, 230.0, 65.0, 1991-07-21 00:00:00, 0.0
7.0, 20.7, 90.0, 41.0, 1991-07-22 00:00:00, 0.0
17.0, 24.6, 90.0, 27.0, 1991-07-23 00:00:00, 0.0
22.0, 23.9, 320.0, 38.0, 1991-07-24 00:00:00, 0.0
17.0, 14.1, 270.0, 74.0, 1991-07-25 00:00:00, 1.8
11.0, 11.3, 270.0, 90.0, 1991-07-26 00:00:00, 1.0
18.0, 12.6, 230.0, 58.0, 1991-07-27 00:00:00, 0.0
16.0, 13.6, 230.0, 60.0, 1991-07-28 00:00:00, 0.0
19.0, 9.9, 320.0, 70.0, 1991-07-29 00:00:00, 0.3
14.0, 14.4, 180.0, 47.0, 1991-07-30 00:00:00, 0.3
7.0, 17.6, 230.0, 39.0, 1991-07-31 00:00:00, 0.0
15.0, 20.6, 180.0, 37.0, 1991-08-01 00:00:00, 0.0
10.0, 18.8, 180.0, 33.0, 1991-08-02 00:00:00, 0.0
13.0, 20.1, 270.0, 45.0, 1991-08-03 00:00:00, 0.0
22.0, 17.8, 320.0, 64.0, 1991-08-04 00:00:00, 0.0
8.0, 13.9, 140.0, 41.0, 1991-08-05 00:00:00, 2.0
15.0, 16.5, 90.0, 40.0, 1991-08-06 00:00:00, 0.0
28.0, 20.1, 140.0, 43.0, 1991-08-07 00:00:00, 0.0
26.0, 19.6, 180.0, 48.0, 1991-08-08 00:00:00, 0.0
5.0, 14.7, 180.0, 57.0, 1991-08-09 00:00:00, 0.0
8.0, 15.5, 320.0, 51.0, 1991-08-10 00:00:00, 0.0
13.0, 18.3, 270.0, 47.0, 1991-08-11 00:00:00, 0.0
14.0, 17.4, 0.0, 55.0, 1991-08-12 00:00:00, 0.0
21.0, 21.9, 90.0, 48.0, 1991-08-13 00:00:00, 0.0
11.0, 25.3, 140.0, 33.0, 1991-08-14 00:00:00, 0.0
8.0, 27.4, 320.0, 35.0, 1991-08-15 00:00:00, 0.0
8.0, 26.0, 320.0, 27.0, 1991-08-16 00:00:00, 0.0
15.0, 26.1, 230.0, 22.0, 1991-08-17 00:00:00, 0.0
17.0, 22.9, 320.0, 41.0, 1991-08-18 00:00:00, 0.0
18.0, 16.6, 270.0, 42.0, 1991-08-19 00:00:00, 0.0
27.0, 14.8, 270.0, 54.0, 1991-08-20 00:00:00, 0.0
27.0, 15.0, 270.0, 49.0, 1991-08-21 00:00:00, 0.0
7.0, 16.1, 140.0, 39.0, 1991-08-22 00:00:00, 0.0
11.0, 11.6, 320.0, 55.0, 1991-08-23 00:00:00, 0.0
15.0, 9.9, 320.0, 63.0, 1991-08-24 00:00:00, 0.0
20.0, 12.2, 270.0, 50.0, 1991-08-25 00:00:00, 0.0
9.0, 12.8, 230.0, 68.0, 1991-08-26 00:00:00, 0.5
6.0, 7.7, 270.0, 95.0, 1991-08-27 00:00:00, 4.6
7.0, 10.1, 140.0, 77.0, 1991-08-28 00:00:00, 3.8
14.0, 8.4, 90.0, 83.0, 1991-08-29 00:00:00, 0.3
14.0, 12.7, 230.0, 46.0, 1991-08-30 00:00:00, 0.0
10.0, 10.9, 230.0, 62.0, 1991-08-31 00:00:00, 0.2
14.0, 8.1, 320.0, 64.0, 1991-09-01 00:00:00, 0.0
18.0, 11.0, 270.0, 55.0, 1991-09-02 00:00:00, 0.0
13.0, 16.6, 230.0, 50.0, 1991-09-03 00:00:00, 0.0
8.0, 19.5, 180.0, 38.0, 1991-09-04 00:00:00, 0.0
20.0, 19.2, 270.0, 39.0, 1991-09-05 00:00:00, 0.0
13.0, 13.7, 270.0, 78.0, 1991-09-06 00:00:00, 5.3
12.0, 8.6, 320.0, 59.0, 1991-09-07 00:00:00, 0.0
3.0, 13.2, 270.0, 49.0, 1991-09-08 00:00:00, 0.0
9.0, 13.6, 270.0, 38.0, 1991-09-09 00:00:00, 0.0
12.0, 15.2, 140.0, 22.0, 1991-09-10 00:00:00, 0.0
10.0, 16.3, 320.0, 47.0, 1991-09-11 00:00:00, 0.0
5.0, 11.8, 230.0, 86.0, 1991-09-12 00:00:00, 3.3
18.0, 7.4, 320.0, 77.0, 1991-09-13 00:00:00, 8.6
14.0, 10.8, 230.0, 56.0, 1991-09-14 00:00:00, 0.3
13.0, 11.5, 270.0, 88.0, 1991-09-15 00:00:00, 2.5
5.0, 13.9, 180.0, 73.0, 1991-09-16 00:00:00, 8.1
6.0, 15.4, 90.0, 58.0, 1991-09-17 00:00:00, 0.0
12.0, 18.5, 230.0, 58.0, 1991-09-18 00:00:00, 0.0
19.0, 10.1, 320.0, 54.0, 1991-09-19 00:00:00, 0.0
11.0, 5.5, 320.0, 71.0, 1991-09-20 00:00:00, 0.0
9.0, 6.9, 320.0, 62.0, 1991-09-21 00:00:00, 0.8
7.0, 4.5, 180.0, 96.0, 1991-09-22 00:00:00, 6.1
20.0, 15.4, 270.0, 77.0, 1991-09-23 00:00:00, 2.5
11.0, 16.9, 140.0, 69.0, 1991-09-24 00:00:00, 0.0
6.0, 21.0, 140.0, 38.0, 1991-09-25 00:00:00, 0.0
8.0, 21.9, 180.0, 31.0, 1991-09-26 00:00:00, 0.0
5.0, 13.1, 180.0, 66.0, 1991-09-27 00:00:00, 0.0
15.0, 9.8, 320.0, 41.0, 1991-09-28 00:00:00, 0.0
5.0, 8.4, 230.0, 47.0, 1991-09-29 00:00:00, 0.0
27.0, 11.0, 270.0, 52.0, 1991-09-30 00:00:00, 0.0
18.0, 9.1, 320.0, 39.0, 1991-10-01 00:00:00, 0.0
12.0, 8.1, 270.0, 34.0, 1991-10-02 00:00:00, 0.0
6.0, 7.2, 230.0, 54.0, 1991-10-03 00:00:00, 0.0
10.0, 12.0, 180.0, 39.0, 1991-10-04 00:00:00, 0.0
11.0, 17.0, 140.0, 41.0, 1991-10-05 00:00:00, 0.0
16.0, 14.5, 320.0, 40.0, 1991-10-06 00:00:00, 0.0
13.0, 4.0, 270.0, 55.0, 1991-10-07 00:00:00, 0.0
13.0, 6.9, 230.0, 34.0, 1991-10-08 00:00:00, 0.0
23.0, 13.9, 270.0, 88.0, 1991-10-09 00:00:00, 3.6
28.0, 17.7, 270.0, 55.0, 1991-10-10 00:00:00, 2.8
0.0, 16.1, 0.0, 47.0, 1991-10-11 00:00:00, 0.0
15.0, 5.9, 320.0, 56.0, 1991-10-12 00:00:00, 1.0
9.0, 4.8, 230.0, 97.0, 1991-10-13 00:00:00, 3.6
26.0, 14.6, 230.0, 66.0, 1991-10-14 00:00:00, 1.0
12.0, 2.0, 320.0, 98.0, 1991-10-15 00:00:00, 8.1
16.0, -2.9, 0.0, 91.0, 1991-10-16 00:00:00, 1.5
12.0, -0.8, 270.0, 75.0, 1991-10-17 00:00:00, 0.3
11.0, 1.3, 230.0, 94.0, 1991-10-18 00:00:00, 0.0
0.0, 0.0, 0.0, 0.0, 1992-04-29 00:00:00, 0.0
23.0, 0.5, 230.0, 80.0, 1992-04-30 00:00:00, 0.8
22.0, 7.1, 230.0, 61.0, 1992-05-01 00:00:00, 0.0
4.0, 3.6, 270.0, 81.0, 1992-05-02 00:00:00, 0.3
7.0, 9.1, 180.0, 56.0, 1992-05-03 00:00:00, 1.0
17.0, 15.7, 270.0, 29.0, 1992-05-04 00:00:00, 0.0
13.0, 10.9, 270.0, 55.0, 1992-05-05 00:00:00, 0.0
12.0, 10.3, 90.0, 45.0, 1992-05-06 00:00:00, 0.0
19.0, 9.3, 230.0, 43.0, 1992-05-07 00:00:00, 0.0
22.0, 6.5, 270.0, 53.0, 1992-05-08 00:00:00, 0.0
0.0, 1.1, 0.0, 92.0, 1992-05-09 00:00:00, 1.0
14.0, 1.3, 270.0, 78.0, 1992-05-10 00:00:00, 2.8
11.0, 0.9, 320.0, 88.0, 1992-05-11 00:00:00, 2.8
5.0, 5.6, 320.0, 67.0, 1992-05-12 00:00:00, 1.0
19.0, 9.8, 270.0, 41.0, 1992-05-13 00:00:00, 0.0
15.0, 9.2, 270.0, 50.0, 1992-05-14 00:00:00, 0.0
8.0, 9.4, 180.0, 42.0, 1992-05-15 00:00:00, 0.0
26.0, 14.2, 230.0, 30.0, 1992-05-16 00:00:00, 0.0
22.0, 13.5, 230.0, 23.0, 1992-05-17 00:00:00, 0.0
19.0, 5.3, 320.0, 45.0, 1992-05-18 00:00:00, 0.0
8.0, 2.1, 320.0, 66.0, 1992-05-19 00:00:00, 0.0
9.0, 3.9, 0.0, 41.0, 1992-05-20 00:00:00, 0.0
6.0, 5.7, 270.0, 34.0, 1992-05-21 00:00:00, 0.0
16.0, 7.9, 90.0, 37.0, 1992-05-22 00:00:00, 0.0
16.0, 14.2, 180.0, 37.0, 1992-05-23 00:00:00, 0.0
10.0, 16.1, 230.0, 50.0, 1992-05-24 00:00:00, 0.0
34.0, 16.4, 270.0, 46.0, 1992-05-25 00:00:00, 0.0
14.0, 12.4, 230.0, 48.0, 1992-05-26 00:00:00, 0.8
14.0, 7.9, 230.0, 69.0, 1992-05-27 00:00:00, 0.0
22.0, 9.5, 270.0, 70.0, 1992-05-28 00:00:00, 2.0
13.0, 11.4, 320.0, 56.0, 1992-05-29 00:00:00, 1.3
9.0, 15.4, 230.0, 36.0, 1992-05-30 00:00:00, 0.0
10.0, 14.6, 140.0, 68.0, 1992-05-31 00:00:00, 1.5
16.0, 11.0, 270.0, 54.0, 1992-06-01 00:00:00, 0.5
22.0, 9.9, 320.0, 52.0, 1992-06-02 00:00:00, 0.0
8.0, 12.0, 230.0, 41.0, 1992-06-03 00:00:00, 0.0
4.0, 12.2, 230.0, 47.0, 1992-06-04 00:00:00, 0.0
11.0, 16.0, 180.0, 42.0, 1992-06-05 00:00:00, 0.0
18.0, 14.5, 320.0, 32.0, 1992-06-06 00:00:00, 0.0
16.0, 12.0, 270.0, 64.0, 1992-06-07 00:00:00, 0.0
9.0, 16.3, 230.0, 27.0, 1992-06-08 00:00:00, 0.0
8.0, 9.0, 180.0, 85.0, 1992-06-09 00:00:00, 3.8
6.0, 11.7, 90.0, 70.0, 1992-06-10 00:00:00, 3.1
19.0, 14.4, 0.0, 65.0, 1992-06-11 00:00:00, 1.8
14.0, 18.7, 90.0, 63.0, 1992-06-12 00:00:00, 7.6
4.0, 11.5, 320.0, 93.0, 1992-06-13 00:00:00, 10.2
16.0, 14.5, 270.0, 88.0, 1992-06-14 00:00:00, 3.6
11.0, 19.2, 270.0, 62.0, 1992-06-15 00:00:00, 2.5
15.0, 12.9, 270.0, 58.0, 1992-06-16 00:00:00, 0.0
14.0, 13.8, 180.0, 43.0, 1992-06-17 00:00:00, 0.0
4.0, 19.1, 180.0, 41.0, 1992-06-18 00:00:00, 0.0
9.0, 13.2, 230.0, 76.0, 1992-06-19 00:00:00, 0.5
15.0, 16.2, 230.0, 59.0, 1992-06-20 00:00:00, 1.0
18.0, 17.6, 230.0, 41.0, 1992-06-21 00:00:00, 1.3
20.0, 20.4, 230.0, 41.0, 1992-06-22 00:00:00, 0.0
12.0, 19.7, 140.0, 29.0, 1992-06-23 00:00:00, 0.0
12.0, 23.0, 0.0, 30.0, 1992-06-24 00:00:00, 0.0
12.0, 24.9, 270.0, 33.0, 1992-06-25 00:00:00, 0.0
11.0, 25.8, 270.0, 22.0, 1992-06-26 00:00:00, 0.0
11.0, 23.2, 90.0, 37.0, 1992-06-27 00:00:00, 0.0
19.0, 21.1, 0.0, 36.0, 1992-06-28 00:00:00, 0.0
24.0, 17.3, 90.0, 54.0, 1992-06-29 00:00:00, 14.7
12.0, 18.1, 0.0, 49.0, 1992-06-30 00:00:00, 0.0
2.0, 16.3, 270.0, 45.0, 1992-07-01 00:00:00, 0.0
10.0, 16.8, 0.0, 50.0, 1992-07-02 00:00:00, 5.1
6.0, 10.4, 0.0, 90.0, 1992-07-03 00:00:00, 12.7
6.0, 13.2, 90.0, 83.0, 1992-07-04 00:00:00, 5.1
6.0, 16.8, 0.0, 61.0, 1992-07-05 00:00:00, 0.0
16.0, 12.2, 270.0, 84.0, 1992-07-06 00:00:00, 1.5
21.0, 9.4, 270.0, 91.0, 1992-07-07 00:00:00, 3.3
14.0, 11.5, 270.0, 68.0, 1992-07-08 00:00:00, 0.5
11.0, 15.1, 270.0, 57.0, 1992-07-09 00:00:00, 0.0
10.0, 12.9, 270.0, 89.0, 1992-07-10 00:00:00, 1.0
11.0, 17.2, 320.0, 68.0, 1992-07-11 00:00:00, 10.7
30.0, 15.7, 230.0, 59.0, 1992-07-12 00:00:00, 0.0
16.0, 9.2, 230.0, 78.0, 1992-07-13 00:00:00, 0.5
13.0, 10.8, 270.0, 65.0, 1992-07-14 00:00:00, 0.0
12.0, 15.1, 270.0, 46.0, 1992-07-15 00:00:00, 0.0
9.0, 19.9, 270.0, 43.0, 1992-07-16 00:00:00, 0.0
11.0, 19.8, 270.0, 26.0, 1992-07-17 00:00:00, 0.0
17.0, 18.1, 0.0, 41.0, 1992-07-18 00:00:00, 0.0
10.0, 19.2, 90.0, 41.0, 1992-07-19 00:00:00, 0.0
7.0, 23.8, 270.0, 32.0, 1992-07-20 00:00:00, 0.0
11.0, 19.7, 320.0, 37.0, 1992-07-21 00:00:00, 0.0
5.0, 19.1, 0.0, 36.0, 1992-07-22 00:00:00, 0.0
12.0, 19.6, 270.0, 41.0, 1992-07-23 00:00:00, 0.0
9.0, 18.8, 270.0, 40.0, 1992-07-24 00:00:00, 0.0
15.0, 14.6, 270.0, 70.0, 1992-07-25 00:00:00, 0.5
17.0, 12.0, 270.0, 62.0, 1992-07-26 00:00:00, 6.3
6.0, 15.2, 320.0, 62.0, 1992-07-27 00:00:00, 0.0
14.0, 15.9, 320.0, 55.0, 1992-07-28 00:00:00, 0.0
11.0, 19.8, 270.0, 49.0, 1992-07-29 00:00:00, 0.0
8.0, 21.1, 270.0, 33.0, 1992-07-30 00:00:00, 0.0
11.0, 24.7, 180.0, 21.0, 1992-07-31 00:00:00, 0.0
6.0, 25.9, 180.0, 26.0, 1992-08-01 00:00:00, 0.0
17.0, 21.9, 320.0, 41.0, 1992-08-02 00:00:00, 0.3
15.0, 21.0, 270.0, 38.0, 1992-08-03 00:00:00, 0.0
15.0, 20.8, 140.0, 42.0, 1992-08-04 00:00:00, 0.0
8.0, 20.4, 230.0, 38.0, 1992-08-05 00:00:00, 0.0
6.0, 12.3, 270.0, 88.0, 1992-08-06 00:00:00, 10.2
15.0, 8.4, 230.0, 75.0, 1992-08-07 00:00:00, 2.3
12.0, 10.8, 230.0, 54.0, 1992-08-08 00:00:00, 0.5
10.0, 12.1, 230.0, 54.0, 1992-08-09 00:00:00, 1.0
5.0, 18.8, 180.0, 42.0, 1992-08-10 00:00:00, 0.0
11.0, 24.0, 180.0, 33.0, 1992-08-11 00:00:00, 0.0
12.0, 24.8, 180.0, 25.0, 1992-08-12 00:00:00, 0.0
8.0, 24.8, 140.0, 28.0, 1992-08-13 00:00:00, 0.0
12.0, 19.0, 270.0, 38.0, 1992-08-14 00:00:00, 0.3
11.0, 17.8, 320.0, 37.0, 1992-08-15 00:00:00, 0.0
12.0, 19.8, 140.0, 41.0, 1992-08-16 00:00:00, 0.0
14.0, 23.0, 180.0, 32.0, 1992-08-17 00:00:00, 0.0
14.0, 17.9, 230.0, 52.0, 1992-08-18 00:00:00, 0.0
16.0, 14.5, 270.0, 39.0, 1992-08-19 00:00:00, 0.0
6.0, 17.2, 0.0, 30.0, 1992-08-20 00:00:00, 0.0
17.0, 10.1, 0.0, 48.0, 1992-08-21 00:00:00, 0.0
18.0, 10.8, 0.0, 23.0, 1992-08-22 00:00:00, 0.0
15.0, 14.2, 270.0, 21.0, 1992-08-23 00:00:00, 0.0
11.0, 15.6, 270.0, 51.0, 1992-08-24 00:00:00, 0.0
16.0, 16.8, 270.0, 60.0, 1992-08-25 00:00:00, 0.0
22.0, 16.9, 230.0, 54.0, 1992-08-26 00:00:00, 0.0
10.0, 12.3, 270.0, 40.0, 1992-08-27 00:00:00, 0.0
10.0, 12.7, 90.0, 37.0, 1992-08-28 00:00:00, 0.0
6.0, 8.6, 180.0, 56.0, 1992-08-29 00:00:00, 0.0
11.0, 15.7, 90.0, 78.0, 1992-08-30 00:00:00, 9.4
16.0, 13.4, 230.0, 81.0, 1992-08-31 00:00:00, 4.3
17.0, 14.3, 230.0, 51.0, 1992-09-01 00:00:00, 0.0
15.0, 8.6, 320.0, 69.0, 1992-09-02 00:00:00, 0.3
5.0, 6.7, 230.0, 98.0, 1992-09-03 00:00:00, 3.8
19.0, 5.3, 230.0, 73.0, 1992-09-04 00:00:00, 12.4
2.0, 4.1, 270.0, 83.0, 1992-09-05 00:00:00, 5.8
13.0, 6.6, 230.0, 74.0, 1992-09-06 00:00:00, 17.5
23.0, 10.5, 230.0, 64.0, 1992-09-07 00:00:00, 0.0
18.0, 7.4, 270.0, 69.0, 1992-09-08 00:00:00, 1.5
12.0, 11.3, 230.0, 90.0, 1992-09-09 00:00:00, 8.1
21.0, 10.4, 270.0, 68.0, 1992-09-10 00:00:00, 2.3
16.0, 5.9, 320.0, 66.0, 1992-09-11 00:00:00, 0.0
21.0, 3.1, 270.0, 63.0, 1992-09-12 00:00:00, 0.0
12.0, 0.0, 270.0, 96.0, 1992-09-13 00:00:00, 2.8
13.0, 0.0, 270.0, 86.0, 1992-09-14 00:00:00, 7.6
14.0, 6.0, 230.0, 34.0, 1992-09-15 00:00:00, 0.0
18.0, 1.5, 320.0, 96.0, 1992-09-16 00:00:00, 8.1
14.0, 8.1, 180.0, 54.0, 1992-09-17 00:00:00, 0.0
15.0, 8.5, 270.0, 82.0, 1992-09-18 00:00:00, 5.1
18.0, 10.4, 230.0, 87.0, 1992-09-19 00:00:00, 1.3
29.0, 11.5, 230.0, 51.0, 1992-09-20 00:00:00, 1.0
20.0, 12.7, 230.0, 76.0, 1992-09-21 00:00:00, 0.3
8.0, 12.8, 230.0, 69.0, 1992-09-22 00:00:00, 0.0
8.0, 11.0, 140.0, 93.0, 1992-09-23 00:00:00, 7.4
0.0, 6.4, 0.0, 94.0, 1992-09-24 00:00:00, 4.1
0.0, 4.6, 0.0, 74.0, 1992-09-25 00:00:00, 1.8
0.0, 2.8, 0.0, 92.0, 1992-09-26 00:00:00, 2.5
0.0, 4.2, 0.0, 61.0, 1992-09-27 00:00:00, 0.0
0.0, 11.7, 0.0, 62.0, 1992-09-28 00:00:00, 0.0
27.0, 19.6, 180.0, 24.0, 1992-09-29 00:00:00, 0.0
6.0, 16.8, 90.0, 52.0, 1992-09-30 00:00:00, 0.0
12.0, 20.0, 180.0, 48.0, 1992-10-01 00:00:00, 0.3
1.0, 14.0, 90.0, 77.0, 1992-10-02 00:00:00, 0.0
20.0, 4.4, 230.0, 93.0, 1992-10-03 00:00:00, 3.0
11.0, 5.9, 270.0, 61.0, 1992-10-04 00:00:00, 0.0
9.0, 4.8, 0.0, 63.0, 1992-10-05 00:00:00, 0.0
7.0, 7.0, 140.0, 49.0, 1992-10-06 00:00:00, 0.0
6.0, 9.7, 140.0, 28.0, 1992-10-07 00:00:00, 0.0
16.0, 2.8, 230.0, 71.0, 1992-10-08 00:00:00, 0.3
24.0, 8.3, 230.0, 66.0, 1992-10-09 00:00:00, 0.0
26.0, 6.7, 230.0, 87.0, 1992-10-10 00:00:00, 0.5
8.0, 4.7, 90.0, 34.0, 1992-10-11 00:00:00, 0.5
18.0, 2.6, 270.0, 54.0, 1992-10-12 00:00:00, 0.0
16.0, 1.3, 270.0, 50.0, 1992-10-13 00:00:00, 0.0
14.0, -5.6, 0.0, 91.0, 1992-10-14 00:00:00, 0.0
5.0, -0.1, 140.0, 54.0, 1992-10-15 00:00:00, 2.0
4.0, -4.2, 90.0, 82.0, 1992-10-16 00:00:00, 0.5
5.0, 2.0, 270.0, 89.0, 1992-10-17 00:00:00, 0.8
15.0, 4.1, 230.0, 91.0, 1992-10-18 00:00:00, 8.9
21.0, 7.5, 140.0, 69.0, 1992-10-19 00:00:00, 1.5
12.0, 6.1, 230.0, 93.0, 1992-10-20 00:00:00, 6.1
0.0, 0.0, 0.0, 0.0, 1993-05-17 00:00:00, 0.0
12.0, 21.9, 180.0, 23.0, 1993-05-18 00:00:00, 0.0
12.0, 19.2, 270.0, 40.0, 1993-05-19 00:00:00, 0.0
21.0, 10.3, 270.0, 88.0, 1993-05-20 00:00:00, 8.6
16.0, 8.4, 230.0, 74.0, 1993-05-21 00:00:00, 5.8
13.0, 7.4, 230.0, 82.0, 1993-05-22 00:00:00, 4.1
5.0, 13.6, 50.0, 57.0, 1993-05-23 00:00:00, 0.3
6.0, 19.3, 270.0, 32.0, 1993-05-24 00:00:00, 0.0
16.0, 20.3, 270.0, 28.0, 1993-05-25 00:00:00, 0.0
11.0, 19.7, 50.0, 34.0, 1993-05-26 00:00:00, 0.0
13.0, 20.1, 50.0, 32.0, 1993-05-27 00:00:00, 0.0
28.0, 20.5, 90.0, 25.0, 1993-05-28 00:00:00, 0.0
12.0, 16.5, 180.0, 46.0, 1993-05-29 00:00:00, 0.0
6.0, 12.1, 140.0, 75.0, 1993-05-30 00:00:00, 4.8
21.0, 13.8, 50.0, 73.0, 1993-05-31 00:00:00, 5.3
22.0, 7.9, 230.0, 91.0, 1993-06-01 00:00:00, 13.7
6.0, 14.3, 140.0, 62.0, 1993-06-02 00:00:00, 0.0
7.0, 13.8, 50.0, 73.0, 1993-06-03 00:00:00, 1.3
14.0, 15.8, 50.0, 66.0, 1993-06-04 00:00:00, 5.8
13.0, 18.3, 140.0, 54.0, 1993-06-05 00:00:00, 1.0
13.0, 17.2, 180.0, 58.0, 1993-06-06 00:00:00, 5.8
15.0, 9.5, 270.0, 80.0, 1993-06-07 00:00:00, 14.5
10.0, 10.0, 230.0, 48.0, 1993-06-08 00:00:00, 0.5
4.0, 6.3, 50.0, 91.0, 1993-06-09 00:00:00, 3.3
14.0, 8.8, 230.0, 60.0, 1993-06-10 00:00:00, 1.8
16.0, 11.2, 270.0, 48.0, 1993-06-11 00:00:00, 0.0
10.0, 11.6, 90.0, 61.0, 1993-06-12 00:00:00, 0.0
8.0, 14.3, 270.0, 47.0, 1993-06-13 00:00:00, 0.0
17.0, 13.7, 90.0, 56.0, 1993-06-14 00:00:00, 1.0
9.0, 9.7, 180.0, 98.0, 1993-06-15 00:00:00, 23.8
13.0, 9.6, 270.0, 92.0, 1993-06-16 00:00:00, 7.1
9.0, 9.7, 180.0, 98.0, 1993-06-17 00:00:00, 2.7
19.0, 12.3, 230.0, 59.0, 1993-06-18 00:00:00, 7.6
22.0, 9.8, 230.0, 58.0, 1993-06-19 00:00:00, 2.5
7.0, 13.6, 230.0, 44.0, 1993-06-20 00:00:00, 0.0
7.0, 11.6, 140.0, 60.0, 1993-06-21 00:00:00, 2.0
24.0, 3.9, 230.0, 92.0, 1993-06-22 00:00:00, 10.1
15.0, 6.9, 230.0, 97.0, 1993-06-23 00:00:00, 7.6
10.0, 12.4, 230.0, 75.0, 1993-06-24 00:00:00, 1.5
9.0, 12.2, 270.0, 76.0, 1993-06-25 00:00:00, 4.8
9.0, 13.0, 140.0, 73.0, 1993-06-26 00:00:00, 5.5
16.0, 6.5, 270.0, 97.0, 1993-06-27 00:00:00, 24.3
9.0, 6.3, 230.0, 97.0, 1993-06-28 00:00:00, 45.4
11.0, 9.5, 270.0, 74.0, 1993-06-29 00:00:00, 2.0
14.0, 11.5, 270.0, 73.0, 1993-06-30 00:00:00, 0.0
21.0, 11.5, 270.0, 79.0, 1993-07-01 00:00:00, 3.3
6.0, 14.1, 230.0, 61.0, 1993-07-02 00:00:00, 1.5
12.0, 11.5, 230.0, 66.0, 1993-07-03 00:00:00, 0.0
19.0, 9.9, 270.0, 79.0, 1993-07-04 00:00:00, 1.0
14.0, 8.7, 270.0, 70.0, 1993-07-05 00:00:00, 0.5
19.0, 12.3, 270.0, 67.0, 1993-07-06 00:00:00, 0.0
12.0, 17.2, 270.0, 52.0, 1993-07-07 00:00:00, 0.0
11.0, 10.8, 0.0, 80.0, 1993-07-08 00:00:00, 0.7
19.0, 11.8, 0.0, 70.0, 1993-07-09 00:00:00, 4.5
12.0, 14.4, 50.0, 53.0, 1993-07-10 00:00:00, 0.0
16.0, 10.2, 50.0, 51.0, 1993-07-11 00:00:00, 1.2
16.0, 13.7, 0.0, 60.0, 1993-07-12 00:00:00, 1.0
16.0, 13.9, 50.0, 42.0, 1993-07-13 00:00:00, 0.0
12.0, 16.3, 270.0, 48.0, 1993-07-14 00:00:00, 0.0
17.0, 10.0, 50.0, 85.0, 1993-07-15 00:00:00, 1.2
8.0, 9.8, 50.0, 78.0, 1993-07-16 00:00:00, 0.0
8.0, 16.0, 180.0, 56.0, 1993-07-17 00:00:00, 0.0
10.0, 17.4, 270.0, 51.0, 1993-07-18 00:00:00, 0.0
9.0, 17.4, 0.0, 47.0, 1993-07-19 00:00:00, 0.0
19.0, 16.0, 270.0, 66.0, 1993-07-20 00:00:00, 0.7
9.0, 15.8, 230.0, 63.0, 1993-07-21 00:00:00, 3.3
10.0, 13.3, 180.0, 64.0, 1993-07-22 00:00:00, 0.0
16.0, 11.3, 230.0, 81.0, 1993-07-23 00:00:00, 1.5
7.0, 10.1, 320.0, 89.0, 1993-07-24 00:00:00, 3.8
4.0, 16.0, 230.0, 63.0, 1993-07-25 00:00:00, 1.5
17.0, 18.1, 180.0, 43.0, 1993-07-26 00:00:00, 0.0
10.0, 17.3, 90.0, 61.0, 1993-07-27 00:00:00, 1.5
16.0, 13.7, 50.0, 86.0, 1993-07-28 00:00:00, 4.3
13.0, 3.5, 230.0, 99.0, 1993-07-29 00:00:00, 57.6
20.0, 16.1, 230.0, 79.0, 1993-07-30 00:00:00, 6.0
13.0, 18.6, 230.0, 65.0, 1993-07-31 00:00:00, 0.0
13.0, 13.6, 270.0, 80.0, 1993-08-01 00:00:00, 0.5
4.0, 17.8, 230.0, 65.0, 1993-08-02 00:00:00, 0.0
18.0, 21.0, 50.0, 49.0, 1993-08-03 00:00:00, 0.0
11.0, 22.6, 50.0, 48.0, 1993-08-04 00:00:00, 0.0
13.0, 24.2, 270.0, 41.0, 1993-08-05 00:00:00, 0.0
22.0, 14.4, 320.0, 53.0, 1993-08-06 00:00:00, 0.0
6.0, 16.7, 180.0, 56.0, 1993-08-07 00:00:00, 0.0
17.0, 9.7, 230.0, 94.0, 1993-08-08 00:00:00, 2.0
17.0, 11.3, 270.0, 90.0, 1993-08-09 00:00:00, 4.0
13.0, 9.6, 50.0, 72.0, 1993-08-10 00:00:00, 1.5
16.0, 15.8, 180.0, 49.0, 1993-08-11 00:00:00, 0.2
17.0, 13.1, 230.0, 49.0, 1993-08-12 00:00:00, 0.7
11.0, 10.4, 270.0, 74.0, 1993-08-13 00:00:00, 0.0
12.0, 14.6, 90.0, 63.0, 1993-08-14 00:00:00, 1.5
11.0, 18.3, 140.0, 48.0, 1993-08-15 00:00:00, 0.0
6.0, 20.3, 90.0, 41.0, 1993-08-16 00:00:00, 0.0
13.0, 18.1, 270.0, 46.0, 1993-08-17 00:00:00, 0.0
6.0, 17.8, 270.0, 62.0, 1993-08-18 00:00:00, 0.0
5.0, 19.5, 90.0, 68.0, 1993-08-19 00:00:00, 5.8
5.0, 20.2, 50.0, 63.0, 1993-08-20 00:00:00, 1.0
14.0, 16.4, 230.0, 62.0, 1993-08-21 00:00:00, 0.2
5.0, 9.8, 320.0, 93.0, 1993-08-22 00:00:00, 1.5
25.0, 7.3, 230.0, 92.0, 1993-08-23 00:00:00, 15.7
7.0, 4.4, 180.0, 99.0, 1993-08-24 00:00:00, 14.9
7.0, 8.9, 180.0, 94.0, 1993-08-25 00:00:00, 9.9
6.0, 19.5, 180.0, 81.0, 1993-08-26 00:00:00, 0.0
8.0, 7.3, 270.0, 94.0, 1993-08-27 00:00:00, 3.8
13.0, 8.8, 270.0, 87.0, 1993-08-28 00:00:00, 5.8
47.0, 11.9, 320.0, 74.0, 1993-08-29 00:00:00, 0.0
9.0, 15.4, 270.0, 57.0, 1993-08-30 00:00:00, 0.0
18.0, 15.5, 140.0, 64.0, 1993-08-31 00:00:00, 0.0
5.0, 16.8, 320.0, 65.0, 1993-09-01 00:00:00, 0.0
12.0, 19.5, 270.0, 57.0, 1993-09-02 00:00:00, 0.0
16.0, 18.6, 270.0, 37.0, 1993-09-03 00:00:00, 0.0
15.0, 18.3, 50.0, 42.0, 1993-09-04 00:00:00, 0.0
5.0, 18.4, 90.0, 45.0, 1993-09-05 00:00:00, 0.0
8.0, 20.1, 320.0, 42.0, 1993-09-06 00:00:00, 0.0
7.0, 20.6, 50.0, 44.0, 1993-09-07 00:00:00, 0.0
20.0, 17.9, 270.0, 39.0, 1993-09-08 00:00:00, 0.0
0.0, 0.0, 0.0, 0.0, 1994-09-01 00:00:00, 0.0
10.0, 12.3, 180.0, 59.0, 1994-09-02 00:00:00, 2.2
17.0, 6.3, 50.0, 99.0, 1994-09-03 00:00:00, 6.3
12.0, 9.2, 140.0, 75.0, 1994-09-04 00:00:00, 1.0
15.0, 13.8, 140.0, 67.0, 1994-09-05 00:00:00, 1.0
14.0, 13.7, 180.0, 63.0, 1994-09-06 00:00:00, 0.2
11.0, 8.0, 320.0, 88.0, 1994-09-07 00:00:00, 0.5
7.0, 12.6, 140.0, 75.0, 1994-09-08 00:00:00, 4.8
6.0, 7.8, 50.0, 80.0, 1994-09-09 00:00:00, 2.0
9.0, 8.0, 50.0, 75.0, 1994-09-10 00:00:00, 0.5
11.0, 9.4, 50.0, 68.0, 1994-09-11 00:00:00, 0.0
17.0, 7.8, 90.0, 93.0, 1994-09-12 00:00:00, 2.2
20.0, 10.8, 90.0, 81.0, 1994-09-13 00:00:00, 0.7
16.0, 12.3, 140.0, 64.0, 1994-09-14 00:00:00, 0.7
19.0, 13.4, 140.0, 70.0, 1994-09-15 00:00:00, 0.0
16.0, 18.4, 140.0, 52.0, 1994-09-16 00:00:00, 1.0
14.0, 15.4, 140.0, 59.0, 1994-09-17 00:00:00, 0.0
10.0, 12.3, 90.0, 73.0, 1994-09-18 00:00:00, 0.0
19.0, 13.0, 90.0, 82.0, 1994-09-19 00:00:00, 0.0
7.0, 11.4, 180.0, 68.0, 1994-09-20 00:00:00, 2.7
9.0, 19.8, 90.0, 46.0, 1994-09-21 00:00:00, 0.0
18.0, 16.2, 90.0, 40.0, 1994-09-22 00:00:00, 0.0
0.0, 11.0, 140.0, 97.0, 1994-09-23 00:00:00, 0.5
18.0, 18.8, 180.0, 63.0, 1994-09-24 00:00:00, 6.3
18.0, 12.5, 270.0, 42.0, 1994-09-25 00:00:00, 0.5
8.0, 8.2, 140.0, 75.0, 1994-09-26 00:00:00, 0.0
28.0, 12.3, 270.0, 50.0, 1994-09-27 00:00:00, 0.0
8.0, 8.7, 90.0, 59.0, 1994-09-28 00:00:00, 0.0
8.0, 6.9, 90.0, 79.0, 1994-09-29 00:00:00, 1.7
0.0, 7.6, 0.0, 99.0, 1994-09-30 00:00:00, 20.0
13.0, 3.7, 270.0, 85.0, 1994-10-01 00:00:00, 11.4
11.0, 3.2, 50.0, 67.0, 1994-10-02 00:00:00, 0.0
5.0, 9.8, 50.0, 48.0, 1994-10-03 00:00:00, 0.0
8.0, 17.8, 230.0, 33.0, 1994-10-04 00:00:00, 0.0
16.0, 6.8, 270.0, 59.0, 1994-10-05 00:00:00, 0.0
10.0, 6.1, 270.0, 88.0, 1994-10-06 00:00:00, 0.5
5.0, 8.0, 140.0, 71.0, 1994-10-07 00:00:00, 0.2
10.0, 8.8, 270.0, 67.0, 1994-10-08 00:00:00, 0.0
15.0, 2.8, 320.0, 99.0, 1994-10-09 00:00:00, 5.5
9.0, 5.6, 140.0, 67.0, 1994-10-10 00:00:00, 0.0
8.0, 7.8, 140.0, 58.0, 1994-10-11 00:00:00, 0.0
8.0, 7.0, 140.0, 64.0, 1994-10-12 00:00:00, 0.0
10.0, 1.8, 140.0, 97.0, 1994-10-13 00:00:00, 0.2
0.0, 0.0, 0.0, 0.0, 1995-04-28 00:00:00, 0.0
17.0, 3.5, 50.0, 58.0, 1995-04-29 00:00:00, 0.0
10.0, 1.2, 50.0, 87.0, 1995-04-30 00:00:00, 0.0
22.0, 4.8, 50.0, 80.0, 1995-05-01 00:00:00, 0.0
7.0, 3.7, 50.0, 87.0, 1995-05-02 00:00:00, 0.5
14.0, 6.7, 0.0, 60.0, 1995-05-03 00:00:00, 0.0
1.0, 5.8, 50.0, 50.0, 1995-05-04 00:00:00, 0.0
5.0, 10.8, 140.0, 41.0, 1995-05-05 00:00:00, 0.0
8.0, 11.5, 270.0, 39.0, 1995-05-06 00:00:00, 0.0
12.0, 13.7, 90.0, 30.0, 1995-05-07 00:00:00, 0.0
21.0, 15.9, 90.0, 27.0, 1995-05-08 00:00:00, 0.0
25.0, 16.6, 140.0, 38.0, 1995-05-09 00:00:00, 0.0
9.0, 9.7, 230.0, 68.0, 1995-05-10 00:00:00, 1.0
11.0, 7.9, 140.0, 67.0, 1995-05-11 00:00:00, 0.3
6.0, 3.2, 230.0, 99.0, 1995-05-12 00:00:00, 11.9
9.0, 15.4, 140.0, 73.0, 1995-05-13 00:00:00, 0.3
26.0, 9.6, 230.0, 89.0, 1995-05-14 00:00:00, 2.3
15.0, 13.3, 270.0, 44.0, 1995-05-15 00:00:00, 0.0
26.0, 12.2, 230.0, 47.0, 1995-05-16 00:00:00, 1.3
16.0, 4.9, 270.0, 56.0, 1995-05-17 00:00:00, 0.0
15.0, 5.3, 270.0, 54.0, 1995-05-18 00:00:00, 0.0
11.0, 8.4, 270.0, 47.0, 1995-05-19 00:00:00, 0.0
10.0, 6.2, 0.0, 67.0, 1995-05-20 00:00:00, 1.0
9.0, 13.8, 90.0, 29.0, 1995-05-21 00:00:00, 0.0
7.0, 15.6, 230.0, 23.0, 1995-05-22 00:00:00, 0.0
9.0, 15.0, 320.0, 36.0, 1995-05-23 00:00:00, 0.0
12.0, 16.2, 50.0, 35.0, 1995-05-24 00:00:00, 0.0
14.0, 17.4, 50.0, 35.0, 1995-05-25 00:00:00, 0.0
14.0, 20.5, 140.0, 30.0, 1995-05-26 00:00:00, 0.0
12.0, 20.0, 140.0, 34.0, 1995-05-27 00:00:00, 0.0
13.0, 19.1, 140.0, 31.0, 1995-05-28 00:00:00, 0.0
13.0, 14.6, 230.0, 50.0, 1995-05-29 00:00:00, 0.0
21.0, 11.3, 230.0, 53.0, 1995-05-30 00:00:00, 1.0
8.0, 11.2, 90.0, 56.0, 1995-05-31 00:00:00, 0.0
9.0, 14.7, 140.0, 36.0, 1995-06-01 00:00:00, 0.5
8.0, 13.4, 270.0, 45.0, 1995-06-02 00:00:00, 0.8
17.0, 18.9, 90.0, 29.0, 1995-06-03 00:00:00, 0.0
11.0, 14.3, 230.0, 47.0, 1995-06-04 00:00:00, 0.0
8.0, 7.8, 270.0, 73.0, 1995-06-05 00:00:00, 0.3
20.0, 11.1, 270.0, 49.0, 1995-06-06 00:00:00, 0.0
18.0, 15.3, 50.0, 59.0, 1995-06-07 00:00:00, 0.0
12.0, 16.5, 50.0, 55.0, 1995-06-08 00:00:00, 0.0
6.0, 21.1, 140.0, 34.0, 1995-06-09 00:00:00, 0.0
23.0, 17.8, 140.0, 42.0, 1995-06-10 00:00:00, 0.0
16.0, 11.1, 230.0, 74.0, 1995-06-11 00:00:00, 0.0
9.0, 10.5, 140.0, 67.0, 1995-06-12 00:00:00, 0.0
19.0, 6.2, 270.0, 88.0, 1995-06-13 00:00:00, 0.0
6.0, 12.0, 180.0, 47.0, 1995-06-14 00:00:00, 0.0
19.0, 15.4, 230.0, 30.0, 1995-06-15 00:00:00, 0.0
8.0, 15.3, 90.0, 49.0, 1995-06-16 00:00:00, 0.0
27.0, 10.7, 270.0, 73.0, 1995-06-17 00:00:00, 0.0
9.0, 11.6, 270.0, 78.0, 1995-06-18 00:00:00, 0.0
15.0, 10.5, 270.0, 96.0, 1995-06-19 00:00:00, 0.0
14.0, 16.3, 270.0, 67.0, 1995-06-20 00:00:00, 0.0
9.0, 18.5, 180.0, 40.0, 1995-06-21 00:00:00, 0.8
8.0, 18.2, 180.0, 55.0, 1995-06-22 00:00:00, 0.0
12.0, 12.8, 180.0, 64.0, 1995-06-23 00:00:00, 0.0
12.0, 9.4, 230.0, 77.0, 1995-06-24 00:00:00, 3.6
16.0, 9.6, 230.0, 50.0, 1995-06-25 00:00:00, 0.0
9.0, 13.7, 270.0, 50.0, 1995-06-26 00:00:00, 0.8
3.0, 20.2, 140.0, 27.0, 1995-06-27 00:00:00, 0.0
10.0, 24.3, 90.0, 21.0, 1995-06-28 00:00:00, 0.0
15.0, 23.9, 230.0, 17.0, 1995-06-29 00:00:00, 0.0
12.0, 23.3, 270.0, 26.0, 1995-06-30 00:00:00, 0.0
24.0, 16.4, 230.0, 49.0, 1995-07-01 00:00:00, 0.0
25.0, 13.1, 270.0, 72.0, 1995-07-02 00:00:00, 0.5
21.0, 13.5, 270.0, 60.0, 1995-07-03 00:00:00, 0.0
17.0, 12.8, 270.0, 66.0, 1995-07-04 00:00:00, 0.3
12.0, 10.5, 270.0, 78.0, 1995-07-05 00:00:00, 0.3
11.0, 11.7, 180.0, 66.0, 1995-07-06 00:00:00, 7.1
10.0, 16.4, 270.0, 55.0, 1995-07-07 00:00:00, 1.0
21.0, 11.1, 270.0, 92.0, 1995-07-08 00:00:00, 4.1
0.0, 12.8, 0.0, 85.0, 1995-07-09 00:00:00, 5.3
12.0, 7.5, 180.0, 98.0, 1995-07-10 00:00:00, 29.7
16.0, 8.1, 230.0, 92.0, 1995-07-11 00:00:00, 5.6
5.0, 13.0, 270.0, 74.0, 1995-07-12 00:00:00, 1.5
5.0, 10.2, 230.0, 93.0, 1995-07-13 00:00:00, 1.3
22.0, 11.9, 270.0, 67.0, 1995-07-14 00:00:00, 3.6
16.0, 14.6, 270.0, 54.0, 1995-07-15 00:00:00, 0.0
15.0, 17.3, 270.0, 60.0, 1995-07-16 00:00:00, 0.0
14.0, 19.0, 270.0, 52.0, 1995-07-17 00:00:00, 0.0
10.0, 20.5, 90.0, 41.0, 1995-07-18 00:00:00, 0.0
11.0, 24.3, 140.0, 34.0, 1995-07-19 00:00:00, 0.0
2.0, 19.2, 50.0, 54.0, 1995-07-20 00:00:00, 0.0
1.0, 20.3, 270.0, 49.0, 1995-07-21 00:00:00, 0.0
14.0, 20.9, 230.0, 51.0, 1995-07-22 00:00:00, 0.0
14.0, 15.3, 270.0, 58.0, 1995-07-23 00:00:00, 0.0
8.0, 8.6, 230.0, 96.0, 1995-07-24 00:00:00, 5.6
14.0, 13.1, 230.0, 87.0, 1995-07-25 00:00:00, 9.7
21.0, 11.9, 230.0, 87.0, 1995-07-26 00:00:00, 8.4
19.0, 9.5, 230.0, 70.0, 1995-07-27 00:00:00, 0.0
5.0, 9.8, 90.0, 70.0, 1995-07-28 00:00:00, 0.0
20.0, 13.5, 270.0, 57.0, 1995-07-29 00:00:00, 0.3
11.0, 10.3, 230.0, 84.0, 1995-07-30 00:00:00, 0.0
9.0, 11.3, 270.0, 90.0, 1995-07-31 00:00:00, 4.8
9.0, 11.2, 230.0, 74.0, 1995-08-01 00:00:00, 0.0
16.0, 14.2, 230.0, 80.0, 1995-08-02 00:00:00, 0.3
15.0, 16.0, 230.0, 68.0, 1995-08-03 00:00:00, 1.0
11.0, 11.7, 230.0, 91.0, 1995-08-04 00:00:00, 2.8
8.0, 10.8, 270.0, 66.0, 1995-08-05 00:00:00, 0.8
13.0, 8.5, 90.0, 78.0, 1995-08-06 00:00:00, 0.5
10.0, 10.5, 0.0, 79.0, 1995-08-07 00:00:00, 3.6
5.0, 11.0, 50.0, 82.0, 1995-08-08 00:00:00, 0.8
19.0, 15.3, 50.0, 58.0, 1995-08-09 00:00:00, 0.0
11.0, 13.0, 50.0, 74.0, 1995-08-10 00:00:00, 5.3
17.0, 13.1, 230.0, 63.0, 1995-08-11 00:00:00, 2.5
19.0, 12.3, 270.0, 67.0, 1995-08-12 00:00:00, 1.0
10.0, 10.9, 180.0, 78.0, 1995-08-13 00:00:00, 0.0
18.0, 7.1, 230.0, 95.0, 1995-08-14 00:00:00, 7.1
10.0, 10.9, 270.0, 60.0, 1995-08-15 00:00:00, 4.6
12.0, 9.9, 270.0, 62.0, 1995-08-16 00:00:00, 0.0
15.0, 11.3, 270.0, 64.0, 1995-08-17 00:00:00, 0.8
6.0, 10.2, 90.0, 70.0, 1995-08-18 00:00:00, 0.0
0.0, 8.1, 0.0, 95.0, 1995-08-19 00:00:00, 13.0
12.0, 10.4, 90.0, 90.0, 1995-08-20 00:00:00, 4.6
8.0, 14.5, 230.0, 66.0, 1995-08-21 00:00:00, 1.0
17.0, 6.9, 270.0, 92.0, 1995-08-22 00:00:00, 11.7
5.0, 10.5, 140.0, 72.0, 1995-08-23 00:00:00, 1.3
19.0, 9.0, 230.0, 78.0, 1995-08-24 00:00:00, 5.1
9.0, 12.4, 140.0, 63.0, 1995-08-25 00:00:00, 1.3
19.0, 11.8, 270.0, 69.0, 1995-08-26 00:00:00, 0.0
3.0, 10.8, 140.0, 59.0, 1995-08-27 00:00:00, 0.0
13.0, 11.3, 270.0, 63.0, 1995-08-28 00:00:00, 0.5
16.0, 11.5, 270.0, 59.0, 1995-08-29 00:00:00, 0.5
11.0, 14.3, 230.0, 36.0, 1995-08-30 00:00:00, 0.0
13.0, 15.6, 270.0, 39.0, 1995-08-31 00:00:00, 0.0
9.0, 18.8, 180.0, 33.0, 1995-09-01 00:00:00, 0.0
19.0, 19.8, 270.0, 51.0, 1995-09-02 00:00:00, 0.0
10.0, 20.7, 180.0, 43.0, 1995-09-03 00:00:00, 0.0
2.0, 22.8, 50.0, 44.0, 1995-09-04 00:00:00, 0.0
5.0, 17.0, 90.0, 64.0, 1995-09-05 00:00:00, 0.0
4.0, 14.0, 0.0, 82.0, 1995-09-06 00:00:00, 9.9
5.0, 19.8, 90.0, 49.0, 1995-09-07 00:00:00, 0.0
15.0, 20.6, 270.0, 52.0, 1995-09-08 00:00:00, 0.0
9.0, 20.6, 180.0, 41.0, 1995-09-09 00:00:00, 0.0
10.0, 16.0, 230.0, 50.0, 1995-09-10 00:00:00, 0.0
17.0, 14.2, 230.0, 66.0, 1995-09-11 00:00:00, 0.0
16.0, 16.4, 270.0, 54.0, 1995-09-12 00:00:00, 0.0
6.0, 18.8, 140.0, 39.0, 1995-09-13 00:00:00, 0.0
13.0, 19.8, 270.0, 34.0, 1995-09-14 00:00:00, 0.0
13.0, 15.7, 90.0, 48.0, 1995-09-15 00:00:00, 0.0
5.0, 16.6, 50.0, 42.0, 1995-09-16 00:00:00, 0.0
10.0, 19.2, 90.0, 37.0, 1995-09-17 00:00:00, 0.0
12.0, 4.4, 90.0, 66.0, 1995-09-18 00:00:00, 0.0
10.0, 14.3, 90.0, 24.0, 1995-09-19 00:00:00, 0.0
9.0, 17.1, 140.0, 11.0, 1995-09-20 00:00:00, 0.0
5.0, 20.4, 90.0, 11.0, 1995-09-21 00:00:00, 0.0
8.0, 23.2, 140.0, 5.0, 1995-09-22 00:00:00, 0.0
7.0, 24.2, 140.0, 13.0, 1995-09-23 00:00:00, 0.0
4.0, 22.4, 140.0, 14.0, 1995-09-24 00:00:00, 0.0
5.0, 19.6, 140.0, 30.0, 1995-09-25 00:00:00, 0.0
7.0, 15.6, 270.0, 53.0, 1995-09-26 00:00:00, 0.0
8.0, 12.1, 140.0, 66.0, 1995-09-27 00:00:00, 8.9
11.0, 10.6, 270.0, 75.0, 1995-09-28 00:00:00, 3.0
14.0, 8.9, 230.0, 64.0, 1995-09-29 00:00:00, 0.0
18.0, 5.0, 230.0, 70.0, 1995-09-30 00:00:00, 2.0
5.0, 4.6, 180.0, 91.0, 1995-10-01 00:00:00, 0.0
14.0, 8.7, 230.0, 92.0, 1995-10-02 00:00:00, 2.0
17.0, 5.8, 270.0, 76.0, 1995-10-03 00:00:00, 0.5
11.0, 6.1, 180.0, 79.0, 1995-10-04 00:00:00, 1.0
13.0, 3.6, 140.0, 94.0, 1995-10-05 00:00:00, 3.8
10.0, 5.4, 270.0, 86.0, 1995-10-06 00:00:00, 2.5
0.0, 3.8, 0.0, 89.0, 1995-10-07 00:00:00, 0.5
14.0, 5.0, 230.0, 77.0, 1995-10-08 00:00:00, 0.3
17.0, 4.9, 230.0, 85.0, 1995-10-09 00:00:00, 0.0
21.0, 6.0, 230.0, 70.0, 1995-10-10 00:00:00, 3.8
12.0, 5.7, 270.0, 65.0, 1995-10-11 00:00:00, 0.0
16.0, 4.3, 230.0, 58.0, 1995-10-12 00:00:00, 0.0
19.0, 7.4, 230.0, 69.0, 1995-10-13 00:00:00, 0.0
11.0, 5.9, 180.0, 89.0, 1995-10-14 00:00:00, 7.9
5.0, 2.2, 50.0, 99.0, 1995-10-15 00:00:00, 1.5
6.0, 2.0, 180.0, 90.0, 1995-10-16 00:00:00, 5.1
19.0, 2.5, 230.0, 94.0, 1995-10-17 00:00:00, 10.7
16.0, 4.4, 230.0, 74.0, 1995-10-18 00:00:00, 0.0
6.0, 5.1, 180.0, 47.0, 1995-10-19 00:00:00, 0.0
17.0, 3.4, 230.0, 75.0, 1995-10-20 00:00:00, 0.5
12.0, 2.8, 270.0, 77.0, 1995-10-21 00:00:00, 0.0
9.0, 1.2, 180.0, 89.0, 1995-10-22 00:00:00, 1.0
9.0, 4.5, 180.0, 82.0, 1995-10-23 00:00:00, 0.3
0.0, 0.0, 0.0, 0.0, 1996-04-29 00:00:00, 0.0
