station_observations
wind_speed, temperature, wind_direction, relative_humidity, time, precipitation
0.0, 0.0, 0.0, 0.0, 1990-06-16 00:00:00, 0.0
15.0, 10.0, 90.0, 53.0, 1990-06-17 00:00:00, 4.1
14.0, 12.9, 50.0, 57.0, 1990-06-18 00:00:00, 0.0
11.0, 11.6, 90.0, 62.0, 1990-06-19 00:00:00, 0.0
2.0, 11.6, 50.0, 65.0, 1990-06-20 00:00:00, 0.0
2.0, 12.4, 90.0, 63.0, 1990-06-21 00:00:00, 5.6
4.0, 19.9, 50.0, 42.0, 1990-06-22 00:00:00, 0.0
10.0, 12.3, 50.0, 47.0, 1990-06-23 00:00:00, 7.1
16.0, 15.3, 50.0, 51.0, 1990-06-24 00:00:00, 0.0
6.0, 15.5, 230.0, 50.0, 1990-06-25 00:00:00, 0.0
20.0, 9.7, 50.0, 73.0, 1990-06-26 00:00:00, 5.3
4.0, 15.3, 320.0, 52.0, 1990-06-27 00:00:00, 0.3
0.0, 11.5, 0.0, 93.0, 1990-06-28 00:00:00, 14.7
1.0, 14.6, 270.0, 76.0, 1990-06-29 00:00:00, 4.1
2.0, 12.0, 0.0, 95.0, 1990-06-30 00:00:00, 3.3
0.0, 10.9, 0.0, 68.0, 1990-07-01 00:00:00, 1.3
12.0, 12.6, 140.0, 61.0, 1990-07-02 00:00:00, 0.0
3.0, 7.7, 230.0, 99.0, 1990-07-03 00:00:00, 28.2
5.0, 13.7, 320.0, 79.0, 1990-07-04 00:00:00, 2.8
9.0, 16.7, 230.0, 65.0, 1990-07-05 00:00:00, 3.6
13.0, 15.3, 140.0, 78.0, 1990-07-06 00:00:00, 4.3
6.0, 17.6, 140.0, 60.0, 1990-07-07 00:00:00, 0.0
0.0, 13.9, 0.0, 93.0, 1990-07-08 00:00:00, 22.9
0.0, 16.6, 0.0, 45.0, 1990-07-09 00:00:00, 3.6
4.0, 22.9, 0.0, 36.0, 1990-07-10 00:00:00, 0.0
2.0, 23.4, 180.0, 46.0, 1990-07-11 00:00:00, 0.0
18.0, 18.9, 140.0, 56.0, 1990-07-12 00:00:00, 16.0
15.0, 14.8, 90.0, 48.0, 1990-07-13 00:00:00, 3.6
5.0, 18.8, 270.0, 34.0, 1990-07-14 00:00:00, 0.0
10.0, 14.1, 50.0, 64.0, 1990-07-15 00:00:00, 0.0
11.0, 10.5, 90.0, 56.0, 1990-07-16 00:00:00, 0.0
0.0, 12.1, 0.0, 51.0, 1990-07-17 00:00:00, 0.0
0.0, 10.6, 230.0, 89.0, 1990-07-18 00:00:00, 20.1
6.0, 15.7, 230.0, 50.0, 1990-07-19 00:00:00, 4.1
6.0, 19.0, 230.0, 32.0, 1990-07-20 00:00:00, 0.0
8.0, 21.8, 180.0, 27.0, 1990-07-21 00:00:00, 0.0
1.0, 23.2, 180.0, 27.0, 1990-07-22 00:00:00, 0.0
0.0, 21.8, 0.0, 42.0, 1990-07-23 00:00:00, 0.0
8.0, 20.9, 140.0, 53.0, 1990-07-24 00:00:00, 0.0
9.0, 23.6, 140.0, 35.0, 1990-07-25 00:00:00, 0.0
20.0, 19.0, 50.0, 35.0, 1990-07-26 00:00:00, 0.0
13.0, 17.2, 140.0, 43.0, 1990-07-27 00:00:00, 0.0
4.0, 21.6, 180.0, 32.0, 1990-07-28 00:00:00, 0.0
9.0, 24.3, 230.0, 32.0, 1990-07-29 00:00:00, 0.0
1.0, 18.7, 270.0, 83.0, 1990-07-30 00:00:00, 4.3
23.0, 19.3, 50.0, 44.0, 1990-07-31 00:00:00, 0.5
14.0, 16.3, 50.0, 37.0, 1990-08-01 00:00:00, 0.0
9.0, 14.3, 50.0, 56.0, 1990-08-02 00:00:00, 0.0
7.0, 13.5, 0.0, 82.0, 1990-08-03 00:00:00, 0.0
14.0, 21.2, 320.0, 54.0, 1990-08-04 00:00:00, 1.5
17.0, 26.0, 320.0, 25.0, 1990-08-05 00:00:00, 0.0
29.0, 15.0, 50.0, 40.0, 1990-08-06 00:00:00, 0.0
8.0, 13.5, 50.0, 62.0, 1990-08-07 00:00:00, 0.2
3.0, 19.6, 0.0, 39.0, 1990-08-08 00:00:00, 0.0
3.0, 23.0, 90.0, 46.0, 1990-08-09 00:00:00, 0.0
1.0, 23.4, 230.0, 39.0, 1990-08-10 00:00:00, 0.0
7.0, 26.5, 180.0, 35.0, 1990-08-11 00:00:00, 0.0
13.0, 26.7, 320.0, 30.0, 1990-08-12 00:00:00, 0.0
5.0, 25.4, 270.0, 34.0, 1990-08-13 00:00:00, 0.3
0.0, 17.6, 0.0, 58.0, 1990-08-14 00:00:00, 0.2
0.0, 16.6, 0.0, 72.0, 1990-08-15 00:00:00, 0.0
1.0, 12.2, 50.0, 92.0, 1990-08-16 00:00:00, 21.8
0.0, 12.8, 0.0, 94.0, 1990-08-17 00:00:00, 19.6
0.0, 16.4, 0.0, 73.0, 1990-08-18 00:00:00, 1.5
0.0, 20.9, 0.0, 54.0, 1990-08-19 00:00:00, 0.0
2.0, 23.8, 50.0, 28.0, 1990-08-20 00:00:00, 0.0
0.0, 21.1, 0.0, 60.0, 1990-08-21 00:00:00, 0.0
27.0, 10.7, 90.0, 60.0, 1990-08-22 00:00:00, 0.8
2.0, 4.8, 140.0, 98.0, 1990-08-23 00:00:00, 16.0
1.0, 9.3, 230.0, 56.0, 1990-08-24 00:00:00, 0.2
11.0, 11.0, 230.0, 55.0, 1990-08-25 00:00:00, 0.0
0.0, 13.3, 0.0, 48.0, 1990-08-26 00:00:00, 0.0
23.0, 14.4, 90.0, 39.0, 1990-08-27 00:00:00, 0.0
13.0, 14.6, 90.0, 53.0, 1990-08-28 00:00:00, 0.0
11.0, 16.6, 50.0, 40.0, 1990-08-29 00:00:00, 0.0
1.0, 10.9, 90.0, 83.0, 1990-08-30 00:00:00, 0.0
8.0, 11.5, 50.0, 83.0, 1990-08-31 00:00:00, 12.2
0.0, 6.7, 0.0, 96.0, 1990-09-01 00:00:00, 5.3
9.0, 8.6, 50.0, 67.0, 1990-09-02 00:00:00, 0.3
2.0, 13.4, 50.0, 50.0, 1990-09-03 00:00:00, 0.0
12.0, 17.6, 50.0, 39.0, 1990-09-04 00:00:00, 0.0
12.0, 15.8, 90.0, 46.0, 1990-09-05 00:00:00, 0.0
15.0, 18.5, 50.0, 28.0, 1990-09-06 00:00:00, 0.0
14.0, 16.0, 50.0, 30.0, 1990-09-07 00:00:00, 0.0
1.0, 17.0, 90.0, 30.0, 1990-09-08 00:00:00, 0.0
19.0, 18.1, 90.0, 36.0, 1990-09-09 00:00:00, 0.0
3.0, 19.9, 90.0, 9.0, 1990-09-10 00:00:00, 0.0
1.0, 17.7, 180.0, 34.0, 1990-09-11 00:00:00, 0.0
14.0, 13.7, 90.0, 50.0, 1990-09-12 00:00:00, 0.0
1.0, 18.5, 50.0, 32.0, 1990-09-13 00:00:00, 0.0
2.0, 18.9, 270.0, 41.0, 1990-09-14 00:00:00, 0.0
4.0, 19.6, 90.0, 31.0, 1990-09-15 00:00:00, 0.0
25.0, 13.7, 90.0, 49.0, 1990-09-16 00:00:00, 0.0
7.0, 13.3, 320.0, 42.0, 1990-09-17 00:00:00, 0.0
9.0, 10.3, 50.0, 82.0, 1990-09-18 00:00:00, 0.5
14.0, 10.6, 90.0, 46.0, 1990-09-19 00:00:00, 0.0
1.0, 13.4, 90.0, 45.0, 1990-09-20 00:00:00, 0.0
1.0, 17.8, 180.0, 58.0, 1990-09-21 00:00:00, 0.2
21.0, 20.4, 320.0, 44.0, 1990-09-22 00:00:00, 0.0
24.0, 19.0, 50.0, 39.0, 1990-09-23 00:00:00, 0.0
34.0, 16.9, 90.0, 46.0, 1990-09-24 00:00:00, 0.0
5.0, 11.3, 90.0, 40.0, 1990-09-25 00:00:00, 0.0
1.0, 12.8, 0.0, 38.0, 1990-09-26 00:00:00, 0.0
5.0, 11.7, 230.0, 35.0, 1990-09-27 00:00:00, 0.0
11.0, 14.3, 0.0, 40.0, 1990-09-28 00:00:00, 0.0
24.0, 9.0, 90.0, 45.0, 1990-09-29 00:00:00, 0.0
11.0, 8.8, 90.0, 46.0, 1990-09-30 00:00:00, 0.0
13.0, 6.4, 0.0, 85.0, 1990-10-01 00:00:00, 6.9
26.0, 4.5, 90.0, 65.0, 1990-10-02 00:00:00, 5.8
12.0, 0.7, 270.0, 99.0, 1990-10-03 00:00:00, 1.0
0.0, -0.6, 0.0, 99.0, 1990-10-04 00:00:00, 2.8
0.0, -0.6, 0.0, 89.0, 1990-10-05 00:00:00, 2.5
9.0, 0.3, 90.0, 93.0, 1990-10-06 00:00:00, 10.2
17.0, 2.0, 50.0, 97.0, 1990-10-07 00:00:00, 4.8
13.0, 4.7, 0.0, 94.0, 1990-10-08 00:00:00, 3.6
27.0, 4.7, 90.0, 90.0, 1990-10-09 00:00:00, 1.3
22.0, 1.9, 90.0, 74.0, 1990-10-10 00:00:00, 0.0
22.0, -2.6, 320.0, 99.0, 1990-10-11 00:00:00, 0.0
26.0, 2.3, 0.0, 83.0, 1990-10-12 00:00:00, 3.1
25.0, 1.1, 50.0, 72.0, 1990-10-13 00:00:00, 1.5
0.0, 0.5, 90.0, 65.0, 1990-10-14 00:00:00, 0.5
0.0, 0.0, 0.0, 0.0, 1991-07-22 00:00:00, 0.0
14.0, 23.9, 270.0, 36.0, 1991-07-23 00:00:00, 0.0
12.0, 27.0, 320.0, 33.0, 1991-07-24 00:00:00, 0.0
13.0, 13.5, 50.0, 83.0, 1991-07-25 00:00:00, 6.9
7.0, 13.9, 50.0, 62.0, 1991-07-26 00:00:00, 0.0
15.0, 15.7, 50.0, 51.0, 1991-07-27 00:00:00, 5.8
18.0, 12.6, 90.0, 64.0, 1991-07-28 00:00:00, 0.5
21.0, 10.9, 90.0, 66.0, 1991-07-29 00:00:00, 3.3
10.0, 14.8, 140.0, 51.0, 1991-07-30 00:00:00, 0.0
8.0, 15.3, 180.0, 61.0, 1991-07-31 00:00:00, 0.0
4.0, 19.4, 140.0, 42.0, 1991-08-01 00:00:00, 0.0
7.0, 20.5, 50.0, 31.0, 1991-08-02 00:00:00, 0.0
15.0, 21.9, 50.0, 41.0, 1991-08-03 00:00:00, 0.0
7.0, 21.7, 0.0, 47.0, 1991-08-04 00:00:00, 0.0
9.0, 14.3, 90.0, 48.0, 1991-08-05 00:00:00, 4.8
13.0, 18.2, 180.0, 28.0, 1991-08-06 00:00:00, 0.0
19.0, 19.9, 320.0, 51.0, 1991-08-07 00:00:00, 0.0
27.0, 20.0, 320.0, 57.0, 1991-08-08 00:00:00, 0.5
7.0, 15.1, 180.0, 58.0, 1991-08-09 00:00:00, 5.1
13.0, 16.0, 140.0, 57.0, 1991-08-10 00:00:00, 2.8
8.0, 19.9, 140.0, 45.0, 1991-08-11 00:00:00, 0.0
14.0, 17.9, 180.0, 59.0, 1991-08-12 00:00:00, 0.0
17.0, 21.4, 180.0, 55.0, 1991-08-13 00:00:00, 0.0
6.0, 24.7, 90.0, 47.0, 1991-08-14 00:00:00, 0.0
6.0, 27.5, 140.0, 36.0, 1991-08-15 00:00:00, 0.0
9.0, 27.3, 50.0, 23.0, 1991-08-16 00:00:00, 0.0
12.0, 27.4, 0.0, 17.0, 1991-08-17 00:00:00, 0.0
18.0, 24.0, 50.0, 36.0, 1991-08-18 00:00:00, 0.0
22.0, 16.7, 50.0, 55.0, 1991-08-19 00:00:00, 0.0
26.0, 16.2, 90.0, 54.0, 1991-08-20 00:00:00, 0.0
19.0, 15.7, 50.0, 46.0, 1991-08-21 00:00:00, 0.0
9.0, 16.6, 0.0, 40.0, 1991-08-22 00:00:00, 0.0
22.0, 12.5, 90.0, 51.0, 1991-08-23 00:00:00, 0.0
20.0, 12.9, 90.0, 54.0, 1991-08-24 00:00:00, 0.0
21.0, 13.8, 50.0, 46.0, 1991-08-25 00:00:00, 0.0
17.0, 14.3, 0.0, 59.0, 1991-08-26 00:00:00, 0.8
12.0, 7.0, 50.0, 98.0, 1991-08-27 00:00:00, 10.9
12.0, 9.7, 320.0, 89.0, 1991-08-28 00:00:00, 12.2
22.0, 8.8, 320.0, 97.0, 1991-08-29 00:00:00, 2.5
11.0, 12.5, 0.0, 63.0, 1991-08-30 00:00:00, 3.1
6.0, 11.7, 230.0, 66.0, 1991-08-31 00:00:00, 0.0
19.0, 9.2, 90.0, 63.0, 1991-09-01 00:00:00, 8.4
13.0, 11.2, 50.0, 49.0, 1991-09-02 00:00:00, 0.8
11.0, 16.6, 50.0, 55.0, 1991-09-03 00:00:00, 0.0
6.0, 18.5, 320.0, 57.0, 1991-09-04 00:00:00, 0.0
19.0, 19.8, 50.0, 35.0, 1991-09-05 00:00:00, 0.0
0.0, 12.8, 0.0, 81.0, 1991-09-06 00:00:00, 6.6
17.0, 8.2, 90.0, 64.0, 1991-09-07 00:00:00, 0.0
1.0, 12.8, 140.0, 48.0, 1991-09-08 00:00:00, 0.0
13.0, 15.4, 0.0, 45.0, 1991-09-09 00:00:00, 0.0
4.0, 14.6, 90.0, 59.0, 1991-09-10 00:00:00, 0.8
16.0, 15.8, 90.0, 49.0, 1991-09-11 00:00:00, 0.5
9.0, 13.6, 320.0, 66.0, 1991-09-12 00:00:00, 0.3
26.0, 8.2, 90.0, 82.0, 1991-09-13 00:00:00, 9.1
13.0, 12.7, 50.0, 58.0, 1991-09-14 00:00:00, 0.0
19.0, 11.7, 50.0, 86.0, 1991-09-15 00:00:00, 1.0
6.0, 13.4, 230.0, 73.0, 1991-09-16 00:00:00, 4.3
9.0, 14.9, 320.0, 53.0, 1991-09-17 00:00:00, 0.0
15.0, 19.1, 50.0, 54.0, 1991-09-18 00:00:00, 0.0
16.0, 12.2, 50.0, 45.0, 1991-09-19 00:00:00, 0.0
17.0, 7.6, 90.0, 57.0, 1991-09-20 00:00:00, 0.0
11.0, 7.5, 140.0, 57.0, 1991-09-21 00:00:00, 0.0
9.0, 3.2, 0.0, 99.0, 1991-09-22 00:00:00, 13.0
18.0, 16.0, 50.0, 81.0, 1991-09-23 00:00:00, 1.8
12.0, 18.3, 90.0, 60.0, 1991-09-24 00:00:00, 0.0
10.0, 20.4, 320.0, 41.0, 1991-09-25 00:00:00, 0.0
11.0, 20.1, 0.0, 48.0, 1991-09-26 00:00:00, 0.0
17.0, 17.5, 50.0, 45.0, 1991-09-27 00:00:00, 0.0
17.0, 9.4, 90.0, 46.0, 1991-09-28 00:00:00, 0.0
8.0, 7.1, 0.0, 47.0, 1991-09-29 00:00:00, 0.0
25.0, 11.5, 50.0, 51.0, 1991-09-30 00:00:00, 0.0
26.0, 7.3, 90.0, 46.0, 1991-10-01 00:00:00, 0.0
18.0, 7.4, 140.0, 48.0, 1991-10-02 00:00:00, 0.0
8.0, 7.3, 90.0, 46.0, 1991-10-03 00:00:00, 0.0
3.0, 12.3, 0.0, 40.0, 1991-10-04 00:00:00, 0.0
15.0, 16.1, 320.0, 42.0, 1991-10-05 00:00:00, 0.0
8.0, 15.4, 50.0, 41.0, 1991-10-06 00:00:00, 0.0
24.0, 5.3, 50.0, 52.0, 1991-10-07 00:00:00, 0.0
13.0, 7.4, 0.0, 39.0, 1991-10-08 00:00:00, 0.0
26.0, 15.0, 50.0, 79.0, 1991-10-09 00:00:00, 6.6
21.0, 18.1, 0.0, 56.0, 1991-10-10 00:00:00, 1.0
6.0, 16.0, 320.0, 51.0, 1991-10-11 00:00:00, 0.0
24.0, 5.8, 90.0, 57.0, 1991-10-12 00:00:00, 0.0
16.0, 2.7, 320.0, 99.0, 1991-10-13 00:00:00, 2.8
22.0, 13.8, 0.0, 80.0, 1991-10-14 00:00:00, 1.3
15.0, 1.7, 90.0, 99.0, 1991-10-15 00:00:00, 4.1
18.0, -4.2, 140.0, 99.0, 1991-10-16 00:00:00, 0.8
5.0, 1.7, 50.0, 70.0, 1991-10-17 00:00:00, 5.1
0.0, 0.0, 0.0, 0.0, 1994-05-10 00:00:00, 0.0
0.0, 0.0, 0.0, 0.0, 1994-05-11 00:00:00, 0.0
9.0, 8.0, 90.0, 41.0, 1994-05-12 00:00:00, 0.0
11.0, 7.0, 50.0, 66.0, 1994-05-13 00:00:00, 0.0
13.0, 9.2, 320.0, 45.0, 1994-05-14 00:00:00, 0.0
16.0, 8.9, 230.0, 57.0, 1994-05-15 00:00:00, 0.0
13.0, 4.3, 180.0, 99.0, 1994-05-16 00:00:00, 0.0
14.0, 5.1, 180.0, 92.0, 1994-05-17 00:00:00, 0.0
12.0, 8.5, 320.0, 44.0, 1994-05-18 00:00:00, 0.0
4.0, 9.6, 180.0, 48.0, 1994-05-19 00:00:00, 0.0
24.0, 13.7, 0.0, 44.0, 1994-05-20 00:00:00, 0.0
22.0, 10.6, 270.0, 62.0, 1994-05-21 00:00:00, 0.0
10.0, 10.8, 230.0, 61.0, 1994-05-22 00:00:00, 0.0
12.0, 14.3, 230.0, 49.0, 1994-05-23 00:00:00, 0.0
13.0, 13.8, 230.0, 54.0, 1994-05-24 00:00:00, 0.0
27.0, 8.4, 270.0, 83.0, 1994-05-25 00:00:00, 0.0
12.0, 7.4, 230.0, 52.0, 1994-05-26 00:00:00, 0.0
21.0, 6.1, 270.0, 52.0, 1994-05-27 00:00:00, 0.0
21.0, 4.2, 180.0, 79.0, 1994-05-28 00:00:00, 0.0
12.0, 9.5, 230.0, 60.0, 1994-05-29 00:00:00, 0.0
17.0, 7.9, 270.0, 47.0, 1994-05-30 00:00:00, 0.0
18.0, 13.3, 140.0, 51.0, 1994-05-31 00:00:00, 0.0
15.0, 10.5, 270.0, 52.0, 1994-06-01 00:00:00, 0.0
18.0, 14.1, 140.0, 42.0, 1994-06-02 00:00:00, 0.0
7.0, 13.3, 0.0, 49.0, 1994-06-03 00:00:00, 0.0
7.0, 12.5, 50.0, 82.0, 1994-06-04 00:00:00, 0.0
16.0, 13.1, 180.0, 64.0, 1994-06-05 00:00:00, 0.0
6.0, 10.6, 320.0, 76.0, 1994-06-06 00:00:00, 0.0
19.0, 8.6, 270.0, 87.0, 1994-06-07 00:00:00, 0.0
21.0, 11.0, 270.0, 60.0, 1994-06-08 00:00:00, 0.0
18.0, 12.5, 230.0, 58.0, 1994-06-09 00:00:00, 0.0
12.0, 14.2, 320.0, 44.0, 1994-06-10 00:00:00, 0.0
7.0, 12.4, 180.0, 75.0, 1994-06-11 00:00:00, 0.0
17.0, 10.5, 90.0, 82.0, 1994-06-12 00:00:00, 0.0
17.0, 8.9, 320.0, 93.0, 1994-06-13 00:00:00, 0.0
10.0, 5.0, 0.0, 98.0, 1994-06-14 00:00:00, 0.0
8.0, 9.9, 0.0, 66.0, 1994-06-15 00:00:00, 0.0
12.0, 9.0, 270.0, 80.0, 1994-06-16 00:00:00, 0.5
15.0, 10.7, 90.0, 81.0, 1994-06-17 00:00:00, 4.3
13.0, 9.0, 140.0, 87.0, 1994-06-18 00:00:00, 12.4
18.0, 13.9, 230.0, 56.0, 1994-06-19 00:00:00, 0.0
16.0, 16.0, 230.0, 44.0, 1994-06-20 00:00:00, 0.0
18.0, 18.9, 230.0, 33.0, 1994-06-21 00:00:00, 0.0
21.0, 21.0, 230.0, 28.0, 1994-06-22 00:00:00, 0.0
17.0, 22.6, 270.0, 35.0, 1994-06-23 00:00:00, 0.0
17.0, 18.4, 270.0, 53.0, 1994-06-24 00:00:00, 0.0
12.0, 18.9, 230.0, 54.0, 1994-06-25 00:00:00, 0.0
28.0, 16.7, 270.0, 39.0, 1994-06-26 00:00:00, 0.0
15.0, 13.3, 230.0, 41.0, 1994-06-27 00:00:00, 0.0
9.0, 12.2, 230.0, 67.0, 1994-06-28 00:00:00, 2.8
14.0, 11.1, 270.0, 66.0, 1994-06-29 00:00:00, 4.8
11.0, 9.4, 230.0, 87.0, 1994-06-30 00:00:00, 18.0
10.0, 7.9, 270.0, 95.0, 1994-07-01 00:00:00, 12.4
20.0, 6.8, 270.0, 98.0, 1994-07-02 00:00:00, 11.9
26.0, 11.0, 270.0, 87.0, 1994-07-03 00:00:00, 2.0
15.0, 7.5, 320.0, 97.0, 1994-07-04 00:00:00, 1.5
11.0, 15.9, 230.0, 59.0, 1994-07-05 00:00:00, 2.0
18.0, 12.2, 230.0, 80.0, 1994-07-06 00:00:00, 0.0
10.0, 14.4, 0.0, 65.0, 1994-07-07 00:00:00, 0.0
17.0, 12.4, 270.0, 52.0, 1994-07-08 00:00:00, 0.0
22.0, 13.5, 270.0, 54.0, 1994-07-09 00:00:00, 0.0
16.0, 15.3, 270.0, 55.0, 1994-07-10 00:00:00, 0.0
17.0, 16.6, 0.0, 57.0, 1994-07-11 00:00:00, 0.0
8.0, 18.1, 0.0, 57.0, 1994-07-12 00:00:00, 0.0
15.0, 17.0, 180.0, 59.0, 1994-07-13 00:00:00, 0.0
4.0, 20.0, 0.0, 52.0, 1994-07-14 00:00:00, 3.3
5.0, 19.2, 50.0, 57.0, 1994-07-15 00:00:00, 0.3
14.0, 16.5, 270.0, 43.0, 1994-07-16 00:00:00, 0.0
12.0, 13.3, 230.0, 83.0, 1994-07-17 00:00:00, 1.0
22.0, 14.3, 270.0, 69.0, 1994-07-18 00:00:00, 1.3
8.0, 20.9, 230.0, 43.0, 1994-07-19 00:00:00, 0.0
8.0, 26.7, 180.0, 37.0, 1994-07-20 00:00:00, 0.0
14.0, 20.9, 320.0, 30.0, 1994-07-21 00:00:00, 0.0
7.0, 24.6, 90.0, 18.0, 1994-07-22 00:00:00, 0.0
13.0, 26.8, 90.0, 20.0, 1994-07-23 00:00:00, 0.0
2.0, 24.9, 50.0, 33.0, 1994-07-24 00:00:00, 0.0
10.0, 17.2, 320.0, 66.0, 1994-07-25 00:00:00, 0.0
10.0, 17.2, 270.0, 61.0, 1994-07-26 00:00:00, 0.3
7.0, 20.6, 50.0, 47.0, 1994-07-27 00:00:00, 0.0
11.0, 24.3, 140.0, 42.0, 1994-07-28 00:00:00, 0.0
12.0, 20.8, 140.0, 42.0, 1994-07-29 00:00:00, 0.0
18.0, 15.8, 230.0, 44.0, 1994-07-30 00:00:00, 0.0
8.0, 15.2, 180.0, 47.0, 1994-07-31 00:00:00, 0.0
10.0, 20.2, 140.0, 46.0, 1994-08-01 00:00:00, 0.0
6.0, 24.9, 180.0, 36.0, 1994-08-02 00:00:00, 0.0
8.0, 24.1, 0.0, 53.0, 1994-08-03 00:00:00, 0.0
14.0, 20.8, 140.0, 66.0, 1994-08-04 00:00:00, 2.0
7.0, 16.3, 0.0, 50.0, 1994-08-05 00:00:00, 0.0
8.0, 13.7, 180.0, 70.0, 1994-08-06 00:00:00, 2.8
10.0, 14.0, 0.0, 74.0, 1994-08-07 00:00:00, 0.0
24.0, 16.5, 50.0, 62.0, 1994-08-08 00:00:00, 0.0
13.0, 13.0, 0.0, 72.0, 1994-08-09 00:00:00, 0.0
9.0, 15.5, 0.0, 73.0, 1994-08-10 00:00:00, 1.8
7.0, 20.9, 180.0, 49.0, 1994-08-11 00:00:00, 0.0
6.0, 21.7, 0.0, 51.0, 1994-08-12 00:00:00, 0.0
12.0, 23.7, 140.0, 42.0, 1994-08-13 00:00:00, 0.0
6.0, 20.3, 230.0, 46.0, 1994-08-14 00:00:00, 0.0
12.0, 16.0, 320.0, 56.0, 1994-08-15 00:00:00, 2.5
9.0, 15.5, 0.0, 57.0, 1994-08-16 00:00:00, 0.0
13.0, 17.6, 0.0, 60.0, 1994-08-17 00:00:00, 0.0
14.0, 19.9, 0.0, 51.0, 1994-08-18 00:00:00, 0.0
12.0, 23.0, 140.0, 39.0, 1994-08-19 00:00:00, 0.0
9.0, 18.6, 0.0, 48.0, 1994-08-20 00:00:00, 0.0
17.0, 14.7, 270.0, 61.0, 1994-08-21 00:00:00, 0.0
26.0, 12.2, 270.0, 74.0, 1994-08-22 00:00:00, 4.6
20.0, 9.8, 270.0, 64.0, 1994-08-23 00:00:00, 0.5
6.0, 12.9, 180.0, 53.0, 1994-08-24 00:00:00, 0.0
10.0, 13.2, 0.0, 59.0, 1994-08-25 00:00:00, 0.0
11.0, 15.7, 0.0, 47.0, 1994-08-26 00:00:00, 0.0
7.0, 20.2, 90.0, 34.0, 1994-08-27 00:00:00, 0.0
10.0, 21.5, 180.0, 33.0, 1994-08-28 00:00:00, 0.0
5.0, 19.9, 270.0, 44.0, 1994-08-29 00:00:00, 0.0
4.0, 17.2, 50.0, 63.0, 1994-08-30 00:00:00, 0.3
8.0, 12.1, 50.0, 96.0, 1994-08-31 00:00:00, 2.3
9.0, 12.1, 140.0, 84.0, 1994-09-01 00:00:00, 11.2
9.0, 12.3, 230.0, 64.0, 1994-09-02 00:00:00, 2.5
9.0, 6.3, 0.0, 99.0, 1994-09-03 00:00:00, 0.8
14.0, 11.1, 230.0, 69.0, 1994-09-04 00:00:00, 2.3
17.0, 11.1, 180.0, 90.0, 1994-09-05 00:00:00, 5.6
16.0, 12.6, 180.0, 79.0, 1994-09-06 00:00:00, 0.5
11.0, 10.9, 90.0, 76.0, 1994-09-07 00:00:00, 3.3
7.0, 10.9, 50.0, 92.0, 1994-09-08 00:00:00, 6.6
13.0, 9.4, 270.0, 70.0, 1994-09-09 00:00:00, 4.1
8.0, 9.3, 320.0, 75.0, 1994-09-10 00:00:00, 0.0
13.0, 10.5, 320.0, 61.0, 1994-09-11 00:00:00, 0.0
16.0, 7.3, 230.0, 94.0, 1994-09-12 00:00:00, 0.3
22.0, 11.3, 180.0, 91.0, 1994-09-13 00:00:00, 3.3
12.0, 11.8, 180.0, 67.0, 1994-09-14 00:00:00, 1.3
19.0, 13.3, 180.0, 68.0, 1994-09-15 00:00:00, 0.3
22.0, 17.5, 180.0, 55.0, 1994-09-16 00:00:00, 1.0
9.0, 17.6, 180.0, 55.0, 1994-09-17 00:00:00, 0.0
9.0, 13.7, 180.0, 80.0, 1994-09-18 00:00:00, 0.0
20.0, 14.0, 230.0, 68.0, 1994-09-19 00:00:00, 0.0
7.0, 10.1, 50.0, 54.0, 1994-09-20 00:00:00, 0.5
14.0, 17.3, 180.0, 39.0, 1994-09-21 00:00:00, 0.0
18.0, 16.7, 230.0, 38.0, 1994-09-22 00:00:00, 0.0
14.0, 15.0, 230.0, 71.0, 1994-09-23 00:00:00, 0.0
24.0, 17.1, 180.0, 72.0, 1994-09-24 00:00:00, 1.0
23.0, 13.1, 270.0, 58.0, 1994-09-25 00:00:00, 0.3
5.0, 8.6, 270.0, 57.0, 1994-09-26 00:00:00, 0.0
28.0, 12.4, 270.0, 57.0, 1994-09-27 00:00:00, 0.0
6.0, 9.0, 90.0, 53.0, 1994-09-28 00:00:00, 0.0
7.0, 8.0, 50.0, 57.0, 1994-09-29 00:00:00, 0.0
10.0, 5.8, 180.0, 99.0, 1994-09-30 00:00:00, 18.8
25.0, 3.5, 320.0, 85.0, 1994-10-01 00:00:00, 11.9
15.0, 2.2, 0.0, 84.0, 1994-10-02 00:00:00, 1.0
4.0, 8.5, 140.0, 55.0, 1994-10-03 00:00:00, 0.3
12.0, 14.2, 180.0, 40.0, 1994-10-04 00:00:00, 0.0
27.0, 5.8, 320.0, 61.0, 1994-10-05 00:00:00, 0.0
19.0, 5.2, 270.0, 83.0, 1994-10-06 00:00:00, 0.0
7.0, 7.4, 270.0, 58.0, 1994-10-07 00:00:00, 0.0
16.0, 7.7, 180.0, 67.0, 1994-10-08 00:00:00, 0.0
4.0, 3.1, 0.0, 99.0, 1994-10-09 00:00:00, 9.4
8.0, 4.5, 320.0, 61.0, 1994-10-10 00:00:00, 1.0
15.0, 5.9, 180.0, 66.0, 1994-10-11 00:00:00, 0.0
3.0, 8.9, 50.0, 57.0, 1994-10-12 00:00:00, 0.0
8.0, 5.9, 180.0, 65.0, 1994-10-13 00:00:00, 0.0
0.0, 0.7, 0.0, 99.0, 1994-10-14 00:00:00, 1.5
1.0, 3.9, 320.0, 84.0, 1994-10-15 00:00:00, 9.1
25.0, 5.0, 180.0, 83.0, 1994-10-16 00:00:00, 0.5
19.0, 4.0, 270.0, 66.0, 1994-10-17 00:00:00, 0.0
10.0, 1.9, 230.0, 81.0, 1994-10-18 00:00:00, 0.0
14.0, 4.3, 230.0, 79.0, 1994-10-19 00:00:00, 0.0
10.0, 2.3, 140.0, 93.0, 1994-10-20 00:00:00, 2.5
23.0, 1.5, 270.0, 85.0, 1994-10-21 00:00:00, 5.6
13.0, -0.1, 180.0, 83.0, 1994-10-22 00:00:00, 0.3
17.0, 1.4, 180.0, 80.0, 1994-10-23 00:00:00, 0.8
21.0, 3.1, 180.0, 85.0, 1994-10-24 00:00:00, 1.3
26.0, 6.2, 180.0, 77.0, 1994-10-25 00:00:00, 10.4
0.0, 0.0, 0.0, 0.0, 1995-05-18 00:00:00, 0.0
15.0, 4.7, 270.0, 51.0, 1995-05-19 00:00:00, 0.0
11.0, 1.6, 320.0, 99.0, 1995-05-20 00:00:00, 0.5
8.0, 10.6, 0.0, 34.0, 1995-05-21 00:00:00, 2.0
5.0, 15.9, 320.0, 31.0, 1995-05-22 00:00:00, 0.0
17.0, 12.8, 320.0, 35.0, 1995-05-23 00:00:00, 0.0
12.0, 11.2, 0.0, 58.0, 1995-05-24 00:00:00, 0.0
12.0, 11.2, 0.0, 58.0, 1995-05-25 00:00:00, 0.0
11.0, 17.0, 140.0, 32.0, 1995-05-26 00:00:00, 0.0
8.0, 18.0, 270.0, 40.0, 1995-05-27 00:00:00, 0.0
8.0, 16.4, 90.0, 41.0, 1995-05-28 00:00:00, 0.0
8.0, 11.6, 230.0, 61.0, 1995-05-29 00:00:00, 0.0
20.0, 10.7, 230.0, 58.0, 1995-05-30 00:00:00, 0.0
9.0, 11.5, 140.0, 50.0, 1995-05-31 00:00:00, 0.0
13.0, 14.0, 180.0, 40.0, 1995-06-01 00:00:00, 0.0
7.0, 13.3, 270.0, 55.0, 1995-06-02 00:00:00, 1.5
14.0, 17.3, 140.0, 43.0, 1995-06-03 00:00:00, 0.0
12.0, 12.8, 140.0, 69.0, 1995-06-04 00:00:00, 1.3
23.0, 7.1, 270.0, 89.0, 1995-06-05 00:00:00, 18.8
19.0, 8.8, 270.0, 62.0, 1995-06-06 00:00:00, 0.0
15.0, 15.2, 50.0, 60.0, 1995-06-07 00:00:00, 0.0
11.0, 16.9, 90.0, 53.0, 1995-06-08 00:00:00, 0.0
10.0, 22.9, 140.0, 26.0, 1995-06-09 00:00:00, 0.0
10.0, 22.9, 140.0, 26.0, 1995-06-10 00:00:00, 0.0
15.0, 9.2, 230.0, 92.0, 1995-06-11 00:00:00, 5.3
12.0, 10.4, 140.0, 82.0, 1995-06-12 00:00:00, 2.8
10.0, 5.9, 230.0, 88.0, 1995-06-13 00:00:00, 0.5
16.0, 12.1, 180.0, 48.0, 1995-06-14 00:00:00, 0.0
19.0, 14.7, 230.0, 41.0, 1995-06-15 00:00:00, 0.0
11.0, 15.1, 90.0, 50.0, 1995-06-16 00:00:00, 0.0
12.0, 14.0, 90.0, 59.0, 1995-06-17 00:00:00, 3.3
10.0, 14.9, 320.0, 60.0, 1995-06-18 00:00:00, 1.0
11.0, 14.1, 320.0, 81.0, 1995-06-19 00:00:00, 4.6
14.0, 18.3, 270.0, 61.0, 1995-06-20 00:00:00, 5.3
5.0, 19.3, 230.0, 46.0, 1995-06-21 00:00:00, 0.0
9.0, 18.8, 180.0, 50.0, 1995-06-22 00:00:00, 0.0
9.0, 14.1, 140.0, 68.0, 1995-06-23 00:00:00, 3.0
14.0, 10.1, 230.0, 76.0, 1995-06-24 00:00:00, 5.1
18.0, 8.7, 270.0, 57.0, 1995-06-25 00:00:00, 0.0
10.0, 14.3, 270.0, 46.0, 1995-06-26 00:00:00, 0.0
7.0, 18.2, 270.0, 36.0, 1995-06-27 00:00:00, 0.0
5.0, 22.4, 0.0, 31.0, 1995-06-28 00:00:00, 0.0
13.0, 24.5, 270.0, 23.0, 1995-06-29 00:00:00, 0.0
11.0, 22.2, 320.0, 36.0, 1995-06-30 00:00:00, 0.0
12.0, 20.0, 230.0, 38.0, 1995-07-01 00:00:00, 0.0
20.0, 10.9, 270.0, 84.0, 1995-07-02 00:00:00, 1.5
16.0, 12.7, 270.0, 75.0, 1995-07-03 00:00:00, 0.8
10.0, 14.8, 270.0, 56.0, 1995-07-04 00:00:00, 0.0
11.0, 12.5, 50.0, 71.0, 1995-07-05 00:00:00, 0.0
6.0, 13.7, 320.0, 66.0, 1995-07-06 00:00:00, 7.4
9.0, 16.1, 320.0, 60.0, 1995-07-07 00:00:00, 3.0
4.0, 14.8, 230.0, 71.0, 1995-07-08 00:00:00, 0.3
12.0, 17.3, 90.0, 60.0, 1995-07-09 00:00:00, 0.5
20.0, 10.3, 180.0, 92.0, 1995-07-10 00:00:00, 15.5
18.0, 9.3, 230.0, 84.0, 1995-07-11 00:00:00, 0.3
10.0, 13.1, 230.0, 71.0, 1995-07-12 00:00:00, 0.8
8.0, 14.8, 230.0, 61.0, 1995-07-13 00:00:00, 0.0
7.0, 14.2, 270.0, 57.0, 1995-07-14 00:00:00, 1.5
11.0, 15.9, 180.0, 51.0, 1995-07-15 00:00:00, 0.0
13.0, 17.0, 270.0, 58.0, 1995-07-16 00:00:00, 0.0
12.0, 19.1, 270.0, 54.0, 1995-07-17 00:00:00, 0.0
11.0, 18.9, 0.0, 51.0, 1995-07-18 00:00:00, 4.3
5.0, 22.4, 50.0, 37.0, 1995-07-19 00:00:00, 0.0
15.0, 19.2, 320.0, 54.0, 1995-07-20 00:00:00, 0.0
7.0, 20.2, 270.0, 44.0, 1995-07-21 00:00:00, 0.0
17.0, 21.2, 270.0, 48.0, 1995-07-22 00:00:00, 0.0
19.0, 14.7, 270.0, 51.0, 1995-07-23 00:00:00, 0.0
10.0, 10.9, 180.0, 77.0, 1995-07-24 00:00:00, 0.0
22.0, 14.2, 230.0, 80.0, 1995-07-25 00:00:00, 12.7
7.0, 10.7, 180.0, 89.0, 1995-07-26 00:00:00, 9.4
29.0, 7.7, 230.0, 72.0, 1995-07-27 00:00:00, 0.5
8.0, 10.8, 320.0, 62.0, 1995-07-28 00:00:00, 0.3
20.0, 11.8, 270.0, 81.0, 1995-07-29 00:00:00, 7.4
12.0, 12.2, 270.0, 67.0, 1995-07-30 00:00:00, 0.0
14.0, 12.8, 230.0, 74.0, 1995-07-31 00:00:00, 2.0
11.0, 12.4, 230.0, 71.0, 1995-08-01 00:00:00, 4.6
11.0, 14.0, 230.0, 70.0, 1995-08-02 00:00:00, 0.0
19.0, 14.9, 230.0, 68.0, 1995-08-03 00:00:00, 0.5
20.0, 14.3, 230.0, 78.0, 1995-08-04 00:00:00, 0.0
15.0, 10.5, 270.0, 63.0, 1995-08-05 00:00:00, 1.0
11.0, 12.2, 0.0, 59.0, 1995-08-06 00:00:00, 0.0
17.0, 8.4, 320.0, 88.0, 1995-08-07 00:00:00, 0.0
7.0, 11.3, 320.0, 78.0, 1995-08-08 00:00:00, 2.5
13.0, 14.3, 90.0, 58.0, 1995-08-09 00:00:00, 0.0
5.0, 14.8, 270.0, 66.0, 1995-08-10 00:00:00, 0.0
10.0, 13.1, 230.0, 73.0, 1995-08-11 00:00:00, 2.3
15.0, 12.4, 270.0, 72.0, 1995-08-12 00:00:00, 1.0
14.0, 11.1, 230.0, 74.0, 1995-08-13 00:00:00, 0.0
12.0, 13.1, 140.0, 84.0, 1995-08-14 00:00:00, 7.6
15.0, 11.3, 230.0, 62.0, 1995-08-15 00:00:00, 5.6
7.0, 10.7, 0.0, 59.0, 1995-08-16 00:00:00, 0.0
17.0, 11.3, 320.0, 65.0, 1995-08-17 00:00:00, 0.0
14.0, 12.4, 180.0, 50.0, 1995-08-18 00:00:00, 2.3
14.0, 12.4, 180.0, 50.0, 1995-08-19 00:00:00, 2.3
12.0, 11.9, 90.0, 72.0, 1995-08-20 00:00:00, 0.3
11.0, 13.3, 140.0, 87.0, 1995-08-21 00:00:00, 9.7
14.0, 10.0, 180.0, 90.0, 1995-08-22 00:00:00, 4.6
7.0, 9.7, 0.0, 81.0, 1995-08-23 00:00:00, 1.3
13.0, 9.5, 230.0, 75.0, 1995-08-24 00:00:00, 11.7
8.0, 10.8, 230.0, 70.0, 1995-08-25 00:00:00, 3.0
9.0, 9.9, 320.0, 89.0, 1995-08-26 00:00:00, 1.0
3.0, 14.1, 0.0, 51.0, 1995-08-27 00:00:00, 4.8
1.0, 8.8, 230.0, 85.0, 1995-08-28 00:00:00, 3.3
10.0, 13.2, 230.0, 56.0, 1995-08-29 00:00:00, 11.7
12.0, 13.6, 270.0, 48.0, 1995-08-30 00:00:00, 0.0
13.0, 14.0, 230.0, 51.0, 1995-08-31 00:00:00, 0.0
10.0, 17.1, 180.0, 52.0, 1995-09-01 00:00:00, 0.0
19.0, 18.0, 270.0, 63.0, 1995-09-02 00:00:00, 0.0
7.0, 19.7, 140.0, 56.0, 1995-09-03 00:00:00, 0.0
7.0, 21.0, 0.0, 55.0, 1995-09-04 00:00:00, 0.0
14.0, 15.6, 0.0, 66.0, 1995-09-05 00:00:00, 0.0
11.0, 16.0, 140.0, 69.0, 1995-09-06 00:00:00, 0.0
3.0, 19.2, 230.0, 53.0, 1995-09-07 00:00:00, 0.0
7.0, 21.8, 140.0, 45.0, 1995-09-08 00:00:00, 0.0
7.0, 21.4, 180.0, 44.0, 1995-09-09 00:00:00, 0.0
22.0, 17.8, 230.0, 40.0, 1995-09-10 00:00:00, 1.3
23.0, 14.8, 230.0, 60.0, 1995-09-11 00:00:00, 0.0
16.0, 14.8, 270.0, 61.0, 1995-09-12 00:00:00, 0.0
5.0, 17.0, 50.0, 46.0, 1995-09-13 00:00:00, 0.0
14.0, 18.5, 270.0, 37.0, 1995-09-14 00:00:00, 0.0
13.0, 12.7, 0.0, 62.0, 1995-09-15 00:00:00, 0.0
9.0, 13.0, 0.0, 56.0, 1995-09-16 00:00:00, 0.0
9.0, 15.2, 50.0, 49.0, 1995-09-17 00:00:00, 0.0
13.0, 4.1, 320.0, 61.0, 1995-09-18 00:00:00, 0.0
3.0, 11.1, 320.0, 37.0, 1995-09-19 00:00:00, 0.0
7.0, 14.8, 90.0, 20.0, 1995-09-20 00:00:00, 0.0
7.0, 18.4, 90.0, 23.0, 1995-09-21 00:00:00, 0.0
7.0, 21.2, 0.0, 19.0, 1995-09-22 00:00:00, 0.0
10.0, 20.7, 140.0, 28.0, 1995-09-23 00:00:00, 0.0
15.0, 19.7, 140.0, 32.0, 1995-09-24 00:00:00, 0.3
9.0, 20.1, 180.0, 26.0, 1995-09-25 00:00:00, 0.0
7.0, 16.2, 50.0, 48.0, 1995-09-26 00:00:00, 0.0
11.0, 10.2, 230.0, 84.0, 1995-09-27 00:00:00, 12.2
8.0, 7.6, 270.0, 97.0, 1995-09-28 00:00:00, 7.4
14.0, 8.5, 230.0, 71.0, 1995-09-29 00:00:00, 0.0
22.0, 6.1, 230.0, 76.0, 1995-09-30 00:00:00, 2.5
12.0, 5.6, 180.0, 74.0, 1995-10-01 00:00:00, 0.3
16.0, 6.6, 180.0, 97.0, 1995-10-02 00:00:00, 5.3
20.0, 5.0, 270.0, 77.0, 1995-10-03 00:00:00, 3.8
6.0, 7.1, 230.0, 74.0, 1995-10-04 00:00:00, 0.0
16.0, 0.8, 140.0, 99.0, 1995-10-05 00:00:00, 2.8
0.0, 5.1, 0.0, 92.0, 1995-10-06 00:00:00, 9.1
22.0, 3.2, 180.0, 97.0, 1995-10-07 00:00:00, 0.8
18.0, 5.3, 180.0, 77.0, 1995-10-08 00:00:00, 6.9
11.0, 7.2, 180.0, 69.0, 1995-10-09 00:00:00, 0.0
17.0, 4.9, 230.0, 71.0, 1995-10-10 00:00:00, 2.8
0.0, 0.0, 0.0, 0.0, 1996-05-23 00:00:00, 0.0
11.0, 13.9, 230.0, 50.0, 1996-05-24 00:00:00, 2.5
26.0, 9.4, 270.0, 67.0, 1996-05-25 00:00:00, 1.7
11.0, 5.6, 270.0, 57.0, 1996-05-26 00:00:00, 0.0
13.0, 7.5, 320.0, 51.0, 1996-05-27 00:00:00, 0.0
13.0, 10.7, 0.0, 42.0, 1996-05-28 00:00:00, 0.0
11.0, 10.1, 0.0, 55.0, 1996-05-29 00:00:00, 0.0
17.0, 6.4, 320.0, 98.0, 1996-05-30 00:00:00, 4.0
6.0, 10.2, 0.0, 81.0, 1996-05-31 00:00:00, 1.2
12.0, 14.2, 140.0, 60.0, 1996-06-01 00:00:00, 0.5
5.0, 14.3, 320.0, 69.0, 1996-06-02 00:00:00, 9.1
13.0, 17.2, 230.0, 50.0, 1996-06-03 00:00:00, 0.0
19.0, 9.6, 230.0, 76.0, 1996-06-04 00:00:00, 0.8
9.0, 12.0, 230.0, 54.0, 1996-06-05 00:00:00, 0.8
6.0, 14.7, 180.0, 57.0, 1996-06-06 00:00:00, 0.5
12.0, 10.1, 0.0, 68.0, 1996-06-07 00:00:00, 0.0
7.0, 8.9, 270.0, 64.0, 1996-06-08 00:00:00, 3.1
14.0, 10.6, 180.0, 52.0, 1996-06-09 00:00:00, 1.3
17.0, 6.5, 140.0, 77.0, 1996-06-10 00:00:00, 0.8
17.0, 8.5, 230.0, 55.0, 1996-06-11 00:00:00, 0.8
6.0, 9.9, 180.0, 56.0, 1996-06-12 00:00:00, 0.0
7.0, 11.1, 230.0, 55.0, 1996-06-13 00:00:00, 0.0
12.0, 10.1, 140.0, 52.0, 1996-06-14 00:00:00, 0.0
11.0, 10.9, 140.0, 61.0, 1996-06-15 00:00:00, 0.0
14.0, 8.5, 180.0, 53.0, 1996-06-16 00:00:00, 6.3
16.0, 3.9, 320.0, 87.0, 1996-06-17 00:00:00, 0.5
13.0, 5.8, 320.0, 97.0, 1996-06-18 00:00:00, 12.4
11.0, 12.5, 270.0, 68.0, 1996-06-19 00:00:00, 3.3
15.0, 13.6, 0.0, 51.0, 1996-06-20 00:00:00, 0.0
4.0, 9.8, 320.0, 84.0, 1996-06-21 00:00:00, 2.0
11.0, 11.8, 320.0, 76.0, 1996-06-22 00:00:00, 2.5
7.0, 10.3, 320.0, 95.0, 1996-06-23 00:00:00, 5.6
14.0, 13.9, 50.0, 58.0, 1996-06-24 00:00:00, 3.8
5.0, 14.1, 50.0, 55.0, 1996-06-25 00:00:00, 0.0
13.0, 14.1, 270.0, 58.0, 1996-06-26 00:00:00, 0.0
11.0, 13.3, 230.0, 72.0, 1996-06-27 00:00:00, 5.3
23.0, 9.2, 230.0, 54.0, 1996-06-28 00:00:00, 0.5
14.0, 11.2, 180.0, 53.0, 1996-06-29 00:00:00, 0.5
14.0, 14.7, 230.0, 66.0, 1996-06-30 00:00:00, 2.0
19.0, 12.3, 270.0, 46.0, 1996-07-01 00:00:00, 0.0
7.0, 11.7, 50.0, 44.0, 1996-07-02 00:00:00, 0.0
10.0, 11.4, 140.0, 88.0, 1996-07-03 00:00:00, 3.0
21.0, 10.9, 230.0, 60.0, 1996-07-04 00:00:00, 4.3
28.0, 9.2, 230.0, 72.0, 1996-07-05 00:00:00, 2.0
23.0, 13.9, 270.0, 46.0, 1996-07-06 00:00:00, 0.0
5.0, 20.2, 230.0, 45.0, 1996-07-07 00:00:00, 0.0
10.0, 22.4, 140.0, 42.0, 1996-07-08 00:00:00, 0.0
19.0, 10.9, 270.0, 65.0, 1996-07-09 00:00:00, 1.5
22.0, 12.6, 270.0, 54.0, 1996-07-10 00:00:00, 0.0
7.0, 17.3, 270.0, 53.0, 1996-07-11 00:00:00, 0.0
17.0, 18.8, 320.0, 36.0, 1996-07-12 00:00:00, 0.0
12.0, 20.7, 270.0, 44.0, 1996-07-13 00:00:00, 0.0
15.0, 20.1, 270.0, 31.0, 1996-07-14 00:00:00, 0.0
9.0, 17.2, 270.0, 31.0, 1996-07-15 00:00:00, 0.0
3.0, 12.5, 140.0, 47.0, 1996-07-16 00:00:00, 0.0
7.0, 8.0, 50.0, 98.0, 1996-07-17 00:00:00, 8.1
17.0, 10.1, 180.0, 68.0, 1996-07-18 00:00:00, 5.6
19.0, 10.7, 230.0, 67.0, 1996-07-19 00:00:00, 0.0
25.0, 9.3, 230.0, 90.0, 1996-07-20 00:00:00, 7.1
10.0, 14.3, 230.0, 60.0, 1996-07-21 00:00:00, 0.0
7.0, 16.1, 0.0, 59.0, 1996-07-22 00:00:00, 0.0
3.0, 20.1, 180.0, 47.0, 1996-07-23 00:00:00, 0.0
10.0, 21.7, 0.0, 43.0, 1996-07-24 00:00:00, 0.0
10.0, 18.5, 0.0, 55.0, 1996-07-25 00:00:00, 0.0
11.0, 22.7, 140.0, 30.0, 1996-07-26 00:00:00, 0.0
10.0, 24.1, 140.0, 36.0, 1996-07-27 00:00:00, 0.0
12.0, 27.2, 90.0, 26.0, 1996-07-28 00:00:00, 0.0
10.0, 23.6, 140.0, 45.0, 1996-07-29 00:00:00, 0.0
21.0, 13.0, 270.0, 52.0, 1996-07-30 00:00:00, 0.0
17.0, 12.9, 230.0, 57.0, 1996-07-31 00:00:00, 0.0
8.0, 11.9, 230.0, 75.0, 1996-08-01 00:00:00, 0.0
12.0, 13.1, 270.0, 63.0, 1996-08-02 00:00:00, 0.5
13.0, 11.6, 230.0, 75.0, 1996-08-03 00:00:00, 0.0
23.0, 9.7, 270.0, 88.0, 1996-08-04 00:00:00, 2.0
17.0, 13.2, 270.0, 73.0, 1996-08-05 00:00:00, 2.5
24.0, 15.3, 230.0, 40.0, 1996-08-06 00:00:00, 0.0
12.0, 15.6, 140.0, 49.0, 1996-08-07 00:00:00, 0.0
7.0, 19.2, 180.0, 45.0, 1996-08-08 00:00:00, 0.0
16.0, 18.2, 270.0, 50.0, 1996-08-09 00:00:00, 0.0
9.0, 19.7, 140.0, 51.0, 1996-08-10 00:00:00, 0.0
14.0, 22.9, 50.0, 40.0, 1996-08-11 00:00:00, 0.0
11.0, 14.6, 180.0, 68.0, 1996-08-12 00:00:00, 18.3
5.0, 17.7, 320.0, 51.0, 1996-08-13 00:00:00, 0.0
3.0, 18.2, 90.0, 56.0, 1996-08-14 00:00:00, 0.0
8.0, 14.0, 50.0, 68.0, 1996-08-15 00:00:00, 5.8
13.0, 11.0, 230.0, 65.0, 1996-08-16 00:00:00, 2.3
14.0, 7.9, 270.0, 91.0, 1996-08-17 00:00:00, 3.8
15.0, 11.6, 230.0, 71.0, 1996-08-18 00:00:00, 0.3
14.0, 8.6, 180.0, 88.0, 1996-08-19 00:00:00, 2.0
14.0, 9.7, 230.0, 71.0, 1996-08-20 00:00:00, 1.5
16.0, 8.1, 140.0, 87.0, 1996-08-21 00:00:00, 1.0
15.0, 11.9, 140.0, 94.0, 1996-08-22 00:00:00, 2.3
22.0, 16.6, 230.0, 65.0, 1996-08-23 00:00:00, 0.0
7.0, 18.9, 140.0, 52.0, 1996-08-24 00:00:00, 0.0
6.0, 21.8, 140.0, 42.0, 1996-08-25 00:00:00, 0.0
9.0, 22.9, 230.0, 31.0, 1996-08-26 00:00:00, 0.0
8.0, 25.4, 140.0, 35.0, 1996-08-27 00:00:00, 0.0
9.0, 19.2, 270.0, 63.0, 1996-08-28 00:00:00, 0.0
17.0, 21.6, 140.0, 50.0, 1996-08-29 00:00:00, 0.0
14.0, 11.6, 140.0, 97.0, 1996-08-30 00:00:00, 4.1
28.0, 10.6, 230.0, 75.0, 1996-08-31 00:00:00, 1.5
14.0, 9.7, 230.0, 67.0, 1996-09-01 00:00:00, 0.0
12.0, 13.0, 0.0, 60.0, 1996-09-02 00:00:00, 0.0
13.0, 7.7, 0.0, 89.0, 1996-09-03 00:00:00, 3.6
12.0, 5.7, 320.0, 81.0, 1996-09-04 00:00:00, 0.0
10.0, 7.6, 180.0, 85.0, 1996-09-05 00:00:00, 0.5
13.0, 8.7, 140.0, 73.0, 1996-09-06 00:00:00, 0.0
8.0, 6.3, 180.0, 94.0, 1996-09-07 00:00:00, 19.0
18.0, 11.0, 230.0, 78.0, 1996-09-08 00:00:00, 8.1
8.0, 11.6, 230.0, 60.0, 1996-09-09 00:00:00, 0.5
16.0, 15.1, 140.0, 64.0, 1996-09-10 00:00:00, 0.0
16.0, 18.5, 140.0, 58.0, 1996-09-11 00:00:00, 0.0
0.0, 14.6, 0.0, 54.0, 1996-09-12 00:00:00, 0.0
9.0, 14.6, 140.0, 76.0, 1996-09-13 00:00:00, 5.1
16.0, 10.5, 140.0, 81.0, 1996-09-14 00:00:00, 11.2
8.0, 7.0, 320.0, 95.0, 1996-09-15 00:00:00, 2.8
14.0, 9.3, 230.0, 65.0, 1996-09-16 00:00:00, 0.0
13.0, 10.5, 180.0, 62.0, 1996-09-17 00:00:00, 0.0
10.0, 9.7, 230.0, 94.0, 1996-09-18 00:00:00, 0.5
12.0, 6.5, 270.0, 68.0, 1996-09-19 00:00:00, 0.5
9.0, 1.3, 230.0, 98.0, 1996-09-20 00:00:00, 0.5
12.0, 4.6, 230.0, 74.0, 1996-09-21 00:00:00, 0.5
11.0, 4.5, 230.0, 66.0, 1996-09-22 00:00:00, 2.3
3.0, 8.0, 270.0, 43.0, 1996-09-23 00:00:00, 0.0
6.0, 9.6, 50.0, 42.0, 1996-09-24 00:00:00, 0.0
11.0, 6.9, 230.0, 63.0, 1996-09-25 00:00:00, 0.0
21.0, 14.4, 230.0, 73.0, 1996-09-26 00:00:00, 0.0
18.0, 12.8, 180.0, 72.0, 1996-09-27 00:00:00, 0.0
17.0, 11.8, 230.0, 64.0, 1996-09-28 00:00:00, 0.0
9.0, 6.9, 270.0, 37.0, 1996-09-29 00:00:00, 0.0
6.0, 0.5, 0.0, 95.0, 1996-09-30 00:00:00, 0.0
8.0, 2.5, 90.0, 63.0, 1996-10-01 00:00:00, 0.3
8.0, 5.2, 140.0, 66.0, 1996-10-02 00:00:00, 0.8
17.0, 8.8, 140.0, 89.0, 1996-10-03 00:00:00, 2.5
8.0, 9.6, 230.0, 69.0, 1996-10-04 00:00:00, 3.6
3.0, 8.7, 270.0, 55.0, 1996-10-05 00:00:00, 0.0
24.0, 5.9, 140.0, 91.0, 1996-10-06 00:00:00, 2.0
21.0, 10.5, 230.0, 72.0, 1996-10-07 00:00:00, 0.0
10.0, 11.3, 230.0, 52.0, 1996-10-08 00:00:00, 0.0
14.0, 11.6, 140.0, 89.0, 1996-10-09 00:00:00, 0.5
11.0, 11.7, 140.0, 72.0, 1996-10-10 00:00:00, 0.3
8.0, 6.4, 270.0, 59.0, 1996-10-11 00:00:00, 3.3
0.0, 0.0, 0.0, 0.0, 1997-07-28 00:00:00, 0.0
3.0, 22.0, 180.0, 75.0, 1997-07-29 00:00:00, 12.5
4.0, 19.0, 270.0, 68.0, 1997-07-30 00:00:00, 9.0
6.0, 18.0, 180.0, 64.0, 1997-07-31 00:00:00, 0.0
4.0, 19.0, 230.0, 66.0, 1997-08-01 00:00:00, 0.0
0.0, 19.0, 0.0, 66.0, 1997-08-02 00:00:00, 0.0
0.0, 21.0, 0.0, 55.0, 1997-08-03 00:00:00, 0.0
2.0, 22.0, 180.0, 53.0, 1997-08-04 00:00:00, 2.0
8.0, 24.0, 180.0, 58.0, 1997-08-05 00:00:00, 0.0
10.0, 12.0, 180.0, 84.0, 1997-08-06 00:00:00, 2.0
12.0, 12.0, 180.0, 86.0, 1997-08-07 00:00:00, 4.5
0.0, 19.0, 0.0, 65.0, 1997-08-08 00:00:00, 0.5
0.0, 20.0, 0.0, 60.0, 1997-08-09 00:00:00, 0.0
0.0, 27.0, 0.0, 58.0, 1997-08-10 00:00:00, 0.0
5.0, 25.0, 180.0, 57.0, 1997-08-11 00:00:00, 0.0
6.0, 22.0, 270.0, 55.0, 1997-08-12 00:00:00, 0.0
6.0, 21.0, 270.0, 68.0, 1997-08-13 00:00:00, 0.0
3.0, 20.5, 270.0, 50.0, 1997-08-14 00:00:00, 0.0
4.0, 18.0, 90.0, 65.0, 1997-08-15 00:00:00, 0.0
3.0, 20.0, 0.0, 50.0, 1997-08-16 00:00:00, 0.0
4.0, 24.0, 320.0, 40.0, 1997-08-17 00:00:00, 0.0
7.0, 22.0, 270.0, 55.0, 1997-08-18 00:00:00, 0.0
6.0, 21.0, 320.0, 50.0, 1997-08-19 00:00:00, 0.0
0.0, 26.0, 0.0, 50.0, 1997-08-20 00:00:00, 0.0
6.0, 21.0, 270.0, 55.0, 1997-08-21 00:00:00, 0.0
4.0, 17.0, 90.0, 72.0, 1997-08-22 00:00:00, 1.0
4.0, 17.0, 140.0, 77.0, 1997-08-23 00:00:00, 0.2
2.0, 18.0, 140.0, 65.0, 1997-08-24 00:00:00, 0.0
0.0, 21.0, 0.0, 60.0, 1997-08-25 00:00:00, 2.0
3.0, 22.0, 140.0, 80.0, 1997-08-26 00:00:00, 1.0
7.0, 18.0, 270.0, 99.0, 1997-08-27 00:00:00, 25.0
13.0, 12.0, 230.0, 99.0, 1997-08-28 00:00:00, 0.1
5.0, 15.0, 180.0, 75.0, 1997-08-29 00:00:00, 0.0
0.0, 16.0, 0.0, 70.0, 1997-08-30 00:00:00, 0.0
3.0, 18.0, 230.0, 80.0, 1997-08-31 00:00:00, 2.0
0.0, 16.0, 0.0, 65.0, 1997-09-01 00:00:00, 0.0
2.0, 18.0, 180.0, 75.0, 1997-09-02 00:00:00, 11.0
