station_observations
wind_speed, temperature, wind_direction, relative_humidity, time, precipitation
9.0, 22.3, 270.0, 40.0, 1990-06-22 00:00:00, 1.0
11.0, 12.9, 230.0, 48.0, 1990-06-23 00:00:00, 0.0
5.0, 16.3, 0.0, 52.0, 1990-06-24 00:00:00, 0.0
7.0, 16.7, 90.0, 56.0, 1990-06-25 00:00:00, 0.0
11.0, 12.3, 270.0, 64.0, 1990-06-26 00:00:00, 5.3
13.0, 16.5, 50.0, 55.0, 1990-06-27 00:00:00, 0.5
10.0, 15.1, 320.0, 68.0, 1990-06-28 00:00:00, 4.1
16.0, 17.6, 140.0, 64.0, 1990-06-29 00:00:00, 3.0
6.0, 13.4, 0.0, 87.0, 1990-06-30 00:00:00, 11.2
12.0, 11.2, 320.0, 67.0, 1990-07-01 00:00:00, 4.3
8.0, 13.9, 270.0, 60.0, 1990-07-02 00:00:00, 0.0
2.0, 10.6, 50.0, 60.0, 1990-07-03 00:00:00, 0.0
7.0, 16.9, 50.0, 69.0, 1990-07-04 00:00:00, 1.3
10.0, 18.7, 320.0, 74.0, 1990-07-05 00:00:00, 6.6
9.0, 15.2, 270.0, 91.0, 1990-07-06 00:00:00, 15.7
5.0, 18.6, 50.0, 68.0, 1990-07-07 00:00:00, 2.0
6.0, 16.2, 50.0, 67.0, 1990-07-08 00:00:00, 5.8
5.0, 17.3, 50.0, 46.0, 1990-07-09 00:00:00, 1.0
14.0, 23.2, 270.0, 44.0, 1990-07-10 00:00:00, 14.0
10.0, 25.1, 50.0, 48.0, 1990-07-11 00:00:00, 0.0
5.0, 14.0, 270.0, 88.0, 1990-07-12 00:00:00, 0.8
10.0, 16.9, 320.0, 50.0, 1990-07-13 00:00:00, 10.4
6.0, 19.2, 90.0, 38.0, 1990-07-14 00:00:00, 0.0
8.0, 15.7, 140.0, 80.0, 1990-07-15 00:00:00, 0.5
12.0, 12.5, 320.0, 54.0, 1990-07-16 00:00:00, 0.0
5.0, 15.3, 90.0, 45.0, 1990-07-17 00:00:00, 0.0
10.0, 13.3, 140.0, 84.0, 1990-07-18 00:00:00, 0.3
17.0, 18.5, 140.0, 44.0, 1990-07-19 00:00:00, 0.5
11.0, 21.5, 140.0, 30.0, 1990-07-20 00:00:00, 0.0
15.0, 24.3, 50.0, 28.0, 1990-07-21 00:00:00, 0.0
11.0, 26.1, 50.0, 33.0, 1990-07-22 00:00:00, 0.0
9.0, 23.0, 0.0, 49.0, 1990-07-23 00:00:00, 0.0
5.0, 21.9, 320.0, 63.0, 1990-07-24 00:00:00, 8.9
10.0, 23.9, 0.0, 52.0, 1990-07-25 00:00:00, 2.8
14.0, 20.0, 320.0, 41.0, 1990-07-26 00:00:00, 0.0
10.0, 18.8, 320.0, 39.0, 1990-07-27 00:00:00, 0.0
9.0, 21.8, 0.0, 38.0, 1990-07-28 00:00:00, 0.0
9.0, 26.2, 50.0, 34.0, 1990-07-29 00:00:00, 0.0
4.0, 26.2, 50.0, 37.0, 1990-07-30 00:00:00, 0.0
18.0, 21.7, 270.0, 35.0, 1990-07-31 00:00:00, 0.0
14.0, 16.4, 0.0, 48.0, 1990-08-01 00:00:00, 0.0
5.0, 15.2, 0.0, 62.0, 1990-08-02 00:00:00, 0.0
7.0, 14.1, 90.0, 93.0, 1990-08-03 00:00:00, 1.8
14.0, 22.7, 50.0, 58.0, 1990-08-04 00:00:00, 0.0
10.0, 25.9, 50.0, 31.0, 1990-08-05 00:00:00, 0.0
15.0, 16.2, 270.0, 50.0, 1990-08-06 00:00:00, 1.8
4.0, 14.7, 50.0, 69.0, 1990-08-07 00:00:00, 1.3
9.0, 19.3, 50.0, 57.0, 1990-08-08 00:00:00, 0.0
7.0, 22.8, 0.0, 51.0, 1990-08-09 00:00:00, 0.3
6.0, 26.6, 50.0, 43.0, 1990-08-10 00:00:00, 0.0
8.0, 28.1, 0.0, 39.0, 1990-08-11 00:00:00, 0.0
11.0, 28.3, 90.0, 38.0, 1990-08-12 00:00:00, 0.0
8.0, 26.1, 50.0, 42.0, 1990-08-13 00:00:00, 0.0
4.0, 19.4, 0.0, 53.0, 1990-08-14 00:00:00, 3.8
8.0, 16.1, 0.0, 86.0, 1990-08-15 00:00:00, 15.5
5.0, 18.3, 270.0, 60.0, 1990-08-16 00:00:00, 3.0
6.0, 17.4, 270.0, 72.0, 1990-08-17 00:00:00, 5.8
9.0, 21.0, 320.0, 52.0, 1990-08-18 00:00:00, 0.0
10.0, 22.4, 50.0, 49.0, 1990-08-19 00:00:00, 0.0
8.0, 23.3, 50.0, 38.0, 1990-08-20 00:00:00, 0.0
11.0, 22.0, 0.0, 55.0, 1990-08-21 00:00:00, 0.0
12.0, 11.0, 230.0, 71.0, 1990-08-22 00:00:00, 2.0
10.0, 8.0, 270.0, 97.0, 1990-08-23 00:00:00, 6.3
6.0, 12.8, 90.0, 54.0, 1990-08-24 00:00:00, 6.3
12.0, 13.7, 50.0, 43.0, 1990-08-25 00:00:00, 0.0
7.0, 16.0, 320.0, 44.0, 1990-08-26 00:00:00, 0.0
14.0, 17.5, 270.0, 40.0, 1990-08-27 00:00:00, 0.0
8.0, 17.8, 0.0, 46.0, 1990-08-28 00:00:00, 0.0
18.0, 18.4, 140.0, 41.0, 1990-08-29 00:00:00, 0.0
2.0, 13.7, 270.0, 71.0, 1990-08-30 00:00:00, 0.0
11.0, 13.7, 230.0, 63.0, 1990-08-31 00:00:00, 3.6
9.0, 13.6, 230.0, 47.0, 1990-09-01 00:00:00, 0.0
5.0, 12.2, 230.0, 52.0, 1990-09-02 00:00:00, 0.5
11.0, 14.2, 50.0, 50.0, 1990-09-03 00:00:00, 0.0
6.0, 19.8, 230.0, 38.0, 1990-09-04 00:00:00, 0.0
3.0, 17.5, 180.0, 50.0, 1990-09-05 00:00:00, 0.0
8.0, 21.2, 140.0, 36.0, 1990-09-06 00:00:00, 0.0
5.0, 19.1, 230.0, 38.0, 1990-09-07 00:00:00, 0.0
10.0, 20.0, 230.0, 35.0, 1990-09-08 00:00:00, 0.0
5.0, 18.0, 0.0, 40.0, 1990-09-09 00:00:00, 0.0
0.0, 0.0, 0.0, 0.0, 1991-06-21 00:00:00, 0.0
9.0, 16.2, 320.0, 64.0, 1991-06-22 00:00:00, 0.0
10.0, 19.0, 270.0, 64.0, 1991-06-23 00:00:00, 7.1
4.0, 17.9, 270.0, 76.0, 1991-06-24 00:00:00, 6.9
8.0, 20.0, 320.0, 69.0, 1991-06-25 00:00:00, 3.3
10.0, 18.9, 270.0, 81.0, 1991-06-26 00:00:00, 3.8
6.0, 15.3, 0.0, 82.0, 1991-06-27 00:00:00, 0.0
8.0, 17.9, 0.0, 74.0, 1991-06-28 00:00:00, 3.6
11.0, 14.8, 230.0, 70.0, 1991-06-29 00:00:00, 0.5
11.0, 16.7, 90.0, 58.0, 1991-06-30 00:00:00, 4.6
7.0, 14.3, 90.0, 72.0, 1991-07-01 00:00:00, 1.3
5.0, 18.1, 140.0, 79.0, 1991-07-02 00:00:00, 2.0
12.0, 16.6, 270.0, 62.0, 1991-07-03 00:00:00, 0.0
11.0, 13.1, 270.0, 57.0, 1991-07-04 00:00:00, 0.0
12.0, 6.1, 270.0, 94.0, 1991-07-05 00:00:00, 2.5
7.0, 12.3, 0.0, 84.0, 1991-07-06 00:00:00, 1.8
9.0, 18.5, 320.0, 58.0, 1991-07-07 00:00:00, 0.0
10.0, 19.1, 50.0, 52.0, 1991-07-08 00:00:00, 0.0
7.0, 18.8, 0.0, 46.0, 1991-07-09 00:00:00, 0.0
8.0, 19.1, 180.0, 41.0, 1991-07-10 00:00:00, 0.0
11.0, 17.4, 50.0, 59.0, 1991-07-11 00:00:00, 0.0
8.0, 17.0, 140.0, 65.0, 1991-07-12 00:00:00, 0.0
12.0, 11.1, 230.0, 91.0, 1991-07-13 00:00:00, 7.4
0.0, 12.8, 0.0, 64.0, 1991-07-14 00:00:00, 1.3
7.0, 12.5, 270.0, 87.0, 1991-07-15 00:00:00, 6.8
3.0, 13.5, 270.0, 72.0, 1991-07-16 00:00:00, 0.0
11.0, 15.2, 230.0, 59.0, 1991-07-17 00:00:00, 0.3
12.0, 13.4, 230.0, 62.0, 1991-07-18 00:00:00, 0.0
15.0, 12.0, 230.0, 54.0, 1991-07-19 00:00:00, 0.0
8.0, 12.7, 320.0, 57.0, 1991-07-20 00:00:00, 0.0
6.0, 13.5, 0.0, 72.0, 1991-07-21 00:00:00, 0.3
13.0, 20.1, 50.0, 48.0, 1991-07-22 00:00:00, 0.0
12.0, 25.4, 90.0, 36.0, 1991-07-23 00:00:00, 0.0
11.0, 24.9, 270.0, 40.0, 1991-07-24 00:00:00, 0.0
12.0, 14.4, 230.0, 78.0, 1991-07-25 00:00:00, 2.0
14.0, 15.6, 230.0, 63.0, 1991-07-26 00:00:00, 0.0
11.0, 16.2, 230.0, 52.0, 1991-07-27 00:00:00, 0.5
13.0, 13.5, 230.0, 58.0, 1991-07-28 00:00:00, 0.0
7.0, 10.6, 270.0, 80.0, 1991-07-29 00:00:00, 0.0
9.0, 14.2, 0.0, 58.0, 1991-07-30 00:00:00, 0.0
6.0, 17.1, 0.0, 53.0, 1991-07-31 00:00:00, 0.0
6.0, 19.8, 0.0, 42.0, 1991-08-01 00:00:00, 0.0
5.0, 18.3, 50.0, 41.0, 1991-08-02 00:00:00, 0.0
12.0, 19.0, 180.0, 50.0, 1991-08-03 00:00:00, 0.0
15.0, 18.5, 230.0, 66.0, 1991-08-04 00:00:00, 0.0
8.0, 13.4, 0.0, 55.0, 1991-08-05 00:00:00, 0.3
16.0, 18.9, 90.0, 34.0, 1991-08-06 00:00:00, 0.0
9.0, 21.3, 90.0, 54.0, 1991-08-07 00:00:00, 0.0
2.0, 23.9, 90.0, 43.0, 1991-08-08 00:00:00, 0.0
7.0, 15.7, 140.0, 56.0, 1991-08-09 00:00:00, 0.5
10.0, 15.7, 270.0, 53.0, 1991-08-10 00:00:00, 0.0
13.0, 19.6, 270.0, 44.0, 1991-08-11 00:00:00, 0.0
10.0, 20.8, 270.0, 51.0, 1991-08-12 00:00:00, 0.0
9.0, 23.5, 270.0, 48.0, 1991-08-13 00:00:00, 0.0
8.0, 25.9, 0.0, 45.0, 1991-08-14 00:00:00, 0.0
7.0, 26.6, 0.0, 43.0, 1991-08-15 00:00:00, 0.0
9.0, 24.8, 270.0, 38.0, 1991-08-16 00:00:00, 0.0
8.0, 24.9, 0.0, 34.0, 1991-08-17 00:00:00, 0.0
7.0, 24.7, 320.0, 42.0, 1991-08-18 00:00:00, 0.0
13.0, 18.3, 230.0, 53.0, 1991-08-19 00:00:00, 0.0
15.0, 17.0, 180.0, 56.0, 1991-08-20 00:00:00, 0.0
12.0, 16.8, 270.0, 53.0, 1991-08-21 00:00:00, 0.0
4.0, 14.2, 50.0, 51.0, 1991-08-22 00:00:00, 0.0
14.0, 14.1, 270.0, 51.0, 1991-08-23 00:00:00, 0.0
13.0, 12.4, 230.0, 60.0, 1991-08-24 00:00:00, 0.3
15.0, 13.9, 230.0, 50.0, 1991-08-25 00:00:00, 0.0
12.0, 15.7, 180.0, 59.0, 1991-08-26 00:00:00, 0.0
11.0, 11.6, 140.0, 81.0, 1991-08-27 00:00:00, 10.8
12.0, 9.7, 90.0, 87.0, 1991-08-28 00:00:00, 0.5
20.0, 9.1, 90.0, 93.0, 1991-08-29 00:00:00, 3.6
15.0, 14.5, 230.0, 53.0, 1991-08-30 00:00:00, 2.0
11.0, 13.4, 50.0, 66.0, 1991-08-31 00:00:00, 1.3
8.0, 10.8, 230.0, 58.0, 1991-09-01 00:00:00, 0.3
6.0, 13.1, 90.0, 56.0, 1991-09-02 00:00:00, 0.0
10.0, 17.9, 90.0, 58.0, 1991-09-03 00:00:00, 0.0
11.0, 17.9, 50.0, 57.0, 1991-09-04 00:00:00, 0.0
4.0, 18.4, 140.0, 50.0, 1991-09-05 00:00:00, 0.0
5.0, 15.1, 320.0, 63.0, 1991-09-06 00:00:00, 0.0
11.0, 10.3, 270.0, 59.0, 1991-09-07 00:00:00, 0.0
8.0, 12.6, 230.0, 58.0, 1991-09-08 00:00:00, 0.0
5.0, 14.5, 90.0, 52.0, 1991-09-09 00:00:00, 0.0
8.0, 14.1, 50.0, 64.0, 1991-09-10 00:00:00, 0.0
5.0, 17.0, 320.0, 55.0, 1991-09-11 00:00:00, 1.5
7.0, 13.4, 90.0, 78.0, 1991-09-12 00:00:00, 2.0
19.0, 11.9, 270.0, 58.0, 1991-09-13 00:00:00, 0.0
0.0, 17.0, 0.0, 55.0, 1991-09-14 00:00:00, 0.0
0.0, 17.0, 0.0, 55.0, 1991-09-15 00:00:00, 0.0
