station_observations
wind_speed, temperature, wind_direction, relative_humidity, time, precipitation
0.0, 0.0, 0.0, 0.0, 1991-05-01 00:00:00, 0.0
6.0, 14.6, 90.0, 21.0, 1991-05-02 00:00:00, 0.0
6.0, 10.5, 50.0, 42.0, 1991-05-03 00:00:00, 0.0
9.0, 11.9, 90.0, 31.0, 1991-05-04 00:00:00, 0.0
11.0, 4.6, 180.0, 87.0, 1991-05-05 00:00:00, 0.3
11.0, 8.3, 270.0, 61.0, 1991-05-06 00:00:00, 2.0
17.0, 7.8, 140.0, 66.0, 1991-05-07 00:00:00, 0.8
11.0, 5.2, 320.0, 89.0, 1991-05-08 00:00:00, 2.8
25.0, 8.0, 320.0, 84.0, 1991-05-09 00:00:00, 10.0
14.0, 9.6, 270.0, 59.0, 1991-05-10 00:00:00, 0.0
7.0, 15.6, 180.0, 32.0, 1991-05-11 00:00:00, 0.0
9.0, 9.6, 320.0, 60.0, 1991-05-12 00:00:00, 0.0
21.0, 9.2, 320.0, 44.0, 1991-05-13 00:00:00, 0.0
11.0, 9.2, 320.0, 44.0, 1991-05-14 00:00:00, 0.0
9.0, 9.3, 230.0, 57.0, 1991-05-15 00:00:00, 0.0
13.0, 10.1, 320.0, 52.0, 1991-05-16 00:00:00, 0.0
6.0, 13.0, 140.0, 61.0, 1991-05-17 00:00:00, 3.0
8.0, 17.2, 0.0, 41.0, 1991-05-18 00:00:00, 0.0
13.0, 17.8, 270.0, 34.0, 1991-05-19 00:00:00, 0.0
24.0, 11.2, 320.0, 50.0, 1991-05-20 00:00:00, 0.0
17.0, 3.9, 270.0, 59.0, 1991-05-21 00:00:00, 0.0
9.0, 4.4, 50.0, 64.0, 1991-05-22 00:00:00, 0.0
7.0, 5.5, 320.0, 79.0, 1991-05-23 00:00:00, 1.8
14.0, 9.1, 50.0, 53.0, 1991-05-24 00:00:00, 1.3
12.0, 11.4, 0.0, 49.0, 1991-05-25 00:00:00, 0.0
14.0, 13.0, 320.0, 42.0, 1991-05-26 00:00:00, 0.3
13.0, 13.8, 230.0, 40.0, 1991-05-27 00:00:00, 0.0
8.0, 15.3, 0.0, 33.0, 1991-05-28 00:00:00, 0.0
9.0, 11.5, 270.0, 47.0, 1991-05-29 00:00:00, 0.0
9.0, 11.4, 320.0, 55.0, 1991-05-30 00:00:00, 0.3
22.0, 11.8, 270.0, 41.0, 1991-05-31 00:00:00, 0.0
12.0, 7.4, 320.0, 42.0, 1991-06-01 00:00:00, 0.0
10.0, 8.5, 50.0, 43.0, 1991-06-02 00:00:00, 0.0
4.0, 1.9, 320.0, 99.0, 1991-06-03 00:00:00, 10.9
10.0, 5.7, 320.0, 95.0, 1991-06-04 00:00:00, 24.6
10.0, 13.3, 230.0, 50.0, 1991-06-05 00:00:00, 1.3
10.0, 19.2, 140.0, 39.0, 1991-06-06 00:00:00, 0.0
11.0, 11.3, 320.0, 64.0, 1991-06-07 00:00:00, 1.5
20.0, 8.8, 270.0, 62.0, 1991-06-08 00:00:00, 0.0
11.0, 11.6, 230.0, 87.0, 1991-06-09 00:00:00, 5.3
17.0, 15.9, 270.0, 58.0, 1991-06-10 00:00:00, 0.8
15.0, 10.2, 320.0, 53.0, 1991-06-11 00:00:00, 0.0
16.0, 10.7, 320.0, 46.0, 1991-06-12 00:00:00, 2.3
20.0, 5.4, 320.0, 94.0, 1991-06-13 00:00:00, 1.0
5.0, 6.0, 270.0, 98.0, 1991-06-14 00:00:00, 9.9
12.0, 7.8, 270.0, 88.0, 1991-06-15 00:00:00, 2.8
9.0, 9.1, 0.0, 87.0, 1991-06-16 00:00:00, 3.8
21.0, 10.1, 320.0, 87.0, 1991-06-17 00:00:00, 2.8
11.0, 14.5, 50.0, 62.0, 1991-06-18 00:00:00, 5.3
16.0, 15.3, 90.0, 52.0, 1991-06-19 00:00:00, 0.3
13.0, 18.1, 140.0, 44.0, 1991-06-20 00:00:00, 0.0
10.0, 15.8, 50.0, 58.0, 1991-06-21 00:00:00, 0.0
1.0, 12.0, 0.0, 90.0, 1991-06-22 00:00:00, 4.3
5.0, 13.3, 180.0, 89.0, 1991-06-23 00:00:00, 7.6
8.0, 18.0, 90.0, 57.0, 1991-06-24 00:00:00, 15.8
0.0, 16.4, 0.0, 59.0, 1991-06-25 00:00:00, 0.5
2.0, 13.6, 0.0, 90.0, 1991-06-26 00:00:00, 2.5
0.0, 13.4, 0.0, 87.0, 1991-06-27 00:00:00, 1.5
0.0, 15.0, 0.0, 75.0, 1991-06-28 00:00:00, 23.0
0.0, 15.6, 0.0, 65.0, 1991-06-29 00:00:00, 0.8
5.0, 16.0, 270.0, 48.0, 1991-06-30 00:00:00, 8.6
5.0, 14.8, 230.0, 61.0, 1991-07-01 00:00:00, 0.3
9.0, 19.0, 270.0, 56.0, 1991-07-02 00:00:00, 0.5
18.0, 16.8, 270.0, 49.0, 1991-07-03 00:00:00, 0.0
15.0, 13.4, 270.0, 52.0, 1991-07-04 00:00:00, 0.0
14.0, 3.1, 320.0, 98.0, 1991-07-05 00:00:00, 9.1
0.0, 10.7, 0.0, 83.0, 1991-07-06 00:00:00, 2.0
7.0, 18.7, 50.0, 50.0, 1991-07-07 00:00:00, 0.0
13.0, 18.9, 270.0, 44.0, 1991-07-08 00:00:00, 0.0
12.0, 18.9, 230.0, 37.0, 1991-07-09 00:00:00, 0.0
7.0, 20.5, 270.0, 36.0, 1991-07-10 00:00:00, 0.0
10.0, 17.6, 230.0, 52.0, 1991-07-11 00:00:00, 0.3
8.0, 16.3, 270.0, 67.0, 1991-07-12 00:00:00, 4.8
19.0, 9.5, 270.0, 93.0, 1991-07-13 00:00:00, 13.5
1.0, 12.7, 90.0, 60.0, 1991-07-14 00:00:00, 2.8
4.0, 11.8, 230.0, 78.0, 1991-07-15 00:00:00, 1.8
12.0, 14.1, 270.0, 62.0, 1991-07-16 00:00:00, 1.8
18.0, 13.9, 270.0, 59.0, 1991-07-17 00:00:00, 0.0
20.0, 14.3, 270.0, 50.0, 1991-07-18 00:00:00, 0.0
15.0, 9.5, 270.0, 60.0, 1991-07-19 00:00:00, 0.0
11.0, 12.9, 320.0, 53.0, 1991-07-20 00:00:00, 0.0
8.0, 12.3, 270.0, 66.0, 1991-07-21 00:00:00, 0.0
9.0, 20.5, 90.0, 44.0, 1991-07-22 00:00:00, 0.0
15.0, 24.5, 140.0, 18.0, 1991-07-23 00:00:00, 0.0
0.0, 0.0, 0.0, 0.0, 1991-07-31 00:00:00, 0.0
11.0, 20.8, 270.0, 33.0, 1991-08-01 00:00:00, 0.0
2.0, 17.7, 320.0, 42.0, 1991-08-02 00:00:00, 0.0
10.0, 20.3, 320.0, 46.0, 1991-08-03 00:00:00, 0.0
8.0, 19.0, 320.0, 59.0, 1991-08-04 00:00:00, 0.0
2.0, 14.1, 320.0, 49.0, 1991-08-05 00:00:00, 8.9
16.0, 16.5, 90.0, 41.0, 1991-08-06 00:00:00, 0.0
22.0, 19.3, 140.0, 45.0, 1991-08-07 00:00:00, 0.0
21.0, 20.1, 180.0, 51.0, 1991-08-08 00:00:00, 0.0
3.0, 15.0, 270.0, 62.0, 1991-08-09 00:00:00, 0.0
9.0, 15.2, 270.0, 55.0, 1991-08-10 00:00:00, 0.0
5.0, 18.6, 320.0, 47.0, 1991-08-11 00:00:00, 0.0
8.0, 18.6, 50.0, 58.0, 1991-08-12 00:00:00, 0.0
8.0, 21.9, 50.0, 54.0, 1991-08-13 00:00:00, 0.0
7.0, 24.6, 50.0, 44.0, 1991-08-14 00:00:00, 0.0
4.0, 27.0, 270.0, 38.0, 1991-08-15 00:00:00, 0.0
10.0, 25.8, 320.0, 33.0, 1991-08-16 00:00:00, 0.0
7.0, 26.1, 270.0, 34.0, 1991-08-17 00:00:00, 0.0
17.0, 23.3, 270.0, 36.0, 1991-08-18 00:00:00, 0.0
16.0, 16.3, 270.0, 50.0, 1991-08-19 00:00:00, 0.0
24.0, 14.2, 270.0, 56.0, 1991-08-20 00:00:00, 0.0
17.0, 15.4, 270.0, 59.0, 1991-08-21 00:00:00, 0.0
4.0, 17.1, 180.0, 42.0, 1991-08-22 00:00:00, 0.0
11.0, 10.4, 270.0, 60.0, 1991-08-23 00:00:00, 0.0
10.0, 10.4, 270.0, 68.0, 1991-08-24 00:00:00, 0.0
18.0, 13.3, 270.0, 50.0, 1991-08-25 00:00:00, 0.0
7.0, 13.1, 230.0, 66.0, 1991-08-26 00:00:00, 0.5
0.0, 7.0, 0.0, 95.0, 1991-08-27 00:00:00, 1.3
7.0, 10.0, 180.0, 72.0, 1991-08-28 00:00:00, 4.3
26.0, 8.9, 140.0, 80.0, 1991-08-29 00:00:00, 0.3
5.0, 12.8, 270.0, 49.0, 1991-08-30 00:00:00, 0.3
10.0, 11.0, 270.0, 63.0, 1991-08-31 00:00:00, 0.3
15.0, 9.7, 270.0, 64.0, 1991-09-01 00:00:00, 2.5
8.0, 11.0, 320.0, 62.0, 1991-09-02 00:00:00, 0.0
14.0, 17.1, 270.0, 50.0, 1991-09-03 00:00:00, 0.0
14.0, 20.2, 270.0, 44.0, 1991-09-04 00:00:00, 0.0
6.0, 18.1, 320.0, 48.0, 1991-09-05 00:00:00, 0.0
6.0, 14.0, 320.0, 87.0, 1991-09-06 00:00:00, 9.8
7.0, 8.9, 320.0, 60.0, 1991-09-07 00:00:00, 0.2
4.0, 12.3, 90.0, 53.0, 1991-09-08 00:00:00, 0.8
6.0, 13.4, 270.0, 42.0, 1991-09-09 00:00:00, 0.0
3.0, 16.0, 320.0, 51.0, 1991-09-10 00:00:00, 0.0
9.0, 16.5, 320.0, 38.0, 1991-09-11 00:00:00, 0.0
9.0, 12.5, 230.0, 77.0, 1991-09-12 00:00:00, 2.3
15.0, 7.0, 270.0, 81.0, 1991-09-13 00:00:00, 5.3
14.0, 11.7, 270.0, 48.0, 1991-09-14 00:00:00, 0.3
10.0, 11.3, 270.0, 88.0, 1991-09-15 00:00:00, 1.8
2.0, 12.7, 230.0, 82.0, 1991-09-16 00:00:00, 11.2
4.0, 16.8, 90.0, 60.0, 1991-09-17 00:00:00, 0.0
14.0, 19.7, 270.0, 52.0, 1991-09-18 00:00:00, 0.0
14.0, 11.5, 270.0, 47.0, 1991-09-19 00:00:00, 0.0
10.0, 5.4, 320.0, 68.0, 1991-09-20 00:00:00, 0.0
5.0, 8.6, 270.0, 59.0, 1991-09-21 00:00:00, 0.0
0.0, 5.2, 50.0, 93.0, 1991-09-22 00:00:00, 2.8
18.0, 15.7, 270.0, 79.0, 1991-09-23 00:00:00, 5.3
1.0, 17.7, 320.0, 66.0, 1991-09-24 00:00:00, 0.0
2.0, 22.7, 140.0, 27.0, 1991-09-25 00:00:00, 0.0
6.0, 23.0, 270.0, 21.0, 1991-09-26 00:00:00, 0.0
9.0, 12.9, 320.0, 65.0, 1991-09-27 00:00:00, 0.0
10.0, 11.6, 270.0, 45.0, 1991-09-28 00:00:00, 0.0
5.0, 8.7, 230.0, 48.0, 1991-09-29 00:00:00, 0.0
22.0, 11.3, 270.0, 57.0, 1991-09-30 00:00:00, 0.0
13.0, 9.5, 270.0, 45.0, 1991-10-01 00:00:00, 0.0
6.0, 8.5, 320.0, 35.0, 1991-10-02 00:00:00, 0.0
3.0, 7.7, 320.0, 49.0, 1991-10-03 00:00:00, 0.0
5.0, 12.7, 270.0, 40.0, 1991-10-04 00:00:00, 0.0
0.0, 16.5, 0.0, 43.0, 1991-10-05 00:00:00, 0.0
9.0, 14.8, 270.0, 41.0, 1991-10-06 00:00:00, 0.0
8.0, 2.8, 320.0, 62.0, 1991-10-07 00:00:00, 0.0
10.0, 6.8, 230.0, 43.0, 1991-10-08 00:00:00, 0.0
21.0, 15.2, 270.0, 81.0, 1991-10-09 00:00:00, 1.8
24.0, 18.5, 270.0, 52.0, 1991-10-10 00:00:00, 0.3
6.0, 17.7, 230.0, 42.0, 1991-10-11 00:00:00, 0.0
12.0, 5.8, 320.0, 57.0, 1991-10-12 00:00:00, 0.5
5.0, 4.7, 270.0, 96.0, 1991-10-13 00:00:00, 3.3
13.0, 15.8, 270.0, 63.0, 1991-10-14 00:00:00, 1.0
1.0, 2.6, 320.0, 96.0, 1991-10-15 00:00:00, 5.8
9.0, -2.0, 320.0, 95.0, 1991-10-16 00:00:00, 2.0
8.0, 0.6, 270.0, 70.0, 1991-10-17 00:00:00, 1.5
