station_observations
wind_speed, temperature, wind_direction, relative_humidity, time, precipitation
0.0, 0.0, 0.0, 0.0, 1992-05-25 00:00:00, 0.0
6.0, 10.0, 320.0, 60.0, 1992-05-26 00:00:00, 0.0
0.0, 11.2, 0.0, 60.0, 1992-05-27 00:00:00, 0.0
2.0, 14.2, 90.0, 60.0, 1992-05-28 00:00:00, 1.5
12.0, 12.8, 270.0, 52.0, 1992-05-29 00:00:00, 3.8
4.0, 17.4, 180.0, 40.0, 1992-05-30 00:00:00, 0.0
0.0, 13.8, 0.0, 79.0, 1992-05-31 00:00:00, 0.7
11.0, 14.7, 270.0, 44.0, 1992-06-01 00:00:00, 1.7
20.0, 10.8, 230.0, 45.0, 1992-06-02 00:00:00, 0.0
9.0, 14.4, 180.0, 43.0, 1992-06-03 00:00:00, 0.0
7.0, 15.3, 270.0, 40.0, 1992-06-04 00:00:00, 0.0
11.0, 17.7, 230.0, 37.0, 1992-06-05 00:00:00, 0.0
14.0, 17.0, 230.0, 27.0, 1992-06-06 00:00:00, 0.0
23.0, 14.2, 180.0, 59.0, 1992-06-07 00:00:00, 0.7
10.0, 16.0, 180.0, 41.0, 1992-06-08 00:00:00, 0.0
0.0, 8.7, 0.0, 94.0, 1992-06-09 00:00:00, 3.5
6.0, 8.6, 180.0, 84.0, 1992-06-10 00:00:00, 5.3
13.0, 14.0, 50.0, 71.0, 1992-06-11 00:00:00, 3.8
10.0, 18.7, 0.0, 64.0, 1992-06-12 00:00:00, 1.0
8.0, 12.0, 180.0, 96.0, 1992-06-13 00:00:00, 14.2
9.0, 15.7, 230.0, 86.0, 1992-06-14 00:00:00, 0.0
12.0, 18.0, 180.0, 64.0, 1992-06-15 00:00:00, 0.0
11.0, 15.5, 230.0, 49.0, 1992-06-16 00:00:00, 0.0
11.0, 15.3, 180.0, 37.0, 1992-06-17 00:00:00, 0.0
8.0, 19.9, 90.0, 40.0, 1992-06-18 00:00:00, 0.0
3.0, 15.1, 230.0, 81.0, 1992-06-19 00:00:00, 0.5
18.0, 17.9, 180.0, 59.0, 1992-06-20 00:00:00, 0.0
10.0, 19.9, 180.0, 36.0, 1992-06-21 00:00:00, 0.0
14.0, 21.8, 180.0, 39.0, 1992-06-22 00:00:00, 0.0
7.0, 20.4, 230.0, 25.0, 1992-06-23 00:00:00, 0.0
8.0, 24.0, 90.0, 24.0, 1992-06-24 00:00:00, 0.0
5.0, 27.0, 140.0, 24.0, 1992-06-25 00:00:00, 0.0
7.0, 27.9, 180.0, 17.0, 1992-06-26 00:00:00, 0.0
8.0, 24.8, 90.0, 27.0, 1992-06-27 00:00:00, 0.0
21.0, 25.5, 50.0, 33.0, 1992-06-28 00:00:00, 0.0
28.0, 21.4, 0.0, 40.0, 1992-06-29 00:00:00, 1.0
16.0, 21.1, 50.0, 39.0, 1992-06-30 00:00:00, 0.2
12.0, 18.1, 50.0, 41.0, 1992-07-01 00:00:00, 0.0
16.0, 19.5, 0.0, 36.0, 1992-07-02 00:00:00, 0.0
1.0, 11.0, 230.0, 63.0, 1992-07-03 00:00:00, 32.2
2.0, 15.8, 50.0, 75.0, 1992-07-04 00:00:00, 1.0
12.0, 22.9, 230.0, 31.0, 1992-07-05 00:00:00, 0.0
19.0, 14.2, 270.0, 71.0, 1992-07-06 00:00:00, 0.3
11.0, 14.0, 230.0, 62.0, 1992-07-07 00:00:00, 1.5
15.0, 14.5, 270.0, 54.0, 1992-07-08 00:00:00, 0.0
9.0, 17.3, 90.0, 64.0, 1992-07-09 00:00:00, 0.0
6.0, 14.9, 90.0, 87.0, 1992-07-10 00:00:00, 1.8
10.0, 20.4, 230.0, 48.0, 1992-07-11 00:00:00, 3.6
23.0, 17.7, 230.0, 59.0, 1992-07-12 00:00:00, 0.0
18.0, 11.1, 230.0, 82.0, 1992-07-13 00:00:00, 2.0
10.0, 12.7, 270.0, 59.0, 1992-07-14 00:00:00, 0.5
9.0, 16.5, 230.0, 47.0, 1992-07-15 00:00:00, 0.0
12.0, 20.7, 230.0, 39.0, 1992-07-16 00:00:00, 0.0
7.0, 21.0, 180.0, 35.0, 1992-07-17 00:00:00, 0.0
9.0, 19.0, 0.0, 41.0, 1992-07-18 00:00:00, 0.0
11.0, 20.2, 50.0, 34.0, 1992-07-19 00:00:00, 0.0
4.0, 24.8, 50.0, 29.0, 1992-07-20 00:00:00, 0.0
11.0, 21.0, 230.0, 32.0, 1992-07-21 00:00:00, 0.0
7.0, 20.9, 230.0, 34.0, 1992-07-22 00:00:00, 0.0
15.0, 22.1, 180.0, 34.0, 1992-07-23 00:00:00, 0.0
13.0, 19.4, 180.0, 43.0, 1992-07-24 00:00:00, 0.0
13.0, 15.7, 230.0, 73.0, 1992-07-25 00:00:00, 0.8
12.0, 15.0, 230.0, 45.0, 1992-07-26 00:00:00, 0.5
14.0, 17.8, 230.0, 51.0, 1992-07-27 00:00:00, 0.0
14.0, 19.5, 230.0, 46.0, 1992-07-28 00:00:00, 1.3
11.0, 21.4, 230.0, 42.0, 1992-07-29 00:00:00, 0.0
8.0, 22.3, 180.0, 29.0, 1992-07-30 00:00:00, 0.0
1.0, 25.2, 90.0, 26.0, 1992-07-31 00:00:00, 0.0
0.0, 26.6, 0.0, 21.0, 1992-08-01 00:00:00, 0.0
8.0, 25.0, 270.0, 32.0, 1992-08-02 00:00:00, 0.3
10.0, 23.3, 270.0, 32.0, 1992-08-03 00:00:00, 0.0
7.0, 25.3, 230.0, 31.0, 1992-08-04 00:00:00, 0.0
12.0, 22.9, 230.0, 31.0, 1992-08-05 00:00:00, 0.0
10.0, 13.3, 230.0, 91.0, 1992-08-06 00:00:00, 6.3
17.0, 11.7, 230.0, 66.0, 1992-08-07 00:00:00, 0.3
2.0, 13.7, 0.0, 50.0, 1992-08-08 00:00:00, 0.3
7.0, 15.1, 230.0, 46.0, 1992-08-09 00:00:00, 0.0
4.0, 19.6, 140.0, 36.0, 1992-08-10 00:00:00, 0.0
10.0, 25.6, 140.0, 37.0, 1992-08-11 00:00:00, 0.0
9.0, 25.8, 180.0, 29.0, 1992-08-12 00:00:00, 0.0
9.0, 24.4, 230.0, 32.0, 1992-08-13 00:00:00, 0.0
15.0, 20.8, 230.0, 39.0, 1992-08-14 00:00:00, 3.8
13.0, 19.2, 230.0, 35.0, 1992-08-15 00:00:00, 0.0
5.0, 21.0, 270.0, 38.0, 1992-08-16 00:00:00, 0.0
9.0, 24.7, 180.0, 32.0, 1992-08-17 00:00:00, 0.0
7.0, 17.1, 270.0, 55.0, 1992-08-18 00:00:00, 0.0
8.0, 16.6, 270.0, 30.0, 1992-08-19 00:00:00, 0.0
8.0, 18.9, 90.0, 26.0, 1992-08-20 00:00:00, 0.0
19.0, 13.0, 50.0, 40.0, 1992-08-21 00:00:00, 0.0
6.0, 10.9, 320.0, 32.0, 1992-08-22 00:00:00, 0.0
11.0, 17.4, 230.0, 18.0, 1992-08-23 00:00:00, 0.0
16.0, 19.8, 270.0, 41.0, 1992-08-24 00:00:00, 0.0
20.0, 18.8, 230.0, 53.0, 1992-08-25 00:00:00, 0.0
26.0, 18.8, 230.0, 49.0, 1992-08-26 00:00:00, 0.0
15.0, 14.0, 180.0, 42.0, 1992-08-27 00:00:00, 0.0
3.0, 14.4, 90.0, 37.0, 1992-08-28 00:00:00, 0.0
12.0, 12.2, 230.0, 42.0, 1992-08-29 00:00:00, 0.0
6.0, 12.9, 0.0, 90.0, 1992-08-30 00:00:00, 4.6
16.0, 14.0, 230.0, 95.0, 1992-08-31 00:00:00, 8.6
30.0, 15.4, 270.0, 40.0, 1992-09-01 00:00:00, 0.0
8.0, 11.0, 270.0, 53.0, 1992-09-02 00:00:00, 0.0
0.0, 8.1, 270.0, 92.0, 1992-09-03 00:00:00, 1.5
8.0, 6.1, 270.0, 75.0, 1992-09-04 00:00:00, 5.1
8.0, 4.7, 0.0, 85.0, 1992-09-05 00:00:00, 3.6
12.0, 9.4, 180.0, 64.0, 1992-09-06 00:00:00, 0.3
27.0, 13.3, 180.0, 55.0, 1992-09-07 00:00:00, 0.0
23.0, 10.1, 270.0, 53.0, 1992-09-08 00:00:00, 1.0
10.0, 12.7, 230.0, 88.0, 1992-09-09 00:00:00, 3.6
28.0, 11.6, 270.0, 47.0, 1992-09-10 00:00:00, 0.3
10.0, 9.1, 230.0, 54.0, 1992-09-11 00:00:00, 0.0
21.0, 5.0, 270.0, 52.0, 1992-09-12 00:00:00, 0.0
4.0, 3.8, 270.0, 79.0, 1992-09-13 00:00:00, 1.5
6.0, 3.7, 270.0, 58.0, 1992-09-14 00:00:00, 1.5
11.0, 8.3, 230.0, 36.0, 1992-09-15 00:00:00, 0.0
27.0, 4.1, 270.0, 94.0, 1992-09-16 00:00:00, 7.6
9.0, 9.4, 230.0, 55.0, 1992-09-17 00:00:00, 0.8
13.0, 9.5, 230.0, 92.0, 1992-09-18 00:00:00, 7.1
15.0, 12.6, 230.0, 86.0, 1992-09-19 00:00:00, 3.3
25.0, 13.7, 230.0, 35.0, 1992-09-20 00:00:00, 2.5
15.0, 14.4, 230.0, 72.0, 1992-09-21 00:00:00, 0.5
9.0, 15.3, 180.0, 62.0, 1992-09-22 00:00:00, 0.0
11.0, 12.1, 230.0, 92.0, 1992-09-23 00:00:00, 2.5
17.0, 9.2, 230.0, 92.0, 1992-09-24 00:00:00, 5.1
12.0, 7.7, 270.0, 54.0, 1992-09-25 00:00:00, 0.5
28.0, 5.8, 270.0, 78.0, 1992-09-26 00:00:00, 4.6
10.0, 4.7, 90.0, 84.0, 1992-09-27 00:00:00, 1.5
11.0, 14.4, 140.0, 59.0, 1992-09-28 00:00:00, 0.0
29.0, 21.8, 90.0, 21.0, 1992-09-29 00:00:00, 0.0
3.0, 14.0, 320.0, 62.0, 1992-09-30 00:00:00, 0.0
2.0, 16.8, 270.0, 76.0, 1992-10-01 00:00:00, 2.5
3.0, 14.4, 90.0, 85.0, 1992-10-02 00:00:00, 0.0
17.0, 7.2, 140.0, 91.0, 1992-10-03 00:00:00, 5.1
11.0, 7.5, 90.0, 68.0, 1992-10-04 00:00:00, 0.0
3.0, 6.7, 0.0, 59.0, 1992-10-05 00:00:00, 0.0
8.0, 7.3, 180.0, 56.0, 1992-10-06 00:00:00, 0.0
9.0, 6.1, 90.0, 55.0, 1992-10-07 00:00:00, 0.0
28.0, 5.4, 230.0, 62.0, 1992-10-08 00:00:00, 0.3
26.0, 10.6, 230.0, 61.0, 1992-10-09 00:00:00, 0.0
27.0, 8.1, 230.0, 88.0, 1992-10-10 00:00:00, 0.5
2.0, 5.4, 320.0, 44.0, 1992-10-11 00:00:00, 0.0
10.0, 4.5, 320.0, 48.0, 1992-10-12 00:00:00, 0.0
16.0, 2.9, 230.0, 50.0, 1992-10-13 00:00:00, 0.0
13.0, -3.2, 50.0, 74.0, 1992-10-14 00:00:00, 0.0
1.0, -0.8, 140.0, 62.0, 1992-10-15 00:00:00, 0.5
10.0, -4.1, 50.0, 79.0, 1992-10-16 00:00:00, 0.0
4.0, -2.2, 90.0, 95.0, 1992-10-17 00:00:00, 0.0
18.0, 4.1, 230.0, 94.0, 1992-10-18 00:00:00, 13.2
17.0, 9.8, 90.0, 63.0, 1992-10-19 00:00:00, 0.8
13.0, 6.8, 230.0, 94.0, 1992-10-20 00:00:00, 4.3
