station_observations
wind_speed, temperature, wind_direction, relative_humidity, time, precipitation
0.0, 0.0, 0.0, 0.0, 1992-05-11 00:00:00, 0.0
2.0, 2.9, 50.0, 55.0, 1992-05-12 00:00:00, 0.0
6.0, 4.6, 90.0, 50.0, 1992-05-13 00:00:00, 0.0
10.0, 2.1, 140.0, 99.0, 1992-05-14 00:00:00, 0.0
14.0, 7.2, 90.0, 32.0, 1992-05-15 00:00:00, 0.3
11.0, 6.4, 50.0, 41.0, 1992-05-16 00:00:00, 0.0
6.0, 5.2, 140.0, 35.0, 1992-05-17 00:00:00, 0.0
4.0, -1.1, 230.0, 51.0, 1992-05-18 00:00:00, 0.0
6.0, -1.3, 180.0, 78.0, 1992-05-19 00:00:00, 2.5
5.0, -1.4, 180.0, 62.0, 1992-05-20 00:00:00, 0.0
5.0, 1.7, 230.0, 51.0, 1992-05-21 00:00:00, 0.0
5.0, 0.5, 140.0, 55.0, 1992-05-22 00:00:00, 0.0
4.0, 16.8, 270.0, 46.0, 1992-05-23 00:00:00, 0.0
9.0, 23.4, 0.0, 29.0, 1992-05-24 00:00:00, 0.0
12.0, 13.4, 50.0, 45.0, 1992-05-25 00:00:00, 1.0
11.0, 11.4, 50.0, 51.0, 1992-05-26 00:00:00, 0.0
7.0, 12.3, 320.0, 73.0, 1992-05-27 00:00:00, 0.8
15.0, 10.8, 90.0, 63.0, 1992-05-28 00:00:00, 0.8
10.0, 16.3, 50.0, 37.0, 1992-05-29 00:00:00, 0.0
10.0, 13.4, 270.0, 78.0, 1992-05-30 00:00:00, 0.3
7.0, 13.6, 50.0, 42.0, 1992-05-31 00:00:00, 0.3
16.0, 8.7, 90.0, 53.0, 1992-06-01 00:00:00, 0.3
5.0, 13.7, 0.0, 40.0, 1992-06-02 00:00:00, 0.0
3.0, 1.3, 50.0, 99.0, 1992-06-03 00:00:00, 4.6
4.0, 14.6, 90.0, 38.0, 1992-06-04 00:00:00, 0.0
5.0, 17.3, 50.0, 31.0, 1992-06-05 00:00:00, 0.0
13.0, 18.4, 320.0, 19.0, 1992-06-06 00:00:00, 0.0
12.0, 13.2, 90.0, 58.0, 1992-06-07 00:00:00, 0.0
3.0, 15.4, 90.0, 43.0, 1992-06-08 00:00:00, 0.0
1.0, 8.4, 0.0, 99.0, 1992-06-09 00:00:00, 16.8
11.0, 12.8, 270.0, 64.0, 1992-06-10 00:00:00, 2.8
13.0, 15.3, 270.0, 52.0, 1992-06-11 00:00:00, 8.1
16.0, 18.4, 230.0, 66.0, 1992-06-12 00:00:00, 0.0
15.0, 16.5, 140.0, 68.0, 1992-06-13 00:00:00, 1.3
16.0, 15.8, 0.0, 62.0, 1992-06-14 00:00:00, 3.6
14.0, 16.7, 180.0, 74.0, 1992-06-15 00:00:00, 0.0
12.0, 14.0, 90.0, 58.0, 1992-06-16 00:00:00, 12.9
12.0, 14.2, 0.0, 48.0, 1992-06-17 00:00:00, 0.0
8.0, 19.2, 0.0, 39.0, 1992-06-18 00:00:00, 0.0
8.0, 14.1, 270.0, 89.0, 1992-06-19 00:00:00, 0.5
9.0, 17.9, 50.0, 58.0, 1992-06-20 00:00:00, 4.6
13.0, 18.4, 90.0, 34.0, 1992-06-21 00:00:00, 1.0
13.0, 21.1, 50.0, 36.0, 1992-06-22 00:00:00, 0.0
4.0, 19.3, 270.0, 23.0, 1992-06-23 00:00:00, 0.0
10.0, 22.7, 320.0, 23.0, 1992-06-24 00:00:00, 0.0
4.0, 26.3, 320.0, 21.0, 1992-06-25 00:00:00, 0.0
7.0, 26.7, 0.0, 16.0, 1992-06-26 00:00:00, 0.0
14.0, 20.7, 270.0, 38.0, 1992-06-27 00:00:00, 0.0
24.0, 23.1, 230.0, 35.0, 1992-06-28 00:00:00, 0.0
27.0, 20.8, 230.0, 35.0, 1992-06-29 00:00:00, 1.5
16.0, 20.0, 230.0, 34.0, 1992-06-30 00:00:00, 3.3
8.0, 18.8, 140.0, 32.0, 1992-07-01 00:00:00, 0.0
13.0, 18.8, 230.0, 36.0, 1992-07-02 00:00:00, 0.0
6.0, 9.1, 140.0, 99.0, 1992-07-03 00:00:00, 38.1
1.0, 13.8, 140.0, 81.0, 1992-07-04 00:00:00, 0.3
3.0, 17.2, 320.0, 61.0, 1992-07-05 00:00:00, 1.5
10.0, 15.0, 90.0, 72.0, 1992-07-06 00:00:00, 0.0
10.0, 14.2, 90.0, 64.0, 1992-07-07 00:00:00, 0.3
6.0, 14.1, 90.0, 58.0, 1992-07-08 00:00:00, 0.0
5.0, 14.4, 140.0, 70.0, 1992-07-09 00:00:00, 1.3
2.0, 12.9, 140.0, 96.0, 1992-07-10 00:00:00, 3.3
6.0, 18.2, 90.0, 64.0, 1992-07-11 00:00:00, 4.8
13.0, 15.8, 0.0, 70.0, 1992-07-12 00:00:00, 0.5
12.0, 9.6, 90.0, 72.0, 1992-07-13 00:00:00, 0.0
14.0, 12.9, 50.0, 59.0, 1992-07-14 00:00:00, 1.5
11.0, 16.2, 0.0, 48.0, 1992-07-15 00:00:00, 0.0
13.0, 20.1, 0.0, 41.0, 1992-07-16 00:00:00, 0.0
8.0, 20.1, 90.0, 28.0, 1992-07-17 00:00:00, 0.0
17.0, 17.3, 230.0, 48.0, 1992-07-18 00:00:00, 0.0
8.0, 19.0, 180.0, 35.0, 1992-07-19 00:00:00, 0.0
8.0, 23.4, 320.0, 30.0, 1992-07-20 00:00:00, 0.0
10.0, 21.4, 50.0, 33.0, 1992-07-21 00:00:00, 0.0
7.0, 20.5, 90.0, 30.0, 1992-07-22 00:00:00, 0.0
3.0, 21.8, 90.0, 28.0, 1992-07-23 00:00:00, 0.0
12.0, 20.1, 0.0, 41.0, 1992-07-24 00:00:00, 0.0
2.0, 18.3, 90.0, 45.0, 1992-07-25 00:00:00, 0.0
10.0, 12.7, 50.0, 53.0, 1992-07-26 00:00:00, 4.1
13.0, 16.1, 50.0, 50.0, 1992-07-27 00:00:00, 0.0
5.0, 17.7, 50.0, 48.0, 1992-07-28 00:00:00, 0.3
10.0, 20.0, 50.0, 44.0, 1992-07-29 00:00:00, 0.0
6.0, 21.1, 50.0, 34.0, 1992-07-30 00:00:00, 0.0
2.0, 24.5, 90.0, 23.0, 1992-07-31 00:00:00, 0.0
7.0, 26.0, 270.0, 21.0, 1992-08-01 00:00:00, 0.0
11.0, 21.7, 320.0, 55.0, 1992-08-02 00:00:00, 5.8
7.0, 22.7, 90.0, 31.0, 1992-08-03 00:00:00, 0.0
10.0, 22.3, 0.0, 30.0, 1992-08-04 00:00:00, 0.0
9.0, 22.5, 50.0, 32.0, 1992-08-05 00:00:00, 0.0
5.0, 11.4, 50.0, 99.0, 1992-08-06 00:00:00, 13.5
11.0, 10.7, 50.0, 68.0, 1992-08-07 00:00:00, 4.6
10.0, 13.0, 320.0, 57.0, 1992-08-08 00:00:00, 0.0
7.0, 13.1, 90.0, 59.0, 1992-08-09 00:00:00, 0.0
9.0, 18.7, 320.0, 37.0, 1992-08-10 00:00:00, 0.0
6.0, 23.8, 0.0, 37.0, 1992-08-11 00:00:00, 0.0
6.0, 25.5, 230.0, 31.0, 1992-08-12 00:00:00, 0.0
4.0, 23.9, 50.0, 30.0, 1992-08-13 00:00:00, 0.0
12.0, 20.1, 50.0, 34.0, 1992-08-14 00:00:00, 0.0
6.0, 17.9, 0.0, 35.0, 1992-08-15 00:00:00, 0.0
5.0, 20.1, 320.0, 36.0, 1992-08-16 00:00:00, 0.0
5.0, 23.5, 320.0, 31.0, 1992-08-17 00:00:00, 0.0
8.0, 18.2, 90.0, 46.0, 1992-08-18 00:00:00, 0.0
11.0, 15.2, 140.0, 36.0, 1992-08-19 00:00:00, 0.0
7.0, 17.6, 180.0, 25.0, 1992-08-20 00:00:00, 0.0
15.0, 11.0, 180.0, 42.0, 1992-08-21 00:00:00, 0.0
8.0, 8.6, 230.0, 33.0, 1992-08-22 00:00:00, 0.0
10.0, 15.4, 140.0, 22.0, 1992-08-23 00:00:00, 0.0
5.0, 18.8, 90.0, 42.0, 1992-08-24 00:00:00, 0.0
12.0, 19.4, 50.0, 49.0, 1992-08-25 00:00:00, 0.0
18.0, 18.3, 50.0, 50.0, 1992-08-26 00:00:00, 0.3
10.0, 12.9, 50.0, 38.0, 1992-08-27 00:00:00, 0.0
7.0, 12.1, 230.0, 41.0, 1992-08-28 00:00:00, 0.0
4.0, 10.4, 270.0, 57.0, 1992-08-29 00:00:00, 0.0
10.0, 14.8, 270.0, 75.0, 1992-08-30 00:00:00, 2.0
16.0, 16.2, 50.0, 63.0, 1992-08-31 00:00:00, 1.3
15.0, 14.6, 50.0, 42.0, 1992-09-01 00:00:00, 0.0
10.0, 9.9, 90.0, 53.0, 1992-09-02 00:00:00, 0.0
0.0, 8.0, 0.0, 97.0, 1992-09-03 00:00:00, 1.3
15.0, 5.0, 140.0, 82.0, 1992-09-04 00:00:00, 2.3
4.0, 2.4, 140.0, 99.0, 1992-09-05 00:00:00, 0.8
6.0, 7.1, 90.0, 69.0, 1992-09-06 00:00:00, 0.0
22.0, 8.8, 0.0, 64.0, 1992-09-07 00:00:00, 0.8
16.0, 9.2, 90.0, 57.0, 1992-09-08 00:00:00, 4.8
7.0, 8.9, 0.0, 99.0, 1992-09-09 00:00:00, 4.1
22.0, 10.5, 140.0, 64.0, 1992-09-10 00:00:00, 1.5
10.0, 7.6, 90.0, 56.0, 1992-09-11 00:00:00, 0.0
13.0, 4.4, 90.0, 52.0, 1992-09-12 00:00:00, 0.0
6.0, 3.9, 230.0, 60.0, 1992-09-13 00:00:00, 0.3
9.0, 2.2, 180.0, 72.0, 1992-09-14 00:00:00, 0.3
15.0, 5.7, 320.0, 42.0, 1992-09-15 00:00:00, 0.8
19.0, 1.2, 140.0, 99.0, 1992-09-16 00:00:00, 11.2
10.0, 7.8, 320.0, 60.0, 1992-09-17 00:00:00, 1.0
3.0, 7.1, 0.0, 99.0, 1992-09-18 00:00:00, 5.1
2.0, 9.2, 0.0, 99.0, 1992-09-19 00:00:00, 2.5
21.0, 12.0, 90.0, 39.0, 1992-09-20 00:00:00, 1.3
0.0, 7.7, 0.0, 98.0, 1992-09-21 00:00:00, 3.0
7.0, 13.1, 0.0, 73.0, 1992-09-22 00:00:00, 0.0
4.0, 9.8, 0.0, 99.0, 1992-09-23 00:00:00, 7.4
9.0, 8.9, 90.0, 95.0, 1992-09-24 00:00:00, 11.2
10.0, 5.1, 90.0, 68.0, 1992-09-25 00:00:00, 0.0
18.0, 1.8, 90.0, 99.0, 1992-09-26 00:00:00, 15.0
12.0, 4.4, 320.0, 89.0, 1992-09-27 00:00:00, 1.3
6.0, 10.3, 270.0, 65.0, 1992-09-28 00:00:00, 0.0
27.0, 18.8, 0.0, 35.0, 1992-09-29 00:00:00, 0.0
0.0, 15.9, 0.0, 55.0, 1992-09-30 00:00:00, 0.0
4.0, 18.4, 320.0, 60.0, 1992-10-01 00:00:00, 0.0
2.0, 14.0, 270.0, 84.0, 1992-10-02 00:00:00, 0.0
10.0, 4.4, 50.0, 99.0, 1992-10-03 00:00:00, 1.3
7.0, 6.2, 50.0, 61.0, 1992-10-04 00:00:00, 0.8
5.0, 5.2, 180.0, 57.0, 1992-10-05 00:00:00, 0.0
12.0, 6.0, 320.0, 58.0, 1992-10-06 00:00:00, 0.0
7.0, 3.9, 270.0, 63.0, 1992-10-07 00:00:00, 0.0
14.0, 4.8, 50.0, 61.0, 1992-10-08 00:00:00, 0.0
14.0, 8.9, 0.0, 62.0, 1992-10-09 00:00:00, 0.0
17.0, 9.7, 90.0, 77.0, 1992-10-10 00:00:00, 0.0
3.0, 4.6, 320.0, 50.0, 1992-10-11 00:00:00, 0.3
7.0, 2.5, 140.0, 52.0, 1992-10-12 00:00:00, 0.0
10.0, 1.3, 90.0, 50.0, 1992-10-13 00:00:00, 0.0
20.0, -3.9, 180.0, 83.0, 1992-10-14 00:00:00, 0.0
1.0, -1.4, 230.0, 63.0, 1992-10-15 00:00:00, 0.0
9.0, -3.5, 270.0, 85.0, 1992-10-16 00:00:00, 0.5
0.0, -2.2, 0.0, 99.0, 1992-10-17 00:00:00, 0.0
5.0, 2.3, 0.0, 99.0, 1992-10-18 00:00:00, 0.3
13.0, 4.9, 320.0, 93.0, 1992-10-19 00:00:00, 15.5
6.0, 5.8, 0.0, 99.0, 1992-10-20 00:00:00, 3.6
10.0, 3.6, 270.0, 99.0, 1992-10-21 00:00:00, 0.5
15.0, 8.6, 50.0, 79.0, 1992-10-22 00:00:00, 1.8
6.0, 9.6, 50.0, 99.0, 1992-10-23 00:00:00, 5.6
0.0, 0.0, 0.0, 0.0, 1993-04-27 00:00:00, 0.0
12.0, 5.2, 0.0, 73.0, 1993-04-28 00:00:00, 0.0
2.0, 5.3, 180.0, 68.0, 1993-04-29 00:00:00, 2.8
5.0, 7.5, 50.0, 55.0, 1993-04-30 00:00:00, 0.0
1.0, 2.5, 0.0, 99.0, 1993-05-01 00:00:00, 4.8
13.0, 4.7, 90.0, 61.0, 1993-05-02 00:00:00, 6.3
19.0, 8.9, 230.0, 51.0, 1993-05-03 00:00:00, 0.0
5.0, 13.1, 0.0, 49.0, 1993-05-04 00:00:00, 0.0
12.0, 11.1, 320.0, 65.0, 1993-05-05 00:00:00, 0.0
1.0, 5.3, 270.0, 93.0, 1993-05-06 00:00:00, 7.9
11.0, 6.1, 0.0, 62.0, 1993-05-07 00:00:00, 3.3
13.0, 7.9, 90.0, 54.0, 1993-05-08 00:00:00, 1.3
8.0, 6.1, 230.0, 58.0, 1993-05-09 00:00:00, 0.5
7.0, 8.2, 230.0, 97.0, 1993-05-10 00:00:00, 4.1
5.0, 17.2, 320.0, 68.0, 1993-05-11 00:00:00, 2.0
6.0, 19.4, 180.0, 62.0, 1993-05-12 00:00:00, 0.0
17.0, 19.8, 270.0, 57.0, 1993-05-13 00:00:00, 0.0
17.0, 18.6, 230.0, 55.0, 1993-05-14 00:00:00, 0.0
10.0, 18.2, 270.0, 52.0, 1993-05-15 00:00:00, 0.3
7.0, 18.1, 320.0, 61.0, 1993-05-16 00:00:00, 0.0
4.0, 15.6, 0.0, 42.0, 1993-05-17 00:00:00, 0.0
18.0, 21.4, 230.0, 34.0, 1993-05-18 00:00:00, 0.0
22.0, 23.1, 270.0, 32.0, 1993-05-19 00:00:00, 0.0
9.0, 12.7, 50.0, 82.0, 1993-05-20 00:00:00, 8.9
2.0, 9.2, 270.0, 98.0, 1993-05-21 00:00:00, 3.8
9.0, 10.9, 90.0, 58.0, 1993-05-22 00:00:00, 2.5
6.0, 13.9, 230.0, 57.0, 1993-05-23 00:00:00, 0.0
12.0, 20.1, 320.0, 36.0, 1993-05-24 00:00:00, 0.0
10.0, 21.7, 90.0, 26.0, 1993-05-25 00:00:00, 0.0
12.0, 18.6, 180.0, 38.0, 1993-05-26 00:00:00, 0.0
10.0, 20.2, 270.0, 32.0, 1993-05-27 00:00:00, 0.0
20.0, 20.0, 230.0, 33.0, 1993-05-28 00:00:00, 0.0
8.0, 19.9, 270.0, 38.0, 1993-05-29 00:00:00, 0.0
10.0, 15.7, 320.0, 54.0, 1993-05-30 00:00:00, 1.3
12.0, 15.8, 270.0, 63.0, 1993-05-31 00:00:00, 0.3
10.0, 8.1, 50.0, 99.0, 1993-06-01 00:00:00, 8.1
1.0, 14.1, 0.0, 67.0, 1993-06-02 00:00:00, 0.3
12.0, 18.5, 320.0, 53.0, 1993-06-03 00:00:00, 0.0
9.0, 17.6, 270.0, 57.0, 1993-06-04 00:00:00, 0.3
5.0, 21.0, 320.0, 38.0, 1993-06-05 00:00:00, 0.0
10.0, 19.1, 180.0, 50.0, 1993-06-06 00:00:00, 0.0
13.0, 10.9, 90.0, 66.0, 1993-06-07 00:00:00, 0.5
11.0, 12.0, 0.0, 42.0, 1993-06-08 00:00:00, 0.0
11.0, 6.3, 270.0, 99.0, 1993-06-09 00:00:00, 6.9
10.0, 9.8, 50.0, 57.0, 1993-06-10 00:00:00, 7.9
8.0, 11.1, 180.0, 48.0, 1993-06-11 00:00:00, 0.0
6.0, 13.5, 90.0, 44.0, 1993-06-12 00:00:00, 0.0
8.0, 14.7, 270.0, 54.0, 1993-06-13 00:00:00, 2.5
17.0, 16.2, 270.0, 52.0, 1993-06-14 00:00:00, 0.3
9.0, 8.8, 180.0, 99.0, 1993-06-15 00:00:00, 32.8
1.0, 12.4, 90.0, 74.0, 1993-06-16 00:00:00, 0.5
9.0, 10.7, 0.0, 96.0, 1993-06-17 00:00:00, 1.0
12.0, 13.4, 50.0, 56.0, 1993-06-18 00:00:00, 15.5
14.0, 10.0, 90.0, 60.0, 1993-06-19 00:00:00, 0.0
12.0, 13.5, 270.0, 48.0, 1993-06-20 00:00:00, 0.0
4.0, 15.8, 230.0, 42.0, 1993-06-21 00:00:00, 0.0
22.0, 6.0, 50.0, 79.0, 1993-06-22 00:00:00, 18.5
10.0, 8.7, 140.0, 85.0, 1993-06-23 00:00:00, 0.3
5.0, 13.4, 50.0, 65.0, 1993-06-24 00:00:00, 0.0
1.0, 15.5, 50.0, 70.0, 1993-06-25 00:00:00, 5.3
7.0, 13.1, 270.0, 75.0, 1993-06-26 00:00:00, 0.5
3.0, 9.1, 90.0, 99.0, 1993-06-27 00:00:00, 31.7
10.0, 7.7, 50.0, 99.0, 1993-06-28 00:00:00, 12.1
8.0, 14.0, 230.0, 70.0, 1993-06-29 00:00:00, 7.0
8.0, 17.0, 270.0, 55.0, 1993-06-30 00:00:00, 0.0
10.0, 19.0, 270.0, 53.0, 1993-07-01 00:00:00, 1.0
5.0, 20.0, 230.0, 55.0, 1993-07-02 00:00:00, 1.0
10.0, 19.0, 270.0, 50.0, 1993-07-03 00:00:00, 0.0
7.0, 12.1, 90.0, 66.0, 1993-07-04 00:00:00, 0.0
11.0, 11.6, 90.0, 59.0, 1993-07-05 00:00:00, 0.0
4.0, 13.1, 140.0, 64.0, 1993-07-06 00:00:00, 0.0
5.0, 16.4, 0.0, 59.0, 1993-07-07 00:00:00, 0.0
11.0, 11.9, 180.0, 93.0, 1993-07-08 00:00:00, 9.1
19.0, 12.3, 180.0, 64.0, 1993-07-09 00:00:00, 0.5
7.0, 13.5, 230.0, 56.0, 1993-07-10 00:00:00, 0.0
17.0, 15.1, 230.0, 59.0, 1993-07-11 00:00:00, 0.8
21.0, 14.6, 180.0, 51.0, 1993-07-12 00:00:00, 0.3
13.0, 13.1, 180.0, 50.0, 1993-07-13 00:00:00, 0.0
13.0, 17.6, 0.0, 46.0, 1993-07-14 00:00:00, 0.0
15.0, 8.1, 180.0, 98.0, 1993-07-15 00:00:00, 3.6
4.0, 10.2, 180.0, 90.0, 1993-07-16 00:00:00, 0.5
5.0, 16.3, 0.0, 57.0, 1993-07-17 00:00:00, 0.3
13.0, 19.4, 50.0, 44.0, 1993-07-18 00:00:00, 0.0
10.0, 16.8, 140.0, 49.0, 1993-07-19 00:00:00, 4.6
2.0, 10.6, 90.0, 93.0, 1993-07-20 00:00:00, 3.0
9.0, 18.0, 0.0, 55.0, 1993-07-21 00:00:00, 1.3
8.0, 15.1, 0.0, 58.0, 1993-07-22 00:00:00, 2.8
10.0, 10.7, 90.0, 83.0, 1993-07-23 00:00:00, 1.5
7.0, 13.3, 90.0, 70.0, 1993-07-24 00:00:00, 0.3
4.0, 16.6, 180.0, 62.0, 1993-07-25 00:00:00, 1.5
9.0, 18.8, 270.0, 56.0, 1993-07-26 00:00:00, 0.0
7.0, 16.1, 270.0, 80.0, 1993-07-27 00:00:00, 1.5
13.0, 15.5, 270.0, 83.0, 1993-07-28 00:00:00, 8.1
16.0, 9.3, 50.0, 85.0, 1993-07-29 00:00:00, 7.9
15.0, 6.9, 50.0, 98.0, 1993-07-30 00:00:00, 8.1
9.0, 14.5, 50.0, 64.0, 1993-07-31 00:00:00, 1.8
5.0, 16.7, 90.0, 64.0, 1993-08-01 00:00:00, 0.0
3.0, 19.5, 180.0, 49.0, 1993-08-02 00:00:00, 0.0
16.0, 22.3, 230.0, 44.0, 1993-08-03 00:00:00, 0.0
6.0, 22.8, 180.0, 46.0, 1993-08-04 00:00:00, 0.0
15.0, 26.2, 50.0, 33.0, 1993-08-05 00:00:00, 0.0
19.0, 15.7, 140.0, 57.0, 1993-08-06 00:00:00, 0.0
3.0, 17.6, 50.0, 57.0, 1993-08-07 00:00:00, 2.0
16.0, 11.9, 50.0, 92.0, 1993-08-08 00:00:00, 0.8
11.0, 9.1, 180.0, 86.0, 1993-08-09 00:00:00, 1.0
10.0, 9.8, 180.0, 69.0, 1993-08-10 00:00:00, 0.3
10.0, 17.1, 50.0, 48.0, 1993-08-11 00:00:00, 0.0
10.0, 13.6, 50.0, 65.0, 1993-08-12 00:00:00, 1.0
0.0, 13.4, 0.0, 63.0, 1993-08-13 00:00:00, 0.0
6.0, 15.3, 230.0, 66.0, 1993-08-14 00:00:00, 4.6
2.0, 19.6, 270.0, 46.0, 1993-08-15 00:00:00, 0.0
1.0, 21.5, 0.0, 35.0, 1993-08-16 00:00:00, 0.0
8.0, 21.7, 0.0, 43.0, 1993-08-17 00:00:00, 0.0
0.0, 18.4, 0.0, 73.0, 1993-08-18 00:00:00, 1.0
2.0, 19.5, 0.0, 67.0, 1993-08-19 00:00:00, 10.9
5.0, 20.6, 0.0, 68.0, 1993-08-20 00:00:00, 4.8
10.0, 17.0, 0.0, 66.0, 1993-08-21 00:00:00, 0.0
8.0, 11.8, 320.0, 96.0, 1993-08-22 00:00:00, 2.0
14.0, 7.9, 50.0, 96.0, 1993-08-23 00:00:00, 10.7
11.0, 6.2, 90.0, 99.0, 1993-08-24 00:00:00, 3.8
7.0, 10.0, 90.0, 84.0, 1993-08-25 00:00:00, 0.3
9.0, 10.6, 50.0, 74.0, 1993-08-26 00:00:00, 0.0
11.0, 11.3, 140.0, 68.0, 1993-08-27 00:00:00, 0.0
7.0, 10.9, 140.0, 72.0, 1993-08-28 00:00:00, 2.3
4.0, 13.7, 50.0, 63.0, 1993-08-29 00:00:00, 0.0
16.0, 16.2, 50.0, 56.0, 1993-08-30 00:00:00, 0.0
12.0, 16.9, 140.0, 62.0, 1993-08-31 00:00:00, 0.0
8.0, 18.0, 180.0, 57.0, 1993-09-01 00:00:00, 0.3
10.0, 21.7, 90.0, 43.0, 1993-09-02 00:00:00, 0.0
6.0, 19.7, 140.0, 38.0, 1993-09-03 00:00:00, 0.0
8.0, 18.4, 180.0, 54.0, 1993-09-04 00:00:00, 0.0
3.0, 19.1, 270.0, 45.0, 1993-09-05 00:00:00, 0.0
3.0, 20.3, 320.0, 39.0, 1993-09-06 00:00:00, 0.0
8.0, 22.2, 50.0, 31.0, 1993-09-07 00:00:00, 0.0
11.0, 17.8, 90.0, 34.0, 1993-09-08 00:00:00, 0.0
5.0, 19.0, 270.0, 38.0, 1993-09-09 00:00:00, 0.0
12.0, 17.5, 90.0, 39.0, 1993-09-10 00:00:00, 0.0
11.0, 5.0, 140.0, 95.0, 1993-09-11 00:00:00, 1.0
6.0, 10.9, 0.0, 73.0, 1993-09-12 00:00:00, 1.0
14.0, 13.6, 50.0, 55.0, 1993-09-13 00:00:00, 0.0
4.0, 7.1, 180.0, 96.0, 1993-09-14 00:00:00, 4.3
5.0, 10.8, 230.0, 42.0, 1993-09-15 00:00:00, 0.3
11.0, 13.7, 50.0, 45.0, 1993-09-16 00:00:00, 0.0
5.0, 15.4, 50.0, 46.0, 1993-09-17 00:00:00, 0.0
13.0, 9.0, 140.0, 45.0, 1993-09-18 00:00:00, 0.0
12.0, 7.2, 140.0, 43.0, 1993-09-19 00:00:00, 0.0
4.0, 9.7, 320.0, 36.0, 1993-09-20 00:00:00, 0.0
12.0, 9.3, 90.0, 50.0, 1993-09-21 00:00:00, 0.0
8.0, 11.2, 90.0, 54.0, 1993-09-22 00:00:00, 0.0
13.0, 13.6, 50.0, 55.0, 1993-09-23 00:00:00, 0.0
9.0, 8.1, 90.0, 96.0, 1993-09-24 00:00:00, 2.5
12.0, 10.2, 0.0, 64.0, 1993-09-25 00:00:00, 0.0
12.0, 11.9, 50.0, 92.0, 1993-09-26 00:00:00, 0.5
5.0, 12.1, 0.0, 60.0, 1993-09-27 00:00:00, 0.0
7.0, 14.2, 320.0, 49.0, 1993-09-28 00:00:00, 0.0
14.0, 12.2, 50.0, 62.0, 1993-09-29 00:00:00, 0.0
7.0, 10.3, 140.0, 53.0, 1993-09-30 00:00:00, 0.0
15.0, 15.0, 90.0, 48.0, 1993-10-01 00:00:00, 0.0
6.0, 19.2, 0.0, 48.0, 1993-10-02 00:00:00, 0.0
5.0, 19.4, 320.0, 53.0, 1993-10-03 00:00:00, 0.0
9.0, 18.5, 50.0, 56.0, 1993-10-04 00:00:00, 0.0
0.0, 12.6, 0.0, 74.0, 1993-10-05 00:00:00, 0.5
12.0, 1.7, 180.0, 85.0, 1993-10-06 00:00:00, 1.5
6.0, 6.7, 320.0, 71.0, 1993-10-07 00:00:00, 0.3
0.0, 2.9, 0.0, 95.0, 1993-10-08 00:00:00, 0.0
6.0, 7.6, 320.0, 79.0, 1993-10-09 00:00:00, 0.3
5.0, 3.5, 320.0, 86.0, 1993-10-10 00:00:00, 0.0
5.0, 2.3, 0.0, 97.0, 1993-10-11 00:00:00, 0.0
3.0, 1.1, 320.0, 99.0, 1993-10-12 00:00:00, 0.3
10.0, 8.3, 0.0, 68.0, 1993-10-13 00:00:00, 0.3
