station_observations
wind_speed, temperature, wind_direction, relative_humidity, time, precipitation
9.0, 11.9, 270.0, 46.0, 1992-06-01 00:00:00, 2.8
27.0, 10.2, 270.0, 52.0, 1992-06-02 00:00:00, 0.3
2.0, 15.3, 90.0, 40.0, 1992-06-03 00:00:00, 0.0
8.0, 15.7, 0.0, 41.0, 1992-06-04 00:00:00, 0.0
8.0, 17.6, 230.0, 38.0, 1992-06-05 00:00:00, 0.0
13.0, 15.5, 230.0, 33.0, 1992-06-06 00:00:00, 0.0
8.0, 9.8, 320.0, 67.0, 1992-06-07 00:00:00, 0.2
7.0, 13.6, 230.0, 50.0, 1992-06-08 00:00:00, 0.0
2.0, 10.1, 320.0, 84.0, 1992-06-09 00:00:00, 2.3
7.0, 12.1, 320.0, 78.0, 1992-06-10 00:00:00, 6.9
0.0, 12.8, 0.0, 77.0, 1992-06-11 00:00:00, 3.6
13.0, 15.7, 0.0, 68.0, 1992-06-12 00:00:00, 3.0
11.0, 19.3, 0.0, 55.0, 1992-06-13 00:00:00, 0.0
9.0, 21.2, 230.0, 49.0, 1992-06-14 00:00:00, 0.0
11.0, 15.2, 270.0, 75.0, 1992-06-15 00:00:00, 0.0
26.0, 13.4, 270.0, 50.0, 1992-06-16 00:00:00, 0.0
16.0, 16.6, 270.0, 38.0, 1992-06-17 00:00:00, 0.0
0.0, 16.6, 0.0, 52.0, 1992-06-18 00:00:00, 0.0
0.0, 12.7, 50.0, 88.0, 1992-06-19 00:00:00, 2.3
17.0, 16.6, 230.0, 57.0, 1992-06-20 00:00:00, 1.3
12.0, 16.3, 270.0, 45.0, 1992-06-21 00:00:00, 0.3
11.0, 18.7, 270.0, 53.0, 1992-06-22 00:00:00, 0.0
9.0, 18.6, 320.0, 51.0, 1992-06-23 00:00:00, 0.0
3.0, 22.6, 320.0, 38.0, 1992-06-24 00:00:00, 0.0
0.0, 24.9, 320.0, 29.0, 1992-06-25 00:00:00, 0.0
8.0, 24.7, 320.0, 28.0, 1992-06-26 00:00:00, 0.0
4.0, 24.1, 50.0, 29.0, 1992-06-27 00:00:00, 0.0
0.0, 21.9, 0.0, 42.0, 1992-06-28 00:00:00, 0.0
21.0, 21.9, 90.0, 31.0, 1992-06-29 00:00:00, 0.0
5.0, 22.3, 180.0, 34.0, 1992-06-30 00:00:00, 0.0
8.0, 18.3, 90.0, 56.0, 1992-07-01 00:00:00, 0.0
10.0, 18.5, 90.0, 47.0, 1992-07-02 00:00:00, 0.0
3.0, 14.0, 320.0, 63.0, 1992-07-03 00:00:00, 1.8
7.0, 20.0, 140.0, 43.0, 1992-07-04 00:00:00, 0.0
13.0, 17.9, 270.0, 62.0, 1992-07-05 00:00:00, 0.0
20.0, 15.5, 270.0, 59.0, 1992-07-06 00:00:00, 0.0
4.0, 13.9, 50.0, 60.0, 1992-07-07 00:00:00, 0.0
4.0, 17.7, 90.0, 49.0, 1992-07-08 00:00:00, 0.0
8.0, 17.5, 230.0, 50.0, 1992-07-09 00:00:00, 0.0
7.0, 18.1, 320.0, 57.0, 1992-07-10 00:00:00, 0.0
10.0, 21.5, 270.0, 45.0, 1992-07-11 00:00:00, 0.0
14.0, 16.3, 270.0, 63.0, 1992-07-12 00:00:00, 0.0
19.0, 10.6, 270.0, 66.0, 1992-07-13 00:00:00, 1.3
25.0, 14.3, 230.0, 56.0, 1992-07-14 00:00:00, 0.3
3.0, 17.0, 140.0, 52.0, 1992-07-15 00:00:00, 0.0
9.0, 16.7, 0.0, 58.0, 1992-07-16 00:00:00, 0.0
11.0, 19.7, 230.0, 42.0, 1992-07-17 00:00:00, 0.0
11.0, 19.5, 140.0, 47.0, 1992-07-18 00:00:00, 0.0
6.0, 21.0, 90.0, 37.0, 1992-07-19 00:00:00, 0.0
6.0, 24.4, 270.0, 35.0, 1992-07-20 00:00:00, 0.0
15.0, 19.4, 0.0, 38.0, 1992-07-21 00:00:00, 0.0
4.0, 20.5, 90.0, 41.0, 1992-07-22 00:00:00, 0.0
1.0, 20.5, 0.0, 45.0, 1992-07-23 00:00:00, 0.0
12.0, 20.4, 270.0, 44.0, 1992-07-24 00:00:00, 0.0
16.0, 18.2, 230.0, 40.0, 1992-07-25 00:00:00, 0.0
21.0, 14.5, 270.0, 54.0, 1992-07-26 00:00:00, 0.0
1.0, 16.7, 320.0, 56.0, 1992-07-27 00:00:00, 0.0
5.0, 16.8, 0.0, 59.0, 1992-07-28 00:00:00, 0.3
20.0, 18.9, 270.0, 47.0, 1992-07-29 00:00:00, 0.0
5.0, 19.8, 320.0, 45.0, 1992-07-30 00:00:00, 0.0
2.0, 22.4, 90.0, 35.0, 1992-07-31 00:00:00, 0.0
0.0, 24.6, 0.0, 30.0, 1992-08-01 00:00:00, 0.0
4.0, 25.2, 320.0, 35.0, 1992-08-02 00:00:00, 0.0
1.0, 22.9, 140.0, 42.0, 1992-08-03 00:00:00, 0.0
0.0, 23.9, 0.0, 40.0, 1992-08-04 00:00:00, 0.0
6.0, 23.2, 270.0, 33.0, 1992-08-05 00:00:00, 0.0
0.0, 14.6, 230.0, 77.0, 1992-08-06 00:00:00, 4.3
17.0, 14.4, 270.0, 53.0, 1992-08-07 00:00:00, 0.5
0.0, 12.9, 50.0, 58.0, 1992-08-08 00:00:00, 0.8
17.0, 16.6, 270.0, 47.0, 1992-08-09 00:00:00, 0.5
7.0, 20.9, 140.0, 39.0, 1992-08-10 00:00:00, 0.0
14.0, 24.1, 180.0, 42.0, 1992-08-11 00:00:00, 0.0
7.0, 24.8, 230.0, 30.0, 1992-08-12 00:00:00, 0.0
2.0, 21.5, 50.0, 46.0, 1992-08-13 00:00:00, 0.0
14.0, 17.2, 270.0, 40.0, 1992-08-14 00:00:00, 0.0
6.0, 18.4, 180.0, 36.0, 1992-08-15 00:00:00, 0.0
4.0, 18.3, 50.0, 49.0, 1992-08-16 00:00:00, 0.0
10.0, 22.9, 270.0, 40.0, 1992-08-17 00:00:00, 0.0
11.0, 18.4, 320.0, 33.0, 1992-08-18 00:00:00, 0.0
0.0, 17.3, 0.0, 34.0, 1992-08-19 00:00:00, 0.0
2.0, 19.3, 50.0, 29.0, 1992-08-20 00:00:00, 0.0
10.0, 13.7, 90.0, 43.0, 1992-08-21 00:00:00, 0.0
7.0, 12.8, 140.0, 33.0, 1992-08-22 00:00:00, 0.0
5.0, 17.9, 0.0, 29.0, 1992-08-23 00:00:00, 0.0
12.0, 20.6, 270.0, 43.0, 1992-08-24 00:00:00, 0.0
10.0, 17.3, 90.0, 70.0, 1992-08-25 00:00:00, 0.0
19.0, 15.6, 270.0, 49.0, 1992-08-26 00:00:00, 0.0
10.0, 12.2, 230.0, 45.0, 1992-08-27 00:00:00, 0.0
3.0, 14.3, 140.0, 37.0, 1992-08-28 00:00:00, 0.0
10.0, 11.4, 140.0, 53.0, 1992-08-29 00:00:00, 0.0
0.0, 10.1, 90.0, 97.0, 1992-08-30 00:00:00, 11.9
3.0, 14.1, 50.0, 73.0, 1992-08-31 00:00:00, 0.3
23.0, 13.0, 270.0, 49.0, 1992-09-01 00:00:00, 0.0
18.0, 10.5, 270.0, 61.0, 1992-09-02 00:00:00, 0.3
1.0, 9.1, 320.0, 68.0, 1992-09-03 00:00:00, 0.0
8.0, 6.8, 270.0, 68.0, 1992-09-04 00:00:00, 0.0
7.0, 7.6, 140.0, 73.0, 1992-09-05 00:00:00, 3.8
4.0, 9.7, 270.0, 54.0, 1992-09-06 00:00:00, 0.0
17.0, 9.8, 180.0, 85.0, 1992-09-07 00:00:00, 2.0
16.0, 9.8, 320.0, 62.0, 1992-09-08 00:00:00, 6.1
6.0, 10.8, 140.0, 91.0, 1992-09-09 00:00:00, 2.8
16.0, 10.4, 270.0, 63.0, 1992-09-10 00:00:00, 5.3
8.0, 6.8, 0.0, 72.0, 1992-09-11 00:00:00, 0.5
12.0, 6.2, 320.0, 44.0, 1992-09-12 00:00:00, 0.5
6.0, 0.5, 230.0, 94.0, 1992-09-13 00:00:00, 0.8
6.0, 3.8, 320.0, 55.0, 1992-09-14 00:00:00, 1.0
8.0, 7.4, 230.0, 39.0, 1992-09-15 00:00:00, 0.0
5.0, 5.1, 320.0, 70.0, 1992-09-16 00:00:00, 9.4
6.0, 7.5, 230.0, 59.0, 1992-09-17 00:00:00, 0.0
10.0, 12.5, 320.0, 74.0, 1992-09-18 00:00:00, 2.3
15.0, 12.2, 140.0, 72.0, 1992-09-19 00:00:00, 0.3
10.0, 9.4, 320.0, 45.0, 1992-09-20 00:00:00, 1.3
5.0, 7.6, 140.0, 98.0, 1992-09-21 00:00:00, 4.6
0.0, 13.8, 180.0, 92.0, 1992-09-22 00:00:00, 16.0
0.0, 13.9, 180.0, 88.0, 1992-09-23 00:00:00, 8.4
12.0, 8.6, 270.0, 75.0, 1992-09-24 00:00:00, 0.0
4.0, 6.3, 0.0, 61.0, 1992-09-25 00:00:00, 0.0
0.0, 2.1, 0.0, 99.0, 1992-09-26 00:00:00, 0.3
9.0, 1.3, 140.0, 95.0, 1992-09-27 00:00:00, 17.8
0.0, 7.5, 180.0, 93.0, 1992-09-28 00:00:00, 6.3
15.0, 11.8, 270.0, 73.0, 1992-09-29 00:00:00, 0.3
0.0, 7.6, 0.0, 94.0, 1992-09-30 00:00:00, 2.8
0.0, 8.7, 0.0, 98.0, 1992-10-01 00:00:00, 1.7
0.0, 10.8, 0.0, 98.0, 1992-10-02 00:00:00, 0.5
13.0, 7.8, 270.0, 68.0, 1992-10-03 00:00:00, 4.8
4.0, 6.9, 270.0, 69.0, 1992-10-04 00:00:00, 0.0
0.0, 5.7, 0.0, 64.0, 1992-10-05 00:00:00, 0.2
0.0, 5.8, 0.0, 66.0, 1992-10-06 00:00:00, 0.0
0.0, 3.2, 0.0, 84.0, 1992-10-07 00:00:00, 0.0
18.0, 5.3, 270.0, 62.0, 1992-10-08 00:00:00, 3.3
2.0, 9.4, 270.0, 76.0, 1992-10-09 00:00:00, 0.5
7.0, 5.0, 270.0, 82.0, 1992-10-10 00:00:00, 26.9
2.0, 3.8, 0.0, 54.0, 1992-10-11 00:00:00, 0.2
0.0, 2.2, 0.0, 70.0, 1992-10-12 00:00:00, 0.0
10.0, 2.4, 230.0, 57.0, 1992-10-13 00:00:00, 0.0
0.0, -1.7, 0.0, 63.0, 1992-10-14 00:00:00, 0.2
0.0, -2.6, 0.0, 73.0, 1992-10-15 00:00:00, 0.5
0.0, 0.0, 0.0, 0.0, 1993-06-03 00:00:00, 0.0
8.0, 19.5, 140.0, 60.0, 1993-06-04 00:00:00, 6.9
8.0, 18.2, 50.0, 65.0, 1993-06-05 00:00:00, 16.0
17.0, 19.6, 230.0, 48.0, 1993-06-06 00:00:00, 0.3
16.0, 12.6, 230.0, 59.0, 1993-06-07 00:00:00, 1.8
5.0, 11.1, 90.0, 56.0, 1993-06-08 00:00:00, 0.0
11.0, 9.2, 140.0, 80.0, 1993-06-09 00:00:00, 1.8
22.0, 11.0, 270.0, 58.0, 1993-06-10 00:00:00, 4.3
4.0, 11.6, 0.0, 60.0, 1993-06-11 00:00:00, 0.0
5.0, 14.1, 0.0, 50.0, 1993-06-12 00:00:00, 0.0
0.0, 16.0, 0.0, 49.0, 1993-06-13 00:00:00, 0.3
13.0, 14.5, 320.0, 74.0, 1993-06-14 00:00:00, 0.5
0.0, 9.2, 0.0, 93.0, 1993-06-15 00:00:00, 9.9
4.0, 13.7, 50.0, 76.0, 1993-06-16 00:00:00, 3.3
3.0, 12.4, 230.0, 79.0, 1993-06-17 00:00:00, 1.0
13.0, 12.3, 320.0, 68.0, 1993-06-18 00:00:00, 1.8
17.0, 12.5, 270.0, 56.0, 1993-06-19 00:00:00, 0.0
10.0, 14.5, 230.0, 43.0, 1993-06-20 00:00:00, 0.0
4.0, 14.2, 320.0, 54.0, 1993-06-21 00:00:00, 0.0
8.0, 5.1, 230.0, 89.0, 1993-06-22 00:00:00, 40.4
1.0, 11.3, 90.0, 85.0, 1993-06-23 00:00:00, 1.3
2.0, 14.2, 180.0, 71.0, 1993-06-24 00:00:00, 0.3
0.0, 11.8, 0.0, 82.0, 1993-06-25 00:00:00, 1.0
0.0, 10.6, 0.0, 94.0, 1993-06-26 00:00:00, 9.7
16.0, 15.3, 0.0, 68.0, 1993-06-27 00:00:00, 3.0
19.0, 11.7, 230.0, 83.0, 1993-06-28 00:00:00, 8.0
21.0, 10.5, 230.0, 75.0, 1993-06-29 00:00:00, 0.0
6.0, 11.6, 0.0, 68.0, 1993-06-30 00:00:00, 0.0
5.0, 14.3, 320.0, 54.0, 1993-07-01 00:00:00, 0.0
3.0, 21.0, 320.0, 48.0, 1993-07-02 00:00:00, 0.0
0.0, 12.4, 320.0, 73.0, 1993-07-03 00:00:00, 0.0
23.0, 15.4, 270.0, 57.0, 1993-07-04 00:00:00, 0.0
18.0, 26.6, 230.0, 34.0, 1993-07-05 00:00:00, 0.0
3.0, 18.0, 180.0, 55.0, 1993-07-06 00:00:00, 0.0
5.0, 19.2, 50.0, 54.0, 1993-07-07 00:00:00, 0.0
5.0, 11.8, 320.0, 92.0, 1993-07-08 00:00:00, 1.5
4.0, 15.1, 90.0, 63.0, 1993-07-09 00:00:00, 4.1
10.0, 15.9, 0.0, 59.0, 1993-07-10 00:00:00, 0.0
10.0, 16.0, 50.0, 59.0, 1993-07-11 00:00:00, 2.8
2.0, 15.3, 320.0, 58.0, 1993-07-12 00:00:00, 6.1
0.0, 17.6, 270.0, 52.0, 1993-07-13 00:00:00, 0.8
0.0, 12.2, 320.0, 82.0, 1993-07-14 00:00:00, 2.0
1.0, 11.2, 320.0, 82.0, 1993-07-15 00:00:00, 3.6
0.0, 14.8, 320.0, 60.0, 1993-07-16 00:00:00, 1.0
19.0, 20.5, 180.0, 40.0, 1993-07-17 00:00:00, 1.5
4.0, 20.0, 50.0, 52.0, 1993-07-18 00:00:00, 0.0
4.0, 18.4, 0.0, 50.0, 1993-07-19 00:00:00, 0.0
9.0, 17.0, 140.0, 60.0, 1993-07-20 00:00:00, 0.0
5.0, 18.4, 320.0, 57.0, 1993-07-21 00:00:00, 0.0
1.0, 13.8, 50.0, 80.0, 1993-07-22 00:00:00, 1.0
12.0, 14.8, 230.0, 67.0, 1993-07-23 00:00:00, 0.5
4.0, 15.1, 320.0, 59.0, 1993-07-24 00:00:00, 0.0
4.0, 20.2, 0.0, 52.0, 1993-07-25 00:00:00, 0.0
8.0, 21.3, 230.0, 40.0, 1993-07-26 00:00:00, 0.0
0.0, 17.9, 320.0, 63.0, 1993-07-27 00:00:00, 2.3
0.0, 14.2, 320.0, 94.0, 1993-07-28 00:00:00, 2.3
23.0, 9.3, 230.0, 93.0, 1993-07-29 00:00:00, 54.6
16.0, 9.9, 230.0, 85.0, 1993-07-30 00:00:00, 31.2
0.0, 14.9, 50.0, 73.0, 1993-07-31 00:00:00, 0.0
0.0, 18.8, 50.0, 62.0, 1993-08-01 00:00:00, 0.0
3.0, 21.0, 320.0, 48.0, 1993-08-02 00:00:00, 0.0
2.0, 24.0, 50.0, 48.0, 1993-08-03 00:00:00, 0.0
2.0, 26.5, 140.0, 41.0, 1993-08-04 00:00:00, 0.0
18.0, 26.6, 230.0, 34.0, 1993-08-05 00:00:00, 0.0
8.0, 19.8, 0.0, 51.0, 1993-08-06 00:00:00, 0.0
13.0, 21.8, 180.0, 40.0, 1993-08-07 00:00:00, 0.0
1.0, 11.1, 0.0, 96.0, 1993-08-08 00:00:00, 6.1
0.0, 11.1, 180.0, 80.0, 1993-08-09 00:00:00, 1.3
7.0, 14.7, 320.0, 46.0, 1993-08-10 00:00:00, 0.8
0.0, 16.0, 0.0, 59.0, 1993-08-11 00:00:00, 0.0
17.0, 16.9, 270.0, 55.0, 1993-08-12 00:00:00, 0.3
5.0, 15.2, 320.0, 65.0, 1993-08-13 00:00:00, 0.0
1.0, 19.1, 320.0, 51.0, 1993-08-14 00:00:00, 0.5
10.0, 22.2, 180.0, 39.0, 1993-08-15 00:00:00, 0.0
0.0, 22.1, 0.0, 50.0, 1993-08-16 00:00:00, 0.0
4.0, 21.4, 230.0, 52.0, 1993-08-17 00:00:00, 0.0
0.0, 20.2, 50.0, 55.0, 1993-08-18 00:00:00, 0.0
0.0, 22.7, 90.0, 49.0, 1993-08-19 00:00:00, 0.0
10.0, 23.8, 230.0, 35.0, 1993-08-20 00:00:00, 0.0
9.0, 19.5, 270.0, 57.0, 1993-08-21 00:00:00, 0.3
8.0, 13.1, 90.0, 83.0, 1993-08-22 00:00:00, 2.3
24.0, 9.8, 230.0, 83.0, 1993-08-23 00:00:00, 20.3
0.0, 9.9, 50.0, 90.0, 1993-08-24 00:00:00, 0.8
0.0, 10.5, 0.0, 86.0, 1993-08-25 00:00:00, 0.3
0.0, 10.9, 230.0, 73.0, 1993-08-26 00:00:00, 0.0
0.0, 12.0, 0.0, 70.0, 1993-08-27 00:00:00, 0.0
4.0, 12.9, 320.0, 67.0, 1993-08-28 00:00:00, 0.3
4.0, 17.1, 0.0, 47.0, 1993-08-29 00:00:00, 0.0
0.0, 18.7, 50.0, 56.0, 1993-08-30 00:00:00, 0.0
16.0, 19.9, 320.0, 52.0, 1993-08-31 00:00:00, 0.0
1.0, 20.9, 90.0, 52.0, 1993-09-01 00:00:00, 0.0
0.0, 23.0, 90.0, 48.0, 1993-09-02 00:00:00, 0.0
14.0, 19.6, 0.0, 42.0, 1993-09-03 00:00:00, 0.0
3.0, 19.6, 140.0, 50.0, 1993-09-04 00:00:00, 0.0
4.0, 21.6, 50.0, 48.0, 1993-09-05 00:00:00, 0.0
1.0, 21.3, 90.0, 47.0, 1993-09-06 00:00:00, 0.0
1.0, 23.5, 50.0, 36.0, 1993-09-07 00:00:00, 0.0
5.0, 19.2, 50.0, 41.0, 1993-09-08 00:00:00, 0.0
6.0, 19.8, 90.0, 48.0, 1993-09-09 00:00:00, 0.0
14.0, 18.0, 230.0, 40.0, 1993-09-10 00:00:00, 0.0
19.0, 12.1, 0.0, 55.0, 1993-09-11 00:00:00, 1.8
1.0, 14.1, 0.0, 55.0, 1993-09-12 00:00:00, 0.0
12.0, 15.5, 270.0, 55.0, 1993-09-13 00:00:00, 0.0
1.0, 12.8, 0.0, 58.0, 1993-09-14 00:00:00, 0.3
5.0, 15.3, 90.0, 54.0, 1993-09-15 00:00:00, 0.0
4.0, 15.8, 50.0, 52.0, 1993-09-16 00:00:00, 0.0
3.0, 16.1, 50.0, 57.0, 1993-09-17 00:00:00, 0.0
13.0, 9.1, 230.0, 41.0, 1993-09-18 00:00:00, 0.0
9.0, 8.5, 320.0, 43.0, 1993-09-19 00:00:00, 0.0
4.0, 10.3, 320.0, 44.0, 1993-09-20 00:00:00, 0.0
0.0, 11.2, 180.0, 53.0, 1993-09-21 00:00:00, 0.0
5.0, 12.3, 90.0, 54.0, 1993-09-22 00:00:00, 0.0
14.0, 13.5, 230.0, 66.0, 1993-09-23 00:00:00, 0.3
1.0, 10.3, 50.0, 87.0, 1993-09-24 00:00:00, 8.1
1.0, 7.4, 50.0, 85.0, 1993-09-25 00:00:00, 0.3
10.0, 13.9, 320.0, 62.0, 1993-09-26 00:00:00, 2.0
0.0, 11.8, 0.0, 59.0, 1993-09-27 00:00:00, 0.0
0.0, 13.5, 50.0, 62.0, 1993-09-28 00:00:00, 0.0
14.0, 13.6, 230.0, 51.0, 1993-09-29 00:00:00, 0.3
2.0, 11.5, 50.0, 57.0, 1993-09-30 00:00:00, 0.0
2.0, 13.7, 320.0, 61.0, 1993-10-01 00:00:00, 0.0
0.0, 18.8, 0.0, 58.0, 1993-10-02 00:00:00, 0.0
3.0, 18.0, 140.0, 68.0, 1993-10-03 00:00:00, 0.3
1.0, 17.6, 0.0, 66.0, 1993-10-04 00:00:00, 0.0
0.0, 8.7, 0.0, 91.0, 1993-10-05 00:00:00, 3.6
0.0, 6.4, 0.0, 83.0, 1993-10-06 00:00:00, 13.2
0.0, 1.4, 0.0, 99.0, 1993-10-07 00:00:00, 0.0
0.0, 1.4, 0.0, 99.0, 1993-10-08 00:00:00, 0.0
0.0, 1.2, 140.0, 99.0, 1993-10-09 00:00:00, 0.3
0.0, 1.2, 140.0, 99.0, 1993-10-10 00:00:00, 0.3
0.0, 1.6, 180.0, 99.0, 1993-10-11 00:00:00, 0.3
0.0, 1.5, 0.0, 99.0, 1993-10-12 00:00:00, 0.3
0.0, 1.6, 0.0, 99.0, 1993-10-13 00:00:00, 0.3
0.0, 3.7, 0.0, 99.0, 1993-10-14 00:00:00, 0.0
0.0, 0.9, 0.0, 99.0, 1993-10-15 00:00:00, 0.3
0.0, 0.6, 0.0, 99.0, 1993-10-16 00:00:00, 0.0
6.0, 8.2, 90.0, 75.0, 1993-10-17 00:00:00, 0.3
36.0, 4.8, 230.0, 63.0, 1993-10-18 00:00:00, 2.8
