station_observations
wind_speed, temperature, wind_direction, relative_humidity, time, precipitation
0.0, 0.0, 0.0, 0.0, 1993-06-03 00:00:00, 0.0
11.0, 14.6, 50.0, 85.0, 1993-07-10 00:00:00, 0.8
7.0, 16.6, 270.0, 54.0, 1993-07-11 00:00:00, 2.0
2.0, 16.2, 140.0, 49.0, 1993-07-12 00:00:00, 5.6
4.0, 17.5, 90.0, 48.0, 1993-07-13 00:00:00, 0.0
1.0, 11.0, 90.0, 97.0, 1993-07-14 00:00:00, 4.8
4.0, 10.6, 270.0, 79.0, 1993-07-15 00:00:00, 4.0
3.0, 17.1, 90.0, 53.0, 1993-07-16 00:00:00, 1.0
6.0, 21.4, 140.0, 40.0, 1993-07-17 00:00:00, 0.0
10.0, 19.1, 50.0, 50.0, 1993-07-18 00:00:00, 0.0
7.0, 20.1, 90.0, 45.0, 1993-07-19 00:00:00, 0.0
8.0, 21.6, 270.0, 41.0, 1993-07-20 00:00:00, 0.0
8.0, 20.4, 230.0, 46.0, 1993-07-21 00:00:00, 0.0
8.0, 14.6, 180.0, 75.0, 1993-07-22 00:00:00, 0.0
8.0, 16.1, 0.0, 64.0, 1993-07-23 00:00:00, 0.3
11.0, 16.2, 0.0, 56.0, 1993-07-24 00:00:00, 0.0
4.0, 19.9, 50.0, 51.0, 1993-07-25 00:00:00, 0.0
6.0, 21.9, 270.0, 43.0, 1993-07-26 00:00:00, 0.0
6.0, 19.4, 140.0, 64.0, 1993-07-27 00:00:00, 0.5
5.0, 16.3, 50.0, 86.0, 1993-07-28 00:00:00, 9.7
3.0, 12.4, 0.0, 96.0, 1993-07-29 00:00:00, 23.6
13.0, 12.0, 320.0, 82.0, 1993-07-30 00:00:00, 26.2
10.0, 16.2, 320.0, 69.0, 1993-07-31 00:00:00, 0.0
2.0, 18.6, 140.0, 57.0, 1993-08-01 00:00:00, 0.0
6.0, 21.7, 50.0, 52.0, 1993-08-02 00:00:00, 0.0
5.0, 25.3, 50.0, 39.0, 1993-08-03 00:00:00, 0.0
5.0, 26.7, 90.0, 41.0, 1993-08-04 00:00:00, 0.0
9.0, 27.5, 320.0, 32.0, 1993-08-05 00:00:00, 0.0
6.0, 19.7, 50.0, 48.0, 1993-08-06 00:00:00, 0.3
5.0, 21.6, 180.0, 46.0, 1993-08-07 00:00:00, 0.0
12.0, 23.0, 0.0, 90.0, 1993-08-08 00:00:00, 8.9
1.0, 12.4, 0.0, 65.0, 1993-08-09 00:00:00, 6.9
6.0, 15.2, 90.0, 47.0, 1993-08-10 00:00:00, 2.0
5.0, 15.5, 50.0, 90.0, 1993-08-11 00:00:00, 0.0
3.0, 16.3, 320.0, 55.0, 1993-08-12 00:00:00, 0.0
2.0, 16.3, 320.0, 55.0, 1993-08-13 00:00:00, 1.0
2.0, 19.7, 90.0, 52.0, 1993-08-14 00:00:00, 0.0
7.0, 21.5, 90.0, 43.0, 1993-08-15 00:00:00, 0.0
6.0, 22.1, 90.0, 42.0, 1993-08-16 00:00:00, 0.0
4.0, 22.3, 90.0, 48.0, 1993-08-17 00:00:00, 0.0
6.0, 19.9, 50.0, 55.0, 1993-08-18 00:00:00, 0.0
4.0, 23.0, 230.0, 45.0, 1993-08-19 00:00:00, 0.0
7.0, 23.6, 180.0, 47.0, 1993-08-20 00:00:00, 0.0
8.0, 18.0, 180.0, 62.0, 1993-08-21 00:00:00, 0.5
5.0, 15.3, 230.0, 68.0, 1993-08-22 00:00:00, 1.0
10.0, 11.3, 320.0, 93.0, 1993-08-23 00:00:00, 19.8
6.0, 9.0, 50.0, 97.0, 1993-08-24 00:00:00, 9.1
1.0, 12.1, 90.0, 79.0, 1993-08-25 00:00:00, 1.0
8.0, 12.0, 180.0, 72.0, 1993-08-26 00:00:00, 0.0
3.0, 12.4, 140.0, 75.0, 1993-08-27 00:00:00, 3.3
5.0, 13.1, 90.0, 73.0, 1993-08-28 00:00:00, 0.0
4.0, 15.8, 90.0, 62.0, 1993-08-29 00:00:00, 0.0
7.0, 17.5, 90.0, 56.0, 1993-08-30 00:00:00, 0.0
13.0, 20.5, 0.0, 48.0, 1993-08-31 00:00:00, 0.0
5.0, 20.1, 90.0, 56.0, 1993-09-01 00:00:00, 0.0
7.0, 21.3, 320.0, 52.0, 1993-09-02 00:00:00, 0.0
7.0, 20.7, 50.0, 37.0, 1993-09-03 00:00:00, 0.0
4.0, 20.5, 50.0, 45.0, 1993-09-04 00:00:00, 0.0
5.0, 20.9, 180.0, 48.0, 1993-09-05 00:00:00, 0.0
2.0, 21.1, 90.0, 41.0, 1993-09-06 00:00:00, 0.0
5.0, 20.7, 50.0, 45.0, 1993-09-07 00:00:00, 0.0
8.0, 19.3, 320.0, 41.0, 1993-09-08 00:00:00, 0.0
5.0, 19.0, 180.0, 48.0, 1993-09-09 00:00:00, 0.0
6.0, 17.4, 270.0, 52.0, 1993-09-10 00:00:00, 0.0
10.0, 12.0, 0.0, 59.0, 1993-09-11 00:00:00, 7.1
4.0, 13.8, 140.0, 57.0, 1993-09-12 00:00:00, 0.0
5.0, 13.7, 90.0, 58.0, 1993-09-13 00:00:00, 0.0
4.0, 14.3, 90.0, 60.0, 1993-09-14 00:00:00, 2.0
2.0, 14.5, 180.0, 59.0, 1993-09-15 00:00:00, 0.0
4.0, 14.4, 90.0, 57.0, 1993-09-16 00:00:00, 0.0
5.0, 15.4, 230.0, 57.0, 1993-09-17 00:00:00, 0.0
11.0, 8.8, 0.0, 43.0, 1993-09-18 00:00:00, 0.8
8.0, 9.2, 90.0, 42.0, 1993-09-19 00:00:00, 0.0
7.0, 9.8, 90.0, 46.0, 1993-09-20 00:00:00, 0.0
6.0, 10.0, 90.0, 61.0, 1993-09-21 00:00:00, 0.0
5.0, 11.5, 90.0, 58.0, 1993-09-22 00:00:00, 0.0
6.0, 14.3, 270.0, 57.0, 1993-09-23 00:00:00, 0.0
8.0, 9.2, 320.0, 92.0, 1993-09-24 00:00:00, 10.9
3.0, 7.5, 230.0, 92.0, 1993-09-25 00:00:00, 0.0
1.0, 12.0, 50.0, 79.0, 1993-09-26 00:00:00, 1.3
6.0, 11.2, 180.0, 63.0, 1993-09-27 00:00:00, 0.0
6.0, 9.8, 180.0, 79.0, 1993-09-28 00:00:00, 0.0
6.0, 12.6, 270.0, 66.0, 1993-09-29 00:00:00, 0.0
5.0, 10.9, 90.0, 59.0, 1993-09-30 00:00:00, 0.0
6.0, 12.5, 90.0, 67.0, 1993-10-01 00:00:00, 0.0
3.0, 10.5, 50.0, 96.0, 1994-07-01 00:00:00, 10.2
8.0, 12.5, 0.0, 91.0, 1994-07-02 00:00:00, 17.5
6.0, 14.9, 320.0, 63.0, 1994-07-03 00:00:00, 0.0
8.0, 14.8, 0.0, 69.0, 1994-07-04 00:00:00, 0.3
5.0, 18.4, 320.0, 58.0, 1994-07-05 00:00:00, 0.0
7.0, 15.2, 230.0, 74.0, 1994-07-06 00:00:00, 0.0
4.0, 15.3, 230.0, 63.0, 1994-07-07 00:00:00, 0.0
8.0, 12.6, 0.0, 68.0, 1994-07-08 00:00:00, 4.8
5.0, 13.3, 270.0, 68.0, 1994-07-09 00:00:00, 0.3
9.0, 17.7, 0.0, 61.0, 1994-07-10 00:00:00, 0.0
2.0, 20.1, 230.0, 55.0, 1994-07-11 00:00:00, 0.0
2.0, 21.7, 90.0, 55.0, 1994-07-12 00:00:00, 0.0
4.0, 24.3, 90.0, 45.0, 1994-07-13 00:00:00, 0.0
3.0, 22.9, 50.0, 54.0, 1994-07-14 00:00:00, 0.0
7.0, 23.5, 50.0, 49.0, 1994-07-15 00:00:00, 0.0
3.0, 17.4, 320.0, 58.0, 1994-07-16 00:00:00, 0.0
6.0, 14.9, 180.0, 78.0, 1994-07-17 00:00:00, 0.0
5.0, 16.1, 0.0, 70.0, 1994-07-18 00:00:00, 0.3
6.0, 19.3, 90.0, 62.0, 1994-07-19 00:00:00, 0.0
3.0, 25.0, 140.0, 44.0, 1994-07-20 00:00:00, 0.0
6.0, 18.6, 50.0, 42.0, 1994-07-21 00:00:00, 0.0
2.0, 21.3, 50.0, 38.0, 1994-07-22 00:00:00, 0.0
4.0, 29.1, 180.0, 25.0, 1994-07-23 00:00:00, 0.0
7.0, 28.2, 140.0, 35.0, 1994-07-24 00:00:00, 0.0
7.0, 21.0, 270.0, 49.0, 1994-07-25 00:00:00, 0.0
4.0, 22.4, 140.0, 54.0, 1994-07-26 00:00:00, 0.0
3.0, 22.7, 140.0, 45.0, 1994-07-27 00:00:00, 0.0
6.0, 26.8, 180.0, 39.0, 1994-07-28 00:00:00, 0.0
5.0, 21.9, 230.0, 49.0, 1994-07-29 00:00:00, 0.8
4.0, 17.4, 50.0, 50.0, 1994-07-30 00:00:00, 0.0
3.0, 18.1, 320.0, 49.0, 1994-07-31 00:00:00, 0.0
2.0, 20.8, 230.0, 49.0, 1994-08-01 00:00:00, 0.0
3.0, 26.5, 0.0, 39.0, 1994-08-02 00:00:00, 0.0
4.0, 27.9, 230.0, 45.0, 1994-08-03 00:00:00, 0.0
2.0, 20.1, 50.0, 85.0, 1994-08-04 00:00:00, 42.7
3.0, 16.2, 90.0, 89.0, 1994-08-05 00:00:00, 5.1
2.0, 13.5, 0.0, 90.0, 1994-08-06 00:00:00, 13.7
3.0, 18.7, 140.0, 78.0, 1994-08-07 00:00:00, 0.0
6.0, 21.7, 90.0, 54.0, 1994-08-08 00:00:00, 0.0
5.0, 20.3, 90.0, 43.0, 1994-08-09 00:00:00, 0.0
2.0, 21.3, 140.0, 50.0, 1994-08-10 00:00:00, 0.0
3.0, 23.8, 140.0, 50.0, 1994-08-11 00:00:00, 0.0
2.0, 22.6, 140.0, 57.0, 1994-08-12 00:00:00, 0.0
4.0, 25.7, 180.0, 50.0, 1994-08-13 00:00:00, 0.0
4.0, 19.4, 50.0, 77.0, 1994-08-14 00:00:00, 2.0
4.0, 17.7, 230.0, 56.0, 1994-08-15 00:00:00, 0.0
5.0, 18.9, 90.0, 52.0, 1994-08-16 00:00:00, 0.0
6.0, 22.6, 90.0, 48.0, 1994-08-17 00:00:00, 0.0
5.0, 22.3, 50.0, 54.0, 1994-08-18 00:00:00, 0.0
5.0, 26.0, 180.0, 44.0, 1994-08-19 00:00:00, 0.0
5.0, 20.8, 50.0, 60.0, 1994-08-20 00:00:00, 0.0
2.0, 16.0, 50.0, 71.0, 1994-08-21 00:00:00, 0.0
9.0, 13.7, 320.0, 66.0, 1994-08-22 00:00:00, 5.8
7.0, 12.4, 270.0, 64.0, 1994-08-23 00:00:00, 0.8
6.0, 14.6, 0.0, 61.0, 1994-08-24 00:00:00, 0.0
5.0, 16.2, 50.0, 52.0, 1994-08-25 00:00:00, 0.0
5.0, 19.0, 90.0, 43.0, 1994-08-26 00:00:00, 0.0
3.0, 21.1, 90.0, 47.0, 1994-08-27 00:00:00, 0.0
5.0, 21.8, 50.0, 46.0, 1994-08-28 00:00:00, 0.0
7.0, 20.5, 50.0, 47.0, 1994-08-29 00:00:00, 0.0
2.0, 18.5, 140.0, 62.0, 1994-08-30 00:00:00, 0.0
3.0, 17.1, 50.0, 58.0, 1994-08-31 00:00:00, 0.0
6.0, 15.8, 180.0, 56.0, 1994-09-01 00:00:00, 0.5
5.0, 14.2, 180.0, 50.0, 1994-09-02 00:00:00, 0.8
4.0, 13.2, 50.0, 56.0, 1994-09-03 00:00:00, 1.3
2.0, 13.1, 230.0, 53.0, 1994-09-04 00:00:00, 0.0
7.0, 15.2, 180.0, 76.0, 1994-09-05 00:00:00, 1.3
3.0, 12.5, 180.0, 95.0, 1994-09-06 00:00:00, 6.4
2.0, 12.6, 50.0, 81.0, 1994-09-07 00:00:00, 0.8
8.0, 10.3, 50.0, 97.0, 1994-09-08 00:00:00, 4.8
2.0, 9.9, 180.0, 93.0, 1994-09-09 00:00:00, 4.0
2.0, 11.2, 180.0, 86.0, 1994-09-10 00:00:00, 5.1
3.0, 10.9, 50.0, 76.0, 1994-09-11 00:00:00, 0.8
4.0, 9.2, 180.0, 97.0, 1994-09-12 00:00:00, 2.8
8.0, 12.3, 270.0, 86.0, 1994-09-13 00:00:00, 2.3
6.0, 12.2, 180.0, 78.0, 1994-09-14 00:00:00, 1.3
7.0, 15.4, 180.0, 74.0, 1994-09-15 00:00:00, 1.0
12.0, 19.0, 180.0, 60.0, 1994-09-16 00:00:00, 2.0
7.0, 16.9, 180.0, 73.0, 1994-09-17 00:00:00, 0.0
8.0, 15.5, 180.0, 65.0, 1994-09-18 00:00:00, 0.0
1.0, 9.4, 50.0, 89.0, 1994-09-19 00:00:00, 1.8
2.0, 11.5, 50.0, 53.0, 1994-09-20 00:00:00, 0.0
8.0, 17.9, 180.0, 63.0, 1994-09-21 00:00:00, 0.0
4.0, 12.3, 0.0, 91.0, 1994-09-22 00:00:00, 0.0
4.0, 10.9, 320.0, 57.0, 1994-09-23 00:00:00, 0.5
10.0, 18.8, 180.0, 74.0, 1994-09-24 00:00:00, 0.0
5.0, 11.4, 270.0, 67.0, 1994-09-25 00:00:00, 1.0
3.0, 8.7, 0.0, 76.0, 1994-09-26 00:00:00, 0.0
12.0, 12.8, 320.0, 53.0, 1994-09-27 00:00:00, 3.6
5.0, 7.6, 50.0, 68.0, 1994-09-28 00:00:00, 0.0
2.0, 6.8, 230.0, 65.0, 1994-09-29 00:00:00, 0.0
1.0, 4.9, 320.0, 97.0, 1994-09-30 00:00:00, 0.0
5.0, 6.7, 0.0, 87.0, 1994-10-01 00:00:00, 5.3
5.0, 8.1, 180.0, 57.0, 1994-10-02 00:00:00, 0.0
5.0, 8.2, 180.0, 67.0, 1994-10-03 00:00:00, 0.0
7.0, 10.7, 180.0, 68.0, 1994-10-04 00:00:00, 0.0
7.0, 9.8, 0.0, 58.0, 1994-10-05 00:00:00, 1.3
4.0, 9.3, 140.0, 70.0, 1994-10-06 00:00:00, 0.0
11.0, 13.6, 180.0, 69.0, 1995-07-24 00:00:00, 0.0
