station_observations
wind_speed, temperature, wind_direction, relative_humidity, time, precipitation
18.0, 9.6, 230.0, 63.0, 1993-06-07 00:00:00, 2.8
3.0, 7.6, 230.0, 51.0, 1993-06-08 00:00:00, 0.0
11.0, 5.5, 90.0, 94.0, 1993-06-09 00:00:00, 1.5
19.0, 6.7, 180.0, 61.0, 1993-06-10 00:00:00, 2.5
6.0, 8.9, 140.0, 52.0, 1993-06-11 00:00:00, 0.0
7.0, 10.9, 180.0, 53.0, 1993-06-12 00:00:00, 0.0
12.0, 10.7, 320.0, 66.0, 1993-06-13 00:00:00, 0.3
12.0, 12.2, 50.0, 82.0, 1993-06-14 00:00:00, 3.8
19.0, 5.5, 0.0, 99.0, 1993-06-15 00:00:00, 36.8
8.0, 10.6, 140.0, 79.0, 1993-06-16 00:00:00, 0.8
11.0, 7.9, 180.0, 99.0, 1993-06-17 00:00:00, 1.5
23.0, 10.0, 180.0, 70.0, 1993-06-18 00:00:00, 3.1
23.0, 10.0, 180.0, 70.0, 1993-06-19 00:00:00, 3.2
23.0, 10.0, 180.0, 70.0, 1993-06-20 00:00:00, 3.1
11.0, 9.0, 140.0, 77.0, 1993-06-21 00:00:00, 0.7
8.0, 8.0, 140.0, 79.0, 1993-06-22 00:00:00, 0.8
8.0, 8.0, 180.0, 79.0, 1993-06-23 00:00:00, 0.8
19.0, 8.0, 0.0, 77.0, 1993-06-24 00:00:00, 3.1
11.0, 9.0, 180.0, 86.0, 1993-06-25 00:00:00, 0.0
2.0, 8.8, 230.0, 94.0, 1993-06-26 00:00:00, 0.0
19.0, 9.3, 230.0, 90.0, 1993-06-27 00:00:00, 0.0
12.0, 6.4, 230.0, 99.0, 1993-06-28 00:00:00, 0.0
12.0, 8.0, 230.0, 77.0, 1993-06-29 00:00:00, 0.0
12.0, 10.6, 230.0, 64.0, 1993-06-30 00:00:00, 0.0
7.0, 10.8, 230.0, 61.0, 1993-07-01 00:00:00, 0.0
10.0, 13.2, 230.0, 57.0, 1993-07-02 00:00:00, 5.6
13.0, 11.7, 180.0, 60.0, 1993-07-03 00:00:00, 0.0
9.0, 7.7, 230.0, 91.0, 1993-07-04 00:00:00, 1.3
16.0, 8.6, 270.0, 73.0, 1993-07-05 00:00:00, 2.8
13.0, 10.9, 270.0, 71.0, 1993-07-06 00:00:00, 0.0
11.0, 16.2, 230.0, 52.0, 1993-07-07 00:00:00, 0.0
5.0, 9.5, 50.0, 86.0, 1993-07-08 00:00:00, 0.0
15.0, 12.1, 50.0, 68.0, 1993-07-09 00:00:00, 3.8
18.0, 13.0, 50.0, 60.0, 1993-07-10 00:00:00, 0.8
11.0, 11.7, 50.0, 67.0, 1993-07-11 00:00:00, 0.3
17.0, 12.3, 320.0, 57.0, 1993-07-12 00:00:00, 1.8
10.0, 12.5, 50.0, 49.0, 1993-07-13 00:00:00, 0.0
11.0, 13.7, 270.0, 65.0, 1993-07-14 00:00:00, 0.8
16.0, 7.8, 50.0, 89.0, 1993-07-15 00:00:00, 2.8
9.0, 11.7, 320.0, 66.0, 1993-07-16 00:00:00, 1.0
10.0, 16.6, 180.0, 41.0, 1993-07-17 00:00:00, 0.0
14.0, 16.2, 270.0, 51.0, 1993-07-18 00:00:00, 0.0
2.0, 17.2, 270.0, 49.0, 1993-07-19 00:00:00, 0.0
4.0, 13.8, 50.0, 73.0, 1993-07-20 00:00:00, 5.3
7.0, 14.7, 180.0, 58.0, 1993-07-21 00:00:00, 1.8
16.0, 11.0, 180.0, 84.0, 1993-07-22 00:00:00, 0.5
15.0, 9.9, 180.0, 84.0, 1993-07-23 00:00:00, 0.0
17.0, 9.9, 270.0, 85.0, 1993-07-24 00:00:00, 1.3
7.0, 15.7, 320.0, 60.0, 1993-07-25 00:00:00, 0.0
7.0, 17.3, 230.0, 48.0, 1993-07-26 00:00:00, 0.0
8.0, 15.0, 90.0, 57.0, 1993-07-27 00:00:00, 0.3
12.0, 11.7, 50.0, 99.0, 1993-07-28 00:00:00, 7.4
17.0, 7.0, 180.0, 99.0, 1993-07-29 00:00:00, 0.0
22.0, 5.9, 230.0, 99.0, 1993-07-30 00:00:00, 11.4
15.0, 11.8, 230.0, 69.0, 1993-07-31 00:00:00, 0.3
11.0, 14.7, 230.0, 74.0, 1993-08-01 00:00:00, 0.0
6.0, 17.7, 320.0, 54.0, 1993-08-02 00:00:00, 0.0
9.0, 21.2, 50.0, 49.0, 1993-08-03 00:00:00, 0.0
9.0, 22.5, 320.0, 42.0, 1993-08-04 00:00:00, 0.0
20.0, 22.9, 180.0, 32.0, 1993-08-05 00:00:00, 0.0
12.0, 15.0, 270.0, 58.0, 1993-08-06 00:00:00, 0.0
7.0, 17.4, 180.0, 50.0, 1993-08-07 00:00:00, 0.0
14.0, 9.0, 270.0, 99.0, 1993-08-08 00:00:00, 5.3
4.0, 7.0, 50.0, 99.0, 1993-08-09 00:00:00, 4.6
13.0, 10.5, 320.0, 62.0, 1993-08-10 00:00:00, 0.5
14.0, 13.5, 180.0, 51.0, 1993-08-11 00:00:00, 0.0
8.0, 18.3, 140.0, 46.0, 1993-08-12 00:00:00, 0.0
1.0, 10.2, 270.0, 76.0, 1993-08-13 00:00:00, 0.8
3.0, 13.9, 320.0, 69.0, 1993-08-14 00:00:00, 1.5
5.0, 17.7, 320.0, 47.0, 1993-08-15 00:00:00, 0.0
9.0, 18.6, 180.0, 52.0, 1993-08-16 00:00:00, 0.0
13.0, 17.3, 180.0, 43.0, 1993-08-17 00:00:00, 0.0
1.0, 15.6, 270.0, 70.0, 1993-08-18 00:00:00, 0.0
4.0, 19.2, 320.0, 60.0, 1993-08-19 00:00:00, 0.0
14.0, 19.1, 180.0, 49.0, 1993-08-20 00:00:00, 0.0
13.0, 13.5, 180.0, 75.0, 1993-08-21 00:00:00, 0.3
3.0, 9.1, 50.0, 99.0, 1993-08-22 00:00:00, 4.8
29.0, 4.7, 180.0, 99.0, 1993-08-23 00:00:00, 17.3
12.0, 4.8, 270.0, 99.0, 1993-08-24 00:00:00, 9.1
7.0, 6.6, 180.0, 94.0, 1993-08-25 00:00:00, 0.3
5.0, 6.7, 180.0, 90.0, 1993-08-26 00:00:00, 0.3
14.0, 7.6, 270.0, 88.0, 1993-08-27 00:00:00, 1.5
10.0, 8.7, 270.0, 81.0, 1993-08-28 00:00:00, 0.8
3.0, 11.8, 0.0, 60.0, 1993-08-29 00:00:00, 0.0
14.0, 15.4, 270.0, 53.0, 1993-08-30 00:00:00, 0.0
22.0, 14.8, 270.0, 70.0, 1993-08-31 00:00:00, 0.0
3.0, 16.5, 270.0, 65.0, 1993-09-01 00:00:00, 0.0
11.0, 19.5, 270.0, 40.0, 1993-09-02 00:00:00, 0.0
14.0, 16.6, 230.0, 44.0, 1993-09-03 00:00:00, 0.0
9.0, 15.8, 50.0, 56.0, 1993-09-04 00:00:00, 0.0
11.0, 17.5, 140.0, 46.0, 1993-09-05 00:00:00, 0.0
7.0, 19.1, 180.0, 45.0, 1993-09-06 00:00:00, 0.0
20.0, 21.0, 230.0, 23.0, 1993-09-07 00:00:00, 0.0
11.0, 15.3, 320.0, 44.0, 1993-09-08 00:00:00, 0.0
4.0, 20.4, 230.0, 43.0, 1993-09-09 00:00:00, 0.0
24.0, 16.2, 230.0, 39.0, 1993-09-10 00:00:00, 0.0
23.0, 6.1, 270.0, 80.0, 1993-09-11 00:00:00, 1.3
4.0, 10.6, 230.0, 60.0, 1993-09-12 00:00:00, 0.0
12.0, 10.9, 180.0, 67.0, 1993-09-13 00:00:00, 0.0
6.0, 7.4, 320.0, 90.0, 1993-09-14 00:00:00, 5.8
8.0, 9.4, 140.0, 73.0, 1993-09-15 00:00:00, 0.0
13.0, 12.2, 180.0, 59.0, 1993-09-16 00:00:00, 0.0
15.0, 12.7, 180.0, 55.0, 1993-09-17 00:00:00, 0.0
10.0, 5.1, 270.0, 52.0, 1993-09-18 00:00:00, 0.0
20.0, 3.9, 320.0, 59.0, 1993-09-19 00:00:00, 0.0
13.0, 7.1, 180.0, 42.0, 1993-09-20 00:00:00, 0.0
12.0, 7.6, 180.0, 65.0, 1993-09-21 00:00:00, 0.0
12.0, 7.6, 180.0, 65.0, 1993-09-22 00:00:00, 0.0
22.0, 9.5, 180.0, 81.0, 1993-09-23 00:00:00, 0.0
10.0, 6.0, 230.0, 99.0, 1993-09-24 00:00:00, 6.1
11.0, 5.4, 180.0, 89.0, 1993-09-25 00:00:00, 0.0
29.0, 10.2, 230.0, 88.0, 1993-09-26 00:00:00, 0.5
2.0, 9.1, 320.0, 66.0, 1993-09-27 00:00:00, 0.0
11.0, 14.3, 140.0, 45.0, 1993-09-28 00:00:00, 0.0
32.0, 10.2, 180.0, 71.0, 1993-09-29 00:00:00, 0.0
10.0, 7.4, 270.0, 60.0, 1993-09-30 00:00:00, 0.0
4.0, 14.8, 180.0, 57.0, 1993-10-01 00:00:00, 0.0
13.0, 16.7, 140.0, 60.0, 1993-10-02 00:00:00, 0.0
6.0, 17.3, 180.0, 57.0, 1993-10-03 00:00:00, 0.0
23.0, 14.7, 180.0, 61.0, 1993-10-04 00:00:00, 0.0
14.0, 6.7, 180.0, 99.0, 1993-10-05 00:00:00, 1.8
13.0, 2.2, 320.0, 94.0, 1993-10-06 00:00:00, 1.8
3.0, 6.1, 140.0, 82.0, 1993-10-07 00:00:00, 0.0
3.0, 8.9, 230.0, 72.0, 1993-10-08 00:00:00, 0.0
10.0, 10.7, 180.0, 58.0, 1993-10-09 00:00:00, 0.0
0.0, 10.9, 230.0, 51.0, 1993-10-10 00:00:00, 0.0
1.0, 11.4, 270.0, 63.0, 1993-10-11 00:00:00, 0.0
8.0, 8.1, 180.0, 69.0, 1993-10-12 00:00:00, 0.0
13.0, 5.8, 180.0, 77.0, 1993-10-13 00:00:00, 0.0
6.0, 2.6, 320.0, 95.0, 1993-10-14 00:00:00, 0.0
6.0, 4.6, 180.0, 82.0, 1993-10-15 00:00:00, 0.0
0.0, 0.0, 0.0, 0.0, 1994-06-05 00:00:00, 0.0
5.0, 8.9, 50.0, 63.0, 1994-06-06 00:00:00, 0.5
4.0, 9.1, 90.0, 66.0, 1994-06-07 00:00:00, 0.0
3.0, 8.0, 90.0, 76.0, 1994-06-08 00:00:00, 0.0
18.0, 9.9, 230.0, 52.0, 1994-06-09 00:00:00, 2.0
13.0, 10.0, 180.0, 58.0, 1994-06-10 00:00:00, 0.0
12.0, 9.4, 140.0, 80.0, 1994-06-11 00:00:00, 1.5
2.0, 6.2, 140.0, 78.0, 1994-06-12 00:00:00, 2.5
21.0, 5.2, 50.0, 97.0, 1994-06-13 00:00:00, 14.0
14.0, 3.1, 50.0, 96.0, 1994-06-14 00:00:00, 2.8
8.0, 6.0, 90.0, 86.0, 1994-06-15 00:00:00, 0.5
3.0, 7.1, 320.0, 85.0, 1994-06-16 00:00:00, 3.0
12.0, 9.8, 230.0, 66.0, 1994-06-17 00:00:00, 1.3
12.0, 10.3, 270.0, 59.0, 1994-06-18 00:00:00, 0.0
10.0, 11.0, 230.0, 62.0, 1994-06-19 00:00:00, 0.0
14.0, 13.0, 230.0, 50.0, 1994-06-20 00:00:00, 0.0
19.0, 16.4, 270.0, 38.0, 1994-06-21 00:00:00, 0.0
11.0, 18.5, 320.0, 33.0, 1994-06-22 00:00:00, 0.0
13.0, 19.4, 230.0, 49.0, 1994-06-23 00:00:00, 0.0
9.0, 16.2, 230.0, 56.0, 1994-06-24 00:00:00, 0.0
14.0, 15.3, 270.0, 56.0, 1994-06-25 00:00:00, 0.0
23.0, 14.5, 270.0, 43.0, 1994-06-26 00:00:00, 0.0
11.0, 8.7, 180.0, 61.0, 1994-06-27 00:00:00, 0.0
16.0, 8.7, 180.0, 75.0, 1994-06-28 00:00:00, 0.0
16.0, 8.9, 230.0, 71.0, 1994-06-29 00:00:00, 4.3
13.0, 6.1, 180.0, 94.0, 1994-06-30 00:00:00, 7.1
6.0, 6.9, 230.0, 93.0, 1994-07-01 00:00:00, 4.1
17.0, 5.6, 230.0, 97.0, 1994-07-02 00:00:00, 16.3
7.0, 8.0, 270.0, 85.0, 1994-07-03 00:00:00, 4.1
16.0, 6.2, 320.0, 94.0, 1994-07-04 00:00:00, 1.0
15.0, 15.5, 230.0, 53.0, 1994-07-05 00:00:00, 0.0
18.0, 9.1, 180.0, 91.0, 1994-07-06 00:00:00, 0.3
13.0, 8.9, 230.0, 93.0, 1994-07-07 00:00:00, 2.3
14.0, 5.4, 270.0, 88.0, 1994-07-08 00:00:00, 3.0
17.0, 10.7, 270.0, 73.0, 1994-07-09 00:00:00, 2.5
10.0, 12.6, 270.0, 67.0, 1994-07-10 00:00:00, 0.0
6.0, 16.0, 50.0, 59.0, 1994-07-11 00:00:00, 0.0
3.0, 18.2, 50.0, 53.0, 1994-07-12 00:00:00, 0.0
0.0, 16.6, 230.0, 60.0, 1994-07-13 00:00:00, 1.0
3.0, 16.4, 50.0, 62.0, 1994-07-14 00:00:00, 4.1
8.0, 18.6, 230.0, 53.0, 1994-07-15 00:00:00, 0.3
11.0, 13.6, 230.0, 58.0, 1994-07-16 00:00:00, 0.0
15.0, 9.4, 180.0, 94.0, 1994-07-17 00:00:00, 2.5
17.0, 12.5, 230.0, 79.0, 1994-07-18 00:00:00, 1.8
11.0, 17.3, 270.0, 59.0, 1994-07-19 00:00:00, 0.0
20.0, 22.8, 270.0, 31.0, 1994-07-20 00:00:00, 0.0
5.0, 18.8, 320.0, 16.0, 1994-07-21 00:00:00, 0.0
6.0, 23.3, 180.0, 16.0, 1994-07-22 00:00:00, 0.0
11.0, 25.5, 140.0, 17.0, 1994-07-23 00:00:00, 0.0
11.0, 25.2, 230.0, 29.0, 1994-07-24 00:00:00, 0.0
12.0, 13.9, 180.0, 92.0, 1994-07-25 00:00:00, 3.3
12.0, 14.7, 230.0, 70.0, 1994-07-26 00:00:00, 1.8
11.0, 18.5, 180.0, 50.0, 1994-07-27 00:00:00, 0.0
10.0, 21.6, 180.0, 44.0, 1994-07-28 00:00:00, 0.0
0.0, 15.4, 0.0, 65.0, 1994-07-29 00:00:00, 0.0
16.0, 12.7, 230.0, 55.0, 1994-07-30 00:00:00, 0.0
8.0, 11.2, 180.0, 60.0, 1994-07-31 00:00:00, 0.0
10.0, 17.6, 90.0, 51.0, 1994-08-01 00:00:00, 0.0
6.0, 21.8, 140.0, 48.0, 1994-08-02 00:00:00, 0.0
11.0, 21.3, 140.0, 62.0, 1994-08-03 00:00:00, 0.0
10.0, 17.3, 50.0, 76.0, 1994-08-04 00:00:00, 0.5
16.0, 13.9, 320.0, 66.0, 1994-08-05 00:00:00, 17.3
4.0, 9.0, 230.0, 90.0, 1994-08-06 00:00:00, 13.7
0.0, 14.1, 50.0, 75.0, 1994-08-07 00:00:00, 0.5
0.0, 14.1, 50.0, 65.0, 1994-08-08 00:00:00, 0.0
0.0, 12.5, 50.0, 63.0, 1994-08-09 00:00:00, 0.0
0.0, 14.9, 0.0, 66.0, 1994-08-10 00:00:00, 0.0
0.0, 18.0, 230.0, 56.0, 1994-08-11 00:00:00, 0.0
8.0, 19.6, 270.0, 54.0, 1994-08-12 00:00:00, 0.0
13.0, 22.3, 140.0, 46.0, 1994-08-13 00:00:00, 0.0
0.0, 16.4, 0.0, 57.0, 1994-08-14 00:00:00, 3.3
0.0, 12.6, 270.0, 64.0, 1994-08-15 00:00:00, 0.0
0.0, 13.8, 320.0, 63.0, 1994-08-16 00:00:00, 0.3
0.0, 18.4, 0.0, 52.0, 1994-08-17 00:00:00, 0.0
0.0, 20.7, 50.0, 49.0, 1994-08-18 00:00:00, 0.0
0.0, 21.5, 50.0, 41.0, 1994-08-19 00:00:00, 0.0
0.0, 14.6, 0.0, 61.0, 1994-08-20 00:00:00, 0.5
0.0, 10.7, 270.0, 79.0, 1994-08-21 00:00:00, 0.0
0.0, 9.6, 230.0, 72.0, 1994-08-22 00:00:00, 2.0
22.0, 8.9, 230.0, 64.0, 1994-08-23 00:00:00, 0.0
8.0, 10.0, 0.0, 64.0, 1994-08-24 00:00:00, 0.0
0.0, 10.7, 50.0, 62.0, 1994-08-25 00:00:00, 0.0
10.0, 15.1, 50.0, 44.0, 1994-08-26 00:00:00, 0.0
6.0, 18.7, 230.0, 36.0, 1994-08-27 00:00:00, 0.0
11.0, 19.5, 230.0, 32.0, 1994-08-28 00:00:00, 0.0
5.0, 14.2, 270.0, 75.0, 1994-08-29 00:00:00, 0.5
10.0, 14.8, 180.0, 52.0, 1994-08-30 00:00:00, 0.0
4.0, 13.1, 180.0, 61.0, 1994-08-31 00:00:00, 0.3
14.0, 9.7, 180.0, 80.0, 1994-09-01 00:00:00, 4.8
17.0, 5.8, 180.0, 92.0, 1994-09-02 00:00:00, 0.8
5.0, 6.8, 230.0, 92.0, 1994-09-03 00:00:00, 6.1
17.0, 8.1, 180.0, 73.0, 1994-09-04 00:00:00, 0.0
15.0, 10.0, 180.0, 88.0, 1994-09-05 00:00:00, 1.5
23.0, 10.4, 180.0, 90.0, 1994-09-06 00:00:00, 2.3
2.0, 8.1, 230.0, 80.0, 1994-09-07 00:00:00, 0.8
8.0, 7.0, 230.0, 97.0, 1994-09-08 00:00:00, 8.9
10.0, 7.2, 230.0, 88.0, 1994-09-09 00:00:00, 0.2
3.0, 7.2, 320.0, 79.0, 1994-09-10 00:00:00, 0.8
15.0, 8.2, 180.0, 66.0, 1994-09-11 00:00:00, 0.0
20.0, 6.7, 180.0, 98.0, 1994-09-12 00:00:00, 2.3
24.0, 8.7, 230.0, 96.0, 1994-09-13 00:00:00, 3.0
21.0, 8.4, 180.0, 85.0, 1994-09-14 00:00:00, 0.0
25.0, 13.2, 180.0, 72.0, 1994-09-15 00:00:00, 0.8
34.0, 12.7, 180.0, 72.0, 1994-09-16 00:00:00, 1.5
19.0, 10.7, 180.0, 88.0, 1994-09-17 00:00:00, 0.3
22.0, 11.0, 180.0, 77.0, 1994-09-18 00:00:00, 0.3
11.0, 5.8, 270.0, 97.0, 1994-09-19 00:00:00, 3.6
4.0, 9.5, 180.0, 56.0, 1994-09-20 00:00:00, 0.0
15.0, 15.3, 180.0, 68.0, 1994-09-21 00:00:00, 0.0
26.0, 12.6, 180.0, 79.0, 1994-09-22 00:00:00, 0.0
0.0, 8.5, 320.0, 89.0, 1994-09-23 00:00:00, 3.6
21.0, 14.3, 180.0, 83.0, 1994-09-24 00:00:00, 1.5
23.0, 8.0, 230.0, 61.0, 1994-09-25 00:00:00, 0.3
8.0, 5.0, 230.0, 78.0, 1994-09-26 00:00:00, 0.0
32.0, 7.9, 230.0, 64.0, 1994-09-27 00:00:00, 1.5
0.0, 4.5, 0.0, 69.0, 1994-09-28 00:00:00, 0.0
7.0, 5.1, 180.0, 77.0, 1994-09-29 00:00:00, 0.0
1.0, 3.5, 180.0, 97.0, 1994-09-30 00:00:00, 13.7
18.0, 2.3, 270.0, 77.0, 1994-10-01 00:00:00, 13.2
10.0, 3.8, 50.0, 62.0, 1994-10-02 00:00:00, 0.0
9.0, 7.6, 180.0, 58.0, 1994-10-03 00:00:00, 0.0
20.0, 11.8, 230.0, 57.0, 1994-10-04 00:00:00, 0.0
21.0, 4.2, 320.0, 69.0, 1994-10-05 00:00:00, 0.0
24.0, 6.0, 230.0, 74.0, 1994-10-06 00:00:00, 0.0
9.0, 3.8, 180.0, 73.0, 1994-10-07 00:00:00, 0.3
13.0, 6.4, 180.0, 86.0, 1994-10-08 00:00:00, 0.0
14.0, 3.6, 230.0, 71.0, 1994-10-09 00:00:00, 0.2
6.0, 3.1, 230.0, 62.0, 1994-10-10 00:00:00, 0.0
11.0, 4.1, 180.0, 62.0, 1994-10-11 00:00:00, 0.0
11.0, 2.7, 180.0, 88.0, 1994-10-12 00:00:00, 0.0
11.0, 0.3, 180.0, 96.0, 1994-10-13 00:00:00, 0.0
0.0, -0.6, 140.0, 98.0, 1994-10-14 00:00:00, 0.3
