station_observations
wind_speed, temperature, wind_direction, relative_humidity, time, precipitation
5.0, 11.5, 50.0, 73.0, 1993-06-07 00:00:00, 2.4
7.0, 9.2, 270.0, 64.0, 1993-06-08 00:00:00, 0.0
4.0, 7.6, 140.0, 91.0, 1993-06-09 00:00:00, 0.8
10.0, 10.9, 140.0, 58.0, 1993-06-10 00:00:00, 4.1
4.0, 12.0, 50.0, 59.0, 1993-06-11 00:00:00, 0.0
6.0, 15.1, 270.0, 53.0, 1993-06-12 00:00:00, 0.5
12.0, 16.6, 90.0, 47.0, 1993-06-13 00:00:00, 0.5
3.0, 14.3, 270.0, 77.0, 1993-06-14 00:00:00, 1.8
8.0, 9.2, 270.0, 92.0, 1993-06-15 00:00:00, 18.8
4.0, 12.8, 140.0, 76.0, 1993-06-16 00:00:00, 0.5
6.0, 11.6, 140.0, 90.0, 1993-06-17 00:00:00, 2.5
7.0, 14.9, 230.0, 48.0, 1993-06-18 00:00:00, 0.5
14.0, 13.8, 180.0, 40.0, 1993-06-19 00:00:00, 0.0
7.0, 14.6, 140.0, 36.0, 1993-06-20 00:00:00, 0.0
10.0, 14.5, 50.0, 55.0, 1993-06-21 00:00:00, 0.0
4.0, 4.2, 50.0, 94.0, 1993-06-22 00:00:00, 4.3
6.0, 11.2, 0.0, 88.0, 1993-06-23 00:00:00, 0.3
7.0, 14.5, 180.0, 71.0, 1993-06-24 00:00:00, 0.5
4.0, 12.0, 0.0, 81.0, 1993-06-25 00:00:00, 0.8
6.0, 11.5, 90.0, 89.0, 1993-06-26 00:00:00, 1.3
8.0, 14.6, 270.0, 70.0, 1993-06-27 00:00:00, 0.0
1.0, 9.7, 90.0, 93.0, 1993-06-28 00:00:00, 1.1
1.0, 10.0, 0.0, 79.0, 1993-06-29 00:00:00, 0.0
8.0, 12.9, 320.0, 66.0, 1993-06-30 00:00:00, 0.0
1.0, 11.9, 180.0, 77.0, 1993-07-01 00:00:00, 0.3
9.0, 18.9, 90.0, 43.0, 1993-07-02 00:00:00, 0.3
2.0, 11.6, 140.0, 85.0, 1993-07-03 00:00:00, 0.5
2.0, 12.0, 50.0, 83.0, 1993-07-04 00:00:00, 6.9
10.0, 14.0, 270.0, 51.0, 1993-07-05 00:00:00, 0.0
10.0, 13.0, 270.0, 55.0, 1993-07-06 00:00:00, 0.0
7.0, 17.6, 50.0, 57.0, 1993-07-07 00:00:00, 0.0
5.0, 14.3, 0.0, 70.0, 1993-07-08 00:00:00, 0.3
2.0, 15.1, 50.0, 57.0, 1993-07-09 00:00:00, 0.0
1.0, 15.5, 180.0, 70.0, 1993-07-10 00:00:00, 5.3
8.0, 15.9, 0.0, 58.0, 1993-07-11 00:00:00, 0.0
5.0, 15.9, 0.0, 49.0, 1993-07-12 00:00:00, 0.0
9.0, 18.1, 50.0, 41.0, 1993-07-13 00:00:00, 0.0
3.0, 14.4, 0.0, 64.0, 1993-07-14 00:00:00, 0.5
6.0, 10.4, 270.0, 90.0, 1993-07-15 00:00:00, 3.6
8.0, 16.6, 90.0, 55.0, 1993-07-16 00:00:00, 2.0
2.0, 18.7, 90.0, 43.0, 1993-07-17 00:00:00, 0.0
6.0, 19.1, 270.0, 55.0, 1993-07-18 00:00:00, 0.0
5.0, 18.8, 270.0, 57.0, 1993-07-19 00:00:00, 0.0
4.0, 19.5, 230.0, 47.0, 1993-07-20 00:00:00, 0.0
10.0, 18.9, 90.0, 43.0, 1993-07-21 00:00:00, 2.0
6.0, 15.2, 140.0, 76.0, 1993-07-22 00:00:00, 0.3
2.0, 13.0, 320.0, 86.0, 1993-07-23 00:00:00, 0.3
12.0, 13.9, 270.0, 65.0, 1993-07-24 00:00:00, 1.0
4.0, 18.7, 270.0, 58.0, 1993-07-25 00:00:00, 0.0
12.0, 21.2, 50.0, 44.0, 1993-07-26 00:00:00, 0.0
3.0, 17.7, 90.0, 60.0, 1993-07-27 00:00:00, 2.0
3.0, 14.3, 320.0, 89.0, 1993-07-28 00:00:00, 3.6
1.0, 9.6, 50.0, 91.0, 1993-07-29 00:00:00, 12.2
10.0, 10.1, 180.0, 82.0, 1993-07-30 00:00:00, 0.8
2.0, 15.3, 320.0, 70.0, 1993-07-31 00:00:00, 0.0
3.0, 17.7, 270.0, 69.0, 1993-08-01 00:00:00, 0.0
6.0, 20.3, 0.0, 62.0, 1993-08-02 00:00:00, 0.0
7.0, 23.8, 50.0, 49.0, 1993-08-03 00:00:00, 0.0
6.0, 26.7, 0.0, 35.0, 1993-08-04 00:00:00, 0.0
5.0, 26.4, 50.0, 41.0, 1993-08-05 00:00:00, 0.0
11.0, 19.4, 0.0, 43.0, 1993-08-06 00:00:00, 0.0
4.0, 20.4, 270.0, 48.0, 1993-08-07 00:00:00, 0.0
2.0, 12.4, 50.0, 93.0, 1993-08-08 00:00:00, 4.6
1.0, 10.6, 0.0, 85.0, 1993-08-09 00:00:00, 5.1
6.0, 15.0, 0.0, 51.0, 1993-08-10 00:00:00, 0.8
2.0, 15.5, 50.0, 63.0, 1993-08-11 00:00:00, 0.0
4.0, 14.9, 0.0, 60.0, 1993-08-12 00:00:00, 0.5
5.0, 12.2, 180.0, 76.0, 1993-08-13 00:00:00, 0.3
4.0, 18.3, 90.0, 53.0, 1993-08-14 00:00:00, 0.0
9.0, 20.9, 50.0, 47.0, 1993-08-15 00:00:00, 0.0
6.0, 21.4, 50.0, 54.0, 1993-08-16 00:00:00, 0.0
6.0, 19.7, 50.0, 53.0, 1993-08-17 00:00:00, 0.0
4.0, 18.8, 50.0, 63.0, 1993-08-18 00:00:00, 0.0
6.0, 21.3, 50.0, 56.0, 1993-08-19 00:00:00, 0.0
8.0, 21.6, 140.0, 35.0, 1993-08-20 00:00:00, 0.0
10.0, 19.5, 140.0, 54.0, 1993-08-21 00:00:00, 0.0
0.0, 11.4, 50.0, 92.0, 1993-08-22 00:00:00, 2.8
14.0, 9.3, 180.0, 83.0, 1993-08-23 00:00:00, 5.6
2.0, 8.9, 90.0, 90.0, 1993-08-24 00:00:00, 0.3
0.0, 9.1, 90.0, 92.0, 1993-08-25 00:00:00, 0.3
4.0, 9.6, 50.0, 86.0, 1993-08-26 00:00:00, 0.0
0.0, 10.4, 0.0, 85.0, 1993-08-27 00:00:00, 0.0
4.0, 11.8, 320.0, 76.0, 1993-08-28 00:00:00, 3.8
4.0, 15.5, 90.0, 66.0, 1993-08-29 00:00:00, 0.0
4.0, 16.5, 50.0, 66.0, 1993-08-30 00:00:00, 0.0
4.0, 18.0, 50.0, 67.0, 1993-08-31 00:00:00, 0.0
6.0, 19.3, 50.0, 69.0, 1993-09-01 00:00:00, 0.0
3.0, 20.0, 50.0, 69.0, 1993-09-02 00:00:00, 0.0
3.0, 19.2, 180.0, 55.0, 1993-09-03 00:00:00, 0.0
3.0, 19.3, 180.0, 48.0, 1993-09-04 00:00:00, 0.0
9.0, 21.4, 90.0, 37.0, 1993-09-05 00:00:00, 0.0
5.0, 19.9, 90.0, 51.0, 1993-09-06 00:00:00, 0.0
6.0, 22.6, 0.0, 26.0, 1993-09-07 00:00:00, 0.0
9.0, 18.6, 320.0, 42.0, 1993-09-08 00:00:00, 0.0
12.0, 19.9, 90.0, 41.0, 1993-09-09 00:00:00, 0.0
6.0, 17.4, 270.0, 52.0, 1993-09-10 00:00:00, 0.0
9.0, 12.7, 320.0, 51.0, 1993-09-11 00:00:00, 0.3
5.0, 13.9, 90.0, 55.0, 1993-09-12 00:00:00, 0.0
2.0, 14.8, 0.0, 59.0, 1993-09-13 00:00:00, 0.0
1.0, 11.1, 50.0, 83.0, 1993-09-14 00:00:00, 3.1
4.0, 14.2, 50.0, 55.0, 1993-09-15 00:00:00, 0.0
5.0, 15.2, 50.0, 51.0, 1993-09-16 00:00:00, 0.0
5.0, 15.3, 50.0, 59.0, 1993-09-17 00:00:00, 0.0
2.0, 10.5, 140.0, 38.0, 1993-09-18 00:00:00, 0.0
8.0, 8.8, 0.0, 45.0, 1993-09-19 00:00:00, 0.0
4.0, 9.2, 50.0, 46.0, 1993-09-20 00:00:00, 0.0
4.0, 9.8, 90.0, 59.0, 1993-09-21 00:00:00, 0.0
5.0, 11.8, 50.0, 56.0, 1993-09-22 00:00:00, 0.0
3.0, 12.1, 140.0, 75.0, 1993-09-23 00:00:00, 0.0
2.0, 7.9, 90.0, 93.0, 1993-09-24 00:00:00, 6.1
0.0, 6.7, 270.0, 91.0, 1993-09-25 00:00:00, 0.5
9.0, 11.6, 140.0, 88.0, 1993-09-26 00:00:00, 0.0
3.0, 10.9, 50.0, 71.0, 1993-09-27 00:00:00, 0.3
5.0, 13.6, 90.0, 62.0, 1993-09-28 00:00:00, 0.3
15.0, 15.0, 230.0, 50.0, 1993-09-29 00:00:00, 0.0
4.0, 10.4, 50.0, 67.0, 1993-09-30 00:00:00, 0.0
5.0, 13.4, 50.0, 65.0, 1993-10-01 00:00:00, 0.0
4.0, 17.3, 90.0, 63.0, 1993-10-02 00:00:00, 0.0
3.0, 17.4, 50.0, 72.0, 1993-10-03 00:00:00, 0.0
13.0, 18.2, 140.0, 54.0, 1993-10-04 00:00:00, 0.0
5.0, 10.4, 0.0, 74.0, 1993-10-05 00:00:00, 0.0
5.0, 6.3, 0.0, 78.0, 1993-10-06 00:00:00, 4.3
7.0, 8.6, 90.0, 68.0, 1993-10-07 00:00:00, 0.0
4.0, 7.8, 90.0, 77.0, 1993-10-08 00:00:00, 0.3
4.0, 4.0, 90.0, 92.0, 1993-10-09 00:00:00, 0.0
6.0, 0.4, 90.0, 91.0, 1993-10-10 00:00:00, 0.3
3.0, 0.9, 90.0, 92.0, 1993-10-11 00:00:00, 0.3
1.0, 1.0, 140.0, 93.0, 1993-10-12 00:00:00, 0.0
0.0, 1.8, 50.0, 94.0, 1993-10-13 00:00:00, 0.3
2.0, 4.1, 270.0, 89.0, 1993-10-14 00:00:00, 0.0
4.0, 1.0, 90.0, 91.0, 1993-10-15 00:00:00, 0.3
0.0, 0.0, 0.0, 0.0, 1994-06-05 00:00:00, 0.0
6.0, 6.5, 50.0, 69.0, 1994-06-06 00:00:00, 5.1
5.0, 8.8, 230.0, 63.0, 1994-06-07 00:00:00, 0.0
2.0, 6.6, 180.0, 85.0, 1994-06-08 00:00:00, 0.3
3.0, 2.3, 270.0, 93.0, 1994-06-09 00:00:00, 0.0
2.0, 2.0, 230.0, 94.0, 1994-06-10 00:00:00, 0.3
5.0, 2.0, 230.0, 94.0, 1994-06-11 00:00:00, 0.3
2.0, 2.2, 180.0, 94.0, 1994-06-12 00:00:00, 0.3
0.0, 2.6, 270.0, 92.0, 1994-06-13 00:00:00, 0.0
5.0, 6.3, 90.0, 78.0, 1994-06-14 00:00:00, 0.0
0.0, 1.6, 230.0, 92.0, 1994-06-15 00:00:00, 0.3
0.0, 11.1, 270.0, 75.0, 1994-06-16 00:00:00, 2.5
2.0, 9.2, 0.0, 83.0, 1994-06-17 00:00:00, 0.0
3.0, 14.0, 50.0, 62.0, 1994-06-18 00:00:00, 1.3
7.0, 14.5, 90.0, 64.0, 1994-06-19 00:00:00, 0.0
5.0, 15.6, 50.0, 61.0, 1994-06-20 00:00:00, 0.0
5.0, 19.0, 90.0, 50.0, 1994-06-21 00:00:00, 0.0
5.0, 21.5, 90.0, 50.0, 1994-06-22 00:00:00, 0.0
4.0, 21.7, 90.0, 53.0, 1994-06-23 00:00:00, 0.0
4.0, 20.7, 50.0, 57.0, 1994-06-24 00:00:00, 0.0
1.0, 18.6, 270.0, 64.0, 1994-06-25 00:00:00, 0.0
9.0, 18.6, 140.0, 42.0, 1994-06-26 00:00:00, 0.0
1.0, 11.6, 50.0, 56.0, 1994-06-27 00:00:00, 0.0
9.0, 12.6, 180.0, 71.0, 1994-06-28 00:00:00, 0.0
1.0, 10.6, 230.0, 83.0, 1994-06-29 00:00:00, 1.3
5.0, 9.6, 180.0, 84.0, 1994-06-30 00:00:00, 2.3
0.0, 8.6, 90.0, 95.0, 1994-07-01 00:00:00, 12.2
1.0, 8.4, 230.0, 98.0, 1994-07-02 00:00:00, 7.4
2.0, 12.5, 180.0, 79.0, 1994-07-03 00:00:00, 2.0
8.0, 11.3, 50.0, 80.0, 1994-07-04 00:00:00, 1.0
5.0, 18.8, 50.0, 65.0, 1994-07-05 00:00:00, 0.0
10.0, 13.6, 180.0, 78.0, 1994-07-06 00:00:00, 0.0
7.0, 14.8, 230.0, 67.0, 1994-07-07 00:00:00, 0.0
1.0, 10.5, 90.0, 77.0, 1994-07-08 00:00:00, 0.0
5.0, 15.7, 0.0, 67.0, 1994-07-09 00:00:00, 0.3
4.0, 16.0, 50.0, 62.0, 1994-07-10 00:00:00, 0.0
1.0, 19.1, 50.0, 59.0, 1994-07-11 00:00:00, 0.0
3.0, 22.6, 180.0, 52.0, 1994-07-12 00:00:00, 0.0
4.0, 20.8, 90.0, 67.0, 1994-07-13 00:00:00, 0.0
1.0, 21.5, 140.0, 69.0, 1994-07-14 00:00:00, 4.8
6.0, 22.8, 90.0, 54.0, 1994-07-15 00:00:00, 0.0
5.0, 17.7, 140.0, 64.0, 1994-07-16 00:00:00, 0.0
11.0, 14.7, 180.0, 80.0, 1994-07-17 00:00:00, 0.0
2.0, 17.6, 90.0, 65.0, 1994-07-18 00:00:00, 0.0
5.0, 20.6, 90.0, 64.0, 1994-07-19 00:00:00, 0.0
1.0, 24.8, 50.0, 52.0, 1994-07-20 00:00:00, 0.0
5.0, 21.1, 90.0, 43.0, 1994-07-21 00:00:00, 0.0
2.0, 25.6, 140.0, 31.0, 1994-07-22 00:00:00, 0.0
1.0, 28.1, 140.0, 31.0, 1994-07-23 00:00:00, 0.0
3.0, 27.5, 90.0, 40.0, 1994-07-24 00:00:00, 0.0
0.0, 14.5, 50.0, 94.0, 1994-07-25 00:00:00, 2.5
1.0, 18.7, 140.0, 71.0, 1994-07-26 00:00:00, 0.0
1.0, 21.8, 140.0, 53.0, 1994-07-27 00:00:00, 0.0
1.0, 24.6, 50.0, 49.0, 1994-07-28 00:00:00, 0.0
5.0, 18.6, 180.0, 59.0, 1994-07-29 00:00:00, 0.5
2.0, 15.1, 0.0, 57.0, 1994-07-30 00:00:00, 1.0
0.0, 14.7, 90.0, 62.0, 1994-07-31 00:00:00, 3.0
4.0, 19.0, 140.0, 58.0, 1994-08-01 00:00:00, 0.0
3.0, 24.4, 90.0, 48.0, 1994-08-02 00:00:00, 0.0
0.0, 21.0, 0.0, 78.0, 1994-08-03 00:00:00, 0.0
2.0, 22.3, 90.0, 63.0, 1994-08-04 00:00:00, 0.0
1.0, 15.6, 50.0, 85.0, 1994-08-05 00:00:00, 5.8
0.0, 11.4, 140.0, 91.0, 1994-08-06 00:00:00, 16.7
3.0, 17.2, 140.0, 83.0, 1994-08-07 00:00:00, 0.0
0.0, 18.2, 90.0, 64.0, 1994-08-08 00:00:00, 0.0
0.0, 16.4, 90.0, 66.0, 1994-08-09 00:00:00, 0.0
4.0, 19.8, 140.0, 56.0, 1994-08-10 00:00:00, 0.0
1.0, 22.6, 140.0, 53.0, 1994-08-11 00:00:00, 0.0
1.0, 23.3, 140.0, 54.0, 1994-08-12 00:00:00, 0.0
0.0, 24.9, 0.0, 52.0, 1994-08-13 00:00:00, 0.0
5.0, 20.1, 50.0, 67.0, 1994-08-14 00:00:00, 0.5
2.0, 15.8, 140.0, 67.0, 1994-08-15 00:00:00, 0.0
5.0, 17.9, 50.0, 67.0, 1994-08-16 00:00:00, 1.0
3.0, 21.5, 50.0, 57.0, 1994-08-17 00:00:00, 0.0
1.0, 23.8, 50.0, 54.0, 1994-08-18 00:00:00, 0.0
1.0, 25.2, 140.0, 39.0, 1994-08-19 00:00:00, 0.0
3.0, 17.6, 50.0, 73.0, 1994-08-20 00:00:00, 5.8
7.0, 14.5, 270.0, 67.0, 1994-08-21 00:00:00, 0.5
8.0, 14.6, 270.0, 55.0, 1994-08-22 00:00:00, 0.0
8.0, 14.2, 270.0, 53.0, 1994-08-23 00:00:00, 1.0
1.0, 10.6, 320.0, 84.0, 1994-08-24 00:00:00, 0.0
1.0, 15.7, 140.0, 57.0, 1994-08-25 00:00:00, 0.3
3.0, 18.4, 140.0, 53.0, 1994-08-26 00:00:00, 0.0
2.0, 21.1, 90.0, 50.0, 1994-08-27 00:00:00, 0.0
2.0, 21.6, 50.0, 40.0, 1994-08-28 00:00:00, 0.0
4.0, 17.1, 90.0, 64.0, 1994-08-29 00:00:00, 0.0
2.0, 18.2, 140.0, 57.0, 1994-08-30 00:00:00, 0.0
3.0, 16.9, 90.0, 57.0, 1994-08-31 00:00:00, 0.0
5.0, 13.8, 180.0, 63.0, 1994-09-01 00:00:00, 0.0
3.0, 9.5, 180.0, 91.0, 1994-09-02 00:00:00, 2.0
0.0, 9.7, 0.0, 93.0, 1994-09-03 00:00:00, 2.3
5.0, 11.1, 230.0, 69.0, 1994-09-04 00:00:00, 0.0
6.0, 13.9, 180.0, 82.0, 1994-09-05 00:00:00, 2.3
1.0, 11.5, 140.0, 97.0, 1994-09-06 00:00:00, 2.5
0.0, 7.8, 0.0, 97.0, 1994-09-07 00:00:00, 1.8
0.0, 8.9, 0.0, 97.0, 1994-09-08 00:00:00, 0.0
0.0, 8.8, 0.0, 95.0, 1994-09-09 00:00:00, 3.2
0.0, 11.8, 180.0, 80.0, 1994-09-10 00:00:00, 4.3
0.0, 9.7, 140.0, 82.0, 1994-09-11 00:00:00, 3.8
8.0, 11.0, 230.0, 87.0, 1994-09-12 00:00:00, 0.0
1.0, 13.0, 230.0, 85.0, 1994-09-13 00:00:00, 1.5
10.0, 12.1, 180.0, 77.0, 1994-09-14 00:00:00, 0.0
11.0, 17.8, 270.0, 62.0, 1994-09-15 00:00:00, 1.5
12.0, 17.2, 180.0, 70.0, 1994-09-16 00:00:00, 0.5
10.0, 16.7, 230.0, 67.0, 1994-09-17 00:00:00, 0.0
8.0, 16.5, 180.0, 56.0, 1994-09-18 00:00:00, 0.0
2.0, 7.2, 50.0, 98.0, 1994-09-19 00:00:00, 2.0
4.0, 10.8, 140.0, 70.0, 1994-09-20 00:00:00, 0.0
0.0, 16.1, 180.0, 76.0, 1994-09-21 00:00:00, 0.5
10.0, 18.5, 230.0, 69.0, 1994-09-22 00:00:00, 0.0
3.0, 11.4, 0.0, 79.0, 1994-09-23 00:00:00, 1.3
11.0, 19.2, 230.0, 65.0, 1994-09-24 00:00:00, 0.0
7.0, 12.5, 270.0, 51.0, 1994-09-25 00:00:00, 0.0
3.0, 8.7, 140.0, 78.0, 1994-09-26 00:00:00, 0.0
9.0, 11.0, 270.0, 58.0, 1994-09-27 00:00:00, 1.5
2.0, 7.9, 50.0, 67.0, 1994-09-28 00:00:00, 0.0
2.0, 6.4, 180.0, 67.0, 1994-09-29 00:00:00, 0.0
0.0, 3.7, 230.0, 99.0, 1994-09-30 00:00:00, 3.8
2.0, 5.7, 90.0, 86.0, 1994-10-01 00:00:00, 2.3
2.0, 5.9, 140.0, 68.0, 1994-10-02 00:00:00, 0.0
8.0, 7.9, 180.0, 67.0, 1994-10-03 00:00:00, 0.3
8.0, 13.3, 140.0, 69.0, 1994-10-04 00:00:00, 0.0
3.0, 7.8, 140.0, 64.0, 1994-10-05 00:00:00, 0.0
3.0, 8.9, 270.0, 71.0, 1994-10-06 00:00:00, 0.0
5.0, 5.5, 180.0, 75.0, 1994-10-07 00:00:00, 0.0
8.0, 10.5, 180.0, 76.0, 1994-10-08 00:00:00, 0.2
1.0, 5.5, 140.0, 80.0, 1994-10-09 00:00:00, 0.0
1.0, 5.4, 140.0, 66.0, 1994-10-10 00:00:00, 0.2
7.0, 2.1, 180.0, 85.0, 1994-10-11 00:00:00, 0.2
2.0, 3.3, 180.0, 95.0, 1994-10-12 00:00:00, 0.0
2.0, 1.7, 0.0, 99.0, 1994-10-13 00:00:00, 8.9
0.0, 1.3, 0.0, 99.0, 1994-10-14 00:00:00, 3.1
