station_observations
wind_speed, temperature, wind_direction, relative_humidity, time, precipitation
0.0, 0.0, 0.0, 0.0, 1993-07-20 00:00:00, 0.0
6.0, 13.9, 90.0, 41.0, 1993-07-21 00:00:00, 0.8
8.0, 14.7, 90.0, 80.0, 1993-07-22 00:00:00, 0.0
3.0, 13.4, 320.0, 78.0, 1993-07-23 00:00:00, 0.8
6.0, 14.2, 0.0, 62.0, 1993-07-24 00:00:00, 0.0
6.0, 19.0, 50.0, 47.0, 1993-07-25 00:00:00, 0.0
6.0, 19.4, 90.0, 44.0, 1993-07-26 00:00:00, 0.0
3.0, 17.5, 320.0, 53.0, 1993-07-27 00:00:00, 0.5
2.0, 11.8, 320.0, 97.0, 1993-07-28 00:00:00, 4.6
2.0, 8.6, 50.0, 96.0, 1993-07-29 00:00:00, 12.2
1.0, 9.8, 140.0, 93.0, 1993-07-30 00:00:00, 0.0
2.0, 14.5, 270.0, 61.0, 1993-07-31 00:00:00, 0.0
3.0, 18.4, 320.0, 61.0, 1993-08-01 00:00:00, 0.0
3.0, 21.6, 90.0, 51.0, 1993-08-02 00:00:00, 0.0
9.0, 24.3, 90.0, 41.0, 1993-08-03 00:00:00, 0.0
6.0, 26.3, 140.0, 35.0, 1993-08-04 00:00:00, 0.0
6.0, 27.1, 270.0, 19.0, 1993-08-05 00:00:00, 0.0
8.0, 19.3, 320.0, 40.0, 1993-08-06 00:00:00, 0.0
8.0, 21.9, 90.0, 41.0, 1993-08-07 00:00:00, 0.0
2.0, 12.6, 90.0, 94.0, 1993-08-08 00:00:00, 6.6
5.0, 10.7, 90.0, 93.0, 1993-08-09 00:00:00, 8.1
6.0, 16.2, 320.0, 39.0, 1993-08-10 00:00:00, 1.5
4.0, 15.6, 270.0, 57.0, 1993-08-11 00:00:00, 0.0
7.0, 15.1, 320.0, 50.0, 1993-08-12 00:00:00, 0.0
2.0, 13.3, 270.0, 61.0, 1993-08-13 00:00:00, 0.0
3.0, 17.5, 0.0, 56.0, 1993-08-14 00:00:00, 1.0
11.0, 20.4, 90.0, 38.0, 1993-08-15 00:00:00, 0.0
8.0, 21.7, 90.0, 38.0, 1993-08-16 00:00:00, 0.0
8.0, 20.2, 320.0, 42.0, 1993-08-17 00:00:00, 0.0
5.0, 19.0, 90.0, 57.0, 1993-08-18 00:00:00, 0.0
5.0, 21.7, 90.0, 46.0, 1993-08-19 00:00:00, 0.0
7.0, 20.5, 90.0, 90.0, 1993-08-20 00:00:00, 0.0
6.0, 16.7, 90.0, 69.0, 1993-08-21 00:00:00, 1.0
3.0, 12.2, 90.0, 95.0, 1993-08-22 00:00:00, 3.3
4.0, 8.5, 50.0, 92.0, 1993-08-23 00:00:00, 9.9
6.0, 10.0, 320.0, 80.0, 1993-08-24 00:00:00, 0.0
3.0, 10.9, 90.0, 69.0, 1993-08-25 00:00:00, 0.0
2.0, 8.2, 270.0, 90.0, 1993-08-26 00:00:00, 0.3
8.0, 13.5, 320.0, 59.0, 1993-08-27 00:00:00, 0.5
3.0, 12.9, 140.0, 59.0, 1993-08-28 00:00:00, 1.8
5.0, 16.2, 90.0, 47.0, 1993-08-29 00:00:00, 0.0
5.0, 18.9, 50.0, 48.0, 1993-08-30 00:00:00, 0.0
2.0, 19.1, 0.0, 54.0, 1993-08-31 00:00:00, 0.0
2.0, 20.7, 180.0, 54.0, 1993-09-01 00:00:00, 0.0
8.0, 23.7, 320.0, 27.0, 1993-09-02 00:00:00, 0.0
9.0, 21.5, 320.0, 29.0, 1993-09-03 00:00:00, 0.0
5.0, 20.0, 90.0, 43.0, 1993-09-04 00:00:00, 0.0
3.0, 21.1, 180.0, 32.0, 1993-09-05 00:00:00, 0.0
8.0, 21.3, 90.0, 41.0, 1993-09-06 00:00:00, 0.0
6.0, 24.6, 270.0, 12.0, 1993-09-07 00:00:00, 0.0
4.0, 20.3, 50.0, 30.0, 1993-09-08 00:00:00, 0.0
7.0, 20.2, 90.0, 35.0, 1993-09-09 00:00:00, 0.0
7.0, 17.6, 320.0, 38.0, 1993-09-10 00:00:00, 0.0
6.0, 12.1, 320.0, 53.0, 1993-09-11 00:00:00, 1.0
6.0, 14.0, 90.0, 49.0, 1993-09-12 00:00:00, 0.0
8.0, 14.6, 320.0, 54.0, 1993-09-13 00:00:00, 0.0
4.0, 11.3, 90.0, 74.0, 1993-09-14 00:00:00, 0.3
5.0, 13.5, 180.0, 55.0, 1993-09-15 00:00:00, 0.0
5.0, 15.6, 230.0, 49.0, 1993-09-16 00:00:00, 0.0
5.0, 16.0, 50.0, 46.0, 1993-09-17 00:00:00, 0.0
4.0, 8.7, 320.0, 35.0, 1993-09-18 00:00:00, 0.0
9.0, 8.4, 320.0, 36.0, 1993-09-19 00:00:00, 0.0
6.0, 10.1, 90.0, 39.0, 1993-09-20 00:00:00, 0.0
5.0, 10.4, 320.0, 53.0, 1993-09-21 00:00:00, 0.0
5.0, 11.6, 270.0, 51.0, 1993-09-22 00:00:00, 0.0
3.0, 11.7, 230.0, 82.0, 1993-09-23 00:00:00, 0.0
0.0, 7.3, 50.0, 97.0, 1993-09-24 00:00:00, 8.4
1.0, 6.2, 0.0, 94.0, 1993-09-25 00:00:00, 0.0
5.0, 12.5, 320.0, 86.0, 1993-09-26 00:00:00, 5.3
7.0, 11.1, 90.0, 70.0, 1993-09-27 00:00:00, 0.0
8.0, 12.7, 90.0, 67.0, 1993-09-28 00:00:00, 0.0
7.0, 13.3, 320.0, 58.0, 1993-09-29 00:00:00, 0.0
3.0, 11.4, 180.0, 56.0, 1993-09-30 00:00:00, 0.0
4.0, 17.3, 320.0, 49.0, 1993-10-01 00:00:00, 0.0
5.0, 17.0, 90.0, 66.0, 1993-10-02 00:00:00, 0.0
4.0, 17.4, 90.0, 73.0, 1993-10-03 00:00:00, 0.0
8.0, 16.1, 90.0, 63.0, 1993-10-04 00:00:00, 0.0
0.0, 8.7, 140.0, 92.0, 1993-10-05 00:00:00, 1.8
3.0, 6.6, 90.0, 85.0, 1993-10-06 00:00:00, 0.8
9.0, 7.0, 90.0, 79.0, 1993-10-07 00:00:00, 0.0
4.0, 7.4, 90.0, 83.0, 1993-10-08 00:00:00, 0.3
6.0, 4.4, 90.0, 87.0, 1993-10-09 00:00:00, 0.0
9.0, 0.5, 90.0, 99.0, 1993-10-10 00:00:00, 0.0
7.0, 1.0, 90.0, 99.0, 1993-10-11 00:00:00, 0.3
6.0, 0.8, 90.0, 99.0, 1993-10-12 00:00:00, 0.3
4.0, 2.8, 90.0, 99.0, 1993-10-13 00:00:00, 0.0
0.0, 0.0, 0.0, 0.0, 1994-07-05 00:00:00, 0.0
4.0, 14.4, 140.0, 70.0, 1994-07-06 00:00:00, 0.0
4.0, 12.9, 140.0, 71.0, 1994-07-07 00:00:00, 0.5
8.0, 13.5, 270.0, 52.0, 1994-07-08 00:00:00, 0.5
8.0, 15.0, 270.0, 56.0, 1994-07-09 00:00:00, 0.0
7.0, 16.5, 270.0, 49.0, 1994-07-10 00:00:00, 0.0
3.0, 20.1, 50.0, 47.0, 1994-07-11 00:00:00, 0.0
5.0, 23.4, 270.0, 44.0, 1994-07-12 00:00:00, 0.0
7.0, 23.1, 50.0, 43.0, 1994-07-13 00:00:00, 0.0
7.0, 23.1, 50.0, 43.0, 1994-07-14 00:00:00, 0.5
2.0, 22.2, 140.0, 42.0, 1994-07-15 00:00:00, 0.5
0.0, 13.7, 90.0, 65.0, 1994-07-16 00:00:00, 0.0
1.0, 11.6, 50.0, 89.0, 1994-07-17 00:00:00, 2.3
5.0, 13.1, 270.0, 79.0, 1994-07-18 00:00:00, 1.3
6.0, 16.3, 50.0, 69.0, 1994-07-19 00:00:00, 0.0
7.0, 22.2, 50.0, 44.0, 1994-07-20 00:00:00, 0.0
4.0, 20.2, 50.0, 34.0, 1994-07-21 00:00:00, 0.0
5.0, 26.2, 90.0, 18.0, 1994-07-22 00:00:00, 0.0
5.0, 28.3, 140.0, 24.0, 1994-07-23 00:00:00, 0.0
7.0, 27.7, 140.0, 29.0, 1994-07-24 00:00:00, 0.0
2.0, 15.2, 50.0, 91.0, 1994-07-25 00:00:00, 4.1
5.0, 18.5, 90.0, 61.0, 1994-07-26 00:00:00, 0.3
5.0, 21.1, 140.0, 47.0, 1994-07-27 00:00:00, 0.0
2.0, 22.1, 180.0, 50.0, 1994-07-28 00:00:00, 0.3
3.0, 14.3, 50.0, 77.0, 1994-07-29 00:00:00, 0.0
5.0, 15.3, 270.0, 53.0, 1994-07-30 00:00:00, 0.0
4.0, 15.2, 90.0, 56.0, 1994-07-31 00:00:00, 0.0
4.0, 17.8, 50.0, 59.0, 1994-08-01 00:00:00, 0.0
6.0, 23.6, 50.0, 53.0, 1994-08-02 00:00:00, 0.0
2.0, 20.1, 230.0, 72.0, 1994-08-03 00:00:00, 0.0
6.0, 21.4, 50.0, 63.0, 1994-08-04 00:00:00, 0.0
5.0, 17.5, 320.0, 56.0, 1994-08-05 00:00:00, 0.0
5.0, 12.2, 270.0, 86.0, 1994-08-06 00:00:00, 0.0
7.0, 18.7, 50.0, 71.0, 1994-08-07 00:00:00, 0.0
8.0, 20.2, 50.0, 46.0, 1994-08-08 00:00:00, 0.0
5.0, 18.8, 50.0, 47.0, 1994-08-09 00:00:00, 0.0
5.0, 19.3, 50.0, 57.0, 1994-08-10 00:00:00, 0.0
5.0, 22.9, 50.0, 45.0, 1994-08-11 00:00:00, 0.0
5.0, 26.9, 90.0, 44.0, 1994-08-12 00:00:00, 2.0
3.0, 28.8, 50.0, 37.0, 1994-08-13 00:00:00, 0.0
10.0, 20.0, 270.0, 58.0, 1994-08-14 00:00:00, 1.5
4.0, 16.6, 50.0, 57.0, 1994-08-15 00:00:00, 0.0
5.0, 22.2, 140.0, 42.0, 1994-08-16 00:00:00, 0.5
12.0, 25.1, 50.0, 46.0, 1994-08-17 00:00:00, 0.0
8.0, 27.1, 50.0, 39.0, 1994-08-18 00:00:00, 0.0
6.0, 24.5, 50.0, 40.0, 1994-08-19 00:00:00, 0.0
1.0, 17.7, 230.0, 66.0, 1994-08-20 00:00:00, 4.1
2.0, 14.3, 230.0, 68.0, 1994-08-21 00:00:00, 0.0
5.0, 15.1, 270.0, 57.0, 1994-08-22 00:00:00, 0.5
4.0, 11.8, 270.0, 62.0, 1994-08-23 00:00:00, 1.8
8.0, 13.3, 270.0, 65.0, 1994-08-24 00:00:00, 0.0
5.0, 19.8, 50.0, 43.0, 1994-08-25 00:00:00, 0.0
5.0, 21.7, 50.0, 38.0, 1994-08-26 00:00:00, 0.0
5.0, 24.3, 140.0, 35.0, 1994-08-27 00:00:00, 0.0
5.0, 25.7, 180.0, 29.0, 1994-08-28 00:00:00, 0.0
5.0, 17.6, 180.0, 57.0, 1994-08-29 00:00:00, 0.0
3.0, 21.8, 140.0, 39.0, 1994-08-30 00:00:00, 0.0
5.0, 17.1, 90.0, 50.0, 1994-08-31 00:00:00, 0.0
9.0, 15.7, 50.0, 50.0, 1994-09-01 00:00:00, 3.8
4.0, 10.6, 50.0, 84.0, 1994-09-02 00:00:00, 4.6
6.0, 13.0, 50.0, 83.0, 1994-09-03 00:00:00, 6.1
1.0, 10.2, 140.0, 70.0, 1994-09-04 00:00:00, 0.0
4.0, 14.9, 0.0, 80.0, 1994-09-05 00:00:00, 3.5
1.0, 11.9, 90.0, 93.0, 1994-09-06 00:00:00, 10.4
6.0, 10.3, 50.0, 89.0, 1994-09-07 00:00:00, 0.5
1.0, 10.2, 50.0, 94.0, 1994-09-08 00:00:00, 6.6
3.0, 11.1, 270.0, 78.0, 1994-09-09 00:00:00, 29.3
6.0, 11.7, 270.0, 62.0, 1994-09-10 00:00:00, 0.3
4.0, 12.7, 270.0, 60.0, 1994-09-11 00:00:00, 0.0
1.0, 9.2, 140.0, 95.0, 1994-09-12 00:00:00, 1.5
2.0, 11.5, 180.0, 90.0, 1994-09-13 00:00:00, 7.9
6.0, 10.5, 50.0, 89.0, 1994-09-14 00:00:00, 0.5
5.0, 15.2, 320.0, 67.0, 1994-09-15 00:00:00, 2.3
1.0, 14.3, 140.0, 87.0, 1994-09-16 00:00:00, 8.4
5.0, 14.5, 50.0, 83.0, 1994-09-17 00:00:00, 0.3
4.0, 14.2, 50.0, 66.0, 1994-09-18 00:00:00, 0.0
5.0, 8.9, 270.0, 93.0, 1994-09-19 00:00:00, 3.3
7.0, 13.2, 50.0, 63.0, 1994-09-20 00:00:00, 0.0
4.0, 19.9, 50.0, 61.0, 1994-09-21 00:00:00, 0.0
4.0, 17.2, 180.0, 69.0, 1994-09-22 00:00:00, 0.3
8.0, 12.3, 50.0, 87.0, 1994-09-23 00:00:00, 2.8
10.0, 18.0, 50.0, 76.0, 1994-09-24 00:00:00, 0.5
6.0, 12.9, 320.0, 52.0, 1994-09-25 00:00:00, 0.8
5.0, 9.0, 50.0, 75.0, 1994-09-26 00:00:00, 0.0
6.0, 13.2, 320.0, 55.0, 1994-09-27 00:00:00, 4.3
5.0, 10.7, 50.0, 51.0, 1994-09-28 00:00:00, 0.0
3.0, 6.1, 50.0, 76.0, 1994-09-29 00:00:00, 0.0
1.0, 3.5, 270.0, 98.0, 1994-09-30 00:00:00, 10.7
2.0, 5.6, 270.0, 81.0, 1994-10-01 00:00:00, 7.4
3.0, 5.4, 50.0, 74.0, 1994-10-02 00:00:00, 0.3
8.0, 6.9, 50.0, 73.0, 1994-10-03 00:00:00, 0.0
5.0, 10.5, 50.0, 77.0, 1994-10-04 00:00:00, 0.0
6.0, 7.6, 270.0, 67.0, 1994-10-05 00:00:00, 0.0
5.0, 8.4, 320.0, 78.0, 1994-10-06 00:00:00, 0.0
5.0, 15.1, 270.0, 80.0, 1995-07-25 00:00:00, 7.9
