station_observations
wind_speed, temperature, wind_direction, relative_humidity, time, precipitation
0.0, 0.0, 0.0, 0.0, 1993-07-17 00:00:00, 0.0
13.0, 22.2, 230.0, 41.0, 1993-07-18 00:00:00, 0.0
7.0, 21.5, 320.0, 43.0, 1993-07-19 00:00:00, 0.0
3.0, 22.1, 140.0, 35.0, 1993-07-20 00:00:00, 0.0
3.0, 19.8, 180.0, 40.0, 1993-07-21 00:00:00, 1.0
3.0, 14.8, 140.0, 71.0, 1993-07-22 00:00:00, 0.8
5.0, 14.6, 230.0, 68.0, 1993-07-23 00:00:00, 2.0
5.0, 14.8, 320.0, 63.0, 1993-07-24 00:00:00, 1.3
2.0, 21.3, 90.0, 39.0, 1993-07-25 00:00:00, 0.0
4.0, 23.1, 90.0, 32.0, 1993-07-26 00:00:00, 0.0
4.0, 18.9, 0.0, 51.0, 1993-07-27 00:00:00, 0.0
3.0, 12.1, 140.0, 92.0, 1993-07-28 00:00:00, 0.0
3.0, 9.9, 230.0, 99.0, 1993-07-29 00:00:00, 19.8
2.0, 11.5, 270.0, 86.0, 1993-07-30 00:00:00, 13.0
4.0, 17.9, 180.0, 47.0, 1993-07-31 00:00:00, 0.0
4.0, 21.1, 270.0, 50.0, 1993-08-01 00:00:00, 0.0
3.0, 22.8, 230.0, 45.0, 1993-08-02 00:00:00, 0.0
2.0, 24.9, 230.0, 40.0, 1993-08-03 00:00:00, 0.0
2.0, 27.3, 140.0, 36.0, 1993-08-04 00:00:00, 0.0
4.0, 28.8, 230.0, 28.0, 1993-08-05 00:00:00, 0.0
5.0, 22.2, 0.0, 33.0, 1993-08-06 00:00:00, 0.0
3.0, 22.9, 320.0, 36.0, 1993-08-07 00:00:00, 0.0
2.0, 12.5, 90.0, 99.0, 1993-08-08 00:00:00, 6.1
3.0, 12.2, 90.0, 74.0, 1993-08-09 00:00:00, 7.9
4.0, 14.9, 140.0, 57.0, 1993-08-10 00:00:00, 1.3
3.0, 16.4, 270.0, 57.0, 1993-08-11 00:00:00, 0.0
7.0, 19.3, 180.0, 39.0, 1993-08-12 00:00:00, 0.0
0.0, 13.5, 270.0, 67.0, 1993-08-13 00:00:00, 0.0
3.0, 19.6, 320.0, 48.0, 1993-08-14 00:00:00, 0.3
4.0, 22.5, 320.0, 35.0, 1993-08-15 00:00:00, 0.0
2.0, 22.7, 90.0, 41.0, 1993-08-16 00:00:00, 0.0
4.0, 20.4, 180.0, 41.0, 1993-08-17 00:00:00, 0.0
4.0, 19.8, 90.0, 47.0, 1993-08-18 00:00:00, 0.0
3.0, 22.4, 320.0, 45.0, 1993-08-19 00:00:00, 0.0
3.0, 22.4, 320.0, 40.0, 1993-08-20 00:00:00, 0.0
0.0, 0.0, 0.0, 0.0, 1994-07-13 00:00:00, 0.0
2.0, 21.1, 50.0, 48.0, 1994-07-14 00:00:00, 1.3
0.0, 22.4, 270.0, 46.0, 1994-07-15 00:00:00, 0.0
6.0, 15.1, 140.0, 65.0, 1994-07-16 00:00:00, 0.0
0.0, 12.7, 320.0, 92.0, 1994-07-17 00:00:00, 0.0
5.0, 15.1, 140.0, 70.0, 1994-07-18 00:00:00, 1.3
0.0, 18.1, 180.0, 58.0, 1994-07-19 00:00:00, 0.0
2.0, 23.2, 90.0, 35.0, 1994-07-20 00:00:00, 0.0
2.0, 21.2, 50.0, 36.0, 1994-07-21 00:00:00, 0.0
3.0, 28.3, 50.0, 22.0, 1994-07-22 00:00:00, 0.0
2.0, 30.3, 50.0, 19.0, 1994-07-23 00:00:00, 0.0
2.0, 30.3, 140.0, 26.0, 1994-07-24 00:00:00, 0.0
0.0, 18.5, 0.0, 80.0, 1994-07-25 00:00:00, 2.3
2.0, 21.9, 0.0, 42.0, 1994-07-26 00:00:00, 5.3
3.0, 23.3, 230.0, 39.0, 1994-07-27 00:00:00, 0.0
3.0, 24.8, 50.0, 39.0, 1994-07-28 00:00:00, 1.0
2.0, 17.2, 50.0, 61.0, 1994-07-29 00:00:00, 0.5
7.0, 18.0, 50.0, 42.0, 1994-07-30 00:00:00, 0.0
2.0, 16.7, 50.0, 47.0, 1994-07-31 00:00:00, 0.0
0.0, 20.2, 50.0, 46.0, 1994-08-01 00:00:00, 0.0
2.0, 25.8, 320.0, 36.0, 1994-08-02 00:00:00, 0.0
0.0, 18.7, 180.0, 83.0, 1994-08-03 00:00:00, 0.0
0.0, 22.0, 0.0, 61.0, 1994-08-04 00:00:00, 0.0
5.0, 20.0, 140.0, 46.0, 1994-08-05 00:00:00, 1.5
2.0, 14.4, 140.0, 75.0, 1994-08-06 00:00:00, 21.1
5.0, 20.1, 230.0, 65.0, 1994-08-07 00:00:00, 0.3
3.0, 19.0, 270.0, 53.0, 1994-08-08 00:00:00, 0.0
2.0, 18.7, 230.0, 50.0, 1994-08-09 00:00:00, 0.0
2.0, 22.1, 50.0, 48.0, 1994-08-10 00:00:00, 0.0
2.0, 25.1, 230.0, 36.0, 1994-08-11 00:00:00, 0.0
2.0, 25.8, 320.0, 39.0, 1994-08-12 00:00:00, 0.0
2.0, 27.2, 50.0, 37.0, 1994-08-13 00:00:00, 0.0
7.0, 20.2, 140.0, 45.0, 1994-08-14 00:00:00, 13.7
4.0, 17.7, 90.0, 48.0, 1994-08-15 00:00:00, 0.0
3.0, 20.1, 90.0, 43.0, 1994-08-16 00:00:00, 0.0
0.0, 23.6, 50.0, 44.0, 1994-08-17 00:00:00, 0.0
2.0, 25.5, 320.0, 42.0, 1994-08-18 00:00:00, 0.8
3.0, 26.7, 50.0, 34.0, 1994-08-19 00:00:00, 0.0
3.0, 19.3, 90.0, 55.0, 1994-08-20 00:00:00, 8.1
4.0, 15.4, 90.0, 59.0, 1994-08-21 00:00:00, 0.0
12.0, 14.7, 140.0, 49.0, 1994-08-22 00:00:00, 0.0
5.0, 14.0, 50.0, 50.0, 1994-08-23 00:00:00, 0.3
4.0, 13.9, 180.0, 55.0, 1994-08-24 00:00:00, 0.0
2.0, 17.5, 180.0, 46.0, 1994-08-25 00:00:00, 1.0
0.0, 20.5, 0.0, 33.0, 1994-08-26 00:00:00, 0.0
4.0, 22.8, 180.0, 30.0, 1994-08-27 00:00:00, 0.0
2.0, 23.6, 230.0, 26.0, 1994-08-28 00:00:00, 0.0
3.0, 18.7, 90.0, 52.0, 1994-08-29 00:00:00, 0.0
3.0, 18.9, 50.0, 39.0, 1994-08-30 00:00:00, 0.0
0.0, 16.8, 90.0, 49.0, 1994-08-31 00:00:00, 0.0
2.0, 15.7, 50.0, 46.0, 1994-09-01 00:00:00, 1.8
0.0, 9.7, 0.0, 97.0, 1994-09-02 00:00:00, 3.5
4.0, 12.5, 140.0, 71.0, 1994-09-03 00:00:00, 4.3
4.0, 11.8, 90.0, 64.0, 1994-09-04 00:00:00, 0.0
2.0, 13.2, 140.0, 86.0, 1994-09-05 00:00:00, 2.0
0.0, 12.6, 0.0, 97.0, 1994-09-06 00:00:00, 10.4
0.0, 8.2, 0.0, 99.0, 1994-09-07 00:00:00, 1.5
0.0, 13.1, 0.0, 81.0, 1994-09-08 00:00:00, 5.6
2.0, 12.8, 90.0, 65.0, 1994-09-09 00:00:00, 0.5
6.0, 12.2, 140.0, 56.0, 1994-09-10 00:00:00, 0.5
5.0, 13.1, 90.0, 53.0, 1994-09-11 00:00:00, 0.0
3.0, 11.3, 140.0, 88.0, 1994-09-12 00:00:00, 0.5
7.0, 13.4, 180.0, 84.0, 1994-09-13 00:00:00, 5.8
2.0, 12.0, 320.0, 79.0, 1994-09-14 00:00:00, 0.0
8.0, 19.3, 90.0, 53.0, 1994-09-15 00:00:00, 1.3
6.0, 16.7, 50.0, 67.0, 1994-09-16 00:00:00, 3.8
2.0, 16.0, 50.0, 71.0, 1994-09-17 00:00:00, 0.0
2.0, 15.7, 90.0, 56.0, 1994-09-18 00:00:00, 0.0
2.0, 10.0, 140.0, 94.0, 1994-09-19 00:00:00, 3.3
0.0, 12.6, 0.0, 52.0, 1994-09-20 00:00:00, 0.0
5.0, 20.1, 50.0, 53.0, 1994-09-21 00:00:00, 0.0
8.0, 17.8, 90.0, 66.0, 1994-09-22 00:00:00, 0.0
0.0, 11.8, 0.0, 83.0, 1994-09-23 00:00:00, 0.0
2.0, 19.7, 140.0, 62.0, 1994-09-24 00:00:00, 0.3
11.0, 12.7, 140.0, 46.0, 1994-09-25 00:00:00, 0.3
2.0, 10.1, 50.0, 62.0, 1994-09-26 00:00:00, 0.0
12.0, 13.0, 140.0, 49.0, 1994-09-27 00:00:00, 2.5
2.0, 9.4, 50.0, 55.0, 1994-09-28 00:00:00, 0.0
0.0, 5.8, 50.0, 73.0, 1994-09-29 00:00:00, 0.0
0.0, 3.5, 320.0, 99.0, 1994-09-30 00:00:00, 15.8
8.0, 7.2, 140.0, 68.0, 1994-10-01 00:00:00, 10.2
2.0, 7.8, 50.0, 70.0, 1994-10-02 00:00:00, 0.0
2.0, 9.9, 50.0, 54.0, 1994-10-03 00:00:00, 0.0
0.0, 10.3, 50.0, 75.0, 1994-10-04 00:00:00, 0.0
7.0, 10.3, 230.0, 51.0, 1994-10-05 00:00:00, 0.3
4.0, 10.8, 140.0, 65.0, 1994-10-06 00:00:00, 0.0
