station_observations
wind_speed, temperature, wind_direction, relative_humidity, time, precipitation
0.0, 0.0, 0.0, 0.0, 1993-05-24 00:00:00, 0.0
10.0, 18.2, 270.0, 44.0, 1993-07-12 00:00:00, 0.5
1.0, 17.1, 180.0, 42.0, 1993-07-13 00:00:00, 0.0
4.0, 19.4, 90.0, 42.0, 1993-07-14 00:00:00, 0.0
8.0, 13.4, 270.0, 83.0, 1993-07-15 00:00:00, 11.2
2.0, 15.7, 270.0, 59.0, 1993-07-16 00:00:00, 1.8
4.0, 20.0, 230.0, 45.0, 1993-07-17 00:00:00, 0.0
2.0, 21.1, 50.0, 47.0, 1993-07-18 00:00:00, 0.0
3.0, 21.6, 50.0, 48.0, 1993-07-19 00:00:00, 0.0
8.0, 19.9, 140.0, 60.0, 1993-07-20 00:00:00, 0.5
10.0, 18.0, 180.0, 58.0, 1993-07-21 00:00:00, 0.5
4.0, 13.8, 140.0, 79.0, 1993-07-22 00:00:00, 0.0
12.0, 12.8, 180.0, 80.0, 1993-07-23 00:00:00, 0.8
5.0, 13.8, 180.0, 66.0, 1993-07-24 00:00:00, 0.0
5.0, 20.3, 140.0, 42.0, 1993-07-25 00:00:00, 0.0
6.0, 21.5, 140.0, 44.0, 1993-07-26 00:00:00, 0.0
3.0, 19.1, 230.0, 54.0, 1993-07-27 00:00:00, 0.3
1.0, 11.9, 90.0, 92.0, 1993-07-28 00:00:00, 4.3
8.0, 9.2, 90.0, 93.0, 1993-07-29 00:00:00, 0.3
6.0, 11.7, 90.0, 78.0, 1993-07-30 00:00:00, 0.3
10.0, 16.4, 90.0, 63.0, 1993-07-31 00:00:00, 0.0
2.0, 18.5, 140.0, 75.0, 1993-08-01 00:00:00, 3.6
4.0, 22.5, 180.0, 49.0, 1993-08-02 00:00:00, 0.0
7.0, 25.7, 270.0, 35.0, 1993-08-03 00:00:00, 0.0
4.0, 27.4, 270.0, 34.0, 1993-08-04 00:00:00, 0.0
6.0, 28.2, 90.0, 29.0, 1993-08-05 00:00:00, 0.0
3.0, 20.3, 230.0, 44.0, 1993-08-06 00:00:00, 0.0
4.0, 22.6, 230.0, 44.0, 1993-08-07 00:00:00, 0.0
7.0, 14.9, 90.0, 86.0, 1993-08-08 00:00:00, 2.3
0.0, 12.0, 270.0, 92.0, 1993-08-09 00:00:00, 6.9
4.0, 16.3, 90.0, 55.0, 1993-08-10 00:00:00, 0.8
6.0, 18.7, 90.0, 41.0, 1993-08-11 00:00:00, 0.0
9.0, 18.4, 90.0, 42.0, 1993-08-12 00:00:00, 0.3
1.0, 15.2, 270.0, 60.0, 1993-08-13 00:00:00, 0.0
1.0, 18.5, 180.0, 57.0, 1993-08-14 00:00:00, 0.3
7.0, 22.2, 180.0, 41.0, 1993-08-15 00:00:00, 0.0
2.0, 22.7, 140.0, 46.0, 1993-08-16 00:00:00, 0.0
4.0, 21.4, 90.0, 39.0, 1993-08-17 00:00:00, 0.0
3.0, 21.1, 230.0, 48.0, 1993-08-18 00:00:00, 0.0
3.0, 23.2, 230.0, 49.0, 1993-08-19 00:00:00, 0.0
8.0, 20.7, 90.0, 42.0, 1993-08-20 00:00:00, 0.0
5.0, 18.3, 90.0, 64.0, 1993-08-21 00:00:00, 0.0
2.0, 12.9, 270.0, 94.0, 1993-08-22 00:00:00, 1.3
6.0, 8.5, 140.0, 93.0, 1993-08-23 00:00:00, 8.4
6.0, 10.1, 90.0, 80.0, 1993-08-24 00:00:00, 1.0
6.0, 11.9, 140.0, 67.0, 1993-08-25 00:00:00, 0.0
0.0, 11.9, 320.0, 70.0, 1993-08-26 00:00:00, 0.0
6.0, 13.3, 140.0, 63.0, 1993-08-27 00:00:00, 0.0
4.0, 16.2, 270.0, 51.0, 1993-08-28 00:00:00, 0.0
5.0, 18.3, 230.0, 41.0, 1993-08-29 00:00:00, 0.0
4.0, 21.2, 140.0, 42.0, 1993-08-30 00:00:00, 0.0
4.0, 22.2, 90.0, 44.0, 1993-08-31 00:00:00, 0.0
3.0, 22.7, 270.0, 45.0, 1993-09-01 00:00:00, 0.0
2.0, 25.6, 140.0, 36.0, 1993-09-02 00:00:00, 0.0
5.0, 24.3, 90.0, 22.0, 1993-09-03 00:00:00, 0.0
5.0, 21.9, 180.0, 38.0, 1993-09-04 00:00:00, 0.0
4.0, 23.0, 230.0, 39.0, 1993-09-05 00:00:00, 0.0
3.0, 22.9, 230.0, 49.0, 1993-09-06 00:00:00, 0.0
9.0, 26.5, 90.0, 15.0, 1993-09-07 00:00:00, 0.0
4.0, 23.0, 0.0, 25.0, 1993-09-08 00:00:00, 0.0
2.0, 21.7, 230.0, 44.0, 1993-09-09 00:00:00, 0.0
10.0, 20.1, 90.0, 35.0, 1993-09-10 00:00:00, 0.0
7.0, 14.3, 140.0, 42.0, 1993-09-11 00:00:00, 0.0
2.0, 17.2, 0.0, 38.0, 1993-09-12 00:00:00, 0.0
8.0, 14.5, 90.0, 57.0, 1993-09-13 00:00:00, 0.0
1.0, 12.1, 140.0, 70.0, 1993-09-14 00:00:00, 0.0
3.0, 14.7, 230.0, 50.0, 1993-09-15 00:00:00, 0.0
3.0, 17.8, 140.0, 37.0, 1993-09-16 00:00:00, 0.0
7.0, 18.6, 90.0, 34.0, 1993-09-17 00:00:00, 0.0
1.0, 12.4, 90.0, 27.0, 1993-09-18 00:00:00, 0.0
6.0, 10.9, 230.0, 32.0, 1993-09-19 00:00:00, 0.0
1.0, 13.2, 0.0, 27.0, 1993-09-20 00:00:00, 0.0
1.0, 14.0, 180.0, 42.0, 1993-09-21 00:00:00, 0.0
1.0, 14.4, 270.0, 47.0, 1993-09-22 00:00:00, 0.0
6.0, 12.2, 90.0, 71.0, 1993-09-23 00:00:00, 0.0
12.0, 12.8, 90.0, 78.0, 1993-09-24 00:00:00, 0.5
1.0, 9.5, 50.0, 75.0, 1993-09-25 00:00:00, 0.0
7.0, 14.1, 90.0, 88.0, 1993-09-26 00:00:00, 2.8
1.0, 14.7, 230.0, 52.0, 1993-09-27 00:00:00, 0.3
1.0, 15.8, 50.0, 52.0, 1993-09-28 00:00:00, 0.0
11.0, 15.0, 90.0, 59.0, 1993-09-29 00:00:00, 0.5
1.0, 14.5, 270.0, 42.0, 1993-09-30 00:00:00, 0.3
0.0, 21.0, 140.0, 47.0, 1993-10-01 00:00:00, 0.0
0.0, 20.3, 140.0, 50.0, 1993-10-02 00:00:00, 0.0
2.0, 21.6, 270.0, 56.0, 1993-10-03 00:00:00, 0.0
8.0, 20.0, 90.0, 46.0, 1993-10-04 00:00:00, 0.0
1.0, 10.0, 90.0, 88.0, 1993-10-05 00:00:00, 2.3
6.0, 8.2, 140.0, 68.0, 1993-10-06 00:00:00, 1.5
2.0, 9.3, 180.0, 71.0, 1993-10-07 00:00:00, 0.0
1.0, 3.9, 180.0, 95.0, 1993-10-08 00:00:00, 0.0
0.0, 6.2, 230.0, 94.0, 1993-10-09 00:00:00, 0.0
2.0, 3.3, 180.0, 95.0, 1993-10-10 00:00:00, 0.3
1.0, 3.9, 140.0, 95.0, 1993-10-11 00:00:00, 0.3
1.0, 5.0, 270.0, 94.0, 1993-10-12 00:00:00, 0.3
2.0, 11.3, 90.0, 71.0, 1993-10-13 00:00:00, 0.0
0.0, 0.0, 0.0, 0.0, 1994-07-05 00:00:00, 0.0
15.0, 13.0, 230.0, 70.0, 1994-07-06 00:00:00, 0.5
11.0, 12.8, 230.0, 72.0, 1994-07-07 00:00:00, 0.0
15.0, 13.0, 180.0, 54.0, 1994-07-08 00:00:00, 0.0
18.0, 14.0, 230.0, 54.0, 1994-07-09 00:00:00, 0.0
12.0, 16.6, 230.0, 45.0, 1994-07-10 00:00:00, 0.0
6.0, 19.6, 270.0, 45.0, 1994-07-11 00:00:00, 0.0
10.0, 23.7, 0.0, 43.0, 1994-07-12 00:00:00, 0.0
6.0, 22.9, 320.0, 49.0, 1994-07-13 00:00:00, 0.0
3.0, 19.4, 90.0, 56.0, 1994-07-14 00:00:00, 0.0
8.0, 22.9, 320.0, 44.0, 1994-07-15 00:00:00, 0.0
14.0, 17.6, 230.0, 53.0, 1994-07-16 00:00:00, 0.0
11.0, 14.5, 230.0, 70.0, 1994-07-17 00:00:00, 0.0
17.0, 13.7, 230.0, 74.0, 1994-07-18 00:00:00, 0.0
4.0, 21.6, 320.0, 56.0, 1994-07-19 00:00:00, 0.0
12.0, 26.5, 230.0, 29.0, 1994-07-20 00:00:00, 0.0
6.0, 23.5, 320.0, 22.0, 1994-07-21 00:00:00, 0.0
10.0, 28.6, 0.0, 22.0, 1994-07-22 00:00:00, 0.0
9.0, 30.1, 320.0, 25.0, 1994-07-23 00:00:00, 0.0
11.0, 29.7, 230.0, 28.0, 1994-07-24 00:00:00, 0.0
3.0, 22.2, 90.0, 52.0, 1994-07-25 00:00:00, 0.0
12.0, 19.7, 180.0, 46.0, 1994-07-26 00:00:00, 0.0
12.0, 23.9, 0.0, 45.0, 1994-07-27 00:00:00, 0.0
5.0, 25.2, 0.0, 43.0, 1994-07-28 00:00:00, 0.0
10.0, 14.2, 230.0, 83.0, 1994-07-29 00:00:00, 0.0
16.0, 15.5, 180.0, 51.0, 1994-07-30 00:00:00, 0.0
4.0, 14.4, 270.0, 61.0, 1994-07-31 00:00:00, 0.0
5.0, 19.1, 320.0, 61.0, 1994-08-01 00:00:00, 0.0
9.0, 24.6, 320.0, 45.0, 1994-08-02 00:00:00, 0.0
8.0, 19.0, 230.0, 74.0, 1994-08-03 00:00:00, 0.0
4.0, 20.2, 230.0, 71.0, 1994-08-04 00:00:00, 0.0
0.0, 16.7, 270.0, 65.0, 1994-08-05 00:00:00, 0.0
3.0, 14.1, 180.0, 70.0, 1994-08-06 00:00:00, 0.0
11.0, 16.6, 50.0, 80.0, 1994-08-07 00:00:00, 0.0
16.0, 19.7, 50.0, 57.0, 1994-08-08 00:00:00, 0.0
16.0, 17.4, 90.0, 58.0, 1994-08-09 00:00:00, 0.0
5.0, 18.4, 320.0, 63.0, 1994-08-10 00:00:00, 0.0
8.0, 22.7, 0.0, 43.0, 1994-08-11 00:00:00, 0.0
7.0, 24.6, 50.0, 43.0, 1994-08-12 00:00:00, 0.0
8.0, 24.8, 320.0, 50.0, 1994-08-13 00:00:00, 0.0
14.0, 18.7, 230.0, 59.0, 1994-08-14 00:00:00, 0.0
6.0, 16.6, 180.0, 59.0, 1994-08-15 00:00:00, 0.0
2.0, 16.3, 0.0, 62.0, 1994-08-16 00:00:00, 0.0
17.0, 15.6, 90.0, 72.0, 1995-07-25 00:00:00, 2.5
