station_observations
wind_speed, temperature, wind_direction, relative_humidity, time, precipitation
0.0, 0.0, 0.0, 0.0, 1993-06-22 00:00:00, 0.0
14.0, 12.8, 180.0, 69.0, 1993-06-23 00:00:00, 2.7
14.0, 14.7, 180.0, 68.0, 1993-06-24 00:00:00, 0.5
7.0, 12.9, 180.0, 72.0, 1993-06-25 00:00:00, 1.8
4.0, 11.6, 180.0, 84.0, 1993-06-26 00:00:00, 8.6
3.0, 12.5, 230.0, 71.0, 1993-06-27 00:00:00, 0.5
6.0, 9.5, 180.0, 88.0, 1993-06-28 00:00:00, 1.5
11.0, 13.1, 180.0, 58.0, 1993-06-29 00:00:00, 0.0
4.0, 14.9, 230.0, 60.0, 1993-06-30 00:00:00, 0.0
6.0, 15.0, 230.0, 53.0, 1993-07-01 00:00:00, 0.0
2.0, 21.3, 140.0, 58.0, 1993-07-02 00:00:00, 0.0
12.0, 11.0, 180.0, 77.0, 1993-07-03 00:00:00, 0.3
7.0, 12.8, 50.0, 69.0, 1993-07-04 00:00:00, 0.3
11.0, 27.1, 230.0, 31.0, 1993-07-05 00:00:00, 0.0
3.0, 14.4, 270.0, 58.0, 1993-07-06 00:00:00, 0.0
3.0, 18.9, 180.0, 47.0, 1993-07-07 00:00:00, 0.0
0.0, 11.9, 140.0, 88.0, 1993-07-08 00:00:00, 0.3
6.0, 15.4, 90.0, 63.0, 1993-07-09 00:00:00, 18.5
8.0, 11.6, 320.0, 80.0, 1993-07-10 00:00:00, 3.0
0.0, 14.1, 140.0, 71.0, 1993-07-11 00:00:00, 1.5
4.0, 15.5, 90.0, 57.0, 1993-07-12 00:00:00, 1.8
6.0, 17.1, 50.0, 38.0, 1993-07-13 00:00:00, 0.0
3.0, 17.6, 230.0, 57.0, 1993-07-14 00:00:00, 0.0
8.0, 10.5, 50.0, 87.0, 1993-07-15 00:00:00, 11.2
6.0, 15.0, 90.0, 61.0, 1993-07-16 00:00:00, 2.5
3.0, 19.1, 0.0, 46.0, 1993-07-17 00:00:00, 0.3
3.0, 18.1, 180.0, 58.0, 1993-07-18 00:00:00, 0.0
1.0, 19.7, 90.0, 53.0, 1993-07-19 00:00:00, 3.0
8.0, 19.9, 140.0, 60.0, 1993-07-20 00:00:00, 0.5
10.0, 18.0, 180.0, 58.0, 1993-07-21 00:00:00, 0.5
4.0, 13.8, 140.0, 79.0, 1993-07-22 00:00:00, 0.0
12.0, 12.8, 180.0, 80.0, 1993-07-23 00:00:00, 0.8
5.0, 13.8, 180.0, 66.0, 1993-07-24 00:00:00, 0.0
5.0, 19.1, 90.0, 54.0, 1993-07-25 00:00:00, 0.8
13.0, 20.5, 180.0, 47.0, 1993-07-26 00:00:00, 0.0
4.0, 17.6, 90.0, 60.0, 1993-07-27 00:00:00, 0.5
2.0, 12.5, 90.0, 98.0, 1993-07-28 00:00:00, 6.6
4.0, 8.3, 230.0, 96.0, 1993-07-29 00:00:00, 14.5
13.0, 11.3, 180.0, 77.0, 1993-07-30 00:00:00, 5.8
10.0, 15.9, 180.0, 68.0, 1993-07-31 00:00:00, 0.0
9.0, 18.0, 180.0, 71.0, 1993-08-01 00:00:00, 2.0
2.0, 21.3, 140.0, 58.0, 1993-08-02 00:00:00, 0.0
3.0, 23.3, 140.0, 50.0, 1993-08-03 00:00:00, 0.0
5.0, 25.5, 0.0, 44.0, 1993-08-04 00:00:00, 0.0
11.0, 27.1, 230.0, 31.0, 1993-08-05 00:00:00, 0.0
4.0, 18.6, 270.0, 46.0, 1993-08-06 00:00:00, 0.0
5.0, 22.5, 180.0, 45.0, 1993-08-07 00:00:00, 0.0
8.0, 12.7, 180.0, 97.0, 1993-08-08 00:00:00, 10.7
2.0, 12.0, 90.0, 83.0, 1993-08-09 00:00:00, 4.8
4.0, 14.3, 0.0, 58.0, 1993-08-10 00:00:00, 5.1
10.0, 19.4, 180.0, 48.0, 1993-08-11 00:00:00, 0.0
17.0, 16.6, 180.0, 53.0, 1993-08-12 00:00:00, 0.8
0.0, 13.4, 0.0, 66.0, 1993-08-13 00:00:00, 0.0
7.0, 17.8, 90.0, 60.0, 1993-08-14 00:00:00, 0.0
7.0, 21.5, 180.0, 45.0, 1993-08-15 00:00:00, 0.0
8.0, 22.3, 140.0, 49.0, 1993-08-16 00:00:00, 0.0
13.0, 20.4, 180.0, 49.0, 1993-08-17 00:00:00, 0.0
3.0, 19.7, 90.0, 55.0, 1993-08-18 00:00:00, 0.0
4.0, 22.2, 90.0, 51.0, 1993-08-19 00:00:00, 0.0
12.0, 19.8, 230.0, 44.0, 1993-08-20 00:00:00, 0.0
11.0, 16.9, 180.0, 66.0, 1993-08-21 00:00:00, 0.3
5.0, 12.0, 0.0, 96.0, 1993-08-22 00:00:00, 1.5
24.0, 8.5, 180.0, 80.0, 1993-08-23 00:00:00, 13.0
3.0, 9.6, 230.0, 81.0, 1993-08-24 00:00:00, 0.3
5.0, 11.1, 180.0, 71.0, 1993-08-25 00:00:00, 0.0
9.0, 10.9, 180.0, 71.0, 1993-08-26 00:00:00, 0.0
5.0, 13.0, 180.0, 63.0, 1993-08-27 00:00:00, 0.0
1.0, 13.3, 140.0, 65.0, 1993-08-28 00:00:00, 6.3
3.0, 17.1, 140.0, 50.0, 1993-08-29 00:00:00, 0.0
2.0, 20.1, 140.0, 48.0, 1993-08-30 00:00:00, 0.0
7.0, 20.2, 270.0, 49.0, 1993-08-31 00:00:00, 0.0
2.0, 21.4, 140.0, 52.0, 1993-09-01 00:00:00, 0.0
9.0, 25.3, 180.0, 37.0, 1993-09-02 00:00:00, 0.0
1.0, 23.1, 180.0, 25.0, 1993-09-03 00:00:00, 0.0
5.0, 20.9, 90.0, 44.0, 1993-09-04 00:00:00, 0.0
2.0, 21.7, 90.0, 39.0, 1993-09-05 00:00:00, 0.0
1.0, 22.1, 90.0, 45.0, 1993-09-06 00:00:00, 0.0
15.0, 26.6, 180.0, 19.0, 1993-09-07 00:00:00, 0.0
10.0, 20.5, 50.0, 30.0, 1993-09-08 00:00:00, 0.0
3.0, 21.0, 50.0, 40.0, 1993-09-09 00:00:00, 0.0
23.0, 19.6, 180.0, 34.0, 1993-09-10 00:00:00, 0.0
6.0, 11.1, 270.0, 52.0, 1993-09-11 00:00:00, 0.0
8.0, 16.4, 180.0, 38.0, 1993-09-12 00:00:00, 0.0
13.0, 17.2, 180.0, 50.0, 1993-09-13 00:00:00, 0.0
5.0, 12.2, 90.0, 62.0, 1993-09-14 00:00:00, 0.0
3.0, 12.6, 90.0, 57.0, 1993-09-15 00:00:00, 0.0
10.0, 17.8, 140.0, 39.0, 1993-09-16 00:00:00, 0.0
11.0, 18.0, 180.0, 40.0, 1993-09-17 00:00:00, 0.0
10.0, 10.1, 0.0, 31.0, 1993-09-18 00:00:00, 0.0
8.0, 8.6, 0.0, 43.0, 1993-09-19 00:00:00, 0.0
6.0, 12.6, 140.0, 30.0, 1993-09-20 00:00:00, 0.0
10.0, 13.5, 140.0, 45.0, 1993-09-21 00:00:00, 0.0
9.0, 12.6, 180.0, 53.0, 1993-09-22 00:00:00, 0.0
12.0, 11.1, 180.0, 70.0, 1993-09-23 00:00:00, 0.0
13.0, 11.5, 180.0, 81.0, 1993-09-24 00:00:00, 0.8
2.0, 8.5, 180.0, 74.0, 1993-09-25 00:00:00, 0.0
18.0, 12.5, 180.0, 76.0, 1993-09-26 00:00:00, 0.0
4.0, 13.9, 140.0, 55.0, 1993-09-27 00:00:00, 0.3
2.0, 15.7, 90.0, 49.0, 1993-09-28 00:00:00, 0.0
16.0, 14.5, 180.0, 58.0, 1993-09-29 00:00:00, 0.0
6.0, 14.2, 90.0, 43.0, 1993-09-30 00:00:00, 0.0
7.0, 21.5, 180.0, 39.0, 1993-10-01 00:00:00, 0.0
2.0, 20.4, 140.0, 44.0, 1993-10-02 00:00:00, 0.0
2.0, 21.4, 90.0, 48.0, 1993-10-03 00:00:00, 0.0
16.0, 19.4, 180.0, 47.0, 1993-10-04 00:00:00, 0.0
9.0, 9.8, 180.0, 81.0, 1993-10-05 00:00:00, 1.3
9.0, 6.2, 0.0, 72.0, 1993-10-06 00:00:00, 2.3
3.0, 8.9, 90.0, 64.0, 1993-10-07 00:00:00, 0.0
0.0, 3.4, 0.0, 99.0, 1993-10-08 00:00:00, 0.3
7.0, 8.2, 90.0, 77.0, 1993-10-09 00:00:00, 0.0
7.0, 8.2, 90.0, 77.0, 1993-10-10 00:00:00, 0.0
1.0, 3.3, 90.0, 99.0, 1993-10-11 00:00:00, 0.3
0.0, 0.0, 0.0, 0.0, 1994-06-01 00:00:00, 0.0
4.0, 20.3, 140.0, 31.0, 1994-06-02 00:00:00, 0.0
13.0, 13.3, 180.0, 58.0, 1994-06-03 00:00:00, 4.3
11.0, 13.7, 140.0, 66.0, 1994-06-04 00:00:00, 2.8
1.0, 12.9, 140.0, 63.0, 1994-06-05 00:00:00, 0.0
7.0, 9.9, 230.0, 84.0, 1994-06-06 00:00:00, 4.3
14.0, 10.5, 180.0, 73.0, 1994-06-07 00:00:00, 0.0
12.0, 11.7, 230.0, 58.0, 1994-06-08 00:00:00, 0.0
6.0, 11.0, 180.0, 75.0, 1994-06-09 00:00:00, 0.3
5.0, 12.3, 230.0, 66.0, 1994-06-10 00:00:00, 0.0
9.0, 12.5, 140.0, 83.0, 1994-06-11 00:00:00, 3.8
0.0, 7.4, 50.0, 85.0, 1994-06-12 00:00:00, 0.3
9.0, 10.5, 0.0, 86.0, 1994-06-13 00:00:00, 11.4
3.0, 6.2, 0.0, 94.0, 1994-06-14 00:00:00, 13.7
8.0, 9.3, 180.0, 85.0, 1994-06-15 00:00:00, 9.9
1.0, 10.5, 90.0, 87.0, 1994-06-16 00:00:00, 11.4
8.0, 14.2, 180.0, 59.0, 1994-06-17 00:00:00, 0.5
2.0, 14.5, 90.0, 53.0, 1994-06-18 00:00:00, 1.0
8.0, 15.7, 180.0, 55.0, 1994-06-19 00:00:00, 0.0
6.0, 18.1, 180.0, 42.0, 1994-06-20 00:00:00, 0.0
14.0, 20.4, 180.0, 37.0, 1994-06-21 00:00:00, 0.0
7.0, 22.2, 230.0, 38.0, 1994-06-22 00:00:00, 0.0
16.0, 22.0, 180.0, 46.0, 1994-06-23 00:00:00, 0.0
10.0, 16.8, 180.0, 60.0, 1994-06-24 00:00:00, 0.0
10.0, 17.8, 140.0, 63.0, 1994-06-25 00:00:00, 0.0
17.0, 17.2, 230.0, 48.0, 1994-06-26 00:00:00, 0.0
13.0, 11.7, 180.0, 60.0, 1994-06-27 00:00:00, 0.0
5.0, 9.7, 180.0, 83.0, 1994-06-28 00:00:00, 1.0
13.0, 12.6, 180.0, 67.0, 1994-06-29 00:00:00, 0.0
7.0, 9.3, 180.0, 90.0, 1994-06-30 00:00:00, 3.6
2.0, 10.7, 270.0, 87.0, 1994-07-01 00:00:00, 4.3
2.0, 7.2, 180.0, 96.0, 1994-07-02 00:00:00, 7.4
14.0, 13.2, 180.0, 75.0, 1994-07-03 00:00:00, 5.1
2.0, 11.5, 0.0, 69.0, 1994-07-04 00:00:00, 0.0
5.0, 19.6, 180.0, 55.0, 1994-07-05 00:00:00, 0.0
14.0, 13.3, 180.0, 81.0, 1994-07-06 00:00:00, 0.0
17.0, 14.6, 230.0, 70.0, 1994-07-07 00:00:00, 0.3
6.0, 11.6, 270.0, 58.0, 1994-07-08 00:00:00, 0.0
11.0, 15.8, 180.0, 57.0, 1994-07-09 00:00:00, 0.0
11.0, 17.9, 180.0, 51.0, 1994-07-10 00:00:00, 0.5
7.0, 20.2, 140.0, 52.0, 1994-07-11 00:00:00, 0.0
6.0, 22.4, 90.0, 49.0, 1994-07-12 00:00:00, 0.0
3.0, 22.8, 180.0, 49.0, 1994-07-13 00:00:00, 0.0
6.0, 22.5, 140.0, 55.0, 1994-07-14 00:00:00, 5.6
6.0, 22.9, 180.0, 45.0, 1994-07-15 00:00:00, 0.3
9.0, 17.0, 180.0, 60.0, 1994-07-16 00:00:00, 0.0
13.0, 13.9, 230.0, 75.0, 1994-07-17 00:00:00, 0.0
16.0, 16.1, 230.0, 69.0, 1994-07-18 00:00:00, 2.3
2.0, 20.6, 140.0, 60.0, 1994-07-19 00:00:00, 0.0
9.0, 27.2, 230.0, 32.0, 1994-07-20 00:00:00, 0.0
2.0, 23.0, 140.0, 35.0, 1994-07-21 00:00:00, 0.3
8.0, 26.3, 90.0, 25.0, 1994-07-22 00:00:00, 0.0
2.0, 28.2, 140.0, 29.0, 1994-07-23 00:00:00, 0.0
9.0, 28.6, 180.0, 34.0, 1994-07-24 00:00:00, 0.0
8.0, 20.1, 50.0, 57.0, 1994-07-25 00:00:00, 0.3
14.0, 19.6, 180.0, 51.0, 1994-07-26 00:00:00, 0.0
1.0, 20.4, 230.0, 51.0, 1994-07-27 00:00:00, 0.0
9.0, 24.3, 140.0, 44.0, 1994-07-28 00:00:00, 0.0
11.0, 14.5, 230.0, 84.0, 1994-07-29 00:00:00, 1.3
17.0, 16.5, 180.0, 52.0, 1994-07-30 00:00:00, 0.3
0.0, 13.9, 180.0, 61.0, 1994-07-31 00:00:00, 0.0
0.0, 18.2, 90.0, 60.0, 1994-08-01 00:00:00, 0.0
2.0, 25.1, 140.0, 44.0, 1994-08-02 00:00:00, 0.0
3.0, 18.6, 270.0, 76.0, 1994-08-03 00:00:00, 0.0
0.0, 20.8, 180.0, 69.0, 1994-08-04 00:00:00, 0.3
8.0, 17.8, 230.0, 51.0, 1994-08-05 00:00:00, 0.3
1.0, 13.3, 140.0, 77.0, 1994-08-06 00:00:00, 17.8
0.0, 16.1, 180.0, 84.0, 1994-08-07 00:00:00, 1.8
12.0, 18.1, 90.0, 58.0, 1994-08-08 00:00:00, 0.0
8.0, 16.2, 50.0, 58.0, 1994-08-09 00:00:00, 0.5
3.0, 17.6, 0.0, 64.0, 1994-08-10 00:00:00, 0.0
2.0, 21.0, 50.0, 47.0, 1994-08-11 00:00:00, 0.5
1.0, 24.7, 140.0, 40.0, 1994-08-12 00:00:00, 0.0
8.0, 25.8, 320.0, 41.0, 1994-08-13 00:00:00, 0.0
12.0, 20.1, 270.0, 54.0, 1994-08-14 00:00:00, 2.5
4.0, 14.7, 320.0, 63.0, 1994-08-15 00:00:00, 0.0
6.0, 17.5, 320.0, 62.0, 1994-08-16 00:00:00, 0.0
9.0, 21.4, 90.0, 47.0, 1994-08-17 00:00:00, 0.3
5.0, 24.8, 50.0, 41.0, 1994-08-18 00:00:00, 0.0
6.0, 24.4, 320.0, 40.0, 1994-08-19 00:00:00, 0.0
3.0, 16.7, 180.0, 71.0, 1994-08-20 00:00:00, 11.4
15.0, 15.4, 320.0, 65.0, 1994-08-21 00:00:00, 0.0
24.0, 13.7, 320.0, 59.0, 1994-08-22 00:00:00, 0.3
7.0, 11.5, 230.0, 61.0, 1994-08-23 00:00:00, 0.0
3.0, 13.6, 320.0, 57.0, 1994-08-24 00:00:00, 0.0
3.0, 17.4, 320.0, 49.0, 1994-08-25 00:00:00, 0.0
3.0, 19.5, 320.0, 36.0, 1994-08-26 00:00:00, 0.0
8.0, 22.9, 320.0, 31.0, 1994-08-27 00:00:00, 0.0
5.0, 23.6, 180.0, 31.0, 1994-08-28 00:00:00, 0.0
9.0, 19.5, 320.0, 52.0, 1994-08-29 00:00:00, 0.0
3.0, 18.6, 90.0, 51.0, 1994-08-30 00:00:00, 0.0
5.0, 17.1, 320.0, 54.0, 1994-08-31 00:00:00, 0.0
11.0, 15.1, 320.0, 50.0, 1994-09-01 00:00:00, 0.5
1.0, 8.2, 320.0, 97.0, 1994-09-02 00:00:00, 3.6
3.0, 10.6, 230.0, 93.0, 1994-09-03 00:00:00, 6.1
11.0, 12.2, 320.0, 69.0, 1994-09-04 00:00:00, 0.0
10.0, 12.9, 180.0, 92.0, 1994-09-05 00:00:00, 2.8
1.0, 11.6, 320.0, 98.0, 1994-09-06 00:00:00, 7.1
0.0, 9.7, 0.0, 91.0, 1994-09-07 00:00:00, 0.5
3.0, 12.1, 230.0, 83.0, 1994-09-08 00:00:00, 9.4
9.0, 12.3, 320.0, 70.0, 1994-09-09 00:00:00, 0.0
4.0, 12.3, 320.0, 60.0, 1994-09-10 00:00:00, 0.0
10.0, 12.4, 320.0, 62.0, 1994-09-11 00:00:00, 0.0
12.0, 10.8, 320.0, 89.0, 1994-09-12 00:00:00, 3.6
15.0, 12.9, 320.0, 85.0, 1994-09-13 00:00:00, 6.1
5.0, 9.9, 320.0, 84.0, 1994-09-14 00:00:00, 0.0
13.0, 17.4, 180.0, 66.0, 1994-09-15 00:00:00, 1.3
11.0, 13.8, 320.0, 79.0, 1994-09-16 00:00:00, 2.3
7.0, 15.8, 320.0, 75.0, 1994-09-17 00:00:00, 0.3
17.0, 15.8, 230.0, 59.0, 1994-09-18 00:00:00, 0.0
4.0, 11.1, 180.0, 96.0, 1994-09-19 00:00:00, 5.1
1.0, 12.9, 320.0, 58.0, 1994-09-20 00:00:00, 0.0
9.0, 21.5, 180.0, 53.0, 1994-09-21 00:00:00, 0.0
17.0, 15.1, 230.0, 76.0, 1994-09-22 00:00:00, 0.0
7.0, 13.1, 90.0, 89.0, 1994-09-23 00:00:00, 0.5
14.0, 20.4, 320.0, 58.0, 1994-09-24 00:00:00, 0.8
19.0, 12.5, 230.0, 55.0, 1994-09-25 00:00:00, 1.5
1.0, 8.6, 320.0, 68.0, 1994-09-26 00:00:00, 0.0
19.0, 13.0, 320.0, 57.0, 1994-09-27 00:00:00, 0.8
6.0, 9.4, 320.0, 53.0, 1994-09-28 00:00:00, 0.0
1.0, 6.7, 320.0, 75.0, 1994-09-29 00:00:00, 0.0
0.0, 4.8, 0.0, 99.0, 1994-09-30 00:00:00, 24.1
3.0, 5.9, 140.0, 70.0, 1994-10-01 00:00:00, 16.0
11.0, 8.0, 230.0, 55.0, 1994-10-02 00:00:00, 0.3
1.0, 9.9, 180.0, 63.0, 1994-10-03 00:00:00, 0.0
7.0, 17.5, 320.0, 50.0, 1994-10-04 00:00:00, 0.0
7.0, 11.4, 270.0, 46.0, 1994-10-05 00:00:00, 0.0
14.0, 10.6, 320.0, 65.0, 1994-10-06 00:00:00, 0.0
1.0, 7.3, 320.0, 68.0, 1994-10-07 00:00:00, 0.0
14.0, 10.1, 320.0, 73.0, 1994-10-08 00:00:00, 0.0
6.0, 6.7, 230.0, 60.0, 1994-10-09 00:00:00, 0.3
2.0, 6.9, 90.0, 57.0, 1994-10-10 00:00:00, 0.3
0.0, 1.3, 0.0, 99.0, 1994-10-11 00:00:00, 0.0
0.0, 4.0, 0.0, 99.0, 1994-10-12 00:00:00, 0.3
1.0, 3.1, 320.0, 98.0, 1994-10-13 00:00:00, 1.0
