station_observations
wind_speed, temperature, wind_direction, relative_humidity, time, precipitation
0.0, 0.0, 0.0, 0.0, 1973-06-29 00:00:00, 0.0
0.0, 7.0, 0.0, 86.0, 1973-06-30 00:00:00, 0.0
0.0, 5.5, 0.0, 78.0, 1973-07-01 00:00:00, 0.0
0.0, 13.0, 0.0, 61.0, 1973-07-02 00:00:00, 0.0
16.0, 13.5, 0.0, 56.0, 1973-07-03 00:00:00, 0.0
16.0, 9.0, 0.0, 87.0, 1973-07-04 00:00:00, 16.5
13.0, 4.0, 0.0, 91.0, 1973-07-05 00:00:00, 8.1
8.0, 1.5, 0.0, 91.0, 1973-07-06 00:00:00, 9.1
16.0, 6.0, 0.0, 98.0, 1973-07-07 00:00:00, 15.0
8.0, 8.0, 0.0, 96.0, 1973-07-08 00:00:00, 0.5
16.0, 13.0, 0.0, 68.0, 1973-07-09 00:00:00, 0.0
16.0, 11.0, 0.0, 76.0, 1973-07-10 00:00:00, 0.0
8.0, 8.0, 0.0, 93.0, 1973-07-11 00:00:00, 0.0
8.0, 14.5, 0.0, 89.0, 1973-07-12 00:00:00, 0.0
8.0, 23.0, 0.0, 37.0, 1973-07-13 00:00:00, 0.0
0.0, 23.5, 0.0, 53.0, 1973-07-14 00:00:00, 0.0
16.0, 21.0, 0.0, 67.0, 1973-07-15 00:00:00, 0.0
8.0, 20.5, 0.0, 65.0, 1973-07-16 00:00:00, 0.0
8.0, 22.0, 0.0, 52.0, 1973-07-17 00:00:00, 0.0
0.0, 25.0, 0.0, 35.0, 1973-07-18 00:00:00, 0.0
8.0, 21.0, 0.0, 59.0, 1973-07-19 00:00:00, 0.0
8.0, 13.0, 0.0, 74.0, 1973-07-20 00:00:00, 0.0
0.0, 11.0, 0.0, 81.0, 1973-07-21 00:00:00, 0.0
5.0, 6.0, 0.0, 85.0, 1973-07-22 00:00:00, 0.0
8.0, 7.0, 0.0, 87.0, 1973-07-23 00:00:00, 5.1
8.0, 11.0, 0.0, 82.0, 1973-07-24 00:00:00, 0.0
3.0, 12.0, 0.0, 78.0, 1973-07-25 00:00:00, 6.1
16.0, 11.5, 0.0, 81.0, 1973-07-26 00:00:00, 0.0
0.0, 22.0, 0.0, 76.0, 1973-07-27 00:00:00, 0.0
0.0, 22.0, 0.0, 49.0, 1973-07-28 00:00:00, 0.0
0.0, 19.5, 0.0, 76.0, 1973-07-29 00:00:00, 0.0
8.0, 19.0, 320.0, 56.0, 1973-07-30 00:00:00, 0.0
11.0, 18.5, 90.0, 67.0, 1973-07-31 00:00:00, 0.0
8.0, 18.5, 270.0, 60.0, 1973-08-01 00:00:00, 0.0
8.0, 18.5, 90.0, 72.0, 1973-08-02 00:00:00, 0.0
8.0, 20.0, 90.0, 72.0, 1973-08-03 00:00:00, 0.0
8.0, 15.0, 0.0, 74.0, 1973-08-04 00:00:00, 0.0
0.0, 9.5, 0.0, 81.0, 1973-08-05 00:00:00, 1.5
0.0, 10.0, 0.0, 93.0, 1973-08-06 00:00:00, 0.0
6.0, 12.0, 270.0, 88.0, 1973-08-07 00:00:00, 0.0
16.0, 16.5, 140.0, 75.0, 1973-08-08 00:00:00, 0.0
16.0, 19.0, 320.0, 68.0, 1973-08-09 00:00:00, 0.0
8.0, 11.5, 140.0, 84.0, 1973-08-10 00:00:00, 0.0
8.0, 21.5, 90.0, 46.0, 1973-08-11 00:00:00, 0.0
16.0, 26.0, 140.0, 37.0, 1973-08-12 00:00:00, 0.0
16.0, 19.5, 90.0, 59.0, 1973-08-13 00:00:00, 0.0
16.0, 15.0, 90.0, 74.0, 1973-08-14 00:00:00, 0.0
8.0, 15.0, 140.0, 88.0, 1973-08-15 00:00:00, 0.0
16.0, 7.0, 50.0, 99.0, 1973-08-16 00:00:00, 27.9
16.0, 3.5, 140.0, 99.0, 1973-08-17 00:00:00, 6.4
0.0, 10.5, 0.0, 77.0, 1973-08-18 00:00:00, 26.7
0.0, 15.5, 0.0, 70.0, 1973-08-19 00:00:00, 0.0
16.0, 10.5, 140.0, 60.0, 1973-08-20 00:00:00, 0.0
16.0, 14.0, 90.0, 71.0, 1973-08-21 00:00:00, 0.0
16.0, 9.5, 180.0, 96.0, 1973-08-22 00:00:00, 0.0
8.0, 9.0, 0.0, 56.0, 1973-08-23 00:00:00, 0.0
0.0, 7.0, 0.0, 87.0, 1973-08-24 00:00:00, 0.0
8.0, 13.0, 230.0, 53.0, 1973-08-25 00:00:00, 0.0
8.0, 13.5, 140.0, 68.0, 1973-08-26 00:00:00, 0.0
16.0, 5.5, 50.0, 86.0, 1973-08-27 00:00:00, 2.3
8.0, 6.0, 0.0, 94.0, 1973-08-28 00:00:00, 20.3
8.0, 9.0, 50.0, 96.0, 1973-08-29 00:00:00, 0.0
10.0, 8.0, 270.0, 87.0, 1973-08-30 00:00:00, 0.0
8.0, 5.5, 90.0, 99.0, 1973-08-31 00:00:00, 0.0
16.0, 13.0, 0.0, 43.0, 1973-09-01 00:00:00, 0.0
8.0, 19.5, 270.0, 68.0, 1973-09-02 00:00:00, 0.0
8.0, 18.5, 90.0, 70.0, 1973-09-03 00:00:00, 0.0
8.0, 21.5, 320.0, 48.0, 1973-09-04 00:00:00, 0.0
16.0, 25.0, 320.0, 30.0, 1973-09-05 00:00:00, 0.0
8.0, 9.0, 0.0, 90.0, 1973-09-06 00:00:00, 12.7
0.0, 8.5, 0.0, 90.0, 1973-09-07 00:00:00, 13.5
0.0, 11.5, 0.0, 72.0, 1973-09-08 00:00:00, 0.0
0.0, 16.5, 0.0, 75.0, 1973-09-09 00:00:00, 0.0
8.0, 24.5, 230.0, 45.0, 1973-09-10 00:00:00, 0.0
16.0, 16.5, 140.0, 80.0, 1973-09-11 00:00:00, 0.0
16.0, 12.0, 320.0, 83.0, 1973-09-12 00:00:00, 0.0
24.0, 15.0, 50.0, 55.0, 1973-09-13 00:00:00, 0.0
8.0, 10.5, 50.0, 65.0, 1973-09-14 00:00:00, 0.0
0.0, 14.0, 0.0, 36.0, 1973-09-15 00:00:00, 0.0
0.0, 15.0, 0.0, 77.0, 1973-09-16 00:00:00, 0.0
24.0, 11.5, 90.0, 52.0, 1973-09-17 00:00:00, 0.0
8.0, 14.5, 140.0, 45.0, 1973-09-18 00:00:00, 22.4
24.0, 6.5, 50.0, 99.0, 1973-09-19 00:00:00, 3.0
32.0, 7.0, 90.0, 99.0, 1973-09-20 00:00:00, 26.9
8.0, 7.0, 180.0, 99.0, 1973-09-21 00:00:00, 48.5
8.0, 8.0, 90.0, 86.0, 1973-09-22 00:00:00, 2.8
16.0, 6.5, 270.0, 92.0, 1973-09-23 00:00:00, 0.5
0.0, 8.0, 0.0, 87.0, 1973-09-24 00:00:00, 3.8
8.0, 5.5, 140.0, 86.0, 1973-09-25 00:00:00, 0.0
16.0, 6.0, 50.0, 99.0, 1973-09-26 00:00:00, 16.5
8.0, 13.0, 90.0, 89.0, 1973-09-27 00:00:00, 0.8
13.0, 15.5, 90.0, 66.0, 1973-09-28 00:00:00, 0.0
13.0, 15.5, 0.0, 66.0, 1973-09-29 00:00:00, 0.0
13.0, 15.5, 0.0, 66.0, 1973-09-30 00:00:00, 0.0
0.0, 0.0, 0.0, 0.0, 1974-07-28 00:00:00, 0.0
8.0, 24.0, 270.0, 39.0, 1974-07-29 00:00:00, 0.0
8.0, 21.0, 0.0, 61.0, 1974-07-30 00:00:00, 0.0
8.0, 23.0, 90.0, 47.0, 1974-07-31 00:00:00, 0.0
3.0, 23.0, 0.0, 54.0, 1974-08-01 00:00:00, 0.0
16.0, 21.5, 0.0, 74.0, 1974-08-02 00:00:00, 0.0
16.0, 21.5, 0.0, 74.0, 1974-08-03 00:00:00, 0.0
16.0, 21.5, 0.0, 74.0, 1974-08-04 00:00:00, 0.0
16.0, 21.5, 0.0, 74.0, 1974-08-05 00:00:00, 0.0
8.0, 14.0, 0.0, 72.0, 1974-08-06 00:00:00, 0.0
16.0, 10.0, 0.0, 83.0, 1974-08-07 00:00:00, 0.0
8.0, 15.0, 90.0, 73.0, 1974-08-08 00:00:00, 0.0
10.0, 18.0, 320.0, 67.0, 1974-08-09 00:00:00, 0.0
10.0, 18.0, 0.0, 67.0, 1974-08-10 00:00:00, 0.0
10.0, 18.0, 0.0, 67.0, 1974-08-11 00:00:00, 0.0
8.0, 8.0, 90.0, 99.0, 1974-08-12 00:00:00, 1.8
8.0, 14.0, 320.0, 84.0, 1974-08-13 00:00:00, 0.0
0.0, 11.5, 0.0, 96.0, 1974-08-14 00:00:00, 0.0
8.0, 14.0, 180.0, 87.0, 1974-08-15 00:00:00, 0.0
6.0, 18.5, 0.0, 78.0, 1974-08-16 00:00:00, 0.0
6.0, 18.5, 0.0, 78.0, 1974-08-17 00:00:00, 0.0
6.0, 18.5, 0.0, 78.0, 1974-08-18 00:00:00, 0.0
0.0, 8.5, 0.0, 95.0, 1974-08-19 00:00:00, 0.0
5.0, 8.5, 90.0, 80.0, 1974-08-20 00:00:00, 0.0
0.0, 10.0, 0.0, 40.0, 1974-08-21 00:00:00, 0.0
8.0, 14.5, 0.0, 50.0, 1974-08-22 00:00:00, 0.0
0.0, 11.5, 0.0, 95.0, 1974-08-23 00:00:00, 8.1
0.0, 11.5, 0.0, 95.0, 1974-08-24 00:00:00, 0.0
0.0, 11.5, 0.0, 95.0, 1974-08-25 00:00:00, 0.0
0.0, 16.5, 0.0, 67.0, 1974-08-26 00:00:00, 0.0
8.0, 24.0, 50.0, 39.0, 1974-08-27 00:00:00, 0.0
8.0, 24.5, 270.0, 53.0, 1974-08-28 00:00:00, 0.0
8.0, 26.0, 180.0, 79.0, 1974-08-29 00:00:00, 0.0
8.0, 26.0, 0.0, 79.0, 1974-08-30 00:00:00, 0.0
8.0, 26.0, 0.0, 79.0, 1974-08-31 00:00:00, 0.0
8.0, 26.0, 0.0, 79.0, 1974-09-01 00:00:00, 0.0
8.0, 26.0, 0.0, 79.0, 1974-09-02 00:00:00, 0.0
8.0, 19.5, 320.0, 48.0, 1974-09-03 00:00:00, 0.0
8.0, 10.0, 90.0, 87.0, 1974-09-04 00:00:00, 0.0
8.0, 11.5, 90.0, 83.0, 1974-09-05 00:00:00, 0.0
8.0, 11.0, 230.0, 83.0, 1974-09-06 00:00:00, 6.4
8.0, 11.0, 0.0, 83.0, 1974-09-07 00:00:00, 0.0
8.0, 11.0, 0.0, 83.0, 1974-09-08 00:00:00, 0.0
16.0, 10.0, 140.0, 82.0, 1974-09-09 00:00:00, 0.0
5.0, 8.5, 180.0, 77.0, 1974-09-10 00:00:00, 4.6
8.0, 11.0, 140.0, 79.0, 1974-09-11 00:00:00, 0.0
8.0, 14.0, 230.0, 59.0, 1974-09-12 00:00:00, 0.0
8.0, 19.0, 90.0, 65.0, 1974-09-13 00:00:00, 0.0
8.0, 19.0, 0.0, 65.0, 1974-09-14 00:00:00, 0.0
8.0, 19.0, 0.0, 65.0, 1974-09-15 00:00:00, 0.0
0.0, 19.0, 0.0, 55.0, 1974-09-16 00:00:00, 0.0
0.0, 16.5, 0.0, 90.0, 1974-09-17 00:00:00, 0.0
8.0, 18.0, 90.0, 64.0, 1974-09-18 00:00:00, 0.0
16.0, 21.0, 270.0, 31.0, 1974-09-19 00:00:00, 0.0
11.0, 24.5, 50.0, 37.0, 1974-09-20 00:00:00, 0.0
11.0, 24.5, 0.0, 37.0, 1974-09-21 00:00:00, 0.0
11.0, 24.5, 0.0, 37.0, 1974-09-22 00:00:00, 0.0
8.0, 23.5, 0.0, 52.0, 1974-09-23 00:00:00, 0.0
0.0, 25.0, 0.0, 21.0, 1974-09-24 00:00:00, 0.0
8.0, 19.0, 230.0, 38.0, 1974-09-25 00:00:00, 0.0
16.0, 6.5, 270.0, 81.0, 1974-09-26 00:00:00, 0.0
8.0, 5.0, 50.0, 94.0, 1974-09-27 00:00:00, 0.0
8.0, 5.0, 0.0, 94.0, 1974-09-28 00:00:00, 0.0
8.0, 5.0, 0.0, 94.0, 1974-09-29 00:00:00, 0.0
16.0, 17.0, 90.0, 34.0, 1974-09-30 00:00:00, 0.0
0.0, 0.0, 0.0, 0.0, 1975-07-09 00:00:00, 0.0
8.0, 20.0, 140.0, 66.0, 1975-07-10 00:00:00, 0.0
0.0, 16.5, 0.0, 79.0, 1975-07-11 00:00:00, 0.3
10.0, 18.0, 50.0, 74.0, 1975-07-12 00:00:00, 0.0
10.0, 18.0, 0.0, 74.0, 1975-07-13 00:00:00, 0.0
10.0, 18.0, 0.0, 74.0, 1975-07-14 00:00:00, 0.0
19.0, 10.5, 270.0, 76.0, 1975-07-15 00:00:00, 0.3
0.0, 9.0, 0.0, 80.0, 1975-07-16 00:00:00, 0.0
0.0, 7.0, 0.0, 91.0, 1975-07-17 00:00:00, 0.0
19.0, 11.5, 140.0, 87.0, 1975-07-18 00:00:00, 6.4
0.0, 14.5, 0.0, 88.0, 1975-07-19 00:00:00, 0.0
10.0, 15.5, 140.0, 77.0, 1975-07-20 00:00:00, 0.0
0.0, 11.5, 0.0, 81.0, 1975-07-21 00:00:00, 0.0
10.0, 10.0, 230.0, 72.0, 1975-07-22 00:00:00, 0.0
19.0, 21.0, 90.0, 40.0, 1975-07-23 00:00:00, 0.0
10.0, 15.0, 90.0, 38.0, 1975-07-24 00:00:00, 0.0
10.0, 14.0, 230.0, 88.0, 1975-07-25 00:00:00, 0.0
10.0, 20.5, 140.0, 58.0, 1975-07-26 00:00:00, 0.0
10.0, 21.0, 140.0, 55.0, 1975-07-27 00:00:00, 0.0
10.0, 9.5, 230.0, 86.0, 1975-07-28 00:00:00, 0.0
0.0, 9.5, 0.0, 92.0, 1975-07-29 00:00:00, 0.0
10.0, 10.0, 90.0, 83.0, 1975-07-30 00:00:00, 0.0
0.0, 10.5, 0.0, 82.0, 1975-07-31 00:00:00, 0.0
0.0, 11.0, 0.0, 81.0, 1975-08-01 00:00:00, 0.0
0.0, 11.0, 0.0, 81.0, 1975-08-02 00:00:00, 0.0
0.0, 11.0, 0.0, 81.0, 1975-08-03 00:00:00, 0.0
10.0, 18.5, 140.0, 65.0, 1975-08-04 00:00:00, 0.0
10.0, 10.0, 270.0, 80.0, 1975-08-05 00:00:00, 0.0
3.0, 15.5, 0.0, 93.0, 1975-08-06 00:00:00, 0.0
19.0, 7.0, 0.0, 99.0, 1975-08-07 00:00:00, 35.6
0.0, 7.0, 0.0, 85.0, 1975-08-08 00:00:00, 0.3
10.0, 13.0, 320.0, 96.0, 1975-08-09 00:00:00, 0.3
5.0, 10.0, 270.0, 80.0, 1975-08-10 00:00:00, 0.0
0.0, 11.5, 0.0, 87.0, 1975-08-11 00:00:00, 0.0
10.0, 16.5, 270.0, 58.0, 1975-08-12 00:00:00, 0.0
5.0, 20.0, 320.0, 47.0, 1975-08-13 00:00:00, 0.0
10.0, 20.0, 140.0, 62.0, 1975-08-14 00:00:00, 0.0
13.0, 15.0, 90.0, 59.0, 1975-08-15 00:00:00, 0.0
0.0, 11.5, 0.0, 98.0, 1975-08-16 00:00:00, 5.1
0.0, 11.5, 0.0, 99.0, 1975-08-17 00:00:00, 9.1
0.0, 13.0, 0.0, 80.0, 1975-08-18 00:00:00, 0.0
0.0, 11.0, 0.0, 99.0, 1975-08-19 00:00:00, 0.8
5.0, 11.0, 50.0, 65.0, 1975-08-20 00:00:00, 0.0
0.0, 11.5, 0.0, 82.0, 1975-08-21 00:00:00, 0.5
0.0, 5.0, 0.0, 67.0, 1975-08-22 00:00:00, 0.0
0.0, 11.0, 0.0, 92.0, 1975-08-23 00:00:00, 45.7
0.0, 11.0, 0.0, 92.0, 1975-08-24 00:00:00, 0.0
0.0, 8.5, 0.0, 72.0, 1975-08-25 00:00:00, 0.8
19.0, 8.0, 90.0, 99.0, 1975-08-26 00:00:00, 32.5
19.0, 8.5, 270.0, 99.0, 1975-08-27 00:00:00, 15.2
13.0, 7.0, 90.0, 99.0, 1975-08-28 00:00:00, 2.0
0.0, 6.5, 0.0, 86.0, 1975-08-29 00:00:00, 37.3
10.0, 7.0, 140.0, 90.0, 1975-08-30 00:00:00, 12.7
0.0, 9.0, 0.0, 90.0, 1975-08-31 00:00:00, 6.4
0.0, 8.0, 0.0, 99.0, 1975-09-01 00:00:00, 1.3
0.0, 6.0, 0.0, 84.0, 1975-09-02 00:00:00, 0.0
10.0, 11.0, 50.0, 74.0, 1975-09-03 00:00:00, 0.0
10.0, 11.0, 0.0, 74.0, 1975-09-04 00:00:00, 0.0
0.0, 21.5, 0.0, 47.0, 1975-09-05 00:00:00, 0.0
11.0, 21.0, 140.0, 55.0, 1975-09-06 00:00:00, 0.0
5.0, 15.5, 50.0, 92.0, 1975-09-07 00:00:00, 0.0
0.0, 11.0, 0.0, 87.0, 1975-09-08 00:00:00, 0.0
3.0, 19.5, 320.0, 84.0, 1975-09-09 00:00:00, 0.0
0.0, 21.5, 0.0, 85.0, 1975-09-10 00:00:00, 0.0
19.0, 20.5, 90.0, 75.0, 1975-09-11 00:00:00, 0.0
19.0, 20.5, 0.0, 75.0, 1975-09-12 00:00:00, 0.0
3.0, 23.0, 180.0, 65.0, 1975-09-13 00:00:00, 0.0
3.0, 23.0, 0.0, 65.0, 1975-09-14 00:00:00, 0.0
10.0, 14.5, 90.0, 65.0, 1975-09-15 00:00:00, 0.0
10.0, 7.0, 140.0, 65.0, 1975-09-16 00:00:00, 0.0
10.0, 8.5, 140.0, 60.0, 1975-09-17 00:00:00, 0.0
3.0, 14.5, 90.0, 45.0, 1975-09-18 00:00:00, 0.0
5.0, 16.5, 140.0, 45.0, 1975-09-19 00:00:00, 0.0
0.0, 20.0, 0.0, 81.0, 1975-09-20 00:00:00, 0.0
0.0, 20.0, 0.0, 81.0, 1975-09-21 00:00:00, 0.0
19.0, 21.5, 90.0, 85.0, 1975-09-22 00:00:00, 0.0
19.0, 11.5, 90.0, 75.0, 1975-09-23 00:00:00, 0.0
9.0, 9.0, 90.0, 99.0, 1975-09-24 00:00:00, 0.3
0.0, 8.0, 0.0, 72.0, 1975-09-25 00:00:00, 0.0
3.0, 16.0, 90.0, 72.0, 1975-09-26 00:00:00, 0.0
8.0, 16.0, 90.0, 87.0, 1975-09-27 00:00:00, 0.0
0.0, 15.5, 0.0, 90.0, 1975-09-28 00:00:00, 0.0
0.0, 14.5, 0.0, 64.0, 1975-09-29 00:00:00, 0.0
19.0, 20.0, 90.0, 49.0, 1975-09-30 00:00:00, 0.0
0.0, 0.0, 0.0, 0.0, 1976-07-25 00:00:00, 0.0
9.0, 9.0, 320.0, 86.0, 1976-07-26 00:00:00, 0.0
9.0, 13.0, 40.0, 71.0, 1976-07-27 00:00:00, 0.0
9.0, 16.0, 270.0, 72.0, 1976-07-28 00:00:00, 0.0
9.0, 12.7, 0.0, 76.0, 1976-07-29 00:00:00, 0.0
9.0, 19.0, 140.0, 87.0, 1976-07-30 00:00:00, 0.0
9.0, 15.9, 0.0, 78.0, 1976-07-31 00:00:00, 0.0
9.0, 15.9, 0.0, 80.0, 1976-08-01 00:00:00, 0.0
9.0, 16.9, 0.0, 82.0, 1976-08-02 00:00:00, 0.0
9.0, 14.0, 140.0, 83.0, 1976-08-03 00:00:00, 0.0
9.0, 11.0, 0.0, 87.0, 1976-08-04 00:00:00, 0.0
9.0, 15.0, 0.0, 83.0, 1976-08-05 00:00:00, 0.0
22.0, 16.0, 180.0, 78.0, 1976-08-06 00:00:00, 0.3
13.0, 14.0, 0.0, 83.0, 1976-08-07 00:00:00, 0.0
15.0, 15.0, 0.0, 81.0, 1976-08-08 00:00:00, 0.0
9.0, 10.0, 230.0, 94.0, 1976-08-09 00:00:00, 3.1
15.0, 15.0, 140.0, 83.0, 1976-08-10 00:00:00, 0.0
19.0, 16.0, 140.0, 93.0, 1976-08-11 00:00:00, 0.0
15.0, 14.0, 140.0, 72.0, 1976-08-12 00:00:00, 0.0
22.0, 7.0, 90.0, 94.0, 1976-08-13 00:00:00, 10.6
19.0, 12.3, 0.0, 86.0, 1976-08-14 00:00:00, 0.0
19.0, 11.1, 0.0, 84.0, 1976-08-15 00:00:00, 0.0
9.0, 9.0, 140.0, 99.0, 1976-08-16 00:00:00, 48.0
9.0, 8.0, 90.0, 85.0, 1976-08-17 00:00:00, 3.5
5.0, 9.0, 140.0, 92.0, 1976-08-18 00:00:00, 0.0
18.0, 6.0, 270.0, 99.0, 1976-08-19 00:00:00, 21.8
5.0, 9.0, 140.0, 80.0, 1976-08-20 00:00:00, 50.5
9.0, 8.0, 0.0, 90.0, 1976-08-21 00:00:00, 0.0
11.0, 7.7, 0.0, 90.0, 1976-08-22 00:00:00, 0.0
19.0, 9.0, 40.0, 99.0, 1976-08-23 00:00:00, 0.0
7.0, 10.0, 90.0, 86.0, 1976-08-24 00:00:00, 5.3
5.0, 7.0, 270.0, 87.0, 1976-08-25 00:00:00, 0.8
5.0, 7.0, 180.0, 91.0, 1976-08-26 00:00:00, 0.0
6.0, 8.0, 0.0, 88.0, 1976-08-27 00:00:00, 0.0
5.0, 7.3, 0.0, 89.0, 1976-08-28 00:00:00, 0.0
5.0, 7.4, 0.0, 89.0, 1976-08-29 00:00:00, 0.0
13.0, 18.0, 90.0, 84.0, 1976-08-30 00:00:00, 0.0
6.0, 19.0, 90.0, 56.0, 1976-08-31 00:00:00, 0.0
9.0, 14.0, 0.0, 72.0, 1976-09-01 00:00:00, 0.0
8.0, 9.0, 230.0, 92.0, 1976-09-02 00:00:00, 0.0
7.0, 10.0, 90.0, 99.0, 1976-09-03 00:00:00, 0.0
8.0, 11.0, 0.0, 88.0, 1976-09-04 00:00:00, 0.0
8.0, 10.0, 0.0, 93.0, 1976-09-05 00:00:00, 0.0
11.0, 8.0, 270.0, 90.0, 1976-09-06 00:00:00, 15.0
2.0, 7.0, 90.0, 90.0, 1976-09-07 00:00:00, 0.0
7.0, 8.3, 0.0, 91.0, 1976-09-08 00:00:00, 0.0
19.0, 16.0, 140.0, 54.0, 1976-09-09 00:00:00, 0.0
15.0, 17.0, 140.0, 37.0, 1976-09-10 00:00:00, 0.0
14.0, 13.8, 0.0, 61.0, 1976-09-11 00:00:00, 0.0
16.0, 15.6, 0.0, 51.0, 1976-09-12 00:00:00, 0.0
22.0, 11.0, 130.0, 74.0, 1976-09-13 00:00:00, 0.0
9.0, 10.0, 90.0, 92.0, 1976-09-14 00:00:00, 33.9
9.0, 17.0, 140.0, 62.0, 1976-09-15 00:00:00, 0.0
5.0, 19.0, 90.0, 52.0, 1976-09-16 00:00:00, 0.0
7.0, 11.0, 90.0, 85.0, 1976-09-17 00:00:00, 0.0
7.0, 15.7, 0.0, 66.0, 1976-09-18 00:00:00, 0.0
6.0, 15.2, 0.0, 68.0, 1976-09-19 00:00:00, 0.0
28.0, 22.0, 130.0, 30.0, 1976-09-20 00:00:00, 0.0
7.0, 21.0, 140.0, 43.0, 1976-09-21 00:00:00, 0.0
2.0, 11.0, 90.0, 98.0, 1976-09-22 00:00:00, 0.0
6.0, 9.5, 270.0, 86.0, 1976-09-23 00:00:00, 0.2
15.0, 16.0, 90.0, 68.0, 1976-09-24 00:00:00, 0.0
8.0, 12.2, 0.0, 84.0, 1976-09-25 00:00:00, 0.0
10.0, 12.6, 0.0, 79.0, 1976-09-26 00:00:00, 0.0
7.0, 19.0, 90.0, 62.0, 1976-09-27 00:00:00, 0.0
2.0, 16.0, 140.0, 77.0, 1976-09-28 00:00:00, 0.0
2.0, 16.0, 140.0, 77.0, 1976-09-29 00:00:00, 0.0
11.0, 13.0, 90.0, 75.0, 1976-09-30 00:00:00, 0.0
0.0, 0.0, 0.0, 0.0, 1977-07-28 00:00:00, 0.0
8.0, 9.0, 270.0, 86.0, 1977-07-29 00:00:00, 13.0
0.0, 15.0, 0.0, 72.0, 1977-07-30 00:00:00, 0.0
0.0, 20.0, 0.0, 62.0, 1977-07-31 00:00:00, 0.0
5.0, 21.0, 130.0, 57.0, 1977-08-01 00:00:00, 0.0
5.0, 21.0, 0.0, 57.0, 1977-08-02 00:00:00, 0.0
5.0, 21.0, 0.0, 57.0, 1977-08-03 00:00:00, 0.0
0.0, 23.0, 0.0, 68.0, 1977-08-04 00:00:00, 0.0
0.0, 22.0, 0.0, 36.0, 1977-08-05 00:00:00, 0.0
0.0, 22.0, 0.0, 40.0, 1977-08-06 00:00:00, 0.0
0.0, 22.0, 0.0, 51.0, 1977-08-07 00:00:00, 0.0
6.0, 18.0, 140.0, 74.0, 1977-08-08 00:00:00, 0.0
5.0, 22.0, 320.0, 51.0, 1977-08-09 00:00:00, 0.0
10.0, 23.0, 270.0, 53.0, 1977-08-10 00:00:00, 0.0
7.0, 26.0, 270.0, 66.0, 1977-08-11 00:00:00, 0.0
5.0, 25.0, 140.0, 46.0, 1977-08-12 00:00:00, 0.0
5.0, 25.0, 0.0, 46.0, 1977-08-13 00:00:00, 0.0
10.0, 24.0, 90.0, 54.0, 1977-08-14 00:00:00, 0.0
10.0, 24.0, 0.0, 54.0, 1977-08-15 00:00:00, 0.0
4.0, 26.0, 90.0, 35.0, 1977-08-16 00:00:00, 0.0
4.0, 26.0, 180.0, 32.0, 1977-08-17 00:00:00, 0.0
3.0, 17.0, 140.0, 55.0, 1977-08-18 00:00:00, 0.0
2.0, 21.0, 140.0, 64.0, 1977-08-19 00:00:00, 0.0
5.0, 22.0, 270.0, 57.0, 1977-08-20 00:00:00, 0.0
14.0, 17.0, 120.0, 77.0, 1977-08-21 00:00:00, 0.0
4.0, 9.0, 90.0, 99.0, 1977-08-22 00:00:00, 12.7
19.0, 9.0, 90.0, 99.0, 1977-08-23 00:00:00, 22.1
24.0, 8.0, 90.0, 99.0, 1977-08-24 00:00:00, 34.8
8.0, 7.0, 130.0, 90.0, 1977-08-25 00:00:00, 27.2
12.0, 9.0, 270.0, 99.0, 1977-08-26 00:00:00, 56.9
6.0, 11.0, 90.0, 98.0, 1977-08-27 00:00:00, 1.3
0.0, 9.0, 0.0, 99.0, 1977-08-28 00:00:00, 22.6
2.0, 7.0, 140.0, 99.0, 1977-08-29 00:00:00, 6.4
4.0, 8.0, 320.0, 90.0, 1977-08-30 00:00:00, 0.5
0.0, 11.0, 0.0, 86.0, 1977-08-31 00:00:00, 0.0
3.0, 11.0, 90.0, 72.0, 1977-09-01 00:00:00, 0.0
20.0, 9.0, 90.0, 90.0, 1977-09-02 00:00:00, 2.0
12.0, 10.0, 90.0, 90.0, 1977-09-03 00:00:00, 47.2
8.0, 11.0, 150.0, 80.0, 1977-09-04 00:00:00, 0.0
8.0, 11.0, 0.0, 80.0, 1977-09-05 00:00:00, 0.0
0.0, 11.0, 0.0, 86.0, 1977-09-06 00:00:00, 0.0
0.0, 11.0, 0.0, 86.0, 1977-09-07 00:00:00, 0.0
8.0, 7.0, 90.0, 99.0, 1977-09-08 00:00:00, 0.1
4.0, 11.0, 130.0, 92.0, 1977-09-09 00:00:00, 0.0
4.0, 14.0, 270.0, 23.0, 1977-09-10 00:00:00, 0.0
8.0, 16.0, 90.0, 78.0, 1977-09-11 00:00:00, 0.0
0.0, 18.0, 0.0, 50.0, 1977-09-12 00:00:00, 0.0
0.0, 16.0, 0.0, 49.0, 1977-09-13 00:00:00, 0.0
0.0, 10.0, 0.0, 99.0, 1977-09-14 00:00:00, 0.0
10.0, 6.0, 90.0, 99.0, 1977-09-15 00:00:00, 2.0
0.0, 6.0, 0.0, 92.0, 1977-09-16 00:00:00, 2.0
0.0, 6.0, 0.0, 92.0, 1977-09-17 00:00:00, 0.0
20.0, 8.0, 90.0, 90.0, 1977-09-18 00:00:00, 0.0
20.0, 6.0, 90.0, 99.0, 1977-09-19 00:00:00, 13.0
8.0, 4.0, 90.0, 99.0, 1977-09-20 00:00:00, 85.1
85.0, 6.0, 20.0, 90.0, 1977-09-21 00:00:00, 0.0
0.0, 6.0, 0.0, 91.0, 1977-09-22 00:00:00, 0.0
9.0, 5.0, 140.0, 99.0, 1977-09-23 00:00:00, 65.8
9.0, 5.0, 0.0, 99.0, 1977-09-24 00:00:00, 0.0
15.0, 11.0, 90.0, 90.0, 1977-09-25 00:00:00, 3.0
6.0, 11.0, 270.0, 92.0, 1977-09-26 00:00:00, 0.0
0.0, 11.0, 0.0, 81.0, 1977-09-27 00:00:00, 0.0
0.0, 8.0, 0.0, 72.0, 1977-09-28 00:00:00, 0.3
0.0, 7.0, 0.0, 84.0, 1977-09-29 00:00:00, 0.0
0.0, 6.0, 0.0, 90.0, 1977-09-30 00:00:00, 0.0
0.0, 0.0, 0.0, 0.0, 1978-06-06 00:00:00, 0.0
8.0, 14.5, 0.0, 86.0, 1978-06-07 00:00:00, 0.0
6.0, 11.0, 0.0, 67.0, 1978-06-08 00:00:00, 0.0
5.0, 9.0, 0.0, 94.0, 1978-06-09 00:00:00, 14.5
10.0, 10.5, 0.0, 78.0, 1978-06-10 00:00:00, 2.0
25.0, 9.5, 0.0, 84.0, 1978-06-11 00:00:00, 0.0
2.0, 14.5, 0.0, 76.0, 1978-06-12 00:00:00, 0.8
10.0, 11.0, 0.0, 97.0, 1978-06-13 00:00:00, 25.9
3.0, 11.0, 0.0, 74.0, 1978-06-14 00:00:00, 4.1
18.0, 11.5, 0.0, 68.0, 1978-06-15 00:00:00, 1.4
0.0, 7.0, 0.0, 77.0, 1978-06-16 00:00:00, 0.0
11.0, 14.0, 140.0, 88.0, 1978-06-17 00:00:00, 0.0
10.0, 13.0, 140.0, 82.0, 1978-06-18 00:00:00, 0.0
0.0, 10.0, 0.0, 70.0, 1978-06-19 00:00:00, 0.0
50.0, 14.0, 0.0, 72.0, 1978-06-20 00:00:00, 0.0
0.0, 12.0, 0.0, 90.0, 1978-06-21 00:00:00, 0.0
0.0, 8.0, 0.0, 95.0, 1978-06-22 00:00:00, 8.0
8.0, 10.0, 130.0, 89.0, 1978-06-23 00:00:00, 8.0
0.0, 10.0, 0.0, 89.0, 1978-06-24 00:00:00, 0.0
0.0, 10.0, 0.0, 93.0, 1978-06-25 00:00:00, 0.9
8.0, 10.0, 180.0, 89.0, 1978-06-26 00:00:00, 2.5
14.0, 21.0, 90.0, 62.0, 1978-06-27 00:00:00, 0.0
15.0, 23.0, 230.0, 50.0, 1978-06-28 00:00:00, 0.0
8.0, 12.0, 0.0, 72.0, 1978-06-29 00:00:00, 0.0
13.0, 8.0, 0.0, 90.0, 1978-06-30 00:00:00, 6.7
0.0, 14.0, 0.0, 90.0, 1978-07-01 00:00:00, 1.8
0.0, 12.0, 0.0, 92.0, 1978-07-02 00:00:00, 0.0
10.0, 12.0, 90.0, 92.0, 1978-07-03 00:00:00, 0.0
0.0, 9.0, 0.0, 99.0, 1978-07-04 00:00:00, 0.0
0.0, 9.0, 0.0, 99.0, 1978-07-05 00:00:00, 0.0
0.0, 10.0, 0.0, 82.0, 1978-07-06 00:00:00, 0.0
0.0, 17.0, 0.0, 74.0, 1978-07-07 00:00:00, 0.0
0.0, 13.0, 0.0, 88.0, 1978-07-08 00:00:00, 0.0
15.0, 8.0, 130.0, 98.0, 1978-07-09 00:00:00, 0.0
13.0, 8.0, 0.0, 90.0, 1978-07-10 00:00:00, 5.3
6.0, 8.0, 0.0, 90.0, 1978-07-11 00:00:00, 4.9
8.0, 14.0, 0.0, 42.0, 1978-07-12 00:00:00, 0.0
0.0, 17.0, 0.0, 73.0, 1978-07-13 00:00:00, 0.0
0.0, 12.0, 0.0, 75.0, 1978-07-14 00:00:00, 0.0
0.0, 20.0, 0.0, 68.0, 1978-07-15 00:00:00, 0.0
0.0, 12.0, 0.0, 92.0, 1978-07-16 00:00:00, 0.0
0.0, 9.0, 0.0, 86.0, 1978-07-17 00:00:00, 0.0
16.0, 15.0, 270.0, 80.0, 1978-07-18 00:00:00, 0.0
10.0, 19.0, 0.0, 46.0, 1978-07-19 00:00:00, 0.0
3.0, 21.0, 270.0, 47.0, 1978-07-20 00:00:00, 0.0
8.0, 23.0, 270.0, 40.0, 1978-07-21 00:00:00, 0.0
6.0, 23.0, 50.0, 46.0, 1978-07-22 00:00:00, 0.0
6.0, 22.0, 90.0, 48.0, 1978-07-23 00:00:00, 0.0
6.0, 17.0, 90.0, 50.0, 1978-07-24 00:00:00, 0.0
16.0, 21.0, 220.0, 68.0, 1978-07-25 00:00:00, 0.0
13.0, 14.0, 0.0, 80.0, 1978-07-26 00:00:00, 0.0
13.0, 10.0, 90.0, 83.0, 1978-07-27 00:00:00, 16.5
3.0, 15.0, 130.0, 81.0, 1978-07-28 00:00:00, 0.0
10.0, 19.0, 240.0, 60.0, 1978-07-29 00:00:00, 0.0
0.0, 19.0, 0.0, 67.0, 1978-07-30 00:00:00, 0.0
6.0, 18.0, 180.0, 65.0, 1978-07-31 00:00:00, 0.0
10.0, 18.0, 140.0, 66.0, 1978-08-01 00:00:00, 0.0
5.0, 22.0, 130.0, 57.0, 1978-08-02 00:00:00, 0.0
13.0, 24.0, 90.0, 56.0, 1978-08-03 00:00:00, 0.0
12.0, 18.0, 90.0, 66.0, 1978-08-04 00:00:00, 0.0
6.0, 17.0, 270.0, 68.0, 1978-08-05 00:00:00, 0.0
6.0, 18.0, 90.0, 66.0, 1978-08-06 00:00:00, 0.0
13.0, 25.0, 90.0, 48.0, 1978-08-07 00:00:00, 0.0
0.0, 28.0, 0.0, 47.0, 1978-08-08 00:00:00, 0.0
6.0, 23.0, 0.0, 90.0, 1978-08-09 00:00:00, 0.0
0.0, 11.0, 0.0, 99.0, 1978-08-10 00:00:00, 7.5
0.0, 7.0, 0.0, 99.0, 1978-08-11 00:00:00, 22.9
13.0, 9.0, 240.0, 95.0, 1978-08-12 00:00:00, 31.7
0.0, 11.0, 0.0, 89.0, 1978-08-13 00:00:00, 11.0
3.0, 8.0, 0.0, 99.0, 1978-08-14 00:00:00, 0.6
11.0, 13.0, 270.0, 80.0, 1978-08-15 00:00:00, 53.8
0.0, 8.0, 0.0, 99.0, 1978-08-16 00:00:00, 9.9
0.0, 11.0, 0.0, 79.0, 1978-08-17 00:00:00, 0.0
13.0, 7.0, 0.0, 99.0, 1978-08-18 00:00:00, 0.3
0.0, 8.0, 0.0, 98.0, 1978-08-19 00:00:00, 23.6
6.0, 11.0, 320.0, 88.0, 1978-08-20 00:00:00, 0.3
5.0, 12.0, 150.0, 79.0, 1978-08-21 00:00:00, 0.0
6.0, 10.0, 130.0, 79.0, 1978-08-22 00:00:00, 0.0
20.0, 8.0, 130.0, 88.0, 1978-08-23 00:00:00, 1.2
24.0, 8.5, 0.0, 99.0, 1978-08-24 00:00:00, 1.0
13.0, 8.0, 0.0, 99.0, 1978-08-25 00:00:00, 11.4
0.0, 9.0, 0.0, 98.0, 1978-08-26 00:00:00, 60.6
0.0, 12.0, 0.0, 94.0, 1978-08-27 00:00:00, 0.0
0.0, 12.0, 0.0, 99.0, 1978-08-28 00:00:00, 5.4
5.0, 17.5, 130.0, 75.0, 1978-08-29 00:00:00, 0.0
6.0, 18.0, 180.0, 69.0, 1978-08-30 00:00:00, 0.0
0.0, 9.0, 0.0, 99.0, 1978-08-31 00:00:00, 15.2
13.0, 8.0, 140.0, 99.0, 1978-09-01 00:00:00, 24.2
6.0, 8.0, 130.0, 99.0, 1978-09-02 00:00:00, 27.6
0.0, 8.0, 0.0, 99.0, 1978-09-03 00:00:00, 29.4
0.0, 8.5, 0.0, 99.0, 1978-09-04 00:00:00, 18.8
3.0, 8.0, 130.0, 99.0, 1978-09-05 00:00:00, 3.8
6.0, 6.5, 220.0, 99.0, 1978-09-06 00:00:00, 7.6
0.0, 7.5, 0.0, 85.0, 1978-09-07 00:00:00, 5.3
16.0, 9.0, 130.0, 90.0, 1978-09-08 00:00:00, 2.6
60.0, 9.0, 130.0, 92.0, 1978-09-09 00:00:00, 23.4
6.0, 7.5, 90.0, 99.0, 1978-09-10 00:00:00, 36.6
5.0, 7.0, 140.0, 99.0, 1978-09-11 00:00:00, 21.8
0.0, 11.5, 0.0, 73.0, 1978-09-12 00:00:00, 0.9
6.0, 9.5, 140.0, 99.0, 1978-09-13 00:00:00, 0.0
3.0, 8.5, 50.0, 94.0, 1978-09-14 00:00:00, 0.0
13.0, 6.5, 270.0, 81.0, 1978-09-15 00:00:00, 10.6
0.0, 5.5, 0.0, 99.0, 1978-09-16 00:00:00, 0.0
10.0, 6.0, 50.0, 98.0, 1978-09-17 00:00:00, 9.6
6.0, 9.5, 270.0, 67.0, 1978-09-18 00:00:00, 0.0
3.0, 7.5, 140.0, 88.0, 1978-09-19 00:00:00, 0.0
16.0, 5.0, 140.0, 99.0, 1978-09-20 00:00:00, 4.0
13.0, 4.5, 130.0, 99.0, 1978-09-21 00:00:00, 8.3
8.0, 4.5, 320.0, 99.0, 1978-09-22 00:00:00, 24.4
16.0, 9.0, 140.0, 88.0, 1978-09-23 00:00:00, 8.8
6.0, 14.0, 140.0, 94.0, 1978-09-24 00:00:00, 2.0
10.0, 18.5, 140.0, 70.0, 1978-09-25 00:00:00, 0.0
16.0, 17.5, 140.0, 70.0, 1978-09-26 00:00:00, 0.0
3.0, 9.5, 130.0, 80.0, 1978-09-27 00:00:00, 0.0
3.0, 7.5, 90.0, 85.0, 1979-06-18 00:00:00, 0.2
8.0, 6.5, 130.0, 99.0, 1979-06-19 00:00:00, 0.4
15.0, 20.0, 130.0, 90.0, 1979-06-20 00:00:00, 1.8
6.0, 7.5, 130.0, 88.0, 1979-06-21 00:00:00, 0.0
6.0, 7.5, 130.0, 88.0, 1979-06-22 00:00:00, 0.0
5.0, 9.0, 270.0, 80.0, 1979-06-23 00:00:00, 0.0
7.0, 13.0, 330.0, 64.0, 1979-06-24 00:00:00, 0.0
13.0, 16.5, 130.0, 68.0, 1979-06-25 00:00:00, 0.0
5.0, 18.5, 130.0, 62.0, 1979-06-26 00:00:00, 0.0
11.0, 14.5, 140.0, 64.0, 1979-06-27 00:00:00, 0.0
13.0, 18.5, 180.0, 62.0, 1979-06-28 00:00:00, 0.0
8.0, 8.5, 90.0, 92.0, 1979-06-29 00:00:00, 0.0
20.0, 6.0, 270.0, 99.0, 1979-06-30 00:00:00, 24.1
8.0, 3.5, 180.0, 99.0, 1979-07-01 00:00:00, 16.8
16.0, 4.0, 140.0, 99.0, 1979-07-02 00:00:00, 7.0
15.0, 12.5, 90.0, 57.0, 1979-07-03 00:00:00, 0.4
16.0, 10.0, 90.0, 89.0, 1979-07-04 00:00:00, 1.4
8.0, 12.0, 90.0, 87.0, 1979-07-05 00:00:00, 0.0
0.0, 14.0, 0.0, 75.0, 1979-07-06 00:00:00, 0.0
16.0, 11.0, 130.0, 85.0, 1979-07-07 00:00:00, 0.8
24.0, 12.0, 140.0, 95.0, 1979-07-08 00:00:00, 8.3
32.0, 22.0, 90.0, 41.0, 1979-07-09 00:00:00, 0.0
11.0, 9.0, 130.0, 99.0, 1979-07-10 00:00:00, 16.2
26.0, 8.0, 130.0, 99.0, 1979-07-11 00:00:00, 6.8
6.0, 8.5, 230.0, 93.0, 1979-07-12 00:00:00, 7.0
0.0, 9.5, 0.0, 82.0, 1979-07-13 00:00:00, 0.0
5.0, 14.5, 130.0, 63.0, 1979-07-14 00:00:00, 0.0
10.0, 23.0, 130.0, 34.0, 1979-07-15 00:00:00, 0.0
6.0, 25.0, 130.0, 40.0, 1979-07-16 00:00:00, 0.0
3.0, 25.0, 0.0, 40.0, 1979-07-17 00:00:00, 0.0
3.0, 24.0, 330.0, 52.0, 1979-07-18 00:00:00, 0.0
13.0, 23.0, 130.0, 49.0, 1979-07-19 00:00:00, 0.0
11.0, 20.0, 330.0, 42.0, 1979-07-20 00:00:00, 0.0
15.0, 11.5, 270.0, 89.0, 1979-07-21 00:00:00, 0.0
10.0, 15.5, 270.0, 81.0, 1979-07-22 00:00:00, 0.0
10.0, 15.0, 330.0, 81.0, 1979-07-23 00:00:00, 0.0
5.0, 23.0, 230.0, 76.0, 1979-07-24 00:00:00, 0.0
0.0, 24.0, 0.0, 53.0, 1979-07-25 00:00:00, 0.0
6.0, 20.5, 180.0, 68.0, 1979-07-26 00:00:00, 0.0
13.0, 22.0, 130.0, 69.0, 1979-07-27 00:00:00, 0.0
4.0, 9.0, 130.0, 85.0, 1979-07-28 00:00:00, 0.0
5.0, 11.0, 130.0, 85.0, 1979-07-29 00:00:00, 0.0
6.0, 16.0, 90.0, 73.0, 1979-07-30 00:00:00, 0.0
13.0, 16.5, 270.0, 69.0, 1979-07-31 00:00:00, 0.0
13.0, 12.5, 180.0, 98.0, 1979-08-01 00:00:00, 0.0
13.0, 12.5, 330.0, 90.0, 1979-08-02 00:00:00, 0.0
8.0, 9.0, 230.0, 95.0, 1979-08-03 00:00:00, 0.0
13.0, 14.5, 120.0, 81.0, 1979-08-04 00:00:00, 0.0
15.0, 11.5, 130.0, 79.0, 1979-08-05 00:00:00, 0.0
10.0, 13.0, 320.0, 80.0, 1979-08-06 00:00:00, 0.0
6.0, 15.5, 230.0, 81.0, 1979-08-07 00:00:00, 0.0
13.0, 16.0, 130.0, 73.0, 1979-08-08 00:00:00, 0.0
6.0, 20.5, 90.0, 61.0, 1979-08-09 00:00:00, 0.0
6.0, 21.0, 0.0, 62.0, 1979-08-10 00:00:00, 0.0
6.0, 16.5, 130.0, 73.0, 1979-08-11 00:00:00, 0.0
7.0, 21.0, 0.0, 70.0, 1979-08-12 00:00:00, 0.0
10.0, 18.5, 130.0, 71.0, 1979-08-13 00:00:00, 0.0
6.0, 9.5, 90.0, 95.0, 1979-08-14 00:00:00, 0.0
8.0, 10.0, 130.0, 99.0, 1979-08-15 00:00:00, 4.4
0.0, 15.0, 0.0, 86.0, 1979-08-16 00:00:00, 3.0
13.0, 12.5, 230.0, 99.0, 1979-08-17 00:00:00, 0.0
18.0, 11.0, 130.0, 99.0, 1979-08-18 00:00:00, 8.6
16.0, 15.5, 90.0, 81.0, 1979-08-19 00:00:00, 9.0
0.0, 21.5, 0.0, 65.0, 1979-08-20 00:00:00, 0.5
8.0, 21.0, 90.0, 77.0, 1979-08-21 00:00:00, 0.0
11.0, 15.0, 130.0, 82.0, 1979-08-22 00:00:00, 9.8
0.0, 21.0, 0.0, 57.0, 1979-08-23 00:00:00, 1.0
8.0, 14.0, 130.0, 90.0, 1979-08-24 00:00:00, 0.0
8.0, 15.5, 270.0, 70.0, 1979-08-25 00:00:00, 0.0
8.0, 17.5, 270.0, 64.0, 1979-08-26 00:00:00, 0.0
6.0, 12.5, 130.0, 90.0, 1979-08-27 00:00:00, 0.0
6.0, 14.0, 130.0, 90.0, 1979-08-28 00:00:00, 0.0
10.0, 16.0, 130.0, 82.0, 1979-08-29 00:00:00, 0.0
6.0, 10.5, 90.0, 94.0, 1979-08-30 00:00:00, 0.0
0.0, 9.5, 0.0, 83.0, 1979-08-31 00:00:00, 2.0
28.0, 14.0, 130.0, 90.0, 1979-09-01 00:00:00, 11.4
28.0, 9.0, 180.0, 99.0, 1979-09-02 00:00:00, 14.8
10.0, 7.5, 180.0, 99.0, 1979-09-03 00:00:00, 38.0
23.0, 7.5, 130.0, 99.0, 1979-09-04 00:00:00, 7.6
8.0, 9.5, 270.0, 85.0, 1979-09-05 00:00:00, 43.1
32.0, 16.0, 90.0, 72.0, 1979-09-06 00:00:00, 0.8
32.0, 1.6, 90.0, 72.0, 1979-09-07 00:00:00, 0.8
30.0, 8.5, 130.0, 99.0, 1979-09-08 00:00:00, 20.6
8.0, 7.5, 130.0, 99.0, 1979-09-09 00:00:00, 23.2
5.0, 9.0, 40.0, 88.0, 1979-09-10 00:00:00, 0.0
2.0, 14.5, 0.0, 75.0, 1979-09-11 00:00:00, 0.0
5.0, 18.0, 140.0, 70.0, 1979-09-12 00:00:00, 0.0
3.0, 22.5, 40.0, 68.0, 1979-09-13 00:00:00, 0.0
0.0, 23.5, 0.0, 65.0, 1979-09-14 00:00:00, 0.0
0.0, 15.0, 0.0, 70.0, 1979-09-15 00:00:00, 0.0
0.0, 14.5, 0.0, 90.0, 1979-09-16 00:00:00, 0.0
3.0, 18.0, 140.0, 75.0, 1979-09-17 00:00:00, 0.0
2.0, 21.0, 320.0, 51.0, 1979-09-18 00:00:00, 0.0
2.0, 16.5, 140.0, 82.0, 1979-09-19 00:00:00, 0.0
2.0, 15.0, 140.0, 95.0, 1979-09-20 00:00:00, 0.0
0.0, 9.0, 0.0, 99.0, 1979-09-21 00:00:00, 4.2
4.0, 15.0, 130.0, 90.0, 1979-09-22 00:00:00, 0.0
4.0, 15.0, 130.0, 90.0, 1979-09-23 00:00:00, 0.0
0.0, 20.0, 0.0, 82.0, 1979-09-24 00:00:00, 0.0
0.0, 20.5, 0.0, 47.0, 1979-09-25 00:00:00, 0.0
8.0, 7.5, 90.0, 99.0, 1979-09-26 00:00:00, 0.0
8.0, 8.0, 230.0, 99.0, 1979-09-27 00:00:00, 16.0
6.0, 6.0, 140.0, 87.0, 1979-09-28 00:00:00, 32.3
3.0, 6.0, 130.0, 80.0, 1979-09-29 00:00:00, 5.6
8.0, 9.5, 140.0, 99.0, 1979-09-30 00:00:00, 3.5
0.0, 0.0, 0.0, 0.0, 1980-07-02 00:00:00, 0.0
19.0, 6.0, 0.0, 99.0, 1980-07-03 00:00:00, 4.8
3.0, 5.0, 0.0, 87.0, 1980-07-04 00:00:00, 0.0
6.0, 6.5, 0.0, 87.0, 1980-07-05 00:00:00, 3.0
4.0, 10.0, 0.0, 89.0, 1980-07-06 00:00:00, 0.3
11.0, 17.5, 0.0, 54.0, 1980-07-07 00:00:00, 0.0
9.0, 16.0, 0.0, 74.0, 1980-07-08 00:00:00, 0.0
7.0, 16.0, 0.0, 73.0, 1980-07-09 00:00:00, 0.0
0.0, 8.5, 0.0, 88.0, 1980-07-10 00:00:00, 0.0
7.0, 9.5, 0.0, 99.0, 1980-07-11 00:00:00, 64.2
7.0, 16.0, 0.0, 60.0, 1980-07-12 00:00:00, 0.0
7.0, 12.0, 0.0, 70.0, 1980-07-13 00:00:00, 1.2
7.0, 9.5, 0.0, 99.0, 1980-07-14 00:00:00, 7.8
7.0, 10.0, 0.0, 95.0, 1980-07-15 00:00:00, 3.6
7.0, 9.5, 0.0, 95.0, 1980-07-16 00:00:00, 25.3
0.0, 11.0, 0.0, 95.0, 1980-07-17 00:00:00, 0.2
6.0, 13.0, 0.0, 80.0, 1980-07-18 00:00:00, 0.0
15.0, 10.0, 0.0, 99.0, 1980-07-19 00:00:00, 6.7
0.0, 15.0, 0.0, 87.0, 1980-07-20 00:00:00, 6.0
3.0, 23.5, 0.0, 56.0, 1980-07-21 00:00:00, 0.0
13.0, 19.5, 0.0, 62.0, 1980-07-22 00:00:00, 0.0
0.0, 12.5, 0.0, 87.0, 1980-07-23 00:00:00, 0.0
0.0, 17.5, 0.0, 54.0, 1980-07-24 00:00:00, 0.0
0.0, 16.5, 0.0, 68.0, 1980-07-25 00:00:00, 0.0
0.0, 17.5, 0.0, 74.0, 1980-07-26 00:00:00, 0.0
11.0, 23.5, 0.0, 64.0, 1980-07-27 00:00:00, 0.0
3.0, 16.0, 0.0, 60.0, 1980-07-28 00:00:00, 0.0
3.0, 14.0, 0.0, 90.0, 1980-07-29 00:00:00, 0.0
3.0, 17.5, 0.0, 56.0, 1980-07-30 00:00:00, 0.0
7.0, 17.0, 0.0, 65.0, 1980-07-31 00:00:00, 0.0
3.0, 10.5, 0.0, 99.0, 1980-08-01 00:00:00, 0.0
7.0, 7.5, 0.0, 99.0, 1980-08-02 00:00:00, 7.3
2.0, 9.5, 0.0, 90.0, 1980-08-03 00:00:00, 0.2
5.0, 10.5, 0.0, 75.0, 1980-08-04 00:00:00, 0.0
0.0, 9.5, 0.0, 99.0, 1980-08-05 00:00:00, 1.0
3.0, 11.0, 0.0, 75.0, 1980-08-06 00:00:00, 1.4
0.0, 18.0, 0.0, 66.0, 1980-08-07 00:00:00, 0.0
0.0, 19.5, 0.0, 46.0, 1980-08-08 00:00:00, 0.0
0.0, 20.0, 0.0, 57.0, 1980-08-09 00:00:00, 0.0
7.0, 24.5, 0.0, 46.0, 1980-08-10 00:00:00, 0.0
3.0, 20.5, 0.0, 61.0, 1980-08-11 00:00:00, 0.0
0.0, 19.5, 0.0, 63.0, 1980-08-12 00:00:00, 0.0
0.0, 13.0, 0.0, 99.0, 1980-08-13 00:00:00, 0.0
0.0, 12.5, 0.0, 90.0, 1980-08-14 00:00:00, 1.2
0.0, 10.5, 0.0, 96.0, 1980-08-15 00:00:00, 0.0
0.0, 12.0, 0.0, 90.0, 1980-08-16 00:00:00, 0.0
8.0, 16.0, 0.0, 65.0, 1980-08-17 00:00:00, 0.0
11.0, 15.5, 0.0, 64.0, 1980-08-18 00:00:00, 70.4
0.0, 10.0, 0.0, 89.0, 1980-08-19 00:00:00, 0.0
11.0, 11.5, 0.0, 84.0, 1980-08-20 00:00:00, 0.0
3.0, 15.5, 0.0, 86.0, 1980-08-21 00:00:00, 0.0
0.0, 14.0, 0.0, 90.0, 1980-08-22 00:00:00, 0.0
0.0, 13.5, 0.0, 90.0, 1980-08-23 00:00:00, 0.5
4.0, 12.5, 0.0, 49.0, 1980-08-24 00:00:00, 0.1
3.0, 14.5, 0.0, 52.0, 1980-08-25 00:00:00, 0.0
18.0, 8.5, 0.0, 99.0, 1980-08-26 00:00:00, 2.4
19.0, 7.5, 0.0, 99.0, 1980-08-27 00:00:00, 9.4
3.0, 6.0, 0.0, 99.0, 1980-08-28 00:00:00, 15.8
7.0, 8.5, 0.0, 82.0, 1980-08-29 00:00:00, 1.0
0.0, 8.0, 0.0, 94.0, 1980-08-30 00:00:00, 1.0
4.0, 10.0, 0.0, 89.0, 1980-08-31 00:00:00, 0.0
5.0, 9.0, 0.0, 99.0, 1980-09-01 00:00:00, 28.8
7.0, 8.0, 0.0, 99.0, 1980-09-02 00:00:00, 56.2
0.0, 8.5, 0.0, 82.0, 1980-09-03 00:00:00, 0.4
9.0, 9.0, 0.0, 86.0, 1980-09-04 00:00:00, 0.8
7.0, 15.0, 0.0, 89.0, 1980-09-05 00:00:00, 0.4
6.0, 11.0, 0.0, 99.0, 1980-09-06 00:00:00, 1.4
2.0, 11.0, 0.0, 98.0, 1980-09-07 00:00:00, 27.0
4.0, 17.0, 0.0, 54.0, 1980-09-08 00:00:00, 0.0
0.0, 19.5, 0.0, 40.0, 1980-09-09 00:00:00, 0.0
4.0, 19.0, 0.0, 54.0, 1980-09-10 00:00:00, 0.0
9.0, 13.0, 0.0, 80.0, 1980-09-11 00:00:00, 0.0
0.0, 9.0, 0.0, 94.0, 1980-09-12 00:00:00, 1.0
9.0, 14.5, 0.0, 84.0, 1980-09-13 00:00:00, 2.4
9.0, 17.5, 0.0, 69.0, 1980-09-14 00:00:00, 0.0
0.0, 16.0, 0.0, 65.0, 1980-09-15 00:00:00, 0.0
0.0, 14.5, 0.0, 76.0, 1980-09-16 00:00:00, 0.0
7.0, 12.5, 0.0, 85.0, 1980-09-17 00:00:00, 0.0
0.0, 8.5, 0.0, 99.0, 1980-09-18 00:00:00, 1.0
8.0, 8.0, 0.0, 85.0, 1980-09-19 00:00:00, 0.0
5.0, 3.5, 0.0, 99.0, 1980-09-20 00:00:00, 24.1
4.0, 5.0, 0.0, 95.0, 1980-09-21 00:00:00, 0.1
4.0, 6.0, 0.0, 99.0, 1980-09-22 00:00:00, 1.6
4.0, 6.5, 0.0, 98.0, 1980-09-23 00:00:00, 3.2
8.0, 14.0, 0.0, 65.0, 1980-09-24 00:00:00, 0.0
8.0, 14.0, 0.0, 65.0, 1980-09-25 00:00:00, 0.0
15.0, 17.5, 0.0, 58.0, 1980-09-26 00:00:00, 0.0
7.0, 8.5, 0.0, 99.0, 1980-09-27 00:00:00, 0.2
11.0, 8.0, 0.0, 99.0, 1980-09-28 00:00:00, 5.9
11.0, 8.5, 0.0, 99.0, 1980-09-29 00:00:00, 46.5
9.0, 8.5, 0.0, 62.0, 1980-09-30 00:00:00, 34.7
0.0, 0.0, 0.0, 0.0, 1981-07-15 00:00:00, 0.0
3.0, 20.0, 0.0, 66.0, 1981-07-16 00:00:00, 0.0
6.0, 18.0, 0.0, 96.0, 1981-07-17 00:00:00, 0.0
2.0, 11.5, 0.0, 99.0, 1981-07-18 00:00:00, 2.5
4.0, 11.0, 0.0, 99.0, 1981-07-19 00:00:00, 3.4
4.0, 10.0, 0.0, 85.0, 1981-07-20 00:00:00, 0.6
6.0, 11.0, 0.0, 99.0, 1981-07-21 00:00:00, 1.6
4.0, 12.0, 0.0, 99.0, 1981-07-22 00:00:00, 0.0
4.0, 12.0, 0.0, 86.0, 1981-07-23 00:00:00, 0.0
4.0, 17.5, 0.0, 91.0, 1981-07-24 00:00:00, 0.0
4.0, 19.5, 0.0, 55.0, 1981-07-25 00:00:00, 0.0
4.0, 21.0, 0.0, 55.0, 1981-07-26 00:00:00, 0.0
4.0, 20.5, 0.0, 62.0, 1981-07-27 00:00:00, 0.0
4.0, 11.0, 0.0, 89.0, 1981-07-28 00:00:00, 0.0
4.0, 10.0, 0.0, 94.0, 1981-07-29 00:00:00, 0.0
4.0, 9.0, 0.0, 98.0, 1981-07-30 00:00:00, 6.0
4.0, 11.0, 0.0, 94.0, 1981-07-31 00:00:00, 0.0
5.0, 17.0, 0.0, 68.0, 1981-08-01 00:00:00, 0.0
8.0, 18.9, 0.0, 63.0, 1981-08-02 00:00:00, 0.0
4.0, 9.5, 0.0, 78.0, 1981-08-03 00:00:00, 0.0
4.0, 10.5, 0.0, 82.0, 1981-08-04 00:00:00, 0.0
4.0, 18.0, 0.0, 67.0, 1981-08-05 00:00:00, 0.0
4.0, 26.0, 0.0, 58.0, 1981-08-06 00:00:00, 0.0
4.0, 27.5, 0.0, 36.0, 1981-08-07 00:00:00, 0.0
10.0, 29.0, 0.0, 35.0, 1981-08-08 00:00:00, 0.0
0.0, 28.5, 0.0, 35.0, 1981-08-09 00:00:00, 0.0
4.0, 27.5, 0.0, 43.0, 1981-08-10 00:00:00, 0.0
4.0, 25.5, 0.0, 47.0, 1981-08-11 00:00:00, 0.0
4.0, 24.0, 0.0, 49.0, 1981-08-12 00:00:00, 0.0
3.0, 22.0, 0.0, 60.0, 1981-08-13 00:00:00, 0.0
3.0, 21.5, 0.0, 68.0, 1981-08-14 00:00:00, 0.0
5.0, 21.0, 0.0, 65.0, 1981-08-15 00:00:00, 0.0
4.0, 19.5, 0.0, 75.0, 1981-08-16 00:00:00, 0.0
6.0, 20.0, 0.0, 68.0, 1981-08-17 00:00:00, 0.0
4.0, 22.0, 0.0, 59.0, 1981-08-18 00:00:00, 0.0
9.0, 16.5, 0.0, 86.0, 1981-08-19 00:00:00, 0.0
9.0, 9.5, 0.0, 99.0, 1981-08-20 00:00:00, 30.4
4.0, 11.5, 0.0, 99.0, 1981-08-21 00:00:00, 1.5
4.0, 16.0, 0.0, 78.0, 1981-08-22 00:00:00, 0.0
7.0, 23.5, 0.0, 31.0, 1981-08-23 00:00:00, 0.0
19.0, 9.0, 0.0, 99.0, 1981-08-24 00:00:00, 0.8
4.0, 9.0, 0.0, 89.0, 1981-08-25 00:00:00, 8.1
4.0, 11.0, 0.0, 90.0, 1981-08-26 00:00:00, 7.0
9.0, 11.5, 0.0, 95.0, 1981-08-27 00:00:00, 0.0
4.0, 12.0, 0.0, 86.0, 1981-08-28 00:00:00, 0.0
5.0, 12.0, 0.0, 80.0, 1981-08-29 00:00:00, 0.0
5.0, 12.0, 0.0, 80.0, 1981-08-30 00:00:00, 0.0
5.0, 12.0, 0.0, 80.0, 1981-08-31 00:00:00, 0.0
11.0, 8.5, 0.0, 99.0, 1981-09-01 00:00:00, 80.8
4.0, 8.5, 0.0, 99.0, 1981-09-02 00:00:00, 0.9
7.0, 12.0, 0.0, 92.0, 1981-09-03 00:00:00, 0.0
4.0, 8.0, 0.0, 99.0, 1981-09-04 00:00:00, 2.4
4.0, 10.0, 0.0, 94.0, 1981-09-05 00:00:00, 0.4
4.0, 16.5, 0.0, 78.0, 1981-09-06 00:00:00, 0.0
9.0, 20.5, 0.0, 74.0, 1981-09-07 00:00:00, 0.0
7.0, 22.5, 0.0, 50.0, 1981-09-08 00:00:00, 0.0
3.0, 9.0, 0.0, 99.0, 1981-09-09 00:00:00, 6.2
2.0, 12.5, 0.0, 74.0, 1981-09-10 00:00:00, 0.0
0.0, 15.0, 0.0, 68.0, 1981-09-11 00:00:00, 0.0
2.0, 17.0, 0.0, 71.0, 1981-09-12 00:00:00, 0.0
2.0, 14.5, 0.0, 72.0, 1981-09-13 00:00:00, 0.0
4.0, 18.5, 0.0, 52.0, 1981-09-14 00:00:00, 0.0
7.0, 24.0, 0.0, 34.0, 1981-09-15 00:00:00, 0.0
0.0, 26.5, 0.0, 75.0, 1981-09-16 00:00:00, 0.0
9.0, 23.5, 0.0, 45.0, 1981-09-17 00:00:00, 0.0
7.0, 13.0, 0.0, 80.0, 1981-09-18 00:00:00, 0.0
12.0, 8.0, 0.0, 94.0, 1981-09-19 00:00:00, 0.4
18.0, 6.0, 0.0, 81.0, 1981-09-20 00:00:00, 0.2
9.0, 4.0, 0.0, 99.0, 1981-09-21 00:00:00, 36.2
4.0, 4.0, 0.0, 99.0, 1981-09-22 00:00:00, 71.8
4.0, 4.0, 0.0, 99.0, 1981-09-23 00:00:00, 4.3
4.0, 3.5, 0.0, 99.0, 1981-09-24 00:00:00, 4.4
4.0, 3.0, 0.0, 99.0, 1981-09-25 00:00:00, 12.4
16.0, 11.0, 0.0, 60.0, 1981-09-26 00:00:00, 0.0
10.0, 6.0, 0.0, 99.0, 1981-09-27 00:00:00, 31.0
4.0, 5.5, 0.0, 99.0, 1981-09-28 00:00:00, 33.8
5.0, 4.5, 0.0, 99.0, 1981-09-29 00:00:00, 0.3
0.0, 4.5, 0.0, 99.0, 1981-09-30 00:00:00, 57.8
0.0, 0.0, 0.0, 0.0, 1982-06-30 00:00:00, 0.0
6.0, 10.0, 0.0, 99.0, 1982-07-01 00:00:00, 0.8
7.0, 8.0, 0.0, 99.0, 1982-07-02 00:00:00, 8.2
7.0, 6.0, 0.0, 99.0, 1982-07-03 00:00:00, 17.8
11.0, 5.5, 0.0, 99.0, 1982-07-04 00:00:00, 16.4
4.0, 7.0, 0.0, 88.0, 1982-07-05 00:00:00, 8.0
11.0, 9.0, 0.0, 99.0, 1982-07-06 00:00:00, 3.1
11.0, 9.5, 0.0, 95.0, 1982-07-07 00:00:00, 1.8
13.0, 12.0, 0.0, 71.0, 1982-07-08 00:00:00, 0.0
7.0, 13.0, 0.0, 64.0, 1982-07-09 00:00:00, 0.0
5.0, 12.5, 0.0, 72.0, 1982-07-10 00:00:00, 0.0
13.0, 15.5, 0.0, 74.0, 1982-07-11 00:00:00, 0.0
4.0, 15.0, 0.0, 65.0, 1982-07-12 00:00:00, 0.0
9.0, 10.5, 0.0, 99.0, 1982-07-13 00:00:00, 0.0
11.0, 5.0, 0.0, 99.0, 1982-07-14 00:00:00, 14.8
11.0, 5.5, 0.0, 98.0, 1982-07-15 00:00:00, 18.4
0.0, 7.0, 0.0, 99.0, 1982-07-16 00:00:00, 4.0
1.0, 8.0, 0.0, 98.0, 1982-07-17 00:00:00, 0.2
6.0, 13.5, 0.0, 85.0, 1982-07-18 00:00:00, 0.4
4.0, 8.5, 0.0, 99.0, 1982-07-19 00:00:00, 0.2
5.0, 9.0, 0.0, 99.0, 1982-07-20 00:00:00, 3.4
6.0, 8.5, 0.0, 88.0, 1982-07-21 00:00:00, 4.0
2.0, 8.0, 0.0, 88.0, 1982-07-22 00:00:00, 0.4
7.0, 16.0, 0.0, 70.0, 1982-07-23 00:00:00, 0.0
6.0, 19.5, 0.0, 49.0, 1982-07-24 00:00:00, 0.0
2.0, 19.0, 0.0, 49.0, 1982-07-25 00:00:00, 0.0
11.0, 25.0, 0.0, 36.0, 1982-07-26 00:00:00, 0.0
11.0, 28.0, 0.0, 35.0, 1982-07-27 00:00:00, 0.0
9.0, 21.5, 0.0, 69.0, 1982-07-28 00:00:00, 0.0
11.0, 21.0, 0.0, 69.0, 1982-07-29 00:00:00, 3.1
9.0, 14.0, 0.0, 91.0, 1982-07-30 00:00:00, 0.2
2.0, 10.0, 0.0, 99.0, 1982-07-31 00:00:00, 0.4
4.0, 8.0, 0.0, 99.0, 1982-08-01 00:00:00, 1.2
4.0, 8.5, 0.0, 99.0, 1982-08-02 00:00:00, 6.6
3.0, 7.5, 0.0, 99.0, 1982-08-03 00:00:00, 1.2
0.0, 9.0, 0.0, 84.0, 1982-08-04 00:00:00, 3.0
11.0, 9.5, 0.0, 99.0, 1982-08-05 00:00:00, 0.0
2.0, 10.0, 0.0, 69.0, 1982-08-06 00:00:00, 1.0
5.0, 25.0, 0.0, 36.0, 1982-08-07 00:00:00, 0.0
2.0, 20.5, 0.0, 99.0, 1982-08-08 00:00:00, 0.0
11.0, 17.0, 0.0, 84.0, 1982-08-09 00:00:00, 1.2
4.0, 8.0, 0.0, 99.0, 1982-08-10 00:00:00, 8.6
4.0, 9.0, 0.0, 87.0, 1982-08-11 00:00:00, 9.0
7.0, 7.0, 0.0, 99.0, 1982-08-12 00:00:00, 0.0
2.0, 8.0, 0.0, 88.0, 1982-08-13 00:00:00, 8.0
2.0, 10.0, 0.0, 92.0, 1982-08-14 00:00:00, 8.0
4.0, 12.0, 0.0, 75.0, 1982-08-15 00:00:00, 6.0
4.0, 9.5, 0.0, 74.0, 1982-08-16 00:00:00, 0.0
0.0, 11.0, 0.0, 78.0, 1982-08-17 00:00:00, 0.0
0.0, 15.5, 0.0, 55.0, 1982-08-18 00:00:00, 0.0
3.0, 19.5, 0.0, 42.0, 1982-08-19 00:00:00, 0.0
2.0, 21.0, 0.0, 66.0, 1982-08-20 00:00:00, 0.0
2.0, 22.0, 0.0, 42.0, 1982-08-21 00:00:00, 0.0
6.0, 18.5, 0.0, 59.0, 1982-08-22 00:00:00, 0.0
7.0, 20.5, 0.0, 55.0, 1982-08-23 00:00:00, 0.0
11.0, 23.0, 0.0, 48.0, 1982-08-24 00:00:00, 0.0
7.0, 20.0, 0.0, 45.0, 1982-08-25 00:00:00, 0.0
4.0, 14.0, 0.0, 66.0, 1982-08-26 00:00:00, 0.0
2.0, 9.0, 0.0, 99.0, 1982-08-27 00:00:00, 1.1
2.0, 11.0, 0.0, 89.0, 1982-08-28 00:00:00, 0.2
2.0, 13.0, 0.0, 89.0, 1982-08-29 00:00:00, 0.0
2.0, 9.0, 0.0, 99.0, 1982-08-30 00:00:00, 17.4
2.0, 9.5, 0.0, 84.0, 1982-08-31 00:00:00, 5.2
2.0, 13.0, 0.0, 90.0, 1982-09-01 00:00:00, 0.4
2.0, 16.0, 0.0, 53.0, 1982-09-02 00:00:00, 0.0
5.0, 16.0, 0.0, 99.0, 1982-09-03 00:00:00, 0.4
2.0, 11.0, 0.0, 99.0, 1982-09-04 00:00:00, 14.0
1.0, 14.5, 0.0, 74.0, 1982-09-05 00:00:00, 4.0
1.0, 15.0, 0.0, 77.0, 1982-09-06 00:00:00, 0.0
4.0, 13.0, 0.0, 75.0, 1982-09-07 00:00:00, 1.4
7.0, 8.5, 0.0, 70.0, 1982-09-08 00:00:00, 4.6
11.0, 7.0, 0.0, 84.0, 1982-09-09 00:00:00, 16.6
5.0, 7.0, 0.0, 99.0, 1982-09-10 00:00:00, 0.6
6.0, 7.0, 0.0, 99.0, 1982-09-11 00:00:00, 15.0
2.0, 11.5, 0.0, 84.0, 1982-09-12 00:00:00, 0.6
7.0, 10.5, 0.0, 89.0, 1982-09-13 00:00:00, 0.0
4.0, 13.0, 0.0, 89.0, 1982-09-14 00:00:00, 0.0
7.0, 13.0, 0.0, 68.0, 1982-09-15 00:00:00, 0.0
11.0, 18.5, 0.0, 42.0, 1982-09-16 00:00:00, 0.0
3.0, 18.5, 0.0, 71.0, 1982-09-17 00:00:00, 0.0
7.0, 22.0, 0.0, 60.0, 1982-09-18 00:00:00, 0.0
5.0, 19.0, 0.0, 75.0, 1982-09-19 00:00:00, 0.0
2.0, 16.0, 0.0, 81.0, 1982-09-20 00:00:00, 0.0
0.0, 10.0, 0.0, 99.0, 1982-09-21 00:00:00, 3.2
2.0, 16.0, 0.0, 65.0, 1982-09-22 00:00:00, 0.0
4.0, 18.5, 0.0, 53.0, 1982-09-23 00:00:00, 0.0
3.0, 11.0, 0.0, 99.0, 1982-09-24 00:00:00, 1.0
5.0, 6.5, 0.0, 99.0, 1982-09-25 00:00:00, 4.2
2.0, 8.0, 0.0, 61.0, 1982-09-26 00:00:00, 0.2
7.0, 6.0, 0.0, 99.0, 1982-09-27 00:00:00, 0.3
2.0, 5.5, 0.0, 99.0, 1982-09-28 00:00:00, 0.1
3.0, 10.0, 0.0, 58.0, 1982-09-29 00:00:00, 0.1
2.0, 10.5, 0.0, 73.0, 1982-09-30 00:00:00, 0.0
4.0, 9.0, 0.0, 89.0, 1983-05-30 00:00:00, 0.0
3.0, 9.5, 0.0, 94.0, 1983-05-31 00:00:00, 8.0
2.0, 8.5, 0.0, 85.0, 1983-06-01 00:00:00, 3.0
2.0, 7.5, 0.0, 99.0, 1983-06-02 00:00:00, 7.9
2.0, 7.0, 0.0, 99.0, 1983-06-03 00:00:00, 7.2
2.0, 6.5, 0.0, 94.0, 1983-06-04 00:00:00, 0.2
2.0, 7.5, 0.0, 94.0, 1983-06-05 00:00:00, 0.2
2.0, 11.5, 0.0, 90.0, 1983-06-06 00:00:00, 0.0
0.0, 16.5, 0.0, 63.0, 1983-06-07 00:00:00, 0.0
2.0, 16.0, 0.0, 66.0, 1983-06-08 00:00:00, 0.0
2.0, 6.5, 0.0, 99.0, 1983-06-09 00:00:00, 21.4
3.0, 5.5, 0.0, 88.0, 1983-06-10 00:00:00, 21.4
2.0, 5.0, 0.0, 99.0, 1983-06-11 00:00:00, 1.2
2.0, 8.5, 0.0, 94.0, 1983-06-12 00:00:00, 0.2
0.0, 10.0, 0.0, 79.0, 1983-06-13 00:00:00, 0.0
2.0, 16.0, 0.0, 42.0, 1983-06-14 00:00:00, 0.0
4.0, 7.0, 0.0, 89.0, 1983-06-15 00:00:00, 20.2
2.0, 6.0, 0.0, 99.0, 1983-06-16 00:00:00, 1.2
5.0, 6.0, 0.0, 99.0, 1983-06-17 00:00:00, 22.0
5.0, 5.0, 0.0, 99.0, 1983-06-18 00:00:00, 3.0
5.0, 5.0, 0.0, 94.0, 1983-06-19 00:00:00, 17.0
7.0, 6.0, 0.0, 99.0, 1983-06-20 00:00:00, 0.8
18.0, 8.5, 0.0, 55.0, 1983-06-21 00:00:00, 0.4
9.0, 12.0, 0.0, 65.0, 1983-06-22 00:00:00, 0.0
2.0, 7.5, 0.0, 94.0, 1983-06-23 00:00:00, 45.0
2.0, 6.0, 0.0, 99.0, 1983-06-24 00:00:00, 5.2
2.0, 7.0, 0.0, 94.0, 1983-06-25 00:00:00, 2.1
4.0, 11.0, 0.0, 64.0, 1983-06-26 00:00:00, 1.2
2.0, 12.0, 0.0, 86.0, 1983-06-27 00:00:00, 0.0
4.0, 13.0, 0.0, 85.0, 1983-06-28 00:00:00, 0.0
2.0, 8.5, 0.0, 94.0, 1983-06-29 00:00:00, 0.7
4.0, 9.5, 0.0, 78.0, 1983-06-30 00:00:00, 5.3
2.0, 7.0, 0.0, 99.0, 1983-07-01 00:00:00, 12.8
4.0, 6.0, 0.0, 64.0, 1983-07-02 00:00:00, 10.8
2.0, 8.0, 0.0, 86.0, 1983-07-03 00:00:00, 0.1
0.0, 14.0, 0.0, 64.0, 1983-07-04 00:00:00, 0.0
4.0, 8.5, 0.0, 99.0, 1983-07-05 00:00:00, 2.8
2.0, 6.5, 0.0, 99.0, 1983-07-06 00:00:00, 0.5
2.0, 10.5, 0.0, 78.0, 1983-07-07 00:00:00, 0.0
5.0, 9.0, 0.0, 83.0, 1983-07-08 00:00:00, 0.0
2.0, 9.0, 0.0, 94.0, 1983-07-09 00:00:00, 0.0
0.0, 8.0, 0.0, 95.0, 1983-07-10 00:00:00, 0.5
2.0, 10.0, 0.0, 99.0, 1983-07-11 00:00:00, 69.3
2.0, 9.5, 0.0, 99.0, 1983-07-12 00:00:00, 63.4
2.0, 9.0, 0.0, 99.0, 1983-07-13 00:00:00, 42.5
2.0, 5.5, 0.0, 99.0, 1983-07-14 00:00:00, 10.9
4.0, 8.0, 0.0, 94.0, 1983-07-15 00:00:00, 4.6
0.0, 16.0, 0.0, 72.0, 1983-07-16 00:00:00, 0.1
0.0, 18.0, 0.0, 48.0, 1983-07-17 00:00:00, 0.0
0.0, 18.5, 0.0, 74.0, 1983-07-18 00:00:00, 0.0
8.0, 13.0, 0.0, 90.0, 1983-07-19 00:00:00, 0.0
2.0, 9.5, 0.0, 94.0, 1983-07-20 00:00:00, 0.2
7.0, 13.5, 0.0, 81.0, 1983-07-21 00:00:00, 1.9
7.0, 19.0, 0.0, 59.0, 1983-07-22 00:00:00, 0.0
0.0, 18.0, 0.0, 69.0, 1983-07-23 00:00:00, 0.0
2.0, 14.5, 0.0, 74.0, 1983-07-24 00:00:00, 0.0
9.0, 9.0, 0.0, 99.0, 1983-07-25 00:00:00, 0.0
4.0, 8.0, 0.0, 99.0, 1983-07-26 00:00:00, 6.3
10.0, 9.0, 0.0, 99.0, 1983-07-27 00:00:00, 53.9
7.0, 11.0, 0.0, 99.0, 1983-07-28 00:00:00, 14.4
9.0, 15.0, 0.0, 86.0, 1983-07-29 00:00:00, 0.0
11.0, 23.5, 0.0, 43.0, 1983-07-30 00:00:00, 0.0
6.0, 21.0, 0.0, 60.0, 1983-07-31 00:00:00, 0.0
4.0, 12.0, 0.0, 95.0, 1983-08-01 00:00:00, 0.0
19.0, 10.0, 0.0, 99.0, 1983-08-02 00:00:00, 1.0
11.0, 11.5, 0.0, 85.0, 1983-08-03 00:00:00, 8.2
11.0, 17.5, 0.0, 70.0, 1983-08-04 00:00:00, 0.0
7.0, 13.0, 0.0, 90.0, 1983-08-05 00:00:00, 0.0
0.0, 17.0, 0.0, 72.0, 1983-08-06 00:00:00, 0.0
0.0, 22.0, 0.0, 42.0, 1983-08-07 00:00:00, 0.0
13.0, 18.0, 0.0, 74.0, 1983-08-08 00:00:00, 0.0
6.0, 17.5, 0.0, 78.0, 1983-08-09 00:00:00, 0.0
4.0, 13.0, 0.0, 99.0, 1983-08-10 00:00:00, 2.8
7.0, 10.0, 0.0, 99.0, 1983-08-11 00:00:00, 2.5
11.0, 14.0, 0.0, 91.0, 1983-08-12 00:00:00, 0.3
0.0, 21.0, 0.0, 61.0, 1983-08-13 00:00:00, 0.0
11.0, 16.0, 0.0, 73.0, 1983-08-14 00:00:00, 0.0
11.0, 14.5, 0.0, 81.0, 1983-08-15 00:00:00, 0.0
7.0, 14.0, 0.0, 81.0, 1983-08-16 00:00:00, 0.0
11.0, 13.5, 0.0, 90.0, 1983-08-17 00:00:00, 0.0
11.0, 16.5, 0.0, 65.0, 1983-08-18 00:00:00, 0.0
7.0, 15.0, 0.0, 82.0, 1983-08-19 00:00:00, 0.0
4.0, 16.0, 0.0, 61.0, 1983-08-20 00:00:00, 0.0
7.0, 18.5, 0.0, 63.0, 1983-08-21 00:00:00, 0.0
7.0, 18.0, 0.0, 83.0, 1983-08-22 00:00:00, 0.0
6.0, 13.5, 0.0, 82.0, 1983-08-23 00:00:00, 0.0
6.0, 9.0, 0.0, 99.0, 1983-08-24 00:00:00, 0.0
5.0, 14.0, 0.0, 73.0, 1983-08-25 00:00:00, 0.0
13.0, 15.0, 0.0, 77.0, 1983-08-26 00:00:00, 0.0
7.0, 13.0, 0.0, 89.0, 1983-08-27 00:00:00, 0.0
25.0, 9.0, 0.0, 99.0, 1983-08-28 00:00:00, 0.4
9.0, 13.0, 0.0, 81.0, 1983-08-29 00:00:00, 46.3
11.0, 16.5, 0.0, 82.0, 1983-08-30 00:00:00, 2.2
7.0, 21.0, 0.0, 77.0, 1983-08-31 00:00:00, 0.0
13.0, 9.0, 0.0, 99.0, 1983-09-01 00:00:00, 44.8
11.0, 9.0, 0.0, 99.0, 1983-09-02 00:00:00, 86.0
3.0, 11.0, 0.0, 99.0, 1983-09-03 00:00:00, 4.2
8.0, 11.0, 0.0, 89.0, 1983-09-04 00:00:00, 0.2
0.0, 9.0, 0.0, 89.0, 1983-09-05 00:00:00, 0.0
4.0, 6.0, 0.0, 99.0, 1983-09-06 00:00:00, 16.3
7.0, 6.0, 0.0, 94.0, 1983-09-07 00:00:00, 0.6
7.0, 5.5, 0.0, 99.0, 1983-09-08 00:00:00, 0.6
7.0, 6.0, 0.0, 99.0, 1983-09-09 00:00:00, 0.0
19.0, 15.0, 0.0, 81.0, 1984-06-25 00:00:00, 0.0
16.0, 9.0, 0.0, 99.0, 1984-06-26 00:00:00, 15.0
13.0, 8.5, 0.0, 94.0, 1984-06-27 00:00:00, 0.2
11.0, 9.0, 0.0, 99.0, 1984-06-28 00:00:00, 15.8
19.0, 4.0, 0.0, 99.0, 1984-06-29 00:00:00, 14.4
10.0, 5.0, 0.0, 88.0, 1984-06-30 00:00:00, 0.2
6.0, 7.5, 0.0, 94.0, 1984-07-01 00:00:00, 22.8
10.0, 11.0, 0.0, 85.0, 1984-07-02 00:00:00, 0.0
15.0, 12.0, 0.0, 90.0, 1984-07-03 00:00:00, 0.0
11.0, 11.5, 0.0, 95.0, 1984-07-04 00:00:00, 1.5
11.0, 10.0, 0.0, 79.0, 1984-07-05 00:00:00, 2.0
11.0, 7.5, 0.0, 77.0, 1984-07-06 00:00:00, 0.4
8.0, 7.0, 0.0, 99.0, 1984-07-07 00:00:00, 0.0
6.0, 9.0, 0.0, 84.0, 1984-07-08 00:00:00, 0.0
7.0, 12.5, 0.0, 90.0, 1984-07-09 00:00:00, 0.0
11.0, 15.0, 0.0, 82.0, 1984-07-10 00:00:00, 0.0
4.0, 14.5, 0.0, 85.0, 1984-07-11 00:00:00, 0.0
4.0, 8.5, 0.0, 99.0, 1984-07-12 00:00:00, 0.4
6.0, 10.5, 0.0, 89.0, 1984-07-13 00:00:00, 0.0
7.0, 18.0, 0.0, 85.0, 1984-07-14 00:00:00, 0.0
7.0, 21.0, 0.0, 69.0, 1984-07-15 00:00:00, 0.0
5.0, 21.5, 0.0, 51.0, 1984-07-16 00:00:00, 0.0
7.0, 19.0, 0.0, 63.0, 1984-07-17 00:00:00, 0.0
6.0, 16.0, 0.0, 51.0, 1984-07-18 00:00:00, 0.0
7.0, 12.0, 0.0, 71.0, 1984-07-19 00:00:00, 0.0
11.0, 7.5, 0.0, 99.0, 1984-07-20 00:00:00, 1.0
10.0, 15.0, 0.0, 82.0, 1984-07-21 00:00:00, 0.5
11.0, 20.0, 0.0, 36.0, 1984-07-22 00:00:00, 0.0
6.0, 22.0, 0.0, 39.0, 1984-07-23 00:00:00, 0.0
6.0, 24.0, 0.0, 41.0, 1984-07-24 00:00:00, 0.0
6.0, 22.0, 0.0, 45.0, 1984-07-25 00:00:00, 0.0
6.0, 14.0, 0.0, 71.0, 1984-07-26 00:00:00, 1.0
3.0, 13.0, 0.0, 73.0, 1984-07-27 00:00:00, 0.0
6.0, 14.0, 0.0, 86.0, 1984-07-28 00:00:00, 0.0
4.0, 15.5, 0.0, 70.0, 1984-07-29 00:00:00, 0.0
9.0, 21.0, 0.0, 68.0, 1984-07-30 00:00:00, 0.0
4.0, 22.0, 0.0, 54.0, 1984-07-31 00:00:00, 0.0
4.0, 16.5, 0.0, 74.0, 1984-08-01 00:00:00, 0.0
2.0, 17.0, 0.0, 82.0, 1984-08-02 00:00:00, 0.0
7.0, 13.5, 0.0, 73.0, 1984-08-03 00:00:00, 0.0
4.0, 14.5, 0.0, 73.0, 1984-08-04 00:00:00, 0.0
5.0, 9.5, 0.0, 99.0, 1984-08-05 00:00:00, 6.2
7.0, 9.5, 0.0, 94.0, 1984-08-06 00:00:00, 0.1
8.0, 9.0, 0.0, 99.0, 1984-08-07 00:00:00, 10.0
2.0, 23.0, 0.0, 63.0, 1984-08-08 00:00:00, 0.0
7.0, 18.5, 0.0, 64.0, 1984-08-09 00:00:00, 0.0
4.0, 21.0, 0.0, 64.0, 1984-08-10 00:00:00, 0.0
4.0, 16.5, 0.0, 67.0, 1984-08-11 00:00:00, 0.0
3.0, 9.0, 0.0, 89.0, 1984-08-12 00:00:00, 0.0
3.0, 8.0, 0.0, 99.0, 1984-08-13 00:00:00, 1.0
3.0, 11.0, 0.0, 84.0, 1984-08-14 00:00:00, 0.0
3.0, 21.0, 0.0, 62.0, 1984-08-15 00:00:00, 0.0
1.0, 23.0, 0.0, 92.0, 1984-08-16 00:00:00, 1.4
5.0, 12.0, 0.0, 80.0, 1984-08-17 00:00:00, 0.0
6.0, 11.0, 0.0, 90.0, 1984-08-18 00:00:00, 1.0
5.0, 10.0, 0.0, 99.0, 1984-08-19 00:00:00, 0.0
6.0, 14.0, 0.0, 83.0, 1984-08-20 00:00:00, 0.0
13.0, 21.0, 0.0, 48.0, 1984-08-21 00:00:00, 0.0
5.0, 15.0, 0.0, 99.0, 1984-08-22 00:00:00, 0.0
4.0, 12.0, 0.0, 99.0, 1984-08-23 00:00:00, 0.0
4.0, 11.0, 0.0, 62.0, 1984-08-24 00:00:00, 0.0
6.0, 14.5, 0.0, 74.0, 1984-08-25 00:00:00, 0.0
5.0, 11.5, 0.0, 89.0, 1984-08-26 00:00:00, 0.0
4.0, 10.0, 0.0, 85.0, 1984-08-27 00:00:00, 0.0
5.0, 7.0, 0.0, 99.0, 1984-08-28 00:00:00, 2.8
4.0, 9.0, 0.0, 89.0, 1984-08-29 00:00:00, 0.0
0.0, 12.0, 0.0, 99.0, 1984-08-30 00:00:00, 0.0
4.0, 8.5, 0.0, 99.0, 1984-08-31 00:00:00, 0.0
4.0, 9.0, 0.0, 87.0, 1984-09-01 00:00:00, 7.4
6.0, 16.0, 0.0, 99.0, 1984-09-02 00:00:00, 0.0
4.0, 16.5, 0.0, 50.0, 1984-09-03 00:00:00, 0.0
11.0, 10.0, 0.0, 99.0, 1984-09-04 00:00:00, 1.0
6.0, 8.5, 0.0, 99.0, 1984-09-05 00:00:00, 22.8
6.0, 5.0, 0.0, 99.0, 1984-09-06 00:00:00, 13.4
25.0, 12.0, 0.0, 88.0, 1984-09-07 00:00:00, 1.2
3.0, 10.0, 0.0, 89.0, 1984-09-08 00:00:00, 14.3
5.0, 7.5, 0.0, 99.0, 1984-09-09 00:00:00, 6.0
6.0, 6.5, 0.0, 93.0, 1984-09-10 00:00:00, 14.0
3.0, 6.5, 0.0, 94.0, 1984-09-11 00:00:00, 11.1
4.0, 6.0, 0.0, 99.0, 1984-09-12 00:00:00, 17.1
2.0, 13.5, 0.0, 77.0, 1984-09-13 00:00:00, 0.0
3.0, 13.5, 0.0, 87.0, 1984-09-14 00:00:00, 0.0
13.0, 14.5, 0.0, 51.0, 1984-09-15 00:00:00, 0.0
13.0, 10.0, 0.0, 94.0, 1984-09-16 00:00:00, 16.0
3.0, 12.0, 0.0, 99.0, 1984-09-17 00:00:00, 1.4
2.0, 12.5, 0.0, 90.0, 1984-09-18 00:00:00, 0.0
5.0, 17.5, 0.0, 82.0, 1984-09-19 00:00:00, 0.0
10.0, 5.5, 0.0, 87.0, 1984-09-20 00:00:00, 2.2
4.0, 6.0, 0.0, 99.0, 1984-09-21 00:00:00, 0.0
4.0, 8.0, 0.0, 88.0, 1984-09-22 00:00:00, 12.0
6.0, 8.0, 0.0, 56.0, 1984-09-23 00:00:00, 0.0
6.0, 6.0, 0.0, 87.0, 1984-09-24 00:00:00, 0.0
2.0, 7.5, 0.0, 76.0, 1984-09-25 00:00:00, 0.0
3.0, 10.0, 0.0, 54.0, 1984-09-26 00:00:00, 0.0
2.0, 10.0, 0.0, 59.0, 1984-09-27 00:00:00, 0.0
6.0, 14.5, 0.0, 32.0, 1984-09-28 00:00:00, 0.0
5.0, 15.0, 0.0, 35.0, 1984-09-29 00:00:00, 0.0
4.0, 13.5, 0.0, 78.0, 1984-09-30 00:00:00, 0.0
0.0, 0.0, 0.0, 0.0, 1985-06-24 00:00:00, 0.0
2.0, 12.5, 40.0, 75.0, 1985-06-25 00:00:00, 0.0
7.0, 14.5, 140.0, 63.0, 1985-06-26 00:00:00, 0.0
11.0, 8.0, 140.0, 88.0, 1985-06-27 00:00:00, 0.0
0.0, 9.0, 0.0, 77.0, 1985-06-28 00:00:00, 0.0
5.0, 7.5, 140.0, 99.0, 1985-06-29 00:00:00, 0.8
8.0, 11.5, 0.0, 65.0, 1985-06-30 00:00:00, 0.1
6.0, 19.0, 140.0, 32.0, 1985-07-01 00:00:00, 0.0
6.0, 20.5, 320.0, 42.0, 1985-07-02 00:00:00, 0.0
7.0, 20.0, 140.0, 51.0, 1985-07-03 00:00:00, 0.0
15.0, 18.0, 140.0, 53.0, 1985-07-04 00:00:00, 0.0
4.0, 10.0, 140.0, 94.0, 1985-07-05 00:00:00, 4.4
0.0, 16.0, 0.0, 72.0, 1985-07-06 00:00:00, 0.0
2.0, 20.0, 320.0, 62.0, 1985-07-07 00:00:00, 0.0
4.0, 23.0, 140.0, 63.0, 1985-07-08 00:00:00, 0.0
2.0, 23.0, 140.0, 67.0, 1985-07-09 00:00:00, 0.0
4.0, 14.5, 320.0, 81.0, 1985-07-10 00:00:00, 0.0
2.0, 16.0, 140.0, 54.0, 1985-07-11 00:00:00, 0.0
4.0, 13.0, 230.0, 69.0, 1985-07-12 00:00:00, 0.0
4.0, 15.0, 320.0, 76.0, 1985-07-13 00:00:00, 0.0
2.0, 21.0, 320.0, 60.0, 1985-07-14 00:00:00, 0.0
4.0, 18.0, 320.0, 77.0, 1985-07-15 00:00:00, 0.0
2.0, 16.5, 140.0, 86.0, 1985-07-16 00:00:00, 0.0
4.0, 19.5, 320.0, 71.0, 1985-07-17 00:00:00, 0.0
11.0, 23.0, 40.0, 44.0, 1985-07-18 00:00:00, 0.0
6.0, 25.0, 230.0, 37.0, 1985-07-19 00:00:00, 0.0
4.0, 24.5, 230.0, 50.0, 1985-07-20 00:00:00, 0.0
4.0, 20.0, 140.0, 60.0, 1985-07-21 00:00:00, 0.0
6.0, 18.0, 320.0, 70.0, 1985-07-22 00:00:00, 0.0
6.0, 14.0, 320.0, 90.0, 1985-07-23 00:00:00, 0.0
4.0, 20.0, 140.0, 59.0, 1985-07-24 00:00:00, 0.0
3.0, 19.5, 320.0, 68.0, 1985-07-25 00:00:00, 0.0
6.0, 21.5, 140.0, 92.0, 1985-07-26 00:00:00, 0.0
7.0, 24.0, 230.0, 63.0, 1985-07-27 00:00:00, 0.0
8.0, 25.0, 0.0, 50.0, 1985-07-28 00:00:00, 0.0
3.0, 27.0, 140.0, 46.0, 1985-07-29 00:00:00, 0.0
5.0, 18.5, 320.0, 71.0, 1985-07-30 00:00:00, 0.0
5.0, 13.5, 140.0, 94.0, 1985-07-31 00:00:00, 0.0
6.0, 11.5, 140.0, 99.0, 1985-08-01 00:00:00, 6.8
5.0, 10.5, 140.0, 99.0, 1985-08-02 00:00:00, 6.4
4.0, 15.0, 140.0, 90.0, 1985-08-03 00:00:00, 0.0
7.0, 12.0, 320.0, 90.0, 1985-08-04 00:00:00, 0.8
5.0, 16.5, 140.0, 65.0, 1985-08-05 00:00:00, 0.0
10.0, 14.0, 140.0, 76.0, 1985-08-06 00:00:00, 0.0
6.0, 8.0, 140.0, 99.0, 1985-08-07 00:00:00, 14.6
5.0, 8.0, 140.0, 99.0, 1985-08-08 00:00:00, 25.8
9.0, 9.0, 320.0, 99.0, 1985-08-09 00:00:00, 1.3
7.0, 14.0, 140.0, 58.0, 1985-08-10 00:00:00, 7.4
4.0, 16.0, 140.0, 72.0, 1985-08-11 00:00:00, 0.0
4.0, 17.5, 40.0, 46.0, 1985-08-12 00:00:00, 0.0
8.0, 18.0, 270.0, 44.0, 1985-08-13 00:00:00, 0.0
6.0, 19.0, 320.0, 50.0, 1985-08-14 00:00:00, 0.0
6.0, 19.0, 320.0, 46.0, 1985-08-15 00:00:00, 0.0
5.0, 18.0, 230.0, 44.0, 1985-08-16 00:00:00, 0.0
6.0, 20.0, 140.0, 47.0, 1985-08-17 00:00:00, 0.0
4.0, 17.0, 140.0, 50.0, 1985-08-18 00:00:00, 0.0
2.0, 8.0, 140.0, 99.0, 1985-08-19 00:00:00, 0.0
5.0, 9.5, 140.0, 89.0, 1985-08-20 00:00:00, 0.2
4.0, 10.0, 320.0, 89.0, 1985-08-21 00:00:00, 0.0
3.0, 15.0, 40.0, 72.0, 1985-08-22 00:00:00, 0.0
8.0, 21.0, 140.0, 48.0, 1985-08-23 00:00:00, 0.0
8.0, 24.0, 320.0, 30.0, 1985-08-24 00:00:00, 0.0
7.0, 17.0, 140.0, 82.0, 1985-08-25 00:00:00, 0.0
3.0, 18.5, 90.0, 41.0, 1985-08-26 00:00:00, 0.0
5.0, 15.0, 140.0, 64.0, 1985-08-27 00:00:00, 0.0
3.0, 11.5, 140.0, 79.0, 1985-08-28 00:00:00, 0.0
15.0, 14.5, 140.0, 55.0, 1985-08-29 00:00:00, 0.0
3.0, 10.0, 140.0, 94.0, 1985-08-30 00:00:00, 8.5
2.0, 12.0, 140.0, 78.0, 1985-08-31 00:00:00, 25.0
2.0, 18.0, 230.0, 50.0, 1985-09-01 00:00:00, 0.0
4.0, 13.0, 320.0, 59.0, 1985-09-02 00:00:00, 1.2
4.0, 12.0, 320.0, 94.0, 1985-09-03 00:00:00, 0.0
4.0, 9.5, 230.0, 99.0, 1985-09-04 00:00:00, 3.0
6.0, 6.5, 320.0, 94.0, 1985-09-05 00:00:00, 2.4
2.0, 4.5, 140.0, 93.0, 1985-09-06 00:00:00, 25.0
7.0, 12.0, 140.0, 59.0, 1985-09-07 00:00:00, 2.1
4.0, 11.0, 320.0, 68.0, 1985-09-08 00:00:00, 0.0
4.0, 13.0, 230.0, 64.0, 1985-09-09 00:00:00, 0.0
2.0, 14.0, 140.0, 70.0, 1985-09-10 00:00:00, 0.0
5.0, 8.5, 320.0, 94.0, 1985-09-11 00:00:00, 0.2
19.0, 7.0, 140.0, 99.0, 1985-09-12 00:00:00, 6.4
7.0, 9.0, 140.0, 88.0, 1985-09-13 00:00:00, 11.2
6.0, 7.0, 140.0, 88.0, 1985-09-14 00:00:00, 10.0
4.0, 7.0, 320.0, 94.0, 1985-09-15 00:00:00, 0.8
6.0, 6.5, 140.0, 99.0, 1985-09-16 00:00:00, 9.0
4.0, 6.5, 140.0, 93.0, 1985-09-17 00:00:00, 10.5
0.0, 6.0, 0.0, 99.0, 1985-09-18 00:00:00, 1.0
0.0, 8.5, 0.0, 94.0, 1985-09-19 00:00:00, 0.0
3.0, 8.5, 140.0, 99.0, 1985-09-20 00:00:00, 0.0
0.0, 8.5, 0.0, 94.0, 1985-09-21 00:00:00, 0.0
2.0, 9.5, 140.0, 83.0, 1985-09-22 00:00:00, 0.0
4.0, 15.5, 320.0, 60.0, 1985-09-23 00:00:00, 0.0
6.0, 16.5, 140.0, 78.0, 1985-09-24 00:00:00, 0.0
2.0, 18.0, 320.0, 70.0, 1985-09-25 00:00:00, 0.0
4.0, 17.0, 320.0, 70.0, 1985-09-26 00:00:00, 0.0
15.0, 15.0, 140.0, 64.0, 1985-09-27 00:00:00, 0.0
2.0, 12.0, 0.0, 56.0, 1985-09-28 00:00:00, 0.0
2.0, 13.0, 140.0, 57.0, 1985-09-29 00:00:00, 0.0
2.0, 13.0, 320.0, 44.0, 1985-09-30 00:00:00, 0.0
3.0, 10.5, 0.0, 84.0, 1986-07-04 00:00:00, 0.8
0.0, 7.5, 0.0, 99.0, 1986-07-05 00:00:00, 0.2
3.0, 15.0, 90.0, 81.0, 1986-07-06 00:00:00, 0.0
2.0, 16.0, 270.0, 77.0, 1986-07-07 00:00:00, 0.0
6.0, 14.0, 90.0, 85.0, 1986-07-08 00:00:00, 1.4
6.0, 10.5, 90.0, 89.0, 1986-07-09 00:00:00, 0.0
4.0, 8.5, 140.0, 99.0, 1986-07-10 00:00:00, 10.6
7.0, 8.0, 270.0, 99.0, 1986-07-11 00:00:00, 2.2
3.0, 9.0, 270.0, 99.0, 1986-07-12 00:00:00, 1.0
0.0, 11.0, 0.0, 84.0, 1986-07-13 00:00:00, 0.8
4.0, 8.5, 270.0, 99.0, 1986-07-14 00:00:00, 0.0
2.0, 5.5, 90.0, 99.0, 1986-07-15 00:00:00, 2.4
0.0, 4.0, 0.0, 99.0, 1986-07-16 00:00:00, 8.0
0.0, 6.5, 0.0, 99.0, 1986-07-17 00:00:00, 22.7
15.0, 14.5, 0.0, 76.0, 1986-07-18 00:00:00, 31.6
9.0, 16.0, 0.0, 88.0, 1986-07-19 00:00:00, 0.0
2.0, 18.0, 0.0, 75.0, 1986-07-20 00:00:00, 0.0
6.0, 18.5, 90.0, 75.0, 1986-07-21 00:00:00, 0.0
5.0, 12.0, 90.0, 99.0, 1986-07-22 00:00:00, 0.0
7.0, 12.0, 90.0, 90.0, 1986-07-23 00:00:00, 0.0
4.0, 12.0, 0.0, 90.0, 1986-07-24 00:00:00, 0.0
0.0, 13.0, 0.0, 90.0, 1986-07-25 00:00:00, 0.0
0.0, 9.0, 0.0, 99.0, 1986-07-26 00:00:00, 4.0
2.0, 8.0, 0.0, 99.0, 1986-07-27 00:00:00, 0.3
11.0, 8.0, 90.0, 99.0, 1986-07-28 00:00:00, 0.0
2.0, 8.0, 230.0, 90.0, 1986-07-29 00:00:00, 1.7
4.0, 13.0, 40.0, 80.0, 1986-07-30 00:00:00, 0.0
2.0, 17.0, 140.0, 65.0, 1986-07-31 00:00:00, 0.0
2.0, 24.0, 270.0, 40.0, 1986-08-01 00:00:00, 0.0
2.0, 25.0, 270.0, 36.0, 1986-08-02 00:00:00, 0.0
2.0, 18.0, 270.0, 73.0, 1986-08-03 00:00:00, 0.0
8.0, 18.0, 270.0, 73.0, 1986-08-04 00:00:00, 0.0
2.0, 18.0, 90.0, 73.0, 1986-08-05 00:00:00, 0.0
4.0, 23.0, 90.0, 47.0, 1986-08-06 00:00:00, 0.0
4.0, 25.0, 270.0, 36.0, 1986-08-07 00:00:00, 0.0
0.0, 24.5, 0.0, 43.0, 1986-08-08 00:00:00, 0.0
4.0, 24.0, 230.0, 46.0, 1986-08-09 00:00:00, 0.0
1.0, 19.0, 40.0, 58.0, 1986-08-10 00:00:00, 0.0
1.0, 14.0, 90.0, 95.0, 1986-08-11 00:00:00, 0.0
1.0, 15.0, 90.0, 81.0, 1986-08-12 00:00:00, 0.0
7.0, 17.0, 270.0, 74.0, 1986-08-13 00:00:00, 0.0
1.0, 17.0, 270.0, 82.0, 1986-08-14 00:00:00, 0.0
4.0, 16.0, 140.0, 49.0, 1986-08-15 00:00:00, 0.0
0.0, 17.0, 0.0, 45.0, 1986-08-16 00:00:00, 0.0
0.0, 17.0, 0.0, 40.0, 1986-08-17 00:00:00, 0.0
7.0, 18.0, 140.0, 37.0, 1986-08-18 00:00:00, 0.0
0.0, 19.0, 0.0, 30.0, 1986-08-19 00:00:00, 0.0
1.0, 21.0, 270.0, 24.0, 1986-08-20 00:00:00, 0.0
1.0, 20.5, 90.0, 38.0, 1986-08-21 00:00:00, 0.0
11.0, 21.0, 270.0, 36.0, 1986-08-22 00:00:00, 0.0
5.0, 18.0, 270.0, 50.0, 1986-08-23 00:00:00, 0.0
4.0, 14.5, 230.0, 81.0, 1986-08-24 00:00:00, 0.0
7.0, 22.0, 230.0, 43.0, 1986-08-25 00:00:00, 0.0
7.0, 24.0, 230.0, 29.0, 1986-08-26 00:00:00, 0.0
7.0, 27.5, 230.0, 32.0, 1986-08-27 00:00:00, 0.0
0.0, 21.0, 0.0, 55.0, 1986-08-28 00:00:00, 0.0
0.0, 14.5, 0.0, 78.0, 1986-08-29 00:00:00, 0.0
0.0, 13.0, 0.0, 99.0, 1986-08-30 00:00:00, 2.9
5.0, 13.5, 270.0, 99.0, 1986-08-31 00:00:00, 0.2
3.0, 15.0, 270.0, 85.0, 1986-09-01 00:00:00, 0.0
12.0, 11.0, 0.0, 79.0, 1987-07-16 00:00:00, 0.0
20.0, 20.0, 270.0, 36.0, 1987-07-17 00:00:00, 0.0
6.0, 20.0, 140.0, 83.0, 1987-07-18 00:00:00, 1.0
5.0, 12.0, 90.0, 90.0, 1987-07-19 00:00:00, 0.0
7.0, 15.0, 270.0, 72.0, 1987-07-20 00:00:00, 0.0
7.0, 16.0, 270.0, 70.0, 1987-07-21 00:00:00, 0.0
7.0, 14.0, 270.0, 70.0, 1987-07-22 00:00:00, 0.0
5.0, 17.0, 270.0, 75.0, 1987-07-23 00:00:00, 0.0
10.0, 14.0, 270.0, 57.0, 1987-07-24 00:00:00, 2.0
10.0, 13.0, 270.0, 99.0, 1987-07-25 00:00:00, 2.0
6.0, 17.0, 140.0, 47.0, 1987-07-26 00:00:00, 2.6
8.0, 12.0, 140.0, 95.0, 1987-07-27 00:00:00, 3.9
0.0, 14.0, 0.0, 81.0, 1987-07-28 00:00:00, 1.0
2.0, 13.5, 140.0, 85.0, 1987-07-29 00:00:00, 0.0
4.0, 12.0, 140.0, 90.0, 1987-07-30 00:00:00, 0.0
6.0, 12.0, 270.0, 70.0, 1987-07-31 00:00:00, 7.2
2.0, 11.0, 320.0, 79.0, 1987-08-01 00:00:00, 1.0
2.0, 16.5, 140.0, 69.0, 1987-08-02 00:00:00, 0.0
4.0, 21.0, 140.0, 56.0, 1987-08-03 00:00:00, 0.0
8.0, 22.0, 270.0, 43.0, 1987-08-04 00:00:00, 0.0
4.0, 12.0, 140.0, 95.0, 1987-08-05 00:00:00, 0.0
5.0, 16.0, 140.0, 82.0, 1987-08-06 00:00:00, 0.0
4.0, 23.0, 90.0, 50.0, 1987-08-07 00:00:00, 0.0
4.0, 22.0, 140.0, 43.0, 1987-08-08 00:00:00, 0.0
7.0, 20.0, 320.0, 47.0, 1987-08-09 00:00:00, 0.0
4.0, 9.0, 140.0, 99.0, 1987-08-10 00:00:00, 0.0
4.0, 10.0, 140.0, 99.0, 1987-08-11 00:00:00, 2.0
4.0, 11.5, 140.0, 89.0, 1987-08-12 00:00:00, 0.0
6.0, 10.0, 140.0, 99.0, 1987-08-13 00:00:00, 13.6
5.0, 10.0, 140.0, 99.0, 1987-08-14 00:00:00, 5.8
7.0, 10.0, 230.0, 89.0, 1987-08-15 00:00:00, 0.2
9.0, 10.0, 270.0, 78.0, 1987-08-16 00:00:00, 0.0
5.0, 10.5, 270.0, 89.0, 1987-08-17 00:00:00, 0.0
5.0, 10.0, 270.0, 80.0, 1987-08-18 00:00:00, 0.0
5.0, 10.0, 270.0, 80.0, 1987-08-19 00:00:00, 0.0
10.0, 11.0, 270.0, 69.0, 1987-08-20 00:00:00, 0.0
7.0, 15.0, 90.0, 47.0, 1987-08-21 00:00:00, 0.0
5.0, 20.0, 270.0, 44.0, 1987-08-22 00:00:00, 0.0
10.0, 22.5, 90.0, 29.0, 1987-08-23 00:00:00, 0.0
6.0, 20.0, 90.0, 34.0, 1987-08-24 00:00:00, 0.0
5.0, 19.5, 140.0, 53.0, 1987-08-25 00:00:00, 0.0
0.0, 19.0, 0.0, 53.0, 1987-08-26 00:00:00, 0.0
0.0, 19.0, 0.0, 60.0, 1987-08-27 00:00:00, 0.0
5.0, 14.0, 90.0, 71.0, 1987-08-28 00:00:00, 0.0
0.0, 19.0, 0.0, 60.0, 1987-08-29 00:00:00, 0.0
10.0, 21.0, 270.0, 55.0, 1987-08-30 00:00:00, 0.0
5.0, 25.0, 320.0, 36.0, 1987-08-31 00:00:00, 0.0
4.0, 25.0, 270.0, 41.0, 1988-07-26 00:00:00, 0.0
4.0, 13.5, 230.0, 76.0, 1988-07-27 00:00:00, 0.0
4.0, 13.0, 90.0, 80.0, 1988-07-28 00:00:00, 0.0
7.0, 15.5, 230.0, 68.0, 1988-07-29 00:00:00, 0.0
4.0, 15.0, 230.0, 80.0, 1988-07-30 00:00:00, 0.0
5.0, 16.0, 270.0, 65.0, 1988-07-31 00:00:00, 0.0
4.0, 18.0, 180.0, 51.0, 1988-08-01 00:00:00, 0.0
4.0, 20.0, 180.0, 44.0, 1988-08-02 00:00:00, 0.0
4.0, 21.0, 270.0, 33.0, 1988-08-03 00:00:00, 0.0
4.0, 18.0, 0.0, 51.0, 1988-08-04 00:00:00, 0.0
7.0, 14.5, 140.0, 67.0, 1988-08-05 00:00:00, 0.0
4.0, 8.5, 230.0, 99.0, 1988-08-06 00:00:00, 0.0
4.0, 14.0, 140.0, 68.0, 1988-08-07 00:00:00, 0.0
4.0, 12.0, 140.0, 74.0, 1988-08-08 00:00:00, 0.0
4.0, 11.0, 270.0, 99.0, 1988-08-09 00:00:00, 0.0
0.0, 13.5, 0.0, 85.0, 1988-08-10 00:00:00, 0.0
4.0, 18.0, 140.0, 66.0, 1988-08-11 00:00:00, 0.0
0.0, 16.0, 0.0, 82.0, 1988-08-12 00:00:00, 0.0
0.0, 15.0, 0.0, 73.0, 1988-08-13 00:00:00, 0.0
0.0, 10.0, 0.0, 84.0, 1988-08-14 00:00:00, 0.0
7.0, 9.0, 0.0, 99.0, 1988-08-15 00:00:00, 2.4
0.0, 9.0, 0.0, 99.0, 1988-08-16 00:00:00, 63.2
0.0, 16.0, 0.0, 72.0, 1988-08-17 00:00:00, 8.0
2.0, 11.0, 140.0, 95.0, 1988-08-18 00:00:00, 0.6
0.0, 11.0, 0.0, 99.0, 1988-08-19 00:00:00, 5.0
0.0, 8.0, 0.0, 88.0, 1988-08-20 00:00:00, 0.0
4.0, 16.0, 140.0, 69.0, 1988-08-21 00:00:00, 0.0
4.0, 21.0, 90.0, 69.0, 1988-08-22 00:00:00, 0.0
4.0, 24.0, 140.0, 46.0, 1988-08-23 00:00:00, 0.0
0.0, 26.0, 0.0, 48.0, 1988-08-24 00:00:00, 0.0
0.0, 15.0, 0.0, 81.0, 1988-08-25 00:00:00, 2.0
0.0, 15.0, 0.0, 68.0, 1988-08-26 00:00:00, 0.0
0.0, 25.0, 0.0, 38.0, 1988-08-27 00:00:00, 0.0
4.0, 22.0, 140.0, 62.0, 1988-08-28 00:00:00, 0.0
11.0, 13.0, 270.0, 71.0, 1988-08-29 00:00:00, 1.0
4.0, 10.5, 230.0, 94.0, 1988-08-30 00:00:00, 0.0
2.0, 18.0, 140.0, 66.0, 1988-08-31 00:00:00, 0.0
0.0, 24.0, 0.0, 40.0, 1988-09-01 00:00:00, 0.0
11.0, 28.0, 90.0, 50.0, 1988-09-02 00:00:00, 0.0
0.0, 32.0, 0.0, 15.0, 1988-09-03 00:00:00, 0.0
0.0, 28.0, 0.0, 21.0, 1988-09-04 00:00:00, 0.0
0.0, 21.0, 0.0, 41.0, 1988-09-05 00:00:00, 0.0
4.0, 9.5, 230.0, 99.0, 1988-09-06 00:00:00, 2.9
4.0, 10.0, 140.0, 89.0, 1988-09-07 00:00:00, 0.2
4.0, 9.5, 230.0, 89.0, 1988-09-08 00:00:00, 0.0
9.0, 9.0, 50.0, 77.0, 1988-09-09 00:00:00, 0.0
2.0, 11.0, 0.0, 53.0, 1988-09-10 00:00:00, 0.0
0.0, 15.0, 0.0, 34.0, 1988-09-11 00:00:00, 0.0
4.0, 22.0, 270.0, 56.0, 1988-09-12 00:00:00, 0.0
4.0, 23.0, 140.0, 39.0, 1988-09-13 00:00:00, 0.0
4.0, 19.0, 140.0, 49.0, 1988-09-14 00:00:00, 0.0
0.0, 6.5, 0.0, 99.0, 1988-09-15 00:00:00, 0.6
0.0, 4.5, 0.0, 99.0, 1988-09-16 00:00:00, 0.0
6.0, 11.0, 0.0, 54.0, 1988-09-17 00:00:00, 5.8
4.0, 8.5, 320.0, 94.0, 1988-09-18 00:00:00, 0.2
0.0, 5.5, 0.0, 99.0, 1988-09-19 00:00:00, 5.0
7.0, 9.0, 270.0, 88.0, 1988-09-20 00:00:00, 0.0
2.0, 9.0, 140.0, 99.0, 1988-09-21 00:00:00, 0.0
0.0, 8.0, 0.0, 94.0, 1988-09-22 00:00:00, 0.0
4.0, 5.0, 270.0, 99.0, 1988-09-23 00:00:00, 16.3
4.0, 6.0, 90.0, 69.0, 1988-09-24 00:00:00, 0.0
0.0, 5.5, 0.0, 93.0, 1988-09-25 00:00:00, 0.0
19.0, 5.5, 0.0, 99.0, 1988-09-26 00:00:00, 20.1
4.0, 6.0, 230.0, 87.0, 1988-09-27 00:00:00, 44.4
7.0, 6.0, 0.0, 87.0, 1988-09-28 00:00:00, 4.4
7.0, 15.0, 140.0, 64.0, 1988-09-29 00:00:00, 0.0
7.0, 16.0, 140.0, 69.0, 1988-09-30 00:00:00, 0.0
0.0, 23.0, 0.0, 39.0, 1988-10-01 00:00:00, 0.0
0.0, 20.5, 0.0, 34.0, 1988-10-02 00:00:00, 0.0
11.0, 19.5, 90.0, 50.0, 1988-10-03 00:00:00, 0.0
7.0, 14.5, 140.0, 67.0, 1988-10-04 00:00:00, 0.0
4.0, 10.0, 320.0, 99.0, 1988-10-05 00:00:00, 2.1
9.0, 16.0, 140.0, 54.0, 1988-10-06 00:00:00, 0.0
6.0, 18.0, 320.0, 48.0, 1988-10-07 00:00:00, 0.0
0.0, 21.0, 0.0, 24.0, 1988-10-08 00:00:00, 0.0
0.0, 22.0, 0.0, 26.0, 1988-10-09 00:00:00, 0.0
0.0, 21.0, 0.0, 24.0, 1988-10-10 00:00:00, 0.0
11.0, 8.0, 140.0, 99.0, 1988-10-11 00:00:00, 0.0
5.0, 10.0, 50.0, 94.0, 1988-10-12 00:00:00, 0.0
6.0, 8.0, 320.0, 99.0, 1988-10-13 00:00:00, 15.0
11.0, 5.5, 320.0, 99.0, 1988-10-14 00:00:00, 44.0
