station_observations
wind_speed, temperature, wind_direction, relative_humidity, time, precipitation
0.0, 12.4, 0.0, 47.0, 1994-06-09 00:00:00, 0.0
10.0, 12.2, 230.0, 53.0, 1994-06-10 00:00:00, 0.5
4.0, 9.9, 270.0, 81.0, 1994-06-11 00:00:00, 5.6
8.0, 9.5, 90.0, 68.0, 1994-06-12 00:00:00, 5.6
22.0, 7.1, 50.0, 90.0, 1994-06-13 00:00:00, 20.3
13.0, 7.0, 90.0, 71.0, 1994-06-14 00:00:00, 0.0
7.0, 10.4, 90.0, 69.0, 1994-06-15 00:00:00, 0.0
9.0, 7.5, 320.0, 89.0, 1994-06-16 00:00:00, 2.5
15.0, 10.2, 230.0, 80.0, 1994-06-17 00:00:00, 2.8
14.0, 11.5, 180.0, 60.0, 1994-06-18 00:00:00, 0.0
11.0, 10.2, 230.0, 69.0, 1994-06-19 00:00:00, 0.0
16.0, 9.7, 230.0, 68.0, 1994-06-20 00:00:00, 0.0
18.0, 15.6, 180.0, 49.0, 1994-06-21 00:00:00, 0.0
18.0, 18.3, 180.0, 50.0, 1994-06-22 00:00:00, 0.0
12.0, 16.8, 180.0, 63.0, 1994-06-23 00:00:00, 0.0
21.0, 17.0, 180.0, 57.0, 1994-06-24 00:00:00, 0.0
16.0, 16.8, 180.0, 57.0, 1994-06-25 00:00:00, 0.0
14.0, 14.8, 230.0, 46.0, 1994-06-26 00:00:00, 0.0
0.0, 9.4, 0.0, 61.0, 1994-06-27 00:00:00, 0.0
0.0, 8.8, 0.0, 80.0, 1994-06-28 00:00:00, 0.0
0.0, 9.9, 0.0, 81.0, 1994-06-29 00:00:00, 8.4
0.0, 7.8, 0.0, 92.0, 1994-06-30 00:00:00, 3.0
0.0, 7.4, 0.0, 97.0, 1994-07-01 00:00:00, 9.1
0.0, 8.3, 0.0, 98.0, 1994-07-02 00:00:00, 23.1
0.0, 9.2, 0.0, 84.0, 1994-07-03 00:00:00, 3.6
0.0, 10.5, 0.0, 77.0, 1994-07-04 00:00:00, 0.3
0.0, 14.0, 0.0, 71.0, 1994-07-05 00:00:00, 0.0
0.0, 9.3, 0.0, 96.0, 1994-07-06 00:00:00, 0.3
0.0, 12.2, 0.0, 67.0, 1994-07-07 00:00:00, 1.0
0.0, 8.8, 0.0, 78.0, 1994-07-08 00:00:00, 1.5
0.0, 8.7, 0.0, 84.0, 1994-07-09 00:00:00, 2.0
0.0, 11.9, 0.0, 64.0, 1994-07-10 00:00:00, 0.0
0.0, 15.7, 0.0, 66.0, 1994-07-11 00:00:00, 0.0
8.0, 20.8, 140.0, 48.0, 1994-07-12 00:00:00, 0.0
0.0, 17.9, 0.0, 68.0, 1994-07-13 00:00:00, 0.8
14.0, 17.6, 180.0, 67.0, 1994-07-14 00:00:00, 0.0
14.0, 20.4, 180.0, 53.0, 1994-07-15 00:00:00, 0.8
6.0, 13.4, 230.0, 77.0, 1994-07-16 00:00:00, 0.0
6.0, 10.6, 230.0, 93.0, 1994-07-17 00:00:00, 1.5
0.0, 11.9, 0.0, 88.0, 1994-07-18 00:00:00, 1.3
0.0, 17.2, 0.0, 68.0, 1994-07-19 00:00:00, 0.0
8.0, 20.9, 230.0, 46.0, 1994-07-20 00:00:00, 0.0
15.0, 18.8, 230.0, 36.0, 1994-07-21 00:00:00, 0.0
16.0, 23.5, 230.0, 20.0, 1994-07-22 00:00:00, 0.0
15.0, 26.3, 230.0, 27.0, 1994-07-23 00:00:00, 0.0
14.0, 26.1, 180.0, 33.0, 1994-07-24 00:00:00, 0.0
4.0, 13.4, 270.0, 89.0, 1994-07-25 00:00:00, 0.8
0.0, 16.2, 0.0, 71.0, 1994-07-26 00:00:00, 6.1
0.0, 19.3, 0.0, 56.0, 1994-07-27 00:00:00, 0.0
15.0, 19.2, 230.0, 54.0, 1994-07-28 00:00:00, 0.0
15.0, 16.7, 230.0, 69.0, 1994-07-29 00:00:00, 1.8
0.0, 12.1, 0.0, 69.0, 1994-07-30 00:00:00, 0.5
0.0, 14.5, 0.0, 50.0, 1994-07-31 00:00:00, 0.0
0.0, 18.1, 0.0, 49.0, 1994-08-01 00:00:00, 0.0
15.0, 22.0, 180.0, 53.0, 1994-08-02 00:00:00, 0.0
8.0, 23.2, 230.0, 54.0, 1994-08-03 00:00:00, 0.0
14.0, 19.5, 90.0, 73.0, 1994-08-04 00:00:00, 12.2
0.0, 12.1, 0.0, 99.0, 1994-08-05 00:00:00, 9.4
0.0, 9.3, 0.0, 99.0, 1994-08-06 00:00:00, 7.9
0.0, 14.8, 0.0, 93.0, 1994-08-07 00:00:00, 0.0
17.0, 18.5, 50.0, 57.0, 1994-08-08 00:00:00, 0.0
16.0, 18.7, 50.0, 44.0, 1994-08-09 00:00:00, 0.0
10.0, 20.4, 140.0, 46.0, 1994-08-10 00:00:00, 0.0
12.0, 20.6, 180.0, 61.0, 1994-08-11 00:00:00, 0.0
9.0, 21.7, 230.0, 52.0, 1994-08-12 00:00:00, 0.0
6.0, 23.3, 180.0, 50.0, 1994-08-13 00:00:00, 0.0
11.0, 14.2, 180.0, 95.0, 1994-08-14 00:00:00, 9.9
0.0, 14.1, 0.0, 72.0, 1994-08-15 00:00:00, 2.5
0.0, 15.7, 0.0, 67.0, 1994-08-16 00:00:00, 0.0
0.0, 19.2, 0.0, 58.0, 1994-08-17 00:00:00, 0.0
8.0, 21.7, 180.0, 49.0, 1994-08-18 00:00:00, 0.0
11.0, 21.9, 230.0, 45.0, 1994-08-19 00:00:00, 0.0
11.0, 14.4, 230.0, 81.0, 1994-08-20 00:00:00, 0.0
13.0, 12.7, 230.0, 75.0, 1994-08-21 00:00:00, 0.0
18.0, 10.6, 180.0, 79.0, 1994-08-22 00:00:00, 5.8
18.0, 7.7, 180.0, 86.0, 1994-08-23 00:00:00, 2.0
4.0, 10.1, 230.0, 69.0, 1994-08-24 00:00:00, 0.0
14.0, 13.4, 180.0, 58.0, 1994-08-25 00:00:00, 0.0
15.0, 16.5, 180.0, 45.0, 1994-08-26 00:00:00, 0.0
12.0, 18.1, 180.0, 49.0, 1994-08-27 00:00:00, 0.0
11.0, 19.3, 180.0, 39.0, 1994-08-28 00:00:00, 0.0
12.0, 11.3, 90.0, 87.0, 1994-08-29 00:00:00, 0.0
10.0, 15.3, 180.0, 66.0, 1994-08-30 00:00:00, 0.0
10.0, 12.7, 230.0, 71.0, 1994-08-31 00:00:00, 1.3
11.0, 10.7, 180.0, 73.0, 1994-09-01 00:00:00, 0.3
10.0, 8.3, 180.0, 81.0, 1994-09-02 00:00:00, 4.6
17.0, 11.0, 180.0, 60.0, 1994-09-03 00:00:00, 0.5
5.0, 7.7, 230.0, 78.0, 1994-09-04 00:00:00, 0.0
8.0, 11.3, 230.0, 87.0, 1994-09-05 00:00:00, 3.6
2.0, 8.9, 180.0, 97.0, 1994-09-06 00:00:00, 12.7
10.0, 11.5, 140.0, 71.0, 1994-09-07 00:00:00, 2.5
10.0, 8.6, 180.0, 97.0, 1994-09-08 00:00:00, 2.3
9.0, 7.6, 230.0, 99.0, 1994-09-09 00:00:00, 2.8
9.0, 6.6, 230.0, 99.0, 1994-09-10 00:00:00, 1.0
15.0, 7.6, 230.0, 87.0, 1994-09-11 00:00:00, 0.0
10.0, 7.2, 230.0, 98.0, 1994-09-12 00:00:00, 4.3
7.0, 8.4, 270.0, 93.0, 1994-09-13 00:00:00, 3.6
5.0, 9.0, 140.0, 89.0, 1994-09-14 00:00:00, 4.1
26.0, 12.5, 180.0, 82.0, 1994-09-15 00:00:00, 2.0
7.0, 11.3, 270.0, 95.0, 1994-09-16 00:00:00, 11.7
10.0, 13.1, 180.0, 84.0, 1994-09-17 00:00:00, 0.3
9.0, 11.3, 230.0, 67.0, 1994-09-18 00:00:00, 0.3
11.0, 7.3, 180.0, 94.0, 1994-09-19 00:00:00, 6.3
10.0, 9.8, 180.0, 48.0, 1994-09-20 00:00:00, 0.3
20.0, 16.2, 230.0, 70.0, 1994-09-21 00:00:00, 0.0
8.0, 12.0, 230.0, 94.0, 1994-09-22 00:00:00, 0.0
10.0, 8.8, 180.0, 84.0, 1994-09-23 00:00:00, 1.3
10.0, 16.4, 230.0, 70.0, 1994-09-24 00:00:00, 0.0
12.0, 7.2, 230.0, 85.0, 1994-09-25 00:00:00, 2.8
9.0, 5.2, 230.0, 93.0, 1994-09-26 00:00:00, 1.0
24.0, 9.2, 230.0, 58.0, 1994-09-27 00:00:00, 7.1
10.0, 6.5, 230.0, 70.0, 1994-09-28 00:00:00, 0.0
8.0, 6.4, 90.0, 63.0, 1994-09-29 00:00:00, 0.0
6.0, 2.9, 50.0, 97.0, 1994-09-30 00:00:00, 1.3
8.0, 2.0, 230.0, 95.0, 1994-10-01 00:00:00, 5.3
12.0, 5.8, 90.0, 59.0, 1994-10-02 00:00:00, 0.5
4.0, 8.9, 140.0, 62.0, 1994-10-03 00:00:00, 0.0
6.0, 11.0, 230.0, 69.0, 1994-10-04 00:00:00, 0.0
15.0, 6.3, 270.0, 62.0, 1994-10-05 00:00:00, 0.5
12.0, 5.0, 230.0, 85.0, 1994-10-06 00:00:00, 0.0
0.0, 3.5, 180.0, 78.0, 1994-10-07 00:00:00, 0.0
10.0, 6.5, 180.0, 89.0, 1994-10-08 00:00:00, 2.3
6.0, 0.8, 230.0, 99.0, 1994-10-09 00:00:00, 1.5
12.0, 3.4, 230.0, 79.0, 1994-10-10 00:00:00, 0.5
7.0, 2.6, 90.0, 78.0, 1994-10-11 00:00:00, 0.3
4.0, 1.8, 180.0, 99.0, 1994-10-12 00:00:00, 3.3
2.0, 0.4, 0.0, 99.0, 1994-10-13 00:00:00, 1.0
