station_observations
wind_speed, temperature, wind_direction, relative_humidity, time, precipitation
0.0, 0.0, 0.0, 0.0, 1994-07-05 00:00:00, 0.0
2.0, 13.4, 270.0, 72.0, 1994-07-06 00:00:00, 0.0
11.0, 12.4, 230.0, 74.0, 1994-07-07 00:00:00, 0.3
11.0, 12.0, 230.0, 55.0, 1994-07-08 00:00:00, 0.0
16.0, 13.0, 230.0, 58.0, 1994-07-09 00:00:00, 0.0
13.0, 15.3, 230.0, 50.0, 1994-07-10 00:00:00, 0.0
12.0, 14.0, 320.0, 67.0, 1994-07-11 00:00:00, 0.0
8.0, 16.7, 320.0, 73.0, 1994-07-12 00:00:00, 0.0
11.0, 18.7, 320.0, 66.0, 1994-07-13 00:00:00, 0.0
9.0, 16.6, 320.0, 80.0, 1994-07-14 00:00:00, 0.0
11.0, 18.6, 320.0, 65.0, 1994-07-15 00:00:00, 0.0
13.0, 16.9, 230.0, 58.0, 1994-07-16 00:00:00, 0.0
0.0, 14.0, 50.0, 81.0, 1994-07-17 00:00:00, 1.0
14.0, 14.6, 230.0, 72.0, 1994-07-18 00:00:00, 0.3
3.0, 15.3, 320.0, 78.0, 1994-07-19 00:00:00, 0.0
1.0, 21.4, 270.0, 50.0, 1994-07-20 00:00:00, 0.0
10.0, 18.9, 320.0, 51.0, 1994-07-21 00:00:00, 0.0
2.0, 19.6, 270.0, 61.0, 1994-07-22 00:00:00, 0.0
0.0, 21.8, 0.0, 59.0, 1994-07-23 00:00:00, 0.0
10.0, 23.4, 320.0, 57.0, 1994-07-24 00:00:00, 0.0
0.0, 20.7, 0.0, 59.0, 1994-07-25 00:00:00, 0.0
12.0, 17.0, 230.0, 59.0, 1994-07-26 00:00:00, 0.0
2.0, 20.8, 90.0, 55.0, 1994-07-27 00:00:00, 0.0
0.0, 20.4, 0.0, 64.0, 1994-07-28 00:00:00, 0.0
12.0, 15.0, 230.0, 76.0, 1994-07-29 00:00:00, 1.8
13.0, 13.0, 230.0, 64.0, 1994-07-30 00:00:00, 0.8
0.0, 12.8, 0.0, 75.0, 1994-07-31 00:00:00, 0.3
10.0, 15.4, 320.0, 83.0, 1994-08-01 00:00:00, 0.0
1.0, 19.1, 320.0, 75.0, 1994-08-02 00:00:00, 0.0
8.0, 18.0, 230.0, 81.0, 1994-08-03 00:00:00, 0.0
9.0, 18.0, 320.0, 84.0, 1994-08-04 00:00:00, 0.0
7.0, 15.2, 0.0, 74.0, 1994-08-05 00:00:00, 0.3
1.0, 13.7, 230.0, 68.0, 1994-08-06 00:00:00, 8.1
0.0, 14.7, 320.0, 89.0, 1994-08-07 00:00:00, 0.3
14.0, 17.9, 0.0, 61.0, 1994-08-08 00:00:00, 0.0
9.0, 16.2, 320.0, 68.0, 1994-08-09 00:00:00, 0.0
5.0, 17.2, 0.0, 71.0, 1994-08-10 00:00:00, 0.0
2.0, 19.0, 320.0, 65.0, 1994-08-11 00:00:00, 0.0
0.0, 19.9, 0.0, 64.0, 1994-08-12 00:00:00, 0.0
2.0, 23.4, 180.0, 53.0, 1994-08-13 00:00:00, 1.3
15.0, 17.4, 230.0, 63.0, 1994-08-14 00:00:00, 0.0
2.0, 15.9, 0.0, 63.0, 1994-08-15 00:00:00, 0.0
1.0, 14.3, 320.0, 80.0, 1994-08-16 00:00:00, 0.0
0.0, 18.3, 320.0, 78.0, 1994-08-17 00:00:00, 0.0
0.0, 18.4, 320.0, 82.0, 1994-08-18 00:00:00, 0.0
9.0, 20.2, 320.0, 68.0, 1994-08-19 00:00:00, 0.0
4.0, 16.6, 230.0, 69.0, 1994-08-20 00:00:00, 13.2
11.0, 14.2, 230.0, 72.0, 1994-08-21 00:00:00, 12.5
13.0, 12.1, 180.0, 66.0, 1994-08-22 00:00:00, 0.0
12.0, 11.5, 270.0, 66.0, 1994-08-23 00:00:00, 0.0
8.0, 12.8, 320.0, 63.0, 1994-08-24 00:00:00, 0.0
9.0, 14.0, 320.0, 77.0, 1994-08-25 00:00:00, 0.0
2.0, 15.6, 320.0, 67.0, 1994-08-26 00:00:00, 0.0
5.0, 20.0, 140.0, 45.0, 1994-08-27 00:00:00, 0.0
0.0, 17.3, 0.0, 72.0, 1994-08-28 00:00:00, 0.0
15.0, 16.3, 230.0, 65.0, 1994-08-29 00:00:00, 0.0
6.0, 15.1, 320.0, 69.0, 1994-08-30 00:00:00, 0.0
7.0, 15.1, 320.0, 72.0, 1994-08-31 00:00:00, 0.0
0.0, 13.5, 0.0, 60.0, 1994-09-01 00:00:00, 0.0
1.0, 9.3, 230.0, 94.0, 1994-09-02 00:00:00, 1.8
0.0, 10.6, 0.0, 91.0, 1994-09-03 00:00:00, 9.9
7.0, 11.0, 230.0, 69.0, 1994-09-04 00:00:00, 0.0
0.0, 11.5, 0.0, 95.0, 1994-09-05 00:00:00, 7.1
1.0, 12.3, 320.0, 96.0, 1994-09-06 00:00:00, 12.7
7.0, 8.8, 320.0, 93.0, 1994-09-07 00:00:00, 0.3
3.0, 11.5, 270.0, 86.0, 1994-09-08 00:00:00, 10.4
10.0, 10.6, 230.0, 77.0, 1994-09-09 00:00:00, 0.0
1.0, 11.1, 50.0, 67.0, 1994-09-10 00:00:00, 0.0
1.0, 12.0, 0.0, 72.0, 1994-09-11 00:00:00, 0.0
4.0, 11.0, 0.0, 83.0, 1994-09-12 00:00:00, 0.8
17.0, 12.9, 230.0, 73.0, 1994-09-13 00:00:00, 14.7
4.0, 10.8, 90.0, 82.0, 1994-09-14 00:00:00, 0.0
8.0, 16.7, 180.0, 69.0, 1994-09-15 00:00:00, 1.5
1.0, 16.0, 230.0, 73.0, 1994-09-16 00:00:00, 3.0
0.0, 13.3, 230.0, 94.0, 1994-09-17 00:00:00, 0.8
11.0, 15.3, 230.0, 69.0, 1994-09-18 00:00:00, 0.3
5.0, 11.1, 0.0, 95.0, 1994-09-19 00:00:00, 3.8
4.0, 9.7, 320.0, 92.0, 1994-09-20 00:00:00, 0.3
2.0, 16.2, 90.0, 73.0, 1994-09-21 00:00:00, 0.0
10.0, 18.9, 180.0, 56.0, 1994-09-22 00:00:00, 0.0
1.0, 14.0, 50.0, 89.0, 1994-09-23 00:00:00, 0.3
4.0, 16.5, 180.0, 87.0, 1994-09-24 00:00:00, 2.3
11.0, 10.5, 230.0, 63.0, 1994-09-25 00:00:00, 5.3
0.0, 9.4, 230.0, 75.0, 1994-09-26 00:00:00, 0.0
15.0, 11.7, 230.0, 65.0, 1994-09-27 00:00:00, 1.0
7.0, 7.9, 320.0, 74.0, 1994-09-28 00:00:00, 0.0
8.0, 6.7, 0.0, 80.0, 1994-09-29 00:00:00, 0.0
3.0, 5.5, 270.0, 98.0, 1994-09-30 00:00:00, 31.8
7.0, 7.2, 230.0, 68.0, 1994-10-01 00:00:00, 17.0
4.0, 7.6, 50.0, 67.0, 1994-10-02 00:00:00, 0.3
5.0, 8.0, 0.0, 69.0, 1994-10-03 00:00:00, 0.0
4.0, 12.4, 140.0, 72.0, 1994-10-04 00:00:00, 0.0
2.0, 9.0, 320.0, 68.0, 1994-10-05 00:00:00, 0.0
3.0, 8.5, 270.0, 77.0, 1994-10-06 00:00:00, 0.0
4.0, 7.0, 180.0, 80.0, 1994-10-07 00:00:00, 0.3
0.0, 9.1, 0.0, 85.0, 1994-10-08 00:00:00, 0.3
7.0, 7.6, 230.0, 66.0, 1994-10-09 00:00:00, 5.3
1.0, 2.9, 140.0, 91.0, 1994-10-10 00:00:00, 0.3
1.0, 3.9, 180.0, 88.0, 1994-10-11 00:00:00, 0.0
