station_observations
wind_speed, temperature, wind_direction, relative_humidity, time, precipitation
11.0, 13.9, 270.0, 63.0, 1996-07-18 00:00:00, 0.0
12.0, 21.0, 270.0, 59.0, 1996-07-19 00:00:00, 0.0
16.0, 18.0, 270.0, 59.0, 1996-07-20 00:00:00, 1.2
11.0, 18.4, 230.0, 53.0, 1996-07-21 00:00:00, 0.0
7.0, 22.1, 230.0, 46.0, 1996-07-22 00:00:00, 0.0
4.0, 24.2, 230.0, 45.0, 1996-07-23 00:00:00, 0.0
6.0, 26.7, 90.0, 37.0, 1996-07-24 00:00:00, 0.0
7.0, 25.9, 90.0, 38.0, 1996-07-25 00:00:00, 0.0
3.0, 28.0, 230.0, 33.0, 1996-07-26 00:00:00, 0.0
5.0, 26.5, 90.0, 49.0, 1996-07-27 00:00:00, 4.8
1.0, 21.3, 230.0, 71.0, 1996-07-28 00:00:00, 0.0
13.0, 24.9, 230.0, 52.0, 1996-07-29 00:00:00, 0.0
17.0, 14.9, 230.0, 49.0, 1996-07-30 00:00:00, 0.0
16.0, 18.7, 230.0, 49.0, 1996-07-31 00:00:00, 0.0
5.0, 16.5, 230.0, 67.0, 1996-08-01 00:00:00, 1.2
10.0, 17.0, 230.0, 55.0, 1996-08-02 00:00:00, 1.2
15.0, 16.0, 230.0, 64.0, 1996-08-03 00:00:00, 0.0
19.0, 14.5, 230.0, 61.0, 1996-08-04 00:00:00, 0.0
13.0, 18.8, 230.0, 54.0, 1996-08-05 00:00:00, 1.0
15.0, 19.6, 230.0, 38.0, 1996-08-06 00:00:00, 0.0
4.0, 18.2, 90.0, 48.0, 1996-08-07 00:00:00, 0.0
4.0, 22.0, 90.0, 48.0, 1996-08-08 00:00:00, 0.0
9.0, 20.4, 230.0, 54.0, 1996-08-09 00:00:00, 0.0
2.0, 21.4, 50.0, 54.0, 1996-08-10 00:00:00, 0.0
9.0, 17.6, 230.0, 67.0, 1996-08-11 00:00:00, 0.0
14.0, 19.1, 230.0, 56.0, 1996-08-12 00:00:00, 6.8
4.0, 19.2, 230.0, 55.0, 1996-08-13 00:00:00, 0.0
7.0, 19.2, 230.0, 55.0, 1996-08-14 00:00:00, 0.0
6.0, 17.4, 140.0, 55.0, 1996-08-15 00:00:00, 0.7
10.0, 10.8, 230.0, 87.0, 1996-08-16 00:00:00, 11.1
9.0, 10.9, 230.0, 90.0, 1996-08-17 00:00:00, 2.5
13.0, 12.9, 230.0, 68.0, 1996-08-18 00:00:00, 0.0
11.0, 12.4, 230.0, 68.0, 1996-08-19 00:00:00, 0.0
17.0, 15.4, 230.0, 63.0, 1996-08-20 00:00:00, 0.2
4.0, 12.5, 230.0, 85.0, 1996-08-21 00:00:00, 1.5
21.0, 18.1, 230.0, 65.0, 1996-08-22 00:00:00, 0.0
11.0, 19.4, 230.0, 55.0, 1996-08-23 00:00:00, 0.0
4.0, 21.5, 230.0, 54.0, 1996-08-24 00:00:00, 0.0
3.0, 23.6, 230.0, 45.0, 1996-08-25 00:00:00, 0.0
7.0, 25.8, 230.0, 29.0, 1996-08-26 00:00:00, 0.0
0.0, 20.5, 140.0, 49.0, 1996-08-27 00:00:00, 0.0
12.0, 20.8, 230.0, 68.0, 1996-08-28 00:00:00, 0.0
3.0, 24.7, 230.0, 53.0, 1996-08-29 00:00:00, 0.0
8.0, 13.5, 230.0, 95.0, 1996-08-30 00:00:00, 14.2
17.0, 15.7, 230.0, 69.0, 1996-08-31 00:00:00, 1.7
10.0, 15.9, 230.0, 54.0, 1996-09-01 00:00:00, 0.0
3.0, 13.1, 90.0, 78.0, 1996-09-02 00:00:00, 0.0
4.0, 6.8, 90.0, 99.0, 1996-09-03 00:00:00, 29.7
2.0, 9.3, 230.0, 85.0, 1996-09-04 00:00:00, 6.3
15.0, 13.9, 230.0, 57.0, 1996-09-05 00:00:00, 0.5
0.0, 5.1, 0.0, 99.0, 1996-09-06 00:00:00, 8.3
2.0, 7.5, 90.0, 99.0, 1996-09-07 00:00:00, 21.5
15.0, 14.3, 230.0, 70.0, 1996-09-08 00:00:00, 5.5
4.0, 14.6, 180.0, 59.0, 1996-09-09 00:00:00, 0.0
0.0, 17.5, 90.0, 62.0, 1996-09-10 00:00:00, 0.0
10.0, 16.0, 230.0, 50.0, 1996-09-11 00:00:00, 0.0
10.0, 15.0, 230.0, 60.0, 1996-09-12 00:00:00, 0.0
10.0, 12.0, 230.0, 75.0, 1996-09-13 00:00:00, 2.0
10.0, 12.0, 230.0, 75.0, 1996-09-14 00:00:00, 0.0
10.0, 15.0, 230.0, 50.0, 1996-09-15 00:00:00, 0.0
10.0, 17.0, 230.0, 50.0, 1996-09-16 00:00:00, 0.0
10.0, 20.0, 230.0, 35.0, 1996-09-17 00:00:00, 0.0
9.0, 11.9, 230.0, 60.0, 1997-06-22 00:00:00, 0.0
8.0, 19.2, 230.0, 58.0, 1997-06-23 00:00:00, 4.0
9.0, 19.3, 230.0, 53.0, 1997-06-24 00:00:00, 0.0
2.0, 19.4, 90.0, 63.0, 1997-06-25 00:00:00, 1.5
12.0, 15.2, 230.0, 51.0, 1997-06-26 00:00:00, 4.3
14.0, 14.9, 230.0, 54.0, 1997-06-27 00:00:00, 0.0
0.0, 13.8, 0.0, 64.0, 1997-06-28 00:00:00, 0.2
1.0, 20.5, 90.0, 41.0, 1997-06-29 00:00:00, 0.0
3.0, 22.2, 230.0, 46.0, 1997-06-30 00:00:00, 0.0
13.0, 19.0, 230.0, 50.0, 1997-07-01 00:00:00, 0.0
2.0, 15.9, 230.0, 56.0, 1997-07-02 00:00:00, 0.0
1.0, 20.5, 180.0, 47.0, 1997-07-03 00:00:00, 0.0
0.0, 24.8, 0.0, 43.0, 1997-07-04 00:00:00, 0.0
0.0, 25.0, 0.0, 50.0, 1997-07-05 00:00:00, 0.0
17.0, 16.6, 230.0, 50.0, 1997-07-06 00:00:00, 0.0
0.0, 13.8, 0.0, 74.0, 1997-07-07 00:00:00, 0.0
19.0, 14.0, 230.0, 70.0, 1997-07-08 00:00:00, 3.6
15.0, 15.4, 230.0, 60.0, 1997-07-09 00:00:00, 0.3
7.0, 15.0, 230.0, 62.0, 1997-07-10 00:00:00, 0.8
18.0, 19.0, 230.0, 53.0, 1997-07-11 00:00:00, 0.0
19.0, 19.2, 230.0, 59.0, 1997-07-12 00:00:00, 0.0
1.0, 17.5, 270.0, 66.0, 1997-07-13 00:00:00, 1.8
8.0, 18.6, 270.0, 63.0, 1997-07-14 00:00:00, 7.6
9.0, 15.1, 230.0, 65.0, 1997-07-15 00:00:00, 3.3
9.0, 18.6, 230.0, 47.0, 1997-07-16 00:00:00, 0.3
5.0, 21.3, 230.0, 45.0, 1997-07-17 00:00:00, 0.0
11.0, 17.8, 230.0, 57.0, 1997-07-18 00:00:00, 0.0
2.0, 24.3, 50.0, 49.0, 1997-07-19 00:00:00, 0.0
0.0, 16.2, 0.0, 85.0, 1997-07-20 00:00:00, 0.3
12.0, 15.5, 230.0, 76.0, 1997-07-21 00:00:00, 1.5
17.0, 15.8, 230.0, 62.0, 1997-07-22 00:00:00, 1.8
14.0, 15.7, 230.0, 59.0, 1997-07-23 00:00:00, 0.0
14.0, 16.6, 230.0, 58.0, 1997-07-24 00:00:00, 4.1
10.0, 14.2, 230.0, 68.0, 1997-07-25 00:00:00, 1.8
1.0, 19.7, 90.0, 48.0, 1997-07-26 00:00:00, 1.8
2.0, 19.9, 50.0, 57.0, 1997-07-27 00:00:00, 1.0
0.0, 22.7, 0.0, 53.0, 1997-07-28 00:00:00, 2.3
2.0, 20.1, 230.0, 55.0, 1997-07-29 00:00:00, 0.0
16.0, 16.1, 230.0, 59.0, 1997-07-30 00:00:00, 0.0
5.0, 15.7, 230.0, 55.0, 1997-07-31 00:00:00, 0.0
1.0, 17.5, 270.0, 54.0, 1997-08-01 00:00:00, 1.2
1.0, 17.4, 90.0, 66.0, 1997-08-02 00:00:00, 0.0
0.0, 20.3, 0.0, 59.0, 1997-08-03 00:00:00, 0.2
2.0, 22.8, 50.0, 50.0, 1997-08-04 00:00:00, 0.0
1.0, 23.8, 140.0, 51.0, 1997-08-05 00:00:00, 0.0
7.0, 20.9, 230.0, 64.0, 1997-08-06 00:00:00, 0.0
14.0, 16.1, 230.0, 53.0, 1997-08-07 00:00:00, 0.0
2.0, 19.2, 50.0, 49.0, 1997-08-08 00:00:00, 0.0
2.0, 23.9, 230.0, 44.0, 1997-08-09 00:00:00, 0.0
2.0, 27.1, 230.0, 34.0, 1997-08-10 00:00:00, 0.0
12.0, 29.1, 230.0, 35.0, 1997-08-11 00:00:00, 0.0
11.0, 26.0, 230.0, 40.0, 1997-08-12 00:00:00, 0.0
14.0, 27.8, 230.0, 47.0, 1997-08-13 00:00:00, 0.0
16.0, 24.0, 230.0, 34.0, 1997-08-14 00:00:00, 0.0
5.0, 17.3, 90.0, 52.0, 1997-08-15 00:00:00, 0.0
5.0, 20.0, 230.0, 45.0, 1997-08-16 00:00:00, 0.0
2.0, 24.0, 230.0, 38.0, 1997-08-17 00:00:00, 0.0
15.0, 22.4, 230.0, 36.0, 1997-08-18 00:00:00, 0.0
16.0, 24.3, 50.0, 49.0, 1997-08-19 00:00:00, 0.0
0.0, 16.2, 0.0, 85.0, 1997-08-20 00:00:00, 0.0
7.0, 14.8, 230.0, 98.0, 1997-08-21 00:00:00, 13.9
2.0, 19.0, 230.0, 54.0, 1997-08-22 00:00:00, 0.0
0.0, 20.0, 0.0, 60.0, 1997-08-23 00:00:00, 2.5
0.0, 13.1, 0.0, 90.0, 1997-08-24 00:00:00, 0.5
0.0, 19.5, 0.0, 56.0, 1997-08-25 00:00:00, 0.2
0.0, 15.6, 0.0, 83.0, 1997-08-26 00:00:00, 3.3
12.0, 12.3, 230.0, 76.0, 1997-08-27 00:00:00, 4.5
9.0, 15.6, 230.0, 60.0, 1997-08-28 00:00:00, 0.0
13.0, 17.3, 230.0, 46.0, 1997-08-29 00:00:00, 0.0
1.0, 19.2, 90.0, 48.0, 1997-08-30 00:00:00, 0.0
2.0, 20.6, 90.0, 45.0, 1997-08-31 00:00:00, 0.0
1.0, 21.7, 230.0, 45.0, 1997-09-01 00:00:00, 0.0
8.0, 16.9, 230.0, 55.0, 1997-09-02 00:00:00, 0.0
8.0, 20.9, 90.0, 49.0, 1997-09-03 00:00:00, 0.0
10.0, 16.7, 230.0, 56.0, 1997-09-04 00:00:00, 0.0
9.0, 11.6, 230.0, 92.0, 1997-09-05 00:00:00, 0.7
14.0, 15.7, 230.0, 56.0, 1997-09-06 00:00:00, 0.2
1.0, 17.6, 140.0, 58.0, 1997-09-07 00:00:00, 1.0
1.0, 21.4, 90.0, 53.0, 1997-09-08 00:00:00, 0.0
7.0, 23.2, 230.0, 41.0, 1997-09-09 00:00:00, 0.0
5.0, 16.4, 230.0, 71.0, 1997-09-10 00:00:00, 0.0
0.0, 12.8, 0.0, 73.0, 1997-09-11 00:00:00, 0.7
1.0, 13.1, 90.0, 60.0, 1997-09-12 00:00:00, 0.0
1.0, 12.5, 50.0, 73.0, 1997-09-13 00:00:00, 0.5
0.0, 6.8, 0.0, 99.0, 1997-09-14 00:00:00, 11.9
0.0, 8.8, 0.0, 95.0, 1997-09-15 00:00:00, 5.8
2.0, 13.5, 50.0, 63.0, 1997-09-16 00:00:00, 0.2
4.0, 6.1, 90.0, 97.0, 1997-09-17 00:00:00, 4.0
7.0, 10.3, 90.0, 51.0, 1997-09-18 00:00:00, 0.5
0.0, 11.3, 0.0, 79.0, 1997-09-19 00:00:00, 0.0
0.0, 16.4, 0.0, 64.0, 1997-09-20 00:00:00, 0.0
0.0, 19.5, 0.0, 51.0, 1997-09-21 00:00:00, 0.0
22.0, 19.9, 230.0, 54.0, 1997-09-22 00:00:00, 0.0
10.0, 22.4, 230.0, 42.0, 1997-09-23 00:00:00, 0.0
0.0, 20.5, 0.0, 53.0, 1997-09-24 00:00:00, 0.0
0.0, 17.5, 0.0, 66.0, 1997-09-25 00:00:00, 0.0
1.0, 13.3, 230.0, 77.0, 1997-09-26 00:00:00, 8.6
6.0, 11.2, 230.0, 74.0, 1997-09-27 00:00:00, 0.7
12.0, 10.6, 230.0, 80.0, 1997-09-28 00:00:00, 5.3
2.0, 6.0, 50.0, 83.0, 1997-09-29 00:00:00, 0.5
2.0, 13.2, 50.0, 79.0, 1997-09-30 00:00:00, 11.6
11.0, 10.5, 225.0, 90.0, 1998-05-26 00:00:00, 0.0
6.0, 25.8, 45.0, 43.0, 1998-05-27 00:00:00, 0.0
10.0, 20.4, 225.0, 56.0, 1998-05-28 00:00:00, 0.0
5.0, 19.8, 270.0, 65.0, 1998-05-29 00:00:00, 0.0
0.0, 26.5, 90.0, 39.0, 1998-05-30 00:00:00, 1.5
20.0, 17.7, 225.0, 50.0, 1998-05-31 00:00:00, 0.0
5.0, 18.1, 45.0, 43.0, 1998-06-01 00:00:00, 0.0
1.0, 18.8, 90.0, 41.0, 1998-06-02 00:00:00, 0.0
2.0, 22.6, 45.0, 40.0, 1998-06-03 00:00:00, 0.0
6.0, 21.7, 90.0, 33.0, 1998-06-04 00:00:00, 0.0
5.0, 21.2, 225.0, 43.0, 1998-06-05 00:00:00, 0.0
6.0, 25.6, 225.0, 39.0, 1998-06-06 00:00:00, 0.0
5.0, 26.4, 45.0, 34.0, 1998-06-07 00:00:00, 0.0
12.0, 26.8, 225.0, 33.0, 1998-06-08 00:00:00, 0.0
6.0, 16.7, 225.0, 79.0, 1998-06-09 00:00:00, 1.0
7.0, 17.2, 225.0, 57.0, 1998-06-10 00:00:00, 0.2
18.0, 15.1, 225.0, 42.0, 1998-06-11 00:00:00, 0.0
16.0, 19.6, 225.0, 37.0, 1998-06-12 00:00:00, 0.0
10.0, 18.7, 225.0, 41.0, 1998-06-13 00:00:00, 0.0
16.0, 14.7, 225.0, 62.0, 1998-06-14 00:00:00, 0.0
4.0, 8.1, 225.0, 76.0, 1998-06-15 00:00:00, 2.5
1.0, 19.6, 45.0, 44.0, 1998-06-16 00:00:00, 0.0
15.0, 12.4, 225.0, 70.0, 1998-06-17 00:00:00, 1.7
0.0, 14.9, 0.0, 58.0, 1998-06-18 00:00:00, 0.0
4.0, 23.5, 45.0, 46.0, 1998-06-19 00:00:00, 1.0
1.0, 24.2, 225.0, 47.0, 1998-06-20 00:00:00, 2.2
7.0, 26.0, 225.0, 29.0, 1998-06-21 00:00:00, 0.5
15.0, 19.8, 225.0, 56.0, 1998-06-22 00:00:00, 0.0
12.0, 15.1, 225.0, 53.0, 1998-06-23 00:00:00, 0.0
0.0, 12.6, 225.0, 73.0, 1998-06-24 00:00:00, 0.2
1.0, 10.0, 270.0, 98.0, 1998-06-25 00:00:00, 9.9
11.0, 11.6, 225.0, 92.0, 1998-06-26 00:00:00, 11.9
16.0, 17.6, 225.0, 61.0, 1998-06-27 00:00:00, 0.0
2.0, 23.5, 90.0, 42.0, 1998-06-28 00:00:00, 0.0
4.0, 21.9, 45.0, 49.0, 1998-06-29 00:00:00, 0.0
1.0, 21.3, 135.0, 63.0, 1998-06-30 00:00:00, 0.0
1.0, 16.4, 225.0, 95.0, 1998-07-01 00:00:00, 6.0
1.0, 19.7, 90.0, 81.0, 1998-07-02 00:00:00, 11.6
2.0, 24.4, 90.0, 58.0, 1998-07-03 00:00:00, 11.4
2.0, 22.3, 225.0, 62.0, 1998-07-04 00:00:00, 0.0
12.0, 24.2, 225.0, 36.0, 1998-07-05 00:00:00, 2.0
13.0, 16.9, 225.0, 71.0, 1998-07-06 00:00:00, 1.0
13.0, 18.3, 225.0, 52.0, 1998-07-07 00:00:00, 0.0
1.0, 21.8, 225.0, 42.0, 1998-07-08 00:00:00, 0.0
1.0, 24.8, 45.0, 41.0, 1998-07-09 00:00:00, 0.0
2.0, 21.5, 270.0, 59.0, 1998-07-10 00:00:00, 6.0
9.0, 15.9, 225.0, 68.0, 1998-07-11 00:00:00, 0.2
6.0, 16.0, 225.0, 54.0, 1998-07-12 00:00:00, 0.0
8.0, 12.8, 225.0, 52.0, 1998-07-13 00:00:00, 0.0
4.0, 15.7, 90.0, 52.0, 1998-07-14 00:00:00, 0.0
12.0, 17.6, 225.0, 51.0, 1998-07-15 00:00:00, 3.5
0.0, 13.3, 45.0, 97.0, 1998-07-16 00:00:00, 3.5
15.0, 18.4, 225.0, 47.0, 1998-07-17 00:00:00, 1.7
3.0, 23.5, 225.0, 40.0, 1998-07-18 00:00:00, 0.0
11.0, 15.5, 225.0, 62.0, 1998-07-19 00:00:00, 6.6
7.0, 19.3, 225.0, 44.0, 1998-07-20 00:00:00, 0.0
1.0, 21.7, 90.0, 47.0, 1998-07-21 00:00:00, 0.0
1.0, 26.5, 45.0, 42.0, 1998-07-22 00:00:00, 0.0
4.0, 21.8, 225.0, 53.0, 1998-07-23 00:00:00, 0.0
12.0, 22.8, 225.0, 44.0, 1998-07-24 00:00:00, 0.0
0.0, 26.0, 135.0, 37.0, 1998-07-25 00:00:00, 0.0
1.0, 29.2, 225.0, 35.0, 1998-07-26 00:00:00, 0.0
2.0, 31.7, 45.0, 28.0, 1998-07-27 00:00:00, 0.0
0.0, 31.0, 90.0, 30.0, 1998-07-28 00:00:00, 0.0
10.0, 29.8, 225.0, 23.0, 1998-07-29 00:00:00, 0.0
5.0, 28.2, 270.0, 28.0, 1998-07-30 00:00:00, 0.0
10.0, 26.9, 225.0, 21.0, 1998-07-31 00:00:00, 0.0
10.0, 22.5, 225.0, 24.0, 1998-08-01 00:00:00, 0.0
2.0, 26.5, 45.0, 27.0, 1998-08-02 00:00:00, 0.0
0.0, 24.5, 45.0, 41.0, 1998-08-03 00:00:00, 0.0
7.0, 22.3, 225.0, 33.0, 1998-08-04 00:00:00, 0.0
14.0, 14.1, 225.0, 100.0, 1998-08-05 00:00:00, 5.8
12.0, 16.4, 225.0, 50.0, 1998-08-06 00:00:00, 0.5
4.0, 17.6, 270.0, 54.0, 1998-08-07 00:00:00, 0.2
1.0, 15.9, 225.0, 62.0, 1998-08-08 00:00:00, 0.0
7.0, 17.2, 225.0, 67.0, 1998-08-09 00:00:00, 1.5
2.0, 17.3, 225.0, 57.0, 1998-08-10 00:00:00, 4.8
0.0, 15.6, 0.0, 73.0, 1998-08-11 00:00:00, 0.0
15.0, 19.6, 225.0, 50.0, 1998-08-12 00:00:00, 0.2
13.0, 24.1, 225.0, 49.0, 1998-08-13 00:00:00, 0.0
0.0, 23.5, 90.0, 52.0, 1998-08-14 00:00:00, 0.0
5.0, 15.2, 225.0, 58.0, 1998-08-15 00:00:00, 0.7
6.0, 10.6, 225.0, 96.0, 1998-08-16 00:00:00, 2.5
10.0, 13.6, 225.0, 66.0, 1998-08-17 00:00:00, 0.2
17.0, 17.2, 225.0, 56.0, 1998-08-18 00:00:00, 0.0
2.0, 20.0, 90.0, 48.0, 1998-08-19 00:00:00, 0.0
3.0, 23.6, 225.0, 40.0, 1998-08-20 00:00:00, 0.0
12.0, 22.2, 225.0, 42.0, 1998-08-21 00:00:00, 0.0
12.0, 20.3, 225.0, 27.0, 1998-08-22 00:00:00, 0.0
4.0, 20.9, 225.0, 45.0, 1998-08-23 00:00:00, 0.0
12.0, 16.0, 225.0, 58.0, 1998-08-24 00:00:00, 0.0
1.0, 15.9, 225.0, 70.0, 1998-08-25 00:00:00, 2.2
8.0, 15.3, 225.0, 53.0, 1998-08-26 00:00:00, 0.2
11.0, 18.1, 225.0, 45.0, 1998-08-27 00:00:00, 0.0
10.0, 22.9, 225.0, 43.0, 1998-08-28 00:00:00, 0.0
19.0, 20.5, 225.0, 48.0, 1998-08-29 00:00:00, 0.0
1.0, 20.0, 45.0, 48.0, 1998-08-30 00:00:00, 0.0
1.0, 25.2, 90.0, 37.0, 1998-08-31 00:00:00, 0.0
2.0, 20.7, 90.0, 39.0, 1998-09-01 00:00:00, 0.0
18.0, 17.2, 225.0, 36.0, 1998-09-02 00:00:00, 0.0
1.0, 14.9, 225.0, 53.0, 1998-09-03 00:00:00, 0.0
4.0, 13.4, 45.0, 46.0, 1998-09-04 00:00:00, 0.0
4.0, 17.9, 45.0, 42.0, 1998-09-05 00:00:00, 0.0
0.0, 13.6, 0.0, 83.0, 1998-09-06 00:00:00, 0.0
7.0, 15.1, 225.0, 48.0, 1998-09-07 00:00:00, 1.2
7.0, 14.2, 225.0, 42.0, 1998-09-08 00:00:00, 0.0
7.0, 11.3, 225.0, 52.0, 1998-09-09 00:00:00, 0.0
0.0, 12.7, 270.0, 83.0, 1998-09-10 00:00:00, 4.8
19.0, 16.7, 225.0, 44.0, 1998-09-11 00:00:00, 0.2
12.0, 17.4, 225.0, 56.0, 1998-09-12 00:00:00, 0.0
3.0, 14.5, 225.0, 43.0, 1998-09-13 00:00:00, 1.7
13.0, 15.0, 224.0, 36.0, 1998-09-14 00:00:00, 0.0
4.0, 12.0, 45.0, 51.0, 1998-09-15 00:00:00, 0.0
3.0, 15.9, 45.0, 48.0, 1998-09-16 00:00:00, 1.7
0.0, 11.3, 90.0, 79.0, 1998-09-17 00:00:00, 1.0
18.0, 15.5, 225.0, 61.0, 1998-09-18 00:00:00, 0.0
6.0, 18.3, 225.0, 47.0, 1998-09-19 00:00:00, 0.0
0.0, 19.5, 135.0, 46.0, 1998-09-20 00:00:00, 0.0
9.0, 18.6, 225.0, 40.0, 1998-09-21 00:00:00, 0.0
2.0, 18.3, 45.0, 41.0, 1998-09-22 00:00:00, 0.0
8.0, 16.6, 270.0, 44.0, 1998-09-23 00:00:00, 0.0
9.0, 10.9, 225.0, 95.0, 1998-09-24 00:00:00, 0.7
4.0, 14.0, 90.0, 43.0, 1998-09-25 00:00:00, 0.0
9.0, 20.8, 225.0, 40.0, 1998-09-26 00:00:00, 0.0
19.0, 17.8, 225.0, 41.0, 1998-09-27 00:00:00, 0.0
11.0, 14.9, 225.0, 28.0, 1998-09-28 00:00:00, 0.0
2.0, 13.1, 225.0, 43.0, 1998-09-29 00:00:00, 0.0
