station_observations
wind_speed, temperature, wind_direction, relative_humidity, time, precipitation
10.0, 10.0, 320.0, 35.0, 1991-05-24 00:00:00, 0.0
10.0, 11.3, 320.0, 40.0, 1991-05-25 00:00:00, 0.0
15.0, 13.7, 180.0, 50.0, 1991-05-26 00:00:00, 0.0
10.0, 15.6, 230.0, 35.0, 1991-05-27 00:00:00, 0.0
14.0, 17.2, 180.0, 28.0, 1991-05-28 00:00:00, 0.0
26.0, 15.9, 140.0, 30.0, 1991-05-29 00:00:00, 0.0
15.0, 16.2, 230.0, 42.0, 1991-05-30 00:00:00, 0.0
25.0, 13.7, 180.0, 44.0, 1991-05-31 00:00:00, 0.3
20.0, 8.5, 230.0, 33.0, 1991-06-01 00:00:00, 0.3
25.0, 10.9, 180.0, 42.0, 1991-06-02 00:00:00, 0.0
15.0, 3.7, 180.0, 97.0, 1991-06-03 00:00:00, 12.7
10.0, 3.3, 180.0, 99.0, 1991-06-04 00:00:00, 3.3
5.0, 12.6, 320.0, 61.0, 1991-06-05 00:00:00, 0.0
17.0, 19.0, 230.0, 27.0, 1991-06-06 00:00:00, 0.0
9.0, 14.7, 270.0, 59.0, 1991-06-07 00:00:00, 0.0
6.0, 7.8, 140.0, 64.0, 1991-06-08 00:00:00, 2.5
13.0, 11.7, 180.0, 73.0, 1991-06-09 00:00:00, 0.0
14.0, 12.1, 90.0, 97.0, 1991-06-10 00:00:00, 7.9
15.0, 7.1, 230.0, 76.0, 1991-06-11 00:00:00, 5.1
13.0, 9.7, 180.0, 59.0, 1991-06-12 00:00:00, 0.3
16.0, 7.4, 180.0, 73.0, 1991-06-13 00:00:00, 0.0
15.0, 6.8, 230.0, 97.0, 1991-06-14 00:00:00, 19.3
13.0, 6.4, 230.0, 98.0, 1991-06-15 00:00:00, 4.6
13.0, 8.5, 230.0, 92.0, 1991-06-16 00:00:00, 2.8
11.0, 8.0, 230.0, 98.0, 1991-06-17 00:00:00, 3.3
12.0, 10.9, 230.0, 93.0, 1991-06-18 00:00:00, 0.8
18.0, 15.4, 0.0, 56.0, 1991-06-19 00:00:00, 3.8
0.0, 19.7, 0.0, 34.0, 1991-06-20 00:00:00, 0.0
11.0, 16.1, 0.0, 57.0, 1991-06-21 00:00:00, 0.0
15.0, 15.0, 180.0, 76.0, 1991-06-22 00:00:00, 0.0
10.0, 14.7, 0.0, 77.0, 1991-06-23 00:00:00, 10.9
14.0, 17.4, 50.0, 50.0, 1991-06-24 00:00:00, 0.5
18.0, 16.5, 320.0, 58.0, 1991-06-25 00:00:00, 0.0
7.0, 13.6, 140.0, 84.0, 1991-06-26 00:00:00, 7.4
8.0, 16.6, 180.0, 69.0, 1991-06-27 00:00:00, 0.8
14.0, 18.8, 180.0, 65.0, 1991-06-28 00:00:00, 1.5
14.0, 20.4, 230.0, 50.0, 1991-06-29 00:00:00, 0.3
8.0, 11.4, 50.0, 93.0, 1991-06-30 00:00:00, 17.3
11.0, 17.5, 180.0, 56.0, 1991-07-01 00:00:00, 0.3
23.0, 20.5, 180.0, 48.0, 1991-07-02 00:00:00, 0.0
16.0, 17.8, 320.0, 56.0, 1991-07-03 00:00:00, 0.0
16.0, 16.0, 270.0, 50.0, 1991-07-04 00:00:00, 0.0
22.0, 9.7, 230.0, 65.0, 1991-07-05 00:00:00, 0.0
12.0, 15.7, 270.0, 66.0, 1991-07-06 00:00:00, 0.0
15.0, 17.8, 180.0, 56.0, 1991-07-07 00:00:00, 0.0
17.0, 20.6, 180.0, 42.0, 1991-07-08 00:00:00, 0.0
7.0, 19.6, 230.0, 33.0, 1991-07-09 00:00:00, 0.0
18.0, 22.2, 180.0, 28.0, 1991-07-10 00:00:00, 0.0
15.0, 18.0, 180.0, 61.0, 1991-07-11 00:00:00, 0.0
12.0, 15.4, 180.0, 79.0, 1991-07-12 00:00:00, 0.0
12.0, 10.8, 180.0, 97.0, 1991-07-13 00:00:00, 0.0
13.0, 12.1, 180.0, 74.0, 1991-07-14 00:00:00, 0.0
15.0, 10.4, 140.0, 95.0, 1991-07-15 00:00:00, 0.0
4.0, 13.1, 90.0, 91.0, 1991-07-16 00:00:00, 0.0
13.0, 11.0, 180.0, 89.0, 1991-07-17 00:00:00, 2.8
15.0, 13.7, 180.0, 63.0, 1991-07-18 00:00:00, 1.3
17.0, 11.4, 270.0, 69.0, 1991-07-19 00:00:00, 0.3
19.0, 14.9, 180.0, 47.0, 1991-07-20 00:00:00, 0.0
8.0, 12.9, 90.0, 92.0, 1991-07-21 00:00:00, 5.8
13.0, 20.8, 180.0, 45.0, 1991-07-22 00:00:00, 0.0
9.0, 28.0, 270.0, 35.0, 1991-07-23 00:00:00, 0.0
0.0, 0.0, 0.0, 0.0, 1992-05-04 00:00:00, 0.0
3.0, 13.0, 0.0, 44.0, 1992-05-05 00:00:00, 2.5
12.0, 11.8, 90.0, 40.0, 1992-05-06 00:00:00, 0.0
10.0, 13.4, 0.0, 29.0, 1992-05-07 00:00:00, 0.0
13.0, 7.7, 0.0, 42.0, 1992-05-08 00:00:00, 0.0
7.0, 1.6, 320.0, 81.0, 1992-05-09 00:00:00, 0.0
19.0, 0.7, 50.0, 89.0, 1992-05-10 00:00:00, 9.1
14.0, 3.1, 140.0, 75.0, 1992-05-11 00:00:00, 14.2
9.0, 6.8, 140.0, 33.0, 1992-05-12 00:00:00, 0.0
15.0, 9.4, 320.0, 37.0, 1992-05-13 00:00:00, 0.0
7.0, 9.8, 140.0, 46.0, 1992-05-14 00:00:00, 0.0
12.0, 9.5, 180.0, 34.0, 1992-05-15 00:00:00, 0.0
16.0, 13.1, 0.0, 33.0, 1992-05-16 00:00:00, 0.0
12.0, 14.7, 0.0, 29.0, 1992-05-17 00:00:00, 0.0
12.0, 14.7, 0.0, 29.0, 1992-05-18 00:00:00, 0.0
12.0, 14.7, 0.0, 29.0, 1992-05-19 00:00:00, 0.0
12.0, 14.7, 0.0, 29.0, 1992-05-20 00:00:00, 0.0
12.0, 14.7, 0.0, 29.0, 1992-05-21 00:00:00, 0.0
6.0, 10.0, 180.0, 25.0, 1992-05-22 00:00:00, 0.0
6.0, 10.0, 180.0, 25.0, 1992-05-23 00:00:00, 0.0
6.0, 10.0, 180.0, 25.0, 1992-05-24 00:00:00, 0.0
6.0, 10.0, 180.0, 25.0, 1992-05-25 00:00:00, 0.0
9.0, 10.7, 50.0, 71.0, 1992-05-26 00:00:00, 2.5
15.0, 10.5, 0.0, 57.0, 1992-05-27 00:00:00, 0.3
10.0, 13.7, 50.0, 56.0, 1992-05-28 00:00:00, 0.3
5.0, 8.0, 320.0, 86.0, 1992-05-29 00:00:00, 11.4
10.0, 14.5, 50.0, 54.0, 1992-05-30 00:00:00, 0.0
11.0, 17.0, 0.0, 42.0, 1992-05-31 00:00:00, 0.0
9.0, 14.8, 50.0, 51.0, 1992-06-01 00:00:00, 0.2
10.0, 5.8, 50.0, 89.0, 1992-06-02 00:00:00, 13.2
7.0, 10.5, 50.0, 53.0, 1992-06-03 00:00:00, 3.5
14.0, 13.5, 90.0, 52.0, 1992-06-04 00:00:00, 0.0
11.0, 15.1, 0.0, 43.0, 1992-06-05 00:00:00, 0.0
14.0, 17.5, 50.0, 35.0, 1992-06-06 00:00:00, 0.0
12.0, 13.8, 0.0, 56.0, 1992-06-07 00:00:00, 0.2
10.0, 15.1, 50.0, 53.0, 1992-06-08 00:00:00, 1.0
17.0, 7.1, 0.0, 90.0, 1992-06-09 00:00:00, 2.5
11.0, 13.2, 180.0, 70.0, 1992-06-10 00:00:00, 4.3
3.0, 19.7, 230.0, 43.0, 1992-06-11 00:00:00, 0.2
9.0, 19.4, 50.0, 56.0, 1992-06-12 00:00:00, 0.0
9.0, 21.4, 320.0, 54.0, 1992-06-13 00:00:00, 0.0
5.0, 19.9, 0.0, 57.0, 1992-06-14 00:00:00, 0.2
1.0, 17.6, 90.0, 60.0, 1992-06-15 00:00:00, 0.0
16.0, 13.1, 0.0, 33.0, 1992-06-16 00:00:00, 0.0
12.0, 14.2, 50.0, 47.0, 1992-06-17 00:00:00, 0.0
12.0, 19.0, 50.0, 35.0, 1992-06-18 00:00:00, 0.0
6.0, 14.9, 0.0, 68.0, 1992-06-19 00:00:00, 0.0
9.0, 17.3, 90.0, 60.0, 1992-06-20 00:00:00, 3.3
13.0, 18.4, 50.0, 60.0, 1992-06-21 00:00:00, 0.0
11.0, 21.6, 50.0, 35.0, 1992-06-22 00:00:00, 0.0
10.0, 19.2, 0.0, 35.0, 1992-06-23 00:00:00, 0.0
2.0, 23.0, 50.0, 30.0, 1992-06-24 00:00:00, 0.0
9.0, 26.6, 50.0, 31.0, 1992-06-25 00:00:00, 0.0
12.0, 26.1, 50.0, 28.0, 1992-06-26 00:00:00, 0.0
3.0, 19.5, 320.0, 48.0, 1992-06-27 00:00:00, 0.0
11.0, 25.4, 320.0, 38.0, 1992-06-28 00:00:00, 0.0
17.0, 21.6, 180.0, 50.0, 1992-06-29 00:00:00, 5.0
12.0, 18.1, 90.0, 68.0, 1992-06-30 00:00:00, 8.3
14.0, 17.3, 140.0, 41.0, 1992-07-01 00:00:00, 0.0
8.0, 11.1, 230.0, 72.0, 1992-07-02 00:00:00, 3.3
20.0, 13.3, 180.0, 68.0, 1992-07-03 00:00:00, 5.8
3.0, 14.9, 270.0, 76.0, 1992-07-04 00:00:00, 4.0
13.0, 18.7, 90.0, 63.0, 1992-07-05 00:00:00, 0.0
14.0, 17.5, 50.0, 35.0, 1992-07-06 00:00:00, 0.0
15.0, 14.8, 50.0, 58.0, 1992-07-07 00:00:00, 0.5
10.0, 12.5, 90.0, 67.0, 1992-07-08 00:00:00, 0.0
10.0, 16.0, 140.0, 61.0, 1992-07-09 00:00:00, 1.0
2.0, 16.9, 180.0, 52.0, 1992-07-10 00:00:00, 0.2
11.0, 18.6, 0.0, 57.0, 1992-07-11 00:00:00, 0.5
7.0, 14.0, 0.0, 87.0, 1992-07-12 00:00:00, 2.0
15.0, 9.9, 50.0, 79.0, 1992-07-13 00:00:00, 6.6
9.0, 10.3, 0.0, 75.0, 1992-07-14 00:00:00, 4.0
10.0, 15.2, 0.0, 59.0, 1992-07-15 00:00:00, 0.2
11.0, 22.7, 50.0, 38.0, 1992-07-16 00:00:00, 0.0
9.0, 14.1, 50.0, 47.0, 1992-07-17 00:00:00, 0.0
8.0, 19.6, 90.0, 41.0, 1992-07-18 00:00:00, 0.0
12.0, 21.1, 50.0, 44.0, 1992-07-19 00:00:00, 0.0
12.0, 22.3, 50.0, 34.0, 1992-07-20 00:00:00, 0.0
7.0, 20.0, 0.0, 52.0, 1992-07-21 00:00:00, 1.5
11.0, 19.5, 50.0, 51.0, 1992-07-22 00:00:00, 0.2
9.0, 21.5, 140.0, 29.0, 1992-07-23 00:00:00, 0.2
12.0, 21.3, 50.0, 40.0, 1992-07-24 00:00:00, 0.0
8.0, 19.9, 0.0, 40.0, 1992-07-25 00:00:00, 0.0
10.0, 13.2, 50.0, 59.0, 1992-07-26 00:00:00, 1.0
3.0, 19.5, 320.0, 48.0, 1992-07-27 00:00:00, 0.0
10.0, 15.1, 50.0, 74.0, 1992-07-28 00:00:00, 0.7
10.0, 19.6, 50.0, 47.0, 1992-07-29 00:00:00, 0.0
7.0, 22.1, 50.0, 32.0, 1992-07-30 00:00:00, 0.0
8.0, 26.7, 0.0, 25.0, 1992-07-31 00:00:00, 0.5
11.0, 28.5, 50.0, 23.0, 1992-08-01 00:00:00, 0.0
14.0, 22.2, 140.0, 45.0, 1992-08-02 00:00:00, 1.0
13.0, 23.3, 90.0, 36.0, 1992-08-03 00:00:00, 0.0
12.0, 22.6, 50.0, 34.0, 1992-08-04 00:00:00, 0.0
11.0, 21.9, 320.0, 54.0, 1992-08-05 00:00:00, 6.6
8.0, 11.9, 320.0, 92.0, 1992-08-06 00:00:00, 6.3
5.0, 6.4, 0.0, 95.0, 1992-08-07 00:00:00, 24.1
6.0, 10.1, 0.0, 82.0, 1992-08-08 00:00:00, 5.5
6.0, 11.3, 320.0, 70.0, 1992-08-09 00:00:00, 2.0
11.0, 18.2, 0.0, 46.0, 1992-08-10 00:00:00, 0.0
9.0, 25.2, 50.0, 38.0, 1992-08-11 00:00:00, 0.0
7.0, 25.5, 0.0, 39.0, 1992-08-12 00:00:00, 0.0
9.0, 25.7, 0.0, 37.0, 1992-08-13 00:00:00, 0.0
14.0, 21.1, 50.0, 39.0, 1992-08-14 00:00:00, 0.0
8.0, 19.1, 50.0, 38.0, 1992-08-15 00:00:00, 0.0
9.0, 20.0, 90.0, 38.0, 1992-08-16 00:00:00, 0.0
7.0, 24.1, 50.0, 34.0, 1992-08-17 00:00:00, 0.0
11.0, 21.9, 0.0, 42.0, 1992-08-18 00:00:00, 0.0
13.0, 14.0, 0.0, 58.0, 1992-08-19 00:00:00, 2.2
6.0, 16.6, 140.0, 32.0, 1992-08-20 00:00:00, 0.0
20.0, 12.3, 140.0, 48.0, 1992-08-21 00:00:00, 0.0
18.0, 9.5, 180.0, 36.0, 1992-08-22 00:00:00, 0.0
10.0, 12.2, 140.0, 31.0, 1992-08-23 00:00:00, 0.0
14.0, 17.1, 90.0, 36.0, 1992-08-24 00:00:00, 0.2
11.0, 17.6, 50.0, 55.0, 1992-08-25 00:00:00, 0.0
6.0, 14.8, 0.0, 84.0, 1992-08-26 00:00:00, 2.5
9.0, 11.2, 0.0, 55.0, 1992-08-27 00:00:00, 14.9
12.0, 10.2, 50.0, 65.0, 1992-08-28 00:00:00, 0.0
5.0, 13.5, 0.0, 41.0, 1992-08-29 00:00:00, 0.0
9.0, 18.4, 0.0, 46.0, 1992-08-30 00:00:00, 0.0
15.0, 16.6, 0.0, 64.0, 1992-08-31 00:00:00, 0.0
11.0, 13.9, 90.0, 58.0, 1992-09-01 00:00:00, 7.1
10.0, 8.8, 0.0, 62.0, 1992-09-02 00:00:00, 0.0
4.0, 9.8, 0.0, 94.0, 1992-09-03 00:00:00, 5.5
12.0, 3.1, 90.0, 96.0, 1992-09-04 00:00:00, 7.8
9.0, 2.0, 50.0, 98.0, 1992-09-05 00:00:00, 3.0
6.0, 5.8, 50.0, 68.0, 1992-09-06 00:00:00, 0.0
16.0, 2.9, 320.0, 96.0, 1992-09-07 00:00:00, 7.1
7.0, 3.2, 90.0, 91.0, 1992-09-08 00:00:00, 14.9
4.0, 5.9, 180.0, 95.0, 1992-09-09 00:00:00, 7.6
10.0, 8.6, 50.0, 90.0, 1992-09-10 00:00:00, 3.3
5.0, 10.7, 50.0, 53.0, 1992-09-11 00:00:00, 2.2
15.0, 3.4, 50.0, 68.0, 1992-09-12 00:00:00, 0.7
12.0, 1.5, 90.0, 83.0, 1992-09-13 00:00:00, 1.0
7.0, 1.9, 50.0, 74.0, 1992-09-14 00:00:00, 0.5
6.0, 4.7, 320.0, 55.0, 1992-09-15 00:00:00, 0.0
10.0, 2.2, 0.0, 86.0, 1992-09-16 00:00:00, 4.3
1.0, 4.1, 320.0, 86.0, 1992-09-17 00:00:00, 9.6
11.0, 7.0, 0.0, 87.0, 1992-09-18 00:00:00, 9.1
3.0, 7.9, 50.0, 93.0, 1992-09-19 00:00:00, 4.8
16.0, 11.2, 50.0, 68.0, 1992-09-20 00:00:00, 12.6
3.0, 7.6, 50.0, 93.0, 1992-09-21 00:00:00, 5.0
7.0, 14.9, 0.0, 64.0, 1992-09-22 00:00:00, 0.2
7.0, 13.9, 320.0, 66.0, 1992-09-23 00:00:00, 0.0
13.0, 6.1, 50.0, 95.0, 1992-09-24 00:00:00, 19.5
13.0, 2.4, 50.0, 92.0, 1992-09-25 00:00:00, 10.1
19.0, 2.2, 50.0, 96.0, 1992-09-26 00:00:00, 8.1
5.0, 5.1, 270.0, 85.0, 1992-09-27 00:00:00, 7.3
14.0, 11.4, 320.0, 50.0, 1992-09-28 00:00:00, 0.0
19.0, 18.2, 320.0, 33.0, 1992-09-29 00:00:00, 0.0
10.0, 17.2, 0.0, 40.0, 1992-09-30 00:00:00, 0.0
8.0, 20.0, 50.0, 45.0, 1992-10-01 00:00:00, 0.0
9.0, 21.6, 0.0, 39.0, 1992-10-02 00:00:00, 0.0
7.0, 12.1, 0.0, 82.0, 1992-10-03 00:00:00, 1.2
6.0, 5.1, 50.0, 69.0, 1992-10-04 00:00:00, 9.1
16.0, 6.4, 90.0, 62.0, 1992-10-05 00:00:00, 0.0
7.0, 6.2, 0.0, 54.0, 1992-10-06 00:00:00, 0.0
6.0, 6.6, 0.0, 34.0, 1992-10-07 00:00:00, 0.0
16.0, 3.6, 50.0, 62.0, 1992-10-08 00:00:00, 1.5
10.0, 20.1, 0.0, 28.0, 1993-05-27 00:00:00, 0.0
11.0, 20.6, 140.0, 36.0, 1993-05-28 00:00:00, 0.0
15.0, 15.9, 90.0, 61.0, 1993-05-29 00:00:00, 1.5
8.0, 15.3, 90.0, 55.0, 1993-05-30 00:00:00, 0.3
2.0, 16.5, 140.0, 60.0, 1993-05-31 00:00:00, 2.5
8.0, 9.0, 140.0, 98.0, 1993-06-01 00:00:00, 17.5
8.0, 12.2, 230.0, 79.0, 1993-06-02 00:00:00, 1.5
10.0, 15.9, 180.0, 69.0, 1993-06-03 00:00:00, 1.0
7.0, 17.0, 320.0, 54.0, 1993-06-04 00:00:00, 2.0
11.0, 20.3, 180.0, 42.0, 1993-06-05 00:00:00, 0.0
16.0, 18.7, 320.0, 42.0, 1993-06-06 00:00:00, 0.3
13.0, 7.7, 230.0, 98.0, 1993-06-07 00:00:00, 8.6
8.0, 10.9, 230.0, 55.0, 1993-06-08 00:00:00, 0.5
11.0, 7.3, 50.0, 91.0, 1993-06-09 00:00:00, 3.3
9.0, 10.2, 140.0, 61.0, 1993-06-10 00:00:00, 16.5
12.0, 9.7, 230.0, 59.0, 1993-06-11 00:00:00, 0.0
7.0, 10.9, 320.0, 67.0, 1993-06-12 00:00:00, 0.0
7.0, 10.1, 320.0, 81.0, 1993-06-13 00:00:00, 2.5
6.0, 14.9, 0.0, 60.0, 1993-06-14 00:00:00, 0.0
5.0, 9.6, 140.0, 99.0, 1993-06-15 00:00:00, 16.8
11.0, 13.7, 180.0, 77.0, 1993-06-16 00:00:00, 3.8
4.0, 12.7, 140.0, 82.0, 1993-06-17 00:00:00, 0.3
11.0, 14.3, 140.0, 72.0, 1993-06-18 00:00:00, 19.8
9.0, 9.7, 140.0, 67.0, 1993-06-19 00:00:00, 5.8
6.0, 14.9, 320.0, 44.0, 1993-06-20 00:00:00, 0.3
10.0, 17.7, 140.0, 44.0, 1993-06-21 00:00:00, 0.0
17.0, 6.6, 180.0, 81.0, 1993-06-22 00:00:00, 23.4
18.0, 5.0, 230.0, 99.0, 1993-06-23 00:00:00, 21.6
8.0, 13.4, 180.0, 62.0, 1993-06-24 00:00:00, 0.3
7.0, 13.2, 180.0, 78.0, 1993-06-25 00:00:00, 12.7
11.0, 17.7, 90.0, 60.0, 1993-06-26 00:00:00, 0.0
10.0, 7.6, 140.0, 99.0, 1993-06-27 00:00:00, 19.0
8.0, 5.9, 140.0, 99.0, 1993-06-28 00:00:00, 32.3
4.0, 7.6, 140.0, 97.0, 1993-06-29 00:00:00, 11.9
9.0, 12.1, 230.0, 72.0, 1993-06-30 00:00:00, 0.0
11.0, 14.8, 230.0, 62.0, 1993-07-01 00:00:00, 0.0
13.0, 12.9, 270.0, 77.0, 1993-07-02 00:00:00, 7.6
12.0, 15.8, 230.0, 62.0, 1993-07-03 00:00:00, 0.3
9.0, 11.3, 180.0, 74.0, 1993-07-04 00:00:00, 0.0
9.0, 11.8, 180.0, 70.0, 1993-07-05 00:00:00, 1.5
12.0, 13.4, 230.0, 65.0, 1993-07-06 00:00:00, 0.0
15.0, 13.6, 230.0, 80.0, 1993-07-07 00:00:00, 0.5
12.0, 9.5, 320.0, 95.0, 1993-07-08 00:00:00, 3.0
17.0, 14.5, 320.0, 51.0, 1993-07-09 00:00:00, 0.3
13.0, 15.5, 180.0, 51.0, 1993-07-10 00:00:00, 0.0
20.0, 16.3, 320.0, 49.0, 1993-07-11 00:00:00, 0.0
12.0, 14.2, 320.0, 53.0, 1993-07-12 00:00:00, 0.3
13.0, 12.4, 180.0, 69.0, 1993-07-13 00:00:00, 2.0
4.0, 14.7, 50.0, 53.0, 1993-07-14 00:00:00, 0.0
10.0, 11.9, 230.0, 80.0, 1993-07-15 00:00:00, 0.3
9.0, 12.6, 180.0, 89.0, 1993-07-16 00:00:00, 4.3
8.0, 14.3, 230.0, 68.0, 1993-07-17 00:00:00, 2.3
10.0, 22.0, 90.0, 53.0, 1993-07-18 00:00:00, 0.0
18.0, 14.7, 0.0, 60.0, 1993-07-19 00:00:00, 0.0
10.0, 17.5, 230.0, 67.0, 1993-07-20 00:00:00, 3.3
12.0, 16.2, 180.0, 72.0, 1993-07-21 00:00:00, 1.0
11.0, 16.4, 50.0, 55.0, 1993-07-22 00:00:00, 1.0
6.0, 13.1, 270.0, 82.0, 1993-07-23 00:00:00, 4.1
9.0, 12.2, 180.0, 82.0, 1993-07-24 00:00:00, 4.1
13.0, 13.4, 230.0, 85.0, 1993-07-25 00:00:00, 0.5
15.0, 19.1, 180.0, 57.0, 1993-07-26 00:00:00, 0.0
10.0, 18.4, 140.0, 62.0, 1993-07-27 00:00:00, 0.0
7.0, 17.7, 140.0, 63.0, 1993-07-28 00:00:00, 1.8
7.0, 11.2, 0.0, 91.0, 1993-07-29 00:00:00, 5.3
11.0, 5.7, 230.0, 94.0, 1993-07-30 00:00:00, 8.9
9.0, 13.1, 180.0, 71.0, 1993-07-31 00:00:00, 1.0
10.0, 15.6, 230.0, 65.0, 1993-08-01 00:00:00, 0.0
8.0, 18.8, 320.0, 53.0, 1993-08-02 00:00:00, 0.0
8.0, 22.3, 270.0, 52.0, 1993-08-03 00:00:00, 0.0
11.0, 24.5, 230.0, 47.0, 1993-08-04 00:00:00, 0.0
7.0, 24.4, 90.0, 44.0, 1993-08-05 00:00:00, 0.3
12.0, 18.8, 230.0, 44.0, 1993-08-06 00:00:00, 0.0
8.0, 16.7, 230.0, 62.0, 1993-08-07 00:00:00, 1.0
16.0, 15.6, 180.0, 67.0, 1993-08-08 00:00:00, 0.0
7.0, 10.4, 140.0, 94.0, 1993-08-09 00:00:00, 7.9
16.0, 12.3, 230.0, 69.0, 1993-08-10 00:00:00, 0.0
12.0, 15.3, 140.0, 49.0, 1993-08-11 00:00:00, 0.0
3.0, 12.9, 140.0, 67.0, 1993-08-12 00:00:00, 0.0
13.0, 14.1, 180.0, 64.0, 1993-08-13 00:00:00, 0.5
10.0, 14.0, 180.0, 76.0, 1993-08-14 00:00:00, 0.0
13.0, 19.4, 0.0, 44.0, 1993-08-15 00:00:00, 3.8
9.0, 21.4, 320.0, 33.0, 1993-08-16 00:00:00, 0.0
13.0, 22.0, 230.0, 41.0, 1993-08-17 00:00:00, 0.0
10.0, 22.0, 90.0, 53.0, 1993-08-18 00:00:00, 0.0
11.0, 22.6, 180.0, 54.0, 1993-08-19 00:00:00, 0.0
11.0, 23.8, 180.0, 47.0, 1993-08-20 00:00:00, 0.0
5.0, 16.6, 90.0, 60.0, 1993-08-21 00:00:00, 0.0
5.0, 13.1, 140.0, 82.0, 1993-08-22 00:00:00, 1.3
11.0, 7.6, 180.0, 99.0, 1993-08-23 00:00:00, 12.7
5.0, 4.4, 140.0, 99.0, 1993-08-24 00:00:00, 16.8
6.0, 8.6, 230.0, 96.0, 1993-08-25 00:00:00, 3.6
9.0, 13.1, 140.0, 77.0, 1993-08-26 00:00:00, 0.0
10.0, 8.1, 230.0, 88.0, 1993-08-27 00:00:00, 4.3
9.0, 9.5, 230.0, 84.0, 1993-08-28 00:00:00, 0.5
7.0, 13.0, 230.0, 69.0, 1993-08-29 00:00:00, 0.0
13.0, 15.5, 180.0, 50.0, 1993-08-30 00:00:00, 0.0
9.0, 13.7, 230.0, 71.0, 1993-08-31 00:00:00, 0.0
12.0, 17.1, 230.0, 62.0, 1993-09-01 00:00:00, 0.0
10.0, 20.4, 180.0, 51.0, 1993-09-02 00:00:00, 0.0
10.0, 19.1, 180.0, 45.0, 1993-09-03 00:00:00, 0.0
7.0, 18.7, 320.0, 44.0, 1993-09-04 00:00:00, 0.0
12.0, 18.5, 230.0, 47.0, 1993-09-05 00:00:00, 0.0
5.0, 20.4, 0.0, 34.0, 1993-09-06 00:00:00, 0.0
9.0, 21.5, 180.0, 36.0, 1993-09-07 00:00:00, 0.0
12.0, 18.0, 230.0, 36.0, 1993-09-08 00:00:00, 0.0
10.0, 19.8, 140.0, 36.0, 1993-09-09 00:00:00, 0.0
12.0, 18.4, 180.0, 33.0, 1993-09-10 00:00:00, 0.0
16.0, 4.2, 180.0, 98.0, 1993-09-11 00:00:00, 14.2
8.0, 9.4, 320.0, 67.0, 1993-09-12 00:00:00, 4.3
11.0, 12.6, 90.0, 57.0, 1993-09-13 00:00:00, 0.0
7.0, 7.3, 230.0, 97.0, 1993-09-14 00:00:00, 9.1
13.0, 16.7, 320.0, 44.0, 1993-09-15 00:00:00, 0.0
12.0, 12.0, 180.0, 49.0, 1993-09-16 00:00:00, 0.0
10.0, 15.5, 180.0, 42.0, 1993-09-17 00:00:00, 0.0
13.0, 9.4, 230.0, 60.0, 1993-09-18 00:00:00, 0.0
11.0, 6.2, 230.0, 54.0, 1993-09-19 00:00:00, 0.0
7.0, 8.7, 270.0, 44.0, 1993-09-20 00:00:00, 0.0
10.0, 9.8, 180.0, 39.0, 1993-09-21 00:00:00, 0.0
9.0, 10.2, 270.0, 57.0, 1993-09-22 00:00:00, 0.0
3.0, 7.6, 140.0, 93.0, 1994-06-04 00:00:00, 0.0
7.0, 12.7, 0.0, 69.0, 1994-06-05 00:00:00, 0.0
5.0, 8.8, 90.0, 95.0, 1994-06-06 00:00:00, 2.3
6.0, 7.0, 50.0, 99.0, 1994-06-07 00:00:00, 1.8
7.0, 8.6, 0.0, 85.0, 1994-06-08 00:00:00, 1.8
16.0, 10.7, 50.0, 67.0, 1994-06-09 00:00:00, 0.0
12.0, 14.1, 50.0, 61.0, 1994-06-10 00:00:00, 0.0
9.0, 14.2, 50.0, 62.0, 1994-06-11 00:00:00, 0.0
9.0, 14.1, 50.0, 69.0, 1994-06-12 00:00:00, 0.0
5.0, 9.4, 270.0, 79.0, 1994-06-13 00:00:00, 1.5
14.0, 6.0, 230.0, 89.0, 1994-06-14 00:00:00, 0.0
11.0, 11.7, 90.0, 59.0, 1994-06-15 00:00:00, 0.0
8.0, 11.1, 90.0, 66.0, 1994-06-16 00:00:00, 0.0
4.0, 11.2, 50.0, 71.0, 1994-06-17 00:00:00, 0.0
6.0, 13.2, 90.0, 65.0, 1994-06-18 00:00:00, 0.0
9.0, 11.6, 0.0, 70.0, 1994-06-19 00:00:00, 0.0
16.0, 15.9, 90.0, 56.0, 1994-06-20 00:00:00, 0.0
6.0, 19.1, 90.0, 38.0, 1994-06-21 00:00:00, 0.0
10.0, 21.4, 140.0, 40.0, 1994-06-22 00:00:00, 0.0
9.0, 23.3, 0.0, 40.0, 1994-06-23 00:00:00, 0.0
9.0, 18.0, 50.0, 65.0, 1994-06-24 00:00:00, 0.0
10.0, 18.7, 50.0, 59.0, 1994-06-25 00:00:00, 0.0
14.0, 15.3, 90.0, 58.0, 1994-06-26 00:00:00, 0.0
7.0, 15.4, 90.0, 47.0, 1994-06-27 00:00:00, 0.0
9.0, 11.2, 90.0, 70.0, 1994-06-28 00:00:00, 0.0
11.0, 10.9, 50.0, 78.0, 1994-06-29 00:00:00, 6.3
8.0, 9.8, 0.0, 96.0, 1994-06-30 00:00:00, 6.6
1.0, 7.5, 50.0, 99.0, 1994-07-01 00:00:00, 26.7
20.0, 5.9, 90.0, 99.0, 1994-07-02 00:00:00, 14.5
17.0, 6.3, 90.0, 99.0, 1994-07-03 00:00:00, 19.8
9.0, 8.1, 140.0, 96.0, 1994-07-04 00:00:00, 0.0
6.0, 14.6, 50.0, 70.0, 1994-07-05 00:00:00, 0.0
6.0, 15.7, 50.0, 67.0, 1994-07-06 00:00:00, 0.0
11.0, 18.0, 50.0, 64.0, 1994-07-07 00:00:00, 0.0
13.0, 13.2, 90.0, 64.0, 1994-07-08 00:00:00, 0.0
8.0, 12.7, 90.0, 60.0, 1994-07-09 00:00:00, 0.0
10.0, 15.1, 50.0, 62.0, 1994-07-10 00:00:00, 0.0
11.0, 13.8, 90.0, 71.0, 1994-07-11 00:00:00, 0.0
10.0, 18.4, 230.0, 53.0, 1994-07-12 00:00:00, 0.0
12.0, 20.4, 90.0, 49.0, 1994-07-13 00:00:00, 0.0
12.0, 20.8, 140.0, 59.0, 1994-07-14 00:00:00, 0.0
4.0, 20.4, 90.0, 60.0, 1994-07-15 00:00:00, 0.0
11.0, 22.6, 50.0, 55.0, 1994-07-16 00:00:00, 0.0
4.0, 13.5, 0.0, 83.0, 1994-07-17 00:00:00, 0.0
9.0, 12.7, 90.0, 95.0, 1994-07-18 00:00:00, 3.0
8.0, 17.8, 90.0, 65.0, 1994-07-19 00:00:00, 0.0
10.0, 24.8, 50.0, 46.0, 1994-07-20 00:00:00, 0.0
11.0, 22.2, 140.0, 45.0, 1994-07-21 00:00:00, 0.0
10.0, 24.8, 140.0, 27.0, 1994-07-22 00:00:00, 0.0
9.0, 27.8, 140.0, 27.0, 1994-07-23 00:00:00, 0.0
4.0, 26.9, 270.0, 30.0, 1994-07-24 00:00:00, 0.0
3.0, 23.9, 140.0, 50.0, 1994-07-25 00:00:00, 0.0
17.0, 18.0, 90.0, 79.0, 1994-07-26 00:00:00, 0.0
6.0, 22.2, 180.0, 52.0, 1994-07-27 00:00:00, 0.0
12.0, 25.7, 0.0, 38.0, 1994-07-28 00:00:00, 0.0
7.0, 24.0, 0.0, 35.0, 1994-07-29 00:00:00, 0.0
12.0, 18.4, 90.0, 52.0, 1994-07-30 00:00:00, 0.0
8.0, 17.9, 50.0, 54.0, 1994-07-31 00:00:00, 0.0
6.0, 24.5, 320.0, 45.0, 1994-08-01 00:00:00, 0.0
8.0, 26.8, 0.0, 35.0, 1994-08-02 00:00:00, 0.0
7.0, 27.4, 90.0, 40.0, 1994-08-03 00:00:00, 0.0
8.0, 23.4, 0.0, 57.0, 1994-08-04 00:00:00, 0.0
0.0, 13.4, 320.0, 94.0, 1994-08-05 00:00:00, 0.0
16.0, 13.9, 140.0, 71.0, 1994-08-06 00:00:00, 0.0
11.0, 18.0, 230.0, 69.0, 1994-08-07 00:00:00, 0.0
17.0, 20.6, 230.0, 52.0, 1994-08-08 00:00:00, 0.0
