station_observations
wind_speed, temperature, wind_direction, relative_humidity, time, precipitation
0.0, 0.0, 0.0, 0.0, 1994-05-25 00:00:00, 0.0
0.0, 0.0, 0.0, 0.0, 1994-05-26 00:00:00, 0.0
20.0, 8.8, 50.0, 64.0, 1994-05-27 00:00:00, 5.8
17.0, 9.8, 230.0, 46.0, 1994-05-28 00:00:00, 0.0
14.0, 8.9, 50.0, 76.0, 1994-05-29 00:00:00, 1.3
8.0, 11.1, 270.0, 48.0, 1994-05-30 00:00:00, 2.3
7.0, 18.9, 230.0, 29.0, 1994-05-31 00:00:00, 0.0
12.0, 14.5, 50.0, 53.0, 1994-06-01 00:00:00, 0.0
7.0, 17.4, 50.0, 29.0, 1994-06-02 00:00:00, 0.0
8.0, 21.4, 90.0, 28.0, 1994-06-03 00:00:00, 0.0
5.0, 16.3, 50.0, 45.0, 1994-06-04 00:00:00, 0.0
8.0, 15.2, 50.0, 67.0, 1994-06-05 00:00:00, 11.9
8.0, 15.2, 50.0, 67.0, 1994-06-06 00:00:00, 0.0
3.0, 10.4, 270.0, 82.0, 1994-06-07 00:00:00, 8.4
5.0, 7.7, 50.0, 97.0, 1994-06-08 00:00:00, 11.2
10.0, 14.0, 0.0, 69.0, 1994-06-09 00:00:00, 1.8
7.0, 18.1, 270.0, 47.0, 1994-06-10 00:00:00, 1.5
6.0, 12.7, 50.0, 79.0, 1994-06-11 00:00:00, 0.0
8.0, 14.8, 50.0, 76.0, 1994-06-12 00:00:00, 0.3
2.0, 9.7, 0.0, 89.0, 1994-06-13 00:00:00, 6.9
8.0, 7.4, 50.0, 90.0, 1994-06-14 00:00:00, 4.8
9.0, 11.1, 50.0, 59.0, 1994-06-15 00:00:00, 1.5
10.0, 13.7, 0.0, 45.0, 1994-06-16 00:00:00, 0.0
7.0, 14.7, 50.0, 57.0, 1994-06-17 00:00:00, 4.8
9.0, 17.2, 230.0, 42.0, 1994-06-18 00:00:00, 0.5
1.0, 11.0, 90.0, 82.0, 1994-06-19 00:00:00, 7.3
17.0, 19.1, 230.0, 40.0, 1994-06-20 00:00:00, 0.0
6.0, 22.3, 50.0, 32.0, 1994-06-21 00:00:00, 0.0
3.0, 25.4, 180.0, 26.0, 1994-06-22 00:00:00, 0.0
8.0, 26.7, 50.0, 24.0, 1994-06-23 00:00:00, 0.0
6.0, 13.9, 90.0, 70.0, 1994-06-24 00:00:00, 0.0
6.0, 18.3, 270.0, 53.0, 1994-06-25 00:00:00, 0.0
7.0, 14.3, 50.0, 72.0, 1994-06-26 00:00:00, 0.0
9.0, 19.6, 50.0, 46.0, 1994-06-27 00:00:00, 0.0
5.0, 12.9, 180.0, 90.0, 1994-06-28 00:00:00, 1.7
6.0, 13.8, 90.0, 77.0, 1994-06-29 00:00:00, 3.0
4.0, 12.8, 180.0, 87.0, 1994-06-30 00:00:00, 1.0
14.0, 15.3, 230.0, 70.0, 1994-07-01 00:00:00, 3.0
5.0, 9.5, 230.0, 87.0, 1994-07-02 00:00:00, 9.9
10.0, 10.0, 90.0, 86.0, 1994-07-03 00:00:00, 1.5
9.0, 9.7, 90.0, 95.0, 1994-07-04 00:00:00, 4.3
7.0, 17.2, 50.0, 48.0, 1994-07-05 00:00:00, 0.0
10.0, 19.3, 50.0, 49.0, 1994-07-06 00:00:00, 0.0
9.0, 19.3, 50.0, 61.0, 1994-07-07 00:00:00, 0.0
8.0, 17.1, 50.0, 70.0, 1994-07-08 00:00:00, 7.1
11.0, 20.0, 50.0, 36.0, 1994-07-09 00:00:00, 0.0
4.0, 18.2, 90.0, 44.0, 1994-07-10 00:00:00, 0.0
11.0, 13.4, 50.0, 77.0, 1994-07-11 00:00:00, 0.0
1.0, 20.1, 320.0, 39.0, 1994-07-12 00:00:00, 0.0
10.0, 22.7, 50.0, 33.0, 1994-07-13 00:00:00, 0.0
8.0, 25.4, 90.0, 29.0, 1994-07-14 00:00:00, 0.0
5.0, 22.8, 90.0, 39.0, 1994-07-15 00:00:00, 0.0
9.0, 25.4, 90.0, 39.0, 1994-07-16 00:00:00, 0.0
13.0, 18.4, 90.0, 58.0, 1994-07-17 00:00:00, 2.5
12.0, 16.3, 90.0, 72.0, 1994-07-18 00:00:00, 4.5
13.0, 22.5, 50.0, 41.0, 1994-07-19 00:00:00, 0.7
9.0, 26.5, 90.0, 37.0, 1994-07-20 00:00:00, 0.0
8.0, 28.2, 90.0, 36.0, 1994-07-21 00:00:00, 0.0
9.0, 27.9, 50.0, 32.0, 1994-07-22 00:00:00, 0.0
11.0, 29.5, 50.0, 20.0, 1994-07-23 00:00:00, 0.0
5.0, 24.1, 50.0, 35.0, 1994-07-24 00:00:00, 0.0
10.0, 27.9, 90.0, 39.0, 1994-07-25 00:00:00, 0.0
8.0, 25.9, 50.0, 46.0, 1994-07-26 00:00:00, 0.0
12.0, 25.5, 90.0, 40.0, 1994-07-27 00:00:00, 4.5
6.0, 28.2, 0.0, 33.0, 1994-07-28 00:00:00, 0.0
11.0, 27.1, 0.0, 34.0, 1994-07-29 00:00:00, 0.0
10.0, 22.5, 0.0, 45.0, 1994-07-30 00:00:00, 0.0
11.0, 23.9, 0.0, 38.0, 1994-07-31 00:00:00, 0.0
9.0, 26.1, 0.0, 34.0, 1994-08-01 00:00:00, 0.0
10.0, 28.4, 50.0, 26.0, 1994-08-02 00:00:00, 0.0
5.0, 27.7, 0.0, 37.0, 1994-08-03 00:00:00, 0.0
6.0, 18.4, 50.0, 87.0, 1994-08-04 00:00:00, 17.8
3.0, 22.4, 50.0, 62.0, 1994-08-05 00:00:00, 0.8
7.0, 13.6, 0.0, 81.0, 1994-08-06 00:00:00, 0.5
1.0, 17.1, 50.0, 59.0, 1994-08-07 00:00:00, 0.0
11.0, 17.8, 270.0, 51.0, 1994-08-08 00:00:00, 0.0
3.0, 10.5, 270.0, 90.0, 1994-08-09 00:00:00, 21.8
13.0, 17.0, 0.0, 68.0, 1994-08-10 00:00:00, 0.0
7.0, 20.9, 50.0, 50.0, 1994-08-11 00:00:00, 0.0
8.0, 23.0, 50.0, 44.0, 1994-08-12 00:00:00, 0.0
13.0, 25.9, 50.0, 35.0, 1994-08-13 00:00:00, 0.0
9.0, 27.2, 50.0, 34.0, 1994-08-14 00:00:00, 0.0
12.0, 20.5, 0.0, 52.0, 1994-08-15 00:00:00, 0.0
4.0, 21.0, 320.0, 50.0, 1994-08-16 00:00:00, 0.0
6.0, 10.2, 230.0, 94.0, 1994-08-17 00:00:00, 13.5
11.0, 19.6, 50.0, 61.0, 1994-08-18 00:00:00, 3.3
9.0, 24.4, 50.0, 39.0, 1994-08-19 00:00:00, 0.0
6.0, 21.4, 50.0, 52.0, 1994-08-20 00:00:00, 0.0
7.0, 15.5, 50.0, 73.0, 1994-08-21 00:00:00, 0.8
8.0, 13.3, 0.0, 91.0, 1994-08-22 00:00:00, 5.8
5.0, 10.3, 0.0, 83.0, 1994-08-23 00:00:00, 21.6
6.0, 14.7, 0.0, 63.0, 1994-08-24 00:00:00, 0.3
5.0, 13.7, 230.0, 71.0, 1994-08-25 00:00:00, 0.0
13.0, 14.3, 230.0, 50.0, 1994-08-26 00:00:00, 0.0
12.0, 18.3, 0.0, 51.0, 1994-08-27 00:00:00, 0.0
8.0, 20.7, 0.0, 42.0, 1994-08-28 00:00:00, 0.0
7.0, 21.1, 320.0, 45.0, 1994-08-29 00:00:00, 0.0
4.0, 18.3, 50.0, 56.0, 1994-08-30 00:00:00, 1.8
10.0, 21.1, 0.0, 47.0, 1994-08-31 00:00:00, 0.3
7.0, 17.8, 50.0, 56.0, 1994-09-01 00:00:00, 0.3
