station_observations
wind_speed, temperature, wind_direction, relative_humidity, time, precipitation
0.0, 0.0, 0.0, 0.0, 1989-09-13 00:00:00, 0.0
1.0, 20.5, 270.0, 28.0, 1989-09-14 00:00:00, 0.0
18.0, 15.1, 180.0, 28.0, 1989-09-15 00:00:00, 0.0
8.0, 5.8, 0.0, 84.0, 1989-09-16 00:00:00, 2.0
13.0, 5.4, 0.0, 84.0, 1989-09-17 00:00:00, 2.5
16.0, 11.9, 140.0, 45.0, 1989-09-18 00:00:00, 0.0
10.0, 13.0, 140.0, 52.0, 1989-09-19 00:00:00, 0.0
9.0, 18.0, 140.0, 43.0, 1989-09-20 00:00:00, 0.0
5.0, 18.4, 180.0, 35.0, 1989-09-21 00:00:00, 0.0
16.0, 22.4, 140.0, 21.0, 1989-09-22 00:00:00, 0.0
7.0, 19.1, 0.0, 33.0, 1989-09-23 00:00:00, 0.0
2.0, 19.6, 230.0, 39.0, 1989-09-24 00:00:00, 0.0
10.0, 20.9, 140.0, 26.0, 1989-09-25 00:00:00, 0.0
12.0, 13.3, 140.0, 66.0, 1989-09-26 00:00:00, 0.0
10.0, 18.1, 270.0, 46.0, 1989-09-27 00:00:00, 0.0
8.0, 19.7, 140.0, 37.0, 1989-09-28 00:00:00, 0.0
18.0, 19.9, 180.0, 34.0, 1989-09-29 00:00:00, 0.0
12.0, 8.6, 0.0, 52.0, 1989-09-30 00:00:00, 0.0
12.0, 7.6, 320.0, 54.0, 1989-10-01 00:00:00, 0.3
3.0, 13.0, 270.0, 23.0, 1989-10-02 00:00:00, 0.0
4.0, 16.6, 180.0, 27.0, 1989-10-03 00:00:00, 0.0
12.0, 12.6, 140.0, 55.0, 1989-10-04 00:00:00, 0.0
10.0, 12.7, 0.0, 54.0, 1989-10-05 00:00:00, 0.0
15.0, 16.5, 140.0, 33.0, 1989-10-06 00:00:00, 0.0
14.0, 13.6, 180.0, 42.0, 1989-10-07 00:00:00, 0.0
5.0, 14.3, 180.0, 40.0, 1989-10-08 00:00:00, 0.0
19.0, 13.5, 180.0, 48.0, 1989-10-09 00:00:00, 0.0
21.0, 7.4, 140.0, 52.0, 1989-10-10 00:00:00, 5.8
33.0, 9.4, 140.0, 43.0, 1989-10-11 00:00:00, 0.8
14.0, 7.5, 180.0, 48.0, 1989-10-12 00:00:00, 1.3
12.0, 7.2, 140.0, 48.0, 1989-10-13 00:00:00, 0.0
8.0, 4.9, 270.0, 51.0, 1989-10-14 00:00:00, 0.0
7.0, 5.7, 180.0, 30.0, 1989-10-15 00:00:00, 0.0
10.0, 1.1, 140.0, 23.0, 1989-10-16 00:00:00, 0.0
24.0, 12.9, 140.0, 53.0, 1989-10-17 00:00:00, 0.0
13.0, 8.7, 180.0, 63.0, 1989-10-18 00:00:00, 0.0
22.0, 9.1, 140.0, 51.0, 1989-10-19 00:00:00, 5.1
14.0, 3.5, 180.0, 86.0, 1989-10-20 00:00:00, 0.0
0.0, 0.0, 0.0, 0.0, 1989-10-21 00:00:00, 0.0
0.0, 0.0, 0.0, 0.0, 1989-10-22 00:00:00, 0.0
13.0, 7.6, 140.0, 76.0, 1989-10-23 00:00:00, 0.0
0.0, 18.1, 0.0, 37.0, 1990-06-23 00:00:00, 0.0
0.0, 16.4, 0.0, 42.0, 1990-06-24 00:00:00, 0.0
0.0, 15.7, 0.0, 38.0, 1990-06-25 00:00:00, 0.0
0.0, 13.3, 0.0, 52.0, 1990-06-26 00:00:00, 0.0
0.0, 13.2, 0.0, 45.0, 1990-06-27 00:00:00, 0.0
0.0, 11.9, 0.0, 62.0, 1990-06-28 00:00:00, 0.0
0.0, 11.5, 0.0, 62.0, 1990-06-29 00:00:00, 0.0
42.0, 11.5, 180.0, 64.0, 1990-06-30 00:00:00, 8.9
0.0, 11.2, 0.0, 54.0, 1990-07-01 00:00:00, 0.0
12.0, 3.9, 320.0, 99.0, 1990-07-02 00:00:00, 6.9
4.0, 11.8, 270.0, 66.0, 1990-07-03 00:00:00, 1.5
35.0, 12.0, 140.0, 60.0, 1990-07-04 00:00:00, 0.0
12.0, 10.0, 230.0, 95.0, 1990-07-05 00:00:00, 2.0
0.0, 8.9, 0.0, 99.0, 1990-07-06 00:00:00, 9.4
0.0, 14.7, 0.0, 81.0, 1990-07-07 00:00:00, 10.7
17.0, 18.3, 180.0, 50.0, 1990-07-08 00:00:00, 0.0
7.0, 18.8, 180.0, 39.0, 1990-07-09 00:00:00, 0.0
4.0, 24.4, 230.0, 28.0, 1990-07-10 00:00:00, 0.0
45.0, 23.8, 140.0, 28.0, 1990-07-11 00:00:00, 0.0
43.0, 23.0, 140.0, 33.0, 1990-07-12 00:00:00, 0.0
7.0, 20.8, 180.0, 37.0, 1990-07-13 00:00:00, 0.0
5.0, 23.0, 270.0, 40.0, 1990-07-14 00:00:00, 0.0
7.0, 24.0, 270.0, 45.0, 1990-07-15 00:00:00, 0.0
18.0, 15.7, 320.0, 52.0, 1990-07-16 00:00:00, 0.0
3.0, 17.0, 0.0, 43.0, 1990-07-17 00:00:00, 0.0
29.0, 14.1, 320.0, 61.0, 1990-07-18 00:00:00, 0.0
21.0, 17.1, 320.0, 50.0, 1990-07-19 00:00:00, 0.0
22.0, 19.5, 320.0, 43.0, 1990-07-20 00:00:00, 0.0
8.0, 23.0, 50.0, 35.0, 1990-07-21 00:00:00, 0.0
8.0, 25.0, 90.0, 30.0, 1990-07-22 00:00:00, 0.0
8.0, 15.5, 320.0, 53.0, 1990-07-23 00:00:00, 0.0
15.0, 10.8, 0.0, 99.0, 1990-07-24 00:00:00, 9.7
0.0, 17.3, 0.0, 78.0, 1990-07-25 00:00:00, 8.3
11.0, 21.1, 0.0, 49.0, 1990-07-26 00:00:00, 0.2
15.0, 18.5, 320.0, 47.0, 1990-07-27 00:00:00, 0.0
20.0, 20.9, 320.0, 44.0, 1990-07-28 00:00:00, 0.0
4.0, 24.3, 320.0, 33.0, 1990-07-29 00:00:00, 0.0
24.0, 25.0, 180.0, 29.0, 1990-07-30 00:00:00, 0.0
5.0, 22.4, 180.0, 38.0, 1990-07-31 00:00:00, 0.5
15.0, 19.7, 180.0, 30.0, 1990-08-01 00:00:00, 0.0
20.0, 16.3, 230.0, 49.0, 1990-08-02 00:00:00, 0.0
6.0, 19.7, 180.0, 46.0, 1990-08-03 00:00:00, 0.0
32.0, 22.8, 140.0, 36.0, 1990-08-04 00:00:00, 0.0
45.0, 24.0, 140.0, 30.0, 1990-08-05 00:00:00, 0.0
32.0, 17.6, 140.0, 35.0, 1990-08-06 00:00:00, 0.0
7.0, 17.4, 230.0, 36.0, 1990-08-07 00:00:00, 0.0
6.0, 20.0, 320.0, 36.0, 1990-08-08 00:00:00, 0.0
8.0, 24.3, 320.0, 41.0, 1990-08-09 00:00:00, 0.0
22.0, 24.7, 320.0, 37.0, 1990-08-10 00:00:00, 0.0
18.0, 24.5, 0.0, 40.0, 1990-08-11 00:00:00, 0.0
43.0, 23.7, 140.0, 40.0, 1990-08-12 00:00:00, 0.0
41.0, 20.9, 180.0, 42.0, 1990-08-13 00:00:00, 0.0
30.0, 20.2, 180.0, 29.0, 1990-08-14 00:00:00, 0.0
38.0, 14.7, 180.0, 44.0, 1990-08-15 00:00:00, 0.0
13.0, 15.5, 180.0, 48.0, 1990-08-16 00:00:00, 0.0
0.0, 16.7, 0.0, 63.0, 1990-08-17 00:00:00, 0.0
0.0, 15.0, 0.0, 84.0, 1990-08-18 00:00:00, 0.5
0.0, 19.8, 0.0, 55.0, 1990-08-19 00:00:00, 1.0
4.0, 23.9, 270.0, 34.0, 1990-08-20 00:00:00, 0.0
13.0, 23.2, 320.0, 40.0, 1990-08-21 00:00:00, 0.0
15.0, 16.6, 270.0, 34.0, 1990-08-22 00:00:00, 0.0
16.0, 9.9, 320.0, 65.0, 1990-08-23 00:00:00, 0.3
24.0, 8.5, 320.0, 84.0, 1990-08-24 00:00:00, 0.0
18.0, 10.5, 320.0, 56.0, 1990-08-25 00:00:00, 0.0
18.0, 11.3, 320.0, 56.0, 1990-08-26 00:00:00, 0.0
16.0, 16.2, 230.0, 37.0, 1990-08-27 00:00:00, 0.0
15.0, 18.2, 230.0, 34.0, 1990-08-28 00:00:00, 0.0
10.0, 15.0, 0.0, 58.0, 1990-08-29 00:00:00, 0.0
10.0, 12.8, 0.0, 55.0, 1990-08-30 00:00:00, 0.0
10.0, 13.1, 0.0, 50.0, 1990-08-31 00:00:00, 0.0
10.0, 13.4, 0.0, 48.0, 1990-09-01 00:00:00, 0.0
10.0, 13.9, 0.0, 42.0, 1990-09-02 00:00:00, 0.0
10.0, 14.2, 0.0, 45.0, 1990-09-03 00:00:00, 0.0
10.0, 19.0, 0.0, 26.0, 1990-09-04 00:00:00, 0.0
10.0, 21.5, 0.0, 25.0, 1990-09-05 00:00:00, 0.0
10.0, 21.5, 230.0, 33.0, 1990-09-06 00:00:00, 0.0
13.0, 23.4, 180.0, 18.0, 1990-09-07 00:00:00, 0.0
17.0, 22.4, 320.0, 26.0, 1990-09-08 00:00:00, 0.0
11.0, 20.4, 320.0, 26.0, 1990-09-09 00:00:00, 0.0
4.0, 19.7, 140.0, 35.0, 1990-09-10 00:00:00, 0.0
12.0, 21.1, 180.0, 24.0, 1990-09-11 00:00:00, 0.0
17.0, 15.0, 320.0, 48.0, 1990-09-12 00:00:00, 0.0
7.0, 19.1, 230.0, 30.0, 1990-09-13 00:00:00, 0.0
6.0, 20.8, 320.0, 30.0, 1990-09-14 00:00:00, 0.0
7.0, 18.5, 180.0, 32.0, 1990-09-15 00:00:00, 0.0
11.0, 8.2, 180.0, 99.0, 1990-09-16 00:00:00, 6.9
19.0, 15.3, 230.0, 52.0, 1990-09-17 00:00:00, 0.0
5.0, 13.2, 230.0, 48.0, 1990-09-18 00:00:00, 0.0
4.0, 11.7, 320.0, 60.0, 1990-09-19 00:00:00, 0.7
4.0, 16.3, 0.0, 40.0, 1990-09-20 00:00:00, 0.0
3.0, 18.9, 270.0, 53.0, 1990-09-21 00:00:00, 0.0
8.0, 24.8, 230.0, 21.0, 1990-09-22 00:00:00, 0.0
19.0, 22.6, 140.0, 21.0, 1990-09-23 00:00:00, 0.0
10.0, 21.7, 140.0, 18.0, 1990-09-24 00:00:00, 0.0
25.0, 13.8, 320.0, 59.0, 1990-09-25 00:00:00, 0.0
6.0, 16.6, 320.0, 45.0, 1990-09-26 00:00:00, 0.0
3.0, 16.9, 230.0, 33.0, 1990-09-27 00:00:00, 0.0
12.0, 14.0, 230.0, 40.0, 1990-09-28 00:00:00, 0.0
12.0, 14.0, 230.0, 45.0, 1990-09-29 00:00:00, 0.0
10.0, 15.0, 270.0, 45.0, 1990-09-30 00:00:00, 0.0
25.0, 12.0, 230.0, 50.0, 1990-10-01 00:00:00, 2.0
25.0, 8.0, 230.0, 55.0, 1990-10-02 00:00:00, 2.0
4.0, 14.8, 270.0, 60.0, 1991-07-26 00:00:00, 0.0
16.0, 14.2, 180.0, 56.0, 1991-07-27 00:00:00, 1.5
17.0, 15.9, 180.0, 44.0, 1991-07-28 00:00:00, 0.0
5.0, 16.4, 270.0, 37.0, 1991-07-29 00:00:00, 0.0
7.0, 16.7, 180.0, 36.0, 1991-07-30 00:00:00, 0.0
5.0, 18.3, 230.0, 36.0, 1991-07-31 00:00:00, 0.0
3.0, 20.3, 180.0, 32.0, 1991-08-01 00:00:00, 0.0
7.0, 20.3, 230.0, 41.0, 1991-08-02 00:00:00, 0.0
6.0, 22.2, 180.0, 34.0, 1991-08-03 00:00:00, 0.0
5.0, 21.5, 180.0, 39.0, 1991-08-04 00:00:00, 0.0
6.0, 11.6, 320.0, 92.0, 1991-08-05 00:00:00, 0.0
2.0, 18.3, 320.0, 55.0, 1991-08-06 00:00:00, 0.0
20.0, 15.8, 230.0, 61.0, 1991-08-07 00:00:00, 0.0
27.0, 16.8, 180.0, 69.0, 1991-08-08 00:00:00, 0.3
9.0, 13.4, 180.0, 75.0, 1991-08-09 00:00:00, 4.1
0.0, 11.5, 0.0, 83.0, 1991-08-10 00:00:00, 4.0
5.0, 12.3, 270.0, 83.0, 1991-08-11 00:00:00, 3.0
0.0, 10.4, 0.0, 97.0, 1991-08-12 00:00:00, 9.1
6.0, 16.4, 0.0, 82.0, 1991-08-13 00:00:00, 6.9
0.0, 17.7, 0.0, 77.0, 1991-08-14 00:00:00, 14.5
0.0, 23.2, 0.0, 52.0, 1991-08-15 00:00:00, 0.0
5.0, 24.7, 230.0, 42.0, 1991-08-16 00:00:00, 0.0
9.0, 25.0, 180.0, 46.0, 1991-08-17 00:00:00, 0.0
6.0, 23.6, 180.0, 45.0, 1991-08-18 00:00:00, 0.0
4.0, 21.0, 180.0, 32.0, 1991-08-19 00:00:00, 0.0
6.0, 19.4, 180.0, 49.0, 1991-08-20 00:00:00, 0.0
7.0, 21.9, 230.0, 28.0, 1991-08-21 00:00:00, 0.0
1.0, 18.4, 270.0, 44.0, 1991-08-22 00:00:00, 0.0
0.0, 15.2, 0.0, 60.0, 1991-08-23 00:00:00, 0.0
5.0, 11.2, 320.0, 67.0, 1991-08-24 00:00:00, 0.0
9.0, 14.3, 180.0, 44.0, 1991-08-25 00:00:00, 0.5
29.0, 10.6, 180.0, 64.0, 1991-08-26 00:00:00, 0.0
20.0, 10.2, 140.0, 59.0, 1991-08-27 00:00:00, 0.0
23.0, 7.3, 180.0, 73.0, 1991-08-28 00:00:00, 0.2
27.0, 8.2, 140.0, 82.0, 1991-08-29 00:00:00, 0.5
10.0, 5.8, 0.0, 95.0, 1991-08-30 00:00:00, 47.8
10.0, 12.5, 0.0, 55.0, 1991-08-31 00:00:00, 2.5
10.0, 9.0, 0.0, 58.0, 1991-09-01 00:00:00, 1.0
10.0, 11.0, 180.0, 65.0, 1991-09-02 00:00:00, 0.0
3.0, 17.2, 180.0, 52.0, 1991-09-03 00:00:00, 0.0
3.0, 18.6, 270.0, 46.0, 1991-09-04 00:00:00, 0.0
6.0, 21.5, 230.0, 30.0, 1991-09-05 00:00:00, 0.0
10.0, 17.1, 180.0, 58.0, 1991-09-06 00:00:00, 0.0
10.0, 11.3, 320.0, 64.0, 1991-09-07 00:00:00, 0.0
10.0, 11.7, 320.0, 51.0, 1991-09-08 00:00:00, 0.0
10.0, 14.3, 180.0, 37.0, 1991-09-09 00:00:00, 0.0
10.0, 17.0, 0.0, 40.0, 1991-09-10 00:00:00, 0.0
10.0, 19.0, 180.0, 37.0, 1991-09-11 00:00:00, 0.0
10.0, 12.7, 0.0, 58.0, 1991-09-12 00:00:00, 0.0
10.0, 12.1, 0.0, 46.0, 1991-09-13 00:00:00, 0.0
5.0, 13.2, 180.0, 46.0, 1991-09-14 00:00:00, 0.0
5.0, 16.2, 140.0, 51.0, 1991-09-15 00:00:00, 0.0
13.0, 15.0, 320.0, 79.0, 1991-09-16 00:00:00, 0.3
10.0, 16.3, 0.0, 43.0, 1991-09-17 00:00:00, 0.0
11.0, 21.7, 180.0, 36.0, 1991-09-18 00:00:00, 0.0
11.0, 18.1, 180.0, 39.0, 1991-09-19 00:00:00, 0.0
5.0, 8.9, 320.0, 47.0, 1991-09-20 00:00:00, 0.0
3.0, 9.7, 140.0, 43.0, 1991-09-21 00:00:00, 0.0
9.0, 8.3, 140.0, 59.0, 1991-09-22 00:00:00, 0.0
1.0, 13.9, 140.0, 69.0, 1991-09-23 00:00:00, 0.0
0.0, 18.3, 0.0, 53.0, 1991-09-24 00:00:00, 0.0
3.0, 20.2, 180.0, 34.0, 1991-09-25 00:00:00, 0.0
1.0, 21.9, 230.0, 31.0, 1991-09-26 00:00:00, 0.0
17.0, 22.1, 140.0, 30.0, 1991-09-27 00:00:00, 0.0
10.0, 17.0, 230.0, 40.0, 1991-09-28 00:00:00, 0.0
5.0, 17.0, 230.0, 40.0, 1991-09-29 00:00:00, 0.0
0.0, 18.0, 0.0, 40.0, 1992-07-19 00:00:00, 0.0
5.0, 27.0, 270.0, 27.0, 1992-07-20 00:00:00, 0.0
4.0, 12.2, 270.0, 92.0, 1992-07-21 00:00:00, 14.2
2.0, 16.6, 0.0, 61.0, 1992-07-22 00:00:00, 2.2
5.0, 20.7, 320.0, 38.0, 1992-07-23 00:00:00, 0.0
5.0, 21.5, 270.0, 40.0, 1992-07-24 00:00:00, 0.0
4.0, 19.2, 320.0, 40.0, 1992-07-25 00:00:00, 0.0
8.0, 17.4, 180.0, 41.0, 1992-07-26 00:00:00, 0.0
4.0, 18.4, 230.0, 41.0, 1992-07-27 00:00:00, 0.0
8.0, 20.7, 320.0, 43.0, 1992-07-28 00:00:00, 0.0
5.0, 21.6, 180.0, 40.0, 1992-07-29 00:00:00, 0.0
4.0, 24.5, 180.0, 32.0, 1992-07-30 00:00:00, 0.0
6.0, 26.1, 180.0, 21.0, 1992-07-31 00:00:00, 0.0
5.0, 25.4, 230.0, 26.0, 1992-08-01 00:00:00, 0.0
10.0, 23.2, 320.0, 42.0, 1992-08-02 00:00:00, 0.0
6.0, 21.7, 320.0, 48.0, 1992-08-03 00:00:00, 7.9
8.0, 11.5, 140.0, 95.0, 1992-08-04 00:00:00, 8.6
16.0, 19.0, 180.0, 56.0, 1992-08-05 00:00:00, 0.0
15.0, 13.2, 180.0, 67.0, 1992-08-06 00:00:00, 0.0
13.0, 11.3, 180.0, 53.0, 1992-08-07 00:00:00, 5.6
14.0, 8.8, 180.0, 64.0, 1992-08-08 00:00:00, 0.0
11.0, 13.3, 180.0, 50.0, 1992-08-09 00:00:00, 0.3
3.0, 19.3, 180.0, 49.0, 1992-08-10 00:00:00, 0.0
4.0, 24.0, 180.0, 35.0, 1992-08-11 00:00:00, 0.0
5.0, 25.5, 180.0, 32.0, 1992-08-12 00:00:00, 0.0
4.0, 25.1, 270.0, 34.0, 1992-08-13 00:00:00, 0.0
9.0, 22.6, 180.0, 30.0, 1992-08-14 00:00:00, 0.0
5.0, 21.0, 270.0, 32.0, 1992-08-15 00:00:00, 0.0
4.0, 21.5, 270.0, 37.0, 1992-08-16 00:00:00, 0.0
14.0, 24.9, 180.0, 27.0, 1992-08-17 00:00:00, 0.0
18.0, 22.1, 180.0, 37.0, 1992-08-18 00:00:00, 0.0
11.0, 16.7, 320.0, 40.0, 1992-08-19 00:00:00, 0.0
7.0, 18.4, 270.0, 30.0, 1992-08-20 00:00:00, 0.0
14.0, 16.3, 0.0, 40.0, 1992-08-21 00:00:00, 0.0
15.0, 9.6, 0.0, 29.0, 1992-08-22 00:00:00, 0.0
9.0, 13.1, 320.0, 20.0, 1992-08-23 00:00:00, 0.0
5.0, 18.0, 0.0, 29.0, 1992-08-24 00:00:00, 0.0
5.0, 19.9, 180.0, 32.0, 1992-08-25 00:00:00, 0.0
5.0, 18.7, 140.0, 48.0, 1992-08-26 00:00:00, 0.3
5.0, 17.2, 230.0, 28.0, 1992-08-27 00:00:00, 0.0
11.0, 13.3, 320.0, 37.0, 1992-08-28 00:00:00, 0.0
11.0, 13.4, 180.0, 38.0, 1992-08-29 00:00:00, 0.0
5.0, 11.3, 230.0, 87.0, 1992-08-30 00:00:00, 0.8
7.0, 17.0, 180.0, 39.0, 1992-08-31 00:00:00, 0.0
8.0, 19.0, 270.0, 36.0, 1992-09-01 00:00:00, 0.0
3.0, 16.1, 90.0, 40.0, 1992-09-02 00:00:00, 0.0
3.0, 11.9, 320.0, 80.0, 1992-09-03 00:00:00, 0.3
1.0, 3.4, 0.0, 92.0, 1992-09-04 00:00:00, 2.5
0.0, 4.5, 0.0, 84.0, 1992-09-05 00:00:00, 16.8
3.0, 6.8, 270.0, 62.0, 1992-09-06 00:00:00, 0.3
41.0, 7.1, 140.0, 64.0, 1992-09-07 00:00:00, 0.0
5.0, 11.0, 50.0, 38.0, 1992-09-08 00:00:00, 0.0
12.0, 16.8, 180.0, 43.0, 1992-09-09 00:00:00, 0.0
8.0, 15.8, 180.0, 51.0, 1992-09-10 00:00:00, 0.0
6.0, 13.4, 320.0, 50.0, 1992-09-11 00:00:00, 0.0
4.0, 6.6, 0.0, 58.0, 1992-09-12 00:00:00, 0.0
10.0, 0.5, 0.0, 93.0, 1992-09-13 00:00:00, 3.8
10.0, 2.5, 320.0, 73.0, 1992-09-14 00:00:00, 0.3
4.0, 4.7, 270.0, 38.0, 1992-09-15 00:00:00, 0.0
21.0, 6.6, 180.0, 48.0, 1992-09-16 00:00:00, 0.0
4.0, 10.0, 230.0, 35.0, 1992-09-17 00:00:00, 0.0
13.0, 13.5, 180.0, 53.0, 1992-09-18 00:00:00, 0.0
8.0, 11.1, 180.0, 74.0, 1992-09-19 00:00:00, 0.0
8.0, 18.1, 320.0, 42.0, 1992-09-20 00:00:00, 0.5
9.0, 14.9, 180.0, 56.0, 1992-09-21 00:00:00, 0.0
5.0, 15.1, 230.0, 57.0, 1992-09-22 00:00:00, 0.0
24.0, 13.9, 180.0, 57.0, 1992-09-23 00:00:00, 0.0
5.0, 9.4, 180.0, 66.0, 1992-09-24 00:00:00, 0.8
2.0, 7.5, 230.0, 42.0, 1992-09-25 00:00:00, 0.0
7.0, 7.6, 270.0, 49.0, 1992-09-26 00:00:00, 1.0
9.0, 9.9, 180.0, 35.0, 1992-09-27 00:00:00, 0.0
25.0, 14.7, 180.0, 40.0, 1992-09-28 00:00:00, 0.0
28.0, 18.0, 180.0, 30.0, 1992-09-29 00:00:00, 0.0
