station_observations
wind_speed, temperature, wind_direction, relative_humidity, time, precipitation
0.0, 0.0, 0.0, 0.0, 1990-07-15 00:00:00, 0.0
13.0, 14.8, 320.0, 42.0, 1990-07-16 00:00:00, 0.0
6.0, 15.2, 140.0, 49.0, 1990-07-17 00:00:00, 0.0
3.0, 14.7, 50.0, 55.0, 1990-07-18 00:00:00, 2.0
6.0, 18.5, 90.0, 47.0, 1990-07-19 00:00:00, 0.0
6.0, 21.6, 90.0, 36.0, 1990-07-20 00:00:00, 0.0
6.0, 24.3, 50.0, 29.0, 1990-07-21 00:00:00, 0.0
10.0, 26.0, 50.0, 26.0, 1990-07-22 00:00:00, 0.0
7.0, 17.2, 140.0, 87.0, 1990-07-23 00:00:00, 9.9
7.0, 13.6, 140.0, 99.0, 1990-07-24 00:00:00, 10.1
7.0, 19.9, 140.0, 88.0, 1990-07-25 00:00:00, 8.6
14.0, 22.1, 320.0, 35.0, 1990-07-26 00:00:00, 0.0
14.0, 20.2, 0.0, 37.0, 1990-07-27 00:00:00, 0.0
11.0, 23.0, 140.0, 37.0, 1990-07-28 00:00:00, 0.0
8.0, 25.4, 90.0, 33.0, 1990-07-29 00:00:00, 0.0
5.0, 22.8, 180.0, 47.0, 1990-07-30 00:00:00, 0.0
6.0, 21.5, 270.0, 51.0, 1990-07-31 00:00:00, 1.7
15.0, 19.7, 140.0, 38.0, 1990-08-01 00:00:00, 0.0
23.0, 16.5, 180.0, 56.0, 1990-08-02 00:00:00, 0.0
19.0, 18.8, 180.0, 63.0, 1990-08-03 00:00:00, 0.0
10.0, 23.1, 140.0, 44.0, 1990-08-04 00:00:00, 0.0
9.0, 25.8, 180.0, 28.0, 1990-08-05 00:00:00, 0.0
15.0, 15.8, 180.0, 48.0, 1990-08-06 00:00:00, 0.5
16.0, 17.8, 180.0, 45.0, 1990-08-07 00:00:00, 0.0
8.0, 22.3, 140.0, 38.0, 1990-08-08 00:00:00, 0.0
9.0, 24.4, 140.0, 40.0, 1990-08-09 00:00:00, 0.0
9.0, 26.7, 140.0, 38.0, 1990-08-10 00:00:00, 0.0
5.0, 28.3, 90.0, 33.0, 1990-08-11 00:00:00, 0.0
15.0, 27.0, 180.0, 36.0, 1990-08-12 00:00:00, 0.0
15.0, 25.1, 180.0, 34.0, 1990-08-13 00:00:00, 0.0
9.0, 18.8, 140.0, 47.0, 1990-08-14 00:00:00, 0.0
9.0, 17.0, 180.0, 60.0, 1990-08-15 00:00:00, 0.0
7.0, 18.0, 180.0, 51.0, 1990-08-16 00:00:00, 0.0
3.0, 18.9, 180.0, 61.0, 1990-08-17 00:00:00, 4.3
6.0, 21.4, 180.0, 46.0, 1990-08-18 00:00:00, 0.2
7.0, 23.1, 50.0, 39.0, 1990-08-19 00:00:00, 0.2
8.0, 25.1, 180.0, 31.0, 1990-08-20 00:00:00, 0.0
2.0, 21.1, 140.0, 51.0, 1990-08-21 00:00:00, 0.0
17.0, 15.6, 230.0, 33.0, 1990-08-22 00:00:00, 0.0
3.0, 12.6, 0.0, 54.0, 1990-08-23 00:00:00, 0.0
8.0, 10.6, 140.0, 64.0, 1990-08-24 00:00:00, 19.5
5.0, 13.5, 50.0, 43.0, 1990-08-25 00:00:00, 0.0
5.0, 16.0, 140.0, 39.0, 1990-08-26 00:00:00, 0.0
18.0, 17.5, 180.0, 39.0, 1990-08-27 00:00:00, 0.0
7.0, 20.0, 0.0, 37.0, 1990-08-28 00:00:00, 0.0
8.0, 25.4, 90.0, 33.0, 1990-08-29 00:00:00, 0.0
18.0, 12.3, 180.0, 71.0, 1990-08-30 00:00:00, 23.6
19.0, 14.6, 180.0, 55.0, 1990-08-31 00:00:00, 0.3
14.0, 12.4, 180.0, 59.0, 1990-09-01 00:00:00, 2.3
4.0, 11.2, 180.0, 62.0, 1990-09-02 00:00:00, 0.3
5.0, 14.5, 140.0, 44.0, 1990-09-03 00:00:00, 0.0
6.0, 19.2, 140.0, 40.0, 1990-09-04 00:00:00, 0.0
7.0, 19.0, 140.0, 49.0, 1990-09-05 00:00:00, 0.0
21.0, 21.5, 180.0, 42.0, 1990-09-06 00:00:00, 0.0
16.0, 23.2, 180.0, 32.0, 1990-09-07 00:00:00, 0.0
5.0, 21.6, 180.0, 37.0, 1990-09-08 00:00:00, 0.0
7.0, 21.3, 140.0, 41.0, 1990-09-09 00:00:00, 0.0
6.0, 21.5, 140.0, 36.0, 1990-09-10 00:00:00, 0.0
7.0, 20.6, 180.0, 35.0, 1990-09-11 00:00:00, 0.0
10.0, 16.8, 0.0, 44.0, 1990-09-12 00:00:00, 0.0
9.0, 18.2, 180.0, 46.0, 1990-09-13 00:00:00, 0.0
6.0, 21.5, 140.0, 34.0, 1990-09-14 00:00:00, 0.0
11.0, 20.6, 180.0, 38.0, 1990-09-15 00:00:00, 0.0
13.0, 14.8, 320.0, 55.0, 1990-09-16 00:00:00, 0.0
9.0, 13.6, 180.0, 67.0, 1990-09-17 00:00:00, 0.0
14.0, 13.8, 180.0, 56.0, 1990-09-18 00:00:00, 0.0
5.0, 13.6, 140.0, 48.0, 1990-09-19 00:00:00, 0.0
4.0, 18.2, 140.0, 35.0, 1990-09-20 00:00:00, 0.0
8.0, 19.3, 140.0, 56.0, 1990-09-21 00:00:00, 0.0
9.0, 21.2, 180.0, 37.0, 1990-09-22 00:00:00, 0.0
19.0, 22.7, 180.0, 32.0, 1990-09-23 00:00:00, 0.0
7.0, 21.2, 50.0, 36.0, 1990-09-24 00:00:00, 0.0
8.0, 14.9, 50.0, 44.0, 1990-09-25 00:00:00, 0.0
4.0, 15.3, 0.0, 38.0, 1990-09-26 00:00:00, 0.0
7.0, 13.0, 180.0, 44.0, 1990-09-27 00:00:00, 0.0
13.0, 17.1, 180.0, 51.0, 1990-09-28 00:00:00, 0.0
9.0, 12.0, 140.0, 35.0, 1990-09-29 00:00:00, 0.0
5.0, 11.6, 50.0, 48.0, 1990-09-30 00:00:00, 0.0
17.0, 7.3, 230.0, 82.0, 1990-10-01 00:00:00, 3.5
18.0, 5.3, 230.0, 53.0, 1990-10-02 00:00:00, 0.0
14.0, 2.7, 140.0, 99.0, 1990-10-03 00:00:00, 5.0
17.0, 6.6, 320.0, 89.0, 1990-10-04 00:00:00, 12.9
4.0, 0.2, 90.0, 94.0, 1990-10-05 00:00:00, 0.2
2.0, 3.3, 140.0, 63.0, 1990-10-06 00:00:00, 0.8
21.0, 8.3, 180.0, 62.0, 1990-10-07 00:00:00, 0.0
13.0, 8.4, 140.0, 64.0, 1990-10-08 00:00:00, 0.0
23.0, 8.3, 270.0, 69.0, 1990-10-09 00:00:00, 0.3
10.0, 6.8, 140.0, 49.0, 1990-10-10 00:00:00, 0.0
12.0, 3.1, 180.0, 77.0, 1990-10-11 00:00:00, 0.0
10.0, 7.2, 230.0, 54.0, 1990-10-12 00:00:00, 0.5
22.0, 0.5, 90.0, 44.0, 1990-10-13 00:00:00, 0.0
6.0, 0.1, 140.0, 72.0, 1990-10-14 00:00:00, 0.0
3.0, 0.3, 50.0, 59.0, 1990-10-15 00:00:00, 0.0
13.0, 0.4, 270.0, 30.0, 1990-10-16 00:00:00, 0.0
12.0, 2.3, 180.0, 72.0, 1990-10-17 00:00:00, 0.0
19.0, 6.4, 180.0, 61.0, 1990-10-18 00:00:00, 0.8
