station_observations
wind_speed, temperature, wind_direction, relative_humidity, time, precipitation
16.0, 24.7, 180.0, 46.0, 1993-05-14 00:00:00, 1.3
5.0, 21.4, 230.0, 48.0, 1993-05-15 00:00:00, 0.0
12.0, 21.9, 140.0, 47.0, 1993-05-16 00:00:00, 0.5
9.0, 18.8, 230.0, 43.0, 1993-05-17 00:00:00, 0.0
7.0, 25.8, 0.0, 23.0, 1993-05-18 00:00:00, 0.0
5.0, 26.5, 320.0, 31.0, 1993-05-19 00:00:00, 0.0
15.0, 18.0, 140.0, 50.0, 1993-05-20 00:00:00, 0.3
11.0, 14.4, 90.0, 59.0, 1993-05-21 00:00:00, 1.0
11.0, 12.1, 230.0, 70.0, 1993-05-22 00:00:00, 5.3
11.0, 12.1, 230.0, 70.0, 1993-05-23 00:00:00, 5.3
1.0, 20.6, 90.0, 38.0, 1993-05-24 00:00:00, 0.0
13.0, 24.2, 180.0, 28.0, 1993-05-25 00:00:00, 0.0
13.0, 24.2, 180.0, 28.0, 1993-05-26 00:00:00, 0.0
15.0, 22.8, 320.0, 30.0, 1993-05-27 00:00:00, 0.0
8.0, 23.4, 180.0, 32.0, 1993-05-28 00:00:00, 0.0
19.0, 17.9, 140.0, 54.0, 1993-05-29 00:00:00, 0.0
10.0, 18.6, 180.0, 55.0, 1993-05-30 00:00:00, 0.5
2.0, 11.6, 0.0, 72.0, 1993-05-31 00:00:00, 1.8
3.0, 16.3, 50.0, 48.0, 1993-06-01 00:00:00, 0.0
7.0, 15.3, 230.0, 62.0, 1993-06-02 00:00:00, 0.0
0.0, 9.6, 0.0, 99.0, 1993-06-03 00:00:00, 4.8
3.0, 11.1, 50.0, 57.0, 1993-06-04 00:00:00, 0.0
12.0, 8.4, 90.0, 97.0, 1993-06-05 00:00:00, 13.0
12.0, 8.4, 90.0, 97.0, 1993-06-06 00:00:00, 13.0
12.0, 8.4, 90.0, 97.0, 1993-06-07 00:00:00, 13.0
12.0, 8.4, 90.0, 97.0, 1993-06-08 00:00:00, 13.0
12.0, 8.4, 90.0, 97.0, 1993-06-09 00:00:00, 13.0
0.0, 12.3, 180.0, 67.0, 1993-06-10 00:00:00, 3.8
12.0, 12.3, 270.0, 55.0, 1993-06-11 00:00:00, 0.0
0.0, 12.0, 0.0, 82.0, 1993-06-12 00:00:00, 2.8
8.0, 8.5, 320.0, 81.0, 1993-06-13 00:00:00, 6.1
10.0, 14.4, 320.0, 42.0, 1993-06-14 00:00:00, 0.0
3.0, 12.0, 270.0, 99.0, 1993-06-15 00:00:00, 19.3
12.0, 21.9, 140.0, 47.0, 1993-06-16 00:00:00, 0.5
9.0, 18.8, 230.0, 43.0, 1993-06-17 00:00:00, 0.0
11.0, 14.3, 140.0, 72.0, 1993-06-18 00:00:00, 19.8
5.0, 26.5, 320.0, 31.0, 1993-06-19 00:00:00, 0.0
15.0, 18.0, 140.0, 50.0, 1993-06-20 00:00:00, 0.3
4.0, 19.6, 180.0, 40.0, 1993-06-21 00:00:00, 0.0
13.0, 8.5, 230.0, 79.0, 1993-06-22 00:00:00, 14.0
13.0, 7.7, 230.0, 99.0, 1993-06-23 00:00:00, 4.6
9.0, 16.0, 180.0, 52.0, 1993-06-24 00:00:00, 0.3
3.0, 15.6, 270.0, 72.0, 1993-06-25 00:00:00, 21.3
20.0, 20.2, 90.0, 53.0, 1993-06-26 00:00:00, 0.0
0.0, 6.8, 0.0, 99.0, 1993-06-27 00:00:00, 2.5
0.0, 9.1, 0.0, 98.0, 1993-06-28 00:00:00, 0.3
4.0, 5.5, 0.0, 99.0, 1993-06-29 00:00:00, 0.0
10.0, 18.6, 180.0, 55.0, 1993-06-30 00:00:00, 0.5
3.0, 16.3, 50.0, 48.0, 1993-07-01 00:00:00, 0.0
7.0, 15.3, 230.0, 62.0, 1993-07-02 00:00:00, 0.0
0.0, 9.6, 0.0, 99.0, 1993-07-03 00:00:00, 4.8
3.0, 11.1, 50.0, 57.0, 1993-07-04 00:00:00, 0.0
6.0, 14.4, 230.0, 58.0, 1993-07-05 00:00:00, 0.0
10.0, 16.6, 270.0, 57.0, 1993-07-06 00:00:00, 0.0
5.0, 14.0, 320.0, 95.0, 1993-07-07 00:00:00, 5.6
11.0, 15.1, 0.0, 81.0, 1993-07-08 00:00:00, 2.8
17.0, 14.5, 320.0, 51.0, 1993-07-09 00:00:00, 0.3
13.0, 15.5, 180.0, 65.0, 1993-07-10 00:00:00, 0.0
20.0, 16.3, 320.0, 65.0, 1993-07-11 00:00:00, 0.8
12.0, 14.2, 320.0, 70.0, 1993-07-12 00:00:00, 0.3
10.0, 16.7, 320.0, 50.0, 1993-07-13 00:00:00, 0.0
10.0, 19.2, 140.0, 50.0, 1993-07-14 00:00:00, 0.0
7.0, 16.2, 230.0, 55.0, 1993-07-15 00:00:00, 0.0
10.0, 24.4, 230.0, 32.0, 1993-07-16 00:00:00, 0.0
6.0, 18.0, 230.0, 39.0, 1993-07-17 00:00:00, 0.0
6.0, 21.4, 180.0, 49.0, 1993-07-18 00:00:00, 0.0
6.0, 20.5, 230.0, 36.0, 1993-07-19 00:00:00, 0.0
6.0, 18.5, 230.0, 39.0, 1993-07-20 00:00:00, 0.0
12.0, 19.3, 180.0, 66.0, 1993-07-21 00:00:00, 0.0
21.0, 19.4, 140.0, 37.0, 1993-07-22 00:00:00, 2.8
2.0, 16.6, 230.0, 41.0, 1993-07-23 00:00:00, 1.0
8.0, 16.2, 180.0, 41.0, 1993-07-24 00:00:00, 2.5
6.0, 15.5, 270.0, 76.0, 1993-07-25 00:00:00, 0.8
6.0, 21.0, 230.0, 50.0, 1993-07-26 00:00:00, 0.0
5.0, 20.7, 90.0, 62.0, 1993-07-27 00:00:00, 2.5
5.0, 19.8, 230.0, 40.0, 1993-07-28 00:00:00, 2.3
13.0, 16.3, 140.0, 41.0, 1993-07-29 00:00:00, 3.6
6.0, 8.7, 0.0, 44.0, 1993-07-30 00:00:00, 8.1
2.0, 16.1, 180.0, 41.0, 1993-07-31 00:00:00, 0.5
9.0, 19.3, 270.0, 39.0, 1993-08-01 00:00:00, 0.0
9.0, 21.4, 270.0, 38.0, 1993-08-02 00:00:00, 0.0
11.0, 22.5, 180.0, 35.0, 1993-08-03 00:00:00, 0.0
5.0, 24.4, 230.0, 37.0, 1993-08-04 00:00:00, 0.0
6.0, 26.7, 180.0, 34.0, 1993-08-05 00:00:00, 0.0
16.0, 21.2, 230.0, 33.0, 1993-08-06 00:00:00, 0.0
5.0, 19.9, 230.0, 39.0, 1993-08-07 00:00:00, 0.0
12.0, 17.8, 230.0, 41.0, 1993-08-08 00:00:00, 0.0
7.0, 13.2, 230.0, 43.0, 1993-08-09 00:00:00, 4.8
14.0, 14.0, 230.0, 41.0, 1993-08-10 00:00:00, 0.0
8.0, 17.3, 180.0, 34.0, 1993-08-11 00:00:00, 0.0
3.0, 14.6, 0.0, 41.0, 1993-08-12 00:00:00, 0.0
10.0, 16.8, 180.0, 39.0, 1993-08-13 00:00:00, 0.3
3.0, 16.5, 270.0, 62.0, 1993-08-14 00:00:00, 0.0
9.0, 22.4, 320.0, 52.0, 1993-08-15 00:00:00, 0.0
10.0, 24.4, 230.0, 52.0, 1993-08-16 00:00:00, 0.0
8.0, 24.0, 270.0, 53.0, 1993-08-17 00:00:00, 0.0
7.0, 22.5, 180.0, 57.0, 1993-08-18 00:00:00, 0.0
5.0, 23.6, 180.0, 58.0, 1993-08-19 00:00:00, 0.0
10.0, 25.6, 90.0, 56.0, 1993-08-20 00:00:00, 0.0
6.0, 19.3, 90.0, 59.0, 1993-08-21 00:00:00, 0.0
5.0, 14.7, 140.0, 61.0, 1993-08-22 00:00:00, 0.6
8.0, 10.8, 140.0, 64.0, 1993-08-23 00:00:00, 11.6
10.0, 7.6, 140.0, 64.0, 1993-08-24 00:00:00, 6.6
5.0, 11.9, 230.0, 63.0, 1993-08-25 00:00:00, 1.6
9.0, 15.6, 140.0, 62.0, 1993-08-26 00:00:00, 0.6
11.0, 13.9, 230.0, 62.0, 1993-08-27 00:00:00, 3.0
6.0, 13.1, 230.0, 62.0, 1993-08-28 00:00:00, 0.0
8.0, 15.8, 230.0, 61.0, 1993-08-29 00:00:00, 0.0
5.0, 17.8, 140.0, 57.0, 1993-08-30 00:00:00, 0.0
7.0, 16.7, 230.0, 40.0, 1993-08-31 00:00:00, 0.0
9.0, 20.3, 230.0, 38.0, 1993-09-01 00:00:00, 0.0
10.0, 22.6, 180.0, 36.0, 1993-09-02 00:00:00, 0.0
5.0, 21.2, 180.0, 34.0, 1993-09-03 00:00:00, 0.0
6.0, 23.2, 270.0, 32.0, 1993-09-04 00:00:00, 0.0
10.0, 20.2, 230.0, 36.0, 1993-09-05 00:00:00, 0.0
8.0, 22.2, 180.0, 35.0, 1993-09-06 00:00:00, 0.0
8.0, 22.7, 140.0, 31.0, 1993-09-07 00:00:00, 0.0
14.0, 20.5, 270.0, 28.0, 1993-09-08 00:00:00, 0.0
10.0, 21.1, 140.0, 39.0, 1993-09-09 00:00:00, 0.0
9.0, 21.2, 180.0, 34.0, 1993-09-10 00:00:00, 0.0
5.0, 7.9, 230.0, 89.0, 1993-09-11 00:00:00, 8.4
9.0, 13.2, 50.0, 43.0, 1993-09-12 00:00:00, 1.3
9.0, 14.9, 140.0, 39.0, 1993-09-13 00:00:00, 0.0
4.0, 9.8, 320.0, 44.0, 1993-09-14 00:00:00, 8.9
9.0, 14.3, 270.0, 33.0, 1993-09-15 00:00:00, 0.0
6.0, 14.5, 180.0, 36.0, 1993-09-16 00:00:00, 0.0
12.0, 16.2, 140.0, 35.0, 1993-09-17 00:00:00, 0.0
8.0, 14.0, 320.0, 39.0, 1993-09-18 00:00:00, 0.0
9.0, 8.4, 230.0, 40.0, 1993-09-19 00:00:00, 0.0
14.0, 13.4, 320.0, 26.0, 1993-09-20 00:00:00, 0.0
7.0, 11.5, 180.0, 30.0, 1993-09-21 00:00:00, 0.0
6.0, 12.2, 230.0, 40.0, 1993-09-22 00:00:00, 0.0
14.0, 15.3, 140.0, 34.0, 1993-09-23 00:00:00, 0.0
8.0, 13.6, 180.0, 37.0, 1993-09-24 00:00:00, 0.0
3.0, 11.6, 180.0, 43.0, 1993-09-25 00:00:00, 7.1
5.0, 14.4, 140.0, 40.0, 1993-09-26 00:00:00, 0.0
7.0, 14.7, 230.0, 39.0, 1993-09-27 00:00:00, 0.3
2.0, 16.0, 270.0, 37.0, 1993-09-28 00:00:00, 0.0
1.0, 13.6, 180.0, 41.0, 1993-09-29 00:00:00, 0.0
0.0, 12.0, 0.0, 39.0, 1993-09-30 00:00:00, 0.0
6.0, 14.8, 270.0, 38.0, 1993-10-01 00:00:00, 0.0
16.0, 18.8, 180.0, 33.0, 1994-05-31 00:00:00, 0.0
13.0, 13.6, 270.0, 41.0, 1994-06-01 00:00:00, 0.3
14.0, 18.0, 230.0, 30.0, 1994-06-02 00:00:00, 0.0
15.0, 19.0, 180.0, 34.0, 1994-06-03 00:00:00, 0.0
0.0, 11.1, 0.0, 95.0, 1994-06-04 00:00:00, 4.6
10.0, 15.3, 180.0, 60.0, 1994-06-05 00:00:00, 1.0
0.0, 11.0, 0.0, 99.0, 1994-06-06 00:00:00, 2.3
6.0, 9.2, 230.0, 99.0, 1994-06-07 00:00:00, 1.5
2.0, 10.6, 270.0, 78.0, 1994-06-08 00:00:00, 0.3
9.0, 12.8, 230.0, 61.0, 1994-06-09 00:00:00, 0.0
14.0, 17.4, 270.0, 53.0, 1994-06-10 00:00:00, 0.0
8.0, 17.6, 180.0, 54.0, 1994-06-11 00:00:00, 0.0
11.0, 16.2, 180.0, 42.0, 1994-06-12 00:00:00, 2.3
14.0, 13.7, 180.0, 42.0, 1994-06-13 00:00:00, 9.4
8.0, 8.4, 0.0, 44.0, 1994-06-14 00:00:00, 8.9
8.0, 13.1, 0.0, 41.0, 1994-06-15 00:00:00, 0.0
6.0, 16.6, 270.0, 38.0, 1994-06-16 00:00:00, 0.0
5.0, 13.5, 0.0, 42.0, 1994-06-17 00:00:00, 0.0
10.0, 16.6, 270.0, 40.0, 1994-06-18 00:00:00, 4.6
13.0, 14.9, 230.0, 41.0, 1994-06-19 00:00:00, 0.0
12.0, 18.0, 270.0, 49.0, 1994-06-20 00:00:00, 0.0
10.0, 21.8, 230.0, 33.0, 1994-06-21 00:00:00, 0.0
8.0, 23.8, 270.0, 32.0, 1994-06-22 00:00:00, 0.0
6.0, 24.4, 270.0, 34.0, 1994-06-23 00:00:00, 0.0
7.0, 20.4, 230.0, 40.0, 1994-06-24 00:00:00, 0.0
10.0, 22.0, 230.0, 38.0, 1994-06-25 00:00:00, 0.0
10.0, 18.3, 320.0, 37.0, 1994-06-26 00:00:00, 0.0
10.0, 17.8, 180.0, 32.0, 1994-06-27 00:00:00, 0.0
2.0, 14.4, 180.0, 60.0, 1994-06-28 00:00:00, 0.8
14.0, 13.9, 270.0, 70.0, 1994-06-29 00:00:00, 14.7
10.0, 11.3, 230.0, 43.0, 1994-06-30 00:00:00, 5.8
1.0, 9.9, 140.0, 44.0, 1994-07-01 00:00:00, 22.4
15.0, 8.9, 270.0, 97.0, 1994-07-02 00:00:00, 13.5
7.0, 8.4, 270.0, 99.0, 1994-07-03 00:00:00, 18.5
5.0, 10.7, 0.0, 92.0, 1994-07-04 00:00:00, 0.3
6.0, 16.9, 320.0, 41.0, 1994-07-05 00:00:00, 0.0
5.0, 17.6, 270.0, 65.0, 1994-07-06 00:00:00, 0.0
13.0, 20.4, 270.0, 40.0, 1994-07-07 00:00:00, 0.0
7.0, 16.2, 270.0, 39.0, 1994-07-08 00:00:00, 0.0
7.0, 15.7, 270.0, 39.0, 1994-07-09 00:00:00, 0.0
9.0, 16.8, 230.0, 39.0, 1994-07-10 00:00:00, 0.0
8.0, 16.3, 0.0, 42.0, 1994-07-11 00:00:00, 0.0
6.0, 21.5, 0.0, 36.0, 1994-07-12 00:00:00, 0.0
11.0, 23.6, 320.0, 34.0, 1994-07-13 00:00:00, 0.0
11.0, 23.0, 270.0, 37.0, 1994-07-14 00:00:00, 0.0
12.0, 24.3, 270.0, 36.0, 1994-07-15 00:00:00, 0.0
8.0, 24.6, 230.0, 37.0, 1994-07-16 00:00:00, 0.0
8.0, 16.1, 230.0, 42.0, 1994-07-17 00:00:00, 0.5
6.0, 14.0, 180.0, 43.0, 1994-07-18 00:00:00, 7.1
6.0, 20.0, 230.0, 40.0, 1994-07-19 00:00:00, 0.0
10.0, 27.3, 180.0, 34.0, 1994-07-20 00:00:00, 0.0
8.0, 24.9, 320.0, 33.0, 1994-07-21 00:00:00, 0.0
13.0, 27.0, 270.0, 22.0, 1994-07-22 00:00:00, 0.0
7.0, 29.9, 320.0, 23.0, 1994-07-23 00:00:00, 0.0
8.0, 26.6, 270.0, 33.0, 1994-07-24 00:00:00, 0.0
7.0, 26.0, 320.0, 35.0, 1994-07-25 00:00:00, 0.0
9.0, 20.6, 320.0, 40.0, 1994-07-26 00:00:00, 0.3
10.0, 24.7, 320.0, 35.0, 1994-07-27 00:00:00, 0.0
10.0, 27.9, 230.0, 33.0, 1994-07-28 00:00:00, 0.0
8.0, 25.8, 230.0, 28.0, 1994-07-29 00:00:00, 0.0
13.0, 20.4, 270.0, 34.0, 1994-07-30 00:00:00, 0.0
12.0, 20.1, 270.0, 36.0, 1994-07-31 00:00:00, 3.3
5.0, 24.4, 270.0, 34.0, 1994-08-01 00:00:00, 0.0
6.0, 28.6, 230.0, 30.0, 1994-08-02 00:00:00, 0.0
4.0, 26.3, 270.0, 38.0, 1994-08-03 00:00:00, 0.0
6.0, 25.1, 270.0, 38.0, 1994-08-04 00:00:00, 0.5
2.0, 14.7, 320.0, 42.0, 1994-08-05 00:00:00, 1.0
7.0, 16.0, 0.0, 42.0, 1994-08-06 00:00:00, 0.3
11.0, 17.8, 270.0, 40.0, 1994-08-07 00:00:00, 0.0
13.0, 22.6, 50.0, 34.0, 1994-08-08 00:00:00, 0.0
7.0, 15.3, 230.0, 42.0, 1994-08-09 00:00:00, 5.3
4.0, 15.9, 320.0, 42.0, 1994-08-10 00:00:00, 1.3
8.0, 21.0, 270.0, 40.0, 1994-08-11 00:00:00, 4.1
11.0, 23.8, 270.0, 39.0, 1994-08-12 00:00:00, 0.0
7.0, 27.0, 270.0, 36.0, 1994-08-13 00:00:00, 0.0
7.0, 22.9, 270.0, 37.0, 1994-08-14 00:00:00, 0.0
7.0, 20.2, 0.0, 36.0, 1994-08-15 00:00:00, 0.0
11.0, 21.5, 0.0, 36.0, 1994-08-16 00:00:00, 0.0
15.0, 20.9, 270.0, 39.0, 1994-08-17 00:00:00, 0.3
7.0, 23.1, 270.0, 38.0, 1994-08-18 00:00:00, 0.0
7.0, 26.4, 270.0, 30.0, 1994-08-19 00:00:00, 0.0
4.0, 21.0, 320.0, 37.0, 1994-08-20 00:00:00, 0.0
9.0, 11.0, 230.0, 44.0, 1994-08-21 00:00:00, 7.3
9.0, 11.3, 230.0, 43.0, 1994-08-22 00:00:00, 21.4
11.0, 14.0, 270.0, 40.0, 1994-08-23 00:00:00, 2.0
6.0, 15.5, 270.0, 38.0, 1994-08-24 00:00:00, 0.0
10.0, 17.3, 320.0, 37.0, 1994-08-25 00:00:00, 0.0
10.0, 19.6, 0.0, 29.0, 1994-08-26 00:00:00, 0.0
8.0, 20.2, 140.0, 32.0, 1994-08-27 00:00:00, 0.0
13.0, 23.1, 230.0, 27.0, 1994-08-28 00:00:00, 0.0
6.0, 21.4, 270.0, 35.0, 1994-08-29 00:00:00, 0.0
8.0, 21.2, 230.0, 38.0, 1994-08-30 00:00:00, 0.0
11.0, 19.9, 230.0, 40.0, 1994-08-31 00:00:00, 6.8
11.0, 17.5, 270.0, 41.0, 1994-09-01 00:00:00, 0.0
11.0, 17.8, 230.0, 31.0, 1994-09-02 00:00:00, 0.3
13.0, 12.3, 270.0, 43.0, 1994-09-03 00:00:00, 0.3
9.0, 14.2, 270.0, 40.0, 1994-09-04 00:00:00, 3.0
17.0, 18.3, 180.0, 36.0, 1994-09-05 00:00:00, 0.3
19.0, 22.2, 230.0, 29.0, 1994-09-06 00:00:00, 0.0
8.0, 17.8, 230.0, 37.0, 1994-09-07 00:00:00, 0.3
20.0, 17.5, 180.0, 51.0, 1994-09-08 00:00:00, 0.4
3.0, 7.5, 270.0, 45.0, 1994-09-09 00:00:00, 20.3
6.0, 10.3, 230.0, 43.0, 1994-09-10 00:00:00, 1.3
5.0, 11.4, 320.0, 43.0, 1994-09-11 00:00:00, 0.3
10.0, 11.0, 180.0, 44.0, 1994-09-12 00:00:00, 0.3
13.0, 11.5, 180.0, 43.0, 1994-09-13 00:00:00, 1.5
12.0, 15.4, 230.0, 40.0, 1994-09-14 00:00:00, 2.0
19.0, 15.1, 180.0, 42.0, 1994-09-15 00:00:00, 0.0
15.0, 21.6, 230.0, 38.0, 1994-09-16 00:00:00, 0.0
13.0, 21.4, 230.0, 37.0, 1994-09-17 00:00:00, 0.0
11.0, 19.5, 180.0, 37.0, 1994-09-18 00:00:00, 0.0
5.0, 18.7, 230.0, 39.0, 1994-09-19 00:00:00, 0.0
8.0, 13.2, 320.0, 39.0, 1994-09-20 00:00:00, 0.5
15.0, 18.8, 230.0, 25.0, 1994-09-21 00:00:00, 0.0
18.0, 23.4, 230.0, 25.0, 1994-09-22 00:00:00, 0.0
4.0, 14.3, 230.0, 75.0, 1994-09-23 00:00:00, 0.0
14.0, 22.5, 230.0, 47.0, 1994-09-24 00:00:00, 1.0
11.0, 18.4, 320.0, 45.0, 1994-09-25 00:00:00, 0.0
8.0, 11.3, 270.0, 51.0, 1994-09-26 00:00:00, 0.0
6.0, 17.8, 320.0, 51.0, 1994-09-27 00:00:00, 0.0
4.0, 12.2, 320.0, 43.0, 1994-09-28 00:00:00, 0.0
0.0, 9.8, 0.0, 74.0, 1994-09-29 00:00:00, 3.6
10.0, 11.0, 180.0, 99.0, 1994-09-30 00:00:00, 23.9
5.0, 6.0, 320.0, 94.0, 1994-10-01 00:00:00, 11.9
10.0, 6.4, 50.0, 46.0, 1994-10-02 00:00:00, 1.8
5.0, 6.6, 230.0, 44.0, 1994-10-03 00:00:00, 0.0
19.0, 15.4, 230.0, 37.0, 1994-10-04 00:00:00, 0.0
10.0, 10.0, 320.0, 40.0, 1994-10-05 00:00:00, 0.0
0.0, 5.1, 0.0, 45.0, 1994-10-06 00:00:00, 0.5
7.0, 9.4, 180.0, 41.0, 1994-10-07 00:00:00, 1.0
12.0, 11.4, 270.0, 41.0, 1994-10-08 00:00:00, 0.0
6.0, 7.5, 230.0, 44.0, 1994-10-09 00:00:00, 2.8
5.0, 4.4, 270.0, 47.0, 1994-10-10 00:00:00, 8.9
5.0, 6.4, 270.0, 45.0, 1994-10-11 00:00:00, 0.0
11.0, 10.1, 230.0, 41.0, 1994-10-12 00:00:00, 0.3
13.0, 10.0, 230.0, 41.0, 1994-10-13 00:00:00, 0.0
2.0, 4.9, 320.0, 47.0, 1994-10-14 00:00:00, 8.4
8.0, 5.9, 270.0, 82.0, 1994-10-15 00:00:00, 0.0
16.0, 9.8, 230.0, 63.0, 1994-10-16 00:00:00, 0.0
7.0, 6.9, 0.0, 63.0, 1994-10-17 00:00:00, 1.3
15.0, 6.3, 230.0, 71.0, 1994-10-18 00:00:00, 0.3
6.0, 2.5, 180.0, 99.0, 1994-10-19 00:00:00, 4.1
19.0, 6.3, 180.0, 85.0, 1994-10-20 00:00:00, 2.0
12.0, 5.9, 270.0, 44.0, 1994-10-21 00:00:00, 0.5
