station_observations
wind_speed, temperature, wind_direction, relative_humidity, time, precipitation
12.0, 5.5, 140.0, 48.0, 1993-04-06 00:00:00, 0.0
10.0, 5.1, 140.0, 81.0, 1993-04-07 00:00:00, 2.0
14.0, 8.6, 180.0, 74.0, 1993-04-08 00:00:00, 1.7
11.0, 8.4, 180.0, 72.0, 1993-04-09 00:00:00, 10.1
10.0, 7.1, 0.0, 62.0, 1993-04-10 00:00:00, 0.0
7.0, 7.3, 320.0, 59.0, 1993-04-11 00:00:00, 0.0
10.0, 6.2, 140.0, 63.0, 1993-04-12 00:00:00, 0.2
17.0, 6.6, 180.0, 60.0, 1993-04-13 00:00:00, 0.0
13.0, 7.8, 180.0, 67.0, 1993-04-14 00:00:00, 0.8
8.0, 6.6, 140.0, 73.0, 1993-04-15 00:00:00, 0.1
17.0, 11.0, 180.0, 54.0, 1993-04-16 00:00:00, 0.2
7.0, 10.4, 180.0, 62.0, 1993-04-17 00:00:00, 0.0
11.0, 9.1, 320.0, 70.0, 1993-04-18 00:00:00, 0.0
10.0, 11.1, 180.0, 58.0, 1993-04-19 00:00:00, 0.3
21.0, 14.4, 180.0, 40.0, 1993-04-20 00:00:00, 0.0
13.0, 12.7, 180.0, 46.0, 1993-04-21 00:00:00, 0.0
9.0, 13.2, 140.0, 48.0, 1993-04-22 00:00:00, 0.4
11.0, 10.2, 140.0, 66.0, 1993-04-23 00:00:00, 0.3
16.0, 11.2, 180.0, 61.0, 1993-04-24 00:00:00, 3.3
15.0, 9.6, 180.0, 66.0, 1993-04-25 00:00:00, 2.9
15.0, 10.6, 180.0, 50.0, 1993-04-26 00:00:00, 2.8
12.0, 11.9, 270.0, 46.0, 1993-04-27 00:00:00, 0.2
16.0, 7.3, 140.0, 78.0, 1993-04-28 00:00:00, 0.8
4.0, 9.5, 270.0, 71.0, 1993-04-29 00:00:00, 2.9
8.0, 10.2, 180.0, 53.0, 1993-04-30 00:00:00, 1.2
13.0, 4.2, 140.0, 99.0, 1993-05-01 00:00:00, 1.2
16.0, 8.8, 320.0, 50.0, 1993-05-02 00:00:00, 0.2
6.0, 13.6, 50.0, 37.0, 1993-05-03 00:00:00, 0.0
13.0, 16.7, 180.0, 40.0, 1993-05-04 00:00:00, 0.0
20.0, 12.5, 180.0, 54.0, 1993-05-05 00:00:00, 0.0
6.0, 8.6, 50.0, 88.0, 1993-05-06 00:00:00, 6.8
9.0, 9.7, 270.0, 64.0, 1993-05-07 00:00:00, 2.0
12.0, 12.4, 320.0, 47.0, 1993-05-08 00:00:00, 0.0
4.0, 10.2, 50.0, 64.0, 1993-05-09 00:00:00, 1.0
22.0, 14.3, 140.0, 68.0, 1993-05-10 00:00:00, 0.2
11.0, 22.3, 230.0, 47.0, 1993-05-11 00:00:00, 0.0
1.0, 24.5, 270.0, 50.0, 1993-05-12 00:00:00, 0.0
5.0, 23.0, 0.0, 51.0, 1993-05-13 00:00:00, 0.0
11.0, 25.0, 0.0, 48.0, 1993-05-14 00:00:00, 0.0
8.0, 22.8, 230.0, 46.0, 1993-05-15 00:00:00, 0.0
10.0, 20.9, 180.0, 57.0, 1993-05-16 00:00:00, 0.0
4.0, 18.9, 140.0, 44.0, 1993-05-17 00:00:00, 0.0
5.0, 24.9, 0.0, 27.0, 1993-05-18 00:00:00, 0.0
11.0, 25.9, 180.0, 32.0, 1993-05-19 00:00:00, 0.0
5.0, 16.6, 90.0, 82.0, 1993-05-20 00:00:00, 2.2
9.0, 13.1, 90.0, 85.0, 1993-05-21 00:00:00, 3.0
9.0, 11.9, 320.0, 65.0, 1993-05-22 00:00:00, 13.0
11.0, 16.2, 0.0, 55.0, 1993-05-23 00:00:00, 0.0
3.0, 21.2, 230.0, 34.0, 1993-05-24 00:00:00, 0.0
3.0, 23.4, 180.0, 35.0, 1993-05-25 00:00:00, 0.0
13.0, 20.6, 0.0, 48.0, 1993-05-26 00:00:00, 0.0
13.0, 23.1, 50.0, 34.0, 1993-05-27 00:00:00, 0.0
4.0, 23.6, 270.0, 37.0, 1993-05-28 00:00:00, 0.0
22.0, 17.9, 180.0, 57.0, 1993-05-29 00:00:00, 0.0
9.0, 17.1, 180.0, 63.0, 1993-05-30 00:00:00, 0.5
1.0, 19.6, 230.0, 59.0, 1993-05-31 00:00:00, 0.0
0.0, 11.5, 180.0, 97.0, 1993-06-01 00:00:00, 9.1
6.0, 15.0, 50.0, 69.0, 1993-06-02 00:00:00, 0.5
7.0, 20.4, 230.0, 51.0, 1993-06-03 00:00:00, 0.0
7.0, 20.7, 50.0, 59.0, 1993-06-04 00:00:00, 1.5
3.0, 22.4, 180.0, 48.0, 1993-06-05 00:00:00, 4.8
3.0, 24.1, 90.0, 44.0, 1993-06-06 00:00:00, 0.0
2.0, 14.2, 320.0, 72.0, 1993-06-07 00:00:00, 0.0
6.0, 14.0, 320.0, 46.0, 1993-06-08 00:00:00, 0.0
9.0, 8.4, 140.0, 99.0, 1993-06-09 00:00:00, 6.6
15.0, 11.2, 230.0, 72.0, 1993-06-10 00:00:00, 14.7
15.0, 14.9, 320.0, 51.0, 1993-06-11 00:00:00, 0.3
15.0, 17.3, 320.0, 52.0, 1993-06-12 00:00:00, 0.0
7.0, 17.0, 230.0, 55.0, 1993-06-13 00:00:00, 0.0
10.0, 20.9, 90.0, 46.0, 1993-06-14 00:00:00, 0.0
6.0, 14.0, 320.0, 94.0, 1993-06-15 00:00:00, 6.1
7.0, 17.0, 320.0, 62.0, 1993-06-16 00:00:00, 7.1
6.0, 14.4, 140.0, 88.0, 1993-06-17 00:00:00, 0.3
5.0, 15.9, 0.0, 79.0, 1993-06-18 00:00:00, 16.8
4.0, 14.4, 0.0, 52.0, 1993-06-19 00:00:00, 4.8
5.0, 17.1, 140.0, 41.0, 1993-06-20 00:00:00, 4.1
3.0, 21.0, 270.0, 43.0, 1993-06-21 00:00:00, 0.0
9.0, 11.9, 320.0, 65.0, 1993-06-22 00:00:00, 13.0
16.0, 9.5, 320.0, 94.0, 1993-06-23 00:00:00, 3.3
2.0, 17.1, 140.0, 61.0, 1993-06-24 00:00:00, 2.3
4.0, 17.0, 0.0, 71.0, 1993-06-25 00:00:00, 9.7
15.0, 19.3, 140.0, 69.0, 1993-06-26 00:00:00, 0.8
5.0, 11.5, 180.0, 97.0, 1993-06-27 00:00:00, 8.4
12.0, 9.5, 180.0, 99.0, 1993-06-28 00:00:00, 41.1
2.0, 13.2, 230.0, 74.0, 1993-06-29 00:00:00, 4.6
7.0, 16.6, 0.0, 57.0, 1993-06-30 00:00:00, 0.0
9.0, 18.0, 320.0, 54.0, 1993-07-01 00:00:00, 1.5
1.0, 18.2, 0.0, 62.0, 1993-07-02 00:00:00, 0.3
10.0, 19.2, 320.0, 53.0, 1993-07-03 00:00:00, 0.0
5.0, 15.9, 320.0, 63.0, 1993-07-04 00:00:00, 0.0
16.0, 14.6, 320.0, 66.0, 1993-07-05 00:00:00, 0.0
10.0, 18.1, 320.0, 58.0, 1993-07-06 00:00:00, 0.0
11.0, 19.5, 320.0, 65.0, 1993-07-07 00:00:00, 0.0
12.0, 16.0, 0.0, 79.0, 1993-07-08 00:00:00, 1.8
13.0, 17.6, 0.0, 51.0, 1993-07-09 00:00:00, 3.5
7.0, 17.6, 180.0, 49.0, 1993-07-10 00:00:00, 0.0
20.0, 20.1, 0.0, 48.0, 1993-07-11 00:00:00, 0.0
15.0, 18.1, 0.0, 45.0, 1993-07-12 00:00:00, 0.0
4.0, 17.3, 270.0, 48.0, 1993-07-13 00:00:00, 0.0
4.0, 19.7, 180.0, 44.0, 1993-07-14 00:00:00, 0.0
11.0, 13.4, 0.0, 92.0, 1993-07-15 00:00:00, 0.5
8.0, 15.2, 0.0, 76.0, 1993-07-16 00:00:00, 0.0
4.0, 14.2, 320.0, 62.0, 1993-07-17 00:00:00, 0.0
3.0, 21.9, 270.0, 48.0, 1993-07-18 00:00:00, 0.0
8.0, 22.1, 90.0, 49.0, 1993-07-19 00:00:00, 0.5
8.0, 20.6, 0.0, 59.0, 1993-07-20 00:00:00, 0.2
8.0, 20.3, 140.0, 62.0, 1993-07-21 00:00:00, 0.2
17.0, 19.3, 180.0, 50.0, 1993-07-22 00:00:00, 0.0
13.0, 18.2, 320.0, 57.0, 1993-07-23 00:00:00, 0.5
3.0, 17.0, 0.0, 64.0, 1993-07-24 00:00:00, 0.2
8.0, 17.1, 320.0, 82.0, 1993-07-25 00:00:00, 0.7
3.0, 23.1, 230.0, 50.0, 1993-07-26 00:00:00, 0.0
4.0, 21.1, 90.0, 70.0, 1993-07-27 00:00:00, 4.5
2.0, 18.7, 270.0, 79.0, 1993-07-28 00:00:00, 16.7
16.0, 17.5, 230.0, 57.0, 1993-07-29 00:00:00, 14.4
0.0, 10.4, 0.0, 96.0, 1993-07-30 00:00:00, 6.6
2.0, 16.2, 180.0, 68.0, 1993-07-31 00:00:00, 0.0
4.0, 21.1, 320.0, 54.0, 1993-08-01 00:00:00, 0.0
5.0, 23.2, 0.0, 53.0, 1993-08-02 00:00:00, 0.0
5.0, 25.2, 270.0, 50.0, 1993-08-03 00:00:00, 0.0
4.0, 26.1, 0.0, 54.0, 1993-08-04 00:00:00, 0.0
9.0, 27.0, 180.0, 47.0, 1993-08-05 00:00:00, 0.0
9.0, 15.9, 270.0, 74.0, 1993-08-06 00:00:00, 0.2
2.0, 19.8, 0.0, 59.0, 1993-08-07 00:00:00, 0.0
1.0, 14.6, 320.0, 94.0, 1993-08-08 00:00:00, 2.5
11.0, 13.2, 0.0, 89.0, 1993-08-09 00:00:00, 10.1
14.0, 14.3, 320.0, 63.0, 1993-08-10 00:00:00, 0.0
11.0, 17.8, 180.0, 53.0, 1993-08-11 00:00:00, 0.7
2.0, 15.6, 140.0, 68.0, 1993-08-12 00:00:00, 0.0
2.0, 17.9, 230.0, 54.0, 1993-08-13 00:00:00, 0.2
5.0, 17.2, 180.0, 68.0, 1993-08-14 00:00:00, 0.0
13.0, 22.0, 0.0, 48.0, 1993-08-15 00:00:00, 0.7
10.0, 24.4, 0.0, 38.0, 1993-08-16 00:00:00, 0.0
5.0, 24.0, 50.0, 41.0, 1993-08-17 00:00:00, 0.0
11.0, 20.3, 0.0, 64.0, 1993-08-18 00:00:00, 0.0
6.0, 24.1, 320.0, 55.0, 1993-08-19 00:00:00, 0.0
10.0, 24.8, 140.0, 52.0, 1993-08-20 00:00:00, 0.0
8.0, 20.0, 140.0, 58.0, 1993-08-21 00:00:00, 0.0
3.0, 13.8, 140.0, 96.0, 1993-08-22 00:00:00, 24.1
9.0, 11.6, 270.0, 89.0, 1993-08-23 00:00:00, 8.1
7.0, 8.5, 140.0, 95.0, 1993-08-24 00:00:00, 1.2
2.0, 12.6, 0.0, 95.0, 1993-08-25 00:00:00, 3.3
6.0, 16.2, 180.0, 76.0, 1993-08-26 00:00:00, 0.0
7.0, 15.5, 0.0, 62.0, 1993-08-27 00:00:00, 0.0
6.0, 14.6, 320.0, 67.0, 1993-08-28 00:00:00, 4.0
6.0, 17.4, 0.0, 52.0, 1993-08-29 00:00:00, 0.0
9.0, 17.3, 140.0, 55.0, 1993-08-30 00:00:00, 0.0
