station_observations
wind_speed, temperature, wind_direction, relative_humidity, time, precipitation
15.0, 16.1, 180.0, 45.0, 1993-05-28 00:00:00, 0.2
17.0, 8.2, 230.0, 93.0, 1993-05-29 00:00:00, 2.2
14.0, 15.0, 180.0, 53.0, 1993-05-30 00:00:00, 0.0
5.0, 12.8, 140.0, 83.0, 1993-05-31 00:00:00, 2.2
6.0, 8.5, 270.0, 93.0, 1993-06-01 00:00:00, 11.6
10.0, 10.3, 50.0, 86.0, 1993-06-02 00:00:00, 0.0
2.0, 14.0, 320.0, 63.0, 1993-06-03 00:00:00, 1.2
16.0, 14.4, 140.0, 60.0, 1993-06-04 00:00:00, 0.0
13.0, 19.2, 50.0, 38.0, 1993-06-05 00:00:00, 1.0
11.0, 21.1, 140.0, 27.0, 1993-06-06 00:00:00, 0.0
21.0, 9.0, 270.0, 88.0, 1993-06-07 00:00:00, 0.0
13.0, 13.1, 270.0, 47.0, 1993-06-08 00:00:00, 0.5
15.0, 7.5, 180.0, 94.0, 1993-06-09 00:00:00, 4.3
13.0, 9.6, 180.0, 64.0, 1993-06-10 00:00:00, 15.5
11.0, 8.4, 90.0, 73.0, 1993-06-11 00:00:00, 0.3
6.0, 10.5, 50.0, 19.0, 1993-06-12 00:00:00, 0.3
13.0, 12.4, 180.0, 71.0, 1993-06-13 00:00:00, 6.9
15.0, 16.3, 180.0, 53.0, 1993-06-14 00:00:00, 0.0
10.0, 10.9, 90.0, 90.0, 1993-06-15 00:00:00, 7.6
11.0, 11.6, 270.0, 84.0, 1993-06-16 00:00:00, 3.3
9.0, 13.6, 230.0, 75.0, 1993-06-17 00:00:00, 0.0
9.0, 12.0, 180.0, 82.0, 1993-06-18 00:00:00, 1.5
9.0, 13.1, 270.0, 63.0, 1993-06-19 00:00:00, 7.3
8.0, 15.6, 180.0, 39.0, 1993-06-20 00:00:00, 0.0
17.0, 18.9, 180.0, 44.0, 1993-06-21 00:00:00, 0.0
14.0, 8.0, 270.0, 70.0, 1993-06-22 00:00:00, 6.9
25.0, 4.7, 270.0, 96.0, 1993-06-23 00:00:00, 3.1
4.0, 11.7, 270.0, 67.0, 1993-06-24 00:00:00, 0.0
6.0, 13.0, 90.0, 79.0, 1993-06-25 00:00:00, 1.8
20.0, 17.6, 180.0, 54.0, 1993-06-26 00:00:00, 1.3
15.0, 8.3, 230.0, 86.0, 1993-06-27 00:00:00, 6.4
2.0, 8.7, 50.0, 87.0, 1993-06-28 00:00:00, 6.1
13.0, 10.3, 270.0, 66.0, 1993-06-29 00:00:00, 0.8
7.0, 8.4, 50.0, 88.0, 1993-06-30 00:00:00, 2.0
7.0, 10.4, 140.0, 95.0, 1993-07-01 00:00:00, 10.4
8.0, 13.0, 0.0, 73.0, 1993-07-02 00:00:00, 2.0
3.0, 12.5, 90.0, 72.0, 1993-07-03 00:00:00, 0.0
20.0, 12.3, 270.0, 67.0, 1993-07-04 00:00:00, 0.0
15.0, 11.8, 320.0, 59.0, 1993-07-05 00:00:00, 0.0
2.0, 9.0, 50.0, 86.0, 1993-07-06 00:00:00, 0.5
9.0, 14.7, 50.0, 62.0, 1993-07-07 00:00:00, 0.0
7.0, 12.3, 90.0, 83.0, 1993-07-08 00:00:00, 3.8
13.0, 13.7, 90.0, 51.0, 1993-07-09 00:00:00, 11.4
10.0, 8.0, 270.0, 93.0, 1993-07-10 00:00:00, 6.6
10.0, 9.3, 90.0, 94.0, 1993-07-11 00:00:00, 11.4
15.0, 13.0, 50.0, 62.0, 1993-07-12 00:00:00, 0.3
9.0, 8.1, 180.0, 96.0, 1993-07-13 00:00:00, 3.0
4.0, 10.6, 140.0, 81.0, 1993-07-14 00:00:00, 3.8
7.0, 9.4, 180.0, 85.0, 1993-07-15 00:00:00, 10.7
14.0, 10.0, 270.0, 1.0, 1993-07-16 00:00:00, 0.0
6.0, 10.8, 230.0, 85.0, 1993-07-17 00:00:00, 2.0
5.0, 11.2, 230.0, 89.0, 1993-07-18 00:00:00, 5.8
7.0, 15.3, 320.0, 65.0, 1993-07-19 00:00:00, 0.0
9.0, 15.9, 50.0, 64.0, 1993-07-20 00:00:00, 0.0
9.0, 13.5, 50.0, 79.0, 1993-07-21 00:00:00, 0.0
23.0, 15.7, 180.0, 61.0, 1993-07-22 00:00:00, 1.2
10.0, 9.6, 180.0, 97.0, 1993-07-23 00:00:00, 3.8
15.0, 14.1, 270.0, 68.0, 1993-07-24 00:00:00, 8.9
0.0, 15.4, 0.0, 61.0, 1993-07-25 00:00:00, 0.0
5.0, 16.8, 90.0, 60.0, 1993-07-26 00:00:00, 0.0
16.0, 18.3, 180.0, 55.0, 1993-07-27 00:00:00, 0.0
6.0, 11.0, 90.0, 99.0, 1993-07-28 00:00:00, 8.1
20.0, 10.6, 230.0, 94.0, 1993-07-29 00:00:00, 19.1
17.0, 9.7, 180.0, 70.0, 1993-07-30 00:00:00, 0.3
12.0, 13.3, 270.0, 60.0, 1993-07-31 00:00:00, 0.0
13.0, 18.2, 270.0, 48.0, 1993-08-01 00:00:00, 0.0
7.0, 18.5, 90.0, 48.0, 1993-08-02 00:00:00, 0.0
7.0, 18.5, 90.0, 48.0, 1993-08-03 00:00:00, 0.0
8.0, 21.4, 90.0, 43.0, 1993-08-04 00:00:00, 0.0
6.0, 20.4, 140.0, 51.0, 1993-08-05 00:00:00, 0.0
7.0, 18.0, 320.0, 56.0, 1993-08-06 00:00:00, 0.3
11.0, 16.7, 270.0, 53.0, 1993-08-07 00:00:00, 0.0
22.0, 18.5, 180.0, 55.0, 1993-08-08 00:00:00, 0.0
10.0, 10.9, 270.0, 95.0, 1993-08-09 00:00:00, 3.1
18.0, 11.0, 270.0, 80.0, 1993-08-10 00:00:00, 9.1
9.0, 11.1, 90.0, 71.0, 1993-08-11 00:00:00, 0.5
9.0, 16.6, 230.0, 43.0, 1993-08-12 00:00:00, 0.0
7.0, 10.7, 90.0, 99.0, 1993-08-13 00:00:00, 4.3
3.0, 10.7, 0.0, 99.0, 1993-08-14 00:00:00, 9.7
13.0, 16.9, 50.0, 58.0, 1993-08-15 00:00:00, 0.0
7.0, 17.5, 90.0, 63.0, 1993-08-16 00:00:00, 0.0
12.0, 20.0, 180.0, 67.0, 1993-08-17 00:00:00, 0.0
9.0, 20.3, 180.0, 62.0, 1993-08-18 00:00:00, 31.8
9.0, 21.6, 50.0, 55.0, 1993-08-19 00:00:00, 0.0
12.0, 23.7, 180.0, 37.0, 1993-08-20 00:00:00, 0.0
10.0, 16.0, 270.0, 65.0, 1993-08-21 00:00:00, 0.0
13.0, 12.8, 180.0, 89.0, 1993-08-22 00:00:00, 1.5
10.0, 8.5, 230.0, 86.0, 1993-08-23 00:00:00, 11.4
9.0, 5.5, 270.0, 94.0, 1993-08-24 00:00:00, 18.0
5.0, 7.4, 0.0, 93.0, 1993-08-25 00:00:00, 2.0
12.0, 11.2, 180.0, 80.0, 1993-08-26 00:00:00, 0.2
14.0, 5.7, 270.0, 99.0, 1993-08-27 00:00:00, 19.5
4.0, 8.2, 50.0, 99.0, 1993-08-28 00:00:00, 11.4
4.0, 12.4, 180.0, 74.0, 1993-08-29 00:00:00, 0.0
6.0, 13.4, 270.0, 61.0, 1993-08-30 00:00:00, 0.0
6.0, 14.7, 50.0, 65.0, 1993-08-31 00:00:00, 0.0
9.0, 16.4, 50.0, 68.0, 1993-09-01 00:00:00, 0.0
12.0, 19.8, 270.0, 49.0, 1993-09-02 00:00:00, 0.0
16.0, 20.0, 270.0, 37.0, 1993-09-03 00:00:00, 0.0
9.0, 16.8, 90.0, 40.0, 1993-09-04 00:00:00, 0.0
10.0, 17.0, 50.0, 47.0, 1993-09-05 00:00:00, 0.0
11.0, 17.7, 50.0, 49.0, 1993-09-06 00:00:00, 0.0
8.0, 20.5, 90.0, 42.0, 1993-09-07 00:00:00, 0.0
14.0, 20.0, 270.0, 32.0, 1993-09-08 00:00:00, 0.0
9.0, 20.3, 180.0, 35.0, 1993-09-09 00:00:00, 0.0
13.0, 21.5, 270.0, 37.0, 1993-09-10 00:00:00, 0.0
16.0, 9.0, 270.0, 49.0, 1993-09-11 00:00:00, 0.0
9.0, 8.3, 50.0, 55.0, 1993-09-12 00:00:00, 0.0
18.0, 9.4, 180.0, 49.0, 1993-09-13 00:00:00, 0.0
8.0, 7.0, 320.0, 94.0, 1993-09-14 00:00:00, 3.3
8.0, 9.6, 50.0, 68.0, 1993-09-15 00:00:00, 1.8
10.0, 9.4, 50.0, 67.0, 1993-09-16 00:00:00, 0.0
8.0, 12.1, 50.0, 56.0, 1993-09-17 00:00:00, 0.0
11.0, 11.3, 50.0, 59.0, 1993-09-18 00:00:00, 0.0
6.0, 6.9, 50.0, 71.0, 1993-09-19 00:00:00, 0.0
11.0, 8.0, 50.0, 55.0, 1993-09-20 00:00:00, 0.0
9.0, 8.3, 90.0, 49.0, 1993-09-21 00:00:00, 0.0
5.0, 11.4, 0.0, 46.0, 1993-09-22 00:00:00, 0.0
12.0, 14.5, 270.0, 32.0, 1993-09-23 00:00:00, 0.0
10.0, 16.0, 0.0, 40.0, 1993-09-24 00:00:00, 0.0
14.0, 17.4, 230.0, 48.0, 1993-09-25 00:00:00, 0.0
19.0, 17.0, 0.0, 45.0, 1993-09-26 00:00:00, 0.0
14.0, 15.5, 270.0, 32.0, 1993-09-27 00:00:00, 0.0
4.0, 16.9, 270.0, 25.0, 1993-09-28 00:00:00, 0.0
15.0, 14.1, 270.0, 42.0, 1993-09-29 00:00:00, 0.0
14.0, 9.4, 270.0, 52.0, 1993-09-30 00:00:00, 1.0
6.0, 11.8, 90.0, 53.0, 1993-10-01 00:00:00, 0.0
6.0, 16.3, 50.0, 53.0, 1993-10-02 00:00:00, 0.0
4.0, 18.4, 50.0, 52.0, 1993-10-03 00:00:00, 0.0
14.0, 17.6, 180.0, 48.0, 1993-10-04 00:00:00, 0.0
23.0, 12.5, 180.0, 52.0, 1993-10-05 00:00:00, 0.0
6.0, 5.7, 50.0, 99.0, 1993-10-06 00:00:00, 1.0
6.0, 2.4, 50.0, 99.0, 1993-10-07 00:00:00, 2.5
5.0, 6.8, 50.0, 99.0, 1993-10-08 00:00:00, 0.0
5.0, 10.3, 50.0, 64.0, 1993-10-09 00:00:00, 0.2
5.0, 11.1, 50.0, 63.0, 1993-10-10 00:00:00, 0.0
9.0, 12.2, 230.0, 46.0, 1993-10-11 00:00:00, 0.0
9.0, 9.2, 230.0, 65.0, 1993-10-12 00:00:00, 0.0
2.0, 7.6, 180.0, 82.0, 1993-10-13 00:00:00, 0.0
4.0, 5.5, 50.0, 92.0, 1993-10-14 00:00:00, 0.2
7.0, 3.2, 50.0, 99.0, 1993-10-15 00:00:00, 1.3
3.0, 3.4, 50.0, 92.0, 1993-10-16 00:00:00, 0.3
7.0, 6.2, 320.0, 81.0, 1993-10-17 00:00:00, 0.0
20.0, 1.9, 180.0, 99.0, 1993-10-18 00:00:00, 0.3
14.0, 1.0, 270.0, 87.0, 1993-10-19 00:00:00, 4.0
17.0, 1.1, 180.0, 80.0, 1993-10-20 00:00:00, 4.3
17.0, 5.6, 180.0, 68.0, 1993-10-21 00:00:00, 0.3
7.0, 17.3, 270.0, 52.0, 1994-08-18 00:00:00, 0.5
10.0, 22.3, 270.0, 33.0, 1994-08-19 00:00:00, 0.0
