station_observations
wind_speed, temperature, wind_direction, relative_humidity, time, precipitation
11.0, 14.4, 50.0, 75.0, 1993-06-02 00:00:00, 0.5
13.0, 17.9, 180.0, 62.0, 1993-06-03 00:00:00, 4.1
10.0, 18.0, 180.0, 57.0, 1993-06-04 00:00:00, 1.5
10.0, 21.8, 180.0, 42.0, 1993-06-05 00:00:00, 4.3
11.0, 21.9, 180.0, 39.0, 1993-06-06 00:00:00, 0.0
14.0, 13.1, 320.0, 74.0, 1993-06-07 00:00:00, 0.0
10.0, 15.6, 50.0, 58.0, 1993-06-08 00:00:00, 0.5
10.0, 9.8, 180.0, 84.0, 1993-06-09 00:00:00, 1.0
10.0, 12.8, 180.0, 63.0, 1993-06-10 00:00:00, 7.6
9.0, 11.4, 50.0, 79.0, 1993-06-11 00:00:00, 0.0
5.0, 12.7, 140.0, 81.0, 1993-06-12 00:00:00, 5.8
9.0, 14.7, 180.0, 67.0, 1993-06-13 00:00:00, 8.4
6.0, 17.3, 180.0, 61.0, 1993-06-14 00:00:00, 1.5
1.0, 12.5, 90.0, 93.0, 1993-06-15 00:00:00, 3.5
6.0, 14.1, 180.0, 83.0, 1993-06-16 00:00:00, 1.0
7.0, 17.5, 230.0, 68.0, 1993-06-17 00:00:00, 1.0
2.0, 15.0, 90.0, 84.0, 1993-06-18 00:00:00, 8.1
14.0, 16.7, 50.0, 62.0, 1993-06-19 00:00:00, 3.1
6.0, 17.7, 180.0, 49.0, 1993-06-20 00:00:00, 0.7
6.0, 19.5, 180.0, 55.0, 1993-06-21 00:00:00, 0.2
10.0, 9.8, 90.0, 77.0, 1993-06-22 00:00:00, 0.0
7.0, 7.6, 270.0, 86.0, 1993-06-23 00:00:00, 1.8
6.0, 14.6, 50.0, 65.0, 1993-06-24 00:00:00, 0.5
10.0, 16.3, 50.0, 73.0, 1993-06-25 00:00:00, 1.8
8.0, 20.4, 90.0, 51.0, 1993-06-26 00:00:00, 0.0
17.0, 12.6, 140.0, 68.0, 1993-06-27 00:00:00, 5.1
10.0, 14.5, 50.0, 60.0, 1993-06-28 00:00:00, 3.3
8.0, 13.5, 50.0, 64.0, 1993-06-29 00:00:00, 0.0
5.0, 14.1, 50.0, 78.0, 1993-06-30 00:00:00, 0.0
7.0, 11.9, 90.0, 92.0, 1993-07-01 00:00:00, 10.7
1.0, 15.7, 140.0, 73.0, 1993-07-02 00:00:00, 2.5
9.0, 15.9, 180.0, 82.0, 1993-07-03 00:00:00, 3.0
3.0, 15.7, 90.0, 80.0, 1993-07-04 00:00:00, 13.5
12.0, 15.5, 320.0, 59.0, 1993-07-05 00:00:00, 0.0
1.0, 13.1, 230.0, 79.0, 1993-07-06 00:00:00, 0.2
9.0, 10.5, 140.0, 61.0, 1993-07-07 00:00:00, 0.0
6.0, 15.9, 50.0, 80.0, 1993-07-08 00:00:00, 0.5
6.0, 16.7, 90.0, 56.0, 1993-07-09 00:00:00, 3.3
11.0, 14.0, 180.0, 73.0, 1993-07-10 00:00:00, 0.0
0.0, 11.3, 140.0, 94.0, 1993-07-11 00:00:00, 10.9
14.0, 14.7, 0.0, 62.0, 1993-07-12 00:00:00, 0.2
7.0, 10.7, 180.0, 92.0, 1993-07-13 00:00:00, 0.2
6.0, 14.6, 180.0, 71.0, 1993-07-14 00:00:00, 2.5
12.0, 16.1, 180.0, 62.0, 1993-07-15 00:00:00, 0.0
11.0, 15.0, 140.0, 72.0, 1993-07-16 00:00:00, 0.0
10.0, 16.1, 270.0, 66.0, 1993-07-17 00:00:00, 0.0
6.0, 17.9, 180.0, 73.0, 1993-07-18 00:00:00, 5.8
7.0, 18.5, 140.0, 66.0, 1993-07-19 00:00:00, 0.0
9.0, 17.5, 140.0, 69.0, 1993-07-20 00:00:00, 0.0
11.0, 15.5, 140.0, 82.0, 1993-07-21 00:00:00, 0.0
11.0, 18.4, 180.0, 62.0, 1993-07-22 00:00:00, 0.0
9.0, 13.0, 320.0, 86.0, 1993-07-23 00:00:00, 0.0
4.0, 15.1, 50.0, 75.0, 1993-07-24 00:00:00, 11.2
3.0, 17.6, 50.0, 65.0, 1993-07-25 00:00:00, 0.0
6.0, 18.7, 90.0, 75.0, 1993-07-26 00:00:00, 1.5
7.0, 20.5, 230.0, 57.0, 1993-07-27 00:00:00, 0.5
5.0, 13.0, 90.0, 99.0, 1993-07-28 00:00:00, 7.9
13.0, 14.5, 180.0, 82.0, 1993-07-29 00:00:00, 16.2
13.0, 13.1, 180.0, 63.0, 1993-07-30 00:00:00, 0.0
6.0, 15.1, 180.0, 68.0, 1993-07-31 00:00:00, 0.0
5.0, 19.3, 180.0, 57.0, 1993-08-01 00:00:00, 0.0
5.0, 22.0, 0.0, 50.0, 1993-08-02 00:00:00, 0.0
5.0, 24.0, 140.0, 47.0, 1993-08-03 00:00:00, 0.0
8.0, 25.5, 180.0, 45.0, 1993-08-04 00:00:00, 0.0
8.0, 24.7, 180.0, 47.0, 1993-08-05 00:00:00, 0.0
6.0, 17.7, 0.0, 84.0, 1993-08-06 00:00:00, 1.2
7.0, 17.5, 90.0, 64.0, 1993-08-07 00:00:00, 10.2
8.0, 19.3, 180.0, 62.0, 1993-08-08 00:00:00, 0.0
9.0, 12.8, 180.0, 90.0, 1993-08-09 00:00:00, 0.3
9.0, 13.6, 140.0, 92.0, 1993-08-10 00:00:00, 10.4
9.0, 14.1, 90.0, 60.0, 1993-08-11 00:00:00, 0.0
8.0, 17.8, 140.0, 53.0, 1993-08-12 00:00:00, 0.0
11.0, 13.8, 320.0, 86.0, 1993-08-13 00:00:00, 0.0
6.0, 16.2, 180.0, 81.0, 1993-08-14 00:00:00, 9.0
7.0, 20.0, 140.0, 66.0, 1993-08-15 00:00:00, 0.0
6.0, 18.7, 140.0, 76.0, 1993-08-16 00:00:00, 0.0
7.0, 21.2, 230.0, 68.0, 1993-08-17 00:00:00, 0.0
9.0, 21.3, 140.0, 67.0, 1993-08-18 00:00:00, 0.0
3.0, 22.6, 140.0, 58.0, 1993-08-19 00:00:00, 0.0
6.0, 24.5, 140.0, 49.0, 1993-08-20 00:00:00, 0.0
14.0, 18.4, 180.0, 70.0, 1993-08-21 00:00:00, 0.0
6.0, 15.0, 180.0, 83.0, 1993-08-22 00:00:00, 6.9
3.0, 10.3, 140.0, 92.0, 1993-08-23 00:00:00, 6.1
2.0, 8.7, 140.0, 91.0, 1993-08-24 00:00:00, 10.7
7.0, 10.3, 90.0, 90.0, 1993-08-25 00:00:00, 1.8
11.0, 13.9, 180.0, 73.0, 1993-08-26 00:00:00, 0.5
3.0, 6.3, 230.0, 99.0, 1993-08-27 00:00:00, 24.1
10.0, 12.4, 0.0, 83.0, 1993-08-28 00:00:00, 15.4
8.0, 14.8, 140.0, 73.0, 1993-08-29 00:00:00, 0.0
5.0, 15.5, 180.0, 61.0, 1993-08-30 00:00:00, 0.2
3.0, 13.6, 90.0, 76.0, 1993-08-31 00:00:00, 0.0
7.0, 19.8, 230.0, 66.0, 1993-09-01 00:00:00, 0.0
7.0, 20.0, 140.0, 63.0, 1993-09-02 00:00:00, 0.0
6.0, 21.9, 230.0, 59.0, 1993-09-03 00:00:00, 0.0
6.0, 19.4, 140.0, 54.0, 1993-09-04 00:00:00, 0.0
5.0, 19.3, 140.0, 46.0, 1993-09-05 00:00:00, 0.0
6.0, 20.0, 180.0, 56.0, 1993-09-06 00:00:00, 0.0
5.0, 19.7, 90.0, 56.0, 1993-09-07 00:00:00, 0.2
7.0, 22.0, 0.0, 38.0, 1993-09-08 00:00:00, 0.0
7.0, 20.6, 140.0, 43.0, 1993-09-09 00:00:00, 0.0
6.0, 20.6, 140.0, 52.0, 1993-09-10 00:00:00, 0.0
15.0, 11.8, 0.0, 43.0, 1993-09-11 00:00:00, 0.0
8.0, 11.7, 90.0, 57.0, 1993-09-12 00:00:00, 0.0
10.0, 10.3, 180.0, 62.0, 1993-09-13 00:00:00, 0.0
9.0, 9.9, 320.0, 89.0, 1993-09-14 00:00:00, 2.7
7.0, 12.9, 140.0, 70.0, 1993-09-15 00:00:00, 0.5
8.0, 12.5, 180.0, 66.0, 1993-09-16 00:00:00, 0.0
8.0, 13.3, 140.0, 58.0, 1993-09-17 00:00:00, 0.0
7.0, 14.2, 140.0, 57.0, 1993-09-18 00:00:00, 0.0
4.0, 10.9, 50.0, 62.0, 1993-09-19 00:00:00, 0.0
9.0, 9.5, 180.0, 63.0, 1993-09-20 00:00:00, 0.0
6.0, 10.6, 180.0, 50.0, 1993-09-21 00:00:00, 0.0
6.0, 11.4, 140.0, 58.0, 1993-09-22 00:00:00, 0.0
5.0, 12.2, 140.0, 57.0, 1993-09-23 00:00:00, 0.0
9.0, 12.1, 180.0, 52.0, 1993-09-24 00:00:00, 0.0
5.0, 16.9, 180.0, 49.0, 1993-09-25 00:00:00, 0.0
5.0, 16.9, 180.0, 49.0, 1993-09-26 00:00:00, 0.0
6.0, 18.2, 180.0, 54.0, 1993-09-27 00:00:00, 0.0
5.0, 15.9, 140.0, 50.0, 1993-09-28 00:00:00, 0.2
0.0, 12.4, 0.0, 67.0, 1993-09-29 00:00:00, 0.0
8.0, 12.7, 90.0, 56.0, 1993-09-30 00:00:00, 0.2
3.0, 14.7, 140.0, 49.0, 1993-10-01 00:00:00, 0.0
4.0, 15.6, 140.0, 58.0, 1993-10-02 00:00:00, 0.0
4.0, 17.5, 140.0, 57.0, 1993-10-03 00:00:00, 0.0
8.0, 17.8, 180.0, 62.0, 1993-10-04 00:00:00, 0.0
8.0, 14.5, 230.0, 56.0, 1993-10-05 00:00:00, 0.0
8.0, 13.0, 50.0, 67.0, 1993-10-06 00:00:00, 0.0
0.0, 5.5, 140.0, 90.0, 1993-10-07 00:00:00, 0.0
5.0, 7.4, 140.0, 82.0, 1993-10-08 00:00:00, 0.0
5.0, 4.9, 180.0, 98.0, 1993-10-09 00:00:00, 0.2
3.0, 3.8, 140.0, 99.0, 1993-10-10 00:00:00, 0.0
4.0, 7.4, 140.0, 74.0, 1993-10-11 00:00:00, 0.0
2.0, 9.7, 140.0, 72.0, 1993-10-12 00:00:00, 0.0
1.0, 7.2, 90.0, 88.0, 1993-10-13 00:00:00, 0.0
0.0, 6.3, 140.0, 98.0, 1993-10-14 00:00:00, 0.0
0.0, 6.6, 0.0, 83.0, 1993-10-15 00:00:00, 0.5
0.0, 6.3, 0.0, 78.0, 1993-10-16 00:00:00, 0.0
3.0, 5.3, 140.0, 89.0, 1993-10-17 00:00:00, 0.0
8.0, 4.5, 230.0, 95.0, 1993-10-18 00:00:00, 0.0
6.0, 4.3, 180.0, 80.0, 1993-10-19 00:00:00, 10.4
3.0, 3.5, 180.0, 71.0, 1993-10-20 00:00:00, 0.0
5.0, 7.5, 180.0, 73.0, 1993-10-21 00:00:00, 0.0
0.0, 7.4, 180.0, 72.0, 1993-10-22 00:00:00, 0.0
0.0, 5.2, 230.0, 99.0, 1993-10-23 00:00:00, 1.2
0.0, 3.7, 140.0, 98.0, 1993-10-24 00:00:00, 13.9
1.0, 4.6, 180.0, 90.0, 1993-10-25 00:00:00, 0.2
2.0, 3.8, 140.0, 94.0, 1993-10-26 00:00:00, 0.0
1.0, 3.5, 140.0, 99.0, 1993-10-27 00:00:00, 2.0
0.0, 5.8, 140.0, 87.0, 1993-10-28 00:00:00, 0.7
0.0, 3.1, 0.0, 83.0, 1993-10-29 00:00:00, 0.0
5.0, 5.2, 140.0, 84.0, 1993-10-30 00:00:00, 0.0
9.0, 4.7, 90.0, 74.0, 1993-10-31 00:00:00, 13.4
7.0, 0.8, 180.0, 95.0, 1993-11-01 00:00:00, 0.2
10.0, 1.4, 230.0, 99.0, 1993-11-02 00:00:00, 0.0
5.0, 3.4, 50.0, 86.0, 1993-11-03 00:00:00, 21.0
8.0, -1.6, 0.0, 83.0, 1993-11-04 00:00:00, 0.0
4.0, -2.1, 180.0, 77.0, 1993-11-05 00:00:00, 0.0
4.0, -2.1, 140.0, 99.0, 1993-11-06 00:00:00, 0.2
2.0, 2.0, 230.0, 97.0, 1993-11-07 00:00:00, 1.5
