station_observations
wind_speed, temperature, wind_direction, relative_humidity, time, precipitation
9.0, 16.0, 270.0, 39.0, 1989-05-03 00:00:00, 0.0
9.0, 16.0, 270.0, 39.0, 1989-05-04 00:00:00, 0.0
12.0, 18.7, 140.0, 34.0, 1989-05-05 00:00:00, 0.0
4.0, 14.0, 270.0, 59.0, 1989-05-06 00:00:00, 0.0
6.0, 15.1, 320.0, 49.0, 1989-05-07 00:00:00, 0.0
15.0, 18.3, 140.0, 29.0, 1989-05-08 00:00:00, 0.0
14.0, 18.6, 140.0, 36.0, 1989-05-09 00:00:00, 0.0
10.0, 15.0, 0.0, 35.0, 1989-05-10 00:00:00, 0.0
10.0, 15.0, 0.0, 35.0, 1989-05-11 00:00:00, 0.0
10.0, 15.0, 0.0, 35.0, 1989-05-12 00:00:00, 0.0
8.0, 10.0, 0.0, 60.0, 1989-05-13 00:00:00, 3.0
2.0, 10.0, 0.0, 90.0, 1989-05-14 00:00:00, 0.0
2.0, 15.0, 0.0, 50.0, 1989-05-15 00:00:00, 0.0
13.0, 14.2, 270.0, 33.0, 1989-05-16 00:00:00, 0.0
6.0, 6.9, 90.0, 74.0, 1989-05-17 00:00:00, 0.8
4.0, 5.4, 180.0, 85.0, 1989-05-18 00:00:00, 8.4
18.0, 8.2, 270.0, 53.0, 1989-05-19 00:00:00, 7.9
12.0, 9.8, 320.0, 41.0, 1989-05-20 00:00:00, 0.0
10.0, 8.2, 0.0, 71.0, 1989-05-21 00:00:00, 0.3
10.0, 11.4, 0.0, 53.0, 1989-05-22 00:00:00, 0.0
7.0, 14.2, 0.0, 40.0, 1989-05-23 00:00:00, 0.0
13.0, 15.7, 0.0, 39.0, 1989-05-24 00:00:00, 0.0
9.0, 5.4, 320.0, 88.0, 1989-05-25 00:00:00, 0.8
12.0, 7.9, 140.0, 92.0, 1989-05-26 00:00:00, 9.4
24.0, 14.0, 0.0, 50.0, 1989-05-27 00:00:00, 0.3
18.0, 17.0, 320.0, 23.0, 1989-05-28 00:00:00, 0.0
5.0, 20.6, 50.0, 33.0, 1989-05-29 00:00:00, 0.0
10.0, 24.4, 0.0, 36.0, 1989-05-30 00:00:00, 0.0
11.0, 21.5, 230.0, 44.0, 1989-05-31 00:00:00, 0.0
9.0, 20.4, 270.0, 36.0, 1989-06-01 00:00:00, 0.0
10.0, 21.4, 270.0, 27.0, 1989-06-02 00:00:00, 0.0
15.0, 23.7, 50.0, 23.0, 1989-06-03 00:00:00, 0.0
9.0, 27.3, 270.0, 20.0, 1989-06-04 00:00:00, 0.0
11.0, 24.9, 230.0, 22.0, 1989-06-05 00:00:00, 0.0
6.0, 19.4, 320.0, 32.0, 1989-06-06 00:00:00, 0.0
7.0, 20.0, 50.0, 40.0, 1989-06-07 00:00:00, 0.0
17.0, 19.0, 0.0, 41.0, 1989-06-08 00:00:00, 0.0
16.0, 12.5, 0.0, 72.0, 1989-06-09 00:00:00, 0.0
6.0, 22.0, 180.0, 49.0, 1989-06-10 00:00:00, 0.0
8.0, 26.7, 230.0, 32.0, 1989-06-11 00:00:00, 0.0
15.0, 26.8, 180.0, 29.0, 1989-06-12 00:00:00, 0.0
10.0, 19.0, 140.0, 56.0, 1989-06-13 00:00:00, 0.3
2.0, 19.9, 0.0, 42.0, 1989-06-14 00:00:00, 0.3
4.0, 15.7, 320.0, 48.0, 1989-06-15 00:00:00, 2.0
11.0, 15.5, 270.0, 45.0, 1989-06-16 00:00:00, 2.3
17.0, 14.6, 140.0, 50.0, 1989-06-17 00:00:00, 0.0
10.0, 12.7, 140.0, 51.0, 1989-06-18 00:00:00, 0.3
7.0, 8.9, 140.0, 81.0, 1989-06-19 00:00:00, 0.3
11.0, 13.8, 270.0, 70.0, 1989-06-20 00:00:00, 9.4
6.0, 14.3, 140.0, 49.0, 1989-06-21 00:00:00, 0.0
12.0, 16.8, 0.0, 68.0, 1989-06-22 00:00:00, 3.3
9.0, 23.2, 270.0, 43.0, 1989-06-23 00:00:00, 0.0
12.0, 21.9, 0.0, 47.0, 1989-06-24 00:00:00, 0.0
18.0, 23.3, 140.0, 41.0, 1989-06-25 00:00:00, 0.0
7.0, 13.6, 270.0, 41.0, 1989-06-26 00:00:00, 0.3
12.0, 6.3, 140.0, 97.0, 1989-06-27 00:00:00, 1.5
16.0, 12.7, 140.0, 76.0, 1989-06-28 00:00:00, 3.3
11.0, 16.5, 180.0, 59.0, 1989-06-29 00:00:00, 0.5
3.0, 11.7, 320.0, 95.0, 1989-06-30 00:00:00, 29.5
10.0, 15.2, 90.0, 75.0, 1989-07-01 00:00:00, 2.8
15.0, 16.7, 270.0, 61.0, 1989-07-02 00:00:00, 3.6
10.0, 17.9, 230.0, 48.0, 1989-07-03 00:00:00, 0.0
14.0, 15.2, 230.0, 63.0, 1989-07-04 00:00:00, 5.1
6.0, 14.2, 270.0, 78.0, 1989-07-05 00:00:00, 7.4
7.0, 18.5, 140.0, 48.0, 1989-07-06 00:00:00, 2.3
15.0, 17.1, 0.0, 61.0, 1989-07-07 00:00:00, 0.0
3.0, 17.1, 50.0, 57.0, 1989-07-08 00:00:00, 0.0
13.0, 19.5, 320.0, 70.0, 1989-07-09 00:00:00, 0.0
12.0, 21.5, 0.0, 51.0, 1989-07-10 00:00:00, 0.3
8.0, 19.5, 180.0, 70.0, 1989-07-11 00:00:00, 1.8
7.0, 23.9, 180.0, 51.0, 1989-07-12 00:00:00, 0.3
6.0, 23.7, 230.0, 56.0, 1989-07-13 00:00:00, 0.0
7.0, 24.5, 140.0, 52.0, 1989-07-14 00:00:00, 0.3
5.0, 20.3, 0.0, 57.0, 1989-07-15 00:00:00, 0.5
16.0, 17.8, 140.0, 57.0, 1989-07-16 00:00:00, 0.3
14.0, 22.0, 90.0, 42.0, 1989-07-17 00:00:00, 0.0
12.0, 21.2, 140.0, 38.0, 1989-07-18 00:00:00, 0.0
9.0, 24.4, 140.0, 34.0, 1989-07-19 00:00:00, 0.3
4.0, 21.3, 270.0, 45.0, 1989-07-20 00:00:00, 0.0
6.0, 13.8, 230.0, 67.0, 1989-07-21 00:00:00, 4.6
9.0, 17.2, 180.0, 55.0, 1989-07-22 00:00:00, 0.3
16.0, 18.3, 320.0, 48.0, 1989-07-23 00:00:00, 0.0
8.0, 19.5, 180.0, 57.0, 1989-07-24 00:00:00, 2.3
8.0, 23.9, 90.0, 37.0, 1989-07-25 00:00:00, 0.3
8.0, 27.7, 140.0, 23.0, 1989-07-26 00:00:00, 0.0
9.0, 23.2, 320.0, 52.0, 1989-07-27 00:00:00, 1.5
11.0, 21.1, 50.0, 51.0, 1989-07-28 00:00:00, 9.4
9.0, 25.3, 0.0, 47.0, 1989-07-29 00:00:00, 0.0
11.0, 27.2, 320.0, 42.0, 1989-07-30 00:00:00, 0.0
7.0, 26.4, 230.0, 43.0, 1989-07-31 00:00:00, 0.0
8.0, 22.5, 270.0, 57.0, 1989-08-01 00:00:00, 0.0
8.0, 11.5, 140.0, 97.0, 1989-08-02 00:00:00, 41.1
9.0, 18.9, 180.0, 66.0, 1989-08-03 00:00:00, 17.5
3.0, 22.5, 140.0, 57.0, 1989-08-04 00:00:00, 0.0
15.0, 23.4, 180.0, 60.0, 1989-08-05 00:00:00, 0.8
3.0, 23.4, 90.0, 58.0, 1989-08-06 00:00:00, 2.0
5.0, 25.7, 270.0, 43.0, 1989-08-07 00:00:00, 0.0
7.0, 24.2, 0.0, 36.0, 1989-08-08 00:00:00, 0.0
17.0, 20.8, 270.0, 44.0, 1989-08-09 00:00:00, 1.0
2.0, 17.9, 0.0, 56.0, 1989-08-10 00:00:00, 2.3
7.0, 19.2, 180.0, 57.0, 1989-08-11 00:00:00, 1.0
6.0, 24.2, 180.0, 41.0, 1989-08-12 00:00:00, 0.0
10.0, 23.0, 180.0, 52.0, 1989-08-13 00:00:00, 0.3
5.0, 17.7, 270.0, 78.0, 1989-08-14 00:00:00, 5.8
5.0, 14.2, 320.0, 90.0, 1989-08-15 00:00:00, 0.0
10.0, 19.7, 320.0, 63.0, 1989-08-16 00:00:00, 0.5
9.0, 22.9, 50.0, 51.0, 1989-08-17 00:00:00, 0.0
8.0, 19.3, 180.0, 71.0, 1989-08-18 00:00:00, 0.5
6.0, 21.6, 0.0, 64.0, 1989-08-19 00:00:00, 0.0
3.0, 14.8, 140.0, 87.0, 1989-08-20 00:00:00, 2.5
4.0, 14.3, 50.0, 92.0, 1989-08-21 00:00:00, 4.6
2.0, 11.6, 140.0, 88.0, 1989-08-22 00:00:00, 15.5
7.0, 15.1, 180.0, 78.0, 1989-08-23 00:00:00, 1.3
5.0, 17.6, 0.0, 69.0, 1989-08-24 00:00:00, 1.0
14.0, 18.6, 0.0, 72.0, 1989-08-25 00:00:00, 0.8
21.0, 18.8, 0.0, 48.0, 1989-08-26 00:00:00, 0.0
16.0, 18.8, 320.0, 45.0, 1989-08-27 00:00:00, 0.0
3.0, 13.5, 320.0, 72.0, 1989-08-28 00:00:00, 0.0
8.0, 18.3, 180.0, 52.0, 1989-08-29 00:00:00, 0.0
4.0, 20.0, 320.0, 57.0, 1989-08-30 00:00:00, 0.0
2.0, 17.2, 270.0, 61.0, 1989-08-31 00:00:00, 0.0
5.0, 16.8, 270.0, 54.0, 1989-09-01 00:00:00, 0.5
14.0, 14.3, 320.0, 50.0, 1989-09-02 00:00:00, 0.0
15.0, 16.7, 180.0, 57.0, 1989-09-03 00:00:00, 0.0
7.0, 15.9, 320.0, 50.0, 1989-09-04 00:00:00, 2.8
9.0, 12.9, 0.0, 68.0, 1989-09-05 00:00:00, 0.3
10.0, 18.8, 270.0, 52.0, 1989-09-06 00:00:00, 0.0
19.0, 19.7, 320.0, 49.0, 1989-09-07 00:00:00, 0.0
7.0, 17.2, 320.0, 41.0, 1989-09-08 00:00:00, 0.0
7.0, 18.3, 320.0, 41.0, 1989-09-09 00:00:00, 0.0
2.0, 19.3, 0.0, 37.0, 1989-09-10 00:00:00, 0.0
4.0, 19.8, 180.0, 42.0, 1989-09-11 00:00:00, 0.0
7.0, 20.6, 180.0, 41.0, 1989-09-12 00:00:00, 0.0
9.0, 20.7, 140.0, 37.0, 1989-09-13 00:00:00, 0.0
8.0, 18.6, 320.0, 38.0, 1989-09-14 00:00:00, 0.0
5.0, 13.4, 180.0, 51.0, 1989-09-15 00:00:00, 0.0
11.0, 12.6, 0.0, 59.0, 1989-09-16 00:00:00, 0.0
18.0, 9.7, 320.0, 55.0, 1989-09-17 00:00:00, 0.8
1.0, 8.0, 270.0, 82.0, 1989-09-18 00:00:00, 0.3
13.0, 10.6, 140.0, 94.0, 1989-09-19 00:00:00, 10.4
16.0, 15.3, 180.0, 73.0, 1989-09-20 00:00:00, 0.3
9.0, 16.4, 90.0, 61.0, 1989-09-21 00:00:00, 0.3
16.0, 18.9, 180.0, 56.0, 1989-09-22 00:00:00, 0.0
3.0, 20.3, 270.0, 39.0, 1989-09-23 00:00:00, 0.0
7.0, 17.9, 140.0, 50.0, 1989-09-24 00:00:00, 0.0
15.0, 19.6, 180.0, 46.0, 1989-09-25 00:00:00, 0.0
4.0, 15.3, 180.0, 68.0, 1989-09-26 00:00:00, 0.0
2.0, 15.3, 90.0, 68.0, 1989-09-27 00:00:00, 0.0
11.0, 17.2, 180.0, 58.0, 1989-09-28 00:00:00, 0.0
0.0, 17.3, 0.0, 58.0, 1989-09-29 00:00:00, 0.0
15.0, 7.1, 320.0, 77.0, 1989-09-30 00:00:00, 3.6
8.0, 9.1, 0.0, 56.0, 1989-10-01 00:00:00, 0.3
11.0, 9.5, 180.0, 50.0, 1989-10-02 00:00:00, 0.0
10.0, 12.6, 180.0, 49.0, 1989-10-03 00:00:00, 0.0
4.0, 9.4, 140.0, 70.0, 1989-10-04 00:00:00, 0.0
8.0, 10.3, 0.0, 93.0, 1989-10-05 00:00:00, 4.6
13.0, 9.0, 140.0, 97.0, 1989-10-06 00:00:00, 0.3
6.0, 14.4, 140.0, 64.0, 1989-10-07 00:00:00, 0.0
8.0, 13.5, 270.0, 58.0, 1989-10-08 00:00:00, 0.0
16.0, 12.6, 140.0, 58.0, 1989-10-09 00:00:00, 0.0
12.0, 8.9, 140.0, 68.0, 1989-10-10 00:00:00, 2.0
9.0, 10.0, 230.0, 50.0, 1989-10-11 00:00:00, 0.0
11.0, 9.1, 320.0, 46.0, 1989-10-12 00:00:00, 0.0
15.0, 6.5, 140.0, 76.0, 1989-10-13 00:00:00, 0.0
9.0, 6.4, 270.0, 63.0, 1989-10-14 00:00:00, 0.0
7.0, 0.8, 180.0, 97.0, 1989-10-15 00:00:00, 0.0
10.0, 3.4, 90.0, 71.0, 1989-10-16 00:00:00, 0.0
18.0, 8.1, 140.0, 75.0, 1989-10-17 00:00:00, 3.6
9.0, 9.1, 140.0, 93.0, 1989-10-18 00:00:00, 2.3
17.0, 7.3, 140.0, 75.0, 1989-10-19 00:00:00, 0.0
8.0, 7.3, 270.0, 67.0, 1989-10-20 00:00:00, 0.3
0.0, 0.0, 0.0, 0.0, 1990-05-30 00:00:00, 0.0
10.0, 14.0, 140.0, 65.0, 1990-05-31 00:00:00, 1.0
8.0, 15.0, 230.0, 55.0, 1990-06-01 00:00:00, 0.0
8.0, 16.0, 270.0, 50.0, 1990-06-02 00:00:00, 0.0
7.0, 14.0, 180.0, 55.0, 1990-06-03 00:00:00, 0.5
17.0, 13.0, 270.0, 60.0, 1990-06-04 00:00:00, 1.0
12.0, 10.0, 270.0, 75.0, 1990-06-05 00:00:00, 2.0
10.0, 12.0, 140.0, 50.0, 1990-06-06 00:00:00, 0.0
12.0, 12.0, 180.0, 50.0, 1990-06-07 00:00:00, 2.0
10.0, 10.0, 140.0, 65.0, 1990-06-08 00:00:00, 1.0
10.0, 10.0, 230.0, 70.0, 1990-06-09 00:00:00, 1.0
20.0, 8.0, 230.0, 80.0, 1990-06-10 00:00:00, 2.0
25.0, 7.0, 230.0, 95.0, 1990-06-11 00:00:00, 9.0
20.0, 7.0, 320.0, 95.0, 1990-06-12 00:00:00, 6.0
20.0, 10.0, 320.0, 75.0, 1990-06-13 00:00:00, 2.0
10.0, 16.0, 320.0, 45.0, 1990-06-14 00:00:00, 0.0
12.0, 15.0, 320.0, 50.0, 1990-06-15 00:00:00, 1.0
10.0, 14.0, 270.0, 45.0, 1990-06-16 00:00:00, 1.0
10.0, 15.0, 320.0, 45.0, 1990-06-17 00:00:00, 0.0
10.0, 0.0, 320.0, 55.0, 1990-06-18 00:00:00, 2.0
3.0, 20.5, 90.0, 69.0, 1990-07-09 00:00:00, 5.8
6.0, 25.2, 140.0, 46.0, 1990-07-10 00:00:00, 0.0
0.0, 27.2, 0.0, 55.0, 1990-07-11 00:00:00, 0.0
2.0, 29.2, 320.0, 46.0, 1990-07-12 00:00:00, 0.0
3.0, 19.2, 230.0, 48.0, 1990-07-13 00:00:00, 2.2
3.0, 21.8, 320.0, 47.0, 1990-07-14 00:00:00, 0.0
2.0, 19.9, 50.0, 63.0, 1990-07-15 00:00:00, 0.0
4.0, 14.0, 230.0, 60.0, 1990-07-16 00:00:00, 5.0
2.0, 18.7, 320.0, 48.0, 1990-07-17 00:00:00, 0.0
7.0, 14.1, 320.0, 97.0, 1990-07-18 00:00:00, 2.5
3.0, 20.9, 320.0, 50.0, 1990-07-19 00:00:00, 3.3
5.0, 22.6, 320.0, 45.0, 1990-07-20 00:00:00, 0.0
3.0, 24.5, 0.0, 44.0, 1990-07-21 00:00:00, 0.0
1.0, 27.0, 140.0, 34.0, 1990-07-22 00:00:00, 0.0
0.0, 23.6, 230.0, 58.0, 1990-07-23 00:00:00, 0.0
2.0, 25.5, 0.0, 58.0, 1990-07-24 00:00:00, 0.0
1.0, 25.3, 320.0, 67.0, 1990-07-25 00:00:00, 1.5
3.0, 23.6, 180.0, 41.0, 1990-07-26 00:00:00, 0.0
7.0, 20.8, 320.0, 52.0, 1990-07-27 00:00:00, 0.0
4.0, 25.0, 0.0, 46.0, 1990-07-28 00:00:00, 0.0
1.0, 26.7, 320.0, 49.0, 1990-07-29 00:00:00, 0.0
1.0, 28.3, 50.0, 52.0, 1990-07-30 00:00:00, 0.0
4.0, 22.9, 270.0, 52.0, 1990-07-31 00:00:00, 0.0
4.0, 19.4, 270.0, 37.0, 1990-08-01 00:00:00, 0.0
1.0, 17.4, 140.0, 54.0, 1990-08-02 00:00:00, 0.0
7.0, 20.6, 140.0, 53.0, 1990-08-03 00:00:00, 4.3
4.0, 25.6, 90.0, 46.0, 1990-08-04 00:00:00, 0.0
12.0, 28.6, 140.0, 32.0, 1990-08-05 00:00:00, 0.0
6.0, 22.4, 270.0, 44.0, 1990-08-06 00:00:00, 0.0
2.0, 17.9, 180.0, 55.0, 1990-08-07 00:00:00, 0.0
5.0, 24.6, 50.0, 45.0, 1990-08-08 00:00:00, 0.0
3.0, 26.1, 320.0, 51.0, 1990-08-09 00:00:00, 0.0
9.0, 28.7, 320.0, 40.0, 1990-08-10 00:00:00, 0.0
1.0, 30.4, 270.0, 43.0, 1990-08-11 00:00:00, 0.0
10.0, 30.7, 140.0, 32.0, 1990-08-12 00:00:00, 0.0
3.0, 29.9, 90.0, 30.0, 1990-08-13 00:00:00, 0.5
1.0, 23.7, 270.0, 58.0, 1990-08-14 00:00:00, 1.0
7.0, 20.2, 320.0, 67.0, 1990-08-15 00:00:00, 0.0
3.0, 21.5, 320.0, 67.0, 1990-08-16 00:00:00, 0.0
