station_observations
wind_speed, temperature, wind_direction, relative_humidity, time, precipitation
0.0, 0.0, 0.0, 0.0, 1989-05-12 00:00:00, 0.0
9.0, 8.9, 180.0, 40.0, 1989-05-13 00:00:00, 0.0
5.0, 11.5, 180.0, 30.0, 1989-05-14 00:00:00, 0.0
5.0, 14.3, 180.0, 36.0, 1989-05-15 00:00:00, 0.0
1.0, 8.0, 140.0, 87.0, 1989-05-16 00:00:00, 3.3
16.0, 4.0, 270.0, 87.0, 1989-05-17 00:00:00, 1.2
3.0, 2.9, 90.0, 81.0, 1989-05-18 00:00:00, 4.8
6.0, 0.3, 90.0, 97.0, 1989-05-19 00:00:00, 1.0
4.0, 6.1, 90.0, 51.0, 1989-05-20 00:00:00, 3.8
5.0, 7.2, 140.0, 50.0, 1989-05-21 00:00:00, 0.0
5.0, 9.7, 320.0, 46.0, 1989-05-22 00:00:00, 0.0
4.0, 5.0, 180.0, 96.0, 1989-05-23 00:00:00, 1.5
4.0, 3.1, 140.0, 92.0, 1989-05-24 00:00:00, 1.7
6.0, 4.6, 180.0, 97.0, 1989-05-25 00:00:00, 4.5
16.0, 3.9, 270.0, 88.0, 1989-05-26 00:00:00, 7.8
15.0, 9.4, 180.0, 82.0, 1989-05-27 00:00:00, 3.5
10.0, 9.7, 180.0, 49.0, 1989-05-28 00:00:00, 0.0
7.0, 14.8, 180.0, 27.0, 1989-05-29 00:00:00, 0.0
4.0, 18.5, 140.0, 33.0, 1989-05-30 00:00:00, 0.0
5.0, 14.0, 140.0, 70.0, 1989-05-31 00:00:00, 2.0
5.0, 16.0, 90.0, 52.0, 1989-06-01 00:00:00, 0.0
5.0, 18.0, 90.0, 28.0, 1989-06-02 00:00:00, 0.0
9.0, 17.9, 230.0, 30.0, 1989-06-03 00:00:00, 0.0
4.0, 21.5, 140.0, 28.0, 1989-06-04 00:00:00, 0.0
5.0, 22.3, 90.0, 25.0, 1989-06-05 00:00:00, 0.0
3.0, 16.4, 90.0, 34.0, 1989-06-06 00:00:00, 0.0
6.0, 18.2, 180.0, 31.0, 1989-06-07 00:00:00, 0.0
1.0, 17.9, 50.0, 43.0, 1989-06-08 00:00:00, 0.0
10.0, 12.9, 140.0, 61.0, 1989-06-09 00:00:00, 5.8
8.0, 15.5, 180.0, 54.0, 1989-06-10 00:00:00, 0.0
11.0, 20.0, 320.0, 38.0, 1989-06-11 00:00:00, 0.0
17.0, 22.2, 0.0, 35.0, 1989-06-12 00:00:00, 0.0
17.0, 15.9, 320.0, 61.0, 1989-06-13 00:00:00, 0.0
11.0, 13.9, 0.0, 70.0, 1989-06-14 00:00:00, 6.1
3.0, 8.7, 90.0, 78.0, 1989-06-15 00:00:00, 1.0
1.0, 7.3, 90.0, 90.0, 1989-06-16 00:00:00, 2.5
18.0, 10.0, 0.0, 62.0, 1989-06-17 00:00:00, 1.3
14.0, 9.2, 0.0, 58.0, 1989-06-18 00:00:00, 0.0
2.0, 8.7, 50.0, 59.0, 1989-06-19 00:00:00, 0.0
4.0, 4.3, 90.0, 99.0, 1989-06-20 00:00:00, 5.6
8.0, 10.8, 180.0, 81.0, 1989-06-21 00:00:00, 0.0
4.0, 10.2, 90.0, 89.0, 1989-06-22 00:00:00, 8.6
10.0, 16.7, 230.0, 43.0, 1989-06-23 00:00:00, 0.0
6.0, 19.9, 90.0, 45.0, 1989-06-24 00:00:00, 0.0
13.0, 17.9, 0.0, 41.0, 1989-06-25 00:00:00, 10.7
11.0, 9.5, 230.0, 80.0, 1989-06-26 00:00:00, 5.1
14.0, 4.6, 0.0, 91.0, 1989-06-27 00:00:00, 10.7
13.0, 6.4, 320.0, 94.0, 1989-06-28 00:00:00, 0.0
17.0, 10.6, 0.0, 79.0, 1989-06-29 00:00:00, 0.0
19.0, 13.5, 0.0, 62.0, 1989-06-30 00:00:00, 0.0
13.0, 10.0, 0.0, 68.0, 1989-07-01 00:00:00, 0.0
11.0, 12.0, 0.0, 65.0, 1989-07-02 00:00:00, 0.0
19.0, 8.8, 0.0, 77.0, 1989-07-03 00:00:00, 0.0
1.0, 9.0, 180.0, 85.0, 1989-07-04 00:00:00, 0.0
0.0, 10.6, 0.0, 74.0, 1989-07-05 00:00:00, 0.3
8.0, 13.6, 180.0, 63.0, 1989-07-06 00:00:00, 1.0
6.0, 15.6, 140.0, 55.0, 1989-07-07 00:00:00, 0.0
1.0, 9.6, 180.0, 86.0, 1989-07-08 00:00:00, 0.5
9.0, 14.1, 180.0, 63.0, 1989-07-09 00:00:00, 0.0
8.0, 15.7, 180.0, 62.0, 1989-07-10 00:00:00, 0.0
8.0, 14.2, 320.0, 78.0, 1989-07-11 00:00:00, 7.9
4.0, 20.8, 0.0, 46.0, 1989-07-12 00:00:00, 0.0
5.0, 21.0, 320.0, 56.0, 1989-07-13 00:00:00, 0.0
17.0, 21.8, 0.0, 48.0, 1989-07-14 00:00:00, 0.0
8.0, 13.7, 270.0, 83.0, 1989-07-15 00:00:00, 0.0
14.0, 13.6, 0.0, 65.0, 1989-07-16 00:00:00, 0.0
12.0, 15.6, 320.0, 65.0, 1989-07-17 00:00:00, 0.0
17.0, 16.1, 0.0, 56.0, 1989-07-18 00:00:00, 0.0
14.0, 17.3, 0.0, 63.0, 1989-07-19 00:00:00, 0.0
9.0, 20.5, 0.0, 31.0, 1989-07-20 00:00:00, 0.0
5.0, 10.1, 0.0, 80.0, 1989-07-21 00:00:00, 0.0
6.0, 11.0, 230.0, 66.0, 1989-07-22 00:00:00, 0.0
13.0, 16.9, 0.0, 42.0, 1989-07-23 00:00:00, 0.0
8.0, 14.2, 180.0, 62.0, 1989-07-24 00:00:00, 0.0
8.0, 18.6, 180.0, 39.0, 1989-07-25 00:00:00, 0.0
10.0, 23.7, 230.0, 29.0, 1989-07-26 00:00:00, 0.0
0.0, 16.3, 0.0, 80.0, 1989-07-27 00:00:00, 0.0
8.0, 20.4, 0.0, 42.0, 1989-07-28 00:00:00, 0.0
14.0, 22.8, 0.0, 34.0, 1989-07-29 00:00:00, 0.0
8.0, 24.0, 180.0, 32.0, 1989-07-30 00:00:00, 0.0
10.0, 22.8, 180.0, 39.0, 1989-07-31 00:00:00, 0.0
3.0, 19.5, 180.0, 60.0, 1989-08-01 00:00:00, 0.0
3.0, 7.4, 320.0, 96.0, 1989-08-02 00:00:00, 30.0
2.0, 10.6, 90.0, 92.0, 1989-08-03 00:00:00, 18.9
4.0, 16.6, 180.0, 71.0, 1989-08-04 00:00:00, 0.0
9.0, 21.2, 270.0, 52.0, 1989-08-05 00:00:00, 0.0
13.0, 23.1, 0.0, 36.0, 1989-08-06 00:00:00, 0.0
8.0, 23.9, 0.0, 30.0, 1989-08-07 00:00:00, 0.0
14.0, 23.2, 0.0, 40.0, 1989-08-08 00:00:00, 0.0
5.0, 16.9, 180.0, 66.0, 1989-08-09 00:00:00, 0.0
15.0, 15.6, 0.0, 53.0, 1989-08-10 00:00:00, 0.0
17.0, 18.6, 320.0, 42.0, 1989-08-11 00:00:00, 0.0
14.0, 22.1, 0.0, 27.0, 1989-08-12 00:00:00, 0.0
16.0, 18.2, 320.0, 70.0, 1989-08-13 00:00:00, 4.3
5.0, 13.4, 270.0, 76.0, 1989-08-14 00:00:00, 2.8
1.0, 8.8, 140.0, 97.0, 1989-08-15 00:00:00, 6.3
5.0, 11.5, 140.0, 87.0, 1989-08-16 00:00:00, 8.4
5.0, 15.4, 140.0, 76.0, 1989-08-17 00:00:00, 0.0
7.0, 14.2, 230.0, 90.0, 1989-08-18 00:00:00, 1.6
6.0, 15.7, 140.0, 73.0, 1989-08-19 00:00:00, 1.4
4.0, 11.5, 90.0, 95.0, 1989-08-20 00:00:00, 0.0
6.0, 11.4, 0.0, 92.0, 1989-08-21 00:00:00, 13.1
2.0, 9.9, 50.0, 87.0, 1989-08-22 00:00:00, 7.0
7.0, 11.5, 140.0, 69.0, 1989-08-23 00:00:00, 0.0
6.0, 12.7, 140.0, 83.0, 1989-08-24 00:00:00, 0.0
5.0, 14.7, 90.0, 63.0, 1989-08-25 00:00:00, 0.9
5.0, 11.0, 270.0, 74.0, 1989-08-26 00:00:00, 1.0
6.0, 12.2, 180.0, 65.0, 1989-08-27 00:00:00, 0.0
2.0, 11.5, 90.0, 69.0, 1989-08-28 00:00:00, 0.0
4.0, 10.6, 140.0, 71.0, 1989-08-29 00:00:00, 0.0
4.0, 14.4, 140.0, 60.0, 1989-08-30 00:00:00, 0.0
2.0, 8.3, 50.0, 96.0, 1989-08-31 00:00:00, 11.4
3.0, 9.8, 180.0, 92.0, 1989-09-01 00:00:00, 0.8
4.0, 11.2, 90.0, 86.0, 1989-09-02 00:00:00, 1.0
0.0, 10.8, 0.0, 71.0, 1989-09-03 00:00:00, 0.0
2.0, 6.7, 140.0, 96.0, 1989-09-04 00:00:00, 1.3
6.0, 7.2, 90.0, 84.0, 1989-09-05 00:00:00, 0.0
3.0, 12.4, 50.0, 68.0, 1989-09-06 00:00:00, 0.0
10.0, 15.3, 180.0, 59.0, 1989-09-07 00:00:00, 0.0
13.0, 11.7, 180.0, 41.0, 1989-09-08 00:00:00, 0.0
7.0, 11.5, 180.0, 39.0, 1989-09-09 00:00:00, 0.0
4.0, 12.3, 140.0, 40.0, 1989-09-10 00:00:00, 0.0
4.0, 16.5, 140.0, 45.0, 1989-09-11 00:00:00, 0.0
4.0, 18.9, 140.0, 40.0, 1989-09-12 00:00:00, 0.0
3.0, 18.8, 50.0, 36.0, 1989-09-13 00:00:00, 0.0
3.0, 17.5, 50.0, 46.0, 1989-09-14 00:00:00, 0.0
9.0, 15.0, 0.0, 41.0, 1989-09-15 00:00:00, 0.0
0.0, 3.8, 0.0, 97.0, 1989-09-16 00:00:00, 5.1
4.0, 6.1, 90.0, 90.0, 1989-09-17 00:00:00, 1.3
2.0, 6.6, 180.0, 69.0, 1989-09-18 00:00:00, 0.3
4.0, 7.1, 90.0, 88.0, 1989-09-19 00:00:00, 1.3
1.0, 11.3, 180.0, 74.0, 1989-09-20 00:00:00, 0.0
6.0, 14.2, 180.0, 60.0, 1989-09-21 00:00:00, 0.0
16.0, 18.2, 320.0, 46.0, 1989-09-22 00:00:00, 0.0
4.0, 15.3, 140.0, 55.0, 1989-09-23 00:00:00, 0.0
5.0, 17.4, 140.0, 43.0, 1989-09-24 00:00:00, 0.0
11.0, 20.4, 0.0, 32.0, 1989-09-25 00:00:00, 0.0
20.0, 15.0, 0.0, 52.0, 1989-09-26 00:00:00, 0.0
5.0, 15.4, 140.0, 53.0, 1989-09-27 00:00:00, 0.0
9.0, 17.5, 0.0, 50.0, 1989-09-28 00:00:00, 0.0
12.0, 17.0, 0.0, 38.0, 1989-09-29 00:00:00, 0.0
4.0, 6.6, 140.0, 78.0, 1989-09-30 00:00:00, 1.3
5.0, 4.1, 140.0, 90.0, 1989-10-01 00:00:00, 1.3
3.0, 7.4, 140.0, 54.0, 1989-10-02 00:00:00, 0.0
7.0, 11.0, 180.0, 55.0, 1989-10-03 00:00:00, 0.0
4.0, 11.8, 180.0, 52.0, 1989-10-04 00:00:00, 0.0
2.0, 7.0, 90.0, 95.0, 1989-10-05 00:00:00, 0.5
16.0, 10.8, 320.0, 68.0, 1989-10-06 00:00:00, 0.0
5.0, 11.8, 50.0, 64.0, 1989-10-07 00:00:00, 0.0
4.0, 10.4, 140.0, 59.0, 1989-10-08 00:00:00, 0.0
12.0, 10.0, 0.0, 59.0, 1989-10-09 00:00:00, 0.0
3.0, 2.4, 90.0, 96.0, 1989-10-10 00:00:00, 4.3
11.0, 5.6, 0.0, 89.0, 1989-10-11 00:00:00, 6.9
3.0, 2.6, 140.0, 94.0, 1989-10-12 00:00:00, 4.3
7.0, 1.9, 0.0, 95.0, 1989-10-13 00:00:00, 0.0
2.0, 0.6, 90.0, 95.0, 1989-10-14 00:00:00, 0.8
4.0, 1.0, 180.0, 74.0, 1989-10-15 00:00:00, 0.0
7.0, 3.3, 0.0, 51.0, 1989-10-16 00:00:00, 0.3
