station_observations
wind_speed, temperature, wind_direction, relative_humidity, time, precipitation
11.0, 0.7, 180.0, 88.0, 1989-05-18 00:00:00, 19.0
9.0, 0.5, 270.0, 96.0, 1989-05-19 00:00:00, 6.8
7.0, 5.6, 180.0, 51.0, 1989-05-20 00:00:00, 3.3
6.0, 5.1, 270.0, 57.0, 1989-05-21 00:00:00, 0.0
4.0, 7.7, 230.0, 44.0, 1989-05-22 00:00:00, 0.0
5.0, 6.0, 0.0, 82.0, 1989-05-23 00:00:00, 8.3
6.0, 2.6, 140.0, 87.0, 1989-05-24 00:00:00, 8.8
12.0, 6.7, 180.0, 82.0, 1989-05-25 00:00:00, 4.8
16.0, 5.2, 140.0, 74.0, 1989-05-26 00:00:00, 2.7
5.0, 8.5, 50.0, 62.0, 1989-05-27 00:00:00, 5.5
7.0, 11.0, 0.0, 48.0, 1989-05-28 00:00:00, 0.2
5.0, 14.3, 90.0, 33.0, 1989-05-29 00:00:00, 0.0
8.0, 17.6, 230.0, 37.0, 1989-05-30 00:00:00, 0.0
7.0, 13.1, 230.0, 69.0, 1989-05-31 00:00:00, 3.5
8.0, 15.0, 270.0, 58.0, 1989-06-01 00:00:00, 0.0
8.0, 17.4, 320.0, 27.0, 1989-06-02 00:00:00, 0.0
8.0, 18.2, 0.0, 37.0, 1989-06-03 00:00:00, 0.0
8.0, 20.0, 320.0, 27.0, 1989-06-04 00:00:00, 0.0
9.0, 21.3, 230.0, 31.0, 1989-06-05 00:00:00, 0.0
13.0, 15.7, 270.0, 35.0, 1989-06-06 00:00:00, 0.0
6.0, 17.8, 140.0, 36.0, 1989-06-07 00:00:00, 0.0
13.0, 18.3, 140.0, 44.0, 1989-06-08 00:00:00, 0.0
8.0, 11.8, 320.0, 61.0, 1989-06-09 00:00:00, 0.5
3.0, 15.0, 50.0, 58.0, 1989-06-10 00:00:00, 0.0
9.0, 19.9, 180.0, 39.0, 1989-06-11 00:00:00, 0.0
12.0, 20.1, 140.0, 42.0, 1989-06-12 00:00:00, 0.0
6.0, 18.2, 180.0, 51.0, 1989-06-13 00:00:00, 0.0
12.0, 11.1, 140.0, 91.0, 1989-06-14 00:00:00, 11.4
9.0, 11.2, 230.0, 60.0, 1989-06-15 00:00:00, 4.8
7.0, 7.7, 180.0, 84.0, 1989-06-16 00:00:00, 0.8
12.0, 8.8, 140.0, 73.0, 1989-06-17 00:00:00, 6.9
8.0, 4.0, 230.0, 99.0, 1989-06-18 00:00:00, 3.3
12.0, 6.6, 180.0, 75.0, 1989-06-19 00:00:00, 0.0
8.0, 4.0, 230.0, 99.0, 1989-06-20 00:00:00, 3.3
14.0, 11.9, 140.0, 68.0, 1989-06-21 00:00:00, 0.0
4.0, 8.6, 270.0, 91.0, 1989-06-22 00:00:00, 9.9
4.0, 15.7, 230.0, 49.0, 1989-06-23 00:00:00, 1.3
3.0, 16.6, 270.0, 50.0, 1989-06-24 00:00:00, 0.0
6.0, 17.7, 90.0, 40.0, 1989-06-25 00:00:00, 3.3
8.0, 11.6, 230.0, 71.0, 1989-06-26 00:00:00, 7.6
3.0, 3.7, 270.0, 96.0, 1989-06-27 00:00:00, 16.8
12.0, 7.6, 140.0, 89.0, 1989-06-28 00:00:00, 1.3
8.0, 10.7, 140.0, 77.0, 1989-06-29 00:00:00, 3.8
12.0, 13.8, 140.0, 62.0, 1989-06-30 00:00:00, 9.4
7.0, 9.8, 90.0, 79.0, 1989-07-01 00:00:00, 9.1
11.0, 10.4, 140.0, 76.0, 1989-07-02 00:00:00, 13.5
12.0, 10.9, 140.0, 75.0, 1989-07-03 00:00:00, 3.8
7.0, 12.4, 90.0, 67.0, 1989-07-04 00:00:00, 9.1
4.0, 11.4, 180.0, 60.0, 1989-07-05 00:00:00, 6.6
10.0, 15.8, 180.0, 50.0, 1989-07-06 00:00:00, 0.3
5.0, 15.9, 230.0, 48.0, 1989-07-07 00:00:00, 0.0
5.0, 9.2, 230.0, 91.0, 1989-07-08 00:00:00, 15.5
2.0, 12.8, 180.0, 80.0, 1989-07-09 00:00:00, 0.5
3.0, 16.8, 230.0, 55.0, 1989-07-10 00:00:00, 0.3
2.0, 12.6, 90.0, 87.0, 1989-07-11 00:00:00, 9.4
7.0, 21.4, 90.0, 44.0, 1989-07-12 00:00:00, 0.0
8.0, 20.8, 140.0, 54.0, 1989-07-13 00:00:00, 0.8
10.0, 21.8, 140.0, 53.0, 1989-07-14 00:00:00, 0.0
5.0, 11.4, 0.0, 91.0, 1989-07-15 00:00:00, 28.7
12.0, 13.7, 180.0, 85.0, 1989-07-16 00:00:00, 0.0
11.0, 12.5, 140.0, 84.0, 1989-07-17 00:00:00, 0.0
10.0, 16.6, 140.0, 60.0, 1989-07-18 00:00:00, 3.0
14.0, 18.5, 180.0, 64.0, 1989-07-19 00:00:00, 0.0
12.0, 19.9, 140.0, 34.0, 1989-07-20 00:00:00, 0.0
8.0, 9.9, 180.0, 83.0, 1989-07-21 00:00:00, 0.5
5.0, 13.5, 180.0, 50.0, 1989-07-22 00:00:00, 3.3
15.0, 18.7, 180.0, 42.0, 1989-07-23 00:00:00, 0.0
7.0, 14.8, 230.0, 60.0, 1989-07-24 00:00:00, 0.0
5.0, 18.3, 320.0, 47.0, 1989-07-25 00:00:00, 0.0
6.0, 24.8, 90.0, 24.0, 1989-07-26 00:00:00, 0.0
10.0, 19.1, 140.0, 62.0, 1989-07-27 00:00:00, 0.0
7.0, 20.9, 90.0, 53.0, 1989-07-28 00:00:00, 0.0
6.0, 23.4, 140.0, 34.0, 1989-07-29 00:00:00, 0.0
5.0, 24.1, 180.0, 43.0, 1989-07-30 00:00:00, 0.0
4.0, 23.2, 230.0, 51.0, 1989-07-31 00:00:00, 0.0
7.0, 18.6, 180.0, 57.0, 1989-08-01 00:00:00, 0.0
9.0, 6.3, 140.0, 97.0, 1989-08-02 00:00:00, 15.6
2.0, 8.9, 230.0, 98.0, 1989-08-03 00:00:00, 8.0
3.0, 17.7, 180.0, 66.0, 1989-08-04 00:00:00, 0.0
7.0, 20.7, 140.0, 50.0, 1989-08-05 00:00:00, 0.0
10.0, 23.1, 140.0, 44.0, 1989-08-06 00:00:00, 0.0
7.0, 23.6, 90.0, 39.0, 1989-08-07 00:00:00, 0.0
9.0, 23.7, 140.0, 36.0, 1989-08-08 00:00:00, 0.0
10.0, 17.9, 140.0, 59.0, 1989-08-09 00:00:00, 0.0
9.0, 14.3, 140.0, 67.0, 1989-08-10 00:00:00, 0.0
11.0, 19.4, 140.0, 46.0, 1989-08-11 00:00:00, 0.0
7.0, 23.8, 90.0, 27.0, 1989-08-12 00:00:00, 0.0
12.0, 18.6, 140.0, 72.0, 1989-08-13 00:00:00, 3.3
1.0, 13.1, 230.0, 75.0, 1989-08-14 00:00:00, 0.0
3.0, 8.6, 180.0, 96.0, 1989-08-15 00:00:00, 6.6
7.0, 7.2, 230.0, 94.0, 1989-08-16 00:00:00, 18.3
8.0, 13.5, 140.0, 88.0, 1989-08-17 00:00:00, 2.0
7.0, 11.2, 50.0, 89.0, 1989-08-18 00:00:00, 0.0
3.0, 15.4, 270.0, 79.0, 1989-08-19 00:00:00, 0.8
3.0, 10.7, 180.0, 94.0, 1989-08-20 00:00:00, 13.5
8.0, 13.6, 140.0, 87.0, 1989-08-21 00:00:00, 33.0
6.0, 9.4, 180.0, 85.0, 1989-08-22 00:00:00, 9.0
6.0, 11.7, 180.0, 74.0, 1989-08-23 00:00:00, 0.5
1.0, 11.7, 230.0, 80.0, 1989-08-24 00:00:00, 4.1
1.0, 11.1, 180.0, 83.0, 1989-08-25 00:00:00, 0.8
3.0, 8.6, 180.0, 87.0, 1989-08-26 00:00:00, 10.9
4.0, 11.1, 90.0, 82.0, 1989-08-27 00:00:00, 4.0
9.0, 14.5, 180.0, 63.0, 1989-08-28 00:00:00, 0.0
5.0, 13.1, 230.0, 66.0, 1989-08-29 00:00:00, 0.0
9.0, 15.4, 230.0, 65.0, 1989-08-30 00:00:00, 0.0
3.0, 7.6, 140.0, 96.0, 1989-08-31 00:00:00, 0.2
7.0, 13.9, 140.0, 76.0, 1989-09-01 00:00:00, 0.2
5.0, 12.3, 320.0, 76.0, 1989-09-02 00:00:00, 0.0
6.0, 11.7, 140.0, 74.0, 1989-09-03 00:00:00, 0.8
1.0, 9.7, 140.0, 92.0, 1989-09-04 00:00:00, 0.0
6.0, 7.6, 230.0, 87.0, 1989-09-05 00:00:00, 1.5
3.0, 12.9, 180.0, 69.0, 1989-09-06 00:00:00, 0.0
11.0, 15.3, 320.0, 59.0, 1989-09-07 00:00:00, 0.0
8.0, 13.7, 0.0, 43.0, 1989-09-08 00:00:00, 0.0
4.0, 14.2, 180.0, 45.0, 1989-09-09 00:00:00, 0.0
5.0, 13.1, 180.0, 46.0, 1989-09-10 00:00:00, 0.0
5.0, 15.2, 180.0, 50.0, 1989-09-11 00:00:00, 0.0
5.0, 17.6, 180.0, 48.0, 1989-09-12 00:00:00, 0.0
6.0, 17.7, 180.0, 51.0, 1989-09-13 00:00:00, 0.0
8.0, 16.6, 180.0, 50.0, 1989-09-14 00:00:00, 0.0
7.0, 14.0, 180.0, 49.0, 1989-09-15 00:00:00, 0.0
0.0, 2.6, 0.0, 97.0, 1989-09-16 00:00:00, 9.3
4.0, 3.4, 140.0, 97.0, 1989-09-17 00:00:00, 2.2
5.0, 4.7, 180.0, 83.0, 1989-09-18 00:00:00, 2.0
5.0, 5.6, 230.0, 92.0, 1989-09-19 00:00:00, 1.2
7.0, 11.3, 180.0, 74.0, 1989-09-20 00:00:00, 0.0
5.0, 14.5, 230.0, 60.0, 1989-09-21 00:00:00, 0.0
14.0, 17.9, 140.0, 47.0, 1989-09-22 00:00:00, 0.0
7.0, 17.2, 140.0, 50.0, 1989-09-23 00:00:00, 0.0
7.0, 17.4, 140.0, 40.0, 1989-09-24 00:00:00, 0.0
11.0, 20.2, 140.0, 34.0, 1989-09-25 00:00:00, 0.0
13.0, 16.1, 140.0, 56.0, 1989-09-26 00:00:00, 0.0
8.0, 14.6, 180.0, 67.0, 1989-09-27 00:00:00, 0.0
9.0, 16.6, 140.0, 59.0, 1989-09-28 00:00:00, 0.0
14.0, 16.0, 140.0, 50.0, 1989-09-29 00:00:00, 0.0
4.0, 5.5, 270.0, 78.0, 1989-09-30 00:00:00, 1.0
4.0, 3.9, 270.0, 56.0, 1989-10-01 00:00:00, 0.0
2.0, 7.0, 180.0, 62.0, 1989-10-02 00:00:00, 0.2
6.0, 10.9, 140.0, 45.0, 1989-10-03 00:00:00, 0.0
5.0, 11.0, 140.0, 56.0, 1989-10-04 00:00:00, 0.0
