station_observations
wind_speed, temperature, wind_direction, relative_humidity, time, precipitation
7.0, 8.7, 180.0, 42.0, 1989-04-22 00:00:00, 0.0
8.0, 9.6, 320.0, 46.0, 1989-04-23 00:00:00, 0.0
7.0, 8.5, 320.0, 61.0, 1989-04-24 00:00:00, 2.0
11.0, 11.2, 140.0, 30.0, 1989-04-25 00:00:00, 0.0
7.0, 7.1, 90.0, 69.0, 1989-04-26 00:00:00, 1.0
3.0, 10.1, 0.0, 55.0, 1989-04-27 00:00:00, 2.3
12.0, 14.7, 140.0, 36.0, 1989-04-28 00:00:00, 0.0
10.0, 17.1, 230.0, 30.0, 1989-04-29 00:00:00, 0.0
11.0, 17.4, 270.0, 29.0, 1989-04-30 00:00:00, 0.0
6.0, 10.3, 270.0, 67.0, 1989-05-01 00:00:00, 0.5
10.0, 10.0, 320.0, 65.0, 1989-05-02 00:00:00, 12.2
8.0, 14.0, 180.0, 50.0, 1989-05-03 00:00:00, 0.0
9.0, 16.0, 270.0, 39.0, 1989-05-04 00:00:00, 0.0
12.0, 18.7, 140.0, 34.0, 1989-05-05 00:00:00, 0.0
4.0, 14.0, 270.0, 59.0, 1989-05-06 00:00:00, 0.0
6.0, 15.1, 320.0, 49.0, 1989-05-07 00:00:00, 0.0
15.0, 18.3, 140.0, 29.0, 1989-05-08 00:00:00, 0.0
14.0, 18.6, 140.0, 36.0, 1989-05-09 00:00:00, 0.0
6.0, 9.6, 270.0, 68.0, 1989-05-10 00:00:00, 4.8
5.0, 3.0, 50.0, 95.0, 1989-05-11 00:00:00, 15.5
7.0, 7.3, 180.0, 64.0, 1989-05-12 00:00:00, 2.0
7.0, 13.1, 320.0, 34.0, 1989-05-13 00:00:00, 0.0
9.0, 14.0, 180.0, 31.0, 1989-05-14 00:00:00, 0.0
12.0, 16.5, 140.0, 28.0, 1989-05-15 00:00:00, 0.0
4.0, 8.9, 140.0, 85.0, 1989-05-16 00:00:00, 5.1
16.0, 5.6, 140.0, 77.0, 1989-05-17 00:00:00, 10.9
11.0, 4.1, 270.0, 66.0, 1989-05-18 00:00:00, 1.0
9.0, 4.7, 0.0, 85.0, 1989-05-19 00:00:00, 12.7
6.0, 7.8, 320.0, 51.0, 1989-05-20 00:00:00, 0.0
7.0, 9.4, 230.0, 52.0, 1989-05-21 00:00:00, 0.3
6.0, 11.5, 270.0, 42.0, 1989-05-22 00:00:00, 0.0
10.0, 9.1, 320.0, 63.0, 1989-05-23 00:00:00, 0.0
3.0, 6.3, 180.0, 91.0, 1989-05-24 00:00:00, 6.9
11.0, 6.4, 180.0, 90.0, 1989-05-25 00:00:00, 2.3
8.0, 4.9, 180.0, 88.0, 1989-05-26 00:00:00, 0.5
1.0, 9.4, 0.0, 76.0, 1989-05-27 00:00:00, 2.8
9.0, 12.3, 0.0, 51.0, 1989-05-28 00:00:00, 1.0
9.0, 16.9, 320.0, 21.0, 1989-05-29 00:00:00, 0.0
11.0, 20.8, 320.0, 30.0, 1989-05-30 00:00:00, 0.0
15.0, 16.5, 320.0, 51.0, 1989-05-31 00:00:00, 0.0
11.0, 17.3, 320.0, 48.0, 1989-06-01 00:00:00, 0.0
11.0, 19.1, 0.0, 29.0, 1989-06-02 00:00:00, 0.0
4.0, 20.7, 270.0, 27.0, 1989-06-03 00:00:00, 0.0
13.0, 23.0, 320.0, 24.0, 1989-06-04 00:00:00, 0.0
5.0, 24.1, 140.0, 26.0, 1989-06-05 00:00:00, 0.0
8.0, 17.8, 270.0, 32.0, 1989-06-06 00:00:00, 0.0
9.0, 22.1, 180.0, 26.0, 1989-06-07 00:00:00, 0.0
6.0, 18.6, 270.0, 39.0, 1989-06-08 00:00:00, 0.0
8.0, 10.9, 270.0, 81.0, 1989-06-09 00:00:00, 5.3
4.0, 16.0, 320.0, 62.0, 1989-06-10 00:00:00, 0.5
10.0, 21.7, 180.0, 42.0, 1989-06-11 00:00:00, 0.0
13.0, 23.8, 180.0, 32.0, 1989-06-12 00:00:00, 0.0
20.0, 18.3, 140.0, 46.0, 1989-06-13 00:00:00, 0.0
11.0, 16.7, 180.0, 55.0, 1989-06-14 00:00:00, 3.0
4.0, 11.8, 320.0, 62.0, 1989-06-15 00:00:00, 0.5
5.0, 9.1, 270.0, 90.0, 1989-06-16 00:00:00, 4.3
11.0, 9.6, 140.0, 53.0, 1989-06-17 00:00:00, 2.8
9.0, 11.3, 180.0, 54.0, 1989-06-18 00:00:00, 0.0
6.0, 3.4, 140.0, 96.0, 1989-06-19 00:00:00, 2.3
5.0, 6.3, 270.0, 98.0, 1989-06-20 00:00:00, 7.1
8.0, 15.0, 140.0, 56.0, 1989-06-21 00:00:00, 0.3
11.0, 9.2, 320.0, 92.0, 1989-06-22 00:00:00, 4.8
8.0, 19.1, 320.0, 43.0, 1989-06-23 00:00:00, 0.0
10.0, 20.4, 320.0, 44.0, 1989-06-24 00:00:00, 0.0
12.0, 21.3, 180.0, 44.0, 1989-06-25 00:00:00, 0.5
8.0, 12.9, 320.0, 65.0, 1989-06-26 00:00:00, 3.0
10.0, 7.5, 180.0, 73.0, 1989-06-27 00:00:00, 11.9
12.0, 9.9, 180.0, 72.0, 1989-06-28 00:00:00, 1.3
5.0, 12.0, 90.0, 76.0, 1989-06-29 00:00:00, 0.0
10.0, 14.7, 180.0, 60.0, 1989-06-30 00:00:00, 4.8
10.0, 13.3, 180.0, 60.0, 1989-07-01 00:00:00, 0.0
8.0, 13.4, 90.0, 63.0, 1989-07-02 00:00:00, 3.8
11.0, 14.8, 140.0, 50.0, 1989-07-03 00:00:00, 0.0
6.0, 13.5, 180.0, 62.0, 1989-07-04 00:00:00, 0.8
7.0, 13.9, 140.0, 53.0, 1989-07-05 00:00:00, 2.3
8.0, 17.2, 230.0, 44.0, 1989-07-06 00:00:00, 0.0
9.0, 16.6, 270.0, 47.0, 1989-07-07 00:00:00, 0.0
1.0, 10.3, 0.0, 95.0, 1989-07-08 00:00:00, 8.9
6.0, 15.5, 270.0, 65.0, 1989-07-09 00:00:00, 0.3
8.0, 16.0, 230.0, 74.0, 1989-07-10 00:00:00, 1.0
3.0, 14.7, 50.0, 88.0, 1989-07-11 00:00:00, 1.8
8.0, 23.5, 90.0, 41.0, 1989-07-12 00:00:00, 0.0
8.0, 22.6, 0.0, 52.0, 1989-07-13 00:00:00, 0.0
15.0, 24.0, 180.0, 43.0, 1989-07-14 00:00:00, 4.3
7.0, 14.0, 90.0, 93.0, 1989-07-15 00:00:00, 13.7
8.0, 13.1, 140.0, 70.0, 1989-07-16 00:00:00, 0.0
7.0, 17.3, 90.0, 52.0, 1989-07-17 00:00:00, 0.0
7.0, 17.2, 140.0, 57.0, 1989-07-18 00:00:00, 0.0
13.0, 21.1, 140.0, 42.0, 1989-07-19 00:00:00, 0.0
10.0, 21.2, 140.0, 33.0, 1989-07-20 00:00:00, 0.0
4.0, 12.7, 50.0, 76.0, 1989-07-21 00:00:00, 0.3
3.0, 14.0, 270.0, 58.0, 1989-07-22 00:00:00, 9.1
12.0, 20.6, 180.0, 27.0, 1989-07-23 00:00:00, 0.0
4.0, 18.0, 270.0, 52.0, 1989-07-24 00:00:00, 0.0
6.0, 21.5, 320.0, 37.0, 1989-07-25 00:00:00, 0.0
11.0, 26.3, 90.0, 23.0, 1989-07-26 00:00:00, 0.0
5.0, 22.4, 320.0, 42.0, 1989-07-27 00:00:00, 0.3
8.0, 20.5, 140.0, 54.0, 1989-07-28 00:00:00, 0.0
9.0, 25.0, 140.0, 25.0, 1989-07-29 00:00:00, 0.0
8.0, 24.9, 270.0, 41.0, 1989-07-30 00:00:00, 0.0
5.0, 25.2, 0.0, 38.0, 1989-07-31 00:00:00, 0.0
5.0, 18.9, 230.0, 57.0, 1989-08-01 00:00:00, 0.3
8.0, 8.1, 140.0, 99.0, 1989-08-02 00:00:00, 33.8
7.0, 13.9, 230.0, 72.0, 1989-08-03 00:00:00, 19.3
2.0, 19.4, 320.0, 58.0, 1989-08-04 00:00:00, 0.0
12.0, 23.6, 140.0, 46.0, 1989-08-05 00:00:00, 0.0
9.0, 25.0, 140.0, 37.0, 1989-08-06 00:00:00, 0.0
7.0, 25.6, 180.0, 27.0, 1989-08-07 00:00:00, 0.0
6.0, 25.4, 230.0, 43.0, 1989-08-08 00:00:00, 0.0
4.0, 20.0, 230.0, 53.0, 1989-08-09 00:00:00, 0.3
2.0, 16.1, 140.0, 58.0, 1989-08-10 00:00:00, 0.0
5.0, 19.8, 230.0, 37.0, 1989-08-11 00:00:00, 0.0
3.0, 24.0, 90.0, 29.0, 1989-08-12 00:00:00, 0.0
12.0, 19.2, 140.0, 64.0, 1989-08-13 00:00:00, 2.0
12.0, 15.0, 140.0, 63.0, 1989-08-14 00:00:00, 1.0
6.0, 10.3, 230.0, 96.0, 1989-08-15 00:00:00, 0.8
7.0, 11.0, 270.0, 89.0, 1989-08-16 00:00:00, 17.0
6.0, 16.4, 270.0, 77.0, 1989-08-17 00:00:00, 3.3
4.0, 19.1, 230.0, 70.0, 1989-08-18 00:00:00, 0.3
6.0, 17.5, 320.0, 79.0, 1989-08-19 00:00:00, 11.9
6.0, 15.6, 180.0, 80.0, 1989-08-20 00:00:00, 0.0
9.0, 11.3, 270.0, 89.0, 1989-08-21 00:00:00, 7.6
1.0, 8.9, 180.0, 89.0, 1989-08-22 00:00:00, 5.1
4.0, 11.2, 270.0, 85.0, 1989-08-23 00:00:00, 8.1
14.0, 14.2, 270.0, 77.0, 1989-08-24 00:00:00, 0.3
9.0, 15.0, 230.0, 69.0, 1989-08-25 00:00:00, 0.0
5.0, 12.0, 0.0, 89.0, 1989-08-26 00:00:00, 3.6
13.0, 13.4, 270.0, 58.0, 1989-08-27 00:00:00, 0.0
4.0, 13.5, 270.0, 67.0, 1989-08-28 00:00:00, 0.3
5.0, 12.4, 270.0, 68.0, 1989-08-29 00:00:00, 0.0
7.0, 17.2, 270.0, 56.0, 1989-08-30 00:00:00, 0.0
3.0, 9.1, 270.0, 98.0, 1989-08-31 00:00:00, 7.6
1.0, 11.9, 140.0, 87.0, 1989-09-01 00:00:00, 2.8
13.0, 12.0, 320.0, 74.0, 1989-09-02 00:00:00, 0.0
8.0, 14.8, 180.0, 60.0, 1989-09-03 00:00:00, 0.0
15.0, 6.8, 320.0, 97.0, 1989-09-04 00:00:00, 2.0
11.0, 8.2, 270.0, 82.0, 1989-09-05 00:00:00, 1.0
11.0, 14.0, 270.0, 67.0, 1989-09-06 00:00:00, 0.0
12.0, 16.8, 270.0, 62.0, 1989-09-07 00:00:00, 0.0
11.0, 14.0, 320.0, 52.0, 1989-09-08 00:00:00, 0.0
12.0, 13.8, 0.0, 42.0, 1989-09-09 00:00:00, 0.0
8.0, 15.1, 230.0, 42.0, 1989-09-10 00:00:00, 0.0
8.0, 17.8, 270.0, 40.0, 1989-09-11 00:00:00, 0.0
6.0, 20.8, 320.0, 34.0, 1989-09-12 00:00:00, 0.0
7.0, 19.4, 270.0, 39.0, 1989-09-13 00:00:00, 0.0
8.0, 18.6, 270.0, 39.0, 1989-09-14 00:00:00, 0.0
7.0, 15.9, 180.0, 46.0, 1989-09-15 00:00:00, 0.0
2.0, 4.5, 270.0, 99.0, 1989-09-16 00:00:00, 4.1
10.0, 4.5, 270.0, 98.0, 1989-09-17 00:00:00, 0.3
5.0, 9.4, 180.0, 56.0, 1989-09-18 00:00:00, 0.0
2.0, 11.3, 230.0, 66.0, 1989-09-19 00:00:00, 0.0
4.0, 15.8, 230.0, 53.0, 1989-09-20 00:00:00, 0.3
8.0, 17.1, 0.0, 49.0, 1989-09-21 00:00:00, 0.0
11.0, 21.1, 140.0, 34.0, 1989-09-22 00:00:00, 0.0
4.0, 17.5, 230.0, 41.0, 1989-09-23 00:00:00, 0.0
4.0, 20.2, 90.0, 36.0, 1989-09-24 00:00:00, 0.0
4.0, 21.7, 90.0, 37.0, 1989-09-25 00:00:00, 0.0
13.0, 16.9, 140.0, 57.0, 1989-09-26 00:00:00, 0.0
5.0, 17.0, 270.0, 57.0, 1989-09-27 00:00:00, 0.0
9.0, 19.9, 140.0, 43.0, 1989-09-28 00:00:00, 0.0
9.0, 19.4, 180.0, 34.0, 1989-09-29 00:00:00, 0.0
12.0, 8.3, 270.0, 61.0, 1989-09-30 00:00:00, 0.3
9.0, 3.8, 270.0, 80.0, 1989-10-01 00:00:00, 0.0
6.0, 8.6, 270.0, 43.0, 1989-10-02 00:00:00, 0.3
5.0, 13.6, 320.0, 37.0, 1989-10-03 00:00:00, 0.0
6.0, 14.2, 270.0, 40.0, 1989-10-04 00:00:00, 0.0
8.0, 10.6, 270.0, 78.0, 1989-10-05 00:00:00, 0.0
7.0, 12.2, 90.0, 77.0, 1989-10-06 00:00:00, 3.0
12.0, 13.1, 180.0, 59.0, 1989-10-07 00:00:00, 0.0
6.0, 12.4, 270.0, 55.0, 1989-10-08 00:00:00, 0.0
11.0, 10.5, 140.0, 57.0, 1989-10-09 00:00:00, 0.0
8.0, 4.3, 270.0, 94.0, 1989-10-10 00:00:00, 13.2
9.0, 6.1, 140.0, 80.0, 1989-10-11 00:00:00, 1.3
5.0, 12.1, 180.0, 47.0, 1990-05-02 00:00:00, 0.0
6.0, 13.4, 230.0, 55.0, 1990-05-03 00:00:00, 0.0
11.0, 18.7, 180.0, 40.0, 1990-05-04 00:00:00, 0.0
24.0, 21.2, 140.0, 29.0, 1990-05-05 00:00:00, 0.0
11.0, 7.1, 180.0, 30.0, 1990-05-06 00:00:00, 0.0
11.0, 3.1, 320.0, 87.0, 1990-05-07 00:00:00, 3.8
11.0, 9.6, 320.0, 40.0, 1990-05-08 00:00:00, 0.5
7.0, 7.9, 230.0, 68.0, 1990-05-09 00:00:00, 0.0
8.0, 10.2, 230.0, 69.0, 1990-05-10 00:00:00, 13.2
13.0, 6.8, 270.0, 80.0, 1990-05-11 00:00:00, 1.8
10.0, 9.3, 320.0, 46.0, 1990-05-12 00:00:00, 2.5
8.0, 1.2, 140.0, 99.0, 1990-05-13 00:00:00, 1.0
12.0, 3.8, 0.0, 77.0, 1990-05-14 00:00:00, 3.8
8.0, 11.8, 320.0, 42.0, 1990-05-15 00:00:00, 0.5
0.0, 5.9, 140.0, 83.0, 1990-05-16 00:00:00, 0.0
3.0, 5.8, 320.0, 95.0, 1990-05-17 00:00:00, 6.3
8.0, 8.8, 320.0, 77.0, 1990-05-18 00:00:00, 12.4
3.0, 6.5, 50.0, 91.0, 1990-05-19 00:00:00, 3.8
3.0, 9.9, 230.0, 64.0, 1990-05-20 00:00:00, 3.1
9.0, 10.6, 180.0, 52.0, 1990-05-21 00:00:00, 3.8
7.0, 7.3, 140.0, 92.0, 1990-05-22 00:00:00, 0.8
4.0, 10.4, 140.0, 55.0, 1990-05-23 00:00:00, 0.3
10.0, 5.3, 270.0, 99.0, 1990-05-24 00:00:00, 12.4
5.0, 6.1, 270.0, 99.0, 1990-05-25 00:00:00, 24.4
9.0, 12.5, 140.0, 61.0, 1990-05-26 00:00:00, 6.9
9.0, 12.4, 90.0, 60.0, 1990-05-27 00:00:00, 0.0
3.0, 11.8, 140.0, 91.0, 1990-05-28 00:00:00, 1.5
2.0, 10.0, 230.0, 99.0, 1990-05-29 00:00:00, 8.9
7.0, 12.9, 140.0, 62.0, 1990-05-30 00:00:00, 2.0
6.0, 13.7, 0.0, 55.0, 1990-05-31 00:00:00, 0.0
14.0, 10.7, 320.0, 80.0, 1990-06-01 00:00:00, 0.8
5.0, 12.0, 180.0, 72.0, 1990-06-02 00:00:00, 0.0
10.0, 8.0, 140.0, 94.0, 1990-06-03 00:00:00, 3.8
4.0, 4.2, 270.0, 99.0, 1990-06-04 00:00:00, 13.0
5.0, 9.7, 230.0, 59.0, 1990-06-05 00:00:00, 0.8
13.0, 14.1, 140.0, 46.0, 1990-06-06 00:00:00, 0.0
9.0, 12.9, 230.0, 49.0, 1990-06-07 00:00:00, 2.3
7.0, 7.5, 140.0, 83.0, 1990-06-08 00:00:00, 0.3
8.0, 12.1, 90.0, 64.0, 1990-06-09 00:00:00, 0.3
5.0, 8.3, 180.0, 98.0, 1990-06-10 00:00:00, 10.4
8.0, 4.8, 270.0, 99.0, 1990-06-11 00:00:00, 28.2
11.0, 2.6, 270.0, 99.0, 1990-06-12 00:00:00, 33.5
9.0, 15.0, 0.0, 58.0, 1990-06-13 00:00:00, 5.1
7.0, 16.3, 320.0, 50.0, 1990-06-14 00:00:00, 0.0
7.0, 19.4, 180.0, 37.0, 1990-06-15 00:00:00, 0.0
11.0, 15.3, 320.0, 56.0, 1990-06-16 00:00:00, 2.0
6.0, 16.6, 270.0, 43.0, 1990-06-17 00:00:00, 0.0
1.0, 10.7, 230.0, 92.0, 1990-06-18 00:00:00, 2.5
10.0, 11.9, 180.0, 87.0, 1990-06-19 00:00:00, 8.4
5.0, 13.5, 320.0, 72.0, 1990-06-20 00:00:00, 7.9
4.0, 21.3, 180.0, 46.0, 1990-06-21 00:00:00, 0.0
16.0, 24.0, 180.0, 39.0, 1990-06-22 00:00:00, 0.0
9.0, 19.1, 270.0, 52.0, 1990-06-23 00:00:00, 0.3
4.0, 17.5, 180.0, 52.0, 1990-06-24 00:00:00, 0.3
6.0, 18.2, 140.0, 51.0, 1990-06-25 00:00:00, 0.0
8.0, 16.8, 230.0, 65.0, 1990-06-26 00:00:00, 2.0
8.0, 14.3, 90.0, 64.0, 1990-06-27 00:00:00, 0.0
8.0, 14.9, 140.0, 65.0, 1990-06-28 00:00:00, 0.0
8.0, 16.1, 180.0, 67.0, 1990-06-29 00:00:00, 0.0
18.0, 19.3, 180.0, 49.0, 1990-06-30 00:00:00, 0.0
4.0, 15.3, 90.0, 44.0, 1990-07-01 00:00:00, 0.0
2.0, 8.3, 320.0, 99.0, 1990-07-02 00:00:00, 0.8
9.0, 10.5, 270.0, 86.0, 1990-07-03 00:00:00, 10.0
10.0, 17.5, 140.0, 49.0, 1990-07-04 00:00:00, 0.0
5.0, 21.3, 140.0, 39.0, 1990-07-05 00:00:00, 0.0
4.0, 8.6, 180.0, 99.0, 1990-07-06 00:00:00, 35.0
3.0, 14.0, 270.0, 91.0, 1990-07-07 00:00:00, 0.5
10.0, 18.4, 180.0, 62.0, 1990-07-08 00:00:00, 0.0
3.0, 19.2, 320.0, 54.0, 1990-07-09 00:00:00, 0.0
5.0, 24.8, 180.0, 37.0, 1990-07-10 00:00:00, 0.0
13.0, 28.6, 180.0, 28.0, 1990-07-11 00:00:00, 0.0
16.0, 26.0, 180.0, 42.0, 1990-07-12 00:00:00, 0.3
7.0, 19.6, 230.0, 52.0, 1990-07-13 00:00:00, 0.0
11.0, 19.8, 270.0, 35.0, 1990-07-14 00:00:00, 0.0
5.0, 22.9, 90.0, 36.0, 1990-07-15 00:00:00, 0.0
9.0, 17.2, 270.0, 51.0, 1990-07-16 00:00:00, 0.0
3.0, 16.7, 180.0, 49.0, 1990-07-17 00:00:00, 0.0
12.0, 13.6, 270.0, 74.0, 1990-07-18 00:00:00, 0.5
9.0, 17.1, 270.0, 56.0, 1990-07-19 00:00:00, 0.0
12.0, 20.2, 320.0, 37.0, 1990-07-20 00:00:00, 0.0
7.0, 23.4, 230.0, 29.0, 1990-07-21 00:00:00, 0.0
10.0, 25.6, 180.0, 28.0, 1990-07-22 00:00:00, 0.0
6.0, 22.3, 230.0, 53.0, 1990-07-23 00:00:00, 0.0
0.0, 13.7, 320.0, 98.0, 1990-07-24 00:00:00, 0.0
12.0, 20.8, 270.0, 72.0, 1990-07-25 00:00:00, 0.5
14.0, 22.2, 320.0, 37.0, 1990-07-26 00:00:00, 0.0
11.0, 18.6, 270.0, 47.0, 1990-07-27 00:00:00, 0.0
8.0, 21.7, 320.0, 43.0, 1990-07-28 00:00:00, 0.0
6.0, 25.8, 180.0, 34.0, 1990-07-29 00:00:00, 0.0
8.0, 24.4, 90.0, 38.0, 1990-07-30 00:00:00, 0.0
5.0, 23.0, 270.0, 52.0, 1990-07-31 00:00:00, 0.0
6.0, 19.7, 320.0, 40.0, 1990-08-01 00:00:00, 1.8
7.0, 19.0, 270.0, 42.0, 1990-08-02 00:00:00, 0.0
0.0, 22.2, 0.0, 39.0, 1990-08-03 00:00:00, 0.0
10.0, 25.0, 90.0, 38.0, 1990-08-04 00:00:00, 0.0
14.0, 28.0, 180.0, 24.0, 1990-08-05 00:00:00, 0.0
6.0, 21.3, 180.0, 38.0, 1990-08-06 00:00:00, 0.0
8.0, 21.4, 230.0, 31.0, 1990-08-07 00:00:00, 0.0
9.0, 25.0, 180.0, 34.0, 1990-08-08 00:00:00, 0.0
9.0, 25.9, 320.0, 32.0, 1990-08-09 00:00:00, 0.0
5.0, 27.4, 320.0, 33.0, 1990-08-10 00:00:00, 0.0
14.0, 28.2, 90.0, 35.0, 1990-08-11 00:00:00, 0.0
11.0, 27.6, 140.0, 33.0, 1990-08-12 00:00:00, 0.0
14.0, 27.0, 140.0, 34.0, 1990-08-13 00:00:00, 0.0
7.0, 22.6, 180.0, 40.0, 1990-08-14 00:00:00, 6.7
14.0, 23.3, 180.0, 17.0, 1990-08-15 00:00:00, 0.0
4.0, 17.3, 320.0, 54.0, 1990-08-16 00:00:00, 1.3
7.0, 16.9, 90.0, 62.0, 1990-08-17 00:00:00, 6.5
8.0, 20.1, 320.0, 55.0, 1990-08-18 00:00:00, 0.5
12.0, 21.9, 320.0, 48.0, 1990-08-19 00:00:00, 0.0
11.0, 25.4, 320.0, 37.0, 1990-08-20 00:00:00, 0.0
8.0, 14.2, 140.0, 99.0, 1990-08-21 00:00:00, 2.0
13.0, 15.2, 320.0, 67.0, 1990-08-22 00:00:00, 0.8
5.0, 7.1, 230.0, 94.0, 1990-08-23 00:00:00, 2.8
8.0, 8.9, 270.0, 88.0, 1990-08-24 00:00:00, 0.3
10.0, 5.9, 320.0, 99.0, 1990-08-25 00:00:00, 3.6
4.0, 11.0, 320.0, 68.0, 1990-08-26 00:00:00, 0.0
8.0, 17.1, 180.0, 41.0, 1990-08-27 00:00:00, 0.3
10.0, 18.6, 230.0, 35.0, 1990-08-28 00:00:00, 0.0
6.0, 16.4, 230.0, 54.0, 1990-08-29 00:00:00, 0.0
10.0, 12.3, 180.0, 79.0, 1990-08-30 00:00:00, 6.6
7.0, 12.6, 180.0, 61.0, 1990-08-31 00:00:00, 3.6
13.0, 15.1, 180.0, 57.0, 1990-09-01 00:00:00, 0.0
4.0, 13.1, 320.0, 64.0, 1990-09-02 00:00:00, 0.0
11.0, 15.2, 320.0, 39.0, 1990-09-03 00:00:00, 0.0
7.0, 18.8, 230.0, 26.0, 1990-09-04 00:00:00, 0.0
6.0, 21.4, 180.0, 25.0, 1990-09-05 00:00:00, 0.0
6.0, 22.2, 320.0, 29.0, 1990-09-06 00:00:00, 0.0
4.0, 22.7, 230.0, 21.0, 1990-09-07 00:00:00, 0.0
4.0, 22.7, 230.0, 21.0, 1990-09-08 00:00:00, 0.0
6.0, 23.2, 0.0, 28.0, 1990-09-09 00:00:00, 0.0
7.0, 22.4, 230.0, 30.0, 1990-09-10 00:00:00, 0.0
8.0, 22.2, 270.0, 28.0, 1990-09-11 00:00:00, 0.0
19.0, 15.6, 320.0, 41.0, 1990-09-12 00:00:00, 0.0
4.0, 19.1, 90.0, 34.0, 1990-09-13 00:00:00, 0.0
6.0, 22.5, 0.0, 32.0, 1990-09-14 00:00:00, 0.0
7.0, 22.2, 180.0, 27.0, 1990-09-15 00:00:00, 0.0
10.0, 8.3, 270.0, 99.0, 1990-09-16 00:00:00, 8.4
8.0, 15.6, 140.0, 66.0, 1990-09-17 00:00:00, 1.0
9.0, 15.1, 140.0, 55.0, 1990-09-18 00:00:00, 0.0
13.0, 12.8, 320.0, 46.0, 1990-09-19 00:00:00, 0.0
6.0, 16.0, 270.0, 35.0, 1990-09-20 00:00:00, 0.0
11.0, 18.7, 320.0, 55.0, 1990-09-21 00:00:00, 0.0
8.0, 21.8, 140.0, 45.0, 1990-09-22 00:00:00, 0.0
6.0, 23.5, 230.0, 28.0, 1990-09-23 00:00:00, 0.0
5.0, 22.5, 140.0, 32.0, 1990-09-24 00:00:00, 0.0
12.0, 16.9, 320.0, 53.0, 1990-09-25 00:00:00, 0.0
5.0, 15.2, 270.0, 30.0, 1990-09-26 00:00:00, 0.0
8.0, 17.1, 270.0, 24.0, 1990-09-27 00:00:00, 0.0
4.0, 14.2, 140.0, 37.0, 1990-09-28 00:00:00, 0.0
8.0, 11.0, 320.0, 35.0, 1990-09-29 00:00:00, 0.0
7.0, 13.5, 180.0, 48.0, 1990-09-30 00:00:00, 0.0
17.0, 10.6, 180.0, 41.0, 1990-10-01 00:00:00, 0.0
18.0, 10.0, 230.0, 45.0, 1990-10-02 00:00:00, 2.0
6.0, 4.0, 230.0, 90.0, 1990-10-03 00:00:00, 3.0
12.0, 9.6, 180.0, 82.0, 1990-10-04 00:00:00, 0.0
0.0, 1.0, 320.0, 98.0, 1990-10-05 00:00:00, 11.2
3.0, 0.3, 270.0, 89.0, 1990-10-06 00:00:00, 2.3
6.0, 4.3, 180.0, 78.0, 1990-10-07 00:00:00, 0.0
12.0, 7.0, 180.0, 80.0, 1990-10-08 00:00:00, 4.8
11.0, 4.5, 140.0, 98.0, 1990-10-09 00:00:00, 3.3
7.0, 2.1, 270.0, 77.0, 1990-10-10 00:00:00, 4.6
16.0, 1.8, 140.0, 71.0, 1990-10-11 00:00:00, 0.0
13.0, 6.1, 180.0, 65.0, 1990-10-12 00:00:00, 2.8
8.0, 3.7, 320.0, 42.0, 1990-10-13 00:00:00, 0.0
6.0, 2.0, 180.0, 64.0, 1990-10-14 00:00:00, 1.3
0.0, 0.9, 140.0, 88.0, 1990-10-15 00:00:00, 0.0
2.0, -0.7, 270.0, 99.0, 1990-10-16 00:00:00, 0.3
8.0, 13.0, 320.0, 30.0, 1991-05-01 00:00:00, 0.0
9.0, 13.7, 320.0, 24.0, 1991-05-02 00:00:00, 0.5
3.0, 13.2, 230.0, 30.0, 1991-05-03 00:00:00, 0.0
10.0, 10.0, 180.0, 55.0, 1991-05-04 00:00:00, 0.0
17.0, 5.3, 140.0, 86.0, 1991-05-05 00:00:00, 0.8
15.0, 9.9, 180.0, 57.0, 1991-05-06 00:00:00, 0.0
12.0, 6.4, 140.0, 74.0, 1991-05-07 00:00:00, 0.0
7.0, 8.8, 270.0, 50.0, 1991-05-08 00:00:00, 1.5
17.0, 3.0, 270.0, 98.0, 1991-05-09 00:00:00, 10.9
4.0, 14.2, 0.0, 51.0, 1991-05-10 00:00:00, 1.8
3.0, 18.7, 50.0, 42.0, 1991-05-11 00:00:00, 0.0
8.0, 14.3, 270.0, 50.0, 1991-05-12 00:00:00, 0.0
6.0, 9.6, 320.0, 65.0, 1991-05-13 00:00:00, 1.8
12.0, 10.5, 270.0, 41.0, 1991-05-14 00:00:00, 0.0
13.0, 10.6, 140.0, 43.0, 1991-05-15 00:00:00, 0.0
9.0, 12.1, 140.0, 49.0, 1991-05-16 00:00:00, 0.0
10.0, 15.8, 320.0, 54.0, 1991-05-17 00:00:00, 0.3
9.0, 17.9, 270.0, 61.0, 1991-05-18 00:00:00, 0.0
19.0, 20.4, 270.0, 34.0, 1991-05-19 00:00:00, 0.0
12.0, 20.0, 140.0, 37.0, 1991-05-20 00:00:00, 0.0
9.0, 12.4, 270.0, 40.0, 1991-05-21 00:00:00, 0.0
13.0, 7.9, 270.0, 50.0, 1991-05-22 00:00:00, 0.0
6.0, 9.9, 320.0, 51.0, 1991-05-23 00:00:00, 0.0
8.0, 4.9, 180.0, 97.0, 1991-05-24 00:00:00, 3.8
0.0, 4.8, 0.0, 98.0, 1991-05-25 00:00:00, 14.7
4.0, 9.3, 270.0, 83.0, 1991-05-26 00:00:00, 4.2
5.0, 12.9, 320.0, 63.0, 1991-05-27 00:00:00, 2.8
6.0, 14.6, 180.0, 51.0, 1991-05-28 00:00:00, 0.5
17.0, 13.7, 140.0, 47.0, 1991-05-29 00:00:00, 0.0
6.0, 14.9, 270.0, 59.0, 1991-05-30 00:00:00, 1.8
11.0, 13.8, 180.0, 55.0, 1991-05-31 00:00:00, 1.0
6.0, 14.3, 180.0, 41.0, 1991-06-01 00:00:00, 0.0
9.0, 12.5, 180.0, 45.0, 1991-06-02 00:00:00, 0.0
10.0, 5.0, 180.0, 84.0, 1991-06-03 00:00:00, 10.9
3.0, 4.6, 230.0, 93.0, 1991-06-04 00:00:00, 9.7
11.0, 15.2, 320.0, 52.0, 1991-06-05 00:00:00, 0.0
8.0, 0.0, 180.0, 40.0, 1991-06-06 00:00:00, 0.0
12.0, 16.6, 270.0, 56.0, 1991-06-07 00:00:00, 0.0
5.0, 12.7, 320.0, 63.0, 1991-06-08 00:00:00, 0.5
8.0, 17.6, 180.0, 46.0, 1991-06-09 00:00:00, 0.0
9.0, 13.6, 140.0, 90.0, 1991-06-10 00:00:00, 0.8
5.0, 5.8, 270.0, 98.0, 1991-06-11 00:00:00, 2.3
6.0, 3.1, 270.0, 95.0, 1991-06-12 00:00:00, 3.3
11.0, 15.2, 320.0, 52.0, 1991-06-13 00:00:00, 0.0
6.0, 7.3, 0.0, 98.0, 1991-06-14 00:00:00, 4.1
9.0, 9.9, 230.0, 73.0, 1991-06-15 00:00:00, 3.0
4.0, 7.5, 180.0, 94.0, 1991-06-16 00:00:00, 3.6
7.0, 8.5, 270.0, 99.0, 1991-06-17 00:00:00, 4.3
6.0, 11.3, 90.0, 82.0, 1991-06-18 00:00:00, 10.2
7.0, 17.1, 320.0, 60.0, 1991-06-19 00:00:00, 0.5
6.0, 15.1, 50.0, 63.0, 1991-06-20 00:00:00, 0.5
12.0, 12.9, 140.0, 80.0, 1991-06-21 00:00:00, 3.0
5.0, 14.8, 0.0, 74.0, 1991-06-22 00:00:00, 6.0
6.0, 13.2, 180.0, 84.0, 1991-06-23 00:00:00, 4.6
7.0, 11.6, 320.0, 94.0, 1991-06-24 00:00:00, 11.9
5.0, 12.9, 230.0, 91.0, 1991-06-25 00:00:00, 4.1
4.0, 9.9, 140.0, 92.0, 1991-06-26 00:00:00, 3.0
4.0, 16.5, 230.0, 70.0, 1991-06-27 00:00:00, 1.8
9.0, 20.2, 230.0, 53.0, 1991-06-28 00:00:00, 7.9
1.0, 19.1, 140.0, 55.0, 1991-06-29 00:00:00, 0.0
7.0, 12.1, 270.0, 88.0, 1991-06-30 00:00:00, 0.0
11.0, 19.0, 180.0, 47.0, 1991-07-01 00:00:00, 0.0
12.0, 23.6, 140.0, 42.0, 1991-07-02 00:00:00, 0.0
9.0, 23.6, 180.0, 34.0, 1991-07-03 00:00:00, 0.0
8.0, 20.3, 270.0, 44.0, 1991-07-04 00:00:00, 0.0
17.0, 5.1, 270.0, 99.0, 1991-07-05 00:00:00, 2.8
10.0, 8.0, 320.0, 99.0, 1991-07-06 00:00:00, 2.0
0.0, 17.5, 230.0, 61.0, 1991-07-07 00:00:00, 0.0
8.0, 21.7, 230.0, 40.0, 1991-07-08 00:00:00, 0.0
8.0, 21.1, 320.0, 41.0, 1991-07-09 00:00:00, 0.0
6.0, 22.8, 270.0, 36.0, 1991-07-10 00:00:00, 0.0
11.0, 20.9, 180.0, 43.0, 1991-07-11 00:00:00, 0.0
11.0, 18.9, 180.0, 63.0, 1991-07-12 00:00:00, 0.8
11.0, 9.0, 320.0, 90.0, 1991-07-13 00:00:00, 4.8
8.0, 15.8, 140.0, 61.0, 1991-07-14 00:00:00, 8.6
7.0, 11.4, 140.0, 92.0, 1991-07-15 00:00:00, 10.4
6.0, 15.7, 180.0, 66.0, 1991-07-16 00:00:00, 0.5
2.0, 10.5, 230.0, 88.0, 1991-07-17 00:00:00, 6.1
4.0, 13.2, 230.0, 71.0, 1991-07-18 00:00:00, 2.8
5.0, 14.9, 230.0, 59.0, 1991-07-19 00:00:00, 7.6
2.0, 14.6, 270.0, 54.0, 1991-07-20 00:00:00, 0.0
4.0, 14.4, 270.0, 66.0, 1991-07-21 00:00:00, 2.3
9.0, 20.9, 320.0, 45.0, 1991-07-22 00:00:00, 0.0
7.0, 25.3, 90.0, 30.0, 1991-07-23 00:00:00, 0.0
11.0, 26.9, 140.0, 39.0, 1991-07-24 00:00:00, 0.0
6.0, 15.4, 320.0, 96.0, 1991-07-25 00:00:00, 16.0
1.0, 13.6, 180.0, 87.0, 1991-07-26 00:00:00, 4.6
8.0, 16.9, 140.0, 58.0, 1991-07-27 00:00:00, 1.8
9.0, 18.0, 180.0, 48.0, 1991-07-28 00:00:00, 0.0
9.0, 14.8, 270.0, 52.0, 1991-07-29 00:00:00, 0.0
7.0, 18.0, 140.0, 44.0, 1991-07-30 00:00:00, 0.0
6.0, 19.3, 140.0, 51.0, 1991-07-31 00:00:00, 0.0
12.0, 20.9, 320.0, 42.0, 1991-08-01 00:00:00, 0.0
3.0, 22.0, 50.0, 45.0, 1991-08-02 00:00:00, 0.0
3.0, 22.0, 50.0, 45.0, 1991-08-03 00:00:00, 0.0
3.0, 22.0, 50.0, 45.0, 1991-08-04 00:00:00, 0.0
3.0, 22.0, 50.0, 45.0, 1991-08-05 00:00:00, 0.0
1.0, 22.4, 90.0, 57.0, 1991-08-06 00:00:00, 0.0
16.0, 21.8, 140.0, 46.0, 1991-08-07 00:00:00, 0.5
15.0, 21.5, 140.0, 57.0, 1991-08-08 00:00:00, 0.0
15.0, 14.9, 320.0, 80.0, 1991-08-09 00:00:00, 0.0
9.0, 10.2, 320.0, 99.0, 1991-08-10 00:00:00, 11.2
11.0, 14.4, 270.0, 81.0, 1991-08-11 00:00:00, 13.2
11.0, 15.9, 270.0, 76.0, 1991-08-12 00:00:00, 1.0
1.0, 10.7, 180.0, 98.0, 1991-08-13 00:00:00, 6.1
4.0, 12.6, 270.0, 97.0, 1991-08-14 00:00:00, 6.3
8.0, 22.7, 270.0, 66.0, 1991-08-15 00:00:00, 0.0
4.0, 25.6, 320.0, 51.0, 1991-08-16 00:00:00, 0.0
6.0, 26.9, 0.0, 46.0, 1991-08-17 00:00:00, 0.0
10.0, 25.5, 230.0, 53.0, 1991-08-18 00:00:00, 0.0
11.0, 23.1, 230.0, 46.0, 1991-08-19 00:00:00, 1.8
6.0, 21.9, 270.0, 54.0, 1991-08-20 00:00:00, 0.0
6.0, 21.5, 270.0, 49.0, 1991-08-21 00:00:00, 0.3
1.0, 19.5, 270.0, 50.0, 1991-08-22 00:00:00, 0.0
8.0, 17.3, 270.0, 54.0, 1991-08-23 00:00:00, 0.0
8.0, 17.3, 270.0, 54.0, 1991-08-24 00:00:00, 0.0
8.0, 17.3, 270.0, 54.0, 1991-08-25 00:00:00, 0.0
8.0, 17.3, 270.0, 54.0, 1991-08-26 00:00:00, 0.0
20.0, 14.0, 140.0, 79.0, 1991-08-27 00:00:00, 11.2
15.0, 11.2, 140.0, 66.0, 1991-08-28 00:00:00, 0.5
15.0, 10.9, 140.0, 86.0, 1991-08-29 00:00:00, 3.0
7.0, 15.3, 140.0, 80.0, 1991-08-30 00:00:00, 0.0
7.0, 10.9, 140.0, 94.0, 1991-08-31 00:00:00, 3.0
5.0, 8.1, 270.0, 95.0, 1991-09-01 00:00:00, 4.6
7.0, 12.2, 270.0, 62.0, 1991-09-02 00:00:00, 3.0
7.0, 17.2, 140.0, 45.0, 1991-09-03 00:00:00, 0.0
5.0, 19.7, 320.0, 48.0, 1991-09-04 00:00:00, 0.0
9.0, 22.1, 180.0, 41.0, 1991-09-05 00:00:00, 0.0
4.0, 15.3, 180.0, 78.0, 1991-09-06 00:00:00, 0.0
7.0, 11.5, 270.0, 68.0, 1991-09-07 00:00:00, 0.0
14.0, 11.3, 270.0, 63.0, 1991-09-08 00:00:00, 0.0
6.0, 15.7, 90.0, 48.0, 1991-09-09 00:00:00, 0.0
10.0, 17.1, 320.0, 49.0, 1991-09-10 00:00:00, 0.0
2.0, 19.3, 180.0, 42.0, 1991-09-11 00:00:00, 0.0
11.0, 18.8, 180.0, 45.0, 1991-09-12 00:00:00, 0.0
11.0, 7.5, 320.0, 81.0, 1991-09-13 00:00:00, 3.6
6.0, 12.1, 270.0, 63.0, 1991-09-14 00:00:00, 0.3
8.0, 16.2, 270.0, 60.0, 1991-09-15 00:00:00, 0.3
13.0, 14.7, 320.0, 60.0, 1991-09-16 00:00:00, 0.5
4.0, 16.8, 90.0, 50.0, 1991-09-17 00:00:00, 0.3
4.0, 20.5, 180.0, 45.0, 1991-09-18 00:00:00, 0.0
10.0, 19.7, 270.0, 45.0, 1991-09-19 00:00:00, 0.0
13.0, 10.0, 320.0, 50.0, 1991-09-20 00:00:00, 0.0
11.0, 6.7, 270.0, 62.0, 1991-09-21 00:00:00, 0.0
6.0, 4.2, 180.0, 90.0, 1991-09-22 00:00:00, 1.0
4.0, 13.4, 320.0, 77.0, 1991-09-23 00:00:00, 4.1
6.0, 17.7, 270.0, 64.0, 1991-09-24 00:00:00, 0.0
4.0, 20.5, 180.0, 50.0, 1991-09-25 00:00:00, 0.0
5.0, 21.7, 50.0, 45.0, 1991-09-26 00:00:00, 0.0
0.0, 0.0, 0.0, 0.0, 1992-04-22 00:00:00, 0.0
1.0, 1.4, 270.0, 94.0, 1992-04-23 00:00:00, 1.5
15.0, 7.3, 140.0, 60.0, 1992-04-24 00:00:00, 4.3
13.0, 15.7, 180.0, 37.0, 1992-04-25 00:00:00, 0.0
20.0, 15.8, 180.0, 47.0, 1992-04-26 00:00:00, 0.0
4.0, 12.2, 90.0, 81.0, 1992-04-27 00:00:00, 0.3
9.0, 9.6, 140.0, 53.0, 1992-04-28 00:00:00, 0.5
15.0, 11.6, 180.0, 84.0, 1992-04-29 00:00:00, 3.3
12.0, 0.0, 320.0, 99.0, 1992-04-30 00:00:00, 1.0
11.0, 8.0, 180.0, 55.0, 1992-05-01 00:00:00, 0.3
13.0, 10.7, 180.0, 55.0, 1992-05-02 00:00:00, 0.0
10.0, 18.3, 180.0, 29.0, 1992-05-03 00:00:00, 0.0
10.0, 16.6, 140.0, 43.0, 1992-05-04 00:00:00, 0.0
9.0, 20.1, 140.0, 31.0, 1992-05-05 00:00:00, 0.0
8.0, 16.8, 270.0, 49.0, 1992-05-06 00:00:00, 0.0
8.0, 18.1, 270.0, 40.0, 1992-05-07 00:00:00, 0.0
12.0, 6.9, 320.0, 55.0, 1992-05-08 00:00:00, 0.0
12.0, 4.6, 180.0, 78.0, 1992-05-09 00:00:00, 0.0
4.0, 1.6, 270.0, 92.0, 1992-05-10 00:00:00, 1.3
3.0, 1.8, 320.0, 96.0, 1992-05-11 00:00:00, 5.6
2.0, 2.4, 50.0, 95.0, 1992-05-12 00:00:00, 0.8
6.0, 10.6, 230.0, 35.0, 1992-05-13 00:00:00, 0.3
8.0, 13.3, 320.0, 36.0, 1992-05-14 00:00:00, 0.0
16.0, 9.3, 320.0, 52.0, 1992-05-15 00:00:00, 0.0
7.0, 16.6, 270.0, 28.0, 1992-05-16 00:00:00, 0.0
8.0, 17.6, 180.0, 27.0, 1992-05-17 00:00:00, 0.0
15.0, 14.7, 180.0, 31.0, 1992-05-18 00:00:00, 0.0
9.0, 9.6, 140.0, 44.0, 1992-05-19 00:00:00, 0.0
12.0, 9.2, 320.0, 44.0, 1992-05-20 00:00:00, 0.0
7.0, 8.2, 180.0, 39.0, 1992-05-21 00:00:00, 0.0
9.0, 9.6, 140.0, 46.0, 1992-05-22 00:00:00, 0.0
4.0, 10.8, 0.0, 71.0, 1992-05-23 00:00:00, 0.5
5.0, 19.6, 0.0, 46.0, 1992-05-24 00:00:00, 0.0
10.0, 24.3, 230.0, 35.0, 1992-05-25 00:00:00, 0.0
7.0, 10.6, 320.0, 99.0, 1992-05-26 00:00:00, 5.3
6.0, 12.7, 320.0, 58.0, 1992-05-27 00:00:00, 1.2
5.0, 13.8, 90.0, 63.0, 1992-05-28 00:00:00, 0.7
9.0, 11.2, 320.0, 69.0, 1992-05-29 00:00:00, 4.1
6.0, 16.1, 230.0, 42.0, 1992-05-30 00:00:00, 0.0
7.0, 19.7, 140.0, 38.0, 1992-05-31 00:00:00, 0.0
12.0, 16.5, 180.0, 60.0, 1992-06-01 00:00:00, 0.0
8.0, 9.8, 270.0, 50.0, 1992-06-02 00:00:00, 3.8
6.0, 14.0, 230.0, 38.0, 1992-06-03 00:00:00, 0.0
11.0, 13.9, 320.0, 45.0, 1992-06-04 00:00:00, 0.0
7.0, 16.0, 270.0, 41.0, 1992-06-05 00:00:00, 0.0
10.0, 20.5, 180.0, 34.0, 1992-06-06 00:00:00, 0.0
5.0, 17.7, 270.0, 44.0, 1992-06-07 00:00:00, 0.0
3.0, 17.6, 90.0, 50.0, 1992-06-08 00:00:00, 0.0
17.0, 16.9, 180.0, 43.0, 1992-06-09 00:00:00, 0.0
15.0, 16.6, 180.0, 43.0, 1992-06-10 00:00:00, 0.5
6.0, 20.1, 90.0, 37.0, 1992-06-11 00:00:00, 0.0
10.0, 16.8, 230.0, 59.0, 1992-06-12 00:00:00, 0.0
10.0, 12.3, 320.0, 99.0, 1992-06-13 00:00:00, 4.6
0.0, 14.4, 0.0, 71.0, 1992-06-14 00:00:00, 2.5
8.0, 19.3, 320.0, 61.0, 1992-06-15 00:00:00, 0.0
10.0, 13.6, 270.0, 90.0, 1992-06-16 00:00:00, 0.3
10.0, 16.7, 230.0, 50.0, 1992-06-17 00:00:00, 0.3
8.0, 21.5, 230.0, 34.0, 1992-06-18 00:00:00, 0.0
7.0, 22.3, 180.0, 43.0, 1992-06-19 00:00:00, 0.0
7.0, 20.2, 0.0, 51.0, 1992-06-20 00:00:00, 0.0
7.0, 23.3, 0.0, 43.0, 1992-06-21 00:00:00, 0.0
6.0, 24.1, 270.0, 45.0, 1992-06-22 00:00:00, 0.0
10.0, 23.1, 320.0, 42.0, 1992-06-23 00:00:00, 0.0
7.0, 25.7, 0.0, 28.0, 1992-06-24 00:00:00, 0.0
4.0, 28.6, 180.0, 27.0, 1992-06-25 00:00:00, 0.0
7.0, 27.8, 230.0, 30.0, 1992-06-26 00:00:00, 0.0
4.0, 25.2, 270.0, 39.0, 1992-06-27 00:00:00, 0.0
7.0, 25.5, 140.0, 41.0, 1992-06-28 00:00:00, 0.0
7.0, 15.1, 90.0, 91.0, 1992-06-29 00:00:00, 2.8
0.0, 12.2, 320.0, 96.0, 1992-06-30 00:00:00, 1.8
0.0, 14.0, 0.0, 80.0, 1992-07-01 00:00:00, 5.3
3.0, 12.5, 180.0, 82.0, 1992-07-02 00:00:00, 2.8
6.0, 15.5, 90.0, 69.0, 1992-07-03 00:00:00, 2.5
4.0, 15.9, 0.0, 83.0, 1992-07-04 00:00:00, 0.0
6.0, 12.6, 230.0, 88.0, 1992-07-05 00:00:00, 3.6
8.0, 15.9, 230.0, 82.0, 1992-07-06 00:00:00, 4.5
0.0, 13.9, 320.0, 75.0, 1992-07-07 00:00:00, 1.7
6.0, 11.2, 0.0, 99.0, 1992-07-08 00:00:00, 14.7
0.0, 15.0, 320.0, 72.0, 1992-07-09 00:00:00, 0.2
4.0, 15.3, 230.0, 78.0, 1992-07-10 00:00:00, 3.0
3.0, 16.7, 270.0, 65.0, 1992-07-11 00:00:00, 0.2
9.0, 18.1, 140.0, 64.0, 1992-07-12 00:00:00, 0.0
9.0, 16.1, 180.0, 65.0, 1992-07-13 00:00:00, 0.2
9.0, 13.3, 320.0, 64.0, 1992-07-14 00:00:00, 7.3
9.0, 15.8, 320.0, 55.0, 1992-07-15 00:00:00, 0.0
9.0, 23.1, 230.0, 40.0, 1992-07-16 00:00:00, 0.0
4.0, 23.1, 320.0, 49.0, 1992-07-17 00:00:00, 0.3
15.0, 21.4, 320.0, 33.0, 1992-07-18 00:00:00, 0.0
3.0, 21.5, 320.0, 45.0, 1992-07-19 00:00:00, 0.0
6.0, 24.1, 230.0, 33.0, 1992-07-20 00:00:00, 0.0
3.0, 19.5, 230.0, 67.0, 1992-07-21 00:00:00, 0.0
0.0, 13.0, 320.0, 11.0, 1992-07-22 00:00:00, 11.4
12.0, 20.0, 0.0, 54.0, 1992-07-23 00:00:00, 0.0
3.0, 20.6, 230.0, 46.0, 1992-07-24 00:00:00, 0.0
14.0, 22.6, 180.0, 38.0, 1992-07-25 00:00:00, 0.0
7.0, 18.7, 320.0, 49.0, 1992-07-26 00:00:00, 0.0
5.0, 18.0, 320.0, 51.0, 1992-07-27 00:00:00, 0.0
10.0, 18.2, 320.0, 60.0, 1992-07-28 00:00:00, 0.0
10.0, 21.7, 270.0, 49.0, 1992-07-29 00:00:00, 0.0
3.0, 24.5, 0.0, 36.0, 1992-07-30 00:00:00, 0.0
7.0, 26.8, 180.0, 34.0, 1992-07-31 00:00:00, 0.0
5.0, 26.8, 140.0, 32.0, 1992-08-01 00:00:00, 0.0
9.0, 23.3, 320.0, 48.0, 1992-08-02 00:00:00, 0.0
5.0, 22.0, 270.0, 57.0, 1992-08-03 00:00:00, 1.0
4.0, 21.5, 270.0, 50.0, 1992-08-04 00:00:00, 0.0
7.0, 20.6, 180.0, 57.0, 1992-08-05 00:00:00, 0.8
0.0, 10.9, 0.0, 99.0, 1992-08-06 00:00:00, 1.8
3.0, 7.6, 50.0, 99.0, 1992-08-07 00:00:00, 3.3
11.0, 13.0, 180.0, 57.0, 1992-08-08 00:00:00, 0.5
1.0, 13.3, 230.0, 54.0, 1992-08-09 00:00:00, 0.0
5.0, 19.4, 230.0, 41.0, 1992-08-10 00:00:00, 0.0
7.0, 24.9, 140.0, 34.0, 1992-08-11 00:00:00, 0.0
4.0, 26.8, 90.0, 33.0, 1992-08-12 00:00:00, 0.0
5.0, 26.1, 180.0, 39.0, 1992-08-13 00:00:00, 0.0
3.0, 25.4, 270.0, 33.0, 1992-08-14 00:00:00, 0.0
9.0, 22.2, 320.0, 35.0, 1992-08-15 00:00:00, 0.0
10.0, 22.8, 0.0, 33.0, 1992-08-16 00:00:00, 0.0
11.0, 27.6, 180.0, 21.0, 1992-08-17 00:00:00, 0.0
15.0, 16.9, 320.0, 37.0, 1992-08-21 00:00:00, 0.0
11.0, 9.9, 320.0, 43.0, 1992-08-22 00:00:00, 0.0
10.0, 12.0, 0.0, 24.0, 1992-08-23 00:00:00, 0.0
5.0, 16.8, 90.0, 27.0, 1992-08-24 00:00:00, 0.0
4.0, 19.4, 140.0, 42.0, 1992-08-25 00:00:00, 0.0
3.0, 17.5, 230.0, 64.0, 1992-08-26 00:00:00, 0.0
7.0, 16.4, 270.0, 40.0, 1992-08-27 00:00:00, 0.0
14.0, 11.8, 0.0, 44.0, 1992-08-28 00:00:00, 0.0
9.0, 15.9, 180.0, 29.0, 1992-08-29 00:00:00, 0.0
8.0, 18.9, 180.0, 37.0, 1992-08-30 00:00:00, 0.0
5.0, 18.6, 230.0, 49.0, 1992-08-31 00:00:00, 0.3
1.0, 14.1, 50.0, 45.0, 1992-09-01 00:00:00, 0.3
7.0, 18.1, 270.0, 33.0, 1992-09-02 00:00:00, 0.0
5.0, 14.8, 180.0, 57.0, 1992-09-03 00:00:00, 0.0
14.0, 2.6, 320.0, 99.0, 1992-09-04 00:00:00, 5.1
2.0, 3.0, 320.0, 89.0, 1992-09-05 00:00:00, 1.5
7.0, 4.7, 320.0, 91.0, 1992-09-06 00:00:00, 2.5
16.0, 5.2, 180.0, 72.0, 1992-09-07 00:00:00, 0.3
11.0, 7.5, 320.0, 59.0, 1992-09-08 00:00:00, 1.0
10.0, 14.0, 180.0, 52.0, 1992-09-09 00:00:00, 0.0
9.0, 18.4, 180.0, 42.0, 1992-09-10 00:00:00, 0.0
9.0, 15.0, 180.0, 56.0, 1992-09-11 00:00:00, 0.0
7.0, 7.1, 320.0, 64.0, 1992-09-12 00:00:00, 2.5
3.0, 2.3, 50.0, 94.0, 1992-09-13 00:00:00, 0.7
3.0, 2.8, 0.0, 74.0, 1992-09-14 00:00:00, 0.2
8.0, 3.3, 320.0, 48.0, 1992-09-15 00:00:00, 0.0
14.0, 10.7, 230.0, 40.0, 1992-09-16 00:00:00, 0.0
3.0, 9.5, 90.0, 46.0, 1992-09-17 00:00:00, 0.0
7.0, 9.0, 140.0, 61.0, 1992-09-18 00:00:00, 0.0
13.0, 13.9, 180.0, 59.0, 1992-09-19 00:00:00, 0.0
5.0, 17.5, 230.0, 53.0, 1992-09-20 00:00:00, 0.5
9.0, 16.6, 180.0, 55.0, 1992-09-21 00:00:00, 0.0
3.0, 18.1, 140.0, 56.0, 1992-09-22 00:00:00, 0.0
15.0, 12.6, 180.0, 64.0, 1992-09-23 00:00:00, 0.0
0.0, 8.1, 320.0, 94.0, 1992-09-24 00:00:00, 0.5
0.0, 5.6, 320.0, 97.0, 1992-09-25 00:00:00, 5.3
12.0, 11.3, 230.0, 58.0, 1992-09-26 00:00:00, 1.8
12.0, 9.4, 180.0, 47.0, 1992-09-27 00:00:00, 0.3
10.0, 12.3, 140.0, 40.0, 1992-09-28 00:00:00, 0.0
20.0, 21.8, 180.0, 13.0, 1992-09-29 00:00:00, 0.0
5.0, 21.6, 140.0, 34.0, 1992-09-30 00:00:00, 0.0
7.0, 22.5, 90.0, 32.0, 1992-10-01 00:00:00, 0.0
6.0, 21.7, 320.0, 40.0, 1992-10-02 00:00:00, 0.0
10.0, 15.4, 230.0, 68.0, 1992-10-03 00:00:00, 0.3
8.0, 8.1, 0.0, 47.0, 1992-10-04 00:00:00, 0.0
11.0, 8.7, 320.0, 39.0, 1992-10-05 00:00:00, 0.0
4.0, 6.3, 230.0, 41.0, 1992-10-06 00:00:00, 0.0
5.0, 6.3, 230.0, 40.0, 1992-10-07 00:00:00, 0.0
15.0, 7.3, 0.0, 43.0, 1992-10-08 00:00:00, 0.0
5.0, 7.4, 180.0, 59.0, 1992-10-09 00:00:00, 0.0
16.0, 12.9, 180.0, 56.0, 1992-10-10 00:00:00, 0.0
5.0, 7.6, 0.0, 32.0, 1992-10-11 00:00:00, 0.0
11.0, 1.9, 320.0, 99.0, 1992-10-12 00:00:00, 4.1
4.0, -1.2, 320.0, 96.0, 1992-10-13 00:00:00, 1.2
13.0, -2.9, 320.0, 92.0, 1992-10-14 00:00:00, 0.0
11.0, -0.3, 180.0, 58.0, 1992-10-15 00:00:00, 0.0
9.0, 0.6, 140.0, 62.0, 1992-10-16 00:00:00, 1.3
8.0, 4.5, 140.0, 81.0, 1992-10-17 00:00:00, 0.3
6.0, 3.5, 90.0, 99.0, 1992-10-18 00:00:00, 0.5
5.0, 3.7, 140.0, 99.0, 1992-10-19 00:00:00, 1.0
14.0, 11.3, 180.0, 62.0, 1992-10-20 00:00:00, 0.3
11.0, 11.7, 180.0, 62.0, 1992-10-21 00:00:00, 0.0
18.0, 10.3, 180.0, 61.0, 1992-10-22 00:00:00, 0.0
19.0, 12.9, 140.0, 72.0, 1992-10-23 00:00:00, 0.0
8.0, 7.6, 320.0, 99.0, 1992-10-24 00:00:00, 5.3
3.0, 7.0, 90.0, 69.0, 1992-10-25 00:00:00, 0.0
0.0, 4.1, 0.0, 83.0, 1992-10-26 00:00:00, 0.3
0.0, 4.1, 0.0, 67.0, 1992-10-27 00:00:00, 0.0
0.0, 3.7, 0.0, 56.0, 1992-10-28 00:00:00, 0.0
0.0, 1.2, 0.0, 99.0, 1992-10-29 00:00:00, 0.3
0.0, 6.2, 0.0, 76.0, 1992-10-30 00:00:00, 1.5
0.0, 5.8, 0.0, 68.0, 1992-10-31 00:00:00, 0.3
0.0, 6.1, 0.0, 59.0, 1992-11-01 00:00:00, 0.0
0.0, 2.5, 0.0, 80.0, 1992-11-02 00:00:00, 0.3
0.0, -1.0, 0.0, 99.0, 1992-11-03 00:00:00, 0.0
0.0, 1.0, 0.0, 99.0, 1992-11-04 00:00:00, 0.0
