station_observations
wind_speed, temperature, wind_direction, relative_humidity, time, precipitation
13.0, 9.2, 320.0, 91.0, 1989-06-14 00:00:00, 0.0
8.0, 9.2, 0.0, 69.0, 1989-06-15 00:00:00, 9.3
12.0, 5.4, 90.0, 97.0, 1989-06-16 00:00:00, 3.5
22.0, 8.4, 0.0, 67.0, 1989-06-17 00:00:00, 4.5
20.0, 8.2, 0.0, 55.0, 1989-06-18 00:00:00, 1.2
15.0, 3.2, 270.0, 90.0, 1989-06-19 00:00:00, 2.0
17.0, 3.9, 90.0, 99.0, 1989-06-20 00:00:00, 2.0
11.0, 10.0, 0.0, 74.0, 1989-06-21 00:00:00, 0.0
6.0, 6.5, 140.0, 99.0, 1989-06-22 00:00:00, 8.3
12.0, 14.4, 180.0, 44.0, 1989-06-23 00:00:00, 0.0
9.0, 16.0, 140.0, 51.0, 1989-06-24 00:00:00, 0.0
6.0, 16.5, 320.0, 42.0, 1989-06-25 00:00:00, 1.5
5.0, 9.4, 180.0, 80.0, 1989-06-26 00:00:00, 8.1
13.0, 4.3, 0.0, 93.0, 1989-06-27 00:00:00, 8.6
13.0, 6.3, 0.0, 98.0, 1989-06-28 00:00:00, 4.8
8.0, 9.3, 0.0, 84.0, 1989-06-29 00:00:00, 4.3
15.0, 11.5, 0.0, 65.0, 1989-06-30 00:00:00, 5.5
20.0, 7.8, 0.0, 77.0, 1989-07-01 00:00:00, 11.9
12.0, 7.4, 0.0, 83.0, 1989-07-02 00:00:00, 8.6
18.0, 9.7, 0.0, 80.0, 1989-07-03 00:00:00, 0.5
12.0, 11.4, 0.0, 65.0, 1989-07-04 00:00:00, 0.0
8.0, 9.3, 180.0, 77.0, 1989-07-05 00:00:00, 5.3
16.0, 14.0, 0.0, 43.0, 1989-07-06 00:00:00, 0.0
4.0, 14.2, 90.0, 57.0, 1989-07-07 00:00:00, 0.0
13.0, 8.2, 90.0, 96.0, 1989-07-08 00:00:00, 5.8
6.0, 10.9, 180.0, 77.0, 1989-07-09 00:00:00, 3.0
0.0, 13.0, 0.0, 66.0, 1989-07-10 00:00:00, 0.2
8.0, 10.1, 320.0, 93.0, 1989-07-11 00:00:00, 2.8
5.0, 19.9, 270.0, 44.0, 1989-07-12 00:00:00, 0.0
12.0, 19.8, 0.0, 53.0, 1989-07-13 00:00:00, 4.1
15.0, 20.4, 0.0, 53.0, 1989-07-14 00:00:00, 9.3
13.0, 10.2, 320.0, 93.0, 1989-07-15 00:00:00, 22.8
13.0, 12.1, 0.0, 87.0, 1989-07-16 00:00:00, 0.5
14.0, 10.5, 320.0, 95.0, 1989-07-17 00:00:00, 0.5
14.0, 15.0, 320.0, 61.0, 1989-07-18 00:00:00, 0.7
17.0, 16.9, 0.0, 66.0, 1989-07-19 00:00:00, 0.0
7.0, 18.3, 320.0, 38.0, 1989-07-20 00:00:00, 0.0
10.0, 11.1, 0.0, 77.0, 1989-07-21 00:00:00, 0.0
2.0, 9.9, 90.0, 71.0, 1989-07-22 00:00:00, 9.9
19.0, 17.1, 0.0, 41.0, 1989-07-23 00:00:00, 0.0
7.0, 12.8, 180.0, 61.0, 1989-07-24 00:00:00, 0.0
8.0, 16.6, 0.0, 45.0, 1989-07-25 00:00:00, 0.0
7.0, 24.0, 230.0, 22.0, 1989-07-26 00:00:00, 0.0
8.0, 17.1, 270.0, 66.0, 1989-07-27 00:00:00, 4.6
4.0, 18.4, 0.0, 58.0, 1989-07-28 00:00:00, 0.5
10.0, 22.3, 270.0, 37.0, 1989-07-29 00:00:00, 0.0
6.0, 24.4, 270.0, 33.0, 1989-07-30 00:00:00, 0.0
5.0, 23.1, 270.0, 42.0, 1989-07-31 00:00:00, 1.8
9.0, 20.2, 50.0, 53.0, 1989-08-01 00:00:00, 0.0
12.0, 6.4, 0.0, 98.0, 1989-08-02 00:00:00, 7.4
8.0, 9.5, 50.0, 96.0, 1989-08-03 00:00:00, 0.3
5.0, 14.9, 270.0, 78.0, 1989-08-04 00:00:00, 0.3
3.0, 18.4, 270.0, 60.0, 1989-08-05 00:00:00, 0.0
9.0, 23.1, 0.0, 42.0, 1989-08-06 00:00:00, 0.0
11.0, 21.1, 320.0, 47.0, 1989-08-07 00:00:00, 0.0
9.0, 23.1, 320.0, 36.0, 1989-08-08 00:00:00, 0.0
11.0, 16.8, 320.0, 59.0, 1989-08-09 00:00:00, 0.0
9.0, 16.0, 320.0, 59.0, 1989-08-10 00:00:00, 0.0
9.0, 18.9, 270.0, 47.0, 1989-08-11 00:00:00, 0.8
8.0, 22.7, 320.0, 27.0, 1989-08-12 00:00:00, 0.0
16.0, 18.7, 320.0, 65.0, 1989-08-13 00:00:00, 2.8
1.0, 14.3, 270.0, 65.0, 1989-08-14 00:00:00, 0.3
10.0, 8.0, 0.0, 97.0, 1989-08-15 00:00:00, 4.6
6.0, 6.5, 0.0, 85.0, 1989-08-16 00:00:00, 0.3
1.0, 9.9, 50.0, 84.0, 1989-08-17 00:00:00, 0.8
1.0, 12.6, 230.0, 80.0, 1989-08-18 00:00:00, 0.0
4.0, 11.4, 0.0, 82.0, 1989-08-19 00:00:00, 8.6
15.0, 9.5, 180.0, 90.0, 1989-08-20 00:00:00, 3.3
11.0, 8.1, 180.0, 90.0, 1989-08-21 00:00:00, 20.8
2.0, 5.7, 230.0, 91.0, 1989-08-22 00:00:00, 12.9
7.0, 7.6, 0.0, 90.0, 1989-08-23 00:00:00, 8.1
9.0, 9.8, 0.0, 81.0, 1989-08-24 00:00:00, 0.5
3.0, 9.9, 230.0, 84.0, 1989-08-25 00:00:00, 0.0
6.0, 8.3, 0.0, 81.0, 1989-08-26 00:00:00, 0.0
4.0, 9.2, 0.0, 80.0, 1989-08-27 00:00:00, 4.1
7.0, 8.3, 0.0, 77.0, 1989-08-28 00:00:00, 6.6
8.0, 7.1, 0.0, 81.0, 1989-08-29 00:00:00, 1.3
2.0, 9.8, 0.0, 67.0, 1989-08-30 00:00:00, 1.0
12.0, 5.3, 230.0, 93.0, 1989-08-31 00:00:00, 10.7
7.0, 8.0, 0.0, 85.0, 1989-09-01 00:00:00, 1.8
8.0, 6.6, 180.0, 93.0, 1989-09-02 00:00:00, 0.0
8.0, 7.4, 230.0, 82.0, 1989-09-03 00:00:00, 0.8
16.0, 7.5, 230.0, 83.0, 1989-09-04 00:00:00, 0.0
14.0, 3.1, 0.0, 94.0, 1989-09-05 00:00:00, 1.5
4.0, 7.9, 140.0, 80.0, 1989-09-06 00:00:00, 2.0
16.0, 10.6, 180.0, 75.0, 1989-09-07 00:00:00, 0.0
10.0, 8.3, 180.0, 60.0, 1989-09-08 00:00:00, 0.0
9.0, 7.9, 180.0, 57.0, 1989-09-09 00:00:00, 0.0
8.0, 7.5, 180.0, 44.0, 1989-09-10 00:00:00, 0.7
8.0, 13.7, 140.0, 49.0, 1989-09-11 00:00:00, 0.0
9.0, 17.1, 90.0, 39.0, 1989-09-12 00:00:00, 0.0
9.0, 17.4, 90.0, 37.0, 1989-09-13 00:00:00, 0.0
13.0, 15.0, 90.0, 46.0, 1989-09-14 00:00:00, 0.0
13.0, 12.0, 90.0, 49.0, 1989-09-15 00:00:00, 0.0
8.0, 1.1, 0.0, 96.0, 1989-09-16 00:00:00, 0.2
7.0, 0.9, 230.0, 96.0, 1989-09-17 00:00:00, 0.3
11.0, 3.7, 320.0, 80.0, 1989-09-18 00:00:00, 0.0
11.0, 4.9, 50.0, 88.0, 1989-09-19 00:00:00, 2.5
11.0, 8.5, 320.0, 78.0, 1989-09-20 00:00:00, 0.0
10.0, 13.2, 90.0, 62.0, 1989-09-21 00:00:00, 0.0
11.0, 16.3, 320.0, 49.0, 1989-09-22 00:00:00, 0.0
8.0, 15.6, 320.0, 48.0, 1989-09-23 00:00:00, 0.0
3.0, 16.1, 180.0, 42.0, 1989-09-24 00:00:00, 0.0
8.0, 18.8, 0.0, 35.0, 1989-09-25 00:00:00, 0.0
10.0, 11.7, 320.0, 62.0, 1989-09-26 00:00:00, 0.0
10.0, 13.2, 50.0, 63.0, 1989-09-27 00:00:00, 0.0
7.0, 15.3, 320.0, 57.0, 1989-09-28 00:00:00, 0.0
24.0, 14.1, 0.0, 44.0, 1989-09-29 00:00:00, 0.0
14.0, 4.4, 90.0, 73.0, 1989-09-30 00:00:00, 0.0
7.0, 3.6, 180.0, 66.0, 1989-10-01 00:00:00, 0.0
7.0, 5.8, 140.0, 58.0, 1989-10-02 00:00:00, 0.2
7.0, 9.4, 90.0, 47.0, 1989-10-03 00:00:00, 0.0
1.0, 9.6, 90.0, 58.0, 1989-10-04 00:00:00, 0.0
7.0, 4.7, 320.0, 92.0, 1989-10-05 00:00:00, 0.5
10.0, 8.4, 320.0, 73.0, 1989-10-06 00:00:00, 0.5
18.0, 9.2, 0.0, 71.0, 1989-10-07 00:00:00, 0.0
13.0, 8.7, 90.0, 65.0, 1989-10-08 00:00:00, 0.0
24.0, 6.7, 320.0, 64.0, 1989-10-09 00:00:00, 0.0
18.0, 0.2, 90.0, 98.0, 1989-10-10 00:00:00, 25.3
0.0, 0.0, 0.0, 0.0, 1990-05-24 00:00:00, 0.0
10.0, 4.0, 180.0, 40.0, 1990-05-25 00:00:00, 20.3
11.0, 9.5, 140.0, 0.0, 1990-05-26 00:00:00, 6.6
11.0, 15.5, 140.0, 79.0, 1990-05-27 00:00:00, 0.0
7.0, 15.8, 140.0, 79.0, 1990-05-28 00:00:00, 0.0
4.0, 9.8, 270.0, 81.0, 1990-05-29 00:00:00, 12.2
13.0, 7.3, 180.0, 82.0, 1990-05-30 00:00:00, 23.1
4.0, 13.8, 230.0, 79.0, 1990-05-31 00:00:00, 0.0
18.0, 7.9, 320.0, 81.0, 1990-06-01 00:00:00, 1.8
9.0, 5.9, 180.0, 82.0, 1990-06-02 00:00:00, 8.6
12.0, 6.3, 180.0, 82.0, 1990-06-03 00:00:00, 2.5
3.0, 2.4, 180.0, 83.0, 1990-06-04 00:00:00, 21.3
8.0, 7.4, 230.0, 82.0, 1990-06-05 00:00:00, 5.8
11.0, 13.6, 140.0, 79.0, 1990-06-06 00:00:00, 1.3
9.0, 5.8, 180.0, 82.0, 1990-06-07 00:00:00, 16.0
15.0, 8.9, 140.0, 81.0, 1990-06-08 00:00:00, 4.6
9.0, 12.1, 140.0, 80.0, 1990-06-09 00:00:00, 1.3
4.0, 7.5, 270.0, 99.0, 1990-06-10 00:00:00, 13.5
8.0, 0.6, 180.0, 85.0, 1990-06-11 00:00:00, 18.5
5.0, 2.9, 180.0, 84.0, 1990-06-12 00:00:00, 25.1
14.0, 12.6, 0.0, 80.0, 1990-06-13 00:00:00, 2.0
10.0, 17.5, 270.0, 0.0, 1990-06-14 00:00:00, 0.0
8.0, 15.2, 230.0, 79.0, 1990-06-15 00:00:00, 0.0
9.0, 9.4, 180.0, 81.0, 1990-06-16 00:00:00, 5.3
8.0, 14.7, 270.0, 79.0, 1990-06-17 00:00:00, 0.3
16.0, 12.0, 270.0, 80.0, 1990-06-18 00:00:00, 2.8
8.0, 9.4, 140.0, 82.0, 1990-06-19 00:00:00, 4.6
7.0, 13.8, 270.0, 79.0, 1990-06-20 00:00:00, 7.4
8.0, 19.5, 140.0, 77.0, 1990-06-21 00:00:00, 0.0
10.0, 22.6, 90.0, 76.0, 1990-06-22 00:00:00, 0.0
7.0, 17.0, 140.0, 78.0, 1990-06-23 00:00:00, 0.8
18.0, 14.4, 270.0, 79.0, 1990-06-24 00:00:00, 1.3
4.0, 16.8, 90.0, 78.0, 1990-06-25 00:00:00, 0.3
7.0, 17.0, 140.0, 78.0, 1990-06-26 00:00:00, 0.0
12.0, 17.1, 90.0, 78.0, 1990-06-27 00:00:00, 0.3
11.0, 15.1, 140.0, 79.0, 1990-06-28 00:00:00, 1.3
7.0, 15.3, 50.0, 79.0, 1990-06-29 00:00:00, 5.6
10.0, 15.4, 140.0, 79.0, 1990-06-30 00:00:00, 3.8
8.0, 15.6, 140.0, 79.0, 1990-07-01 00:00:00, 0.5
3.0, 8.1, 140.0, 81.0, 1990-07-02 00:00:00, 15.7
8.0, 6.7, 180.0, 82.0, 1990-07-03 00:00:00, 11.2
10.0, 16.8, 140.0, 78.0, 1990-07-04 00:00:00, 0.3
6.0, 20.4, 140.0, 77.0, 1990-07-05 00:00:00, 0.0
10.0, 8.9, 180.0, 81.0, 1990-07-06 00:00:00, 25.7
10.0, 11.5, 230.0, 80.0, 1990-07-07 00:00:00, 5.1
10.0, 18.9, 140.0, 77.0, 1990-07-08 00:00:00, 0.0
8.0, 19.3, 320.0, 77.0, 1990-07-09 00:00:00, 0.0
8.0, 23.7, 140.0, 76.0, 1990-07-10 00:00:00, 0.0
6.0, 27.0, 230.0, 75.0, 1990-07-11 00:00:00, 0.0
5.0, 18.4, 270.0, 78.0, 1990-07-12 00:00:00, 2.0
20.0, 19.4, 320.0, 77.0, 1990-07-13 00:00:00, 0.0
11.0, 19.6, 320.0, 77.0, 1990-07-14 00:00:00, 0.0
13.0, 21.4, 270.0, 77.0, 1990-07-15 00:00:00, 0.0
22.0, 16.5, 270.0, 78.0, 1990-07-16 00:00:00, 3.3
15.0, 16.7, 270.0, 78.0, 1990-07-17 00:00:00, 0.0
25.0, 13.8, 270.0, 79.0, 1990-07-18 00:00:00, 0.0
7.0, 17.9, 0.0, 50.0, 1990-07-19 00:00:00, 0.0
9.0, 19.2, 320.0, 77.0, 1990-07-20 00:00:00, 0.0
7.0, 22.5, 270.0, 76.0, 1990-07-21 00:00:00, 0.0
11.0, 24.6, 140.0, 75.0, 1990-07-22 00:00:00, 0.0
10.0, 19.9, 140.0, 77.0, 1990-07-23 00:00:00, 0.0
4.0, 15.0, 230.0, 79.0, 1990-07-24 00:00:00, 0.8
10.0, 20.7, 0.0, 77.0, 1990-07-25 00:00:00, 0.0
12.0, 21.7, 230.0, 75.0, 1990-07-26 00:00:00, 0.0
13.0, 19.6, 320.0, 40.0, 1990-07-27 00:00:00, 0.0
7.0, 22.4, 0.0, 42.0, 1990-07-28 00:00:00, 0.0
7.0, 25.4, 90.0, 32.0, 1990-07-29 00:00:00, 0.0
3.0, 19.1, 50.0, 54.0, 1990-07-30 00:00:00, 0.2
9.0, 20.6, 140.0, 61.0, 1990-07-31 00:00:00, 1.2
13.0, 18.9, 230.0, 42.0, 1990-08-01 00:00:00, 8.4
20.0, 16.4, 270.0, 50.0, 1990-08-02 00:00:00, 0.0
7.0, 20.3, 140.0, 51.0, 1990-08-03 00:00:00, 0.0
10.0, 23.9, 90.0, 42.0, 1990-08-04 00:00:00, 0.0
10.0, 26.1, 140.0, 39.0, 1990-08-05 00:00:00, 0.0
14.0, 21.6, 140.0, 44.0, 1990-08-06 00:00:00, 0.0
7.0, 21.0, 270.0, 37.0, 1990-08-07 00:00:00, 0.0
7.0, 24.3, 140.0, 35.0, 1990-08-08 00:00:00, 0.0
8.0, 24.5, 320.0, 41.0, 1990-08-09 00:00:00, 0.0
12.0, 26.8, 0.0, 38.0, 1990-08-10 00:00:00, 0.0
9.0, 27.3, 140.0, 33.0, 1990-08-11 00:00:00, 0.0
10.0, 27.1, 140.0, 38.0, 1990-08-12 00:00:00, 0.0
9.0, 27.7, 180.0, 33.0, 1990-08-13 00:00:00, 0.0
9.0, 23.2, 180.0, 56.0, 1990-08-14 00:00:00, 1.5
7.0, 23.5, 180.0, 34.0, 1990-08-15 00:00:00, 0.0
8.0, 18.2, 140.0, 56.0, 1990-08-16 00:00:00, 0.5
9.0, 18.1, 140.0, 58.0, 1990-08-17 00:00:00, 0.0
4.0, 19.3, 270.0, 54.0, 1990-08-18 00:00:00, 3.3
10.0, 21.7, 320.0, 55.0, 1990-08-19 00:00:00, 0.0
9.0, 25.2, 320.0, 37.0, 1990-08-20 00:00:00, 0.0
8.0, 16.5, 180.0, 86.0, 1990-08-21 00:00:00, 0.2
8.0, 12.0, 270.0, 99.0, 1990-08-22 00:00:00, 9.3
8.0, 7.2, 230.0, 96.0, 1990-08-23 00:00:00, 15.4
18.0, 10.3, 270.0, 77.0, 1990-08-24 00:00:00, 2.2
3.0, 7.9, 230.0, 97.0, 1990-08-25 00:00:00, 1.7
7.0, 9.3, 270.0, 90.0, 1990-08-26 00:00:00, 9.9
9.0, 14.6, 140.0, 66.0, 1990-08-27 00:00:00, 0.5
7.0, 17.2, 140.0, 59.0, 1990-08-28 00:00:00, 0.0
7.0, 14.9, 180.0, 62.0, 1990-08-29 00:00:00, 0.0
13.0, 8.6, 140.0, 99.0, 1990-08-30 00:00:00, 15.2
9.0, 11.9, 140.0, 88.0, 1990-08-31 00:00:00, 7.0
8.0, 11.8, 180.0, 80.0, 1990-09-01 00:00:00, 0.0
1.0, 12.1, 320.0, 77.0, 1990-09-02 00:00:00, 0.0
8.0, 13.6, 320.0, 48.0, 1990-09-03 00:00:00, 0.0
8.0, 16.4, 180.0, 50.0, 1990-09-04 00:00:00, 0.0
12.0, 18.1, 180.0, 45.0, 1990-09-05 00:00:00, 0.0
7.0, 19.4, 140.0, 47.0, 1990-09-06 00:00:00, 0.0
11.0, 21.3, 320.0, 28.0, 1990-09-07 00:00:00, 0.0
18.0, 20.4, 270.0, 33.0, 1990-09-08 00:00:00, 0.0
16.0, 19.7, 270.0, 36.0, 1990-09-09 00:00:00, 0.0
12.0, 20.4, 180.0, 41.0, 1990-09-10 00:00:00, 0.0
11.0, 18.3, 140.0, 47.0, 1990-09-11 00:00:00, 0.0
27.0, 15.1, 270.0, 45.0, 1990-09-12 00:00:00, 0.0
5.0, 16.3, 140.0, 51.0, 1990-09-13 00:00:00, 0.0
8.0, 19.8, 0.0, 45.0, 1990-09-14 00:00:00, 0.0
4.0, 21.9, 0.0, 43.0, 1990-09-15 00:00:00, 0.0
4.0, 7.5, 180.0, 99.0, 1990-09-16 00:00:00, 3.6
5.0, 11.4, 140.0, 91.0, 1990-09-17 00:00:00, 7.4
7.0, 14.9, 230.0, 65.0, 1990-09-18 00:00:00, 0.0
28.0, 12.1, 270.0, 56.0, 1990-09-19 00:00:00, 0.0
3.0, 13.8, 50.0, 50.0, 1990-09-20 00:00:00, 0.0
6.0, 15.7, 0.0, 66.0, 1990-09-21 00:00:00, 0.0
12.0, 18.9, 180.0, 55.0, 1990-09-22 00:00:00, 0.0
11.0, 19.7, 180.0, 51.0, 1990-09-23 00:00:00, 0.0
10.0, 19.3, 180.0, 49.0, 1990-09-24 00:00:00, 0.0
28.0, 15.8, 270.0, 52.0, 1990-09-25 00:00:00, 0.0
7.0, 14.3, 230.0, 53.0, 1990-09-26 00:00:00, 0.0
7.0, 15.3, 0.0, 35.0, 1990-09-27 00:00:00, 0.0
19.0, 12.7, 180.0, 41.0, 1990-09-28 00:00:00, 0.0
22.0, 10.4, 270.0, 44.0, 1990-09-29 00:00:00, 0.0
11.0, 11.6, 230.0, 39.0, 1990-09-30 00:00:00, 0.0
11.0, 9.2, 180.0, 68.0, 1990-10-01 00:00:00, 0.8
25.0, 4.8, 320.0, 62.0, 1990-10-02 00:00:00, 0.0
7.0, 0.0, 180.0, 99.0, 1990-10-03 00:00:00, 1.5
18.0, 6.9, 180.0, 99.0, 1990-10-04 00:00:00, 8.4
17.0, 0.4, 270.0, 84.0, 1990-10-05 00:00:00, 9.4
