station_observations
wind_speed, temperature, wind_direction, relative_humidity, time, precipitation
0.0, 0.0, 0.0, 0.0, 1989-06-29 00:00:00, 0.0
14.0, 18.9, 140.0, 43.0, 1989-06-30 00:00:00, 3.0
5.0, 14.1, 0.0, 58.0, 1989-07-01 00:00:00, 0.0
5.0, 13.4, 50.0, 77.0, 1989-07-02 00:00:00, 4.3
5.0, 13.5, 90.0, 70.0, 1989-07-03 00:00:00, 0.5
2.0, 13.9, 50.0, 69.0, 1989-07-04 00:00:00, 2.0
5.0, 15.3, 0.0, 56.0, 1989-07-05 00:00:00, 5.6
5.0, 19.2, 320.0, 41.0, 1989-07-06 00:00:00, 0.3
7.0, 20.6, 230.0, 47.0, 1989-07-07 00:00:00, 0.0
12.0, 15.7, 230.0, 53.0, 1989-07-08 00:00:00, 0.0
1.0, 18.0, 320.0, 54.0, 1989-07-09 00:00:00, 0.0
8.0, 20.9, 230.0, 58.0, 1989-07-10 00:00:00, 0.8
3.0, 15.9, 50.0, 82.0, 1989-07-11 00:00:00, 7.6
8.0, 24.3, 50.0, 44.0, 1989-07-12 00:00:00, 12.4
6.0, 21.0, 50.0, 57.0, 1989-07-13 00:00:00, 0.0
8.0, 24.2, 0.0, 53.0, 1989-07-14 00:00:00, 19.6
3.0, 17.1, 50.0, 77.0, 1989-07-15 00:00:00, 2.5
9.0, 17.2, 180.0, 57.0, 1989-07-16 00:00:00, 2.8
9.0, 17.9, 0.0, 64.0, 1989-07-17 00:00:00, 0.0
4.0, 19.6, 0.0, 51.0, 1989-07-18 00:00:00, 0.0
7.0, 24.0, 140.0, 40.0, 1989-07-19 00:00:00, 0.0
5.0, 23.2, 320.0, 38.0, 1989-07-20 00:00:00, 0.0
6.0, 14.6, 230.0, 73.0, 1989-07-21 00:00:00, 0.5
6.0, 17.2, 0.0, 50.0, 1989-07-22 00:00:00, 1.5
2.0, 23.0, 270.0, 27.0, 1989-07-23 00:00:00, 0.0
5.0, 19.6, 230.0, 48.0, 1989-07-24 00:00:00, 0.0
4.0, 23.1, 50.0, 34.0, 1989-07-25 00:00:00, 0.3
7.0, 26.9, 0.0, 32.0, 1989-07-26 00:00:00, 0.0
5.0, 24.1, 320.0, 45.0, 1989-07-27 00:00:00, 0.8
5.0, 21.7, 0.0, 55.0, 1989-07-28 00:00:00, 2.5
5.0, 25.9, 270.0, 40.0, 1989-07-29 00:00:00, 0.0
4.0, 26.8, 0.0, 36.0, 1989-07-30 00:00:00, 0.0
4.0, 26.0, 320.0, 42.0, 1989-07-31 00:00:00, 0.0
5.0, 21.6, 270.0, 56.0, 1989-08-01 00:00:00, 0.5
3.0, 10.8, 50.0, 98.0, 1989-08-02 00:00:00, 6.3
7.0, 16.2, 270.0, 72.0, 1989-08-03 00:00:00, 6.6
5.0, 21.0, 0.0, 53.0, 1989-08-04 00:00:00, 3.8
5.0, 23.1, 0.0, 55.0, 1989-08-05 00:00:00, 0.0
4.0, 25.8, 50.0, 41.0, 1989-08-06 00:00:00, 0.0
5.0, 27.0, 320.0, 37.0, 1989-08-07 00:00:00, 0.0
3.0, 26.1, 320.0, 43.0, 1989-08-08 00:00:00, 0.0
5.0, 22.1, 0.0, 52.0, 1989-08-09 00:00:00, 0.3
8.0, 18.5, 230.0, 55.0, 1989-08-10 00:00:00, 0.3
5.0, 21.9, 270.0, 40.0, 1989-08-11 00:00:00, 0.0
7.0, 24.9, 50.0, 37.0, 1989-08-12 00:00:00, 0.0
3.0, 18.1, 50.0, 84.0, 1989-08-13 00:00:00, 0.3
7.0, 16.4, 50.0, 74.0, 1989-08-14 00:00:00, 0.5
8.0, 11.2, 230.0, 98.0, 1989-08-15 00:00:00, 0.0
11.0, 15.1, 230.0, 77.0, 1989-08-16 00:00:00, 0.3
6.0, 17.6, 230.0, 79.0, 1989-08-17 00:00:00, 6.3
8.0, 19.6, 0.0, 72.0, 1989-08-18 00:00:00, 0.0
6.0, 19.0, 230.0, 71.0, 1989-08-19 00:00:00, 2.0
1.0, 14.3, 90.0, 92.0, 1989-08-20 00:00:00, 0.8
10.0, 15.2, 50.0, 92.0, 1989-08-21 00:00:00, 14.7
4.0, 13.9, 270.0, 70.0, 1989-08-22 00:00:00, 14.5
9.0, 14.6, 230.0, 71.0, 1989-08-23 00:00:00, 0.0
10.0, 18.1, 230.0, 63.0, 1989-08-24 00:00:00, 0.0
7.0, 18.4, 230.0, 61.0, 1989-08-25 00:00:00, 0.0
4.0, 12.0, 180.0, 96.0, 1989-08-26 00:00:00, 1.3
10.0, 15.5, 230.0, 57.0, 1989-08-27 00:00:00, 0.5
5.0, 15.9, 270.0, 60.0, 1989-08-28 00:00:00, 0.0
3.0, 16.2, 230.0, 55.0, 1989-08-29 00:00:00, 0.0
8.0, 16.0, 180.0, 71.0, 1989-08-30 00:00:00, 1.3
6.0, 11.8, 230.0, 97.0, 1989-08-31 00:00:00, 3.0
2.0, 11.5, 180.0, 99.0, 1989-09-01 00:00:00, 6.3
12.0, 15.8, 270.0, 63.0, 1989-09-02 00:00:00, 0.8
5.0, 15.7, 320.0, 61.0, 1989-09-03 00:00:00, 0.0
6.0, 9.9, 180.0, 84.0, 1989-09-04 00:00:00, 0.3
11.0, 11.0, 230.0, 70.0, 1989-09-05 00:00:00, 0.0
5.0, 16.4, 320.0, 63.0, 1989-09-06 00:00:00, 0.0
3.0, 18.8, 320.0, 60.0, 1989-09-07 00:00:00, 0.0
6.0, 17.2, 0.0, 40.0, 1989-09-08 00:00:00, 0.0
8.0, 16.3, 270.0, 46.0, 1989-09-09 00:00:00, 0.0
2.0, 16.4, 270.0, 47.0, 1989-09-10 00:00:00, 0.0
4.0, 18.1, 270.0, 50.0, 1989-09-11 00:00:00, 0.0
4.0, 19.4, 270.0, 48.0, 1989-09-12 00:00:00, 0.0
7.0, 20.7, 180.0, 40.0, 1989-09-13 00:00:00, 0.0
11.0, 20.3, 230.0, 41.0, 1989-09-14 00:00:00, 0.0
2.0, 14.9, 320.0, 51.0, 1989-09-15 00:00:00, 0.0
6.0, 8.4, 230.0, 84.0, 1989-09-16 00:00:00, 0.3
9.0, 5.9, 230.0, 99.0, 1989-09-17 00:00:00, 6.9
4.0, 9.0, 50.0, 67.0, 1989-09-18 00:00:00, 0.0
5.0, 10.8, 270.0, 84.0, 1989-09-19 00:00:00, 1.0
6.0, 15.3, 50.0, 64.0, 1989-09-20 00:00:00, 0.3
4.0, 16.6, 0.0, 62.0, 1989-09-21 00:00:00, 0.0
0.0, 0.0, 0.0, 0.0, 1989-09-22 00:00:00, 0.0
6.0, 18.0, 230.0, 58.0, 1989-09-23 00:00:00, 0.0
7.0, 17.0, 50.0, 51.0, 1989-09-24 00:00:00, 0.0
5.0, 18.5, 50.0, 46.0, 1989-09-25 00:00:00, 0.0
0.0, 0.0, 0.0, 0.0, 1992-04-01 00:00:00, 0.0
