station_observations
wind_speed, temperature, wind_direction, relative_humidity, time, precipitation
15.0, 17.2, 90.0, 77.0, 1989-08-16 00:00:00, 0.0
15.0, 17.2, 90.0, 77.0, 1989-08-17 00:00:00, 0.0
6.0, 15.2, 270.0, 92.0, 1989-08-18 00:00:00, 2.5
5.0, 15.4, 0.0, 84.0, 1989-08-19 00:00:00, 5.8
9.0, 13.0, 90.0, 97.0, 1989-08-20 00:00:00, 1.3
9.0, 14.0, 90.0, 94.0, 1989-08-21 00:00:00, 11.4
8.0, 11.3, 90.0, 83.0, 1989-08-22 00:00:00, 7.9
15.0, 12.9, 90.0, 74.0, 1989-08-23 00:00:00, 0.0
5.0, 13.9, 50.0, 82.0, 1989-08-24 00:00:00, 0.0
10.0, 15.0, 50.0, 75.0, 1989-08-25 00:00:00, 2.0
11.0, 13.6, 50.0, 81.0, 1989-08-26 00:00:00, 8.1
12.0, 13.7, 90.0, 69.0, 1989-08-27 00:00:00, 4.6
15.0, 13.5, 90.0, 66.0, 1989-08-28 00:00:00, 0.0
4.0, 12.5, 50.0, 73.0, 1989-08-29 00:00:00, 1.3
8.0, 16.5, 50.0, 62.0, 1989-08-30 00:00:00, 0.0
1.0, 9.2, 230.0, 99.0, 1989-08-31 00:00:00, 1.3
7.0, 13.2, 230.0, 83.0, 1989-09-01 00:00:00, 34.0
22.0, 12.5, 180.0, 75.0, 1989-09-02 00:00:00, 0.5
6.0, 14.6, 180.0, 62.0, 1989-09-03 00:00:00, 1.3
5.0, 8.1, 230.0, 90.0, 1989-09-04 00:00:00, 0.5
10.0, 8.1, 180.0, 80.0, 1989-09-05 00:00:00, 0.0
5.0, 14.3, 140.0, 70.0, 1989-09-06 00:00:00, 0.0
6.0, 18.6, 180.0, 59.0, 1989-09-07 00:00:00, 0.0
20.0, 15.5, 90.0, 35.0, 1989-09-08 00:00:00, 0.0
12.0, 15.2, 230.0, 45.0, 1989-09-09 00:00:00, 0.0
5.0, 15.2, 230.0, 51.0, 1989-09-10 00:00:00, 0.0
7.0, 18.1, 180.0, 50.0, 1989-09-11 00:00:00, 0.0
12.0, 20.6, 230.0, 44.0, 1989-09-12 00:00:00, 0.0
7.0, 19.5, 230.0, 47.0, 1989-09-13 00:00:00, 0.0
14.0, 19.2, 230.0, 45.0, 1989-09-14 00:00:00, 0.0
8.0, 15.5, 270.0, 46.0, 1989-09-15 00:00:00, 0.0
10.0, 6.5, 230.0, 92.0, 1989-09-16 00:00:00, 1.0
10.0, 7.3, 230.0, 96.0, 1989-09-17 00:00:00, 2.3
10.0, 8.3, 270.0, 65.0, 1989-09-18 00:00:00, 0.0
7.0, 7.6, 270.0, 99.0, 1989-09-19 00:00:00, 2.8
1.0, 12.7, 180.0, 74.0, 1989-09-20 00:00:00, 0.3
11.0, 16.5, 230.0, 58.0, 1989-09-21 00:00:00, 0.0
0.0, 0.0, 0.0, 0.0, 1990-07-11 00:00:00, 0.0
28.0, 22.9, 90.0, 51.0, 1990-07-12 00:00:00, 0.0
0.0, 19.4, 230.0, 39.0, 1990-07-13 00:00:00, 0.0
10.0, 20.7, 270.0, 24.0, 1990-07-14 00:00:00, 0.0
7.0, 22.3, 140.0, 35.0, 1990-07-15 00:00:00, 0.0
15.0, 15.6, 320.0, 51.0, 1990-07-16 00:00:00, 1.0
12.0, 16.7, 320.0, 37.0, 1990-07-17 00:00:00, 0.0
8.0, 14.0, 0.0, 67.0, 1990-07-18 00:00:00, 0.0
6.0, 18.6, 230.0, 48.0, 1990-07-19 00:00:00, 0.0
10.0, 21.0, 320.0, 33.0, 1990-07-20 00:00:00, 0.0
8.0, 23.2, 270.0, 26.0, 1990-07-21 00:00:00, 0.0
11.0, 26.3, 180.0, 24.0, 1990-07-22 00:00:00, 0.0
10.0, 20.7, 270.0, 52.0, 1990-07-23 00:00:00, 0.0
6.0, 17.6, 230.0, 80.0, 1990-07-24 00:00:00, 0.0
4.0, 19.6, 270.0, 77.0, 1990-07-25 00:00:00, 0.0
17.0, 23.4, 0.0, 47.0, 1990-07-26 00:00:00, 0.0
12.0, 20.1, 0.0, 39.0, 1990-07-27 00:00:00, 0.0
8.0, 22.2, 230.0, 40.0, 1990-07-28 00:00:00, 0.0
11.0, 26.5, 230.0, 27.0, 1990-07-29 00:00:00, 0.0
8.0, 24.8, 140.0, 43.0, 1990-07-30 00:00:00, 0.0
3.0, 19.9, 90.0, 66.0, 1990-07-31 00:00:00, 0.0
10.0, 19.6, 270.0, 34.0, 1990-08-01 00:00:00, 0.0
8.0, 17.2, 270.0, 43.0, 1990-08-02 00:00:00, 0.0
3.0, 19.2, 320.0, 44.0, 1990-08-03 00:00:00, 0.0
8.0, 25.4, 230.0, 33.0, 1990-08-04 00:00:00, 0.0
20.0, 29.0, 140.0, 23.0, 1990-08-05 00:00:00, 0.0
15.0, 23.0, 270.0, 29.0, 1990-08-06 00:00:00, 0.0
6.0, 20.6, 270.0, 34.0, 1990-08-07 00:00:00, 0.0
3.0, 24.7, 270.0, 27.0, 1990-08-08 00:00:00, 0.0
9.0, 25.5, 180.0, 36.0, 1990-08-09 00:00:00, 0.0
10.0, 27.5, 230.0, 29.0, 1990-08-10 00:00:00, 0.0
28.0, 29.3, 140.0, 24.0, 1990-08-11 00:00:00, 0.0
8.0, 27.4, 180.0, 27.0, 1990-08-12 00:00:00, 0.0
13.0, 29.6, 140.0, 24.0, 1990-08-13 00:00:00, 0.0
3.0, 21.9, 180.0, 64.0, 1990-08-14 00:00:00, 10.7
11.0, 22.6, 230.0, 17.0, 1990-08-15 00:00:00, 0.0
6.0, 18.9, 230.0, 52.0, 1990-08-16 00:00:00, 0.0
10.0, 19.6, 180.0, 54.0, 1990-08-17 00:00:00, 0.0
11.0, 20.9, 270.0, 57.0, 1990-08-18 00:00:00, 0.0
8.0, 22.4, 230.0, 56.0, 1990-08-19 00:00:00, 0.0
9.0, 25.0, 230.0, 39.0, 1990-08-20 00:00:00, 0.0
3.0, 17.4, 230.0, 75.0, 1990-08-21 00:00:00, 0.3
6.0, 13.5, 320.0, 79.0, 1990-08-22 00:00:00, 1.8
2.0, 7.7, 230.0, 91.0, 1990-08-23 00:00:00, 1.5
4.0, 9.7, 180.0, 87.0, 1990-08-24 00:00:00, 1.0
0.0, 6.9, 320.0, 92.0, 1990-08-25 00:00:00, 0.5
2.0, 9.4, 320.0, 84.0, 1990-08-26 00:00:00, 0.8
8.0, 15.6, 180.0, 58.0, 1990-08-27 00:00:00, 0.8
11.0, 17.7, 230.0, 45.0, 1990-08-28 00:00:00, 0.5
4.0, 17.3, 270.0, 44.0, 1990-08-29 00:00:00, 0.5
7.0, 11.7, 320.0, 85.0, 1990-08-30 00:00:00, 0.3
10.0, 13.3, 270.0, 65.0, 1990-08-31 00:00:00, 0.5
12.0, 15.3, 140.0, 63.0, 1990-09-01 00:00:00, 11.9
11.0, 12.9, 320.0, 62.0, 1990-09-02 00:00:00, 0.0
10.0, 14.5, 320.0, 38.0, 1990-09-03 00:00:00, 0.0
3.0, 17.5, 230.0, 31.0, 1990-09-04 00:00:00, 0.0
9.0, 20.0, 270.0, 34.0, 1990-09-05 00:00:00, 0.0
8.0, 20.7, 230.0, 40.0, 1990-09-06 00:00:00, 0.0
8.0, 21.0, 230.0, 32.0, 1990-09-07 00:00:00, 0.0
7.0, 20.7, 230.0, 35.0, 1990-09-08 00:00:00, 0.0
10.0, 19.1, 230.0, 45.0, 1990-09-09 00:00:00, 0.0
10.0, 21.7, 230.0, 26.0, 1990-09-10 00:00:00, 0.0
9.0, 20.8, 230.0, 37.0, 1990-09-11 00:00:00, 0.0
21.0, 16.6, 320.0, 37.0, 1990-09-12 00:00:00, 0.0
6.0, 17.1, 270.0, 43.0, 1990-09-13 00:00:00, 0.0
2.0, 21.4, 230.0, 37.0, 1990-09-14 00:00:00, 0.0
5.0, 21.9, 320.0, 21.0, 1990-09-15 00:00:00, 0.0
8.0, 10.6, 230.0, 86.0, 1990-09-16 00:00:00, 0.0
1.0, 12.9, 140.0, 79.0, 1990-09-17 00:00:00, 1.5
9.0, 16.5, 230.0, 51.0, 1990-09-18 00:00:00, 0.0
17.0, 13.2, 320.0, 40.0, 1990-09-19 00:00:00, 0.0
4.0, 13.7, 270.0, 51.0, 1990-09-20 00:00:00, 0.0
13.0, 18.8, 320.0, 49.0, 1990-09-21 00:00:00, 0.0
10.0, 22.7, 180.0, 37.0, 1990-09-22 00:00:00, 0.0
9.0, 22.6, 230.0, 34.0, 1990-09-23 00:00:00, 0.0
8.0, 21.1, 230.0, 33.0, 1990-09-24 00:00:00, 0.0
21.0, 16.2, 320.0, 40.0, 1990-09-25 00:00:00, 0.0
6.0, 13.8, 230.0, 38.0, 1990-09-26 00:00:00, 0.0
8.0, 16.2, 270.0, 29.0, 1990-09-27 00:00:00, 0.0
4.0, 16.1, 320.0, 26.0, 1990-09-28 00:00:00, 0.0
15.0, 12.5, 270.0, 23.0, 1990-09-29 00:00:00, 0.0
4.0, 12.7, 180.0, 35.0, 1990-09-30 00:00:00, 0.0
16.0, 12.9, 230.0, 45.0, 1990-10-01 00:00:00, 0.0
17.0, 4.6, 320.0, 72.0, 1990-10-02 00:00:00, 0.3
10.0, 1.5, 90.0, 93.0, 1990-10-03 00:00:00, 1.3
1.0, 8.6, 320.0, 89.0, 1990-10-04 00:00:00, 15.0
15.0, 0.1, 0.0, 84.0, 1990-10-05 00:00:00, 1.0
0.0, -0.1, 230.0, 87.0, 1990-10-06 00:00:00, 0.0
0.0, 2.2, 90.0, 91.0, 1990-10-07 00:00:00, 0.8
0.0, 6.9, 140.0, 87.0, 1990-10-08 00:00:00, 5.6
11.0, 4.3, 90.0, 91.0, 1990-10-09 00:00:00, 5.6
8.0, 1.9, 320.0, 81.0, 1990-10-10 00:00:00, 2.3
18.0, 2.2, 140.0, 72.0, 1990-10-11 00:00:00, 0.0
1.0, 5.0, 90.0, 75.0, 1990-10-12 00:00:00, 0.3
7.0, 1.3, 0.0, 74.0, 1990-10-13 00:00:00, 6.6
1.0, 2.1, 230.0, 74.0, 1990-10-14 00:00:00, 0.8
7.0, 3.5, 140.0, 67.0, 1990-10-15 00:00:00, 0.5
11.0, 0.3, 0.0, 80.0, 1990-10-16 00:00:00, 0.3
5.0, 15.0, 270.0, 35.0, 1991-05-02 00:00:00, 0.0
10.0, 13.6, 140.0, 24.0, 1991-05-03 00:00:00, 1.3
3.0, 3.8, 230.0, 91.0, 1991-05-04 00:00:00, 9.1
14.0, 5.2, 140.0, 88.0, 1991-05-05 00:00:00, 6.1
10.0, 8.3, 140.0, 75.0, 1991-05-06 00:00:00, 2.5
14.0, 7.5, 140.0, 77.0, 1991-05-07 00:00:00, 4.8
0.0, 4.5, 0.0, 95.0, 1991-05-08 00:00:00, 10.2
11.0, 3.9, 320.0, 98.0, 1991-05-09 00:00:00, 3.3
6.0, 12.9, 320.0, 66.0, 1991-05-10 00:00:00, 0.3
7.0, 18.2, 180.0, 49.0, 1991-05-11 00:00:00, 0.0
9.0, 14.4, 230.0, 52.0, 1991-05-12 00:00:00, 0.0
14.0, 10.9, 0.0, 59.0, 1991-05-13 00:00:00, 0.0
7.0, 10.2, 270.0, 39.0, 1991-05-14 00:00:00, 0.0
10.0, 13.0, 140.0, 37.0, 1991-05-15 00:00:00, 0.0
7.0, 13.2, 270.0, 46.0, 1991-05-16 00:00:00, 0.0
9.0, 17.2, 270.0, 46.0, 1991-05-17 00:00:00, 0.0
10.0, 20.0, 270.0, 51.0, 1991-05-18 00:00:00, 0.0
14.0, 20.9, 320.0, 43.0, 1991-05-19 00:00:00, 0.0
4.0, 19.4, 270.0, 32.0, 1991-05-20 00:00:00, 0.0
12.0, 9.9, 0.0, 43.0, 1991-05-21 00:00:00, 0.0
1.0, 8.3, 0.0, 50.0, 1991-05-22 00:00:00, 0.0
7.0, 10.2, 320.0, 55.0, 1991-05-23 00:00:00, 2.5
7.0, 10.7, 140.0, 69.0, 1991-05-24 00:00:00, 3.0
9.0, 9.7, 270.0, 80.0, 1991-05-25 00:00:00, 2.8
3.0, 10.3, 270.0, 81.0, 1991-05-26 00:00:00, 0.8
16.0, 12.5, 320.0, 59.0, 1991-05-27 00:00:00, 0.8
7.0, 17.9, 230.0, 41.0, 1991-05-28 00:00:00, 0.0
11.0, 17.6, 180.0, 38.0, 1991-05-29 00:00:00, 0.0
17.0, 16.2, 0.0, 45.0, 1991-05-30 00:00:00, 1.0
9.0, 15.2, 180.0, 51.0, 1991-05-31 00:00:00, 0.8
13.0, 13.1, 320.0, 40.0, 1991-06-01 00:00:00, 0.0
3.0, 12.7, 50.0, 45.0, 1991-06-02 00:00:00, 0.0
7.0, 6.8, 0.0, 73.0, 1991-06-03 00:00:00, 3.8
1.0, 7.2, 50.0, 82.0, 1991-06-04 00:00:00, 4.3
9.0, 17.0, 230.0, 50.0, 1991-06-05 00:00:00, 0.0
11.0, 21.6, 180.0, 32.0, 1991-06-06 00:00:00, 0.0
12.0, 19.0, 0.0, 47.0, 1991-06-07 00:00:00, 0.0
12.0, 12.2, 0.0, 49.0, 1991-06-08 00:00:00, 0.5
9.0, 19.0, 180.0, 45.0, 1991-06-09 00:00:00, 0.0
9.0, 13.0, 180.0, 45.0, 1991-06-10 00:00:00, 1.0
9.0, 9.0, 180.0, 60.0, 1991-06-11 00:00:00, 3.5
9.0, 9.0, 180.0, 60.0, 1991-06-12 00:00:00, 3.5
12.0, 7.6, 230.0, 82.0, 1991-06-13 00:00:00, 9.1
2.0, 9.8, 180.0, 87.0, 1991-06-14 00:00:00, 5.3
0.0, 9.5, 140.0, 80.0, 1991-06-15 00:00:00, 25.9
7.0, 12.4, 320.0, 61.0, 1991-06-16 00:00:00, 0.0
1.0, 8.3, 270.0, 94.0, 1991-06-17 00:00:00, 8.1
0.0, 12.5, 270.0, 85.0, 1991-06-18 00:00:00, 6.3
8.0, 20.7, 140.0, 40.0, 1991-06-19 00:00:00, 1.5
10.0, 16.8, 90.0, 52.0, 1991-06-20 00:00:00, 0.0
11.0, 16.7, 320.0, 60.0, 1991-06-21 00:00:00, 0.0
14.0, 13.4, 320.0, 74.0, 1991-06-22 00:00:00, 5.3
7.0, 15.4, 320.0, 70.0, 1991-06-23 00:00:00, 4.3
1.0, 16.0, 320.0, 85.0, 1991-06-24 00:00:00, 11.7
13.0, 12.3, 50.0, 82.0, 1991-06-25 00:00:00, 2.0
2.0, 15.3, 180.0, 80.0, 1991-06-26 00:00:00, 1.5
11.0, 20.4, 180.0, 53.0, 1991-06-27 00:00:00, 0.3
7.0, 22.2, 180.0, 45.0, 1991-06-28 00:00:00, 1.3
15.0, 22.3, 230.0, 44.0, 1991-06-29 00:00:00, 0.5
6.0, 14.0, 230.0, 89.0, 1991-06-30 00:00:00, 5.8
10.0, 19.8, 180.0, 61.0, 1991-07-01 00:00:00, 3.3
6.0, 24.7, 270.0, 41.0, 1991-07-02 00:00:00, 0.0
12.0, 23.9, 270.0, 34.0, 1991-07-03 00:00:00, 0.0
9.0, 19.0, 270.0, 45.0, 1991-07-04 00:00:00, 0.0
9.0, 19.0, 270.0, 45.0, 1991-07-05 00:00:00, 0.0
9.0, 19.0, 270.0, 45.0, 1991-07-06 00:00:00, 0.0
9.0, 19.0, 270.0, 45.0, 1991-07-07 00:00:00, 0.0
9.0, 19.0, 270.0, 45.0, 1991-07-08 00:00:00, 0.0
5.0, 23.0, 320.0, 37.0, 1991-07-09 00:00:00, 0.0
11.0, 25.2, 230.0, 27.0, 1991-07-10 00:00:00, 0.0
3.0, 21.9, 140.0, 37.0, 1991-07-11 00:00:00, 0.0
9.0, 20.6, 140.0, 69.0, 1991-07-12 00:00:00, 4.6
19.0, 12.9, 0.0, 77.0, 1991-07-13 00:00:00, 0.0
3.0, 17.1, 320.0, 56.0, 1991-07-14 00:00:00, 10.2
5.0, 12.0, 140.0, 92.0, 1991-07-15 00:00:00, 15.0
4.0, 16.2, 90.0, 69.0, 1991-07-16 00:00:00, 2.8
16.0, 12.6, 0.0, 84.0, 1991-07-17 00:00:00, 1.8
9.0, 14.6, 320.0, 60.0, 1991-07-18 00:00:00, 0.0
8.0, 14.0, 50.0, 69.0, 1991-07-19 00:00:00, 0.0
0.0, 12.9, 50.0, 68.0, 1991-07-20 00:00:00, 0.0
0.0, 13.8, 320.0, 83.0, 1991-07-21 00:00:00, 0.0
4.0, 22.3, 230.0, 46.0, 1991-07-22 00:00:00, 0.0
10.0, 26.9, 140.0, 33.0, 1991-07-23 00:00:00, 0.0
8.0, 29.8, 140.0, 29.0, 1991-07-24 00:00:00, 0.0
12.0, 13.8, 230.0, 98.0, 1991-07-25 00:00:00, 4.0
8.0, 14.8, 230.0, 74.0, 1991-07-26 00:00:00, 9.4
6.0, 15.7, 270.0, 69.0, 1991-07-27 00:00:00, 9.9
12.0, 16.9, 180.0, 48.0, 1991-07-28 00:00:00, 0.0
15.0, 14.7, 320.0, 57.0, 1991-07-29 00:00:00, 0.0
12.0, 15.3, 90.0, 52.0, 1991-07-30 00:00:00, 0.0
6.0, 19.5, 270.0, 47.0, 1991-07-31 00:00:00, 0.0
8.0, 20.5, 0.0, 45.0, 1991-08-01 00:00:00, 0.0
6.0, 21.2, 0.0, 41.0, 1991-08-02 00:00:00, 0.0
6.0, 21.2, 0.0, 41.0, 1991-08-03 00:00:00, 0.0
6.0, 21.2, 0.0, 41.0, 1991-08-04 00:00:00, 0.0
6.0, 21.2, 0.0, 41.0, 1991-08-05 00:00:00, 0.0
11.0, 23.2, 180.0, 46.0, 1991-08-06 00:00:00, 0.0
