station_observations
wind_speed, temperature, wind_direction, relative_humidity, time, precipitation
0.0, 17.6, 0.0, 45.0, 1990-07-09 00:00:00, 12.0
11.0, 22.0, 180.0, 39.0, 1990-07-10 00:00:00, 0.0
20.0, 25.0, 180.0, 34.0, 1990-07-11 00:00:00, 0.0
19.0, 19.2, 180.0, 65.0, 1990-07-12 00:00:00, 0.8
8.0, 16.1, 320.0, 50.0, 1990-07-13 00:00:00, 5.3
3.0, 18.1, 50.0, 29.0, 1990-07-14 00:00:00, 0.0
9.0, 18.9, 320.0, 40.0, 1990-07-15 00:00:00, 0.0
9.0, 12.3, 270.0, 59.0, 1990-07-16 00:00:00, 3.0
0.0, 12.6, 0.0, 49.0, 1990-07-17 00:00:00, 0.0
8.0, 11.7, 0.0, 68.0, 1990-07-18 00:00:00, 0.0
12.0, 15.5, 0.0, 49.0, 1990-07-19 00:00:00, 0.0
6.0, 17.6, 230.0, 38.0, 1990-07-20 00:00:00, 0.0
5.0, 20.2, 0.0, 36.0, 1990-07-21 00:00:00, 0.0
6.0, 23.6, 50.0, 31.0, 1990-07-22 00:00:00, 0.0
5.0, 18.7, 140.0, 55.0, 1990-07-23 00:00:00, 0.0
6.0, 13.6, 140.0, 90.0, 1990-07-24 00:00:00, 7.4
11.0, 19.1, 0.0, 64.0, 1990-07-25 00:00:00, 0.0
14.0, 19.6, 320.0, 58.0, 1990-07-26 00:00:00, 0.0
13.0, 16.4, 0.0, 50.0, 1990-07-27 00:00:00, 0.0
9.0, 17.2, 0.0, 53.0, 1990-07-28 00:00:00, 0.0
7.0, 21.2, 320.0, 42.0, 1990-07-29 00:00:00, 0.0
13.0, 19.1, 140.0, 49.0, 1990-07-30 00:00:00, 0.0
9.0, 20.3, 320.0, 46.0, 1990-07-31 00:00:00, 0.0
0.0, 16.9, 0.0, 37.0, 1990-08-01 00:00:00, 0.0
10.0, 14.3, 320.0, 54.0, 1990-08-02 00:00:00, 0.0
7.0, 18.2, 0.0, 46.0, 1990-08-03 00:00:00, 0.0
11.0, 22.3, 140.0, 41.0, 1990-08-04 00:00:00, 0.0
22.0, 24.3, 180.0, 35.0, 1990-08-05 00:00:00, 0.0
13.0, 19.6, 180.0, 36.0, 1990-08-06 00:00:00, 0.0
6.0, 17.9, 270.0, 41.0, 1990-08-07 00:00:00, 0.0
9.0, 23.2, 50.0, 37.0, 1990-08-08 00:00:00, 0.0
10.0, 22.6, 50.0, 34.0, 1990-08-09 00:00:00, 0.0
7.0, 24.4, 50.0, 35.0, 1990-08-10 00:00:00, 0.0
6.0, 25.9, 180.0, 33.0, 1990-08-11 00:00:00, 0.0
11.0, 25.2, 180.0, 36.0, 1990-08-12 00:00:00, 0.0
16.0, 25.4, 180.0, 34.0, 1990-08-13 00:00:00, 0.0
10.0, 19.8, 180.0, 58.0, 1990-08-14 00:00:00, 13.0
14.0, 21.5, 180.0, 23.0, 1990-08-15 00:00:00, 0.0
7.0, 15.2, 180.0, 62.0, 1990-08-16 00:00:00, 0.5
5.0, 13.2, 320.0, 82.0, 1990-08-17 00:00:00, 0.0
7.0, 17.1, 0.0, 58.0, 1990-08-18 00:00:00, 10.9
8.0, 19.5, 0.0, 53.0, 1990-08-19 00:00:00, 0.0
4.0, 22.8, 230.0, 40.0, 1990-08-20 00:00:00, 0.0
12.0, 14.1, 230.0, 92.0, 1990-08-21 00:00:00, 3.0
7.0, 10.8, 320.0, 88.0, 1990-08-22 00:00:00, 3.8
7.0, 6.0, 270.0, 95.0, 1990-08-23 00:00:00, 5.3
5.0, 6.5, 50.0, 93.0, 1990-08-24 00:00:00, 1.3
2.0, 5.5, 50.0, 99.0, 1990-08-25 00:00:00, 4.6
7.0, 7.3, 230.0, 94.0, 1990-08-26 00:00:00, 6.3
4.0, 11.9, 180.0, 60.0, 1990-08-27 00:00:00, 2.3
8.0, 15.8, 140.0, 50.0, 1990-08-28 00:00:00, 0.0
12.0, 13.8, 180.0, 62.0, 1990-08-29 00:00:00, 0.0
9.0, 8.9, 180.0, 96.0, 1990-08-30 00:00:00, 21.1
12.0, 9.9, 180.0, 82.0, 1990-08-31 00:00:00, 9.4
14.0, 9.3, 180.0, 79.0, 1990-09-01 00:00:00, 0.0
8.0, 9.7, 0.0, 68.0, 1990-09-02 00:00:00, 0.0
7.0, 10.9, 0.0, 49.0, 1990-09-03 00:00:00, 0.0
8.0, 15.9, 0.0, 47.0, 1990-09-04 00:00:00, 0.0
4.0, 18.2, 140.0, 40.0, 1990-09-05 00:00:00, 0.0
7.0, 18.4, 320.0, 36.0, 1990-09-06 00:00:00, 0.0
11.0, 18.0, 0.0, 32.0, 1990-09-07 00:00:00, 0.0
11.0, 17.3, 320.0, 36.0, 1990-09-08 00:00:00, 0.0
8.0, 16.3, 0.0, 37.0, 1990-09-09 00:00:00, 0.5
4.0, 20.2, 0.0, 37.0, 1990-09-10 00:00:00, 0.0
4.0, 19.3, 0.0, 38.0, 1990-09-11 00:00:00, 0.0
12.0, 12.2, 180.0, 52.0, 1990-09-12 00:00:00, 0.0
5.0, 15.6, 50.0, 48.0, 1990-09-13 00:00:00, 0.0
6.0, 19.3, 50.0, 43.0, 1990-09-14 00:00:00, 0.0
8.0, 19.7, 50.0, 38.0, 1990-09-15 00:00:00, 0.0
5.0, 8.4, 180.0, 92.0, 1990-09-16 00:00:00, 2.3
3.0, 9.4, 230.0, 93.0, 1990-09-17 00:00:00, 3.1
13.0, 12.5, 180.0, 58.0, 1990-09-18 00:00:00, 0.0
16.0, 8.9, 0.0, 59.0, 1990-09-19 00:00:00, 0.2
4.0, 11.2, 50.0, 43.0, 1990-09-20 00:00:00, 0.0
9.0, 15.1, 0.0, 62.0, 1990-09-21 00:00:00, 0.0
11.0, 18.6, 180.0, 53.0, 1990-09-22 00:00:00, 0.0
8.0, 20.0, 0.0, 40.0, 1990-09-23 00:00:00, 0.0
8.0, 20.1, 180.0, 38.0, 1990-09-24 00:00:00, 0.0
16.0, 12.7, 0.0, 60.0, 1990-09-25 00:00:00, 0.0
4.0, 13.0, 320.0, 45.0, 1990-09-26 00:00:00, 0.0
5.0, 15.0, 50.0, 24.0, 1990-09-27 00:00:00, 0.0
15.0, 13.4, 230.0, 30.0, 1990-09-28 00:00:00, 0.0
8.0, 7.4, 270.0, 38.0, 1990-09-29 00:00:00, 0.0
10.0, 10.4, 180.0, 43.0, 1990-09-30 00:00:00, 0.0
25.0, 8.8, 180.0, 55.0, 1990-10-01 00:00:00, 0.8
6.0, 1.9, 0.0, 79.0, 1990-10-02 00:00:00, 0.8
13.0, -1.1, 180.0, 99.0, 1990-10-03 00:00:00, 0.8
8.0, 6.9, 180.0, 98.0, 1990-10-04 00:00:00, 22.4
0.0, -2.5, 0.0, 96.0, 1990-10-05 00:00:00, 9.1
0.0, 0.0, 0.0, 0.0, 1991-06-19 00:00:00, 0.0
5.0, 10.1, 140.0, 65.0, 1991-06-20 00:00:00, 0.0
5.0, 13.0, 180.0, 55.0, 1991-06-21 00:00:00, 0.0
5.0, 12.5, 180.0, 63.0, 1991-06-22 00:00:00, 0.0
9.0, 14.0, 140.0, 54.0, 1991-06-23 00:00:00, 2.2
6.0, 11.5, 180.0, 82.0, 1991-06-24 00:00:00, 10.4
3.0, 12.6, 180.0, 72.0, 1991-06-25 00:00:00, 16.0
7.0, 16.5, 230.0, 48.0, 1991-06-26 00:00:00, 0.2
3.0, 16.2, 320.0, 53.0, 1991-06-27 00:00:00, 0.0
22.0, 16.7, 320.0, 48.0, 1991-06-28 00:00:00, 0.0
14.0, 12.5, 320.0, 81.0, 1991-06-29 00:00:00, 4.5
6.0, 15.5, 180.0, 61.0, 1991-06-30 00:00:00, 2.2
14.0, 20.6, 180.0, 39.0, 1991-07-01 00:00:00, 0.0
6.0, 20.7, 270.0, 31.0, 1991-07-02 00:00:00, 0.0
14.0, 16.4, 320.0, 36.0, 1991-07-03 00:00:00, 0.0
23.0, 4.6, 320.0, 83.0, 1991-07-04 00:00:00, 2.0
7.0, 12.1, 50.0, 72.0, 1991-07-05 00:00:00, 8.1
3.0, 15.8, 320.0, 43.0, 1991-07-06 00:00:00, 0.0
2.0, 16.6, 0.0, 40.0, 1991-07-07 00:00:00, 0.0
11.0, 18.8, 270.0, 31.0, 1991-07-08 00:00:00, 0.0
11.0, 20.1, 180.0, 24.0, 1991-07-09 00:00:00, 0.0
18.0, 16.6, 180.0, 38.0, 1991-07-10 00:00:00, 0.0
15.0, 15.5, 140.0, 74.0, 1991-07-11 00:00:00, 4.3
12.0, 8.3, 180.0, 94.0, 1991-07-12 00:00:00, 16.7
17.0, 13.0, 140.0, 60.0, 1991-07-13 00:00:00, 2.0
14.0, 7.9, 140.0, 99.0, 1991-07-14 00:00:00, 6.6
20.0, 11.9, 180.0, 71.0, 1991-07-15 00:00:00, 2.2
13.0, 11.4, 320.0, 64.0, 1991-07-16 00:00:00, 8.6
7.0, 12.0, 320.0, 52.0, 1991-07-17 00:00:00, 0.0
13.0, 12.5, 180.0, 58.0, 1991-07-18 00:00:00, 0.0
16.0, 8.9, 0.0, 59.0, 1991-07-19 00:00:00, 0.2
3.0, 10.9, 0.0, 68.0, 1991-07-20 00:00:00, 2.2
5.0, 10.0, 320.0, 88.0, 1991-07-21 00:00:00, 6.6
11.0, 16.8, 320.0, 42.0, 1991-07-22 00:00:00, 0.0
5.0, 22.6, 140.0, 31.0, 1991-07-23 00:00:00, 0.0
16.0, 24.7, 140.0, 23.0, 1991-07-24 00:00:00, 0.0
13.0, 15.0, 180.0, 81.0, 1991-07-25 00:00:00, 3.0
9.0, 12.0, 180.0, 79.0, 1991-07-26 00:00:00, 5.8
13.0, 13.4, 180.0, 73.0, 1991-07-27 00:00:00, 8.6
7.0, 13.0, 180.0, 54.0, 1991-07-28 00:00:00, 0.0
15.0, 12.2, 320.0, 58.0, 1991-07-29 00:00:00, 0.0
12.0, 14.0, 50.0, 46.0, 1991-07-30 00:00:00, 0.2
12.0, 15.2, 320.0, 55.0, 1991-07-31 00:00:00, 0.5
16.0, 17.3, 320.0, 33.0, 1991-08-01 00:00:00, 0.5
14.0, 19.5, 180.0, 29.0, 1991-08-02 00:00:00, 0.0
17.0, 20.7, 180.0, 33.0, 1991-08-03 00:00:00, 0.0
16.0, 21.7, 140.0, 18.0, 1991-08-04 00:00:00, 0.0
16.0, 16.6, 320.0, 64.0, 1991-08-05 00:00:00, 0.0
15.0, 20.9, 140.0, 47.0, 1991-08-06 00:00:00, 0.0
23.0, 18.6, 180.0, 54.0, 1991-08-07 00:00:00, 0.0
22.0, 18.3, 180.0, 58.0, 1991-08-08 00:00:00, 0.0
16.0, 13.4, 320.0, 74.0, 1991-08-09 00:00:00, 0.5
8.0, 10.2, 0.0, 99.0, 1991-08-10 00:00:00, 31.4
12.0, 11.6, 320.0, 94.0, 1991-08-11 00:00:00, 19.3
8.0, 15.4, 0.0, 74.0, 1991-08-12 00:00:00, 5.8
6.0, 10.0, 140.0, 99.0, 1991-08-13 00:00:00, 10.6
9.0, 15.7, 0.0, 83.0, 1991-08-14 00:00:00, 3.3
9.0, 21.1, 320.0, 39.0, 1991-08-15 00:00:00, 0.0
11.0, 23.5, 320.0, 41.0, 1991-08-16 00:00:00, 0.0
8.0, 21.2, 320.0, 52.0, 1991-08-17 00:00:00, 0.0
16.0, 20.2, 0.0, 47.0, 1991-08-18 00:00:00, 0.0
5.0, 19.8, 320.0, 44.0, 1991-08-19 00:00:00, 0.7
8.0, 17.9, 320.0, 56.0, 1991-08-20 00:00:00, 0.0
12.0, 18.6, 180.0, 43.0, 1991-08-21 00:00:00, 0.0
8.0, 18.6, 0.0, 36.0, 1991-08-22 00:00:00, 0.0
12.0, 12.9, 320.0, 55.0, 1991-08-23 00:00:00, 0.0
13.0, 9.2, 0.0, 80.0, 1991-08-24 00:00:00, 0.0
6.0, 11.8, 230.0, 47.0, 1991-08-25 00:00:00, 0.0
23.0, 4.8, 180.0, 10.0, 1991-08-26 00:00:00, 4.5
26.0, 6.9, 180.0, 10.0, 1991-08-27 00:00:00, 20.0
23.0, 8.4, 180.0, 82.0, 1991-08-28 00:00:00, 0.7
22.0, 7.0, 140.0, 99.0, 1991-08-29 00:00:00, 1.5
18.0, 14.2, 180.0, 66.0, 1991-08-30 00:00:00, 0.2
15.0, 8.9, 180.0, 96.0, 1991-08-31 00:00:00, 4.8
7.0, 5.6, 320.0, 94.0, 1991-09-01 00:00:00, 11.4
12.0, 8.2, 320.0, 70.0, 1991-09-02 00:00:00, 3.3
6.0, 12.5, 320.0, 60.0, 1991-09-03 00:00:00, 0.0
7.0, 16.3, 0.0, 46.0, 1991-09-04 00:00:00, 0.0
15.0, 18.4, 180.0, 40.0, 1991-09-05 00:00:00, 0.0
12.0, 14.9, 180.0, 60.0, 1991-09-06 00:00:00, 1.5
14.0, 11.3, 270.0, 54.0, 1991-09-07 00:00:00, 0.5
19.0, 10.2, 0.0, 52.0, 1991-09-08 00:00:00, 0.0
5.0, 13.2, 0.0, 48.0, 1991-09-09 00:00:00, 0.0
12.0, 13.4, 0.0, 48.0, 1991-09-10 00:00:00, 0.0
11.0, 15.4, 180.0, 57.0, 1991-09-11 00:00:00, 0.0
19.0, 15.3, 180.0, 47.0, 1991-09-12 00:00:00, 0.0
14.0, 5.0, 320.0, 91.0, 1991-09-13 00:00:00, 6.6
4.0, 10.0, 140.0, 65.0, 1991-09-14 00:00:00, 0.0
9.0, 11.8, 0.0, 66.0, 1991-09-15 00:00:00, 0.2
6.0, 10.3, 320.0, 69.0, 1991-09-16 00:00:00, 1.2
6.0, 13.7, 230.0, 46.0, 1991-09-17 00:00:00, 0.0
12.0, 16.7, 140.0, 42.0, 1991-09-18 00:00:00, 0.0
6.0, 14.1, 90.0, 54.0, 1991-09-19 00:00:00, 0.0
19.0, 5.6, 0.0, 51.0, 1991-09-20 00:00:00, 0.0
17.0, 5.7, 320.0, 55.0, 1991-09-21 00:00:00, 0.0
4.0, 11.0, 320.0, 77.0, 1991-09-22 00:00:00, 2.0
10.0, 7.9, 320.0, 89.0, 1991-09-23 00:00:00, 3.3
13.0, 14.4, 0.0, 64.0, 1991-09-24 00:00:00, 0.0
6.0, 18.2, 140.0, 44.0, 1991-09-25 00:00:00, 0.0
6.0, 19.4, 180.0, 38.0, 1991-09-26 00:00:00, 0.0
8.0, 20.4, 50.0, 27.0, 1991-09-27 00:00:00, 0.0
22.0, 12.9, 320.0, 32.0, 1991-09-28 00:00:00, 0.0
15.0, 9.1, 320.0, 31.0, 1991-09-29 00:00:00, 0.0
14.0, 9.2, 230.0, 48.0, 1991-09-30 00:00:00, 0.0
11.0, 7.5, 320.0, 48.0, 1991-10-01 00:00:00, 0.0
13.0, 6.5, 270.0, 35.0, 1991-10-02 00:00:00, 0.0
13.0, 4.8, 320.0, 55.0, 1991-10-03 00:00:00, 0.0
15.0, 7.0, 0.0, 40.0, 1991-10-04 00:00:00, 0.0
14.0, 12.0, 180.0, 37.0, 1991-10-05 00:00:00, 0.0
25.0, 11.2, 180.0, 30.0, 1991-10-06 00:00:00, 0.0
9.0, 4.7, 320.0, 40.0, 1991-10-07 00:00:00, 0.0
14.0, 7.2, 180.0, 44.0, 1991-10-08 00:00:00, 0.0
5.0, 13.2, 0.0, 48.0, 1991-10-09 00:00:00, 0.0
10.0, 17.0, 180.0, 44.0, 1991-10-10 00:00:00, 0.0
22.0, 17.6, 180.0, 31.0, 1991-10-11 00:00:00, 0.0
18.0, 6.1, 320.0, 51.0, 1991-10-12 00:00:00, 0.2
13.0, 9.2, 140.0, 40.0, 1991-10-13 00:00:00, 0.0
9.0, 15.4, 140.0, 50.0, 1991-10-14 00:00:00, 0.0
18.0, 14.5, 180.0, 48.0, 1991-10-15 00:00:00, 0.0
15.0, -4.4, 320.0, 96.0, 1991-10-16 00:00:00, 0.2
