station_observations
wind_speed, temperature, wind_direction, relative_humidity, time, precipitation
13.0, 9.1, 90.0, 72.0, 1991-05-06 00:00:00, 4.8
10.0, 7.9, 90.0, 82.0, 1991-05-07 00:00:00, 0.5
18.0, 8.9, 270.0, 68.0, 1991-05-08 00:00:00, 0.5
13.0, 11.2, 230.0, 49.0, 1991-05-09 00:00:00, 0.3
12.0, 15.0, 140.0, 42.0, 1991-05-10 00:00:00, 0.1
4.0, 22.5, 90.0, 37.0, 1991-05-11 00:00:00, 1.5
0.0, 9.3, 0.0, 68.0, 1991-05-12 00:00:00, 0.0
7.0, 7.5, 320.0, 47.0, 1991-05-13 00:00:00, 0.0
10.0, 14.0, 140.0, 38.0, 1991-05-14 00:00:00, 0.0
12.0, 15.0, 140.0, 36.0, 1991-05-15 00:00:00, 0.0
14.0, 16.3, 90.0, 38.0, 1991-05-16 00:00:00, 0.0
14.0, 17.0, 270.0, 48.0, 1991-05-17 00:00:00, 0.5
20.0, 19.7, 270.0, 46.0, 1991-05-18 00:00:00, 0.0
13.0, 20.6, 270.0, 27.0, 1991-05-19 00:00:00, 0.0
9.0, 16.9, 0.0, 33.0, 1991-05-20 00:00:00, 0.0
15.0, 10.3, 230.0, 39.0, 1991-05-21 00:00:00, 0.0
7.0, 8.1, 230.0, 46.0, 1991-05-22 00:00:00, 0.0
8.0, 10.1, 320.0, 54.0, 1991-05-23 00:00:00, 0.0
16.0, 12.8, 320.0, 43.0, 1991-05-24 00:00:00, 0.0
12.0, 14.5, 320.0, 38.0, 1991-05-25 00:00:00, 0.0
10.0, 14.7, 270.0, 45.0, 1991-05-26 00:00:00, 1.6
6.0, 16.7, 270.0, 37.0, 1991-05-27 00:00:00, 0.0
10.0, 21.6, 140.0, 18.0, 1991-05-28 00:00:00, 0.0
9.0, 15.1, 270.0, 50.0, 1991-05-29 00:00:00, 0.0
21.0, 20.2, 230.0, 19.0, 1991-05-30 00:00:00, 0.0
3.0, 6.1, 180.0, 42.0, 1991-05-31 00:00:00, 0.0
6.0, 8.2, 180.0, 74.0, 1991-06-01 00:00:00, 1.3
9.0, 7.7, 140.0, 93.0, 1991-06-02 00:00:00, 9.7
5.0, 14.5, 180.0, 37.0, 1991-06-03 00:00:00, 8.0
11.0, 13.3, 320.0, 36.0, 1991-06-04 00:00:00, 0.0
6.0, 12.8, 50.0, 79.0, 1991-06-05 00:00:00, 0.0
9.0, 18.8, 50.0, 41.0, 1991-06-06 00:00:00, 0.0
14.0, 14.5, 270.0, 61.0, 1991-06-07 00:00:00, 0.0
6.0, 10.7, 270.0, 61.0, 1991-06-08 00:00:00, 1.5
4.0, 13.4, 50.0, 92.0, 1991-06-09 00:00:00, 1.3
14.0, 17.1, 90.0, 76.0, 1991-06-10 00:00:00, 1.5
7.0, 11.0, 140.0, 56.0, 1991-06-11 00:00:00, 11.9
6.0, 12.0, 230.0, 48.0, 1991-06-12 00:00:00, 1.3
13.0, 11.4, 230.0, 55.0, 1991-06-13 00:00:00, 1.0
9.0, 11.5, 180.0, 72.0, 1991-06-14 00:00:00, 3.0
5.0, 9.4, 320.0, 84.0, 1991-06-15 00:00:00, 3.8
9.0, 13.2, 320.0, 66.0, 1991-06-16 00:00:00, 0.3
15.0, 13.1, 270.0, 75.0, 1991-06-17 00:00:00, 0.8
14.0, 14.7, 0.0, 71.0, 1991-06-18 00:00:00, 0.5
11.0, 16.6, 320.0, 59.0, 1991-06-19 00:00:00, 3.3
12.0, 21.6, 320.0, 36.0, 1991-06-20 00:00:00, 0.0
12.0, 19.5, 320.0, 52.0, 1991-06-21 00:00:00, 0.0
9.0, 19.3, 0.0, 56.0, 1991-06-22 00:00:00, 0.0
9.0, 17.9, 50.0, 70.0, 1991-06-23 00:00:00, 4.1
11.0, 19.5, 270.0, 50.0, 1991-06-24 00:00:00, 0.8
12.0, 21.0, 0.0, 49.0, 1991-06-25 00:00:00, 0.8
8.0, 17.1, 50.0, 67.0, 1991-06-26 00:00:00, 24.9
13.0, 19.5, 50.0, 58.0, 1991-06-27 00:00:00, 0.3
7.0, 18.8, 50.0, 68.0, 1991-06-28 00:00:00, 0.0
4.0, 20.5, 320.0, 58.0, 1991-06-29 00:00:00, 2.8
8.0, 15.8, 90.0, 78.0, 1991-06-30 00:00:00, 24.1
7.0, 20.0, 180.0, 50.0, 1991-07-01 00:00:00, 1.3
14.0, 23.8, 90.0, 49.0, 1991-07-02 00:00:00, 0.0
10.0, 17.9, 270.0, 65.0, 1991-07-03 00:00:00, 2.0
14.0, 17.9, 230.0, 42.0, 1991-07-04 00:00:00, 0.0
11.0, 9.6, 180.0, 88.0, 1991-07-05 00:00:00, 0.0
8.0, 12.9, 270.0, 73.0, 1991-07-06 00:00:00, 0.5
8.0, 18.8, 50.0, 53.0, 1991-07-07 00:00:00, 0.0
7.0, 22.3, 140.0, 48.0, 1991-07-08 00:00:00, 0.0
5.0, 21.8, 140.0, 31.0, 1991-07-09 00:00:00, 0.0
7.0, 23.6, 50.0, 38.0, 1991-07-10 00:00:00, 0.0
12.0, 19.4, 50.0, 59.0, 1991-07-11 00:00:00, 1.8
8.0, 19.7, 270.0, 62.0, 1991-07-12 00:00:00, 0.5
11.0, 13.6, 230.0, 83.0, 1991-07-13 00:00:00, 0.5
8.0, 14.7, 50.0, 69.0, 1991-07-14 00:00:00, 7.6
9.0, 14.8, 90.0, 82.0, 1991-07-15 00:00:00, 0.5
12.0, 15.0, 180.0, 75.0, 1991-07-16 00:00:00, 13.2
14.0, 16.3, 180.0, 59.0, 1991-07-17 00:00:00, 4.6
8.0, 14.2, 50.0, 56.0, 1991-07-18 00:00:00, 0.3
12.0, 13.8, 270.0, 58.0, 1991-07-19 00:00:00, 0.0
3.0, 15.3, 180.0, 49.0, 1991-07-20 00:00:00, 0.0
9.0, 15.3, 270.0, 62.0, 1991-07-21 00:00:00, 0.0
9.0, 21.6, 50.0, 57.0, 1991-07-22 00:00:00, 0.0
6.0, 25.8, 50.0, 30.0, 1991-07-23 00:00:00, 0.0
13.0, 26.2, 50.0, 48.0, 1991-07-24 00:00:00, 0.0
2.0, 15.0, 140.0, 91.0, 1991-07-25 00:00:00, 6.6
12.0, 16.3, 90.0, 69.0, 1991-07-26 00:00:00, 0.3
8.0, 16.2, 230.0, 64.0, 1991-07-27 00:00:00, 15.2
11.0, 16.2, 50.0, 55.0, 1991-07-28 00:00:00, 0.0
16.0, 11.3, 270.0, 74.0, 1991-07-29 00:00:00, 3.6
11.0, 14.9, 50.0, 60.0, 1991-07-30 00:00:00, 0.0
7.0, 20.5, 320.0, 42.0, 1991-07-31 00:00:00, 0.0
7.0, 22.5, 230.0, 41.0, 1991-08-01 00:00:00, 0.0
9.0, 21.4, 50.0, 35.0, 1991-08-02 00:00:00, 0.0
13.0, 24.2, 90.0, 38.0, 1991-08-03 00:00:00, 0.0
11.0, 24.1, 50.0, 47.0, 1991-08-04 00:00:00, 0.0
7.0, 17.1, 180.0, 50.0, 1991-08-05 00:00:00, 1.5
5.0, 20.7, 0.0, 46.0, 1991-08-06 00:00:00, 0.3
18.0, 22.9, 90.0, 43.0, 1991-08-07 00:00:00, 0.0
16.0, 23.1, 140.0, 47.0, 1991-08-08 00:00:00, 0.0
1.0, 13.7, 140.0, 87.0, 1991-08-09 00:00:00, 1.3
13.0, 17.7, 270.0, 51.0, 1991-08-10 00:00:00, 0.0
9.0, 21.1, 320.0, 45.0, 1991-08-11 00:00:00, 0.0
6.0, 19.9, 320.0, 70.0, 1991-08-12 00:00:00, 0.5
14.0, 21.3, 320.0, 62.0, 1991-08-13 00:00:00, 0.0
8.0, 24.0, 0.0, 58.0, 1991-08-14 00:00:00, 0.0
10.0, 26.6, 50.0, 58.0, 1991-08-15 00:00:00, 0.0
6.0, 27.3, 50.0, 43.0, 1991-08-16 00:00:00, 0.0
4.0, 27.9, 0.0, 37.0, 1991-08-17 00:00:00, 0.0
10.0, 26.8, 180.0, 31.0, 1991-08-18 00:00:00, 0.0
10.0, 26.8, 180.0, 31.0, 1991-08-19 00:00:00, 0.0
16.0, 21.0, 270.0, 39.0, 1991-08-20 00:00:00, 0.0
10.0, 18.2, 50.0, 46.0, 1991-08-21 00:00:00, 0.0
7.0, 18.4, 50.0, 43.0, 1991-08-22 00:00:00, 0.0
12.0, 15.3, 270.0, 43.0, 1991-08-23 00:00:00, 0.0
5.0, 14.4, 50.0, 62.0, 1991-08-24 00:00:00, 0.5
12.0, 16.3, 140.0, 47.0, 1991-08-25 00:00:00, 0.8
12.0, 13.6, 90.0, 70.0, 1991-08-26 00:00:00, 4.1
15.0, 15.7, 90.0, 64.0, 1991-08-27 00:00:00, 0.0
16.0, 13.5, 90.0, 61.0, 1991-08-28 00:00:00, 3.3
13.0, 12.1, 90.0, 78.0, 1991-08-29 00:00:00, 3.3
7.0, 15.5, 140.0, 58.0, 1991-08-30 00:00:00, 0.0
5.0, 15.0, 90.0, 69.0, 1991-08-31 00:00:00, 0.0
5.0, 15.0, 90.0, 69.0, 1991-09-01 00:00:00, 0.0
5.0, 15.0, 90.0, 69.0, 1991-09-02 00:00:00, 0.0
9.0, 17.6, 0.0, 60.0, 1991-09-03 00:00:00, 0.0
4.0, 19.5, 50.0, 58.0, 1991-09-04 00:00:00, 0.0
7.0, 19.8, 50.0, 60.0, 1991-09-05 00:00:00, 0.0
7.0, 19.8, 50.0, 60.0, 1991-09-06 00:00:00, 0.0
7.0, 19.8, 50.0, 60.0, 1991-09-07 00:00:00, 0.0
7.0, 19.8, 50.0, 60.0, 1991-09-08 00:00:00, 0.0
9.0, 15.1, 50.0, 62.0, 1991-09-09 00:00:00, 0.0
4.0, 17.5, 180.0, 50.0, 1991-09-10 00:00:00, 0.0
8.0, 17.2, 50.0, 60.0, 1991-09-11 00:00:00, 0.3
9.0, 15.3, 50.0, 62.0, 1991-09-12 00:00:00, 0.0
15.0, 10.3, 270.0, 69.0, 1991-09-13 00:00:00, 3.8
10.0, 13.5, 50.0, 68.0, 1991-09-14 00:00:00, 0.0
8.0, 14.2, 50.0, 80.0, 1991-09-15 00:00:00, 1.0
7.0, 13.5, 0.0, 75.0, 1991-09-16 00:00:00, 3.0
11.0, 13.1, 50.0, 74.0, 1991-09-17 00:00:00, 0.3
9.0, 20.7, 50.0, 51.0, 1991-09-18 00:00:00, 0.0
11.0, 15.3, 320.0, 43.0, 1991-09-19 00:00:00, 0.0
17.0, 9.7, 230.0, 53.0, 1991-09-20 00:00:00, 0.0
4.0, 10.4, 230.0, 50.0, 1991-09-21 00:00:00, 0.0
5.0, 4.4, 50.0, 97.0, 1991-09-22 00:00:00, 12.5
9.0, 10.9, 50.0, 98.0, 1991-09-23 00:00:00, 4.6
7.0, 17.9, 0.0, 79.0, 1991-09-24 00:00:00, 0.0
7.0, 17.6, 50.0, 76.0, 1991-09-25 00:00:00, 0.0
11.0, 17.9, 50.0, 70.0, 1991-09-26 00:00:00, 0.0
7.0, 21.4, 50.0, 60.0, 1991-09-27 00:00:00, 0.0
7.0, 13.6, 270.0, 47.0, 1991-09-28 00:00:00, 0.0
5.0, 9.5, 0.0, 52.0, 1991-09-29 00:00:00, 0.0
3.0, 8.0, 320.0, 78.0, 1991-09-30 00:00:00, 0.0
17.0, 10.5, 270.0, 41.0, 1991-10-01 00:00:00, 0.0
15.0, 10.0, 270.0, 38.0, 1991-10-02 00:00:00, 0.0
9.0, 8.9, 320.0, 50.0, 1991-10-03 00:00:00, 0.0
9.0, 8.9, 50.0, 60.0, 1991-10-04 00:00:00, 0.0
9.0, 14.8, 50.0, 39.0, 1991-10-05 00:00:00, 0.0
4.0, 15.1, 230.0, 37.0, 1991-10-06 00:00:00, 0.0
11.0, 9.4, 270.0, 37.0, 1991-10-07 00:00:00, 0.0
4.0, 3.9, 50.0, 66.0, 1991-10-08 00:00:00, 0.0
7.0, 18.7, 230.0, 54.0, 1991-10-09 00:00:00, 5.6
9.0, 21.5, 90.0, 44.0, 1991-10-10 00:00:00, 0.0
0.0, 0.0, 0.0, 0.0, 1992-05-07 00:00:00, 0.0
15.0, 11.2, 320.0, 19.0, 1992-05-08 00:00:00, 5.3
4.0, 2.4, 230.0, 96.0, 1992-05-09 00:00:00, 1.3
22.0, 6.2, 270.0, 59.0, 1992-05-10 00:00:00, 1.0
10.0, 6.4, 0.0, 74.0, 1992-05-11 00:00:00, 3.0
13.0, 10.7, 320.0, 23.0, 1992-05-12 00:00:00, 0.0
20.0, 13.8, 230.0, 21.0, 1992-05-13 00:00:00, 0.0
6.0, 13.1, 320.0, 35.0, 1992-05-14 00:00:00, 0.0
20.0, 12.3, 0.0, 17.0, 1992-05-15 00:00:00, 0.0
13.0, 18.2, 270.0, 14.0, 1992-05-16 00:00:00, 0.0
10.0, 17.9, 140.0, 26.0, 1992-05-17 00:00:00, 0.0
12.0, 13.3, 270.0, 20.0, 1992-05-18 00:00:00, 0.0
11.0, 8.5, 0.0, 31.0, 1992-05-19 00:00:00, 0.0
16.0, 7.6, 0.0, 32.0, 1992-05-20 00:00:00, 0.0
9.0, 10.0, 320.0, 22.0, 1992-05-21 00:00:00, 0.0
7.0, 12.5, 90.0, 15.0, 1992-05-22 00:00:00, 0.0
6.0, 16.1, 320.0, 24.0, 1992-05-23 00:00:00, 0.0
7.0, 19.2, 90.0, 41.0, 1992-05-24 00:00:00, 0.0
11.0, 24.7, 50.0, 28.0, 1992-05-25 00:00:00, 0.0
3.0, 15.0, 180.0, 50.0, 1992-05-26 00:00:00, 1.3
17.0, 14.9, 180.0, 42.0, 1992-05-27 00:00:00, 0.3
5.0, 14.5, 0.0, 68.0, 1992-05-28 00:00:00, 1.3
11.0, 13.6, 230.0, 62.0, 1992-05-29 00:00:00, 15.7
6.0, 16.0, 0.0, 50.0, 1992-05-30 00:00:00, 1.0
7.0, 19.8, 180.0, 47.0, 1992-05-31 00:00:00, 0.0
5.0, 17.3, 320.0, 47.0, 1992-06-01 00:00:00, 0.0
16.0, 10.7, 270.0, 53.0, 1992-06-02 00:00:00, 2.5
7.0, 15.1, 90.0, 43.0, 1992-06-03 00:00:00, 0.0
16.0, 15.8, 320.0, 42.0, 1992-06-04 00:00:00, 0.0
3.0, 18.8, 140.0, 38.0, 1992-06-05 00:00:00, 0.0
10.0, 20.2, 90.0, 33.0, 1992-06-06 00:00:00, 0.0
10.0, 14.3, 180.0, 67.0, 1992-06-07 00:00:00, 0.0
6.0, 16.8, 90.0, 51.0, 1992-06-08 00:00:00, 0.8
7.0, 11.6, 180.0, 88.0, 1992-06-09 00:00:00, 5.8
9.0, 12.6, 230.0, 76.0, 1992-06-10 00:00:00, 7.0
9.0, 18.8, 320.0, 55.0, 1992-06-11 00:00:00, 2.0
8.0, 21.7, 320.0, 55.0, 1992-06-12 00:00:00, 0.0
10.0, 20.3, 0.0, 52.0, 1992-06-13 00:00:00, 0.2
7.0, 20.2, 90.0, 46.0, 1992-06-14 00:00:00, 0.4
2.0, 20.4, 320.0, 62.0, 1992-06-15 00:00:00, 0.0
7.0, 18.6, 270.0, 42.0, 1992-06-16 00:00:00, 0.0
7.0, 17.1, 0.0, 34.0, 1992-06-17 00:00:00, 0.0
8.0, 20.8, 90.0, 32.0, 1992-06-18 00:00:00, 0.0
6.0, 16.6, 50.0, 71.0, 1992-06-19 00:00:00, 2.0
2.0, 20.2, 0.0, 51.0, 1992-06-20 00:00:00, 0.8
11.0, 21.9, 270.0, 41.0, 1992-06-21 00:00:00, 0.0
6.0, 23.6, 90.0, 30.0, 1992-06-22 00:00:00, 0.0
9.0, 21.8, 0.0, 25.0, 1992-06-23 00:00:00, 0.0
7.0, 24.5, 50.0, 20.0, 1992-06-24 00:00:00, 0.0
8.0, 28.1, 0.0, 17.0, 1992-06-25 00:00:00, 0.0
6.0, 28.8, 320.0, 13.0, 1992-06-26 00:00:00, 0.0
5.0, 22.2, 0.0, 39.0, 1992-06-27 00:00:00, 0.0
11.0, 25.3, 0.0, 40.0, 1992-06-28 00:00:00, 0.0
14.0, 22.9, 0.0, 42.0, 1992-06-29 00:00:00, 2.8
6.0, 21.1, 0.0, 45.0, 1992-06-30 00:00:00, 0.3
19.0, 21.5, 0.0, 23.0, 1992-07-01 00:00:00, 0.0
8.0, 20.8, 0.0, 37.0, 1992-07-02 00:00:00, 0.0
9.0, 16.2, 0.0, 80.0, 1992-07-03 00:00:00, 4.1
3.0, 16.1, 320.0, 83.0, 1992-07-04 00:00:00, 1.3
8.0, 21.3, 270.0, 45.0, 1992-07-05 00:00:00, 0.0
7.0, 14.4, 230.0, 78.0, 1992-07-06 00:00:00, 4.8
12.0, 17.2, 180.0, 49.0, 1992-07-07 00:00:00, 3.4
14.0, 15.7, 320.0, 50.0, 1992-07-08 00:00:00, 0.7
9.0, 19.2, 270.0, 45.0, 1992-07-09 00:00:00, 0.0
20.0, 17.8, 320.0, 51.0, 1992-07-10 00:00:00, 0.0
7.0, 20.6, 90.0, 54.0, 1992-07-11 00:00:00, 0.0
2.0, 15.5, 50.0, 90.0, 1992-07-12 00:00:00, 0.6
14.0, 10.6, 230.0, 84.0, 1992-07-13 00:00:00, 2.7
9.0, 14.9, 270.0, 51.0, 1992-07-14 00:00:00, 1.8
7.0, 17.8, 0.0, 45.0, 1992-07-15 00:00:00, 0.0
5.0, 21.9, 50.0, 41.0, 1992-07-16 00:00:00, 0.0
8.0, 23.1, 0.0, 33.0, 1992-07-17 00:00:00, 0.0
15.0, 20.6, 0.0, 40.0, 1992-07-18 00:00:00, 0.0
12.0, 22.2, 0.0, 34.0, 1992-07-19 00:00:00, 0.0
10.0, 24.9, 0.0, 26.0, 1992-07-20 00:00:00, 0.0
7.0, 22.5, 320.0, 31.0, 1992-07-21 00:00:00, 0.0
11.0, 22.9, 270.0, 23.0, 1992-07-22 00:00:00, 0.0
6.0, 24.4, 0.0, 21.0, 1992-07-23 00:00:00, 0.0
9.0, 24.1, 270.0, 31.0, 1992-07-24 00:00:00, 0.0
7.0, 21.3, 0.0, 39.0, 1992-07-25 00:00:00, 0.0
5.0, 17.4, 180.0, 41.0, 1992-07-26 00:00:00, 0.0
6.0, 18.6, 230.0, 42.0, 1992-07-27 00:00:00, 0.0
5.0, 18.8, 320.0, 58.0, 1992-07-28 00:00:00, 0.8
8.0, 22.9, 140.0, 35.0, 1992-07-29 00:00:00, 3.0
7.0, 24.3, 0.0, 24.0, 1992-07-30 00:00:00, 0.0
7.0, 27.6, 320.0, 20.0, 1992-07-31 00:00:00, 0.0
8.0, 29.3, 320.0, 16.0, 1992-08-01 00:00:00, 0.0
17.0, 23.5, 270.0, 39.0, 1992-08-02 00:00:00, 0.0
9.0, 25.8, 270.0, 27.0, 1992-08-03 00:00:00, 0.0
14.0, 26.1, 320.0, 26.0, 1992-08-04 00:00:00, 0.0
8.0, 25.3, 90.0, 38.0, 1992-08-05 00:00:00, 0.0
7.0, 14.6, 90.0, 90.0, 1992-08-06 00:00:00, 0.6
9.0, 8.2, 230.0, 94.0, 1992-08-07 00:00:00, 7.9
10.0, 14.1, 90.0, 69.0, 1992-08-08 00:00:00, 0.0
9.0, 14.8, 230.0, 47.0, 1992-08-09 00:00:00, 3.2
9.0, 20.2, 0.0, 47.0, 1992-08-10 00:00:00, 0.0
10.0, 24.8, 50.0, 41.0, 1992-08-11 00:00:00, 0.0
10.0, 26.6, 90.0, 40.0, 1992-08-12 00:00:00, 0.0
8.0, 26.1, 270.0, 29.0, 1992-08-13 00:00:00, 0.0
7.0, 23.9, 320.0, 25.0, 1992-08-14 00:00:00, 1.4
7.0, 20.8, 180.0, 35.0, 1992-08-15 00:00:00, 0.0
6.0, 22.0, 320.0, 27.0, 1992-08-16 00:00:00, 0.0
6.0, 24.6, 0.0, 33.0, 1992-08-17 00:00:00, 0.0
7.0, 23.6, 0.0, 34.0, 1992-08-18 00:00:00, 0.0
14.0, 17.0, 320.0, 40.0, 1992-08-19 00:00:00, 1.3
11.0, 18.6, 0.0, 28.0, 1992-08-20 00:00:00, 0.0
25.0, 14.0, 320.0, 41.0, 1992-08-21 00:00:00, 0.0
16.0, 11.0, 0.0, 31.0, 1992-08-22 00:00:00, 0.0
8.0, 15.1, 0.0, 25.0, 1992-08-23 00:00:00, 0.0
6.0, 18.5, 90.0, 37.0, 1992-08-24 00:00:00, 0.0
9.0, 20.6, 320.0, 43.0, 1992-08-25 00:00:00, 0.0
6.0, 18.3, 50.0, 84.0, 1992-08-26 00:00:00, 0.9
9.0, 14.0, 0.0, 51.0, 1992-08-27 00:00:00, 10.7
8.0, 14.0, 0.0, 44.0, 1992-08-28 00:00:00, 2.0
5.0, 12.7, 0.0, 62.0, 1992-08-29 00:00:00, 0.0
4.0, 18.0, 90.0, 61.0, 1992-08-30 00:00:00, 0.4
5.0, 16.7, 90.0, 69.0, 1992-08-31 00:00:00, 1.0
20.0, 17.6, 320.0, 34.0, 1992-09-01 00:00:00, 0.8
20.0, 17.6, 320.0, 34.0, 1992-09-02 00:00:00, 0.8
20.0, 17.6, 320.0, 34.0, 1992-09-03 00:00:00, 0.8
9.0, 7.5, 270.0, 88.0, 1992-09-04 00:00:00, 1.8
13.0, 4.5, 320.0, 90.0, 1992-09-05 00:00:00, 0.0
7.0, 8.3, 90.0, 73.0, 1992-09-06 00:00:00, 0.0
25.0, 6.3, 140.0, 83.0, 1992-09-07 00:00:00, 0.0
16.0, 10.2, 270.0, 53.0, 1992-09-08 00:00:00, 0.0
11.0, 8.4, 90.0, 94.0, 1992-09-09 00:00:00, 3.3
8.0, 13.4, 180.0, 86.0, 1992-09-10 00:00:00, 2.5
6.0, 11.6, 0.0, 58.0, 1992-09-11 00:00:00, 0.0
13.0, 6.4, 270.0, 52.0, 1992-09-12 00:00:00, 0.0
3.0, 4.7, 0.0, 66.0, 1992-09-13 00:00:00, 0.0
11.0, 3.6, 320.0, 73.0, 1992-09-14 00:00:00, 0.0
9.0, 6.0, 50.0, 73.0, 1992-09-15 00:00:00, 0.3
11.0, 5.8, 270.0, 78.0, 1992-09-16 00:00:00, 1.8
10.0, 7.5, 90.0, 89.0, 1992-09-17 00:00:00, 2.0
10.0, 8.1, 90.0, 91.0, 1992-09-18 00:00:00, 0.3
10.0, 8.1, 90.0, 91.0, 1992-09-19 00:00:00, 0.3
10.0, 8.1, 90.0, 91.0, 1992-09-20 00:00:00, 0.3
4.0, 9.4, 0.0, 92.0, 1992-09-21 00:00:00, 0.5
6.0, 14.3, 0.0, 80.0, 1992-09-22 00:00:00, 0.0
0.0, 14.4, 0.0, 90.0, 1992-09-23 00:00:00, 1.5
9.0, 11.2, 270.0, 82.0, 1992-09-24 00:00:00, 3.0
11.0, 7.4, 270.0, 60.0, 1992-09-25 00:00:00, 0.0
18.0, 4.9, 270.0, 90.0, 1992-09-26 00:00:00, 5.6
14.0, 8.6, 140.0, 62.0, 1992-09-27 00:00:00, 0.5
26.0, 13.5, 140.0, 45.0, 1992-09-28 00:00:00, 0.0
26.0, 18.7, 140.0, 30.0, 1992-09-29 00:00:00, 0.0
4.0, 16.1, 0.0, 51.0, 1992-09-30 00:00:00, 0.0
5.0, 18.3, 0.0, 59.0, 1992-10-01 00:00:00, 0.0
3.0, 16.7, 0.0, 70.0, 1992-10-02 00:00:00, 0.0
25.0, 8.3, 270.0, 79.0, 1992-10-03 00:00:00, 3.6
7.0, 8.3, 90.0, 58.0, 1992-10-04 00:00:00, 0.3
9.0, 8.2, 320.0, 54.0, 1992-10-05 00:00:00, 0.0
4.0, 6.3, 50.0, 67.0, 1992-10-06 00:00:00, 0.0
7.0, 3.0, 50.0, 66.0, 1992-10-07 00:00:00, 0.0
20.0, 7.4, 270.0, 44.0, 1992-10-08 00:00:00, 0.0
11.0, 5.4, 90.0, 96.0, 1992-10-09 00:00:00, 2.8
