station_observations
wind_speed, temperature, wind_direction, relative_humidity, time, precipitation
0.0, 0.0, 0.0, 0.0, 1991-05-31 00:00:00, 0.0
3.0, 11.7, 180.0, 42.0, 1991-06-01 00:00:00, 0.0
4.0, 8.6, 0.0, 59.0, 1991-06-02 00:00:00, 0.0
3.0, 4.8, 50.0, 84.0, 1991-06-03 00:00:00, 10.2
8.0, 5.9, 140.0, 78.0, 1991-06-04 00:00:00, 3.6
2.0, 14.8, 140.0, 55.0, 1991-06-05 00:00:00, 2.8
4.0, 18.7, 140.0, 34.0, 1991-06-06 00:00:00, 0.0
10.0, 15.1, 230.0, 60.0, 1991-06-07 00:00:00, 0.0
3.0, 11.1, 0.0, 53.0, 1991-06-08 00:00:00, 2.3
2.0, 16.0, 50.0, 53.0, 1991-06-09 00:00:00, 0.0
2.0, 14.0, 0.0, 86.0, 1991-06-10 00:00:00, 2.3
8.0, 9.8, 230.0, 71.0, 1991-06-11 00:00:00, 7.6
2.0, 5.2, 50.0, 96.0, 1991-06-12 00:00:00, 11.7
5.0, 8.0, 180.0, 75.0, 1991-06-13 00:00:00, 1.3
1.0, 6.5, 230.0, 94.0, 1991-06-14 00:00:00, 10.9
1.0, 6.8, 320.0, 98.0, 1991-06-15 00:00:00, 14.0
6.0, 13.3, 230.0, 58.0, 1991-06-16 00:00:00, 0.0
1.0, 7.9, 50.0, 94.0, 1991-06-17 00:00:00, 16.0
4.0, 11.1, 230.0, 84.0, 1991-06-18 00:00:00, 8.9
3.0, 17.3, 50.0, 49.0, 1991-06-19 00:00:00, 0.8
10.0, 18.7, 50.0, 50.0, 1991-06-20 00:00:00, 0.0
4.0, 16.6, 270.0, 64.0, 1991-06-21 00:00:00, 0.0
2.0, 10.6, 50.0, 91.0, 1991-06-22 00:00:00, 5.1
3.0, 13.9, 230.0, 72.0, 1991-06-23 00:00:00, 4.3
2.0, 15.6, 140.0, 77.0, 1991-06-24 00:00:00, 2.0
1.0, 14.1, 320.0, 83.0, 1991-06-25 00:00:00, 6.3
2.0, 13.3, 180.0, 82.0, 1991-06-26 00:00:00, 11.2
2.0, 17.0, 0.0, 68.0, 1991-06-27 00:00:00, 2.3
3.0, 18.8, 50.0, 58.0, 1991-06-28 00:00:00, 13.5
15.0, 21.0, 230.0, 44.0, 1991-06-29 00:00:00, 0.0
4.0, 13.4, 230.0, 87.0, 1991-06-30 00:00:00, 5.8
5.0, 18.4, 270.0, 54.0, 1991-07-01 00:00:00, 0.0
6.0, 22.3, 230.0, 43.0, 1991-07-02 00:00:00, 0.0
4.0, 22.7, 230.0, 38.0, 1991-07-03 00:00:00, 0.0
4.0, 19.9, 270.0, 42.0, 1991-07-04 00:00:00, 0.0
2.0, 4.6, 50.0, 93.0, 1991-07-05 00:00:00, 7.1
0.0, 9.9, 50.0, 94.0, 1991-07-06 00:00:00, 14.0
8.0, 17.9, 230.0, 52.0, 1991-07-07 00:00:00, 0.0
11.0, 19.4, 140.0, 41.0, 1991-07-08 00:00:00, 0.0
5.0, 20.7, 320.0, 35.0, 1991-07-09 00:00:00, 0.0
29.0, 22.4, 270.0, 35.0, 1991-07-10 00:00:00, 0.0
14.0, 20.9, 270.0, 45.0, 1991-07-11 00:00:00, 0.0
12.0, 17.3, 230.0, 74.0, 1991-07-12 00:00:00, 33.3
3.0, 9.8, 270.0, 96.0, 1991-07-13 00:00:00, 8.3
6.0, 15.5, 140.0, 58.0, 1991-07-14 00:00:00, 6.9
29.0, 11.1, 140.0, 95.0, 1991-07-15 00:00:00, 12.1
32.0, 15.4, 180.0, 72.0, 1991-07-16 00:00:00, 1.7
12.0, 13.6, 180.0, 69.0, 1991-07-17 00:00:00, 7.8
11.0, 14.7, 230.0, 56.0, 1991-07-18 00:00:00, 0.1
8.0, 14.1, 180.0, 58.0, 1991-07-19 00:00:00, 0.1
4.0, 13.0, 230.0, 69.0, 1991-07-20 00:00:00, 0.5
7.0, 12.7, 180.0, 87.0, 1991-07-21 00:00:00, 9.7
6.0, 21.7, 320.0, 14.0, 1991-07-22 00:00:00, 0.0
5.0, 25.0, 270.0, 39.0, 1991-07-23 00:00:00, 0.0
14.0, 28.7, 140.0, 28.0, 1991-07-24 00:00:00, 0.0
7.0, 13.5, 270.0, 96.0, 1991-07-25 00:00:00, 5.6
2.0, 14.6, 320.0, 82.0, 1991-07-26 00:00:00, 5.4
4.0, 14.8, 270.0, 80.0, 1991-07-27 00:00:00, 7.2
5.0, 15.9, 270.0, 55.0, 1991-07-28 00:00:00, 2.1
9.0, 10.0, 270.0, 81.0, 1991-07-29 00:00:00, 0.8
4.0, 16.1, 270.0, 49.0, 1991-07-30 00:00:00, 0.0
5.0, 19.1, 270.0, 49.0, 1991-07-31 00:00:00, 0.0
3.0, 20.2, 270.0, 41.0, 1991-08-01 00:00:00, 0.0
3.0, 23.6, 320.0, 34.0, 1991-08-02 00:00:00, 0.0
6.0, 23.4, 230.0, 28.0, 1991-08-03 00:00:00, 0.0
5.0, 24.5, 50.0, 29.0, 1991-08-04 00:00:00, 0.0
3.0, 15.5, 230.0, 82.0, 1991-08-05 00:00:00, 0.0
2.0, 23.5, 230.0, 52.0, 1991-08-06 00:00:00, 0.3
11.0, 22.1, 0.0, 48.0, 1991-08-07 00:00:00, 2.0
8.0, 21.6, 0.0, 54.0, 1991-08-08 00:00:00, 0.0
1.0, 13.7, 230.0, 88.0, 1991-08-09 00:00:00, 3.8
0.0, 11.7, 230.0, 98.0, 1991-08-10 00:00:00, 13.5
6.0, 14.7, 230.0, 83.0, 1991-08-11 00:00:00, 6.3
3.0, 17.2, 230.0, 76.0, 1991-08-12 00:00:00, 13.5
1.0, 11.1, 230.0, 96.0, 1991-08-13 00:00:00, 18.0
1.0, 16.3, 270.0, 90.0, 1991-08-14 00:00:00, 1.3
2.0, 23.3, 270.0, 60.0, 1991-08-15 00:00:00, 0.0
2.0, 26.7, 270.0, 46.0, 1991-08-16 00:00:00, 0.0
2.0, 26.7, 50.0, 41.0, 1991-08-17 00:00:00, 0.0
0.0, 17.7, 180.0, 78.0, 1991-08-18 00:00:00, 2.3
0.0, 21.5, 0.0, 45.0, 1991-08-19 00:00:00, 0.0
1.0, 18.3, 320.0, 60.0, 1991-08-20 00:00:00, 0.0
1.0, 19.6, 0.0, 44.0, 1991-08-21 00:00:00, 0.0
1.0, 19.4, 230.0, 40.0, 1991-08-22 00:00:00, 0.0
1.0, 10.9, 270.0, 91.0, 1991-08-23 00:00:00, 2.8
1.0, 10.6, 230.0, 81.0, 1991-08-24 00:00:00, 3.0
3.0, 13.8, 50.0, 54.0, 1991-08-25 00:00:00, 0.0
20.0, 9.8, 50.0, 81.0, 1991-08-26 00:00:00, 6.6
13.0, 11.1, 0.0, 86.0, 1991-08-27 00:00:00, 5.6
11.0, 11.1, 50.0, 78.0, 1991-08-28 00:00:00, 10.7
17.0, 10.7, 50.0, 60.0, 1991-08-29 00:00:00, 6.3
0.0, 11.8, 180.0, 98.0, 1991-08-30 00:00:00, 6.6
4.0, 13.3, 0.0, 80.0, 1991-08-31 00:00:00, 12.7
6.0, 8.3, 230.0, 92.0, 1991-09-01 00:00:00, 10.7
3.0, 10.2, 50.0, 75.0, 1991-09-02 00:00:00, 1.8
2.0, 14.6, 0.0, 59.0, 1991-09-03 00:00:00, 0.0
1.0, 18.6, 230.0, 51.0, 1991-09-04 00:00:00, 0.0
3.0, 21.5, 230.0, 39.0, 1991-09-05 00:00:00, 0.0
0.0, 18.4, 270.0, 61.0, 1991-09-06 00:00:00, 0.0
5.0, 12.7, 230.0, 69.0, 1991-09-07 00:00:00, 0.0
3.0, 11.5, 180.0, 64.0, 1991-09-08 00:00:00, 0.0
1.0, 15.7, 0.0, 47.0, 1991-09-09 00:00:00, 0.0
3.0, 15.6, 180.0, 51.0, 1991-09-10 00:00:00, 0.0
1.0, 17.0, 0.0, 53.0, 1991-09-11 00:00:00, 0.0
9.0, 17.3, 230.0, 42.0, 1991-09-12 00:00:00, 0.0
3.0, 6.2, 230.0, 93.0, 1991-09-13 00:00:00, 5.3
2.0, 12.0, 230.0, 63.0, 1991-09-14 00:00:00, 0.0
1.0, 13.5, 0.0, 64.0, 1991-09-15 00:00:00, 0.5
2.0, 11.7, 0.0, 81.0, 1991-09-16 00:00:00, 1.9
0.0, 15.6, 90.0, 53.0, 1991-09-17 00:00:00, 0.0
7.0, 19.6, 90.0, 40.0, 1991-09-18 00:00:00, 0.0
3.0, 15.9, 230.0, 55.0, 1991-09-19 00:00:00, 0.0
6.0, 7.2, 230.0, 61.0, 1991-09-20 00:00:00, 1.3
5.0, 6.7, 230.0, 67.0, 1991-09-21 00:00:00, 0.0
0.0, 4.0, 230.0, 94.0, 1991-09-22 00:00:00, 2.3
0.0, 9.4, 180.0, 95.0, 1991-09-23 00:00:00, 5.8
1.0, 16.3, 230.0, 71.0, 1991-09-24 00:00:00, 0.0
0.0, 19.1, 180.0, 46.0, 1991-09-25 00:00:00, 0.0
