station_observations
wind_speed, temperature, wind_direction, relative_humidity, time, precipitation
6.0, 19.5, 270.0, 47.0, 1991-07-31 00:00:00, 0.0
8.0, 20.5, 0.0, 45.0, 1991-08-01 00:00:00, 0.0
5.0, 21.2, 0.0, 42.0, 1991-08-02 00:00:00, 0.0
7.0, 22.7, 90.0, 37.0, 1991-08-03 00:00:00, 0.0
8.0, 23.9, 90.0, 31.0, 1991-08-04 00:00:00, 0.0
11.0, 18.9, 270.0, 70.0, 1991-08-05 00:00:00, 0.0
11.0, 23.2, 180.0, 46.0, 1991-08-06 00:00:00, 0.0
12.0, 21.0, 140.0, 56.0, 1991-08-07 00:00:00, 0.5
7.0, 21.3, 140.0, 56.0, 1991-08-08 00:00:00, 0.0
12.0, 17.0, 230.0, 69.0, 1991-08-09 00:00:00, 0.3
5.0, 12.4, 180.0, 95.0, 1991-08-10 00:00:00, 29.0
4.0, 11.7, 270.0, 94.0, 1991-08-11 00:00:00, 23.1
9.0, 16.5, 230.0, 84.0, 1991-08-12 00:00:00, 16.0
6.0, 10.3, 270.0, 97.0, 1991-08-13 00:00:00, 10.7
7.0, 12.8, 270.0, 94.0, 1991-08-14 00:00:00, 0.5
8.0, 21.7, 230.0, 69.0, 1991-08-15 00:00:00, 0.0
9.0, 24.5, 270.0, 63.0, 1991-08-16 00:00:00, 0.0
6.0, 24.5, 270.0, 57.0, 1991-08-17 00:00:00, 3.6
0.0, 22.1, 50.0, 57.0, 1991-08-18 00:00:00, 5.1
9.0, 21.7, 270.0, 50.0, 1991-08-19 00:00:00, 0.0
11.0, 19.2, 230.0, 61.0, 1991-08-20 00:00:00, 0.0
5.0, 19.6, 270.0, 47.0, 1991-08-21 00:00:00, 0.0
11.0, 19.2, 230.0, 61.0, 1991-08-22 00:00:00, 0.0
4.0, 14.4, 270.0, 61.0, 1991-08-23 00:00:00, 0.0
5.0, 10.3, 50.0, 81.0, 1991-08-24 00:00:00, 0.0
11.0, 13.6, 230.0, 53.0, 1991-08-25 00:00:00, 0.0
12.0, 8.4, 90.0, 92.0, 1991-08-26 00:00:00, 4.6
15.0, 10.0, 140.0, 94.0, 1991-08-27 00:00:00, 17.8
2.0, 10.5, 270.0, 80.0, 1991-08-28 00:00:00, 9.1
7.0, 9.2, 90.0, 92.0, 1991-08-29 00:00:00, 7.1
3.0, 14.5, 270.0, 84.0, 1991-08-30 00:00:00, 0.0
8.0, 10.8, 90.0, 94.0, 1991-08-31 00:00:00, 9.1
11.0, 8.1, 230.0, 92.0, 1991-09-01 00:00:00, 15.0
11.0, 9.1, 230.0, 83.0, 1991-09-02 00:00:00, 6.1
6.0, 14.9, 320.0, 58.0, 1991-09-03 00:00:00, 0.0
5.0, 18.1, 270.0, 60.0, 1991-09-04 00:00:00, 0.0
6.0, 20.3, 0.0, 51.0, 1991-09-05 00:00:00, 0.0
10.0, 17.7, 270.0, 65.0, 1991-09-06 00:00:00, 0.0
11.0, 14.3, 230.0, 63.0, 1991-09-07 00:00:00, 0.0
7.0, 13.2, 230.0, 60.0, 1991-09-08 00:00:00, 0.0
6.0, 15.0, 230.0, 46.0, 1991-09-09 00:00:00, 0.0
5.0, 16.0, 180.0, 49.0, 1991-09-10 00:00:00, 0.0
7.0, 16.6, 50.0, 58.0, 1991-09-11 00:00:00, 0.0
6.0, 18.1, 230.0, 47.0, 1991-09-12 00:00:00, 0.0
12.0, 6.6, 230.0, 78.0, 1991-09-13 00:00:00, 0.0
8.0, 12.5, 230.0, 66.0, 1991-09-14 00:00:00, 0.0
8.0, 14.6, 270.0, 66.0, 1991-09-15 00:00:00, 1.0
7.0, 14.0, 270.0, 66.0, 1991-09-16 00:00:00, 1.0
8.0, 15.8, 50.0, 44.0, 1991-09-17 00:00:00, 0.0
9.0, 17.9, 50.0, 48.0, 1991-09-18 00:00:00, 0.0
5.0, 6.1, 270.0, 54.0, 1992-05-20 00:00:00, 1.3
8.0, 5.4, 230.0, 45.0, 1992-05-21 00:00:00, 0.0
9.0, 7.8, 50.0, 44.0, 1992-05-22 00:00:00, 0.0
6.0, 7.9, 270.0, 73.0, 1992-05-23 00:00:00, 1.8
8.0, 14.3, 50.0, 47.0, 1992-05-24 00:00:00, 0.0
11.0, 20.6, 50.0, 37.0, 1992-05-25 00:00:00, 0.0
12.0, 8.0, 180.0, 98.0, 1992-05-26 00:00:00, 34.5
9.0, 9.3, 180.0, 77.0, 1992-05-27 00:00:00, 4.6
9.0, 9.0, 140.0, 87.0, 1992-05-28 00:00:00, 3.6
12.0, 8.1, 180.0, 86.0, 1992-05-29 00:00:00, 19.3
1.0, 11.4, 230.0, 60.0, 1992-05-30 00:00:00, 0.0
10.0, 15.5, 50.0, 46.0, 1992-05-31 00:00:00, 0.0
11.0, 15.8, 180.0, 54.0, 1992-06-01 00:00:00, 0.0
11.0, 15.8, 180.0, 54.0, 1992-06-02 00:00:00, 0.0
11.0, 15.8, 180.0, 54.0, 1992-06-03 00:00:00, 0.0
1.0, 10.8, 0.0, 59.0, 1992-06-04 00:00:00, 0.0
7.0, 12.9, 180.0, 46.0, 1992-06-05 00:00:00, 0.0
14.0, 16.8, 140.0, 38.0, 1992-06-06 00:00:00, 0.0
11.0, 15.0, 180.0, 47.0, 1992-06-07 00:00:00, 0.0
11.0, 15.0, 180.0, 47.0, 1992-06-08 00:00:00, 0.0
11.0, 15.0, 180.0, 47.0, 1992-06-09 00:00:00, 0.0
15.0, 17.0, 180.0, 60.0, 1992-06-10 00:00:00, 0.0
15.0, 17.0, 180.0, 60.0, 1992-06-11 00:00:00, 0.0
14.0, 21.0, 180.0, 50.0, 1992-06-12 00:00:00, 2.5
14.0, 21.0, 180.0, 50.0, 1992-06-13 00:00:00, 2.5
14.0, 21.0, 180.0, 50.0, 1992-06-14 00:00:00, 2.5
14.0, 21.0, 180.0, 50.0, 1992-06-15 00:00:00, 2.5
6.0, 12.0, 230.0, 89.0, 1992-06-16 00:00:00, 1.0
15.0, 15.0, 230.0, 48.0, 1992-06-17 00:00:00, 0.0
15.0, 15.0, 230.0, 48.0, 1992-06-18 00:00:00, 0.0
15.0, 15.0, 230.0, 48.0, 1992-06-19 00:00:00, 0.0
15.0, 15.0, 230.0, 48.0, 1992-06-20 00:00:00, 0.0
7.0, 20.0, 230.0, 52.0, 1992-06-21 00:00:00, 0.0
10.0, 22.0, 230.0, 48.0, 1992-06-22 00:00:00, 0.0
10.0, 21.0, 0.0, 40.0, 1992-06-23 00:00:00, 0.0
4.0, 22.0, 180.0, 40.0, 1992-06-24 00:00:00, 0.0
6.0, 25.0, 230.0, 30.0, 1992-06-25 00:00:00, 0.0
8.0, 25.0, 180.0, 40.0, 1992-06-26 00:00:00, 0.0
5.0, 21.0, 180.0, 50.0, 1992-06-27 00:00:00, 0.3
5.0, 20.0, 180.0, 50.0, 1992-06-28 00:00:00, 0.0
5.0, 20.0, 180.0, 50.0, 1992-06-29 00:00:00, 0.0
5.0, 20.0, 180.0, 50.0, 1992-06-30 00:00:00, 0.0
10.0, 12.6, 180.0, 86.0, 1992-07-01 00:00:00, 6.3
5.0, 11.5, 180.0, 71.0, 1992-07-02 00:00:00, 2.5
4.0, 11.6, 180.0, 72.0, 1992-07-03 00:00:00, 0.0
7.0, 14.2, 180.0, 72.0, 1992-07-04 00:00:00, 4.5
8.0, 12.5, 140.0, 76.0, 1992-07-05 00:00:00, 0.0
10.0, 12.0, 180.0, 96.0, 1992-07-06 00:00:00, 2.5
14.0, 13.8, 180.0, 72.0, 1992-07-07 00:00:00, 0.0
11.0, 12.3, 180.0, 65.0, 1992-07-08 00:00:00, 0.5
3.0, 9.0, 180.0, 85.0, 1992-07-09 00:00:00, 6.0
5.0, 14.0, 230.0, 58.0, 1992-07-10 00:00:00, 16.2
6.0, 12.0, 90.0, 78.0, 1992-07-11 00:00:00, 6.0
10.0, 11.1, 180.0, 94.0, 1992-07-12 00:00:00, 12.1
14.0, 12.6, 180.0, 72.0, 1992-07-13 00:00:00, 9.6
19.0, 10.1, 180.0, 67.0, 1992-07-14 00:00:00, 3.3
9.0, 12.8, 180.0, 63.0, 1992-07-15 00:00:00, 0.0
7.0, 18.6, 90.0, 47.0, 1992-07-16 00:00:00, 0.0
0.0, 20.0, 0.0, 8.0, 1992-07-17 00:00:00, 2.7
5.0, 23.0, 180.0, 34.0, 1992-07-18 00:00:00, 0.0
6.0, 22.9, 180.0, 41.0, 1992-07-19 00:00:00, 0.0
11.0, 24.5, 180.0, 40.0, 1992-07-20 00:00:00, 0.0
13.0, 13.7, 90.0, 90.0, 1992-07-21 00:00:00, 6.0
5.0, 12.5, 90.0, 99.0, 1992-07-22 00:00:00, 20.5
4.0, 22.0, 270.0, 55.0, 1992-07-23 00:00:00, 0.7
14.0, 21.0, 180.0, 60.0, 1992-07-24 00:00:00, 0.0
10.0, 22.0, 230.0, 49.0, 1992-07-25 00:00:00, 0.0
11.0, 17.6, 230.0, 52.0, 1992-07-26 00:00:00, 0.0
2.0, 13.9, 230.0, 67.0, 1992-07-27 00:00:00, 0.2
8.0, 16.6, 180.0, 86.0, 1992-07-28 00:00:00, 3.5
9.0, 18.7, 230.0, 69.0, 1992-07-29 00:00:00, 3.3
14.0, 23.7, 230.0, 47.0, 1992-07-30 00:00:00, 0.0
3.0, 26.4, 230.0, 38.0, 1992-07-31 00:00:00, 0.0
8.0, 26.7, 230.0, 41.0, 1992-08-01 00:00:00, 0.0
12.0, 24.0, 180.0, 51.0, 1992-08-02 00:00:00, 0.0
11.0, 23.3, 180.0, 59.0, 1992-08-03 00:00:00, 2.0
5.0, 24.3, 140.0, 46.0, 1992-08-04 00:00:00, 0.0
6.0, 18.4, 230.0, 72.0, 1992-08-05 00:00:00, 0.5
5.0, 11.6, 180.0, 97.0, 1992-08-06 00:00:00, 3.8
6.0, 8.5, 180.0, 96.0, 1992-08-07 00:00:00, 20.3
10.0, 10.6, 180.0, 78.0, 1992-08-08 00:00:00, 7.8
4.0, 10.7, 320.0, 85.0, 1992-08-09 00:00:00, 9.1
9.0, 18.9, 180.0, 49.0, 1992-08-10 00:00:00, 0.2
8.0, 23.3, 180.0, 40.0, 1992-08-11 00:00:00, 0.0
8.0, 24.3, 230.0, 37.0, 1992-08-12 00:00:00, 0.0
8.0, 24.7, 140.0, 44.0, 1992-08-13 00:00:00, 0.0
15.0, 23.4, 140.0, 49.0, 1992-08-14 00:00:00, 13.7
9.0, 22.9, 270.0, 36.0, 1992-08-15 00:00:00, 0.0
8.0, 22.8, 180.0, 37.0, 1992-08-16 00:00:00, 0.0
6.0, 25.3, 90.0, 34.0, 1992-08-17 00:00:00, 0.0
16.0, 24.3, 230.0, 42.0, 1992-08-18 00:00:00, 0.0
10.0, 16.6, 270.0, 32.0, 1992-08-19 00:00:00, 0.0
8.0, 17.6, 230.0, 42.0, 1992-08-20 00:00:00, 0.0
9.0, 16.1, 50.0, 39.0, 1992-08-21 00:00:00, 0.0
9.0, 8.2, 180.0, 61.0, 1992-08-22 00:00:00, 0.0
13.0, 12.0, 230.0, 41.0, 1992-08-23 00:00:00, 0.0
10.0, 16.7, 180.0, 35.0, 1992-08-24 00:00:00, 0.0
15.0, 18.4, 180.0, 45.0, 1992-08-25 00:00:00, 0.0
5.0, 16.0, 180.0, 82.0, 1992-08-26 00:00:00, 1.5
7.0, 14.6, 230.0, 56.0, 1992-08-27 00:00:00, 24.6
14.0, 12.3, 0.0, 47.0, 1992-08-28 00:00:00, 2.2
9.0, 15.0, 180.0, 43.0, 1992-08-29 00:00:00, 0.0
6.0, 17.7, 140.0, 42.0, 1992-08-30 00:00:00, 0.0
12.0, 17.3, 230.0, 61.0, 1992-08-31 00:00:00, 0.5
9.0, 16.6, 320.0, 54.0, 1992-09-01 00:00:00, 2.0
6.0, 13.2, 180.0, 49.0, 1992-09-02 00:00:00, 0.0
0.0, 8.9, 230.0, 99.0, 1992-09-03 00:00:00, 4.0
9.0, 7.1, 270.0, 78.0, 1992-09-04 00:00:00, 4.8
10.0, 5.9, 180.0, 87.0, 1992-09-05 00:00:00, 0.2
3.0, 4.0, 320.0, 71.0, 1992-09-06 00:00:00, 0.0
7.0, 2.3, 180.0, 97.0, 1992-09-07 00:00:00, 1.0
7.0, 6.3, 0.0, 83.0, 1992-09-08 00:00:00, 31.4
6.0, 8.1, 230.0, 80.0, 1992-09-09 00:00:00, 2.2
7.0, 15.1, 230.0, 61.0, 1992-09-10 00:00:00, 0.0
10.0, 15.9, 230.0, 48.0, 1992-09-11 00:00:00, 0.0
11.0, 7.8, 320.0, 45.0, 1992-09-12 00:00:00, 0.0
2.0, 2.7, 90.0, 93.0, 1992-09-13 00:00:00, 0.0
10.0, 2.6, 140.0, 72.0, 1992-09-14 00:00:00, 2.5
6.0, 2.6, 230.0, 56.0, 1992-09-15 00:00:00, 0.0
0.0, 2.1, 230.0, 91.0, 1992-09-16 00:00:00, 0.0
2.0, 4.1, 230.0, 85.0, 1992-09-17 00:00:00, 8.6
9.0, 7.2, 140.0, 68.0, 1992-09-18 00:00:00, 0.3
0.0, 8.5, 230.0, 92.0, 1992-09-19 00:00:00, 1.5
7.0, 14.1, 270.0, 63.0, 1992-09-20 00:00:00, 31.5
6.0, 11.5, 270.0, 79.0, 1992-09-21 00:00:00, 0.0
5.0, 20.6, 320.0, 46.0, 1992-09-22 00:00:00, 0.3
16.0, 15.5, 320.0, 59.0, 1992-09-23 00:00:00, 0.0
11.0, 7.1, 0.0, 99.0, 1992-09-24 00:00:00, 14.0
7.0, 4.1, 90.0, 75.0, 1992-09-25 00:00:00, 3.1
6.0, 8.8, 0.0, 88.0, 1992-09-26 00:00:00, 9.1
8.0, 7.6, 320.0, 67.0, 1992-09-27 00:00:00, 1.8
5.0, 9.5, 50.0, 56.0, 1992-09-28 00:00:00, 0.0
10.0, 19.0, 270.0, 30.0, 1992-09-29 00:00:00, 0.0
5.0, 20.3, 320.0, 37.0, 1992-09-30 00:00:00, 0.0
11.0, 23.0, 0.0, 34.0, 1992-10-01 00:00:00, 0.0
10.0, 23.8, 320.0, 32.0, 1992-10-02 00:00:00, 0.0
1.0, 11.8, 0.0, 98.0, 1992-10-03 00:00:00, 2.3
8.0, 7.5, 180.0, 51.0, 1992-10-04 00:00:00, 1.5
5.0, 7.8, 270.0, 46.0, 1992-10-05 00:00:00, 0.0
4.0, 5.3, 320.0, 52.0, 1992-10-06 00:00:00, 0.0
3.0, 6.8, 0.0, 39.0, 1992-10-07 00:00:00, 0.0
8.0, 7.5, 90.0, 37.0, 1992-10-08 00:00:00, 0.0
2.0, 5.6, 0.0, 58.0, 1992-10-09 00:00:00, 0.0
