station_observations
wind_speed, temperature, wind_direction, relative_humidity, time, precipitation
0.0, 0.0, 0.0, 0.0, 1992-05-05 00:00:00, 0.0
18.0, 21.4, 230.0, 36.0, 1992-05-06 00:00:00, 1.0
15.0, 19.5, 270.0, 36.0, 1992-05-07 00:00:00, 0.0
16.0, 10.5, 230.0, 46.0, 1992-05-08 00:00:00, 0.0
17.0, 8.7, 230.0, 48.0, 1992-05-09 00:00:00, 0.0
8.0, 3.6, 270.0, 85.0, 1992-05-10 00:00:00, 9.9
12.0, 4.1, 270.0, 87.0, 1992-05-11 00:00:00, 1.2
4.0, 5.3, 140.0, 78.0, 1992-05-12 00:00:00, 2.2
17.0, 11.6, 230.0, 38.0, 1992-05-13 00:00:00, 0.0
16.0, 15.5, 230.0, 33.0, 1992-05-14 00:00:00, 0.0
18.0, 9.4, 50.0, 42.0, 1992-05-15 00:00:00, 0.5
18.0, 16.3, 270.0, 25.0, 1992-05-16 00:00:00, 0.0
16.0, 18.7, 270.0, 27.0, 1992-05-17 00:00:00, 0.0
17.0, 16.1, 270.0, 35.0, 1992-05-18 00:00:00, 0.0
12.0, 9.5, 270.0, 56.0, 1992-05-19 00:00:00, 0.0
5.0, 7.5, 140.0, 75.0, 1992-05-20 00:00:00, 1.3
9.0, 9.7, 270.0, 37.0, 1992-05-21 00:00:00, 0.0
3.0, 11.8, 270.0, 38.0, 1992-05-22 00:00:00, 0.0
12.0, 12.8, 230.0, 60.0, 1992-05-23 00:00:00, 0.8
4.0, 20.3, 270.0, 37.0, 1992-05-24 00:00:00, 0.0
12.0, 25.5, 270.0, 30.0, 1992-05-25 00:00:00, 0.0
3.0, 11.4, 230.0, 94.0, 1992-05-26 00:00:00, 24.9
9.0, 11.5, 270.0, 73.0, 1992-05-27 00:00:00, 0.8
8.0, 15.1, 230.0, 60.0, 1992-05-28 00:00:00, 3.0
5.0, 10.5, 140.0, 94.0, 1992-05-29 00:00:00, 15.0
4.0, 17.2, 230.0, 44.0, 1992-05-30 00:00:00, 0.0
48.0, 20.7, 270.0, 35.0, 1992-05-31 00:00:00, 0.0
12.0, 18.9, 230.0, 54.0, 1992-06-01 00:00:00, 0.0
49.0, 10.5, 230.0, 46.0, 1992-06-02 00:00:00, 8.9
15.0, 15.1, 230.0, 37.0, 1992-06-03 00:00:00, 0.0
1.0, 13.5, 140.0, 58.0, 1992-06-04 00:00:00, 0.3
12.0, 15.9, 230.0, 47.0, 1992-06-05 00:00:00, 0.0
4.0, 18.5, 270.0, 41.0, 1992-06-06 00:00:00, 0.0
11.0, 17.7, 230.0, 45.0, 1992-06-07 00:00:00, 0.0
11.0, 19.9, 230.0, 43.0, 1992-06-08 00:00:00, 0.0
4.0, 12.7, 230.0, 64.0, 1992-06-09 00:00:00, 0.0
9.0, 17.6, 270.0, 43.0, 1992-06-10 00:00:00, 0.5
15.0, 22.6, 50.0, 35.0, 1992-06-11 00:00:00, 0.0
10.0, 25.0, 50.0, 36.0, 1992-06-12 00:00:00, 0.0
17.0, 22.8, 50.0, 41.0, 1992-06-13 00:00:00, 0.0
6.0, 18.6, 50.0, 51.0, 1992-06-14 00:00:00, 0.3
11.0, 19.3, 230.0, 56.0, 1992-06-15 00:00:00, 0.0
12.0, 17.2, 230.0, 75.0, 1992-06-16 00:00:00, 0.0
11.0, 19.5, 230.0, 36.0, 1992-06-17 00:00:00, 1.0
4.0, 22.9, 140.0, 26.0, 1992-06-18 00:00:00, 0.0
21.0, 24.3, 270.0, 34.0, 1992-06-19 00:00:00, 0.0
14.0, 21.9, 230.0, 46.0, 1992-06-20 00:00:00, 1.0
10.0, 25.3, 230.0, 36.0, 1992-06-21 00:00:00, 0.0
3.0, 26.4, 90.0, 34.0, 1992-06-22 00:00:00, 0.0
5.0, 27.0, 230.0, 33.0, 1992-06-23 00:00:00, 0.0
3.0, 27.0, 270.0, 24.0, 1992-06-24 00:00:00, 0.0
14.0, 30.0, 230.0, 21.0, 1992-06-25 00:00:00, 0.0
11.0, 29.6, 230.0, 32.0, 1992-06-26 00:00:00, 0.0
2.0, 23.9, 270.0, 47.0, 1992-06-27 00:00:00, 0.0
11.0, 26.9, 50.0, 39.0, 1992-06-28 00:00:00, 2.0
8.0, 17.6, 90.0, 73.0, 1992-06-29 00:00:00, 16.2
9.0, 13.5, 270.0, 92.0, 1992-06-30 00:00:00, 18.0
12.0, 14.7, 230.0, 79.0, 1992-07-01 00:00:00, 1.2
5.0, 15.8, 320.0, 71.0, 1992-07-02 00:00:00, 16.7
3.0, 15.7, 230.0, 68.0, 1992-07-03 00:00:00, 0.7
7.0, 18.3, 50.0, 54.0, 1992-07-04 00:00:00, 3.5
12.0, 15.8, 230.0, 73.0, 1992-07-05 00:00:00, 0.5
9.0, 13.7, 270.0, 97.0, 1992-07-06 00:00:00, 7.3
6.0, 17.6, 90.0, 57.0, 1992-07-07 00:00:00, 2.0
20.0, 16.3, 270.0, 60.0, 1992-07-08 00:00:00, 7.1
4.0, 14.3, 270.0, 90.0, 1992-07-09 00:00:00, 1.0
6.0, 17.6, 90.0, 57.0, 1992-07-10 00:00:00, 2.0
7.0, 14.8, 50.0, 88.0, 1992-07-11 00:00:00, 2.0
19.0, 16.7, 230.0, 73.0, 1992-07-12 00:00:00, 0.2
10.0, 16.9, 270.0, 66.0, 1992-07-13 00:00:00, 24.4
9.0, 11.3, 230.0, 72.0, 1992-07-14 00:00:00, 3.3
5.0, 13.2, 230.0, 59.0, 1992-07-15 00:00:00, 0.0
8.0, 23.4, 270.0, 40.0, 1992-07-16 00:00:00, 0.0
13.0, 23.9, 230.0, 50.0, 1992-07-17 00:00:00, 1.0
3.0, 23.0, 230.0, 34.0, 1992-07-18 00:00:00, 0.0
6.0, 24.1, 90.0, 34.0, 1992-07-19 00:00:00, 0.0
9.0, 24.6, 270.0, 37.0, 1992-07-20 00:00:00, 0.0
7.0, 23.0, 270.0, 54.0, 1992-07-21 00:00:00, 0.0
5.0, 16.7, 230.0, 85.0, 1992-07-22 00:00:00, 11.1
12.0, 21.5, 50.0, 50.0, 1992-07-23 00:00:00, 18.5
15.0, 20.0, 230.0, 65.0, 1992-07-24 00:00:00, 0.0
10.0, 22.6, 270.0, 51.0, 1992-07-25 00:00:00, 17.2
7.0, 19.0, 230.0, 44.0, 1992-07-26 00:00:00, 0.0
7.0, 17.1, 230.0, 62.0, 1992-07-27 00:00:00, 0.7
6.0, 12.2, 140.0, 97.0, 1992-07-28 00:00:00, 3.0
11.0, 20.3, 230.0, 63.0, 1992-07-29 00:00:00, 2.2
8.0, 25.7, 230.0, 39.0, 1992-07-30 00:00:00, 0.0
9.0, 28.2, 230.0, 37.0, 1992-07-31 00:00:00, 0.0
11.0, 28.0, 270.0, 32.0, 1992-08-01 00:00:00, 0.0
11.0, 25.5, 230.0, 37.0, 1992-08-02 00:00:00, 0.0
7.0, 23.7, 230.0, 48.0, 1992-08-03 00:00:00, 0.7
9.0, 25.0, 230.0, 46.0, 1992-08-04 00:00:00, 0.0
6.0, 20.2, 230.0, 63.0, 1992-08-05 00:00:00, 0.2
5.0, 12.5, 270.0, 95.0, 1992-08-06 00:00:00, 2.2
7.0, 14.2, 230.0, 65.0, 1992-08-07 00:00:00, 10.7
8.0, 11.8, 230.0, 70.0, 1992-08-08 00:00:00, 6.6
6.0, 14.3, 230.0, 58.0, 1992-08-09 00:00:00, 0.2
10.0, 20.1, 230.0, 43.0, 1992-08-10 00:00:00, 0.0
2.0, 25.0, 90.0, 34.0, 1992-08-11 00:00:00, 0.0
2.0, 27.5, 230.0, 33.0, 1992-08-12 00:00:00, 0.0
9.0, 24.7, 230.0, 42.0, 1992-08-13 00:00:00, 0.0
15.0, 26.1, 230.0, 44.0, 1992-08-14 00:00:00, 2.8
15.0, 24.9, 230.0, 44.0, 1992-08-15 00:00:00, 0.0
13.0, 24.2, 230.0, 34.0, 1992-08-16 00:00:00, 0.0
11.0, 27.4, 230.0, 29.0, 1992-08-17 00:00:00, 0.0
16.0, 27.6, 230.0, 27.0, 1992-08-18 00:00:00, 0.0
17.0, 19.8, 230.0, 35.0, 1992-08-19 00:00:00, 0.0
10.0, 19.8, 270.0, 30.0, 1992-08-20 00:00:00, 0.0
3.0, 13.5, 50.0, 82.0, 1992-08-21 00:00:00, 1.0
7.0, 14.0, 0.0, 35.0, 1992-08-22 00:00:00, 0.0
7.0, 16.0, 0.0, 30.0, 1992-08-23 00:00:00, 0.0
7.0, 18.0, 0.0, 30.0, 1992-08-24 00:00:00, 0.0
11.0, 18.0, 270.0, 38.0, 1992-08-25 00:00:00, 0.0
4.0, 14.5, 230.0, 88.0, 1992-08-26 00:00:00, 1.8
6.0, 15.7, 230.0, 50.0, 1992-08-27 00:00:00, 15.8
8.0, 9.7, 50.0, 76.0, 1992-08-28 00:00:00, 3.3
11.0, 16.6, 230.0, 40.0, 1992-08-29 00:00:00, 0.0
5.0, 18.7, 50.0, 39.0, 1992-08-30 00:00:00, 0.0
11.0, 19.2, 230.0, 54.0, 1992-08-31 00:00:00, 0.0
16.0, 16.9, 230.0, 63.0, 1992-09-01 00:00:00, 0.5
2.0, 14.7, 270.0, 46.0, 1992-09-02 00:00:00, 0.0
5.0, 8.9, 90.0, 85.0, 1992-09-03 00:00:00, 10.0
5.0, 9.0, 90.0, 84.0, 1992-09-04 00:00:00, 14.2
7.0, 5.6, 270.0, 86.0, 1992-09-05 00:00:00, 7.4
13.0, 5.2, 230.0, 82.0, 1992-09-06 00:00:00, 1.5
3.0, 5.3, 270.0, 89.0, 1992-09-07 00:00:00, 0.5
15.0, 7.8, 230.0, 73.0, 1992-09-08 00:00:00, 27.9
8.0, 11.7, 230.0, 64.0, 1992-09-09 00:00:00, 0.5
15.0, 16.3, 230.0, 57.0, 1992-09-10 00:00:00, 0.2
7.0, 15.1, 230.0, 67.0, 1992-09-11 00:00:00, 0.7
14.0, 8.2, 270.0, 51.0, 1992-09-12 00:00:00, 1.2
7.0, 5.9, 270.0, 53.0, 1992-09-13 00:00:00, 0.2
10.0, 4.9, 270.0, 57.0, 1992-09-14 00:00:00, 1.0
9.0, 4.0, 270.0, 47.0, 1992-09-15 00:00:00, 0.2
3.0, 2.3, 180.0, 94.0, 1992-09-16 00:00:00, 2.2
3.0, 7.0, 140.0, 64.0, 1992-09-17 00:00:00, 4.3
0.0, 8.7, 0.0, 65.0, 1992-09-18 00:00:00, 0.0
4.0, 9.1, 270.0, 85.0, 1992-09-19 00:00:00, 0.2
9.0, 13.7, 230.0, 90.0, 1992-09-20 00:00:00, 9.1
4.0, 12.8, 270.0, 76.0, 1992-09-21 00:00:00, 0.0
3.0, 12.8, 270.0, 76.0, 1992-09-22 00:00:00, 0.0
25.0, 16.2, 230.0, 52.0, 1992-09-23 00:00:00, 0.0
9.0, 8.9, 230.0, 94.0, 1992-09-24 00:00:00, 8.4
8.0, 6.8, 180.0, 76.0, 1992-09-25 00:00:00, 3.6
5.0, 6.0, 180.0, 93.0, 1992-09-26 00:00:00, 8.2
3.0, 7.7, 180.0, 69.0, 1992-09-27 00:00:00, 2.0
10.0, 11.7, 230.0, 53.0, 1992-09-28 00:00:00, 0.0
5.0, 16.4, 140.0, 50.0, 1992-09-29 00:00:00, 0.0
3.0, 20.1, 90.0, 42.0, 1992-09-30 00:00:00, 0.0
12.0, 20.7, 230.0, 46.0, 1992-10-01 00:00:00, 0.0
2.0, 20.7, 230.0, 47.0, 1992-10-02 00:00:00, 0.0
7.0, 13.3, 230.0, 91.0, 1992-10-03 00:00:00, 0.7
12.0, 9.2, 230.0, 57.0, 1992-10-04 00:00:00, 3.8
0.0, 9.0, 0.0, 50.0, 1992-10-05 00:00:00, 0.0
0.0, 8.0, 0.0, 45.0, 1992-10-06 00:00:00, 0.7
0.0, 6.5, 0.0, 55.0, 1992-10-07 00:00:00, 0.0
0.0, 7.0, 0.0, 55.0, 1992-10-08 00:00:00, 0.0
0.0, 6.0, 0.0, 55.0, 1992-10-09 00:00:00, 0.0
0.0, 6.0, 0.0, 55.0, 1992-10-10 00:00:00, 0.0
