station_observations
wind_speed, temperature, wind_direction, relative_humidity, time, precipitation
9.0, 6.6, 0.0, 65.0, 1992-05-14 00:00:00, 0.0
11.0, 6.4, 320.0, 47.0, 1992-05-15 00:00:00, 3.3
15.0, 11.9, 230.0, 35.0, 1992-05-16 00:00:00, 0.0
17.0, 14.4, 230.0, 36.0, 1992-05-17 00:00:00, 0.0
13.0, 10.9, 230.0, 41.0, 1992-05-18 00:00:00, 0.0
11.0, 6.1, 180.0, 66.0, 1992-05-19 00:00:00, 0.0
13.0, 7.3, 270.0, 60.0, 1992-05-20 00:00:00, 1.0
11.0, 5.8, 0.0, 44.0, 1992-05-21 00:00:00, 0.0
5.0, 8.4, 230.0, 47.0, 1992-05-22 00:00:00, 0.0
2.0, 8.7, 270.0, 81.0, 1992-05-23 00:00:00, 1.8
7.0, 15.2, 140.0, 45.0, 1992-05-24 00:00:00, 0.0
13.0, 20.8, 230.0, 38.0, 1992-05-25 00:00:00, 0.0
12.0, 7.6, 270.0, 99.0, 1992-05-26 00:00:00, 36.3
2.0, 8.0, 0.0, 85.0, 1992-05-27 00:00:00, 2.0
5.0, 8.9, 230.0, 82.0, 1992-05-28 00:00:00, 2.8
9.0, 8.9, 0.0, 80.0, 1992-05-29 00:00:00, 8.1
1.0, 11.5, 230.0, 66.0, 1992-05-30 00:00:00, 0.8
12.0, 16.1, 230.0, 48.0, 1992-05-31 00:00:00, 0.0
11.0, 14.1, 270.0, 64.0, 1992-06-01 00:00:00, 0.0
9.0, 5.8, 320.0, 59.0, 1992-06-02 00:00:00, 0.8
5.0, 11.2, 230.0, 50.0, 1992-06-03 00:00:00, 0.3
4.0, 11.1, 50.0, 56.0, 1992-06-04 00:00:00, 0.0
8.0, 14.4, 230.0, 41.0, 1992-06-05 00:00:00, 0.8
12.0, 15.5, 180.0, 50.0, 1992-06-06 00:00:00, 0.0
12.0, 14.7, 230.0, 53.0, 1992-06-07 00:00:00, 0.0
13.0, 16.3, 180.0, 48.0, 1992-06-08 00:00:00, 0.0
13.0, 13.1, 140.0, 51.0, 1992-06-09 00:00:00, 0.0
13.0, 12.9, 320.0, 57.0, 1992-06-10 00:00:00, 0.3
8.0, 19.8, 320.0, 38.0, 1992-06-11 00:00:00, 0.5
9.0, 21.0, 320.0, 47.0, 1992-06-12 00:00:00, 0.2
5.0, 19.0, 320.0, 49.0, 1992-06-13 00:00:00, 0.0
10.0, 13.2, 320.0, 76.0, 1992-06-14 00:00:00, 0.5
3.0, 15.6, 320.0, 68.0, 1992-06-15 00:00:00, 0.0
0.0, 11.8, 320.0, 96.0, 1992-06-16 00:00:00, 2.2
14.0, 15.6, 320.0, 51.0, 1992-06-17 00:00:00, 0.0
12.0, 17.9, 320.0, 35.0, 1992-06-18 00:00:00, 0.0
14.0, 19.7, 320.0, 39.0, 1992-06-19 00:00:00, 0.0
12.0, 18.3, 320.0, 56.0, 1992-06-20 00:00:00, 0.2
2.0, 19.5, 320.0, 49.0, 1992-06-21 00:00:00, 0.0
3.0, 21.0, 320.0, 51.0, 1992-06-22 00:00:00, 0.0
12.0, 22.2, 320.0, 40.0, 1992-06-23 00:00:00, 0.0
9.0, 22.1, 320.0, 36.0, 1992-06-24 00:00:00, 0.0
7.0, 25.5, 320.0, 28.0, 1992-06-25 00:00:00, 0.0
11.0, 25.1, 320.0, 36.0, 1992-06-26 00:00:00, 0.0
5.0, 22.4, 320.0, 42.0, 1992-06-27 00:00:00, 3.1
9.0, 23.2, 320.0, 47.0, 1992-06-28 00:00:00, 0.0
5.0, 13.7, 320.0, 84.0, 1992-06-29 00:00:00, 2.5
0.0, 9.9, 320.0, 99.0, 1992-06-30 00:00:00, 20.3
6.0, 10.8, 320.0, 95.0, 1992-07-01 00:00:00, 5.3
3.0, 11.8, 320.0, 75.0, 1992-07-02 00:00:00, 1.0
13.0, 14.1, 320.0, 69.0, 1992-07-03 00:00:00, 0.8
6.0, 16.7, 320.0, 52.0, 1992-07-04 00:00:00, 12.4
9.0, 11.9, 320.0, 88.0, 1992-07-05 00:00:00, 1.5
3.0, 11.7, 320.0, 90.0, 1992-07-06 00:00:00, 4.0
9.0, 12.3, 320.0, 86.0, 1992-07-07 00:00:00, 10.2
10.0, 10.7, 320.0, 85.0, 1992-07-08 00:00:00, 4.3
7.0, 11.5, 320.0, 80.0, 1992-07-09 00:00:00, 0.0
9.0, 14.0, 320.0, 61.0, 1992-07-10 00:00:00, 1.2
7.0, 16.0, 320.0, 65.0, 1992-07-11 00:00:00, 6.1
13.0, 12.1, 320.0, 86.0, 1992-07-12 00:00:00, 0.5
8.0, 10.8, 320.0, 91.0, 1992-07-13 00:00:00, 12.4
13.0, 9.3, 320.0, 75.0, 1992-07-14 00:00:00, 8.4
5.0, 13.2, 320.0, 59.0, 1992-07-15 00:00:00, 0.0
6.0, 18.6, 320.0, 50.0, 1992-07-16 00:00:00, 0.0
4.0, 19.3, 320.0, 63.0, 1992-07-17 00:00:00, 4.8
8.0, 19.9, 320.0, 45.0, 1992-07-18 00:00:00, 0.0
8.0, 20.0, 320.0, 49.0, 1992-07-19 00:00:00, 0.0
6.0, 20.8, 320.0, 47.0, 1992-07-20 00:00:00, 0.0
10.0, 19.7, 320.0, 65.0, 1992-07-21 00:00:00, 0.0
7.0, 14.1, 320.0, 91.0, 1992-07-22 00:00:00, 8.1
12.0, 21.5, 50.0, 50.0, 1992-07-23 00:00:00, 18.5
7.0, 15.2, 320.0, 87.0, 1992-07-24 00:00:00, 11.6
11.0, 18.5, 320.0, 64.0, 1992-07-25 00:00:00, 0.0
12.0, 16.0, 320.0, 58.0, 1992-07-26 00:00:00, 0.0
5.0, 14.4, 320.0, 66.0, 1992-07-27 00:00:00, 1.2
2.0, 10.3, 320.0, 93.0, 1992-07-28 00:00:00, 1.0
10.0, 18.0, 320.0, 65.0, 1992-07-29 00:00:00, 1.0
7.0, 21.9, 320.0, 48.0, 1992-07-30 00:00:00, 0.0
6.0, 23.8, 320.0, 44.0, 1992-07-31 00:00:00, 0.0
7.0, 23.6, 320.0, 42.0, 1992-08-01 00:00:00, 0.0
4.0, 20.7, 320.0, 47.0, 1992-08-02 00:00:00, 0.0
11.0, 20.1, 320.0, 60.0, 1992-08-03 00:00:00, 0.0
2.0, 20.3, 320.0, 55.0, 1992-08-04 00:00:00, 0.0
9.0, 16.2, 320.0, 78.0, 1992-08-05 00:00:00, 0.5
9.0, 9.1, 320.0, 98.0, 1992-08-06 00:00:00, 6.6
22.0, 7.0, 320.0, 88.0, 1992-08-07 00:00:00, 6.6
7.0, 7.8, 320.0, 93.0, 1992-08-08 00:00:00, 5.0
6.0, 10.8, 320.0, 77.0, 1992-08-09 00:00:00, 0.2
7.0, 15.5, 320.0, 52.0, 1992-08-10 00:00:00, 0.0
6.0, 20.4, 320.0, 44.0, 1992-08-11 00:00:00, 0.0
4.0, 22.9, 320.0, 40.0, 1992-08-12 00:00:00, 0.0
4.0, 21.7, 320.0, 49.0, 1992-08-13 00:00:00, 0.0
10.0, 21.0, 0.0, 50.0, 1992-08-14 00:00:00, 0.0
10.0, 20.9, 320.0, 52.0, 1992-08-15 00:00:00, 0.0
3.0, 22.2, 320.0, 31.0, 1992-08-16 00:00:00, 0.0
7.0, 23.2, 320.0, 34.0, 1992-08-17 00:00:00, 0.5
7.0, 23.5, 320.0, 35.0, 1992-08-18 00:00:00, 0.0
14.0, 16.8, 320.0, 47.0, 1992-08-19 00:00:00, 0.0
9.0, 15.7, 320.0, 40.0, 1992-08-20 00:00:00, 0.0
9.0, 15.0, 320.0, 47.0, 1992-08-21 00:00:00, 0.0
10.0, 10.0, 0.0, 50.0, 1992-08-22 00:00:00, 0.0
9.0, 9.7, 320.0, 41.0, 1992-08-23 00:00:00, 0.0
10.0, 12.0, 0.0, 42.0, 1992-08-24 00:00:00, 0.0
6.0, 15.3, 320.0, 48.0, 1992-08-25 00:00:00, 0.0
7.0, 12.0, 320.0, 94.0, 1992-08-26 00:00:00, 1.0
4.0, 12.4, 320.0, 52.0, 1992-08-27 00:00:00, 4.0
3.0, 7.9, 320.0, 62.0, 1992-08-28 00:00:00, 2.5
4.0, 12.7, 320.0, 45.0, 1992-08-29 00:00:00, 0.0
7.0, 15.5, 320.0, 46.0, 1992-08-30 00:00:00, 0.0
10.0, 16.2, 320.0, 65.0, 1992-08-31 00:00:00, 0.0
2.0, 10.2, 320.0, 95.0, 1992-09-01 00:00:00, 1.0
5.0, 11.0, 320.0, 56.0, 1992-09-02 00:00:00, 0.0
0.0, 9.0, 0.0, 93.0, 1992-09-03 00:00:00, 6.1
11.0, 6.6, 320.0, 90.0, 1992-09-04 00:00:00, 8.1
6.0, 3.3, 320.0, 81.0, 1992-09-05 00:00:00, 1.5
7.0, 0.6, 320.0, 97.0, 1992-09-06 00:00:00, 2.0
12.0, 2.1, 320.0, 94.0, 1992-09-07 00:00:00, 0.0
13.0, 2.2, 320.0, 94.0, 1992-09-08 00:00:00, 0.5
4.0, 7.1, 320.0, 81.0, 1992-09-09 00:00:00, 9.1
7.0, 12.1, 320.0, 68.0, 1992-09-10 00:00:00, 0.0
8.0, 11.3, 320.0, 80.0, 1992-09-11 00:00:00, 0.3
9.0, 4.0, 320.0, 67.0, 1992-09-12 00:00:00, 1.0
12.0, 2.6, 320.0, 63.0, 1992-09-13 00:00:00, 0.0
4.0, 1.0, 320.0, 78.0, 1992-09-14 00:00:00, 0.2
7.0, 2.3, 320.0, 57.0, 1992-09-15 00:00:00, 0.0
7.0, 0.0, 320.0, 99.0, 1992-09-16 00:00:00, 0.2
0.0, 1.8, 320.0, 91.0, 1992-09-17 00:00:00, 3.5
8.0, 5.0, 320.0, 70.0, 1992-09-18 00:00:00, 0.0
7.0, 6.4, 320.0, 96.0, 1992-09-19 00:00:00, 0.3
11.0, 11.6, 320.0, 87.0, 1992-09-20 00:00:00, 9.9
5.0, 9.6, 320.0, 88.0, 1992-09-21 00:00:00, 0.0
8.0, 15.7, 320.0, 61.0, 1992-09-22 00:00:00, 0.0
10.0, 12.9, 320.0, 68.0, 1992-09-23 00:00:00, 0.0
14.0, 4.9, 320.0, 99.0, 1992-09-24 00:00:00, 6.3
2.0, 3.1, 320.0, 99.0, 1992-09-25 00:00:00, 4.3
8.0, 5.3, 320.0, 75.0, 1992-09-26 00:00:00, 3.0
8.0, 7.5, 320.0, 60.0, 1992-09-27 00:00:00, 0.0
8.0, 7.5, 320.0, 60.0, 1992-09-28 00:00:00, 0.0
14.0, 16.7, 320.0, 36.0, 1992-09-29 00:00:00, 0.0
7.0, 19.7, 320.0, 35.0, 1992-09-30 00:00:00, 0.0
5.0, 19.5, 320.0, 44.0, 1992-10-01 00:00:00, 0.0
10.0, 20.8, 320.0, 41.0, 1992-10-02 00:00:00, 0.0
0.0, 10.1, 320.0, 97.0, 1992-10-03 00:00:00, 2.8
5.0, 5.7, 180.0, 58.0, 1992-10-04 00:00:00, 1.1
5.0, 5.3, 320.0, 66.0, 1992-10-05 00:00:00, 0.0
5.0, 3.3, 320.0, 50.0, 1992-10-06 00:00:00, 0.0
7.0, 5.2, 320.0, 33.0, 1992-10-07 00:00:00, 0.0
13.0, 5.1, 320.0, 56.0, 1992-10-08 00:00:00, 0.2
6.0, 2.8, 320.0, 66.0, 1992-10-09 00:00:00, 0.0
15.0, 7.9, 320.0, 76.0, 1992-10-10 00:00:00, 0.0
6.0, 4.7, 320.0, 61.0, 1992-10-11 00:00:00, 0.0
7.0, 1.4, 320.0, 99.0, 1992-10-12 00:00:00, 3.3
6.0, -2.5, 320.0, 91.0, 1992-10-13 00:00:00, 2.3
4.0, -3.8, 320.0, 97.0, 1992-10-14 00:00:00, 0.2
1.0, -5.1, 320.0, 94.0, 1992-10-15 00:00:00, 0.2
6.0, -2.5, 320.0, 73.0, 1992-10-16 00:00:00, 0.0
