station_observations
wind_speed, temperature, wind_direction, relative_humidity, time, precipitation
0.0, 0.0, 0.0, 0.0, 1992-05-22 00:00:00, 0.0
5.0, 9.3, 180.0, 73.0, 1992-05-23 00:00:00, 2.3
4.0, 17.0, 90.0, 42.0, 1992-05-24 00:00:00, 0.0
10.0, 22.9, 140.0, 33.0, 1992-05-25 00:00:00, 0.0
6.0, 9.1, 0.0, 82.0, 1992-05-26 00:00:00, 7.4
7.0, 12.1, 320.0, 53.0, 1992-05-27 00:00:00, 1.5
7.0, 11.6, 0.0, 62.0, 1992-05-28 00:00:00, 1.0
10.0, 10.1, 320.0, 72.0, 1992-05-29 00:00:00, 22.6
6.0, 14.2, 270.0, 50.0, 1992-05-30 00:00:00, 0.3
10.0, 17.4, 140.0, 43.0, 1992-05-31 00:00:00, 0.0
14.0, 18.6, 180.0, 48.0, 1992-06-01 00:00:00, 0.0
9.0, 6.9, 270.0, 67.0, 1992-06-02 00:00:00, 4.3
7.0, 12.4, 180.0, 49.0, 1992-06-03 00:00:00, 0.8
12.0, 12.8, 320.0, 53.0, 1992-06-04 00:00:00, 0.0
10.0, 15.8, 270.0, 36.0, 1992-06-05 00:00:00, 0.0
8.0, 17.3, 140.0, 39.0, 1992-06-06 00:00:00, 0.0
10.0, 16.7, 180.0, 45.0, 1992-06-07 00:00:00, 0.0
10.0, 17.0, 180.0, 47.0, 1992-06-08 00:00:00, 0.0
12.0, 15.1, 180.0, 48.0, 1992-06-09 00:00:00, 0.0
12.0, 13.6, 180.0, 54.0, 1992-06-10 00:00:00, 3.1
6.0, 21.3, 180.0, 28.0, 1992-06-11 00:00:00, 0.0
7.0, 20.9, 50.0, 47.0, 1992-06-12 00:00:00, 0.0
3.0, 20.2, 180.0, 60.0, 1992-06-13 00:00:00, 0.0
8.0, 16.7, 180.0, 56.0, 1992-06-14 00:00:00, 0.8
6.0, 18.1, 180.0, 63.0, 1992-06-15 00:00:00, 0.0
11.0, 14.8, 320.0, 66.0, 1992-06-16 00:00:00, 0.5
11.0, 16.0, 270.0, 38.0, 1992-06-17 00:00:00, 0.0
8.0, 20.0, 180.0, 35.0, 1992-06-18 00:00:00, 0.0
6.0, 19.0, 140.0, 45.0, 1992-06-19 00:00:00, 0.0
12.0, 19.6, 270.0, 46.0, 1992-06-20 00:00:00, 0.3
3.0, 20.3, 320.0, 50.0, 1992-06-21 00:00:00, 0.0
9.0, 21.0, 140.0, 50.0, 1992-06-22 00:00:00, 0.0
12.0, 21.0, 180.0, 45.0, 1992-06-23 00:00:00, 0.0
7.0, 23.0, 270.0, 35.0, 1992-06-24 00:00:00, 0.0
5.0, 25.0, 270.0, 35.0, 1992-06-25 00:00:00, 0.0
7.0, 25.0, 180.0, 40.0, 1992-06-26 00:00:00, 0.0
4.0, 22.0, 270.0, 50.0, 1992-06-27 00:00:00, 0.0
5.0, 20.0, 270.0, 50.0, 1992-06-28 00:00:00, 0.0
5.0, 20.0, 270.0, 50.0, 1992-06-29 00:00:00, 0.0
5.0, 20.0, 270.0, 50.0, 1992-06-30 00:00:00, 0.0
2.0, 14.3, 50.0, 79.0, 1992-07-01 00:00:00, 8.3
14.0, 16.4, 180.0, 55.0, 1992-07-02 00:00:00, 2.5
11.0, 14.5, 180.0, 74.0, 1992-07-03 00:00:00, 11.4
9.0, 17.2, 180.0, 59.0, 1992-07-04 00:00:00, 9.1
11.0, 14.5, 140.0, 75.0, 1992-07-05 00:00:00, 0.0
7.0, 15.5, 270.0, 72.0, 1992-07-06 00:00:00, 3.5
6.0, 14.1, 180.0, 73.0, 1992-07-07 00:00:00, 0.2
14.0, 14.1, 270.0, 67.0, 1992-07-08 00:00:00, 0.2
1.0, 14.3, 270.0, 72.0, 1992-07-09 00:00:00, 0.0
1.0, 15.0, 90.0, 59.0, 1992-07-10 00:00:00, 0.0
6.0, 16.1, 320.0, 70.0, 1992-07-11 00:00:00, 2.5
4.0, 13.8, 140.0, 86.0, 1992-07-12 00:00:00, 1.0
16.0, 13.8, 180.0, 69.0, 1992-07-13 00:00:00, 3.5
6.0, 10.3, 320.0, 72.0, 1992-07-14 00:00:00, 7.8
8.0, 16.0, 180.0, 54.0, 1992-07-15 00:00:00, 0.0
8.0, 20.7, 140.0, 45.0, 1992-07-16 00:00:00, 0.0
5.0, 19.9, 320.0, 59.0, 1992-07-17 00:00:00, 2.0
9.0, 20.7, 320.0, 35.0, 1992-07-18 00:00:00, 0.0
10.0, 21.9, 180.0, 45.0, 1992-07-19 00:00:00, 0.0
8.0, 23.3, 90.0, 36.0, 1992-07-20 00:00:00, 0.0
15.0, 23.0, 180.0, 53.0, 1992-07-21 00:00:00, 0.0
7.0, 13.0, 320.0, 94.0, 1992-07-22 00:00:00, 37.0
17.0, 19.9, 320.0, 36.0, 1992-07-23 00:00:00, 0.0
5.0, 18.2, 50.0, 76.0, 1992-07-24 00:00:00, 0.2
14.0, 21.5, 180.0, 52.0, 1992-07-25 00:00:00, 0.0
11.0, 16.2, 320.0, 50.0, 1992-07-26 00:00:00, 0.0
4.0, 15.0, 320.0, 59.0, 1992-07-27 00:00:00, 0.0
2.0, 14.4, 90.0, 90.0, 1992-07-28 00:00:00, 1.5
15.0, 20.0, 320.0, 51.0, 1992-07-29 00:00:00, 3.0
11.0, 23.6, 140.0, 46.0, 1992-07-30 00:00:00, 0.0
11.0, 23.6, 140.0, 46.0, 1992-07-31 00:00:00, 0.0
11.0, 25.4, 180.0, 40.0, 1992-08-01 00:00:00, 0.0
7.0, 23.6, 180.0, 50.0, 1992-08-02 00:00:00, 0.0
3.0, 22.5, 0.0, 43.0, 1992-08-03 00:00:00, 0.0
4.0, 23.2, 180.0, 47.0, 1992-08-04 00:00:00, 0.0
10.0, 19.1, 180.0, 70.0, 1992-08-05 00:00:00, 38.0
11.0, 10.0, 180.0, 99.0, 1992-08-06 00:00:00, 4.5
6.0, 9.4, 230.0, 82.0, 1992-08-07 00:00:00, 10.9
11.0, 10.1, 180.0, 76.0, 1992-08-08 00:00:00, 3.3
7.0, 11.8, 230.0, 64.0, 1992-08-09 00:00:00, 1.0
8.0, 17.8, 180.0, 44.0, 1992-08-10 00:00:00, 0.0
8.0, 23.0, 180.0, 43.0, 1992-08-11 00:00:00, 0.0
10.0, 27.6, 180.0, 29.0, 1992-08-12 00:00:00, 0.0
4.0, 24.3, 140.0, 46.0, 1992-08-13 00:00:00, 0.0
12.0, 22.7, 230.0, 49.0, 1992-08-14 00:00:00, 7.8
5.0, 20.9, 320.0, 35.0, 1992-08-15 00:00:00, 0.0
3.0, 21.3, 180.0, 40.0, 1992-08-16 00:00:00, 0.0
3.0, 24.7, 90.0, 35.0, 1992-08-17 00:00:00, 0.0
13.0, 23.2, 230.0, 41.0, 1992-08-18 00:00:00, 0.0
20.0, 14.9, 270.0, 41.0, 1992-08-19 00:00:00, 1.0
13.0, 16.2, 230.0, 44.0, 1992-08-20 00:00:00, 0.0
16.0, 15.5, 320.0, 41.0, 1992-08-21 00:00:00, 0.0
17.0, 9.1, 270.0, 51.0, 1992-08-22 00:00:00, 0.0
13.0, 11.4, 230.0, 37.0, 1992-08-23 00:00:00, 0.0
14.0, 15.2, 230.0, 37.0, 1992-08-24 00:00:00, 0.0
3.0, 18.0, 230.0, 48.0, 1992-08-25 00:00:00, 0.0
5.0, 15.4, 230.0, 86.0, 1992-08-26 00:00:00, 0.7
16.0, 14.4, 270.0, 40.0, 1992-08-27 00:00:00, 7.6
18.0, 12.2, 0.0, 48.0, 1992-08-28 00:00:00, 1.0
11.0, 13.6, 140.0, 44.0, 1992-08-29 00:00:00, 0.0
13.0, 16.9, 90.0, 45.0, 1992-08-30 00:00:00, 0.0
14.0, 17.5, 230.0, 62.0, 1992-08-31 00:00:00, 1.2
19.0, 15.5, 270.0, 62.0, 1992-09-01 00:00:00, 1.5
6.0, 12.8, 140.0, 49.0, 1992-09-02 00:00:00, 0.0
0.0, 8.7, 0.0, 98.0, 1992-09-03 00:00:00, 4.0
11.0, 4.0, 270.0, 98.0, 1992-09-04 00:00:00, 9.6
15.0, 5.2, 230.0, 91.0, 1992-09-05 00:00:00, 2.2
13.0, 2.9, 320.0, 79.0, 1992-09-06 00:00:00, 1.5
12.0, 2.0, 140.0, 99.0, 1992-09-07 00:00:00, 2.0
13.0, 6.5, 270.0, 78.0, 1992-09-08 00:00:00, 13.4
1.0, 8.7, 50.0, 79.0, 1992-09-09 00:00:00, 0.2
2.0, 14.4, 90.0, 61.0, 1992-09-10 00:00:00, 0.0
11.0, 14.4, 180.0, 49.0, 1992-09-11 00:00:00, 0.0
11.0, 14.4, 180.0, 49.0, 1992-09-12 00:00:00, 0.0
11.0, 14.4, 180.0, 49.0, 1992-09-13 00:00:00, 0.0
11.0, 10.0, 180.0, 49.0, 1992-09-14 00:00:00, 0.0
0.0, 1.0, 230.0, 71.0, 1992-09-15 00:00:00, 0.7
5.0, 1.6, 140.0, 89.0, 1992-09-16 00:00:00, 0.2
7.0, 4.8, 180.0, 80.0, 1992-09-17 00:00:00, 5.5
9.0, 7.9, 140.0, 65.0, 1992-09-18 00:00:00, 0.0
0.0, 9.1, 0.0, 84.0, 1992-09-19 00:00:00, 1.2
11.0, 15.6, 270.0, 60.0, 1992-09-20 00:00:00, 12.6
9.0, 11.6, 90.0, 60.0, 1992-09-21 00:00:00, 0.0
6.0, 17.6, 140.0, 56.0, 1992-09-22 00:00:00, 0.0
21.0, 14.4, 180.0, 61.0, 1992-09-23 00:00:00, 0.0
14.0, 6.6, 230.0, 99.0, 1992-09-24 00:00:00, 13.9
11.0, 2.8, 180.0, 89.0, 1992-09-25 00:00:00, 5.0
2.0, 7.8, 230.0, 83.0, 1992-09-26 00:00:00, 6.6
12.0, 8.0, 140.0, 64.0, 1992-09-27 00:00:00, 1.5
13.0, 9.4, 140.0, 56.0, 1992-09-28 00:00:00, 0.0
20.0, 18.4, 140.0, 33.0, 1992-09-29 00:00:00, 0.0
0.0, 18.3, 0.0, 42.0, 1992-09-30 00:00:00, 0.0
11.0, 21.7, 230.0, 36.0, 1992-10-01 00:00:00, 0.0
5.0, 21.0, 230.0, 37.0, 1992-10-02 00:00:00, 0.0
5.0, 10.0, 90.0, 55.0, 1994-05-25 00:00:00, 0.0
5.0, 9.7, 90.0, 55.0, 1994-05-26 00:00:00, 0.3
15.0, 3.6, 50.0, 61.0, 1994-05-27 00:00:00, 0.8
11.0, -0.5, 0.0, 99.0, 1994-05-28 00:00:00, 0.3
18.0, 6.1, 50.0, 66.0, 1994-05-29 00:00:00, 5.1
13.0, 6.9, 50.0, 73.0, 1994-05-30 00:00:00, 2.8
27.0, 13.2, 270.0, 44.0, 1994-05-31 00:00:00, 0.0
10.0, 9.4, 90.0, 50.0, 1994-06-01 00:00:00, 6.3
16.0, 12.2, 270.0, 44.0, 1994-06-02 00:00:00, 0.0
11.0, 13.7, 0.0, 46.0, 1994-06-03 00:00:00, 0.0
9.0, 6.5, 50.0, 99.0, 1994-06-04 00:00:00, 7.4
15.0, 9.7, 270.0, 78.0, 1994-06-05 00:00:00, 12.7
6.0, 5.8, 90.0, 99.0, 1994-06-06 00:00:00, 22.4
8.0, 3.5, 0.0, 99.0, 1994-06-07 00:00:00, 19.3
5.0, 5.6, 140.0, 91.0, 1994-06-08 00:00:00, 12.4
15.0, 9.5, 50.0, 73.0, 1994-06-09 00:00:00, 1.5
11.0, 13.0, 50.0, 61.0, 1994-06-10 00:00:00, 0.0
11.0, 12.0, 50.0, 69.0, 1994-06-11 00:00:00, 0.0
16.0, 11.4, 320.0, 75.0, 1994-06-12 00:00:00, 2.5
11.0, 8.4, 50.0, 70.0, 1994-06-13 00:00:00, 12.7
10.0, 3.0, 90.0, 99.0, 1994-06-14 00:00:00, 8.1
0.0, 5.3, 0.0, 93.0, 1994-06-15 00:00:00, 4.6
1.0, 6.1, 270.0, 91.0, 1994-06-16 00:00:00, 3.6
6.0, 9.0, 50.0, 83.0, 1994-06-17 00:00:00, 3.3
5.0, 5.9, 140.0, 84.0, 1994-06-18 00:00:00, 4.3
6.0, 4.1, 320.0, 99.0, 1994-06-19 00:00:00, 45.2
13.0, 12.7, 50.0, 55.0, 1994-06-20 00:00:00, 0.0
7.0, 17.4, 90.0, 41.0, 1994-06-21 00:00:00, 0.0
13.0, 19.6, 50.0, 43.0, 1994-06-22 00:00:00, 0.0
11.0, 20.6, 50.0, 43.0, 1994-06-23 00:00:00, 0.0
5.0, 11.0, 50.0, 89.0, 1994-06-24 00:00:00, 0.0
16.0, 15.3, 320.0, 56.0, 1994-06-25 00:00:00, 0.0
15.0, 11.4, 90.0, 82.0, 1994-06-26 00:00:00, 0.3
8.0, 14.3, 50.0, 48.0, 1994-06-27 00:00:00, 0.0
8.0, 12.7, 50.0, 65.0, 1994-06-28 00:00:00, 0.0
12.0, 9.8, 90.0, 83.0, 1994-06-29 00:00:00, 1.8
7.0, 12.7, 0.0, 78.0, 1994-06-30 00:00:00, 0.3
14.0, 7.1, 50.0, 99.0, 1994-07-01 00:00:00, 19.3
6.0, 4.5, 140.0, 99.0, 1994-07-02 00:00:00, 19.0
15.0, 4.1, 90.0, 99.0, 1994-07-03 00:00:00, 27.4
10.0, 9.3, 90.0, 91.0, 1994-07-04 00:00:00, 3.6
10.0, 9.7, 90.0, 93.0, 1994-07-05 00:00:00, 0.3
10.0, 13.4, 50.0, 70.0, 1994-07-06 00:00:00, 0.0
11.0, 16.8, 50.0, 71.0, 1994-07-07 00:00:00, 0.3
11.0, 14.6, 50.0, 59.0, 1994-07-08 00:00:00, 0.0
14.0, 12.8, 50.0, 57.0, 1994-07-09 00:00:00, 0.0
13.0, 14.1, 50.0, 59.0, 1994-07-10 00:00:00, 0.0
15.0, 14.6, 90.0, 58.0, 1994-07-11 00:00:00, 0.0
9.0, 14.7, 50.0, 67.0, 1994-07-12 00:00:00, 0.0
14.0, 18.0, 90.0, 54.0, 1994-07-13 00:00:00, 0.0
12.0, 18.8, 90.0, 69.0, 1994-07-14 00:00:00, 0.0
7.0, 11.2, 180.0, 92.0, 1994-07-15 00:00:00, 18.5
11.0, 20.9, 0.0, 56.0, 1994-07-16 00:00:00, 2.5
10.0, 13.4, 0.0, 77.0, 1994-07-17 00:00:00, 0.3
6.0, 9.5, 90.0, 99.0, 1994-07-18 00:00:00, 26.9
6.0, 16.6, 90.0, 67.0, 1994-07-19 00:00:00, 0.0
8.0, 21.9, 50.0, 54.0, 1994-07-20 00:00:00, 0.0
11.0, 21.8, 90.0, 50.0, 1994-07-21 00:00:00, 0.0
10.0, 22.0, 50.0, 38.0, 1994-07-22 00:00:00, 0.0
9.0, 25.4, 50.0, 33.0, 1994-07-23 00:00:00, 0.0
7.0, 24.4, 320.0, 44.0, 1994-07-24 00:00:00, 0.0
9.0, 23.4, 320.0, 49.0, 1994-07-25 00:00:00, 0.0
11.0, 17.7, 90.0, 86.0, 1994-07-26 00:00:00, 11.4
12.0, 21.3, 0.0, 69.0, 1994-07-27 00:00:00, 0.0
11.0, 21.3, 0.0, 48.0, 1994-07-28 00:00:00, 0.0
11.0, 21.0, 50.0, 38.0, 1994-07-29 00:00:00, 0.0
11.0, 16.9, 90.0, 57.0, 1994-07-30 00:00:00, 0.0
11.0, 16.4, 50.0, 54.0, 1994-07-31 00:00:00, 0.0
10.0, 20.8, 320.0, 41.0, 1994-08-01 00:00:00, 0.0
10.0, 23.9, 270.0, 34.0, 1994-08-02 00:00:00, 0.0
8.0, 20.1, 180.0, 64.0, 1994-08-03 00:00:00, 0.3
13.0, 20.2, 320.0, 65.0, 1994-08-04 00:00:00, 4.8
8.0, 13.4, 50.0, 81.0, 1994-08-05 00:00:00, 2.8
7.0, 9.0, 230.0, 87.0, 1994-08-06 00:00:00, 3.3
9.0, 16.2, 50.0, 75.0, 1994-08-07 00:00:00, 0.0
8.0, 10.8, 0.0, 83.0, 1994-08-08 00:00:00, 0.5
13.0, 7.5, 270.0, 99.0, 1994-08-09 00:00:00, 17.5
1.0, 12.9, 180.0, 80.0, 1994-08-10 00:00:00, 0.5
10.0, 17.2, 50.0, 65.0, 1994-08-11 00:00:00, 0.0
13.0, 20.4, 50.0, 51.0, 1994-08-12 00:00:00, 0.0
11.0, 23.1, 320.0, 38.0, 1994-08-13 00:00:00, 0.0
9.0, 19.0, 320.0, 46.0, 1994-08-14 00:00:00, 0.0
11.0, 16.7, 90.0, 63.0, 1994-08-15 00:00:00, 0.0
14.0, 16.1, 90.0, 74.0, 1994-08-16 00:00:00, 0.0
5.0, 9.7, 50.0, 99.0, 1994-08-17 00:00:00, 11.7
12.0, 16.0, 270.0, 70.0, 1994-08-18 00:00:00, 0.3
13.0, 20.6, 270.0, 43.0, 1994-08-19 00:00:00, 0.0
8.0, 17.0, 50.0, 60.0, 1994-08-20 00:00:00, 0.0
5.0, 10.4, 0.0, 97.0, 1994-08-21 00:00:00, 7.6
11.0, 9.7, 50.0, 96.0, 1994-08-22 00:00:00, 10.7
16.0, 9.8, 50.0, 66.0, 1994-08-23 00:00:00, 0.8
3.0, 9.7, 230.0, 68.0, 1994-08-24 00:00:00, 0.0
6.0, 10.3, 320.0, 77.0, 1994-08-25 00:00:00, 0.0
5.0, 13.2, 180.0, 43.0, 1994-08-26 00:00:00, 0.3
10.0, 15.2, 50.0, 54.0, 1994-08-27 00:00:00, 0.0
9.0, 17.3, 0.0, 47.0, 1994-08-28 00:00:00, 0.0
12.0, 17.2, 90.0, 60.0, 1994-08-29 00:00:00, 0.0
8.0, 16.2, 270.0, 67.0, 1994-08-30 00:00:00, 0.0
12.0, 15.4, 320.0, 65.0, 1994-08-31 00:00:00, 0.0
10.0, 13.2, 50.0, 76.0, 1994-09-01 00:00:00, 1.0
11.0, 11.5, 320.0, 65.0, 1994-09-02 00:00:00, 0.8
11.0, 5.6, 50.0, 99.0, 1994-09-03 00:00:00, 4.3
8.0, 7.9, 90.0, 80.0, 1994-09-04 00:00:00, 13.0
9.0, 13.3, 0.0, 67.0, 1994-09-05 00:00:00, 0.0
11.0, 15.2, 0.0, 57.0, 1994-09-06 00:00:00, 0.0
13.0, 12.3, 320.0, 62.0, 1994-09-07 00:00:00, 0.0
8.0, 10.9, 0.0, 75.0, 1994-09-08 00:00:00, 0.3
10.0, 5.6, 90.0, 98.0, 1994-09-09 00:00:00, 21.6
5.0, 6.4, 50.0, 94.0, 1994-09-10 00:00:00, 0.0
4.0, 6.2, 90.0, 98.0, 1994-09-11 00:00:00, 10.4
8.0, 9.2, 50.0, 69.0, 1994-09-12 00:00:00, 0.3
10.0, 11.1, 0.0, 74.0, 1994-09-13 00:00:00, 0.0
8.0, 10.0, 90.0, 78.0, 1994-09-14 00:00:00, 0.5
12.0, 11.5, 320.0, 78.0, 1994-09-15 00:00:00, 0.5
9.0, 16.4, 320.0, 67.0, 1994-09-16 00:00:00, 0.3
