station_observations
wind_speed, temperature, wind_direction, relative_humidity, time, precipitation
9.0, 7.3, 320.0, 86.0, 1989-05-16 00:00:00, 7.3
15.0, 6.9, 320.0, 70.0, 1989-05-17 00:00:00, 5.0
7.0, 2.7, 270.0, 85.0, 1989-05-18 00:00:00, 19.8
12.0, 2.6, 0.0, 85.0, 1989-05-19 00:00:00, 5.5
13.0, 6.3, 140.0, 46.0, 1989-05-20 00:00:00, 0.0
11.0, 7.2, 140.0, 49.0, 1989-05-21 00:00:00, 0.0
6.0, 11.3, 180.0, 38.0, 1989-05-22 00:00:00, 0.0
13.0, 8.1, 90.0, 77.0, 1989-05-23 00:00:00, 6.3
9.0, 5.6, 0.0, 83.0, 1989-05-24 00:00:00, 6.8
9.0, 7.2, 270.0, 81.0, 1989-05-25 00:00:00, 6.6
14.0, 7.3, 320.0, 61.0, 1989-05-26 00:00:00, 2.5
10.0, 12.9, 320.0, 47.0, 1989-05-27 00:00:00, 1.7
18.0, 13.5, 140.0, 37.0, 1989-05-28 00:00:00, 1.0
15.0, 13.3, 140.0, 21.0, 1989-05-29 00:00:00, 0.0
10.0, 20.4, 50.0, 28.0, 1989-05-30 00:00:00, 0.0
5.0, 15.5, 140.0, 59.0, 1989-05-31 00:00:00, 1.0
18.0, 18.6, 90.0, 41.0, 1989-06-01 00:00:00, 0.0
11.0, 20.1, 180.0, 17.0, 1989-06-02 00:00:00, 0.0
12.0, 19.5, 230.0, 25.0, 1989-06-03 00:00:00, 0.0
10.0, 23.0, 90.0, 24.0, 1989-06-04 00:00:00, 0.0
11.0, 24.1, 0.0, 25.0, 1989-06-05 00:00:00, 0.0
16.0, 19.1, 50.0, 19.0, 1989-06-06 00:00:00, 0.0
2.0, 18.6, 0.0, 35.0, 1989-06-07 00:00:00, 0.0
15.0, 21.1, 0.0, 33.0, 1989-06-08 00:00:00, 0.0
7.0, 12.7, 90.0, 80.0, 1989-06-09 00:00:00, 1.2
12.0, 17.4, 140.0, 46.0, 1989-06-10 00:00:00, 0.0
4.0, 20.8, 270.0, 34.0, 1989-06-11 00:00:00, 0.0
8.0, 22.1, 320.0, 32.0, 1989-06-12 00:00:00, 0.0
14.0, 21.9, 320.0, 35.0, 1989-06-13 00:00:00, 0.0
12.0, 10.6, 270.0, 88.0, 1989-06-14 00:00:00, 34.7
9.0, 12.5, 50.0, 62.0, 1989-06-15 00:00:00, 18.0
5.0, 8.6, 320.0, 83.0, 1989-06-16 00:00:00, 11.6
12.0, 10.4, 320.0, 67.0, 1989-06-17 00:00:00, 9.3
23.0, 12.9, 0.0, 42.0, 1989-06-18 00:00:00, 2.2
10.0, 7.2, 0.0, 82.0, 1989-06-19 00:00:00, 4.3
12.0, 7.2, 0.0, 89.0, 1989-06-20 00:00:00, 7.8
16.0, 13.1, 270.0, 68.0, 1989-06-21 00:00:00, 0.0
15.0, 12.1, 140.0, 80.0, 1989-06-22 00:00:00, 6.8
20.0, 18.3, 140.0, 36.0, 1989-06-23 00:00:00, 0.0
6.0, 19.4, 50.0, 50.0, 1989-06-24 00:00:00, 0.0
7.0, 20.4, 50.0, 30.0, 1989-06-25 00:00:00, 0.0
4.0, 12.3, 180.0, 69.0, 1989-06-26 00:00:00, 10.9
4.0, 7.3, 180.0, 87.0, 1989-06-27 00:00:00, 12.1
9.0, 7.9, 320.0, 85.0, 1989-06-28 00:00:00, 3.8
7.0, 12.5, 0.0, 61.0, 1989-06-29 00:00:00, 6.0
7.0, 14.8, 0.0, 61.0, 1989-06-30 00:00:00, 8.1
15.0, 11.7, 0.0, 62.0, 1989-07-01 00:00:00, 8.1
11.0, 12.4, 270.0, 73.0, 1989-07-02 00:00:00, 8.1
6.0, 10.4, 140.0, 77.0, 1989-07-03 00:00:00, 2.7
9.0, 13.5, 90.0, 71.0, 1989-07-04 00:00:00, 0.5
14.0, 13.5, 140.0, 63.0, 1989-07-05 00:00:00, 11.9
16.0, 18.3, 0.0, 37.0, 1989-07-06 00:00:00, 0.0
16.0, 17.7, 140.0, 49.0, 1989-07-07 00:00:00, 0.5
4.0, 9.0, 140.0, 95.0, 1989-07-08 00:00:00, 13.8
8.0, 17.6, 90.0, 66.0, 1989-07-09 00:00:00, 3.5
7.0, 17.5, 140.0, 56.0, 1989-07-10 00:00:00, 0.0
7.0, 16.2, 90.0, 83.0, 1989-07-11 00:00:00, 7.8
8.0, 26.6, 270.0, 38.0, 1989-07-12 00:00:00, 3.3
6.0, 23.8, 140.0, 59.0, 1989-07-13 00:00:00, 3.5
12.0, 24.0, 320.0, 48.0, 1989-07-14 00:00:00, 3.3
4.0, 11.9, 0.0, 97.0, 1989-07-15 00:00:00, 0.2
12.0, 17.0, 0.0, 73.0, 1989-07-16 00:00:00, 0.0
8.0, 13.5, 320.0, 90.0, 1989-07-17 00:00:00, 2.0
15.0, 17.8, 0.0, 58.0, 1989-07-18 00:00:00, 1.7
2.0, 17.5, 50.0, 84.0, 1989-07-19 00:00:00, 3.5
11.0, 21.8, 0.0, 38.0, 1989-07-20 00:00:00, 0.0
14.0, 11.2, 140.0, 80.0, 1989-07-21 00:00:00, 0.0
6.0, 13.5, 320.0, 60.0, 1989-07-22 00:00:00, 3.0
16.0, 21.7, 320.0, 33.0, 1989-07-23 00:00:00, 0.0
5.0, 16.9, 140.0, 52.0, 1989-07-24 00:00:00, 0.0
4.0, 20.5, 230.0, 36.0, 1989-07-25 00:00:00, 0.0
14.0, 24.1, 140.0, 34.0, 1989-07-26 00:00:00, 0.0
11.0, 21.5, 320.0, 55.0, 1989-07-27 00:00:00, 7.1
11.0, 23.0, 50.0, 51.0, 1989-07-28 00:00:00, 0.2
3.0, 24.1, 90.0, 40.0, 1989-07-29 00:00:00, 0.0
15.0, 25.4, 140.0, 36.0, 1989-07-30 00:00:00, 0.0
9.0, 24.9, 0.0, 38.0, 1989-07-31 00:00:00, 0.5
11.0, 22.7, 0.0, 42.0, 1989-08-01 00:00:00, 0.0
5.0, 8.5, 0.0, 92.0, 1989-08-02 00:00:00, 15.2
4.0, 10.3, 0.0, 95.0, 1989-08-03 00:00:00, 13.2
7.0, 20.4, 0.0, 61.0, 1989-08-04 00:00:00, 0.3
6.0, 22.3, 0.0, 56.0, 1989-08-05 00:00:00, 0.2
14.0, 26.1, 0.0, 39.0, 1989-08-06 00:00:00, 0.0
4.0, 23.7, 0.0, 45.0, 1989-08-07 00:00:00, 0.0
5.0, 27.5, 0.0, 28.0, 1989-08-08 00:00:00, 0.0
12.0, 18.8, 0.0, 64.0, 1989-08-09 00:00:00, 7.6
6.0, 17.7, 0.0, 64.0, 1989-08-10 00:00:00, 0.0
7.0, 19.5, 0.0, 45.0, 1989-08-11 00:00:00, 1.0
6.0, 25.8, 0.0, 30.0, 1989-08-12 00:00:00, 2.5
6.0, 20.4, 0.0, 73.0, 1989-08-13 00:00:00, 0.0
5.0, 17.2, 0.0, 65.0, 1989-08-14 00:00:00, 0.0
8.0, 8.9, 0.0, 94.0, 1989-08-15 00:00:00, 10.9
3.0, 7.5, 0.0, 96.0, 1989-08-16 00:00:00, 30.4
4.0, 13.4, 0.0, 91.0, 1989-08-17 00:00:00, 4.8
9.0, 11.6, 230.0, 92.0, 1989-08-18 00:00:00, 11.9
11.0, 18.9, 90.0, 75.0, 1989-08-19 00:00:00, 2.7
10.0, 12.5, 0.0, 93.0, 1989-08-20 00:00:00, 0.7
11.0, 15.2, 0.0, 80.0, 1989-08-21 00:00:00, 33.2
11.0, 12.4, 50.0, 81.0, 1989-08-22 00:00:00, 13.7
9.0, 13.8, 50.0, 75.0, 1989-08-23 00:00:00, 2.5
12.0, 17.2, 90.0, 77.0, 1989-08-24 00:00:00, 0.2
9.0, 12.2, 0.0, 88.0, 1989-08-25 00:00:00, 2.0
7.0, 11.6, 0.0, 76.0, 1989-08-26 00:00:00, 5.5
10.0, 14.0, 0.0, 63.0, 1989-08-27 00:00:00, 1.7
9.0, 9.5, 0.0, 86.0, 1989-08-28 00:00:00, 2.0
10.0, 13.8, 0.0, 71.0, 1989-08-29 00:00:00, 0.5
7.0, 14.2, 0.0, 67.0, 1989-08-30 00:00:00, 0.0
10.0, 9.2, 0.0, 92.0, 1989-08-31 00:00:00, 1.7
4.0, 13.1, 0.0, 79.0, 1989-09-01 00:00:00, 0.5
6.0, 12.1, 0.0, 87.0, 1989-09-02 00:00:00, 0.0
11.0, 11.4, 0.0, 74.0, 1989-09-03 00:00:00, 1.2
19.0, 10.0, 0.0, 79.0, 1989-09-04 00:00:00, 0.0
9.0, 8.5, 0.0, 88.0, 1989-09-05 00:00:00, 3.0
6.0, 13.6, 90.0, 74.0, 1989-09-06 00:00:00, 0.5
23.0, 17.3, 140.0, 49.0, 1989-09-07 00:00:00, 0.0
16.0, 14.0, 140.0, 36.0, 1989-09-08 00:00:00, 0.0
13.0, 14.7, 140.0, 39.0, 1989-09-09 00:00:00, 0.0
8.0, 15.7, 90.0, 37.0, 1989-09-10 00:00:00, 0.0
6.0, 17.1, 0.0, 42.0, 1989-09-11 00:00:00, 0.0
14.0, 19.6, 0.0, 39.0, 1989-09-12 00:00:00, 0.0
17.0, 20.1, 0.0, 41.0, 1989-09-13 00:00:00, 0.0
16.0, 19.5, 0.0, 39.0, 1989-09-14 00:00:00, 0.0
15.0, 16.8, 0.0, 40.0, 1989-09-15 00:00:00, 0.0
7.0, 4.2, 0.0, 94.0, 1989-09-16 00:00:00, 14.7
5.0, 5.5, 0.0, 97.0, 1989-09-17 00:00:00, 4.3
12.0, 6.2, 0.0, 81.0, 1989-09-18 00:00:00, 0.2
11.0, 6.7, 0.0, 92.0, 1989-09-19 00:00:00, 2.7
3.0, 10.3, 0.0, 83.0, 1989-09-20 00:00:00, 0.2
7.0, 16.9, 0.0, 58.0, 1989-09-21 00:00:00, 0.0
14.0, 20.5, 0.0, 42.0, 1989-09-22 00:00:00, 0.0
14.0, 18.8, 0.0, 42.0, 1989-09-23 00:00:00, 0.0
3.0, 19.4, 0.0, 42.0, 1989-09-24 00:00:00, 0.0
5.0, 23.0, 0.0, 32.0, 1989-09-25 00:00:00, 0.0
13.0, 18.8, 0.0, 45.0, 1989-09-26 00:00:00, 0.0
14.0, 15.7, 0.0, 60.0, 1989-09-27 00:00:00, 0.0
10.0, 19.7, 50.0, 46.0, 1989-09-28 00:00:00, 0.0
17.0, 19.1, 0.0, 34.0, 1989-09-29 00:00:00, 0.0
12.0, 8.3, 0.0, 56.0, 1989-09-30 00:00:00, 0.0
15.0, 8.8, 0.0, 45.0, 1989-10-01 00:00:00, 0.2
6.0, 9.7, 0.0, 47.0, 1989-10-02 00:00:00, 0.0
5.0, 13.0, 0.0, 42.0, 1989-10-03 00:00:00, 0.0
7.0, 13.3, 0.0, 45.0, 1989-10-04 00:00:00, 0.0
4.0, 8.0, 0.0, 88.0, 1989-10-05 00:00:00, 1.5
4.0, 12.0, 0.0, 79.0, 1989-10-06 00:00:00, 0.2
13.0, 14.5, 0.0, 55.0, 1989-10-07 00:00:00, 0.0
8.0, 12.1, 0.0, 65.0, 1989-10-08 00:00:00, 0.0
13.0, 10.9, 0.0, 53.0, 1989-10-09 00:00:00, 0.0
0.0, 0.0, 0.0, 0.0, 1990-08-02 00:00:00, 0.0
7.0, 19.7, 50.0, 39.0, 1990-08-03 00:00:00, 0.0
3.0, 24.7, 140.0, 30.0, 1990-08-04 00:00:00, 0.0
6.0, 27.2, 50.0, 23.0, 1990-08-05 00:00:00, 0.0
8.0, 23.0, 50.0, 28.0, 1990-08-06 00:00:00, 0.0
6.0, 27.0, 50.0, 6.0, 1990-08-07 00:00:00, 0.0
3.0, 25.0, 90.0, 27.0, 1990-08-08 00:00:00, 0.0
2.0, 24.7, 140.0, 31.0, 1990-08-09 00:00:00, 0.0
4.0, 26.9, 90.0, 27.0, 1990-08-10 00:00:00, 0.0
6.0, 26.7, 140.0, 26.0, 1990-08-11 00:00:00, 0.0
5.0, 26.8, 0.0, 25.0, 1990-08-12 00:00:00, 0.0
3.0, 27.0, 140.0, 26.0, 1990-08-13 00:00:00, 0.0
11.0, 24.0, 50.0, 43.0, 1990-08-14 00:00:00, 0.0
7.0, 24.8, 50.0, 21.0, 1990-08-15 00:00:00, 0.0
4.0, 18.3, 50.0, 53.0, 1990-08-16 00:00:00, 1.2
4.0, 17.7, 50.0, 50.0, 1990-08-17 00:00:00, 1.2
1.0, 16.8, 180.0, 65.0, 1990-08-18 00:00:00, 6.6
3.0, 21.7, 90.0, 44.0, 1990-08-19 00:00:00, 0.0
2.0, 25.3, 90.0, 31.0, 1990-08-20 00:00:00, 0.0
0.0, 16.5, 0.0, 89.0, 1990-08-21 00:00:00, 8.1
1.0, 13.6, 0.0, 90.0, 1990-08-22 00:00:00, 8.6
6.0, 7.8, 90.0, 85.0, 1990-08-23 00:00:00, 23.1
1.0, 11.3, 90.0, 66.0, 1990-08-24 00:00:00, 0.7
0.0, 7.4, 0.0, 92.0, 1990-08-25 00:00:00, 3.3
0.0, 7.8, 0.0, 86.0, 1990-08-26 00:00:00, 7.6
3.0, 14.1, 0.0, 52.0, 1990-08-27 00:00:00, 2.7
3.0, 17.3, 50.0, 46.0, 1990-08-28 00:00:00, 0.0
1.0, 14.7, 270.0, 59.0, 1990-08-29 00:00:00, 0.0
1.0, 8.8, 320.0, 93.0, 1990-08-30 00:00:00, 0.0
1.0, 10.0, 320.0, 80.0, 1990-08-31 00:00:00, 0.0
6.0, 12.4, 90.0, 68.0, 1990-09-01 00:00:00, 4.8
2.0, 12.0, 140.0, 77.0, 1990-09-02 00:00:00, 0.0
3.0, 13.6, 90.0, 51.0, 1990-09-03 00:00:00, 0.0
2.0, 16.6, 90.0, 39.0, 1990-09-04 00:00:00, 0.0
2.0, 18.7, 180.0, 35.0, 1990-09-05 00:00:00, 0.0
8.0, 23.0, 50.0, 28.0, 1990-09-06 00:00:00, 0.0
5.0, 19.9, 320.0, 26.0, 1990-09-07 00:00:00, 0.0
7.0, 19.3, 0.0, 29.0, 1990-09-08 00:00:00, 0.0
5.0, 18.9, 0.0, 36.0, 1990-09-09 00:00:00, 0.0
4.0, 21.6, 90.0, 27.0, 1990-09-10 00:00:00, 0.0
5.0, 20.0, 50.0, 32.0, 1990-09-11 00:00:00, 0.0
2.0, 13.1, 50.0, 47.0, 1990-09-12 00:00:00, 0.0
3.0, 16.2, 90.0, 40.0, 1990-09-13 00:00:00, 0.0
4.0, 18.7, 180.0, 43.0, 1990-09-14 00:00:00, 0.0
4.0, 21.4, 180.0, 32.0, 1990-09-15 00:00:00, 0.0
3.0, 9.9, 50.0, 87.0, 1990-09-16 00:00:00, 2.0
1.0, 10.8, 180.0, 76.0, 1990-09-17 00:00:00, 4.3
11.0, 16.0, 50.0, 49.0, 1990-09-18 00:00:00, 0.0
2.0, 10.7, 180.0, 67.0, 1990-09-19 00:00:00, 0.0
0.0, 9.6, 0.0, 59.0, 1990-09-20 00:00:00, 0.0
2.0, 14.0, 140.0, 69.0, 1990-09-21 00:00:00, 0.0
4.0, 20.4, 180.0, 40.0, 1990-09-22 00:00:00, 0.0
7.0, 21.3, 90.0, 31.0, 1990-09-23 00:00:00, 0.0
1.0, 20.9, 140.0, 43.0, 1990-09-24 00:00:00, 0.0
1.0, 15.7, 90.0, 60.0, 1990-09-25 00:00:00, 0.0
1.0, 13.0, 90.0, 49.0, 1990-09-26 00:00:00, 0.0
1.0, 14.2, 90.0, 31.0, 1990-09-27 00:00:00, 0.0
1.0, 17.2, 230.0, 22.0, 1990-09-28 00:00:00, 0.0
4.0, 9.8, 50.0, 54.0, 1990-09-29 00:00:00, 0.0
5.0, 12.4, 50.0, 32.0, 1990-09-30 00:00:00, 0.0
6.0, 9.1, 50.0, 68.0, 1990-10-01 00:00:00, 7.9
3.0, 4.0, 90.0, 67.0, 1990-10-02 00:00:00, 1.5
3.0, 1.1, 230.0, 93.0, 1990-10-03 00:00:00, 1.0
1.0, 7.7, 230.0, 93.0, 1990-10-04 00:00:00, 26.9
2.0, -0.1, 90.0, 87.0, 1990-10-05 00:00:00, 23.4
