station_observations
wind_speed, temperature, wind_direction, relative_humidity, time, precipitation
7.0, 7.2, 270.0, 75.0, 1989-05-23 00:00:00, 1.3
26.0, 7.5, 270.0, 61.0, 1989-05-24 00:00:00, 1.3
17.0, 3.1, 270.0, 82.0, 1989-05-25 00:00:00, 0.0
18.0, 2.7, 140.0, 96.0, 1989-05-26 00:00:00, 3.3
13.0, 8.6, 0.0, 61.0, 1989-05-27 00:00:00, 1.0
11.0, 13.0, 50.0, 24.0, 1989-05-28 00:00:00, 0.0
7.0, 17.4, 140.0, 25.0, 1989-05-29 00:00:00, 0.0
16.0, 18.4, 270.0, 38.0, 1989-05-30 00:00:00, 0.0
7.0, 14.1, 230.0, 53.0, 1989-05-31 00:00:00, 0.0
8.0, 14.7, 320.0, 43.0, 1989-06-01 00:00:00, 0.0
19.0, 18.0, 270.0, 27.0, 1989-06-02 00:00:00, 0.0
11.0, 20.2, 270.0, 22.0, 1989-06-03 00:00:00, 0.0
16.0, 22.2, 270.0, 22.0, 1989-06-04 00:00:00, 0.0
17.0, 19.6, 270.0, 25.0, 1989-06-05 00:00:00, 0.0
15.0, 14.8, 270.0, 41.0, 1989-06-06 00:00:00, 0.0
5.0, 16.5, 50.0, 36.0, 1989-06-07 00:00:00, 0.0
14.0, 14.7, 270.0, 50.0, 1989-06-08 00:00:00, 0.0
8.0, 8.7, 270.0, 89.0, 1989-06-09 00:00:00, 0.0
11.0, 16.7, 270.0, 59.0, 1989-06-10 00:00:00, 0.0
6.0, 21.0, 230.0, 40.0, 1989-06-11 00:00:00, 0.0
31.0, 23.0, 180.0, 29.0, 1989-06-12 00:00:00, 0.0
18.0, 13.1, 140.0, 83.0, 1989-06-13 00:00:00, 1.3
7.0, 13.1, 140.0, 61.0, 1989-06-14 00:00:00, 6.6
8.0, 9.2, 270.0, 60.0, 1989-06-15 00:00:00, 1.3
12.0, 10.2, 230.0, 56.0, 1989-06-16 00:00:00, 0.0
29.0, 11.0, 180.0, 49.0, 1989-06-17 00:00:00, 0.5
23.0, 7.4, 140.0, 62.0, 1989-06-18 00:00:00, 3.8
22.0, 8.5, 270.0, 59.0, 1989-06-19 00:00:00, 0.5
8.0, 5.1, 270.0, 98.0, 1989-06-20 00:00:00, 31.0
10.0, 11.4, 230.0, 58.0, 1989-06-21 00:00:00, 0.0
11.0, 11.6, 320.0, 71.0, 1989-06-22 00:00:00, 2.0
13.0, 17.8, 320.0, 39.0, 1989-06-23 00:00:00, 0.0
17.0, 19.6, 320.0, 46.0, 1989-06-24 00:00:00, 0.0
21.0, 20.4, 140.0, 37.0, 1989-06-25 00:00:00, 0.0
7.0, 8.9, 270.0, 53.0, 1989-06-26 00:00:00, 2.5
18.0, 3.3, 180.0, 99.0, 1989-06-27 00:00:00, 4.6
12.0, 7.6, 140.0, 80.0, 1989-06-28 00:00:00, 2.3
15.0, 9.1, 140.0, 82.0, 1989-06-29 00:00:00, 1.3
31.0, 13.2, 140.0, 72.0, 1989-06-30 00:00:00, 7.4
12.0, 9.0, 140.0, 91.0, 1989-07-01 00:00:00, 16.5
13.0, 12.3, 180.0, 66.0, 1989-07-02 00:00:00, 4.3
22.0, 13.4, 230.0, 47.0, 1989-07-03 00:00:00, 0.0
19.0, 8.3, 90.0, 81.0, 1989-07-04 00:00:00, 1.8
8.0, 8.0, 180.0, 89.0, 1989-07-05 00:00:00, 13.5
10.0, 13.3, 270.0, 53.0, 1989-07-06 00:00:00, 1.8
11.0, 12.5, 270.0, 67.0, 1989-07-07 00:00:00, 1.5
5.0, 9.3, 270.0, 88.0, 1989-07-08 00:00:00, 0.0
10.0, 16.8, 320.0, 57.0, 1989-07-09 00:00:00, 0.5
11.0, 14.8, 230.0, 73.0, 1989-07-10 00:00:00, 0.8
9.0, 14.9, 230.0, 76.0, 1989-07-11 00:00:00, 1.8
12.0, 21.2, 180.0, 40.0, 1989-07-12 00:00:00, 7.6
19.0, 20.8, 180.0, 51.0, 1989-07-13 00:00:00, 0.0
16.0, 19.7, 230.0, 58.0, 1989-07-14 00:00:00, 1.0
7.0, 12.2, 270.0, 91.0, 1989-07-15 00:00:00, 0.3
23.0, 13.3, 140.0, 75.0, 1989-07-16 00:00:00, 7.1
12.0, 16.3, 180.0, 59.0, 1989-07-17 00:00:00, 0.0
18.0, 16.4, 180.0, 45.0, 1989-07-18 00:00:00, 0.0
20.0, 19.4, 180.0, 42.0, 1989-07-19 00:00:00, 0.0
15.0, 16.6, 230.0, 48.0, 1989-07-20 00:00:00, 0.0
8.0, 4.5, 0.0, 98.0, 1989-07-21 00:00:00, 7.6
9.0, 10.3, 230.0, 75.0, 1989-07-22 00:00:00, 2.8
13.0, 16.3, 230.0, 59.0, 1989-07-23 00:00:00, 0.0
9.0, 13.9, 230.0, 71.0, 1989-07-24 00:00:00, 17.8
5.0, 16.9, 270.0, 46.0, 1989-07-25 00:00:00, 0.0
13.0, 24.4, 140.0, 26.0, 1989-07-26 00:00:00, 0.0
12.0, 19.8, 230.0, 52.0, 1989-07-27 00:00:00, 0.8
10.0, 18.1, 270.0, 61.0, 1989-07-28 00:00:00, 0.0
15.0, 23.6, 230.0, 42.0, 1989-07-29 00:00:00, 0.0
16.0, 24.1, 270.0, 38.0, 1989-07-30 00:00:00, 0.0
11.0, 23.3, 270.0, 44.0, 1989-07-31 00:00:00, 0.0
9.0, 17.1, 270.0, 66.0, 1989-08-01 00:00:00, 0.0
12.0, 8.4, 140.0, 98.0, 1989-08-02 00:00:00, 36.3
7.0, 11.1, 270.0, 92.0, 1989-08-03 00:00:00, 23.9
6.0, 17.6, 270.0, 64.0, 1989-08-04 00:00:00, 0.0
23.0, 21.8, 140.0, 52.0, 1989-08-05 00:00:00, 0.8
14.0, 22.7, 180.0, 42.0, 1989-08-06 00:00:00, 0.0
13.0, 23.4, 180.0, 40.0, 1989-08-07 00:00:00, 0.0
15.0, 22.5, 230.0, 35.0, 1989-08-08 00:00:00, 0.0
15.0, 16.8, 270.0, 58.0, 1989-08-09 00:00:00, 0.0
9.0, 13.6, 270.0, 60.0, 1989-08-10 00:00:00, 0.5
17.0, 17.2, 230.0, 51.0, 1989-08-11 00:00:00, 1.5
14.0, 23.1, 180.0, 28.0, 1989-08-12 00:00:00, 0.0
18.0, 19.3, 180.0, 52.0, 1989-08-13 00:00:00, 1.0
12.0, 14.8, 90.0, 62.0, 1989-08-14 00:00:00, 0.3
8.0, 10.5, 270.0, 99.0, 1989-08-15 00:00:00, 6.9
12.0, 14.8, 320.0, 74.0, 1989-08-16 00:00:00, 1.3
11.0, 18.4, 270.0, 55.0, 1989-08-17 00:00:00, 0.0
17.0, 11.4, 90.0, 91.0, 1989-08-18 00:00:00, 2.0
12.0, 16.0, 270.0, 78.0, 1989-08-19 00:00:00, 6.3
9.0, 11.7, 180.0, 91.0, 1989-08-20 00:00:00, 5.1
0.0, 11.0, 0.0, 90.0, 1989-08-21 00:00:00, 4.6
9.0, 7.6, 140.0, 98.0, 1989-08-22 00:00:00, 22.6
4.0, 9.4, 230.0, 93.0, 1989-08-23 00:00:00, 1.3
10.0, 10.8, 270.0, 92.0, 1989-08-24 00:00:00, 3.8
8.0, 13.9, 0.0, 59.0, 1989-08-25 00:00:00, 3.3
11.0, 14.0, 0.0, 54.0, 1989-08-26 00:00:00, 0.0
14.0, 12.0, 320.0, 50.0, 1989-08-27 00:00:00, 0.0
7.0, 9.3, 270.0, 74.0, 1989-08-28 00:00:00, 0.0
3.0, 12.2, 270.0, 59.0, 1989-08-29 00:00:00, 0.0
10.0, 15.3, 270.0, 69.0, 1989-08-30 00:00:00, 0.0
10.0, 12.5, 230.0, 75.0, 1989-08-31 00:00:00, 0.0
3.0, 9.6, 230.0, 89.0, 1989-09-01 00:00:00, 1.5
14.0, 8.9, 270.0, 71.0, 1989-09-02 00:00:00, 0.8
14.0, 13.7, 230.0, 63.0, 1989-09-03 00:00:00, 0.0
8.0, 7.3, 270.0, 84.0, 1989-09-04 00:00:00, 7.4
8.0, 6.0, 270.0, 97.0, 1989-09-05 00:00:00, 2.5
12.0, 13.3, 230.0, 67.0, 1989-09-06 00:00:00, 0.0
9.0, 15.4, 50.0, 58.0, 1989-09-07 00:00:00, 0.0
7.0, 12.2, 0.0, 44.0, 1989-09-08 00:00:00, 0.0
9.0, 13.0, 320.0, 48.0, 1989-09-09 00:00:00, 0.0
8.0, 15.4, 320.0, 43.0, 1989-09-10 00:00:00, 0.0
12.0, 18.0, 270.0, 40.0, 1989-09-11 00:00:00, 0.0
12.0, 18.8, 230.0, 39.0, 1989-09-12 00:00:00, 0.0
11.0, 17.0, 230.0, 31.0, 1989-09-13 00:00:00, 0.0
14.0, 14.3, 270.0, 38.0, 1989-09-14 00:00:00, 0.0
7.0, 11.5, 230.0, 45.0, 1989-09-15 00:00:00, 0.0
5.0, 6.8, 90.0, 63.0, 1989-09-16 00:00:00, 0.0
11.0, 7.5, 320.0, 61.0, 1989-09-17 00:00:00, 2.0
10.0, 5.1, 230.0, 74.0, 1989-09-18 00:00:00, 0.0
7.0, 5.5, 230.0, 98.0, 1989-09-19 00:00:00, 12.7
13.0, 10.6, 180.0, 89.0, 1989-09-20 00:00:00, 0.8
4.0, 13.3, 180.0, 65.0, 1989-09-21 00:00:00, 0.3
26.0, 18.2, 180.0, 44.0, 1989-09-22 00:00:00, 0.0
10.0, 15.4, 270.0, 42.0, 1989-09-23 00:00:00, 0.0
10.0, 17.7, 180.0, 43.0, 1989-09-24 00:00:00, 0.0
15.0, 20.5, 180.0, 34.0, 1989-09-25 00:00:00, 0.0
1.0, 13.7, 140.0, 54.0, 1989-09-26 00:00:00, 0.0
10.0, 11.9, 270.0, 68.0, 1989-09-27 00:00:00, 0.0
13.0, 16.6, 180.0, 50.0, 1989-09-28 00:00:00, 0.0
15.0, 15.8, 180.0, 50.0, 1989-09-29 00:00:00, 0.0
13.0, 1.5, 270.0, 99.0, 1989-09-30 00:00:00, 9.1
9.0, 5.2, 140.0, 74.0, 1989-10-01 00:00:00, 0.5
8.0, 8.6, 270.0, 53.0, 1989-10-02 00:00:00, 0.0
11.0, 13.5, 230.0, 45.0, 1989-10-03 00:00:00, 0.0
1.0, 10.1, 270.0, 59.0, 1989-10-04 00:00:00, 0.0
5.0, 6.5, 270.0, 99.0, 1989-10-05 00:00:00, 2.0
21.0, 11.3, 140.0, 69.0, 1989-10-06 00:00:00, 0.0
29.0, 9.3, 140.0, 70.0, 1990-05-22 00:00:00, 1.5
7.0, 8.5, 230.0, 73.0, 1990-05-23 00:00:00, 2.3
9.0, 12.8, 320.0, 58.0, 1990-05-24 00:00:00, 0.8
9.0, 6.2, 270.0, 99.0, 1990-05-25 00:00:00, 6.3
26.0, 10.3, 140.0, 68.0, 1990-05-26 00:00:00, 1.8
16.0, 15.4, 90.0, 44.0, 1990-05-27 00:00:00, 0.0
4.0, 14.4, 270.0, 60.0, 1990-05-28 00:00:00, 0.0
5.0, 10.3, 270.0, 99.0, 1990-05-29 00:00:00, 10.4
6.0, 9.1, 140.0, 99.0, 1990-05-30 00:00:00, 9.9
8.0, 12.5, 230.0, 74.0, 1990-05-31 00:00:00, 5.1
9.0, 11.6, 270.0, 69.0, 1990-06-01 00:00:00, 2.5
9.0, 12.7, 230.0, 65.0, 1990-06-02 00:00:00, 0.0
23.0, 8.2, 140.0, 88.0, 1990-06-03 00:00:00, 4.8
10.0, 6.3, 270.0, 96.0, 1990-06-04 00:00:00, 2.5
7.0, 7.7, 270.0, 81.0, 1990-06-05 00:00:00, 3.6
20.0, 14.0, 180.0, 47.0, 1990-06-06 00:00:00, 0.0
5.0, 7.3, 270.0, 99.0, 1990-06-07 00:00:00, 4.8
20.0, 10.6, 180.0, 62.0, 1990-06-08 00:00:00, 0.5
10.0, 10.9, 180.0, 70.0, 1990-06-09 00:00:00, 11.7
9.0, 8.2, 140.0, 99.0, 1990-06-10 00:00:00, 15.2
24.0, 5.0, 270.0, 99.0, 1990-06-11 00:00:00, 21.3
10.0, 4.1, 320.0, 99.0, 1990-06-12 00:00:00, 25.7
10.0, 13.4, 0.0, 54.0, 1990-06-13 00:00:00, 1.0
11.0, 15.7, 270.0, 45.0, 1990-06-14 00:00:00, 0.0
14.0, 16.6, 230.0, 45.0, 1990-06-15 00:00:00, 0.0
15.0, 12.5, 270.0, 53.0, 1990-06-16 00:00:00, 0.0
18.0, 12.5, 230.0, 54.0, 1990-06-17 00:00:00, 0.0
10.0, 13.0, 320.0, 55.0, 1990-06-18 00:00:00, 2.0
14.0, 11.6, 270.0, 66.0, 1990-06-19 00:00:00, 0.0
13.0, 11.0, 270.0, 73.0, 1990-06-20 00:00:00, 10.7
10.0, 19.0, 230.0, 49.0, 1990-06-21 00:00:00, 0.0
31.0, 22.7, 140.0, 38.0, 1990-06-22 00:00:00, 0.0
17.0, 13.7, 270.0, 45.0, 1990-06-23 00:00:00, 1.5
12.0, 15.5, 270.0, 47.0, 1990-06-24 00:00:00, 0.0
7.0, 16.9, 320.0, 53.0, 1990-06-25 00:00:00, 0.5
7.0, 9.1, 140.0, 93.0, 1990-06-26 00:00:00, 10.4
12.0, 15.2, 180.0, 54.0, 1990-06-27 00:00:00, 3.8
13.0, 14.0, 140.0, 64.0, 1990-06-28 00:00:00, 0.8
18.0, 12.7, 140.0, 64.0, 1990-06-29 00:00:00, 0.8
13.0, 11.8, 140.0, 99.0, 1990-06-30 00:00:00, 7.6
12.0, 10.1, 50.0, 74.0, 1990-07-01 00:00:00, 1.0
14.0, 8.6, 50.0, 80.0, 1990-07-02 00:00:00, 4.3
3.0, 8.9, 180.0, 99.0, 1990-07-03 00:00:00, 5.3
7.0, 14.9, 180.0, 64.0, 1990-07-04 00:00:00, 1.3
11.0, 18.2, 270.0, 49.0, 1990-07-05 00:00:00, 0.0
8.0, 10.7, 320.0, 99.0, 1990-07-06 00:00:00, 5.3
8.0, 16.6, 270.0, 75.0, 1990-07-07 00:00:00, 3.0
18.0, 17.3, 180.0, 65.0, 1990-07-08 00:00:00, 5.8
11.0, 16.2, 230.0, 60.0, 1990-07-09 00:00:00, 0.3
14.0, 22.5, 180.0, 39.0, 1990-07-10 00:00:00, 0.0
19.0, 26.9, 180.0, 36.0, 1990-07-11 00:00:00, 0.0
34.0, 25.2, 140.0, 39.0, 1990-07-12 00:00:00, 0.0
15.0, 15.0, 270.0, 42.0, 1990-07-13 00:00:00, 0.5
10.0, 17.5, 270.0, 38.0, 1990-07-14 00:00:00, 0.0
11.0, 16.6, 270.0, 46.0, 1990-07-15 00:00:00, 0.0
13.0, 11.3, 270.0, 60.0, 1990-07-16 00:00:00, 0.0
5.0, 12.8, 270.0, 46.0, 1990-07-17 00:00:00, 0.0
0.0, 8.2, 0.0, 99.0, 1990-07-18 00:00:00, 3.0
6.0, 16.5, 90.0, 46.0, 1990-07-19 00:00:00, 2.3
11.0, 19.5, 320.0, 32.0, 1990-07-20 00:00:00, 0.0
15.0, 21.1, 270.0, 34.0, 1990-07-21 00:00:00, 0.0
12.0, 23.3, 230.0, 26.0, 1990-07-22 00:00:00, 0.0
12.0, 20.2, 230.0, 46.0, 1990-07-23 00:00:00, 0.0
8.0, 17.7, 230.0, 73.0, 1990-07-24 00:00:00, 0.3
14.0, 20.9, 270.0, 68.0, 1990-07-25 00:00:00, 47.8
15.0, 19.0, 270.0, 43.0, 1990-07-26 00:00:00, 0.0
13.0, 16.2, 230.0, 52.0, 1990-07-27 00:00:00, 0.0
13.0, 21.2, 270.0, 45.0, 1990-07-28 00:00:00, 0.0
10.0, 21.7, 270.0, 43.0, 1990-07-29 00:00:00, 0.0
6.0, 22.9, 320.0, 39.0, 1990-07-30 00:00:00, 0.0
17.0, 20.5, 230.0, 48.0, 1990-07-31 00:00:00, 0.0
14.0, 15.4, 230.0, 40.0, 1990-08-01 00:00:00, 0.0
7.0, 12.7, 270.0, 58.0, 1990-08-02 00:00:00, 0.0
15.0, 17.0, 180.0, 55.0, 1990-08-03 00:00:00, 0.0
13.0, 22.2, 230.0, 47.0, 1990-08-04 00:00:00, 0.0
27.0, 26.6, 140.0, 19.0, 1990-08-05 00:00:00, 0.0
24.0, 14.8, 270.0, 51.0, 1990-08-06 00:00:00, 0.0
10.0, 15.8, 270.0, 44.0, 1990-08-07 00:00:00, 0.0
6.0, 21.2, 270.0, 40.0, 1990-08-08 00:00:00, 0.0
13.0, 22.6, 230.0, 39.0, 1990-08-09 00:00:00, 0.0
9.0, 24.7, 270.0, 36.0, 1990-08-10 00:00:00, 0.0
15.0, 27.3, 270.0, 32.0, 1990-08-11 00:00:00, 0.0
23.0, 27.0, 180.0, 32.0, 1990-08-12 00:00:00, 0.0
17.0, 26.2, 140.0, 30.0, 1990-08-13 00:00:00, 0.0
11.0, 21.1, 230.0, 45.0, 1990-08-14 00:00:00, 4.3
14.0, 20.2, 230.0, 47.0, 1990-08-15 00:00:00, 0.0
9.0, 18.1, 230.0, 61.0, 1990-08-16 00:00:00, 0.0
8.0, 18.0, 50.0, 65.0, 1990-08-17 00:00:00, 1.0
0.0, 15.7, 0.0, 67.0, 1990-08-18 00:00:00, 0.0
5.0, 19.4, 0.0, 50.0, 1990-08-19 00:00:00, 1.0
15.0, 23.3, 270.0, 35.0, 1990-08-20 00:00:00, 0.0
13.0, 24.1, 180.0, 42.0, 1990-08-21 00:00:00, 0.0
10.0, 10.2, 270.0, 99.0, 1990-08-22 00:00:00, 22.4
14.0, 6.3, 270.0, 99.0, 1990-08-23 00:00:00, 3.3
11.0, 9.1, 270.0, 63.0, 1990-08-24 00:00:00, 1.5
7.0, 9.5, 270.0, 91.0, 1990-08-25 00:00:00, 0.0
7.0, 9.5, 270.0, 91.0, 1990-08-26 00:00:00, 3.8
10.0, 14.0, 230.0, 56.0, 1990-08-27 00:00:00, 0.0
9.0, 13.2, 180.0, 56.0, 1990-08-28 00:00:00, 0.0
12.0, 15.4, 180.0, 53.0, 1990-08-29 00:00:00, 0.0
7.0, 7.4, 270.0, 99.0, 1990-08-30 00:00:00, 20.6
10.0, 8.2, 180.0, 99.0, 1990-08-31 00:00:00, 19.8
16.0, 10.9, 180.0, 79.0, 1990-09-01 00:00:00, 3.8
12.0, 9.3, 270.0, 76.0, 1990-09-02 00:00:00, 5.3
6.0, 10.6, 270.0, 62.0, 1990-09-03 00:00:00, 0.0
10.0, 15.2, 180.0, 48.0, 1990-09-04 00:00:00, 0.0
11.0, 16.3, 270.0, 55.0, 1990-09-05 00:00:00, 0.0
13.0, 17.9, 180.0, 47.0, 1990-09-06 00:00:00, 0.0
17.0, 18.8, 230.0, 33.0, 1990-09-07 00:00:00, 0.0
9.0, 16.3, 270.0, 39.0, 1990-09-08 00:00:00, 0.0
8.0, 16.6, 230.0, 37.0, 1990-09-09 00:00:00, 0.0
6.0, 18.8, 180.0, 34.0, 1990-09-10 00:00:00, 0.0
7.0, 18.3, 270.0, 42.0, 1990-09-11 00:00:00, 0.0
15.0, 12.5, 270.0, 62.0, 1990-09-12 00:00:00, 0.0
11.0, 16.7, 180.0, 43.0, 1990-09-13 00:00:00, 0.0
8.0, 20.2, 270.0, 40.0, 1990-09-14 00:00:00, 0.0
17.0, 19.7, 140.0, 39.0, 1990-09-15 00:00:00, 0.0
6.0, 9.0, 320.0, 99.0, 1990-09-16 00:00:00, 2.5
8.0, 12.4, 140.0, 80.0, 1990-09-17 00:00:00, 0.3
17.0, 13.3, 230.0, 60.0, 1990-09-18 00:00:00, 0.0
12.0, 9.7, 270.0, 57.0, 1990-09-19 00:00:00, 0.3
4.0, 11.7, 230.0, 48.0, 1990-09-20 00:00:00, 0.0
8.0, 15.5, 270.0, 68.0, 1990-09-21 00:00:00, 0.3
24.0, 21.6, 140.0, 39.0, 1990-09-22 00:00:00, 0.0
17.0, 20.2, 270.0, 37.0, 1990-09-23 00:00:00, 0.0
10.0, 19.5, 230.0, 31.0, 1990-09-24 00:00:00, 0.0
12.0, 11.5, 270.0, 47.0, 1990-09-25 00:00:00, 0.0
9.0, 13.1, 230.0, 22.0, 1990-09-26 00:00:00, 0.0
5.0, 13.3, 270.0, 33.0, 1990-09-27 00:00:00, 0.0
12.0, 14.0, 140.0, 45.0, 1990-09-28 00:00:00, 0.0
11.0, 7.9, 270.0, 46.0, 1990-09-29 00:00:00, 0.0
19.0, 10.1, 230.0, 42.0, 1990-09-30 00:00:00, 0.0
35.0, 9.9, 180.0, 42.0, 1990-10-01 00:00:00, 0.5
20.0, 7.0, 230.0, 55.0, 1990-10-02 00:00:00, 3.0
10.0, 2.0, 230.0, 90.0, 1990-10-03 00:00:00, 4.0
25.0, 4.0, 230.0, 95.0, 1990-10-04 00:00:00, 20.0
20.0, 5.0, 320.0, 70.0, 1990-10-05 00:00:00, 7.0
7.0, 10.0, 270.0, 60.0, 1990-10-06 00:00:00, 0.0
