station_observations
wind_speed, temperature, wind_direction, relative_humidity, time, precipitation
0.0, 0.0, 0.0, 0.0, 1989-06-19 00:00:00, 0.0
3.0, 9.8, 320.0, 84.0, 1989-06-20 00:00:00, 0.0
3.0, 15.4, 270.0, 68.0, 1989-06-21 00:00:00, 0.0
5.0, 15.6, 270.0, 71.0, 1989-06-22 00:00:00, 2.5
6.0, 22.0, 320.0, 39.0, 1989-06-23 00:00:00, 0.0
11.0, 22.3, 270.0, 45.0, 1989-06-24 00:00:00, 0.0
10.0, 22.9, 270.0, 36.0, 1989-06-25 00:00:00, 1.0
3.0, 11.7, 230.0, 76.0, 1989-06-26 00:00:00, 15.0
3.0, 8.0, 0.0, 88.0, 1989-06-27 00:00:00, 10.0
4.0, 10.4, 180.0, 81.0, 1989-06-28 00:00:00, 2.5
4.0, 12.5, 320.0, 84.0, 1989-06-29 00:00:00, 0.5
10.0, 18.3, 320.0, 61.0, 1989-06-30 00:00:00, 0.0
5.0, 13.4, 320.0, 74.0, 1989-07-01 00:00:00, 7.4
9.0, 16.0, 270.0, 66.0, 1989-07-02 00:00:00, 3.0
13.0, 16.7, 270.0, 68.0, 1989-07-03 00:00:00, 1.0
5.0, 15.2, 180.0, 60.0, 1989-07-04 00:00:00, 3.6
13.0, 16.1, 230.0, 59.0, 1989-07-05 00:00:00, 8.9
4.0, 10.9, 320.0, 89.0, 1989-07-06 00:00:00, 1.0
14.0, 19.9, 230.0, 48.0, 1989-07-07 00:00:00, 1.8
5.0, 12.2, 230.0, 86.0, 1989-07-08 00:00:00, 0.5
7.0, 18.7, 270.0, 65.0, 1989-07-09 00:00:00, 0.3
7.0, 19.7, 270.0, 61.0, 1989-07-10 00:00:00, 0.0
3.0, 17.6, 270.0, 73.0, 1989-07-11 00:00:00, 0.0
9.0, 25.6, 270.0, 34.0, 1989-07-12 00:00:00, 2.0
11.0, 20.9, 0.0, 67.0, 1989-07-13 00:00:00, 0.0
3.0, 23.8, 320.0, 63.0, 1989-07-14 00:00:00, 12.2
10.0, 20.3, 270.0, 65.0, 1989-07-15 00:00:00, 0.8
15.0, 18.2, 230.0, 72.0, 1989-07-16 00:00:00, 15.5
3.0, 18.9, 320.0, 63.0, 1989-07-17 00:00:00, 0.0
5.0, 15.7, 230.0, 68.0, 1989-07-18 00:00:00, 0.0
13.0, 22.3, 230.0, 52.0, 1989-07-19 00:00:00, 0.0
15.0, 23.3, 230.0, 40.0, 1989-07-20 00:00:00, 0.0
13.0, 15.8, 180.0, 65.0, 1989-07-21 00:00:00, 2.0
11.0, 14.8, 180.0, 58.0, 1989-07-22 00:00:00, 2.3
12.0, 18.5, 230.0, 47.0, 1989-07-23 00:00:00, 0.0
11.0, 18.7, 270.0, 49.0, 1989-07-24 00:00:00, 0.0
11.0, 21.7, 270.0, 44.0, 1989-07-25 00:00:00, 0.0
10.0, 28.3, 320.0, 28.0, 1989-07-26 00:00:00, 0.0
9.0, 23.8, 230.0, 49.0, 1989-07-27 00:00:00, 0.8
12.0, 23.8, 230.0, 51.0, 1989-07-28 00:00:00, 0.0
8.0, 30.1, 270.0, 27.0, 1989-07-29 00:00:00, 0.0
9.0, 26.4, 230.0, 48.0, 1989-07-30 00:00:00, 0.0
3.0, 25.3, 270.0, 46.0, 1989-07-31 00:00:00, 3.0
9.0, 20.6, 230.0, 62.0, 1989-08-01 00:00:00, 0.0
4.0, 12.7, 270.0, 94.0, 1989-08-02 00:00:00, 27.9
5.0, 13.6, 140.0, 90.0, 1989-08-03 00:00:00, 6.4
8.0, 21.2, 270.0, 66.0, 1989-08-04 00:00:00, 0.3
4.0, 24.9, 320.0, 49.0, 1989-08-05 00:00:00, 0.0
9.0, 25.3, 230.0, 50.0, 1989-08-06 00:00:00, 0.0
8.0, 25.7, 270.0, 43.0, 1989-08-07 00:00:00, 0.3
6.0, 25.6, 270.0, 46.0, 1989-08-08 00:00:00, 0.0
8.0, 21.4, 230.0, 50.0, 1989-08-09 00:00:00, 0.5
1.0, 16.1, 230.0, 81.0, 1989-08-10 00:00:00, 6.1
3.0, 13.9, 270.0, 84.0, 1989-08-11 00:00:00, 0.5
5.0, 25.1, 320.0, 41.0, 1989-08-12 00:00:00, 0.0
5.0, 21.5, 230.0, 62.0, 1989-08-13 00:00:00, 2.5
11.0, 14.1, 50.0, 83.0, 1989-08-14 00:00:00, 7.6
5.0, 12.5, 180.0, 95.0, 1989-08-15 00:00:00, 4.3
12.0, 14.0, 230.0, 90.0, 1989-08-16 00:00:00, 14.0
8.0, 19.7, 270.0, 76.0, 1989-08-17 00:00:00, 0.0
8.0, 17.7, 0.0, 80.0, 1989-08-18 00:00:00, 9.1
5.0, 17.3, 0.0, 85.0, 1989-08-19 00:00:00, 0.5
5.0, 15.1, 230.0, 93.0, 1989-08-20 00:00:00, 1.5
7.0, 12.1, 180.0, 95.0, 1989-08-21 00:00:00, 19.1
10.0, 14.2, 270.0, 82.0, 1989-08-22 00:00:00, 14.7
11.0, 13.7, 230.0, 83.0, 1989-08-23 00:00:00, 0.0
7.0, 14.9, 270.0, 90.0, 1989-08-24 00:00:00, 1.5
10.0, 17.5, 270.0, 74.0, 1989-08-25 00:00:00, 0.5
9.0, 18.4, 270.0, 64.0, 1989-08-26 00:00:00, 0.5
4.0, 17.0, 230.0, 57.0, 1989-08-27 00:00:00, 0.0
11.0, 13.2, 270.0, 76.0, 1989-08-28 00:00:00, 0.0
10.0, 16.6, 270.0, 60.0, 1989-08-29 00:00:00, 0.0
11.0, 16.8, 230.0, 68.0, 1989-08-30 00:00:00, 0.0
6.0, 14.1, 270.0, 85.0, 1989-08-31 00:00:00, 0.0
2.0, 13.7, 270.0, 90.0, 1989-09-01 00:00:00, 2.3
6.0, 14.4, 230.0, 83.0, 1989-09-02 00:00:00, 0.3
5.0, 15.5, 320.0, 71.0, 1989-09-03 00:00:00, 0.0
7.0, 11.9, 0.0, 84.0, 1989-09-04 00:00:00, 9.7
5.0, 12.0, 320.0, 79.0, 1989-09-05 00:00:00, 0.0
8.0, 15.5, 270.0, 79.0, 1989-09-06 00:00:00, 0.8
8.0, 19.5, 320.0, 52.0, 1989-09-07 00:00:00, 0.0
10.0, 16.7, 320.0, 35.0, 1989-09-08 00:00:00, 0.0
5.0, 16.1, 270.0, 51.0, 1989-09-09 00:00:00, 0.0
8.0, 16.7, 230.0, 48.0, 1989-09-10 00:00:00, 0.0
6.0, 18.2, 230.0, 56.0, 1989-09-11 00:00:00, 0.0
2.0, 17.8, 270.0, 61.0, 1989-09-12 00:00:00, 0.0
5.0, 18.1, 270.0, 63.0, 1989-09-13 00:00:00, 0.0
5.0, 17.3, 270.0, 60.0, 1989-09-14 00:00:00, 0.0
10.0, 13.8, 230.0, 60.0, 1989-09-15 00:00:00, 0.0
8.0, 10.1, 230.0, 78.0, 1989-09-16 00:00:00, 0.5
9.0, 11.2, 230.0, 71.0, 1989-09-17 00:00:00, 0.5
8.0, 10.9, 230.0, 65.0, 1989-09-18 00:00:00, 0.0
5.0, 9.0, 180.0, 91.0, 1989-09-19 00:00:00, 3.0
3.0, 13.2, 320.0, 91.0, 1989-09-20 00:00:00, 1.5
6.0, 15.1, 230.0, 78.0, 1989-09-21 00:00:00, 0.0
2.0, 20.6, 270.0, 55.0, 1989-09-22 00:00:00, 0.0
6.0, 17.6, 270.0, 66.0, 1989-09-23 00:00:00, 0.0
3.0, 18.9, 270.0, 50.0, 1989-09-24 00:00:00, 0.0
3.0, 21.1, 270.0, 46.0, 1989-09-25 00:00:00, 0.0
6.0, 19.0, 320.0, 55.0, 1989-09-26 00:00:00, 0.0
4.0, 14.1, 270.0, 90.0, 1989-09-27 00:00:00, 3.6
1.0, 17.5, 270.0, 57.0, 1989-09-28 00:00:00, 0.0
5.0, 18.0, 320.0, 61.0, 1989-09-29 00:00:00, 0.0
8.0, 8.7, 180.0, 85.0, 1989-09-30 00:00:00, 3.3
7.0, 8.8, 230.0, 78.0, 1989-10-01 00:00:00, 0.5
7.0, 9.5, 270.0, 71.0, 1989-10-02 00:00:00, 0.3
5.0, 11.8, 270.0, 64.0, 1989-10-03 00:00:00, 0.0
6.0, 12.4, 270.0, 73.0, 1989-10-04 00:00:00, 0.0
8.0, 12.7, 270.0, 90.0, 1989-10-05 00:00:00, 2.0
1.0, 12.1, 270.0, 77.0, 1989-10-06 00:00:00, 1.3
3.0, 14.0, 230.0, 67.0, 1989-10-07 00:00:00, 0.0
8.0, 11.7, 230.0, 86.0, 1989-10-08 00:00:00, 0.0
7.0, 9.5, 90.0, 93.0, 1989-10-09 00:00:00, 0.3
10.0, 7.0, 180.0, 83.0, 1989-10-10 00:00:00, 10.1
8.0, 10.2, 230.0, 72.0, 1989-10-11 00:00:00, 5.8
2.0, 7.7, 270.0, 84.0, 1989-10-12 00:00:00, 11.4
0.0, 5.3, 0.0, 95.0, 1989-10-13 00:00:00, 5.1
3.0, 4.7, 140.0, 94.0, 1989-10-14 00:00:00, 16.3
0.0, 4.5, 0.0, 87.0, 1989-10-15 00:00:00, 0.0
1.0, 5.7, 270.0, 58.0, 1989-10-16 00:00:00, 0.3
1.0, 9.3, 270.0, 66.0, 1989-10-17 00:00:00, 0.0
2.0, 7.1, 90.0, 98.0, 1989-10-18 00:00:00, 4.8
2.0, 8.3, 270.0, 84.0, 1989-10-19 00:00:00, 0.0
3.0, 16.8, 320.0, 32.0, 1990-07-16 00:00:00, 0.0
3.0, 16.8, 320.0, 32.0, 1990-07-17 00:00:00, 0.0
0.0, 11.8, 0.0, 83.0, 1990-07-18 00:00:00, 1.0
8.0, 17.0, 50.0, 50.0, 1990-07-19 00:00:00, 1.0
12.0, 19.0, 90.0, 45.0, 1990-07-20 00:00:00, 0.0
10.0, 23.0, 50.0, 40.0, 1990-07-21 00:00:00, 0.0
8.0, 26.0, 50.0, 30.0, 1990-07-22 00:00:00, 0.0
