station_observations
wind_speed, temperature, wind_direction, relative_humidity, time, precipitation
5.0, 18.0, 320.0, 53.0, 1990-05-24 00:00:00, 0.0
8.0, 10.2, 230.0, 96.0, 1990-05-25 00:00:00, 14.0
0.0, 14.0, 320.0, 71.0, 1990-05-26 00:00:00, 2.5
7.0, 22.2, 0.0, 35.0, 1990-05-27 00:00:00, 0.0
3.0, 19.5, 270.0, 45.0, 1990-05-28 00:00:00, 0.0
1.0, 13.8, 320.0, 93.0, 1990-05-29 00:00:00, 2.0
0.0, 12.5, 320.0, 93.0, 1990-05-30 00:00:00, 11.7
5.0, 17.4, 270.0, 63.0, 1990-05-31 00:00:00, 1.8
2.0, 13.5, 320.0, 84.0, 1990-06-01 00:00:00, 6.1
9.0, 15.9, 230.0, 59.0, 1990-06-02 00:00:00, 0.0
11.0, 12.5, 230.0, 76.0, 1990-06-03 00:00:00, 0.0
6.0, 11.3, 320.0, 88.0, 1990-06-04 00:00:00, 7.6
12.0, 10.9, 270.0, 87.0, 1990-06-05 00:00:00, 11.4
3.0, 17.9, 320.0, 46.0, 1990-06-06 00:00:00, 0.3
2.0, 12.0, 270.0, 89.0, 1990-06-07 00:00:00, 3.0
7.0, 16.1, 230.0, 52.0, 1990-06-08 00:00:00, 0.0
1.0, 13.9, 320.0, 86.0, 1990-06-09 00:00:00, 6.6
0.0, 11.9, 270.0, 95.0, 1990-06-10 00:00:00, 3.3
1.0, 7.6, 270.0, 97.0, 1990-06-11 00:00:00, 23.9
1.0, 11.0, 230.0, 87.0, 1990-06-12 00:00:00, 4.8
4.0, 18.3, 270.0, 44.0, 1990-06-13 00:00:00, 0.0
8.0, 20.2, 270.0, 41.0, 1990-06-14 00:00:00, 0.0
11.0, 20.4, 230.0, 44.0, 1990-06-15 00:00:00, 0.0
8.0, 17.4, 230.0, 53.0, 1990-06-16 00:00:00, 0.0
13.0, 16.9, 230.0, 44.0, 1990-06-17 00:00:00, 0.0
11.0, 14.4, 230.0, 63.0, 1990-06-18 00:00:00, 3.0
3.0, 15.5, 270.0, 66.0, 1990-06-19 00:00:00, 0.0
2.0, 15.1, 270.0, 61.0, 1990-06-20 00:00:00, 3.3
6.0, 22.3, 270.0, 42.0, 1990-06-21 00:00:00, 0.5
3.0, 27.5, 320.0, 27.0, 1990-06-22 00:00:00, 0.0
9.0, 21.7, 230.0, 32.0, 1990-06-23 00:00:00, 3.0
7.0, 16.9, 270.0, 64.0, 1990-06-24 00:00:00, 0.0
9.0, 22.1, 230.0, 38.0, 1990-06-25 00:00:00, 0.0
1.0, 16.3, 320.0, 71.0, 1990-06-26 00:00:00, 0.5
4.0, 20.7, 270.0, 37.0, 1990-06-27 00:00:00, 0.5
2.0, 14.6, 50.0, 89.0, 1990-06-28 00:00:00, 2.5
0.0, 15.6, 0.0, 85.0, 1990-06-29 00:00:00, 1.8
0.0, 16.7, 0.0, 91.0, 1990-06-30 00:00:00, 2.5
5.0, 15.7, 180.0, 71.0, 1990-07-01 00:00:00, 10.4
0.0, 11.5, 0.0, 90.0, 1990-07-02 00:00:00, 1.0
4.0, 12.2, 230.0, 88.0, 1990-07-03 00:00:00, 5.8
1.0, 18.9, 320.0, 53.0, 1990-07-04 00:00:00, 1.0
4.0, 26.0, 320.0, 34.0, 1990-07-05 00:00:00, 0.0
0.0, 15.9, 0.0, 90.0, 1990-07-06 00:00:00, 5.3
14.0, 18.8, 230.0, 71.0, 1990-07-07 00:00:00, 0.3
6.0, 23.7, 270.0, 46.0, 1990-07-08 00:00:00, 0.0
4.0, 19.5, 320.0, 67.0, 1990-07-09 00:00:00, 3.6
3.0, 27.3, 270.0, 33.0, 1990-07-10 00:00:00, 0.0
9.0, 30.7, 230.0, 31.0, 1990-07-11 00:00:00, 0.0
6.0, 28.5, 90.0, 33.0, 1990-07-12 00:00:00, 0.0
13.0, 20.4, 230.0, 33.0, 1990-07-13 00:00:00, 2.0
8.0, 22.0, 270.0, 31.0, 1990-07-14 00:00:00, 0.0
5.0, 21.0, 270.0, 37.0, 1990-07-15 00:00:00, 0.0
11.0, 19.6, 230.0, 33.0, 1990-07-16 00:00:00, 0.0
8.0, 19.8, 270.0, 34.0, 1990-07-17 00:00:00, 0.0
5.0, 13.1, 180.0, 87.0, 1990-07-18 00:00:00, 1.3
6.0, 21.1, 270.0, 42.0, 1990-07-19 00:00:00, 3.8
3.0, 23.1, 320.0, 29.0, 1990-07-20 00:00:00, 0.0
10.0, 24.0, 230.0, 33.0, 1990-07-21 00:00:00, 0.0
0.0, 25.6, 270.0, 28.0, 1990-07-22 00:00:00, 0.0
8.0, 24.1, 230.0, 44.0, 1990-07-23 00:00:00, 0.0
9.0, 21.5, 230.0, 69.0, 1990-07-24 00:00:00, 0.3
8.0, 22.0, 180.0, 69.0, 1990-07-25 00:00:00, 0.8
15.0, 23.6, 230.0, 48.0, 1990-07-26 00:00:00, 0.0
16.0, 21.3, 230.0, 41.0, 1990-07-27 00:00:00, 0.0
9.0, 23.2, 230.0, 41.0, 1990-07-28 00:00:00, 0.0
8.0, 27.6, 230.0, 32.0, 1990-07-29 00:00:00, 0.0
0.0, 26.3, 0.0, 40.0, 1990-07-30 00:00:00, 0.0
10.0, 21.4, 230.0, 56.0, 1990-07-31 00:00:00, 0.0
11.0, 21.7, 230.0, 30.0, 1990-08-01 00:00:00, 0.0
11.0, 14.7, 230.0, 58.0, 1990-08-02 00:00:00, 0.0
10.0, 21.3, 230.0, 38.0, 1990-08-03 00:00:00, 0.0
0.0, 26.9, 0.0, 36.0, 1990-08-04 00:00:00, 0.0
7.0, 30.6, 270.0, 23.0, 1990-08-05 00:00:00, 0.0
14.0, 23.9, 180.0, 23.0, 1990-08-06 00:00:00, 0.0
8.0, 21.6, 270.0, 37.0, 1990-08-07 00:00:00, 0.0
2.0, 24.9, 270.0, 32.0, 1990-08-08 00:00:00, 0.0
0.0, 17.0, 0.0, 68.0, 1990-08-09 00:00:00, 0.0
2.0, 27.5, 0.0, 41.0, 1990-08-10 00:00:00, 0.0
3.0, 30.0, 0.0, 34.0, 1990-08-11 00:00:00, 0.0
4.0, 28.6, 230.0, 34.0, 1990-08-12 00:00:00, 0.0
14.0, 28.2, 230.0, 37.0, 1990-08-13 00:00:00, 0.0
4.0, 24.0, 270.0, 45.0, 1990-08-14 00:00:00, 3.0
10.0, 24.5, 230.0, 30.0, 1990-08-15 00:00:00, 0.0
2.0, 19.4, 230.0, 50.0, 1990-08-16 00:00:00, 0.0
0.0, 18.0, 0.0, 86.0, 1990-08-17 00:00:00, 3.0
7.0, 21.5, 230.0, 57.0, 1990-08-18 00:00:00, 0.5
5.0, 23.7, 270.0, 47.0, 1990-08-19 00:00:00, 0.0
0.0, 25.4, 0.0, 41.0, 1990-08-20 00:00:00, 0.0
12.0, 24.0, 230.0, 40.0, 1990-08-21 00:00:00, 0.0
1.0, 18.1, 320.0, 81.0, 1990-08-22 00:00:00, 23.6
10.0, 12.2, 230.0, 73.0, 1990-08-23 00:00:00, 3.6
12.0, 13.0, 230.0, 65.0, 1990-08-24 00:00:00, 1.3
8.0, 12.4, 230.0, 73.0, 1990-08-25 00:00:00, 0.0
6.0, 13.2, 230.0, 86.0, 1990-08-26 00:00:00, 6.6
4.0, 17.1, 270.0, 60.0, 1990-08-27 00:00:00, 0.3
1.0, 11.5, 90.0, 90.0, 1990-08-28 00:00:00, 0.0
1.0, 18.1, 320.0, 58.0, 1990-08-29 00:00:00, 0.0
4.0, 12.3, 270.0, 91.0, 1990-08-30 00:00:00, 14.2
6.0, 10.4, 90.0, 93.0, 1990-08-31 00:00:00, 19.0
8.0, 13.7, 320.0, 86.0, 1990-09-01 00:00:00, 3.0
1.0, 13.3, 180.0, 85.0, 1990-09-02 00:00:00, 4.3
9.0, 14.5, 230.0, 60.0, 1990-09-03 00:00:00, 0.8
4.0, 16.4, 270.0, 54.0, 1990-09-04 00:00:00, 0.0
0.0, 18.9, 270.0, 53.0, 1990-09-05 00:00:00, 0.0
6.0, 18.3, 270.0, 59.0, 1990-09-06 00:00:00, 0.0
1.0, 20.2, 270.0, 48.0, 1990-09-07 00:00:00, 0.0
6.0, 19.4, 270.0, 51.0, 1990-09-08 00:00:00, 0.0
5.0, 18.3, 230.0, 54.0, 1990-09-09 00:00:00, 0.0
1.0, 19.2, 270.0, 50.0, 1990-09-10 00:00:00, 0.0
0.0, 19.0, 270.0, 48.0, 1990-09-11 00:00:00, 1.5
0.0, 15.6, 180.0, 66.0, 1990-09-12 00:00:00, 0.0
1.0, 17.3, 270.0, 51.0, 1990-09-13 00:00:00, 0.0
0.0, 20.0, 320.0, 51.0, 1990-09-14 00:00:00, 0.0
0.0, 19.9, 0.0, 54.0, 1990-09-15 00:00:00, 0.0
2.0, 11.9, 230.0, 94.0, 1990-09-16 00:00:00, 8.4
5.0, 15.6, 270.0, 73.0, 1990-09-17 00:00:00, 4.3
9.0, 17.9, 230.0, 53.0, 1990-09-18 00:00:00, 0.3
6.0, 12.8, 230.0, 68.0, 1990-09-19 00:00:00, 0.2
2.0, 12.7, 270.0, 63.0, 1990-09-20 00:00:00, 0.0
2.0, 18.0, 270.0, 66.0, 1990-09-21 00:00:00, 0.0
0.0, 19.2, 320.0, 65.0, 1990-09-22 00:00:00, 0.0
2.0, 19.7, 0.0, 59.0, 1990-09-23 00:00:00, 0.0
9.0, 19.1, 180.0, 46.0, 1990-09-24 00:00:00, 0.0
4.0, 17.0, 320.0, 47.0, 1990-09-25 00:00:00, 0.0
9.0, 14.0, 230.0, 47.0, 1990-09-26 00:00:00, 0.0
0.0, 13.8, 270.0, 46.0, 1990-09-27 00:00:00, 0.0
0.0, 12.0, 90.0, 79.0, 1990-09-28 00:00:00, 0.0
7.0, 14.6, 270.0, 33.0, 1990-09-29 00:00:00, 0.0
0.0, 12.6, 0.0, 45.0, 1990-09-30 00:00:00, 0.0
2.0, 10.4, 140.0, 93.0, 1990-10-01 00:00:00, 4.0
8.0, 7.2, 230.0, 66.0, 1990-10-02 00:00:00, 2.5
6.0, 5.0, 230.0, 88.0, 1990-10-03 00:00:00, 0.2
1.0, 5.6, 320.0, 95.0, 1990-10-04 00:00:00, 37.8
12.0, 7.0, 320.0, 60.0, 1990-10-05 00:00:00, 8.0
5.0, 12.0, 270.0, 45.0, 1990-10-06 00:00:00, 0.0
5.0, 11.0, 270.0, 45.0, 1990-10-07 00:00:00, 0.0
18.0, 7.0, 230.0, 60.0, 1990-10-08 00:00:00, 0.0
10.0, 20.0, 0.0, 45.0, 1991-07-03 00:00:00, 0.0
7.0, 19.1, 50.0, 52.0, 1991-07-04 00:00:00, 0.5
0.0, 8.0, 0.0, 99.0, 1991-07-05 00:00:00, 15.0
7.0, 17.0, 140.0, 68.0, 1991-07-06 00:00:00, 10.4
10.0, 21.4, 140.0, 42.0, 1991-07-07 00:00:00, 0.0
2.0, 20.1, 180.0, 62.0, 1991-07-08 00:00:00, 0.0
16.0, 22.5, 90.0, 37.0, 1991-07-09 00:00:00, 3.0
16.0, 22.5, 90.0, 37.0, 1991-07-10 00:00:00, 3.0
16.0, 22.5, 90.0, 37.0, 1991-07-11 00:00:00, 3.0
0.0, 18.7, 90.0, 79.0, 1991-07-12 00:00:00, 2.0
15.0, 13.4, 90.0, 86.0, 1991-07-13 00:00:00, 2.0
1.0, 17.1, 140.0, 63.0, 1991-07-14 00:00:00, 7.6
2.0, 12.9, 90.0, 97.0, 1991-07-15 00:00:00, 7.1
2.0, 15.7, 140.0, 90.0, 1991-07-16 00:00:00, 6.3
0.0, 14.2, 140.0, 94.0, 1991-07-17 00:00:00, 9.4
2.0, 15.1, 320.0, 63.0, 1991-07-18 00:00:00, 2.3
11.0, 16.5, 140.0, 61.0, 1991-07-19 00:00:00, 2.3
3.0, 14.3, 50.0, 70.0, 1991-07-20 00:00:00, 0.8
6.0, 15.7, 140.0, 81.0, 1991-07-21 00:00:00, 2.3
0.0, 22.5, 230.0, 43.0, 1991-07-22 00:00:00, 1.3
1.0, 25.7, 230.0, 45.0, 1991-07-23 00:00:00, 0.0
0.0, 28.7, 140.0, 31.0, 1991-07-24 00:00:00, 0.0
14.0, 16.0, 90.0, 96.0, 1991-07-25 00:00:00, 3.0
0.0, 17.5, 230.0, 84.0, 1991-07-26 00:00:00, 6.9
11.0, 18.3, 140.0, 73.0, 1991-07-27 00:00:00, 18.8
11.0, 19.5, 90.0, 45.0, 1991-07-28 00:00:00, 1.5
1.0, 10.7, 180.0, 97.0, 1991-07-29 00:00:00, 1.8
6.0, 18.5, 140.0, 48.0, 1991-07-30 00:00:00, 0.0
0.0, 20.0, 180.0, 51.0, 1991-07-31 00:00:00, 0.0
4.0, 22.0, 140.0, 47.0, 1991-08-01 00:00:00, 0.0
5.0, 24.2, 90.0, 41.0, 1991-08-02 00:00:00, 0.0
4.0, 24.6, 140.0, 38.0, 1991-08-03 00:00:00, 0.0
7.0, 25.0, 140.0, 41.0, 1991-08-04 00:00:00, 0.0
8.0, 20.3, 90.0, 66.0, 1991-08-05 00:00:00, 0.3
1.0, 23.9, 140.0, 54.0, 1991-08-06 00:00:00, 0.0
1.0, 23.3, 140.0, 60.0, 1991-08-07 00:00:00, 9.6
0.0, 20.4, 0.0, 83.0, 1991-08-08 00:00:00, 0.0
3.0, 16.3, 90.0, 94.0, 1991-08-09 00:00:00, 1.5
0.0, 15.8, 0.0, 99.0, 1991-08-10 00:00:00, 14.7
9.0, 18.5, 140.0, 78.0, 1991-08-11 00:00:00, 12.4
8.0, 19.8, 90.0, 76.0, 1991-08-12 00:00:00, 12.2
1.0, 14.2, 90.0, 99.0, 1991-08-13 00:00:00, 2.0
5.0, 20.3, 140.0, 79.0, 1991-08-14 00:00:00, 0.0
5.0, 20.3, 140.0, 79.0, 1991-08-15 00:00:00, 0.0
5.0, 24.7, 50.0, 57.0, 1991-08-16 00:00:00, 0.0
0.0, 25.6, 90.0, 55.0, 1991-08-17 00:00:00, 0.0
0.0, 22.7, 140.0, 64.0, 1991-08-18 00:00:00, 0.0
13.0, 22.6, 90.0, 50.0, 1991-08-19 00:00:00, 0.0
5.0, 21.6, 180.0, 66.0, 1991-08-20 00:00:00, 3.0
3.0, 22.4, 180.0, 40.0, 1991-08-21 00:00:00, 0.0
4.0, 21.7, 180.0, 45.0, 1991-08-22 00:00:00, 0.0
8.0, 13.6, 50.0, 79.0, 1991-08-23 00:00:00, 0.5
0.0, 14.1, 180.0, 79.0, 1991-08-24 00:00:00, 0.0
8.0, 17.0, 140.0, 57.0, 1991-08-25 00:00:00, 2.0
2.0, 13.4, 180.0, 91.0, 1991-08-26 00:00:00, 2.0
0.0, 14.8, 140.0, 85.0, 1991-08-27 00:00:00, 2.5
0.0, 12.1, 0.0, 86.0, 1991-08-28 00:00:00, 1.3
4.0, 12.1, 50.0, 97.0, 1991-08-29 00:00:00, 2.3
4.0, 12.1, 50.0, 97.0, 1991-08-30 00:00:00, 2.3
0.0, 14.2, 50.0, 99.0, 1991-08-31 00:00:00, 26.2
9.0, 10.3, 50.0, 96.0, 1991-09-01 00:00:00, 17.3
2.0, 11.7, 50.0, 88.0, 1991-09-02 00:00:00, 4.6
0.0, 14.0, 0.0, 71.0, 1991-09-03 00:00:00, 0.0
4.0, 19.2, 140.0, 59.0, 1991-09-04 00:00:00, 0.0
0.0, 20.4, 0.0, 56.0, 1991-09-05 00:00:00, 0.0
1.0, 17.7, 140.0, 73.0, 1991-09-06 00:00:00, 0.0
12.0, 14.9, 90.0, 75.0, 1991-09-07 00:00:00, 7.4
0.0, 16.9, 230.0, 47.0, 1991-09-08 00:00:00, 0.0
1.0, 15.9, 180.0, 57.0, 1991-09-09 00:00:00, 0.0
10.0, 17.3, 90.0, 56.0, 1991-09-10 00:00:00, 0.0
0.0, 17.4, 0.0, 70.0, 1991-09-11 00:00:00, 0.8
12.0, 19.5, 90.0, 50.0, 1991-09-12 00:00:00, 0.0
4.0, 11.0, 230.0, 87.0, 1991-09-13 00:00:00, 7.1
7.0, 14.6, 90.0, 70.0, 1991-09-14 00:00:00, 0.5
5.0, 15.3, 140.0, 72.0, 1991-09-15 00:00:00, 1.8
5.0, 16.2, 140.0, 69.0, 1991-09-16 00:00:00, 2.3
2.0, 16.8, 230.0, 58.0, 1991-09-17 00:00:00, 0.0
0.0, 19.2, 0.0, 59.0, 1991-09-18 00:00:00, 0.8
16.0, 13.6, 270.0, 61.0, 1991-09-19 00:00:00, 0.0
2.0, 10.7, 230.0, 57.0, 1991-09-20 00:00:00, 0.0
0.0, 9.5, 0.0, 77.0, 1991-09-21 00:00:00, 0.0
7.0, 6.3, 90.0, 98.0, 1991-09-22 00:00:00, 1.3
0.0, 9.6, 0.0, 99.0, 1991-09-23 00:00:00, 4.1
0.0, 15.2, 0.0, 82.0, 1991-09-24 00:00:00, 0.0
0.0, 17.6, 0.0, 70.0, 1991-09-25 00:00:00, 0.0
0.0, 16.6, 0.0, 60.0, 1991-09-26 00:00:00, 0.3
0.0, 17.8, 0.0, 72.0, 1991-09-27 00:00:00, 0.0
7.0, 15.4, 140.0, 73.0, 1991-09-28 00:00:00, 1.5
8.0, 10.9, 90.0, 55.0, 1991-09-29 00:00:00, 0.0
0.0, 9.4, 50.0, 80.0, 1991-09-30 00:00:00, 0.0
6.0, 14.4, 230.0, 47.0, 1991-10-01 00:00:00, 0.5
5.0, 9.7, 140.0, 65.0, 1991-10-02 00:00:00, 0.0
2.0, 8.2, 320.0, 78.0, 1991-10-03 00:00:00, 3.6
0.0, 9.1, 180.0, 58.0, 1991-10-04 00:00:00, 0.2
0.0, 12.6, 0.0, 59.0, 1991-10-05 00:00:00, 0.0
0.0, 10.9, 140.0, 83.0, 1991-10-06 00:00:00, 0.0
