station_observations
wind_speed, temperature, wind_direction, relative_humidity, time, precipitation
0.0, 0.0, 0.0, 0.0, 1990-07-15 00:00:00, 0.0
6.0, 17.6, 90.0, 44.0, 1990-07-16 00:00:00, 0.5
1.0, 17.8, 0.0, 38.0, 1990-07-17 00:00:00, 0.0
2.0, 15.7, 50.0, 69.0, 1990-07-18 00:00:00, 0.7
7.0, 20.5, 50.0, 37.0, 1990-07-19 00:00:00, 0.5
3.0, 22.4, 320.0, 27.0, 1990-07-20 00:00:00, 0.0
3.0, 22.4, 320.0, 27.0, 1990-07-21 00:00:00, 0.0
1.0, 27.8, 270.0, 19.0, 1990-07-22 00:00:00, 0.0
14.0, 19.4, 180.0, 71.0, 1990-07-23 00:00:00, 0.7
8.0, 20.0, 140.0, 66.0, 1990-07-24 00:00:00, 0.5
1.0, 22.4, 0.0, 68.0, 1990-07-25 00:00:00, 0.2
4.0, 23.6, 320.0, 43.0, 1990-07-26 00:00:00, 0.0
8.0, 20.2, 320.0, 42.0, 1990-07-27 00:00:00, 0.0
6.0, 23.5, 320.0, 37.0, 1990-07-28 00:00:00, 0.0
2.0, 27.3, 320.0, 31.0, 1990-07-29 00:00:00, 0.0
0.0, 26.8, 0.0, 43.0, 1990-07-30 00:00:00, 0.0
0.0, 24.2, 0.0, 46.0, 1990-07-31 00:00:00, 1.5
4.0, 21.1, 320.0, 34.0, 1990-08-01 00:00:00, 0.0
8.0, 16.8, 50.0, 53.0, 1990-08-02 00:00:00, 0.0
0.0, 21.0, 0.0, 40.0, 1990-08-03 00:00:00, 0.0
13.0, 27.9, 90.0, 32.0, 1990-08-04 00:00:00, 0.0
17.0, 30.5, 140.0, 21.0, 1990-08-05 00:00:00, 0.0
13.0, 23.7, 320.0, 29.0, 1990-08-06 00:00:00, 0.0
5.0, 20.7, 320.0, 35.0, 1990-08-07 00:00:00, 0.0
0.0, 25.1, 0.0, 33.0, 1990-08-08 00:00:00, 0.0
5.0, 27.1, 320.0, 31.0, 1990-08-09 00:00:00, 0.0
1.0, 20.5, 320.0, 29.0, 1990-08-10 00:00:00, 0.0
2.0, 30.7, 320.0, 24.0, 1990-08-11 00:00:00, 0.0
21.0, 30.3, 140.0, 26.0, 1990-08-12 00:00:00, 0.0
15.0, 31.3, 140.0, 24.0, 1990-08-13 00:00:00, 0.0
4.0, 24.0, 320.0, 53.0, 1990-08-14 00:00:00, 6.3
15.0, 25.8, 140.0, 12.0, 1990-08-15 00:00:00, 0.0
6.0, 19.5, 140.0, 63.0, 1990-08-16 00:00:00, 1.2
1.0, 18.4, 320.0, 65.0, 1990-08-17 00:00:00, 0.0
2.0, 22.0, 320.0, 47.0, 1990-08-18 00:00:00, 0.5
3.0, 24.4, 320.0, 38.0, 1990-08-19 00:00:00, 0.0
9.0, 27.0, 320.0, 34.0, 1990-08-20 00:00:00, 0.0
9.0, 20.0, 180.0, 59.0, 1990-08-21 00:00:00, 0.0
1.0, 16.0, 320.0, 62.0, 1990-08-22 00:00:00, 4.5
0.0, 9.9, 0.0, 88.0, 1990-08-23 00:00:00, 8.3
0.0, 12.2, 0.0, 67.0, 1990-08-24 00:00:00, 2.7
5.0, 9.1, 140.0, 83.0, 1990-08-25 00:00:00, 0.0
2.0, 11.9, 90.0, 86.0, 1990-08-26 00:00:00, 12.9
1.0, 16.7, 230.0, 52.0, 1990-08-27 00:00:00, 0.5
6.0, 18.5, 320.0, 35.0, 1990-08-28 00:00:00, 0.0
11.0, 20.0, 140.0, 42.0, 1990-08-29 00:00:00, 0.0
0.0, 11.6, 0.0, 91.0, 1990-08-30 00:00:00, 11.4
12.0, 11.0, 270.0, 97.0, 1990-08-31 00:00:00, 19.3
2.0, 14.6, 140.0, 67.0, 1990-09-01 00:00:00, 0.0
2.0, 13.0, 140.0, 78.0, 1990-09-02 00:00:00, 4.3
0.0, 14.9, 0.0, 43.0, 1990-09-03 00:00:00, 0.0
4.0, 18.5, 320.0, 41.0, 1990-09-04 00:00:00, 0.0
5.0, 21.4, 320.0, 38.0, 1990-09-05 00:00:00, 0.0
9.0, 21.7, 320.0, 32.0, 1990-09-06 00:00:00, 0.0
5.0, 22.4, 320.0, 22.0, 1990-09-07 00:00:00, 0.0
6.0, 21.0, 0.0, 34.0, 1990-09-08 00:00:00, 0.0
2.0, 20.9, 320.0, 23.0, 1990-09-09 00:00:00, 0.0
1.0, 22.7, 270.0, 35.0, 1990-09-10 00:00:00, 0.0
7.0, 22.4, 320.0, 38.0, 1990-09-11 00:00:00, 0.0
14.0, 14.8, 320.0, 47.0, 1990-09-12 00:00:00, 0.0
1.0, 19.7, 270.0, 40.0, 1990-09-13 00:00:00, 0.0
1.0, 21.7, 270.0, 40.0, 1990-09-14 00:00:00, 0.0
4.0, 22.9, 270.0, 27.0, 1990-09-15 00:00:00, 0.0
1.0, 11.2, 180.0, 99.0, 1990-09-16 00:00:00, 0.5
0.0, 14.5, 0.0, 76.0, 1990-09-17 00:00:00, 3.3
7.0, 18.0, 180.0, 42.0, 1990-09-18 00:00:00, 0.0
3.0, 13.6, 320.0, 47.0, 1990-09-19 00:00:00, 0.0
1.0, 15.8, 140.0, 41.0, 1990-09-20 00:00:00, 0.0
10.0, 19.5, 0.0, 48.0, 1990-09-21 00:00:00, 0.0
0.0, 24.7, 0.0, 39.0, 1990-09-22 00:00:00, 0.0
8.0, 23.9, 320.0, 32.0, 1990-09-23 00:00:00, 0.0
0.0, 22.6, 0.0, 33.0, 1990-09-24 00:00:00, 0.0
6.0, 16.5, 320.0, 38.0, 1990-09-25 00:00:00, 0.0
0.0, 15.3, 0.0, 39.0, 1990-09-26 00:00:00, 0.0
7.0, 16.0, 50.0, 35.0, 1990-09-27 00:00:00, 0.0
12.0, 14.0, 140.0, 45.0, 1990-09-28 00:00:00, 0.0
13.0, 15.0, 230.0, 45.0, 1990-09-29 00:00:00, 0.0
10.0, 14.0, 270.0, 45.0, 1990-09-30 00:00:00, 0.0
25.0, 11.0, 230.0, 70.0, 1990-10-01 00:00:00, 2.0
8.0, 14.0, 270.0, 36.0, 1991-06-01 00:00:00, 0.0
6.0, 12.6, 0.0, 52.0, 1991-06-02 00:00:00, 0.0
1.0, 9.0, 140.0, 53.0, 1991-06-03 00:00:00, 8.3
1.0, 7.3, 50.0, 90.0, 1991-06-04 00:00:00, 5.0
3.0, 19.7, 320.0, 43.0, 1991-06-05 00:00:00, 1.5
1.0, 24.0, 320.0, 27.0, 1991-06-06 00:00:00, 0.0
3.0, 18.9, 0.0, 49.0, 1991-06-07 00:00:00, 0.0
4.0, 13.7, 0.0, 43.0, 1991-06-08 00:00:00, 0.0
0.0, 18.0, 90.0, 48.0, 1991-06-09 00:00:00, 0.0
0.0, 15.2, 270.0, 86.0, 1991-06-10 00:00:00, 3.0
5.0, 14.0, 0.0, 62.0, 1991-06-11 00:00:00, 0.0
8.0, 8.5, 50.0, 92.0, 1991-06-12 00:00:00, 11.1
5.0, 10.2, 320.0, 62.0, 1991-06-13 00:00:00, 1.0
2.0, 8.8, 90.0, 93.0, 1991-06-14 00:00:00, 10.1
11.0, 9.9, 90.0, 88.0, 1991-06-15 00:00:00, 10.9
6.0, 16.1, 320.0, 47.0, 1991-06-16 00:00:00, 0.2
0.0, 10.9, 0.0, 95.0, 1991-06-17 00:00:00, 10.9
2.0, 15.6, 0.0, 73.0, 1991-06-18 00:00:00, 4.8
4.0, 19.6, 320.0, 42.0, 1991-06-19 00:00:00, 0.5
0.0, 19.5, 90.0, 43.0, 1991-06-20 00:00:00, 0.0
1.0, 18.4, 270.0, 59.0, 1991-06-21 00:00:00, 0.0
0.0, 12.9, 140.0, 92.0, 1991-06-22 00:00:00, 4.0
0.0, 17.8, 0.0, 60.0, 1991-06-23 00:00:00, 7.3
1.0, 19.3, 320.0, 56.0, 1991-06-24 00:00:00, 1.5
14.0, 16.2, 90.0, 72.0, 1991-06-25 00:00:00, 2.2
0.0, 17.5, 270.0, 69.0, 1991-06-26 00:00:00, 5.0
0.0, 19.9, 270.0, 56.0, 1991-06-27 00:00:00, 0.2
0.0, 23.1, 0.0, 40.0, 1991-06-28 00:00:00, 2.2
2.0, 25.8, 0.0, 38.0, 1991-06-29 00:00:00, 0.0
2.0, 16.8, 270.0, 70.0, 1991-06-30 00:00:00, 6.8
11.0, 22.0, 90.0, 46.0, 1991-07-01 00:00:00, 0.2
16.0, 26.3, 90.0, 38.0, 1991-07-02 00:00:00, 0.0
8.0, 24.4, 270.0, 37.0, 1991-07-03 00:00:00, 0.0
11.0, 20.9, 270.0, 39.0, 1991-07-04 00:00:00, 0.0
0.0, 8.1, 90.0, 84.0, 1991-07-05 00:00:00, 1.0
6.0, 15.2, 90.0, 78.0, 1991-07-06 00:00:00, 7.8
2.0, 19.9, 270.0, 47.0, 1991-07-07 00:00:00, 0.0
1.0, 24.4, 0.0, 32.0, 1991-07-08 00:00:00, 0.0
11.0, 22.7, 270.0, 32.0, 1991-07-09 00:00:00, 0.0
3.0, 23.8, 270.0, 27.0, 1991-07-10 00:00:00, 0.0
18.0, 23.1, 90.0, 38.0, 1991-07-11 00:00:00, 0.0
14.0, 20.9, 90.0, 59.0, 1991-07-12 00:00:00, 1.2
0.0, 11.2, 270.0, 93.0, 1991-07-13 00:00:00, 2.7
0.0, 16.6, 90.0, 58.0, 1991-07-14 00:00:00, 8.8
1.0, 12.3, 90.0, 94.0, 1991-07-15 00:00:00, 13.9
2.0, 17.8, 90.0, 60.0, 1991-07-16 00:00:00, 3.0
0.0, 15.7, 90.0, 64.0, 1991-07-17 00:00:00, 3.0
3.0, 17.2, 0.0, 49.0, 1991-07-18 00:00:00, 0.0
4.0, 17.5, 320.0, 48.0, 1991-07-19 00:00:00, 0.5
0.0, 15.1, 0.0, 64.0, 1991-07-20 00:00:00, 0.5
0.0, 15.3, 90.0, 79.0, 1991-07-21 00:00:00, 11.1
0.0, 22.8, 320.0, 36.0, 1991-07-22 00:00:00, 0.0
0.0, 27.5, 270.0, 34.0, 1991-07-23 00:00:00, 0.0
14.0, 30.9, 90.0, 23.0, 1991-07-24 00:00:00, 0.0
0.0, 16.4, 320.0, 91.0, 1991-07-25 00:00:00, 3.0
0.0, 14.4, 320.0, 86.0, 1991-07-26 00:00:00, 4.3
0.0, 16.1, 140.0, 77.0, 1991-07-27 00:00:00, 5.5
0.0, 17.3, 270.0, 49.0, 1991-07-28 00:00:00, 1.5
10.0, 12.5, 270.0, 66.0, 1991-07-29 00:00:00, 0.0
0.0, 18.8, 230.0, 42.0, 1991-07-30 00:00:00, 0.0
2.0, 21.2, 270.0, 41.0, 1991-07-31 00:00:00, 0.0
11.0, 22.5, 270.0, 33.0, 1991-08-01 00:00:00, 0.0
6.0, 26.1, 90.0, 27.0, 1991-08-02 00:00:00, 0.0
13.0, 26.2, 90.0, 22.0, 1991-08-03 00:00:00, 0.0
0.0, 28.6, 90.0, 28.0, 1991-08-04 00:00:00, 0.0
0.0, 19.3, 0.0, 70.0, 1991-08-05 00:00:00, 0.2
4.0, 26.6, 90.0, 42.0, 1991-08-06 00:00:00, 0.0
19.0, 25.0, 90.0, 39.0, 1991-08-07 00:00:00, 2.7
28.0, 23.1, 90.0, 46.0, 1991-08-08 00:00:00, 0.0
0.0, 15.8, 320.0, 93.0, 1991-08-09 00:00:00, 3.8
1.0, 15.0, 0.0, 95.0, 1991-08-10 00:00:00, 10.6
1.0, 18.8, 320.0, 67.0, 1991-08-11 00:00:00, 6.0
2.0, 20.8, 320.0, 66.0, 1991-08-12 00:00:00, 18.7
0.0, 13.3, 140.0, 95.0, 1991-08-13 00:00:00, 11.1
5.0, 19.5, 90.0, 79.0, 1991-08-14 00:00:00, 0.5
0.0, 26.6, 90.0, 55.0, 1991-08-15 00:00:00, 0.0
0.0, 29.3, 320.0, 45.0, 1991-08-16 00:00:00, 0.0
0.0, 29.9, 90.0, 39.0, 1991-08-17 00:00:00, 0.0
0.0, 18.7, 270.0, 92.0, 1991-08-18 00:00:00, 1.5
5.0, 24.6, 270.0, 39.0, 1991-08-19 00:00:00, 0.0
5.0, 22.2, 320.0, 47.0, 1991-08-20 00:00:00, 0.0
0.0, 22.7, 270.0, 37.0, 1991-08-21 00:00:00, 0.0
