station_observations
wind_speed, temperature, wind_direction, relative_humidity, time, precipitation
0.0, 0.0, 0.0, 0.0, 1991-06-17 00:00:00, 0.0
3.0, 12.9, 0.0, 71.0, 1991-06-18 00:00:00, 0.2
14.0, 17.5, 0.0, 45.0, 1991-06-19 00:00:00, 1.2
15.0, 17.2, 0.0, 43.0, 1991-06-20 00:00:00, 0.0
6.0, 15.7, 230.0, 65.0, 1991-06-21 00:00:00, 0.0
6.0, 12.0, 90.0, 82.0, 1991-06-22 00:00:00, 3.3
4.0, 15.4, 230.0, 64.0, 1991-06-23 00:00:00, 1.0
10.0, 15.7, 230.0, 74.0, 1991-06-24 00:00:00, 3.3
8.0, 16.1, 230.0, 60.0, 1991-06-25 00:00:00, 0.5
0.0, 13.0, 0.0, 89.0, 1991-06-26 00:00:00, 1.0
1.0, 17.4, 0.0, 66.0, 1991-06-27 00:00:00, 0.0
7.0, 19.8, 230.0, 50.0, 1991-06-28 00:00:00, 11.6
12.0, 14.0, 140.0, 89.0, 1991-06-29 00:00:00, 4.3
2.0, 13.4, 230.0, 92.0, 1991-06-30 00:00:00, 4.6
7.0, 18.5, 320.0, 58.0, 1991-07-01 00:00:00, 0.0
25.0, 22.9, 230.0, 43.0, 1991-07-02 00:00:00, 0.0
11.0, 20.9, 230.0, 45.0, 1991-07-03 00:00:00, 0.0
13.0, 18.1, 230.0, 46.0, 1991-07-04 00:00:00, 0.0
1.0, 6.4, 270.0, 90.0, 1991-07-05 00:00:00, 8.9
8.0, 12.8, 230.0, 80.0, 1991-07-06 00:00:00, 6.6
9.0, 18.8, 270.0, 49.0, 1991-07-07 00:00:00, 0.0
12.0, 20.9, 270.0, 38.0, 1991-07-08 00:00:00, 0.0
9.0, 20.7, 270.0, 33.0, 1991-07-09 00:00:00, 0.0
12.0, 20.9, 270.0, 38.0, 1991-07-10 00:00:00, 0.0
11.0, 20.8, 230.0, 45.0, 1991-07-11 00:00:00, 0.0
7.0, 17.1, 180.0, 73.0, 1991-07-12 00:00:00, 0.8
6.0, 9.6, 230.0, 95.0, 1991-07-13 00:00:00, 11.4
4.0, 15.1, 180.0, 59.0, 1991-07-14 00:00:00, 2.8
2.0, 10.7, 0.0, 93.0, 1991-07-15 00:00:00, 9.7
0.0, 14.4, 0.0, 85.0, 1991-07-16 00:00:00, 3.6
13.0, 13.1, 230.0, 71.0, 1991-07-17 00:00:00, 0.0
12.0, 12.7, 270.0, 63.0, 1991-07-18 00:00:00, 0.0
8.0, 12.5, 180.0, 61.0, 1991-07-19 00:00:00, 0.0
7.0, 12.1, 270.0, 74.0, 1991-07-20 00:00:00, 1.0
8.0, 11.2, 230.0, 88.0, 1991-07-21 00:00:00, 5.1
11.0, 18.8, 230.0, 47.0, 1991-07-22 00:00:00, 0.0
6.0, 24.0, 230.0, 38.0, 1991-07-23 00:00:00, 0.0
15.0, 27.7, 270.0, 29.0, 1991-07-24 00:00:00, 0.0
5.0, 13.1, 180.0, 97.0, 1991-07-25 00:00:00, 3.0
2.0, 13.1, 320.0, 86.0, 1991-07-26 00:00:00, 11.7
5.0, 14.3, 270.0, 80.0, 1991-07-27 00:00:00, 8.4
4.0, 14.7, 270.0, 60.0, 1991-07-28 00:00:00, 3.8
12.0, 8.5, 230.0, 87.0, 1991-07-29 00:00:00, 2.8
6.0, 14.9, 230.0, 47.0, 1991-07-30 00:00:00, 0.0
1.0, 17.5, 230.0, 50.0, 1991-07-31 00:00:00, 0.0
11.0, 19.1, 270.0, 50.0, 1991-08-01 00:00:00, 0.0
4.0, 21.7, 180.0, 39.0, 1991-08-02 00:00:00, 0.0
10.0, 22.9, 270.0, 34.0, 1991-08-03 00:00:00, 0.0
6.0, 23.2, 230.0, 38.0, 1991-08-04 00:00:00, 0.0
9.0, 15.3, 230.0, 86.0, 1991-08-05 00:00:00, 0.3
8.0, 20.6, 230.0, 64.0, 1991-08-06 00:00:00, 0.0
5.0, 23.1, 0.0, 40.0, 1991-08-07 00:00:00, 1.3
18.0, 24.2, 270.0, 41.0, 1991-08-08 00:00:00, 0.0
6.0, 14.0, 180.0, 88.0, 1991-08-09 00:00:00, 2.3
2.0, 12.3, 270.0, 98.0, 1991-08-10 00:00:00, 19.8
4.0, 13.9, 230.0, 87.0, 1991-08-11 00:00:00, 8.1
8.0, 16.3, 270.0, 82.0, 1991-08-12 00:00:00, 12.4
3.0, 11.5, 270.0, 97.0, 1991-08-13 00:00:00, 4.3
2.0, 15.3, 270.0, 93.0, 1991-08-14 00:00:00, 0.8
8.0, 21.8, 270.0, 68.0, 1991-08-15 00:00:00, 0.0
7.0, 24.0, 230.0, 58.0, 1991-08-16 00:00:00, 0.0
7.0, 25.3, 270.0, 48.0, 1991-08-17 00:00:00, 0.0
10.0, 17.6, 50.0, 85.0, 1991-08-18 00:00:00, 5.1
12.0, 20.6, 230.0, 49.0, 1991-08-19 00:00:00, 0.0
10.0, 17.6, 230.0, 63.0, 1991-08-20 00:00:00, 0.3
8.0, 18.8, 270.0, 47.0, 1991-08-21 00:00:00, 0.0
7.0, 18.8, 230.0, 41.0, 1991-08-22 00:00:00, 0.0
0.0, 10.4, 0.0, 95.0, 1991-08-23 00:00:00, 1.5
10.0, 11.6, 270.0, 73.0, 1991-08-24 00:00:00, 1.8
10.0, 13.3, 230.0, 63.0, 1991-08-25 00:00:00, 1.0
5.0, 10.0, 230.0, 95.0, 1991-08-26 00:00:00, 2.8
5.0, 12.7, 0.0, 81.0, 1991-08-27 00:00:00, 2.8
14.0, 10.0, 50.0, 84.0, 1991-08-28 00:00:00, 3.8
21.0, 9.9, 50.0, 87.0, 1991-08-29 00:00:00, 2.0
5.0, 10.3, 180.0, 95.0, 1991-08-30 00:00:00, 16.8
1.0, 12.6, 0.0, 92.0, 1991-08-31 00:00:00, 19.0
7.0, 7.1, 180.0, 94.0, 1991-09-01 00:00:00, 22.1
9.0, 9.9, 230.0, 70.0, 1991-09-02 00:00:00, 1.3
3.0, 13.3, 270.0, 70.0, 1991-09-03 00:00:00, 0.0
5.0, 16.6, 270.0, 62.0, 1991-09-04 00:00:00, 0.0
0.0, 21.0, 0.0, 43.0, 1991-09-05 00:00:00, 0.0
0.0, 14.7, 0.0, 76.0, 1991-09-06 00:00:00, 0.0
5.0, 9.7, 320.0, 94.0, 1991-09-07 00:00:00, 4.3
6.0, 11.0, 270.0, 73.0, 1991-09-08 00:00:00, 0.0
4.0, 14.1, 230.0, 55.0, 1991-09-09 00:00:00, 0.0
9.0, 13.9, 230.0, 65.0, 1991-09-10 00:00:00, 0.0
6.0, 15.3, 230.0, 69.0, 1991-09-11 00:00:00, 0.3
3.0, 17.7, 270.0, 50.0, 1991-09-12 00:00:00, 0.0
7.0, 6.6, 270.0, 89.0, 1991-09-13 00:00:00, 9.4
7.0, 10.5, 270.0, 79.0, 1991-09-14 00:00:00, 0.3
6.0, 12.4, 320.0, 78.0, 1991-09-15 00:00:00, 1.5
3.0, 11.3, 320.0, 83.0, 1991-09-16 00:00:00, 2.8
5.0, 13.7, 320.0, 67.0, 1991-09-17 00:00:00, 0.0
3.0, 18.5, 270.0, 56.0, 1991-09-18 00:00:00, 0.8
6.0, 14.3, 270.0, 71.0, 1991-09-19 00:00:00, 0.0
2.0, 7.4, 0.0, 65.0, 1991-09-20 00:00:00, 0.0
9.0, 7.0, 320.0, 73.0, 1991-09-21 00:00:00, 0.0
0.0, 4.3, 0.0, 87.0, 1991-09-22 00:00:00, 1.0
3.0, 8.2, 320.0, 94.0, 1991-09-23 00:00:00, 4.1
3.0, 14.9, 270.0, 76.0, 1991-09-24 00:00:00, 0.0
0.0, 17.7, 140.0, 69.0, 1991-09-25 00:00:00, 0.0
0.0, 18.6, 230.0, 54.0, 1991-09-26 00:00:00, 0.0
3.0, 19.5, 270.0, 46.0, 1991-09-27 00:00:00, 0.0
6.0, 12.4, 270.0, 72.0, 1991-09-28 00:00:00, 2.5
4.0, 8.4, 0.0, 60.0, 1991-09-29 00:00:00, 0.0
0.0, 10.2, 320.0, 63.0, 1991-09-30 00:00:00, 0.0
9.0, 8.2, 230.0, 70.0, 1991-10-01 00:00:00, 0.5
10.0, 7.2, 270.0, 62.0, 1991-10-02 00:00:00, 0.0
8.0, 6.6, 230.0, 68.0, 1991-10-03 00:00:00, 2.8
5.0, 7.5, 230.0, 52.0, 1991-10-04 00:00:00, 0.0
0.0, 12.8, 0.0, 59.0, 1991-10-05 00:00:00, 0.0
0.0, 14.0, 0.0, 50.0, 1991-10-06 00:00:00, 0.0
10.0, 6.9, 320.0, 49.0, 1991-10-07 00:00:00, 0.0
3.0, 6.9, 50.0, 47.0, 1991-10-08 00:00:00, 0.0
