station_observations
wind_speed, temperature, wind_direction, relative_humidity, time, precipitation
10.0, 13.5, 0.0, 53.0, 1991-06-05 00:00:00, 0.7
13.0, 19.5, 140.0, 31.0, 1991-06-06 00:00:00, 0.0
10.0, 13.9, 50.0, 60.0, 1991-06-07 00:00:00, 0.0
10.0, 8.5, 0.0, 58.0, 1991-06-08 00:00:00, 1.2
12.0, 11.1, 90.0, 65.0, 1991-06-09 00:00:00, 0.0
16.0, 12.4, 180.0, 86.0, 1991-06-10 00:00:00, 4.0
9.0, 9.0, 90.0, 66.0, 1991-06-11 00:00:00, 2.2
6.0, 8.0, 140.0, 65.0, 1991-06-12 00:00:00, 3.3
9.0, 9.1, 180.0, 61.0, 1991-06-13 00:00:00, 0.7
12.0, 6.9, 180.0, 89.0, 1991-06-14 00:00:00, 12.6
13.0, 8.4, 140.0, 88.0, 1991-06-15 00:00:00, 11.6
13.0, 12.6, 320.0, 62.0, 1991-06-16 00:00:00, 8.8
6.0, 9.3, 50.0, 97.0, 1991-06-17 00:00:00, 9.3
8.0, 11.5, 0.0, 75.0, 1991-06-18 00:00:00, 7.1
8.0, 17.3, 50.0, 49.0, 1991-06-19 00:00:00, 0.7
11.0, 19.3, 90.0, 42.0, 1991-06-20 00:00:00, 0.0
10.0, 19.8, 180.0, 48.0, 1991-06-21 00:00:00, 0.0
5.0, 12.3, 230.0, 81.0, 1991-06-22 00:00:00, 5.3
6.0, 14.3, 50.0, 67.0, 1991-06-23 00:00:00, 2.2
7.0, 17.3, 140.0, 54.0, 1991-06-24 00:00:00, 2.5
11.0, 16.3, 0.0, 58.0, 1991-06-25 00:00:00, 0.0
10.0, 12.4, 140.0, 78.0, 1991-06-26 00:00:00, 0.0
1.0, 16.5, 140.0, 67.0, 1991-06-27 00:00:00, 0.0
5.0, 14.7, 0.0, 75.0, 1991-06-28 00:00:00, 0.5
14.0, 22.1, 140.0, 44.0, 1991-06-29 00:00:00, 0.0
7.0, 9.9, 0.0, 97.0, 1991-06-30 00:00:00, 1.2
15.0, 18.8, 140.0, 55.0, 1991-07-01 00:00:00, 0.5
18.0, 27.1, 180.0, 51.0, 1991-07-02 00:00:00, 0.0
10.0, 17.3, 0.0, 71.0, 1991-07-03 00:00:00, 1.0
14.0, 15.6, 0.0, 62.0, 1991-07-04 00:00:00, 0.2
3.0, 5.2, 50.0, 98.0, 1991-07-05 00:00:00, 7.9
7.0, 13.9, 50.0, 74.0, 1991-07-06 00:00:00, 9.1
9.0, 16.4, 0.0, 60.0, 1991-07-07 00:00:00, 0.0
6.0, 17.5, 140.0, 56.0, 1991-07-08 00:00:00, 2.3
5.0, 18.7, 50.0, 52.0, 1991-07-09 00:00:00, 0.0
10.0, 16.1, 320.0, 54.0, 1991-07-10 00:00:00, 0.0
14.0, 17.0, 180.0, 61.0, 1991-07-11 00:00:00, 0.5
18.0, 17.5, 140.0, 68.0, 1991-07-12 00:00:00, 0.0
9.0, 9.6, 180.0, 87.0, 1991-07-13 00:00:00, 4.8
11.0, 13.0, 140.0, 63.0, 1991-07-14 00:00:00, 15.2
15.0, 10.3, 180.0, 94.0, 1991-07-15 00:00:00, 8.6
10.0, 12.0, 180.0, 87.0, 1991-07-16 00:00:00, 6.3
12.0, 11.5, 180.0, 82.0, 1991-07-17 00:00:00, 7.1
11.0, 11.5, 140.0, 75.0, 1991-07-18 00:00:00, 1.0
8.0, 12.8, 140.0, 57.0, 1991-07-19 00:00:00, 0.0
4.0, 10.6, 140.0, 74.0, 1991-07-20 00:00:00, 0.0
11.0, 11.2, 180.0, 94.0, 1991-07-21 00:00:00, 4.3
2.0, 18.1, 140.0, 54.0, 1991-07-22 00:00:00, 2.0
4.0, 24.3, 180.0, 41.0, 1991-07-23 00:00:00, 0.0
9.0, 27.1, 180.0, 35.0, 1991-07-24 00:00:00, 0.0
3.0, 12.9, 90.0, 99.0, 1991-07-25 00:00:00, 3.3
15.0, 13.0, 180.0, 95.0, 1991-07-26 00:00:00, 2.0
10.0, 11.7, 320.0, 89.0, 1991-07-27 00:00:00, 18.5
18.0, 14.6, 140.0, 68.0, 1991-07-28 00:00:00, 4.3
6.0, 7.6, 140.0, 95.0, 1991-07-29 00:00:00, 6.3
7.0, 12.1, 90.0, 72.0, 1991-07-30 00:00:00, 1.7
9.0, 16.8, 0.0, 49.0, 1991-07-31 00:00:00, 0.0
12.0, 19.6, 50.0, 46.0, 1991-08-01 00:00:00, 0.0
10.0, 20.6, 180.0, 45.0, 1991-08-02 00:00:00, 0.0
14.0, 22.7, 180.0, 39.0, 1991-08-03 00:00:00, 0.0
14.0, 23.9, 140.0, 40.0, 1991-08-04 00:00:00, 0.0
6.0, 17.8, 0.0, 69.0, 1991-08-05 00:00:00, 0.0
11.0, 22.7, 140.0, 55.0, 1991-08-06 00:00:00, 0.0
20.0, 20.6, 140.0, 49.0, 1991-08-07 00:00:00, 8.8
23.0, 18.7, 180.0, 60.0, 1991-08-08 00:00:00, 0.0
8.0, 12.8, 180.0, 94.0, 1991-08-09 00:00:00, 3.0
15.0, 12.7, 0.0, 93.0, 1991-08-10 00:00:00, 8.6
7.0, 15.4, 0.0, 91.0, 1991-08-11 00:00:00, 10.1
3.0, 19.2, 90.0, 67.0, 1991-08-12 00:00:00, 2.0
2.0, 13.4, 90.0, 95.0, 1991-08-13 00:00:00, 0.2
11.0, 21.6, 0.0, 64.0, 1991-08-14 00:00:00, 0.0
11.0, 21.6, 0.0, 64.0, 1991-08-15 00:00:00, 0.0
11.0, 21.6, 0.0, 64.0, 1991-08-16 00:00:00, 0.0
11.0, 24.1, 320.0, 61.0, 1991-08-17 00:00:00, 1.0
11.0, 22.1, 180.0, 56.0, 1991-08-18 00:00:00, 1.0
15.0, 20.0, 180.0, 36.0, 1991-08-19 00:00:00, 0.0
13.0, 17.3, 0.0, 57.0, 1991-08-20 00:00:00, 1.0
13.0, 17.3, 0.0, 57.0, 1991-08-21 00:00:00, 1.0
13.0, 17.3, 0.0, 57.0, 1991-08-22 00:00:00, 1.0
13.0, 13.0, 140.0, 69.0, 1991-08-23 00:00:00, 0.0
10.0, 8.2, 270.0, 75.0, 1991-08-24 00:00:00, 0.0
17.0, 14.5, 180.0, 48.0, 1991-08-25 00:00:00, 0.0
17.0, 11.5, 140.0, 86.0, 1991-08-26 00:00:00, 3.3
15.0, 23.2, 50.0, 47.0, 1992-06-13 00:00:00, 0.5
1.0, 17.5, 270.0, 62.0, 1992-06-14 00:00:00, 0.0
2.0, 19.3, 270.0, 57.0, 1992-06-15 00:00:00, 0.0
7.0, 15.7, 140.0, 86.0, 1992-06-16 00:00:00, 7.6
5.0, 18.1, 90.0, 47.0, 1992-06-17 00:00:00, 0.0
2.0, 21.6, 140.0, 35.0, 1992-06-18 00:00:00, 0.0
7.0, 20.5, 140.0, 52.0, 1992-06-19 00:00:00, 0.0
11.0, 19.9, 320.0, 48.0, 1992-06-20 00:00:00, 1.0
7.0, 18.8, 50.0, 64.0, 1992-06-21 00:00:00, 0.0
8.0, 24.9, 140.0, 37.0, 1992-06-22 00:00:00, 0.0
4.0, 24.0, 90.0, 29.0, 1992-06-23 00:00:00, 0.0
7.0, 25.8, 90.0, 22.0, 1992-06-24 00:00:00, 0.0
8.0, 28.8, 50.0, 28.0, 1992-06-25 00:00:00, 0.0
4.0, 26.6, 90.0, 33.0, 1992-06-26 00:00:00, 0.0
14.0, 22.8, 320.0, 39.0, 1992-06-27 00:00:00, 0.0
8.0, 26.7, 90.0, 37.0, 1992-06-28 00:00:00, 0.0
10.0, 22.2, 90.0, 43.0, 1992-06-29 00:00:00, 0.7
11.0, 22.3, 50.0, 41.0, 1992-06-30 00:00:00, 0.2
12.0, 21.3, 90.0, 39.0, 1992-07-01 00:00:00, 0.2
7.0, 12.6, 50.0, 71.0, 1992-07-02 00:00:00, 0.2
11.0, 17.5, 90.0, 54.0, 1992-07-03 00:00:00, 0.0
7.0, 16.2, 50.0, 75.0, 1992-07-04 00:00:00, 3.0
13.0, 13.1, 270.0, 86.0, 1992-07-05 00:00:00, 2.5
4.0, 13.2, 0.0, 86.0, 1992-07-06 00:00:00, 22.8
7.0, 16.5, 90.0, 69.0, 1992-07-07 00:00:00, 2.5
9.0, 13.9, 50.0, 65.0, 1992-07-08 00:00:00, 0.7
13.0, 19.1, 50.0, 50.0, 1992-07-09 00:00:00, 0.0
2.0, 19.5, 270.0, 43.0, 1992-07-10 00:00:00, 0.0
3.0, 21.6, 180.0, 50.0, 1992-07-11 00:00:00, 2.0
8.0, 13.8, 180.0, 90.0, 1992-07-12 00:00:00, 4.5
11.0, 11.5, 270.0, 80.0, 1992-07-13 00:00:00, 13.7
8.0, 11.1, 270.0, 73.0, 1992-07-14 00:00:00, 6.3
4.0, 17.2, 90.0, 60.0, 1992-07-15 00:00:00, 0.5
2.0, 20.9, 90.0, 49.0, 1992-07-16 00:00:00, 0.0
2.0, 22.9, 50.0, 48.0, 1992-07-17 00:00:00, 0.0
5.0, 21.8, 90.0, 39.0, 1992-07-18 00:00:00, 0.0
1.0, 23.4, 180.0, 33.0, 1992-07-19 00:00:00, 0.0
4.0, 25.9, 180.0, 35.0, 1992-07-20 00:00:00, 0.0
19.0, 20.7, 320.0, 52.0, 1992-07-21 00:00:00, 4.3
8.0, 17.5, 180.0, 89.0, 1992-07-22 00:00:00, 51.0
13.0, 22.9, 50.0, 32.0, 1992-07-23 00:00:00, 0.0
6.0, 23.2, 140.0, 41.0, 1992-07-24 00:00:00, 0.0
10.0, 22.5, 270.0, 39.0, 1992-07-25 00:00:00, 0.0
8.0, 15.2, 320.0, 52.0, 1992-07-26 00:00:00, 2.2
2.0, 17.0, 50.0, 61.0, 1992-07-27 00:00:00, 0.0
5.0, 18.2, 180.0, 69.0, 1992-07-28 00:00:00, 0.5
2.0, 22.4, 320.0, 46.0, 1992-07-29 00:00:00, 0.2
6.0, 25.1, 140.0, 36.0, 1992-07-30 00:00:00, 0.0
3.0, 26.4, 50.0, 34.0, 1992-07-31 00:00:00, 0.0
2.0, 26.5, 90.0, 32.0, 1992-08-01 00:00:00, 0.0
