station_observations
wind_speed, temperature, wind_direction, relative_humidity, time, precipitation
3.0, 21.4, 180.0, 46.0, 1992-06-15 00:00:00, 0.0
2.0, 15.6, 270.0, 89.0, 1992-06-16 00:00:00, 0.0
13.0, 20.5, 90.0, 31.0, 1992-06-17 00:00:00, 0.0
4.0, 24.4, 140.0, 23.0, 1992-06-18 00:00:00, 0.0
20.0, 25.9, 230.0, 34.0, 1992-06-19 00:00:00, 0.0
6.0, 23.3, 180.0, 40.0, 1992-06-20 00:00:00, 0.0
7.0, 27.0, 180.0, 35.0, 1992-06-21 00:00:00, 0.0
15.0, 27.3, 180.0, 32.0, 1992-06-22 00:00:00, 0.0
12.0, 27.0, 180.0, 31.0, 1992-06-23 00:00:00, 0.0
4.0, 28.9, 270.0, 22.0, 1992-06-24 00:00:00, 0.0
5.0, 31.3, 230.0, 22.0, 1992-06-25 00:00:00, 0.0
12.0, 29.5, 180.0, 33.0, 1992-06-26 00:00:00, 0.0
6.0, 20.6, 230.0, 67.0, 1992-06-27 00:00:00, 0.0
10.0, 27.3, 230.0, 38.0, 1992-06-28 00:00:00, 0.0
8.0, 23.0, 140.0, 44.0, 1992-06-29 00:00:00, 0.0
3.0, 14.5, 180.0, 91.0, 1992-06-30 00:00:00, 18.2
2.0, 20.4, 270.0, 41.0, 1992-07-01 00:00:00, 0.0
19.0, 12.9, 90.0, 68.0, 1992-07-02 00:00:00, 0.2
11.0, 14.4, 0.0, 77.0, 1992-07-03 00:00:00, 1.0
10.0, 21.3, 180.0, 46.0, 1992-07-04 00:00:00, 0.5
4.0, 19.2, 0.0, 54.0, 1992-07-05 00:00:00, 0.0
6.0, 17.0, 230.0, 76.0, 1992-07-06 00:00:00, 0.0
2.0, 16.4, 0.0, 90.0, 1992-07-22 00:00:00, 10.0
4.0, 20.2, 90.0, 75.0, 1992-07-23 00:00:00, 14.2
11.0, 22.7, 230.0, 56.0, 1992-07-24 00:00:00, 0.0
17.0, 24.4, 180.0, 45.0, 1992-07-25 00:00:00, 0.0
6.0, 20.6, 0.0, 40.0, 1992-07-26 00:00:00, 0.0
10.0, 18.8, 180.0, 51.0, 1992-07-27 00:00:00, 0.0
9.0, 15.9, 180.0, 88.0, 1992-07-28 00:00:00, 1.2
10.0, 21.2, 180.0, 52.0, 1992-07-29 00:00:00, 4.5
10.0, 27.5, 180.0, 29.0, 1992-07-30 00:00:00, 0.0
5.0, 28.0, 140.0, 35.0, 1992-07-31 00:00:00, 0.0
5.0, 29.0, 270.0, 33.0, 1992-08-01 00:00:00, 0.0
3.0, 27.0, 90.0, 38.0, 1992-08-02 00:00:00, 2.5
0.0, 20.0, 0.0, 41.0, 1992-08-03 00:00:00, 0.0
5.0, 22.0, 50.0, 50.0, 1992-08-04 00:00:00, 0.0
5.0, 18.0, 90.0, 85.0, 1992-08-05 00:00:00, 38.0
1.0, 14.7, 90.0, 88.0, 1992-08-06 00:00:00, 0.7
7.0, 14.1, 180.0, 73.0, 1992-08-07 00:00:00, 0.0
6.0, 12.6, 270.0, 82.0, 1992-08-08 00:00:00, 0.0
11.0, 12.8, 0.0, 74.0, 1992-08-09 00:00:00, 0.0
11.0, 21.1, 270.0, 42.0, 1992-08-10 00:00:00, 0.0
7.0, 25.0, 230.0, 40.0, 1992-08-11 00:00:00, 0.0
7.0, 26.2, 230.0, 38.0, 1992-08-12 00:00:00, 0.0
2.0, 24.9, 180.0, 45.0, 1992-08-13 00:00:00, 0.0
9.0, 25.3, 180.0, 48.0, 1992-08-14 00:00:00, 8.3
16.0, 25.9, 180.0, 31.0, 1992-08-15 00:00:00, 0.0
9.0, 25.5, 230.0, 28.0, 1992-08-16 00:00:00, 0.0
8.0, 27.3, 230.0, 35.0, 1992-08-17 00:00:00, 0.0
12.0, 29.2, 180.0, 19.0, 1992-08-18 00:00:00, 0.0
24.0, 19.8, 140.0, 35.0, 1992-08-19 00:00:00, 1.0
6.0, 21.2, 230.0, 29.0, 1992-08-20 00:00:00, 0.0
3.0, 15.8, 140.0, 54.0, 1992-08-21 00:00:00, 0.5
15.0, 11.2, 0.0, 39.0, 1992-08-22 00:00:00, 5.8
4.0, 14.7, 90.0, 28.0, 1992-08-23 00:00:00, 0.0
9.0, 17.3, 230.0, 33.0, 1992-08-24 00:00:00, 0.0
7.0, 18.2, 180.0, 41.0, 1992-08-25 00:00:00, 0.0
5.0, 13.1, 180.0, 99.0, 1992-08-26 00:00:00, 2.5
11.0, 27.5, 180.0, 39.0, 1992-08-27 00:00:00, 18.2
0.0, 10.6, 230.0, 78.0, 1992-08-28 00:00:00, 7.1
10.0, 16.7, 180.0, 48.0, 1992-08-29 00:00:00, 0.0
6.0, 17.7, 180.0, 48.0, 1992-08-30 00:00:00, 0.0
4.0, 18.3, 140.0, 61.0, 1992-08-31 00:00:00, 0.0
23.0, 17.0, 90.0, 51.0, 1992-09-01 00:00:00, 3.3
11.0, 14.2, 90.0, 43.0, 1992-09-02 00:00:00, 0.0
4.0, 11.0, 0.0, 90.0, 1992-09-03 00:00:00, 0.2
7.0, 12.1, 320.0, 70.0, 1992-09-04 00:00:00, 12.1
4.0, 6.5, 0.0, 81.0, 1992-09-05 00:00:00, 4.8
5.0, 7.0, 0.0, 77.0, 1992-09-06 00:00:00, 3.3
11.0, 6.7, 180.0, 76.0, 1992-09-07 00:00:00, 0.0
18.0, 7.4, 140.0, 72.0, 1992-09-08 00:00:00, 25.1
0.0, 10.8, 90.0, 70.0, 1992-09-09 00:00:00, 0.5
8.0, 17.8, 180.0, 57.0, 1992-09-10 00:00:00, 0.2
1.0, 17.4, 90.0, 58.0, 1992-09-11 00:00:00, 0.2
11.0, 9.2, 180.0, 54.0, 1992-09-12 00:00:00, 5.3
9.0, 3.9, 230.0, 64.0, 1992-09-13 00:00:00, 0.0
2.0, 5.3, 230.0, 79.0, 1992-09-14 00:00:00, 3.8
1.0, 6.8, 0.0, 56.0, 1992-09-15 00:00:00, 0.5
0.0, 1.9, 230.0, 99.0, 1992-09-16 00:00:00, 0.7
2.0, 7.3, 270.0, 77.0, 1992-09-17 00:00:00, 0.8
2.0, 7.8, 270.0, 95.0, 1992-09-18 00:00:00, 0.0
0.0, 7.8, 180.0, 99.0, 1992-09-19 00:00:00, 0.7
17.0, 16.7, 90.0, 48.0, 1992-09-20 00:00:00, 23.8
1.0, 12.1, 270.0, 79.0, 1992-09-21 00:00:00, 0.0
6.0, 20.2, 180.0, 58.0, 1992-09-22 00:00:00, 0.2
8.0, 17.9, 180.0, 50.0, 1992-09-23 00:00:00, 0.0
8.0, 11.0, 140.0, 83.0, 1992-09-24 00:00:00, 13.4
12.0, 10.5, 180.0, 53.0, 1992-09-25 00:00:00, 3.0
1.0, 5.7, 230.0, 96.0, 1992-09-26 00:00:00, 10.9
7.0, 8.6, 230.0, 62.0, 1992-09-27 00:00:00, 0.2
2.0, 13.3, 230.0, 63.0, 1992-09-28 00:00:00, 0.0
8.0, 21.7, 230.0, 30.0, 1992-09-29 00:00:00, 0.0
4.0, 21.1, 230.0, 45.0, 1992-09-30 00:00:00, 0.0
5.0, 21.6, 230.0, 49.0, 1992-10-01 00:00:00, 0.0
9.0, 22.0, 230.0, 43.0, 1992-10-02 00:00:00, 0.0
0.0, 12.6, 0.0, 99.0, 1992-10-03 00:00:00, 0.0
2.0, 9.6, 90.0, 66.0, 1992-10-04 00:00:00, 9.6
4.0, 9.5, 180.0, 60.0, 1992-10-05 00:00:00, 0.2
2.0, 6.7, 270.0, 60.0, 1992-10-06 00:00:00, 0.0
3.0, 7.5, 0.0, 55.0, 1992-10-07 00:00:00, 0.0
3.0, 8.0, 0.0, 51.0, 1992-10-08 00:00:00, 0.0
5.0, 8.5, 0.0, 51.0, 1992-10-09 00:00:00, 0.0
