station_observations
wind_speed, temperature, wind_direction, relative_humidity, time, precipitation
0.0, 0.0, 0.0, 0.0, 1992-04-28 00:00:00, 0.0
0.0, 0.0, 0.0, 0.0, 1992-04-29 00:00:00, 0.0
0.0, 0.0, 0.0, 0.0, 1993-05-19 00:00:00, 0.0
8.0, 17.6, 90.0, 67.0, 1993-05-20 00:00:00, 0.0
12.0, 13.4, 90.0, 76.0, 1993-05-21 00:00:00, 1.0
13.0, 12.2, 230.0, 62.0, 1993-05-22 00:00:00, 0.2
4.0, 18.2, 230.0, 47.0, 1993-05-23 00:00:00, 0.2
5.0, 21.5, 140.0, 34.0, 1993-05-24 00:00:00, 0.0
6.0, 24.2, 90.0, 36.0, 1993-05-25 00:00:00, 0.0
18.0, 23.1, 270.0, 25.0, 1993-05-26 00:00:00, 0.0
5.0, 24.1, 140.0, 27.0, 1993-05-27 00:00:00, 0.0
2.0, 25.1, 90.0, 32.0, 1993-05-28 00:00:00, 0.0
0.0, 12.6, 0.0, 92.0, 1993-05-29 00:00:00, 2.7
4.0, 20.5, 90.0, 49.0, 1993-05-30 00:00:00, 1.2
1.0, 15.7, 270.0, 85.0, 1993-05-31 00:00:00, 1.0
5.0, 13.3, 90.0, 96.0, 1993-06-01 00:00:00, 22.6
0.0, 13.9, 0.0, 89.0, 1993-06-02 00:00:00, 1.5
4.0, 20.5, 180.0, 55.0, 1993-06-03 00:00:00, 0.2
8.0, 21.4, 90.0, 46.0, 1993-06-04 00:00:00, 0.0
3.0, 24.3, 270.0, 39.0, 1993-06-05 00:00:00, 0.0
10.0, 25.7, 90.0, 36.0, 1993-06-06 00:00:00, 0.5
20.0, 13.5, 270.0, 75.0, 1993-06-07 00:00:00, 0.0
6.0, 16.2, 270.0, 42.0, 1993-06-08 00:00:00, 0.0
10.0, 10.5, 50.0, 93.0, 1993-06-09 00:00:00, 4.8
9.0, 13.3, 270.0, 58.0, 1993-06-10 00:00:00, 9.9
1.0, 12.5, 50.0, 82.0, 1993-06-11 00:00:00, 2.5
14.0, 17.0, 230.0, 49.0, 1993-06-12 00:00:00, 2.2
12.0, 17.4, 90.0, 62.0, 1993-06-13 00:00:00, 2.0
13.0, 20.0, 90.0, 48.0, 1993-06-14 00:00:00, 0.0
3.0, 15.9, 90.0, 81.0, 1993-06-15 00:00:00, 12.5
4.0, 17.4, 90.0, 61.0, 1993-06-16 00:00:00, 0.0
7.0, 19.1, 90.0, 64.0, 1993-06-17 00:00:00, 0.0
5.0, 19.4, 90.0, 61.0, 1993-06-18 00:00:00, 5.0
14.0, 15.2, 270.0, 52.0, 1993-06-19 00:00:00, 1.0
6.0, 19.9, 90.0, 37.0, 1993-06-20 00:00:00, 0.0
4.0, 21.1, 90.0, 47.0, 1993-06-21 00:00:00, 0.0
3.0, 11.6, 270.0, 67.0, 1993-06-22 00:00:00, 8.6
13.0, 10.4, 230.0, 86.0, 1993-06-23 00:00:00, 1.5
5.0, 18.4, 140.0, 50.0, 1993-06-24 00:00:00, 0.0
16.0, 18.6, 270.0, 61.0, 1993-06-25 00:00:00, 1.0
10.0, 23.6, 270.0, 47.0, 1993-06-26 00:00:00, 0.0
3.0, 9.6, 270.0, 97.0, 1993-06-27 00:00:00, 30.0
6.0, 11.1, 90.0, 90.0, 1993-06-28 00:00:00, 12.4
3.0, 12.9, 270.0, 74.0, 1993-06-29 00:00:00, 1.3
7.0, 17.4, 270.0, 52.0, 1993-06-30 00:00:00, 0.3
9.0, 15.7, 90.0, 79.0, 1993-07-01 00:00:00, 0.3
12.0, 19.5, 270.0, 50.0, 1993-07-02 00:00:00, 3.3
10.0, 20.8, 270.0, 48.0, 1993-07-03 00:00:00, 0.0
4.0, 18.0, 230.0, 52.0, 1993-07-04 00:00:00, 0.0
8.0, 17.6, 270.0, 45.0, 1993-07-05 00:00:00, 0.0
1.0, 12.1, 90.0, 82.0, 1993-07-06 00:00:00, 0.5
8.0, 19.1, 230.0, 58.0, 1993-07-07 00:00:00, 0.0
12.0, 17.6, 90.0, 62.0, 1993-07-08 00:00:00, 1.3
7.0, 19.6, 270.0, 45.0, 1993-07-09 00:00:00, 0.0
3.0, 18.5, 50.0, 56.0, 1993-07-10 00:00:00, 0.0
5.0, 14.3, 90.0, 90.0, 1993-07-11 00:00:00, 7.4
3.0, 15.5, 270.0, 84.0, 1993-07-12 00:00:00, 0.0
5.0, 17.0, 270.0, 69.0, 1993-07-13 00:00:00, 1.5
5.0, 18.8, 50.0, 59.0, 1993-07-14 00:00:00, 8.1
7.0, 19.3, 270.0, 51.0, 1993-07-15 00:00:00, 0.0
4.0, 15.6, 230.0, 79.0, 1993-07-16 00:00:00, 6.3
4.0, 19.4, 140.0, 69.0, 1993-07-17 00:00:00, 6.9
6.0, 22.2, 90.0, 59.0, 1993-07-18 00:00:00, 3.6
15.0, 20.6, 90.0, 52.0, 1993-07-19 00:00:00, 0.0
7.0, 21.0, 270.0, 55.0, 1993-07-20 00:00:00, 0.0
2.0, 16.9, 230.0, 78.0, 1993-07-21 00:00:00, 0.0
5.0, 20.5, 90.0, 42.0, 1993-07-22 00:00:00, 0.3
7.0, 16.1, 270.0, 91.0, 1993-07-23 00:00:00, 8.1
8.0, 16.6, 270.0, 64.0, 1993-07-24 00:00:00, 0.5
1.0, 14.0, 140.0, 70.0, 1993-07-25 00:00:00, 1.5
10.0, 23.6, 270.0, 47.0, 1993-07-26 00:00:00, 0.0
7.0, 20.9, 90.0, 60.0, 1993-07-27 00:00:00, 0.0
10.0, 17.9, 90.0, 72.0, 1993-07-28 00:00:00, 0.5
6.0, 15.7, 270.0, 57.0, 1993-07-29 00:00:00, 1.0
4.0, 16.3, 140.0, 51.0, 1993-07-30 00:00:00, 0.5
5.0, 17.2, 270.0, 56.0, 1993-07-31 00:00:00, 0.0
8.0, 21.5, 270.0, 45.0, 1993-08-01 00:00:00, 0.0
9.0, 23.9, 90.0, 47.0, 1993-08-02 00:00:00, 0.0
6.0, 25.9, 270.0, 36.0, 1993-08-03 00:00:00, 0.0
8.0, 26.5, 270.0, 40.0, 1993-08-04 00:00:00, 0.0
3.0, 27.2, 0.0, 45.0, 1993-08-05 00:00:00, 0.0
11.0, 22.5, 270.0, 39.0, 1993-08-06 00:00:00, 3.6
6.0, 20.6, 270.0, 51.0, 1993-08-07 00:00:00, 0.0
6.0, 21.6, 90.0, 55.0, 1993-08-08 00:00:00, 0.0
7.0, 13.3, 270.0, 95.0, 1993-08-09 00:00:00, 22.1
4.0, 14.5, 270.0, 73.0, 1993-08-10 00:00:00, 1.0
4.0, 17.2, 90.0, 55.0, 1993-08-11 00:00:00, 0.0
3.0, 19.7, 140.0, 54.0, 1993-08-12 00:00:00, 0.0
1.0, 14.4, 50.0, 88.0, 1993-08-13 00:00:00, 3.6
2.0, 15.8, 270.0, 77.0, 1993-08-14 00:00:00, 8.6
3.0, 20.3, 230.0, 68.0, 1993-08-15 00:00:00, 0.0
4.0, 23.3, 270.0, 54.0, 1993-08-16 00:00:00, 0.0
4.0, 15.6, 90.0, 59.0, 1993-08-17 00:00:00, 0.3
4.0, 24.0, 270.0, 54.0, 1993-08-18 00:00:00, 0.0
4.0, 23.8, 270.0, 59.0, 1993-08-19 00:00:00, 1.3
7.0, 25.3, 90.0, 50.0, 1993-08-20 00:00:00, 0.3
8.0, 20.2, 270.0, 58.0, 1993-08-21 00:00:00, 10.9
6.0, 17.0, 90.0, 86.0, 1993-08-22 00:00:00, 2.3
3.0, 13.8, 230.0, 75.0, 1993-08-23 00:00:00, 5.1
5.0, 10.6, 270.0, 78.0, 1993-08-24 00:00:00, 2.0
1.0, 14.0, 140.0, 70.0, 1993-08-25 00:00:00, 1.5
6.0, 19.1, 90.0, 59.0, 1993-08-26 00:00:00, 0.0
9.0, 13.4, 270.0, 73.0, 1993-08-27 00:00:00, 16.5
14.0, 15.0, 270.0, 66.0, 1993-08-28 00:00:00, 0.5
5.0, 17.6, 270.0, 56.0, 1993-08-29 00:00:00, 0.0
4.0, 18.8, 90.0, 54.0, 1993-08-30 00:00:00, 0.0
5.0, 20.1, 270.0, 54.0, 1993-08-31 00:00:00, 0.0
4.0, 21.5, 140.0, 63.0, 1993-09-01 00:00:00, 0.0
4.0, 22.9, 140.0, 55.0, 1993-09-02 00:00:00, 0.0
5.0, 23.3, 270.0, 42.0, 1993-09-03 00:00:00, 0.0
7.0, 21.1, 90.0, 54.0, 1993-09-04 00:00:00, 0.0
6.0, 20.7, 270.0, 46.0, 1993-09-05 00:00:00, 0.0
4.0, 21.0, 270.0, 46.0, 1993-09-06 00:00:00, 0.0
4.0, 21.9, 90.0, 49.0, 1993-09-07 00:00:00, 0.0
13.0, 22.6, 270.0, 33.0, 1993-09-08 00:00:00, 0.0
3.0, 21.7, 90.0, 46.0, 1993-09-09 00:00:00, 0.0
5.0, 23.7, 90.0, 44.0, 1993-09-10 00:00:00, 0.0
15.0, 11.5, 270.0, 56.0, 1993-09-11 00:00:00, 0.0
9.0, 13.7, 270.0, 46.0, 1993-09-12 00:00:00, 0.3
6.0, 14.5, 90.0, 56.0, 1993-09-13 00:00:00, 0.0
8.0, 13.0, 270.0, 74.0, 1993-09-14 00:00:00, 3.8
4.0, 14.2, 270.0, 55.0, 1993-09-15 00:00:00, 0.0
3.0, 14.3, 270.0, 50.0, 1993-09-16 00:00:00, 0.0
4.0, 15.6, 90.0, 59.0, 1993-09-17 00:00:00, 0.3
8.0, 15.5, 270.0, 43.0, 1993-09-18 00:00:00, 0.0
8.0, 10.6, 270.0, 45.0, 1993-09-19 00:00:00, 0.0
13.0, 12.7, 270.0, 42.0, 1993-09-20 00:00:00, 0.0
3.0, 12.9, 90.0, 39.0, 1993-09-21 00:00:00, 0.0
4.0, 14.6, 270.0, 45.0, 1993-09-22 00:00:00, 0.0
4.0, 14.5, 140.0, 57.0, 1993-09-23 00:00:00, 0.0
5.0, 18.5, 90.0, 40.0, 1993-09-24 00:00:00, 0.0
6.0, 14.8, 270.0, 46.0, 1993-09-25 00:00:00, 0.0
6.0, 15.0, 90.0, 63.0, 1993-09-26 00:00:00, 0.0
4.0, 16.9, 180.0, 57.0, 1993-09-27 00:00:00, 0.0
5.0, 14.4, 90.0, 59.0, 1993-09-28 00:00:00, 0.0
1.0, 12.6, 270.0, 68.0, 1993-09-29 00:00:00, 0.0
8.0, 13.5, 270.0, 46.0, 1993-09-30 00:00:00, 0.8
4.0, 16.6, 270.0, 47.0, 1993-10-01 00:00:00, 0.0
6.0, 16.3, 90.0, 57.0, 1993-10-02 00:00:00, 0.0
6.0, 18.4, 90.0, 56.0, 1993-10-03 00:00:00, 0.0
5.0, 18.4, 140.0, 58.0, 1993-10-04 00:00:00, 0.0
5.0, 18.4, 140.0, 58.0, 1993-10-05 00:00:00, 0.0
5.0, 18.4, 140.0, 58.0, 1993-10-06 00:00:00, 0.0
1.0, 5.8, 270.0, 80.0, 1993-10-07 00:00:00, 0.0
1.0, 6.3, 140.0, 88.0, 1993-10-08 00:00:00, 0.0
0.0, 2.9, 0.0, 99.0, 1993-10-09 00:00:00, 0.5
2.0, 5.1, 230.0, 92.0, 1993-10-10 00:00:00, 0.0
3.0, 3.8, 270.0, 99.0, 1993-10-11 00:00:00, 0.3
