station_observations
wind_speed, temperature, wind_direction, relative_humidity, time, precipitation
26.0, 12.5, 180.0, 49.0, 1981-05-01 00:00:00, 1.9
3.0, 11.0, 270.0, 62.0, 1981-05-02 00:00:00, 0.6
26.0, 12.5, 180.0, 49.0, 1981-05-03 00:00:00, 0.1
11.0, 10.0, 180.0, 55.0, 1981-05-04 00:00:00, 1.0
0.0, 6.5, 0.0, 87.0, 1981-05-05 00:00:00, 6.8
0.0, 14.0, 0.0, 56.0, 1981-05-06 00:00:00, 0.2
3.0, 11.5, 270.0, 73.0, 1981-05-07 00:00:00, 10.3
13.0, 17.0, 180.0, 44.0, 1981-05-08 00:00:00, 0.0
3.0, 13.0, 270.0, 69.0, 1981-05-09 00:00:00, 0.6
0.0, 14.5, 0.0, 52.0, 1981-05-10 00:00:00, 0.9
3.0, 14.5, 270.0, 57.0, 1981-05-11 00:00:00, 8.8
0.0, 17.5, 0.0, 69.0, 1981-05-12 00:00:00, 0.0
5.0, 11.0, 230.0, 89.0, 1981-05-13 00:00:00, 1.5
0.0, 13.0, 0.0, 79.0, 1981-05-14 00:00:00, 0.5
6.0, 11.0, 270.0, 78.0, 1981-05-15 00:00:00, 14.2
16.0, 15.0, 180.0, 62.0, 1981-05-16 00:00:00, 0.3
0.0, 14.5, 0.0, 61.0, 1981-05-17 00:00:00, 0.0
6.0, 19.0, 270.0, 54.0, 1981-05-18 00:00:00, 0.0
0.0, 15.5, 0.0, 80.0, 1981-05-19 00:00:00, 1.0
0.0, 17.5, 0.0, 64.0, 1981-05-20 00:00:00, 0.0
16.0, 14.0, 180.0, 70.0, 1981-05-21 00:00:00, 0.0
5.0, 15.0, 320.0, 62.0, 1981-05-22 00:00:00, 0.0
8.0, 17.0, 270.0, 60.0, 1981-05-23 00:00:00, 0.0
0.0, 16.0, 0.0, 85.0, 1981-05-24 00:00:00, 1.8
0.0, 13.5, 0.0, 95.0, 1981-05-25 00:00:00, 10.5
6.0, 17.5, 270.0, 60.0, 1981-05-26 00:00:00, 0.2
1.0, 16.5, 0.0, 47.0, 1981-05-27 00:00:00, 0.0
0.0, 20.0, 0.0, 45.0, 1981-05-28 00:00:00, 0.0
0.0, 19.5, 0.0, 47.0, 1981-05-29 00:00:00, 0.0
0.0, 15.0, 0.0, 95.0, 1981-05-30 00:00:00, 7.2
6.0, 17.0, 0.0, 56.0, 1981-05-31 00:00:00, 9.2
0.0, 17.0, 0.0, 65.0, 1981-06-01 00:00:00, 0.0
8.0, 13.5, 0.0, 69.0, 1981-06-02 00:00:00, 0.0
13.0, 17.0, 0.0, 60.0, 1981-06-03 00:00:00, 0.0
22.0, 16.5, 0.0, 51.0, 1981-06-04 00:00:00, 0.0
3.0, 15.0, 0.0, 85.0, 1981-06-05 00:00:00, 0.6
13.0, 16.0, 0.0, 59.0, 1981-06-06 00:00:00, 1.6
10.0, 17.0, 0.0, 44.0, 1981-06-07 00:00:00, 0.2
0.0, 17.0, 0.0, 40.0, 1981-06-08 00:00:00, 0.0
16.0, 15.0, 0.0, 75.0, 1981-06-09 00:00:00, 2.0
13.0, 12.5, 0.0, 74.0, 1981-06-10 00:00:00, 3.4
0.0, 13.0, 0.0, 74.0, 1981-06-11 00:00:00, 3.0
0.0, 13.5, 0.0, 69.0, 1981-06-12 00:00:00, 0.0
3.0, 13.0, 0.0, 79.0, 1981-06-13 00:00:00, 3.6
0.0, 14.0, 0.0, 70.0, 1981-06-14 00:00:00, 0.0
11.0, 17.5, 0.0, 45.0, 1981-06-15 00:00:00, 0.0
22.0, 17.0, 0.0, 44.0, 1981-06-16 00:00:00, 1.4
22.0, 14.0, 0.0, 65.0, 1981-06-17 00:00:00, 1.5
19.0, 10.0, 0.0, 82.0, 1981-06-18 00:00:00, 7.0
10.0, 15.5, 0.0, 67.0, 1981-06-19 00:00:00, 3.1
13.0, 14.0, 0.0, 85.0, 1981-06-20 00:00:00, 0.2
8.0, 13.5, 0.0, 65.0, 1981-06-21 00:00:00, 0.5
0.0, 12.5, 0.0, 89.0, 1981-06-22 00:00:00, 1.5
3.0, 15.0, 0.0, 71.0, 1981-06-23 00:00:00, 0.9
5.0, 19.5, 0.0, 51.0, 1981-06-24 00:00:00, 2.6
5.0, 22.5, 0.0, 41.0, 1981-06-25 00:00:00, 0.0
0.0, 20.5, 0.0, 56.0, 1981-06-26 00:00:00, 0.0
27.0, 18.5, 0.0, 61.0, 1981-06-27 00:00:00, 7.0
18.0, 18.5, 0.0, 50.0, 1981-06-28 00:00:00, 9.0
27.0, 22.5, 0.0, 51.0, 1981-06-29 00:00:00, 0.7
0.0, 13.0, 0.0, 95.0, 1981-06-30 00:00:00, 5.0
0.0, 18.0, 0.0, 69.0, 1981-07-01 00:00:00, 6.8
6.0, 22.0, 0.0, 51.0, 1981-07-02 00:00:00, 0.0
0.0, 20.0, 0.0, 75.0, 1981-07-03 00:00:00, 0.0
3.0, 25.0, 0.0, 45.0, 1981-07-04 00:00:00, 0.0
13.0, 23.0, 0.0, 42.0, 1981-07-05 00:00:00, 0.0
19.0, 18.0, 0.0, 49.0, 1981-07-06 00:00:00, 0.0
3.0, 12.0, 0.0, 89.0, 1981-07-07 00:00:00, 5.0
18.0, 18.0, 0.0, 45.0, 1981-07-08 00:00:00, 1.0
0.0, 19.5, 0.0, 55.0, 1981-07-09 00:00:00, 0.0
5.0, 13.0, 0.0, 95.0, 1981-07-10 00:00:00, 3.6
0.0, 18.0, 0.0, 61.0, 1981-07-11 00:00:00, 1.2
22.0, 18.5, 0.0, 69.0, 1981-07-12 00:00:00, 1.0
22.0, 18.5, 0.0, 69.0, 1981-07-13 00:00:00, 1.0
6.0, 21.0, 0.0, 69.0, 1981-07-14 00:00:00, 3.6
0.0, 24.0, 0.0, 59.0, 1981-07-15 00:00:00, 0.0
6.0, 28.0, 0.0, 45.0, 1981-07-16 00:00:00, 0.0
11.0, 24.0, 0.0, 50.0, 1981-07-17 00:00:00, 0.0
0.0, 22.0, 0.0, 65.0, 1981-07-18 00:00:00, 0.5
13.0, 19.0, 0.0, 78.0, 1981-07-19 00:00:00, 7.6
10.0, 19.5, 0.0, 70.0, 1981-07-20 00:00:00, 0.2
6.0, 19.0, 0.0, 78.0, 1981-07-21 00:00:00, 0.0
0.0, 21.0, 0.0, 67.0, 1981-07-22 00:00:00, 0.0
0.0, 22.0, 0.0, 65.0, 1981-07-23 00:00:00, 0.0
3.0, 23.0, 0.0, 73.0, 1981-07-24 00:00:00, 2.7
0.0, 25.0, 0.0, 54.0, 1981-07-25 00:00:00, 0.0
0.0, 26.5, 0.0, 65.0, 1981-07-26 00:00:00, 0.0
10.0, 28.0, 0.0, 51.0, 1981-07-27 00:00:00, 0.0
16.0, 24.5, 0.0, 44.0, 1981-07-28 00:00:00, 0.0
10.0, 18.0, 0.0, 61.0, 1981-07-29 00:00:00, 0.0
16.0, 18.0, 0.0, 69.0, 1981-07-30 00:00:00, 0.1
6.0, 19.5, 0.0, 66.0, 1981-07-31 00:00:00, 0.0
0.0, 21.0, 0.0, 64.0, 1981-08-01 00:00:00, 0.0
6.0, 23.0, 0.0, 58.0, 1981-08-02 00:00:00, 0.0
22.0, 18.0, 0.0, 73.0, 1981-08-03 00:00:00, 0.0
0.0, 22.0, 0.0, 65.0, 1981-08-04 00:00:00, 0.0
5.0, 25.0, 0.0, 51.0, 1981-08-05 00:00:00, 0.0
0.0, 26.5, 0.0, 41.0, 1981-08-06 00:00:00, 0.0
0.0, 26.0, 0.0, 52.0, 1981-08-07 00:00:00, 0.0
0.0, 32.5, 0.0, 29.0, 1981-08-08 00:00:00, 0.0
0.0, 29.0, 0.0, 36.0, 1981-08-09 00:00:00, 0.0
5.0, 29.5, 0.0, 39.0, 1981-08-10 00:00:00, 0.0
3.0, 30.0, 0.0, 37.0, 1981-08-11 00:00:00, 0.0
4.0, 27.5, 0.0, 42.0, 1981-08-12 00:00:00, 0.0
0.0, 27.5, 0.0, 48.0, 1981-08-13 00:00:00, 0.0
0.0, 25.0, 0.0, 67.0, 1981-08-14 00:00:00, 0.0
0.0, 25.0, 0.0, 67.0, 1981-08-15 00:00:00, 0.0
2.0, 25.0, 0.0, 60.0, 1981-08-16 00:00:00, 0.0
0.0, 24.0, 0.0, 66.0, 1981-08-17 00:00:00, 0.0
0.0, 25.5, 0.0, 54.0, 1981-08-18 00:00:00, 0.0
2.0, 26.5, 0.0, 44.0, 1981-08-19 00:00:00, 0.0
6.0, 17.5, 0.0, 77.0, 1981-08-20 00:00:00, 0.5
13.0, 22.0, 0.0, 61.0, 1981-08-21 00:00:00, 0.0
11.0, 21.0, 0.0, 60.0, 1981-08-22 00:00:00, 0.0
5.0, 23.5, 0.0, 52.0, 1981-08-23 00:00:00, 0.0
11.0, 21.0, 0.0, 64.0, 1981-08-24 00:00:00, 0.0
3.0, 15.5, 0.0, 71.0, 1981-08-25 00:00:00, 0.0
0.0, 13.5, 0.0, 74.0, 1981-08-26 00:00:00, 1.0
6.0, 19.5, 0.0, 51.0, 1981-08-27 00:00:00, 0.3
5.0, 18.0, 0.0, 57.0, 1981-08-28 00:00:00, 0.0
3.0, 15.0, 0.0, 95.0, 1981-08-29 00:00:00, 3.0
3.0, 19.5, 0.0, 62.0, 1981-08-30 00:00:00, 2.3
6.0, 15.5, 0.0, 85.0, 1981-08-31 00:00:00, 0.4
3.0, 16.5, 0.0, 81.0, 1981-09-01 00:00:00, 16.5
3.0, 18.5, 0.0, 82.0, 1981-09-02 00:00:00, 1.6
3.0, 16.5, 0.0, 68.0, 1981-09-03 00:00:00, 0.0
0.0, 14.0, 0.0, 90.0, 1981-09-04 00:00:00, 9.0
5.0, 17.4, 0.0, 69.0, 1981-09-05 00:00:00, 0.0
3.0, 19.0, 0.0, 66.0, 1981-09-06 00:00:00, 0.0
3.0, 20.0, 0.0, 67.0, 1981-09-07 00:00:00, 0.0
5.0, 20.5, 0.0, 67.0, 1981-09-08 00:00:00, 0.0
12.0, 18.5, 0.0, 78.0, 1981-09-09 00:00:00, 0.0
7.0, 18.5, 0.0, 69.0, 1981-09-10 00:00:00, 0.0
8.0, 20.0, 0.0, 63.0, 1981-09-11 00:00:00, 0.0
10.0, 19.0, 0.0, 62.0, 1981-09-12 00:00:00, 0.0
8.0, 17.5, 0.0, 56.0, 1981-09-13 00:00:00, 0.0
11.0, 17.5, 0.0, 60.0, 1981-09-14 00:00:00, 0.0
3.0, 20.5, 0.0, 56.0, 1981-09-15 00:00:00, 0.0
5.0, 20.5, 0.0, 52.0, 1981-09-16 00:00:00, 0.0
6.0, 23.0, 0.0, 52.0, 1981-09-17 00:00:00, 0.0
16.0, 25.5, 0.0, 42.0, 1981-09-18 00:00:00, 0.0
0.0, 16.0, 0.0, 90.0, 1981-09-19 00:00:00, 3.0
6.0, 13.0, 0.0, 74.0, 1981-09-20 00:00:00, 1.3
11.0, 12.5, 0.0, 64.0, 1981-09-21 00:00:00, 1.0
8.0, 11.0, 0.0, 78.0, 1981-09-22 00:00:00, 3.5
10.0, 11.5, 0.0, 78.0, 1981-09-23 00:00:00, 0.0
5.0, 11.5, 0.0, 67.0, 1981-09-24 00:00:00, 0.0
3.0, 10.5, 0.0, 66.0, 1981-09-25 00:00:00, 0.0
5.0, 11.5, 0.0, 62.0, 1981-09-26 00:00:00, 0.0
4.0, 12.0, 0.0, 89.0, 1981-09-27 00:00:00, 4.0
3.0, 11.5, 0.0, 78.0, 1981-09-28 00:00:00, 14.0
16.0, 13.0, 0.0, 74.0, 1981-09-29 00:00:00, 0.3
22.0, 13.5, 0.0, 60.0, 1981-09-30 00:00:00, 0.3
7.0, 10.5, 270.0, 72.0, 1982-05-01 00:00:00, 0.0
4.0, 9.5, 180.0, 71.0, 1982-05-02 00:00:00, 0.0
17.0, 7.0, 180.0, 80.0, 1982-05-03 00:00:00, 10.0
3.0, 11.5, 270.0, 57.0, 1982-05-04 00:00:00, 0.0
3.0, 13.0, 270.0, 59.0, 1982-05-05 00:00:00, 0.0
14.0, 12.0, 180.0, 63.0, 1982-05-06 00:00:00, 0.0
2.0, 11.5, 180.0, 78.0, 1982-05-07 00:00:00, 3.0
5.0, 11.5, 270.0, 67.0, 1982-05-08 00:00:00, 0.1
2.0, 15.0, 180.0, 53.0, 1982-05-09 00:00:00, 0.0
2.0, 17.5, 180.0, 48.0, 1982-05-10 00:00:00, 0.0
4.0, 13.0, 270.0, 69.0, 1982-05-11 00:00:00, 0.0
22.0, 14.5, 180.0, 61.0, 1982-05-12 00:00:00, 0.0
3.0, 13.0, 270.0, 69.0, 1982-05-13 00:00:00, 0.0
2.0, 11.0, 180.0, 89.0, 1982-05-14 00:00:00, 1.0
4.0, 16.0, 180.0, 59.0, 1982-05-15 00:00:00, 0.2
8.0, 17.5, 270.0, 52.0, 1982-05-16 00:00:00, 4.0
2.0, 11.5, 230.0, 94.0, 1982-05-17 00:00:00, 4.6
4.0, 12.0, 270.0, 68.0, 1982-05-18 00:00:00, 0.2
10.0, 16.5, 270.0, 51.0, 1982-05-19 00:00:00, 0.0
8.0, 16.0, 270.0, 54.0, 1982-05-20 00:00:00, 0.0
8.0, 19.5, 270.0, 47.0, 1982-05-21 00:00:00, 0.0
11.0, 14.5, 180.0, 61.0, 1982-05-22 00:00:00, 0.0
4.0, 15.0, 230.0, 57.0, 1982-05-23 00:00:00, 0.0
6.0, 19.0, 270.0, 50.0, 1982-05-24 00:00:00, 0.0
19.0, 15.5, 270.0, 49.0, 1982-05-25 00:00:00, 0.0
7.0, 15.5, 270.0, 41.0, 1982-05-26 00:00:00, 0.0
6.0, 19.5, 270.0, 40.0, 1982-05-27 00:00:00, 0.2
8.0, 22.0, 270.0, 31.0, 1982-05-28 00:00:00, 0.0
3.0, 20.5, 270.0, 56.0, 1982-05-29 00:00:00, 0.0
10.0, 21.0, 320.0, 53.0, 1982-05-30 00:00:00, 0.0
3.0, 19.0, 180.0, 47.0, 1982-05-31 00:00:00, 0.0
8.0, 19.5, 270.0, 51.0, 1982-06-01 00:00:00, 0.0
16.0, 16.0, 180.0, 63.0, 1982-06-02 00:00:00, 0.0
13.0, 16.5, 180.0, 63.0, 1982-06-03 00:00:00, 0.4
2.0, 14.5, 270.0, 75.0, 1982-06-04 00:00:00, 0.0
8.0, 12.5, 180.0, 84.0, 1982-06-05 00:00:00, 1.1
2.0, 15.0, 320.0, 71.0, 1982-06-06 00:00:00, 1.7
5.0, 18.0, 230.0, 65.0, 1982-06-07 00:00:00, 0.0
2.0, 19.5, 270.0, 55.0, 1982-06-08 00:00:00, 0.0
8.0, 21.0, 270.0, 53.0, 1982-06-09 00:00:00, 0.0
5.0, 20.5, 320.0, 56.0, 1982-06-10 00:00:00, 0.0
2.0, 21.5, 320.0, 43.0, 1982-06-11 00:00:00, 0.0
2.0, 24.5, 270.0, 38.0, 1982-06-12 00:00:00, 0.0
16.0, 17.0, 180.0, 72.0, 1982-06-13 00:00:00, 0.0
6.0, 19.5, 180.0, 62.0, 1982-06-14 00:00:00, 0.0
5.0, 20.0, 270.0, 59.0, 1982-06-15 00:00:00, 0.0
2.0, 23.5, 180.0, 49.0, 1982-06-16 00:00:00, 0.0
2.0, 24.5, 270.0, 47.0, 1982-06-17 00:00:00, 0.0
3.0, 25.0, 270.0, 48.0, 1982-06-18 00:00:00, 0.0
2.0, 25.5, 270.0, 45.0, 1982-06-19 00:00:00, 0.0
3.0, 24.5, 270.0, 57.0, 1982-06-20 00:00:00, 0.0
4.0, 24.5, 320.0, 63.0, 1982-06-21 00:00:00, 0.0
2.0, 24.0, 180.0, 53.0, 1982-06-22 00:00:00, 0.0
10.0, 23.0, 320.0, 55.0, 1982-06-23 00:00:00, 0.0
2.0, 25.5, 270.0, 42.0, 1982-06-24 00:00:00, 0.0
22.0, 25.0, 180.0, 42.0, 1982-06-25 00:00:00, 0.0
1.0, 15.0, 180.0, 95.0, 1982-06-26 00:00:00, 4.2
19.0, 17.0, 180.0, 81.0, 1982-06-27 00:00:00, 6.0
8.0, 20.0, 270.0, 63.0, 1982-06-28 00:00:00, 0.1
2.0, 18.5, 180.0, 74.0, 1982-06-29 00:00:00, 0.0
22.0, 22.5, 180.0, 61.0, 1982-06-30 00:00:00, 0.0
19.0, 17.5, 180.0, 73.0, 1982-07-01 00:00:00, 0.0
4.0, 19.0, 270.0, 66.0, 1982-07-02 00:00:00, 0.0
6.0, 12.5, 180.0, 95.0, 1982-07-03 00:00:00, 15.0
13.0, 13.5, 180.0, 69.0, 1982-07-04 00:00:00, 15.0
6.0, 17.5, 270.0, 74.0, 1982-07-05 00:00:00, 0.0
2.0, 17.5, 180.0, 56.0, 1982-07-06 00:00:00, 2.1
14.0, 18.5, 180.0, 69.0, 1982-07-07 00:00:00, 1.2
18.0, 21.0, 180.0, 46.0, 1982-07-08 00:00:00, 0.0
7.0, 23.0, 270.0, 52.0, 1982-07-09 00:00:00, 0.0
5.0, 24.0, 320.0, 50.0, 1982-07-10 00:00:00, 0.0
8.0, 22.5, 270.0, 51.0, 1982-07-11 00:00:00, 0.0
8.0, 24.0, 320.0, 59.0, 1982-07-12 00:00:00, 0.0
5.0, 20.0, 180.0, 75.0, 1982-07-13 00:00:00, 0.0
2.0, 12.0, 180.0, 94.0, 1982-07-14 00:00:00, 5.2
2.0, 11.5, 180.0, 94.0, 1982-07-15 00:00:00, 4.6
5.0, 18.5, 270.0, 69.0, 1982-07-16 00:00:00, 0.2
5.0, 20.5, 180.0, 60.0, 1982-07-17 00:00:00, 0.0
4.0, 21.0, 270.0, 71.0, 1982-07-18 00:00:00, 0.0
16.0, 20.0, 180.0, 63.0, 1982-07-19 00:00:00, 0.0
22.0, 19.5, 180.0, 62.0, 1982-07-20 00:00:00, 0.0
8.0, 12.0, 230.0, 94.0, 1982-07-21 00:00:00, 2.8
3.0, 17.0, 270.0, 60.0, 1982-07-22 00:00:00, 1.3
6.0, 20.0, 320.0, 59.0, 1982-07-23 00:00:00, 0.0
2.0, 22.5, 320.0, 51.0, 1982-07-24 00:00:00, 0.0
8.0, 25.0, 270.0, 51.0, 1982-07-25 00:00:00, 0.0
2.0, 25.5, 270.0, 48.0, 1982-07-26 00:00:00, 0.0
3.0, 26.5, 320.0, 46.0, 1982-07-27 00:00:00, 0.0
2.0, 27.5, 270.0, 50.0, 1982-07-28 00:00:00, 0.0
2.0, 25.5, 270.0, 61.0, 1982-07-29 00:00:00, 0.1
25.0, 22.5, 180.0, 65.0, 1982-07-30 00:00:00, 0.0
12.0, 18.5, 180.0, 78.0, 1982-07-31 00:00:00, 1.0
10.0, 16.0, 180.0, 76.0, 1982-08-01 00:00:00, 1.0
4.0, 17.0, 180.0, 68.0, 1982-08-02 00:00:00, 6.0
8.0, 18.0, 180.0, 65.0, 1982-08-03 00:00:00, 1.4
6.0, 19.0, 320.0, 66.0, 1982-08-04 00:00:00, 0.1
11.0, 16.5, 270.0, 68.0, 1982-08-05 00:00:00, 0.0
5.0, 23.5, 270.0, 59.0, 1982-08-06 00:00:00, 0.1
2.0, 25.0, 320.0, 54.0, 1982-08-07 00:00:00, 0.0
4.0, 21.0, 180.0, 75.0, 1982-08-08 00:00:00, 0.0
4.0, 24.5, 270.0, 53.0, 1982-08-09 00:00:00, 0.0
13.0, 20.0, 180.0, 63.0, 1982-08-10 00:00:00, 6.5
2.0, 18.5, 270.0, 69.0, 1982-08-11 00:00:00, 10.3
5.0, 15.0, 180.0, 80.0, 1982-08-12 00:00:00, 6.4
11.0, 17.0, 270.0, 77.0, 1982-08-13 00:00:00, 1.2
8.0, 15.5, 180.0, 67.0, 1982-08-14 00:00:00, 1.4
3.0, 18.5, 320.0, 61.0, 1982-08-15 00:00:00, 0.0
10.0, 19.5, 320.0, 62.0, 1982-08-16 00:00:00, 0.0
8.0, 20.0, 270.0, 59.0, 1982-08-17 00:00:00, 0.0
6.0, 21.0, 320.0, 56.0, 1982-08-18 00:00:00, 0.0
4.0, 22.5, 320.0, 48.0, 1982-08-19 00:00:00, 0.0
6.0, 22.5, 320.0, 51.0, 1982-08-20 00:00:00, 0.0
3.0, 24.5, 320.0, 57.0, 1982-08-21 00:00:00, 0.0
2.0, 24.5, 270.0, 50.0, 1982-08-22 00:00:00, 0.0
3.0, 26.0, 320.0, 43.0, 1982-08-23 00:00:00, 0.0
2.0, 23.5, 270.0, 52.0, 1982-08-24 00:00:00, 0.0
2.0, 22.5, 320.0, 58.0, 1982-08-25 00:00:00, 0.0
8.0, 24.0, 320.0, 69.0, 1982-08-26 00:00:00, 0.0
6.0, 20.0, 180.0, 71.0, 1982-08-27 00:00:00, 0.0
6.0, 19.0, 270.0, 66.0, 1982-08-28 00:00:00, 0.0
11.0, 20.0, 320.0, 63.0, 1982-08-29 00:00:00, 0.0
5.0, 17.0, 180.0, 77.0, 1982-08-30 00:00:00, 3.4
3.0, 19.5, 320.0, 70.0, 1982-08-31 00:00:00, 2.4
5.0, 20.0, 320.0, 63.0, 1982-09-01 00:00:00, 0.0
11.0, 21.0, 270.0, 71.0, 1982-09-02 00:00:00, 0.0
3.0, 23.0, 270.0, 49.0, 1982-09-03 00:00:00, 0.0
2.0, 17.0, 270.0, 90.0, 1982-09-04 00:00:00, 34.1
10.0, 20.0, 320.0, 71.0, 1982-09-05 00:00:00, 0.0
5.0, 17.0, 270.0, 77.0, 1982-09-06 00:00:00, 0.0
16.0, 19.5, 270.0, 70.0, 1982-09-07 00:00:00, 0.2
30.0, 18.0, 180.0, 69.0, 1982-09-08 00:00:00, 0.0
22.0, 14.0, 180.0, 90.0, 1982-09-09 00:00:00, 14.4
5.0, 13.0, 180.0, 74.0, 1982-09-10 00:00:00, 0.7
4.0, 13.5, 180.0, 65.0, 1982-09-11 00:00:00, 2.6
14.0, 17.5, 270.0, 69.0, 1982-09-12 00:00:00, 0.0
6.0, 15.5, 270.0, 62.0, 1982-09-13 00:00:00, 0.0
2.0, 17.5, 270.0, 48.0, 1982-09-14 00:00:00, 0.0
3.0, 13.5, 270.0, 60.0, 1982-09-15 00:00:00, 0.0
3.0, 18.5, 270.0, 65.0, 1982-09-16 00:00:00, 0.0
3.0, 19.5, 270.0, 58.0, 1982-09-17 00:00:00, 0.0
4.0, 20.5, 180.0, 56.0, 1982-09-18 00:00:00, 0.0
2.0, 19.0, 180.0, 66.0, 1982-09-19 00:00:00, 0.0
5.0, 17.5, 180.0, 69.0, 1982-09-20 00:00:00, 0.0
2.0, 17.0, 270.0, 86.0, 1982-09-21 00:00:00, 1.4
8.0, 20.5, 320.0, 63.0, 1982-09-22 00:00:00, 0.0
6.0, 19.5, 270.0, 62.0, 1982-09-23 00:00:00, 0.0
4.0, 14.0, 180.0, 90.0, 1982-09-24 00:00:00, 0.8
5.0, 16.5, 180.0, 81.0, 1982-09-25 00:00:00, 3.3
4.0, 14.0, 180.0, 80.0, 1982-09-26 00:00:00, 3.2
3.0, 16.0, 270.0, 67.0, 1982-09-27 00:00:00, 0.0
6.0, 14.5, 270.0, 66.0, 1982-09-28 00:00:00, 2.0
10.0, 17.5, 320.0, 48.0, 1982-09-29 00:00:00, 0.0
5.0, 12.5, 270.0, 68.0, 1982-09-30 00:00:00, 0.0
30.0, 16.5, 0.0, 47.0, 1983-05-01 00:00:00, 0.0
20.0, 12.0, 0.0, 68.0, 1983-05-02 00:00:00, 0.2
6.0, 13.0, 0.0, 69.0, 1983-05-03 00:00:00, 0.3
12.0, 14.0, 0.0, 65.0, 1983-05-04 00:00:00, 0.0
5.0, 15.0, 0.0, 57.0, 1983-05-05 00:00:00, 0.0
8.0, 12.0, 0.0, 78.0, 1983-05-06 00:00:00, 6.2
30.0, 10.0, 0.0, 77.0, 1983-05-07 00:00:00, 0.0
20.0, 11.5, 0.0, 62.0, 1983-05-08 00:00:00, 0.0
3.0, 9.0, 0.0, 87.0, 1983-05-09 00:00:00, 3.3
5.0, 13.5, 0.0, 69.0, 1983-05-10 00:00:00, 1.0
3.0, 15.0, 0.0, 53.0, 1983-05-11 00:00:00, 0.0
4.0, 16.5, 0.0, 55.0, 1983-05-12 00:00:00, 0.0
2.0, 15.5, 0.0, 49.0, 1983-05-13 00:00:00, 0.0
14.0, 14.0, 0.0, 47.0, 1983-05-14 00:00:00, 7.0
5.0, 16.5, 0.0, 59.0, 1983-05-15 00:00:00, 0.0
4.0, 15.0, 0.0, 71.0, 1983-05-16 00:00:00, 0.0
15.0, 11.0, 0.0, 78.0, 1983-05-17 00:00:00, 0.0
4.0, 16.5, 0.0, 55.0, 1983-05-18 00:00:00, 0.0
5.0, 17.5, 0.0, 56.0, 1983-05-19 00:00:00, 0.0
4.0, 19.0, 0.0, 58.0, 1983-05-20 00:00:00, 0.0
5.0, 20.0, 0.0, 52.0, 1983-05-21 00:00:00, 0.0
2.0, 21.5, 0.0, 47.0, 1983-05-22 00:00:00, 0.0
2.0, 21.5, 0.0, 37.0, 1983-05-23 00:00:00, 0.0
6.0, 22.0, 0.0, 38.0, 1983-05-24 00:00:00, 0.0
3.0, 21.0, 0.0, 53.0, 1983-05-25 00:00:00, 0.0
13.0, 20.0, 0.0, 45.0, 1983-05-26 00:00:00, 0.0
8.0, 20.5, 0.0, 52.0, 1983-05-27 00:00:00, 0.0
5.0, 22.5, 0.0, 51.0, 1983-05-28 00:00:00, 0.0
3.0, 25.5, 0.0, 37.0, 1983-05-29 00:00:00, 0.0
2.0, 23.5, 0.0, 43.0, 1983-05-30 00:00:00, 0.0
20.0, 18.5, 0.0, 61.0, 1983-05-31 00:00:00, 0.0
15.0, 18.0, 180.0, 65.0, 1983-06-01 00:00:00, 0.0
5.0, 15.0, 180.0, 91.0, 1983-06-02 00:00:00, 0.0
3.0, 17.5, 180.0, 64.0, 1983-06-03 00:00:00, 0.0
4.0, 16.0, 270.0, 67.0, 1983-06-04 00:00:00, 0.0
5.0, 15.5, 270.0, 67.0, 1983-06-05 00:00:00, 0.0
9.0, 20.0, 270.0, 52.0, 1983-06-06 00:00:00, 0.0
5.0, 23.5, 270.0, 49.0, 1983-06-07 00:00:00, 0.0
7.0, 23.0, 270.0, 52.0, 1983-06-08 00:00:00, 0.0
25.0, 17.5, 180.0, 56.0, 1983-06-09 00:00:00, 0.0
6.0, 15.0, 180.0, 71.0, 1983-06-10 00:00:00, 12.0
3.0, 16.0, 270.0, 63.0, 1983-06-11 00:00:00, 0.7
2.0, 16.0, 180.0, 67.0, 1983-06-12 00:00:00, 0.5
3.0, 17.5, 180.0, 64.0, 1983-06-13 00:00:00, 0.0
2.0, 18.0, 180.0, 69.0, 1983-06-14 00:00:00, 0.0
10.0, 15.0, 180.0, 85.0, 1983-06-15 00:00:00, 1.8
8.0, 16.0, 320.0, 72.0, 1983-06-16 00:00:00, 0.0
2.0, 14.0, 180.0, 19.0, 1983-06-17 00:00:00, 16.0
3.0, 14.5, 180.0, 70.0, 1983-06-18 00:00:00, 1.0
4.0, 14.0, 180.0, 85.0, 1983-06-19 00:00:00, 2.8
2.0, 13.5, 180.0, 79.0, 1983-06-20 00:00:00, 0.5
3.0, 15.5, 270.0, 76.0, 1983-06-21 00:00:00, 0.0
3.0, 17.5, 270.0, 64.0, 1983-06-22 00:00:00, 0.2
10.0, 18.5, 180.0, 69.0, 1983-06-23 00:00:00, 14.5
4.0, 12.0, 270.0, 94.0, 1983-06-24 00:00:00, 18.5
5.0, 15.0, 270.0, 80.0, 1983-06-25 00:00:00, 0.6
2.0, 16.0, 180.0, 85.0, 1983-06-26 00:00:00, 3.2
6.0, 21.0, 270.0, 71.0, 1983-06-27 00:00:00, 0.5
8.0, 20.0, 0.0, 71.0, 1983-06-28 00:00:00, 0.0
2.0, 17.0, 180.0, 77.0, 1983-06-29 00:00:00, 1.1
22.0, 19.0, 180.0, 54.0, 1983-06-30 00:00:00, 0.2
3.0, 16.0, 180.0, 72.0, 1983-07-01 00:00:00, 0.0
7.0, 14.5, 180.0, 75.0, 1983-07-02 00:00:00, 13.0
5.0, 16.5, 180.0, 63.0, 1983-07-03 00:00:00, 1.2
8.0, 20.0, 270.0, 55.0, 1983-07-04 00:00:00, 0.0
13.0, 23.5, 270.0, 49.0, 1983-07-05 00:00:00, 0.0
15.0, 21.5, 180.0, 43.0, 1983-07-06 00:00:00, 0.0
3.0, 14.5, 270.0, 75.0, 1983-07-07 00:00:00, 0.0
2.0, 17.5, 180.0, 56.0, 1983-07-08 00:00:00, 0.0
2.0, 17.5, 180.0, 64.0, 1983-07-09 00:00:00, 0.0
2.0, 19.0, 270.0, 54.0, 1983-07-10 00:00:00, 0.0
3.0, 16.0, 180.0, 95.0, 1983-07-11 00:00:00, 9.0
8.0, 18.5, 270.0, 78.0, 1983-07-12 00:00:00, 24.5
5.0, 16.5, 180.0, 95.0, 1983-07-13 00:00:00, 6.0
3.0, 13.5, 270.0, 89.0, 1983-07-14 00:00:00, 4.2
2.0, 15.5, 270.0, 71.0, 1983-07-15 00:00:00, 1.1
3.0, 18.0, 270.0, 69.0, 1983-07-16 00:00:00, 0.0
2.0, 20.0, 180.0, 67.0, 1983-07-17 00:00:00, 3.0
2.0, 21.0, 270.0, 64.0, 1983-07-18 00:00:00, 0.0
3.0, 22.5, 0.0, 58.0, 1983-07-19 00:00:00, 0.0
2.0, 17.0, 270.0, 90.0, 1983-07-20 00:00:00, 1.0
8.0, 21.0, 270.0, 56.0, 1983-07-21 00:00:00, 0.8
6.0, 22.5, 270.0, 61.0, 1983-07-22 00:00:00, 0.0
8.0, 22.0, 270.0, 57.0, 1983-07-23 00:00:00, 0.0
8.0, 23.0, 0.0, 65.0, 1983-07-24 00:00:00, 0.0
3.0, 20.0, 270.0, 63.0, 1983-07-25 00:00:00, 0.0
10.0, 16.5, 180.0, 72.0, 1983-07-26 00:00:00, 0.8
12.0, 16.0, 180.0, 81.0, 1983-07-27 00:00:00, 0.2
3.0, 17.5, 270.0, 77.0, 1983-07-28 00:00:00, 1.0
5.0, 20.0, 270.0, 59.0, 1983-07-29 00:00:00, 0.0
4.0, 24.0, 270.0, 56.0, 1983-07-30 00:00:00, 0.0
2.0, 23.0, 180.0, 55.0, 1983-07-31 00:00:00, 0.0
15.0, 24.5, 180.0, 47.0, 1983-08-01 00:00:00, 0.0
8.0, 19.0, 180.0, 70.0, 1983-08-02 00:00:00, 0.0
4.0, 19.0, 270.0, 74.0, 1983-08-03 00:00:00, 0.0
6.0, 20.5, 270.0, 60.0, 1983-08-04 00:00:00, 0.0
5.0, 22.5, 270.0, 55.0, 1983-08-05 00:00:00, 0.0
10.0, 21.5, 270.0, 64.0, 1983-08-06 00:00:00, 0.0
5.0, 24.0, 0.0, 53.0, 1983-08-07 00:00:00, 0.0
3.0, 25.0, 270.0, 54.0, 1983-08-08 00:00:00, 0.0
2.0, 25.0, 0.0, 57.0, 1983-08-09 00:00:00, 0.0
2.0, 22.5, 270.0, 72.0, 1983-08-10 00:00:00, 0.2
12.0, 19.5, 180.0, 60.0, 1983-08-11 00:00:00, 0.0
5.0, 21.5, 270.0, 61.0, 1983-08-12 00:00:00, 0.0
8.0, 23.5, 270.0, 52.0, 1983-08-13 00:00:00, 0.0
6.0, 23.5, 270.0, 59.0, 1983-08-14 00:00:00, 0.0
5.0, 21.5, 270.0, 57.0, 1983-08-15 00:00:00, 0.0
3.0, 18.5, 270.0, 74.0, 1983-08-16 00:00:00, 0.0
10.0, 22.5, 320.0, 58.0, 1983-08-17 00:00:00, 0.0
6.0, 23.0, 270.0, 49.0, 1983-08-18 00:00:00, 0.0
4.0, 29.0, 270.0, 31.0, 1983-08-19 00:00:00, 0.0
3.0, 24.0, 270.0, 38.0, 1983-08-20 00:00:00, 0.0
8.0, 24.0, 270.0, 35.0, 1983-08-21 00:00:00, 0.0
5.0, 21.5, 270.0, 50.0, 1983-08-22 00:00:00, 0.0
4.0, 22.5, 270.0, 58.0, 1983-08-23 00:00:00, 0.0
14.0, 18.5, 180.0, 69.0, 1983-08-24 00:00:00, 0.0
4.0, 20.0, 180.0, 59.0, 1983-08-25 00:00:00, 0.0
8.0, 21.5, 270.0, 57.0, 1983-08-26 00:00:00, 0.0
3.0, 18.5, 270.0, 69.0, 1983-08-27 00:00:00, 0.0
12.0, 19.0, 180.0, 62.0, 1983-08-28 00:00:00, 2.0
3.0, 16.5, 180.0, 81.0, 1983-08-29 00:00:00, 1.4
3.0, 18.5, 270.0, 82.0, 1983-08-30 00:00:00, 4.5
5.0, 22.5, 270.0, 55.0, 1983-08-31 00:00:00, 0.0
2.0, 18.0, 180.0, 77.0, 1983-09-01 00:00:00, 13.5
6.0, 18.0, 180.0, 69.0, 1983-09-02 00:00:00, 9.0
4.0, 20.0, 270.0, 59.0, 1983-09-03 00:00:00, 0.0
12.0, 20.0, 180.0, 59.0, 1983-09-04 00:00:00, 0.0
18.0, 18.0, 180.0, 61.0, 1983-09-05 00:00:00, 0.0
12.0, 16.0, 180.0, 67.0, 1983-09-06 00:00:00, 5.2
13.0, 14.0, 270.0, 70.0, 1983-09-07 00:00:00, 2.4
7.0, 15.0, 270.0, 53.0, 1983-09-08 00:00:00, 0.0
6.0, 15.0, 180.0, 62.0, 1983-09-09 00:00:00, 0.0
4.0, 12.0, 180.0, 78.0, 1983-09-10 00:00:00, 6.5
8.0, 14.5, 270.0, 75.0, 1983-09-11 00:00:00, 2.4
6.0, 17.0, 270.0, 68.0, 1983-09-12 00:00:00, 2.0
6.0, 16.5, 270.0, 72.0, 1983-09-13 00:00:00, 0.0
4.0, 17.0, 320.0, 68.0, 1983-09-14 00:00:00, 0.0
3.0, 16.0, 270.0, 67.0, 1983-09-15 00:00:00, 0.0
3.0, 12.5, 270.0, 84.0, 1983-09-16 00:00:00, 2.0
8.0, 13.0, 180.0, 69.0, 1983-09-17 00:00:00, 0.8
15.0, 12.5, 320.0, 49.0, 1983-09-18 00:00:00, 8.2
6.0, 14.0, 320.0, 43.0, 1983-09-19 00:00:00, 0.0
4.0, 14.5, 320.0, 52.0, 1983-09-20 00:00:00, 0.0
3.0, 16.5, 0.0, 59.0, 1983-09-21 00:00:00, 0.0
2.0, 17.0, 180.0, 60.0, 1983-09-22 00:00:00, 0.0
8.0, 18.0, 320.0, 65.0, 1983-09-23 00:00:00, 0.0
12.0, 17.0, 180.0, 68.0, 1983-09-24 00:00:00, 0.0
10.0, 17.5, 320.0, 56.0, 1983-09-25 00:00:00, 0.0
5.0, 13.0, 180.0, 84.0, 1983-09-26 00:00:00, 0.8
20.0, 12.0, 180.0, 68.0, 1983-09-27 00:00:00, 1.8
10.0, 13.0, 0.0, 41.0, 1983-09-28 00:00:00, 0.0
8.0, 12.5, 320.0, 40.0, 1983-09-29 00:00:00, 0.0
5.0, 15.0, 320.0, 32.0, 1983-09-30 00:00:00, 0.0
4.0, 12.0, 180.0, 58.0, 1984-05-01 00:00:00, 2.2
3.0, 11.0, 270.0, 57.0, 1984-05-02 00:00:00, 2.1
5.0, 10.5, 230.0, 66.0, 1984-05-03 00:00:00, 0.2
2.0, 9.5, 270.0, 54.0, 1984-05-04 00:00:00, 0.0
2.0, 11.5, 270.0, 52.0, 1984-05-05 00:00:00, 0.7
2.0, 16.0, 180.0, 42.0, 1984-05-06 00:00:00, 0.0
3.0, 15.0, 180.0, 53.0, 1984-05-07 00:00:00, 0.0
13.0, 14.5, 270.0, 66.0, 1984-05-08 00:00:00, 3.1
17.0, 12.5, 180.0, 54.0, 1984-05-09 00:00:00, 0.2
5.0, 13.0, 230.0, 64.0, 1984-05-10 00:00:00, 0.7
3.0, 8.0, 270.0, 81.0, 1984-05-11 00:00:00, 5.5
12.0, 13.5, 180.0, 51.0, 1984-05-12 00:00:00, 1.7
3.0, 10.5, 320.0, 83.0, 1984-05-13 00:00:00, 2.6
13.0, 15.5, 180.0, 37.0, 1984-05-14 00:00:00, 2.6
3.0, 13.5, 270.0, 46.0, 1984-05-15 00:00:00, 0.3
7.0, 13.0, 180.0, 55.0, 1984-05-16 00:00:00, 0.0
8.0, 11.0, 270.0, 67.0, 1984-05-17 00:00:00, 0.0
13.0, 15.5, 180.0, 49.0, 1984-05-18 00:00:00, 0.0
15.0, 10.0, 180.0, 88.0, 1984-05-19 00:00:00, 3.2
7.0, 12.0, 270.0, 73.0, 1984-05-20 00:00:00, 5.0
5.0, 11.5, 180.0, 62.0, 1984-05-21 00:00:00, 0.9
8.0, 8.0, 180.0, 69.0, 1984-05-22 00:00:00, 2.2
23.0, 12.5, 180.0, 68.0, 1984-05-23 00:00:00, 5.0
15.0, 12.0, 180.0, 68.0, 1984-05-24 00:00:00, 1.2
3.0, 12.5, 180.0, 59.0, 1984-05-25 00:00:00, 0.2
3.0, 13.5, 180.0, 65.0, 1984-05-26 00:00:00, 7.5
4.0, 17.0, 0.0, 52.0, 1984-05-27 00:00:00, 0.2
7.0, 15.0, 270.0, 57.0, 1984-05-28 00:00:00, 0.0
3.0, 20.0, 270.0, 52.0, 1984-05-29 00:00:00, 0.0
20.0, 13.0, 180.0, 55.0, 1984-05-30 00:00:00, 3.2
3.0, 12.5, 270.0, 54.0, 1984-05-31 00:00:00, 0.5
5.0, 14.0, 270.0, 61.0, 1984-06-01 00:00:00, 0.0
10.0, 15.0, 180.0, 53.0, 1984-06-02 00:00:00, 0.0
25.0, 13.5, 180.0, 60.0, 1984-06-03 00:00:00, 0.0
3.0, 15.0, 180.0, 75.0, 1984-06-04 00:00:00, 4.2
9.0, 16.5, 180.0, 47.0, 1984-06-05 00:00:00, 0.5
5.0, 16.5, 270.0, 51.0, 1984-06-06 00:00:00, 0.2
4.0, 14.0, 180.0, 75.0, 1984-06-07 00:00:00, 0.4
8.0, 14.0, 180.0, 61.0, 1984-06-08 00:00:00, 1.3
3.0, 14.5, 180.0, 66.0, 1984-06-09 00:00:00, 2.3
4.0, 17.0, 270.0, 56.0, 1984-06-10 00:00:00, 0.0
3.0, 20.0, 270.0, 59.0, 1984-06-11 00:00:00, 0.0
4.0, 19.0, 0.0, 62.0, 1984-06-12 00:00:00, 3.2
3.0, 20.0, 270.0, 63.0, 1984-06-13 00:00:00, 0.5
4.0, 21.5, 270.0, 64.0, 1984-06-14 00:00:00, 0.0
22.0, 20.5, 180.0, 49.0, 1984-06-15 00:00:00, 0.8
10.0, 16.0, 180.0, 72.0, 1984-06-16 00:00:00, 0.6
4.0, 17.5, 270.0, 52.0, 1984-06-17 00:00:00, 0.0
3.0, 17.0, 270.0, 56.0, 1984-06-18 00:00:00, 0.0
8.0, 20.0, 270.0, 41.0, 1984-06-19 00:00:00, 1.2
2.0, 20.5, 270.0, 52.0, 1984-06-20 00:00:00, 0.0
3.0, 20.5, 180.0, 49.0, 1984-06-21 00:00:00, 0.0
3.0, 20.0, 180.0, 52.0, 1984-06-22 00:00:00, 0.0
2.0, 22.0, 270.0, 44.0, 1984-06-23 00:00:00, 0.0
5.0, 23.5, 270.0, 49.0, 1984-06-24 00:00:00, 0.9
8.0, 22.0, 270.0, 47.0, 1984-06-25 00:00:00, 0.0
12.0, 18.0, 180.0, 61.0, 1984-06-26 00:00:00, 0.2
3.0, 17.5, 270.0, 60.0, 1984-06-27 00:00:00, 0.0
5.0, 14.0, 180.0, 95.0, 1984-06-28 00:00:00, 23.0
6.0, 12.0, 180.0, 84.0, 1984-06-29 00:00:00, 15.0
15.0, 14.5, 180.0, 52.0, 1984-06-30 00:00:00, 0.5
4.0, 13.0, 270.0, 79.0, 1984-07-01 00:00:00, 7.5
2.0, 19.5, 180.0, 51.0, 1984-07-02 00:00:00, 0.0
4.0, 20.5, 320.0, 67.0, 1984-07-03 00:00:00, 0.0
5.0, 19.0, 270.0, 70.0, 1984-07-04 00:00:00, 0.0
10.0, 20.0, 180.0, 55.0, 1984-07-05 00:00:00, 0.0
3.0, 15.0, 270.0, 71.0, 1984-07-06 00:00:00, 1.2
8.0, 15.0, 180.0, 66.0, 1984-07-07 00:00:00, 0.2
3.0, 19.5, 270.0, 47.0, 1984-07-08 00:00:00, 0.0
8.0, 21.0, 270.0, 53.0, 1984-07-09 00:00:00, 0.0
2.0, 20.0, 270.0, 55.0, 1984-07-10 00:00:00, 0.0
3.0, 22.5, 320.0, 51.0, 1984-07-11 00:00:00, 0.0
20.0, 19.0, 180.0, 50.0, 1984-07-12 00:00:00, 0.0
5.0, 20.0, 270.0, 52.0, 1984-07-13 00:00:00, 0.0
2.0, 22.5, 270.0, 41.0, 1984-07-14 00:00:00, 0.0
2.0, 24.0, 270.0, 47.0, 1984-07-15 00:00:00, 0.0
3.0, 26.5, 320.0, 41.0, 1984-07-16 00:00:00, 0.0
5.0, 27.0, 320.0, 41.0, 1984-07-17 00:00:00, 0.0
3.0, 26.0, 320.0, 43.0, 1984-07-18 00:00:00, 0.0
3.0, 21.5, 270.0, 57.0, 1984-07-19 00:00:00, 0.0
10.0, 15.0, 180.0, 90.0, 1984-07-20 00:00:00, 0.5
2.0, 19.0, 0.0, 62.0, 1984-07-21 00:00:00, 11.0
3.0, 22.5, 270.0, 48.0, 1984-07-22 00:00:00, 0.0
2.0, 22.5, 270.0, 45.0, 1984-07-23 00:00:00, 0.0
2.0, 26.0, 320.0, 43.0, 1984-07-24 00:00:00, 0.0
2.0, 26.5, 270.0, 44.0, 1984-07-25 00:00:00, 0.0
8.0, 22.5, 180.0, 61.0, 1984-07-26 00:00:00, 5.0
2.0, 22.0, 180.0, 51.0, 1984-07-27 00:00:00, 0.0
3.0, 23.0, 180.0, 62.0, 1984-07-28 00:00:00, 0.0
8.0, 23.0, 270.0, 62.0, 1984-07-29 00:00:00, 0.0
6.0, 25.0, 270.0, 57.0, 1984-07-30 00:00:00, 0.0
2.0, 22.0, 180.0, 54.0, 1984-07-31 00:00:00, 0.0
2.0, 24.0, 270.0, 66.0, 1984-08-01 00:00:00, 2.2
3.0, 22.5, 180.0, 61.0, 1984-08-02 00:00:00, 0.0
2.0, 24.0, 180.0, 53.0, 1984-08-03 00:00:00, 0.0
8.0, 23.5, 0.0, 52.0, 1984-08-04 00:00:00, 0.0
2.0, 16.0, 270.0, 90.0, 1984-08-05 00:00:00, 9.1
5.0, 18.0, 270.0, 65.0, 1984-08-06 00:00:00, 6.0
5.0, 17.0, 270.0, 77.0, 1984-08-07 00:00:00, 0.5
3.0, 21.5, 270.0, 68.0, 1984-08-08 00:00:00, 0.0
5.0, 24.0, 270.0, 59.0, 1984-08-09 00:00:00, 0.0
6.0, 23.0, 270.0, 62.0, 1984-08-10 00:00:00, 0.0
2.0, 22.0, 180.0, 61.0, 1984-08-11 00:00:00, 0.0
25.0, 21.5, 180.0, 57.0, 1984-08-12 00:00:00, 0.0
12.0, 19.0, 180.0, 62.0, 1984-08-13 00:00:00, 0.0
3.0, 18.5, 270.0, 61.0, 1984-08-14 00:00:00, 0.0
5.0, 21.0, 270.0, 56.0, 1984-08-15 00:00:00, 0.0
2.0, 20.5, 180.0, 67.0, 1984-08-16 00:00:00, 1.5
6.0, 21.5, 270.0, 64.0, 1984-08-17 00:00:00, 1.8
10.0, 18.0, 270.0, 73.0, 1984-08-18 00:00:00, 0.8
3.0, 18.5, 270.0, 65.0, 1984-08-19 00:00:00, 3.0
5.0, 20.0, 0.0, 59.0, 1984-08-20 00:00:00, 0.0
3.0, 22.5, 0.0, 55.0, 1984-08-21 00:00:00, 0.0
25.0, 24.0, 180.0, 50.0, 1984-08-22 00:00:00, 0.0
5.0, 21.0, 180.0, 53.0, 1984-08-23 00:00:00, 0.0
3.0, 21.0, 180.0, 56.0, 1984-08-24 00:00:00, 0.2
5.0, 22.0, 320.0, 57.0, 1984-08-25 00:00:00, 0.0
8.0, 19.0, 180.0, 70.0, 1984-08-26 00:00:00, 0.2
5.0, 14.0, 180.0, 85.0, 1984-08-27 00:00:00, 5.0
6.0, 13.5, 270.0, 79.0, 1984-08-28 00:00:00, 0.2
5.0, 18.0, 320.0, 69.0, 1984-08-29 00:00:00, 0.0
3.0, 17.0, 270.0, 60.0, 1984-08-30 00:00:00, 0.0
8.0, 17.5, 180.0, 60.0, 1984-08-31 00:00:00, 0.0
5.0, 18.0, 0.0, 61.0, 1984-09-01 00:00:00, 0.8
10.0, 17.5, 0.0, 48.0, 1984-09-02 00:00:00, 0.0
3.0, 18.0, 0.0, 49.0, 1984-09-03 00:00:00, 0.0
5.0, 15.5, 0.0, 62.0, 1984-09-04 00:00:00, 0.0
4.0, 13.5, 0.0, 89.0, 1984-09-05 00:00:00, 17.6
4.0, 14.0, 0.0, 70.0, 1984-09-06 00:00:00, 18.5
2.0, 14.0, 0.0, 80.0, 1984-09-07 00:00:00, 0.2
2.0, 14.0, 0.0, 80.0, 1984-09-08 00:00:00, 1.5
3.0, 17.0, 0.0, 81.0, 1984-09-09 00:00:00, 8.0
8.0, 14.5, 0.0, 80.0, 1984-09-10 00:00:00, 2.6
3.0, 13.5, 0.0, 89.0, 1984-09-11 00:00:00, 1.2
6.0, 14.5, 0.0, 66.0, 1984-09-12 00:00:00, 1.0
3.0, 16.5, 0.0, 59.0, 1984-09-13 00:00:00, 0.2
2.0, 15.5, 0.0, 67.0, 1984-09-14 00:00:00, 0.0
3.0, 13.5, 0.0, 74.0, 1984-09-15 00:00:00, 0.0
8.0, 17.0, 0.0, 72.0, 1984-09-16 00:00:00, 5.4
3.0, 18.0, 0.0, 91.0, 1984-09-17 00:00:00, 4.0
7.0, 21.5, 0.0, 68.0, 1984-09-18 00:00:00, 0.2
4.0, 17.0, 0.0, 68.0, 1984-09-19 00:00:00, 0.0
3.0, 12.0, 0.0, 89.0, 1984-09-20 00:00:00, 10.5
4.0, 13.0, 0.0, 74.0, 1984-09-21 00:00:00, 0.5
13.0, 13.5, 0.0, 69.0, 1984-09-22 00:00:00, 1.5
7.0, 13.5, 0.0, 55.0, 1984-09-23 00:00:00, 0.0
6.0, 10.5, 0.0, 66.0, 1984-09-24 00:00:00, 0.0
4.0, 13.5, 0.0, 51.0, 1984-09-25 00:00:00, 0.0
3.0, 12.5, 0.0, 68.0, 1984-09-26 00:00:00, 0.0
5.0, 11.5, 0.0, 62.0, 1984-09-27 00:00:00, 0.0
8.0, 12.5, 0.0, 59.0, 1984-09-28 00:00:00, 0.0
3.0, 14.0, 0.0, 60.0, 1984-09-29 00:00:00, 0.0
2.0, 12.0, 0.0, 73.0, 1984-09-30 00:00:00, 0.0
3.0, 14.5, 270.0, 44.0, 1985-05-01 00:00:00, 0.0
8.0, 16.0, 180.0, 46.0, 1985-05-02 00:00:00, 0.0
22.0, 12.5, 180.0, 49.0, 1985-05-03 00:00:00, 1.2
5.0, 11.0, 320.0, 51.0, 1985-05-04 00:00:00, 0.0
3.0, 11.5, 180.0, 47.0, 1985-05-05 00:00:00, 0.0
3.0, 11.0, 270.0, 67.0, 1985-05-06 00:00:00, 2.4
5.0, 15.0, 270.0, 49.0, 1985-05-07 00:00:00, 0.0
18.0, 13.0, 180.0, 36.0, 1985-05-08 00:00:00, 0.0
12.0, 15.0, 320.0, 40.0, 1985-05-09 00:00:00, 0.0
20.0, 11.0, 180.0, 57.0, 1985-05-10 00:00:00, 0.0
5.0, 8.5, 270.0, 64.0, 1985-05-11 00:00:00, 5.4
8.0, 10.0, 0.0, 55.0, 1985-05-12 00:00:00, 0.5
10.0, 10.5, 320.0, 56.0, 1985-05-13 00:00:00, 0.0
5.0, 15.0, 180.0, 62.0, 1985-05-14 00:00:00, 5.2
3.0, 19.0, 270.0, 43.0, 1985-05-15 00:00:00, 0.0
4.0, 21.0, 0.0, 39.0, 1985-05-16 00:00:00, 0.0
3.0, 22.0, 0.0, 41.0, 1985-05-17 00:00:00, 0.0
4.0, 23.5, 270.0, 49.0, 1985-05-18 00:00:00, 0.0
5.0, 16.0, 180.0, 47.0, 1985-05-19 00:00:00, 0.0
3.0, 14.5, 180.0, 75.0, 1985-05-20 00:00:00, 0.0
8.0, 19.5, 320.0, 51.0, 1985-05-21 00:00:00, 0.0
3.0, 21.0, 180.0, 46.0, 1985-05-22 00:00:00, 0.0
8.0, 15.0, 180.0, 85.0, 1985-05-23 00:00:00, 0.2
3.0, 13.0, 180.0, 95.0, 1985-05-24 00:00:00, 9.0
3.0, 17.5, 230.0, 69.0, 1985-05-25 00:00:00, 8.0
5.0, 18.0, 180.0, 65.0, 1985-05-26 00:00:00, 1.2
4.0, 20.0, 270.0, 59.0, 1985-05-27 00:00:00, 0.0
25.0, 16.0, 180.0, 63.0, 1985-05-28 00:00:00, 0.0
12.0, 13.0, 180.0, 69.0, 1985-05-29 00:00:00, 6.1
10.0, 15.0, 180.0, 62.0, 1985-05-30 00:00:00, 1.0
5.0, 20.0, 0.0, 55.0, 1985-05-31 00:00:00, 0.0
12.0, 20.0, 180.0, 59.0, 1985-06-01 00:00:00, 0.0
15.0, 17.5, 180.0, 60.0, 1985-06-02 00:00:00, 0.0
3.0, 17.5, 270.0, 64.0, 1985-06-03 00:00:00, 0.0
8.0, 17.0, 270.0, 77.0, 1985-06-04 00:00:00, 2.0
10.0, 12.0, 180.0, 84.0, 1985-06-05 00:00:00, 1.0
3.0, 11.5, 180.0, 83.0, 1985-06-06 00:00:00, 0.8
6.0, 13.0, 230.0, 79.0, 1985-06-07 00:00:00, 1.2
2.0, 14.0, 180.0, 61.0, 1985-06-08 00:00:00, 0.8
3.0, 18.5, 180.0, 35.0, 1985-06-09 00:00:00, 0.0
3.0, 18.0, 270.0, 57.0, 1985-06-10 00:00:00, 0.0
8.0, 18.0, 270.0, 61.0, 1985-06-11 00:00:00, 0.0
5.0, 18.0, 270.0, 65.0, 1985-06-12 00:00:00, 0.0
18.0, 17.0, 180.0, 56.0, 1985-06-13 00:00:00, 0.0
20.0, 18.0, 270.0, 73.0, 1985-06-14 00:00:00, 0.6
3.0, 19.5, 320.0, 51.0, 1985-06-15 00:00:00, 0.2
5.0, 20.5, 0.0, 35.0, 1985-06-16 00:00:00, 0.0
4.0, 25.5, 270.0, 31.0, 1985-06-17 00:00:00, 0.0
6.0, 26.0, 320.0, 37.0, 1985-06-18 00:00:00, 0.0
2.0, 25.5, 0.0, 40.0, 1985-06-19 00:00:00, 0.0
25.0, 20.0, 180.0, 48.0, 1985-06-20 00:00:00, 0.0
3.0, 22.5, 0.0, 38.0, 1985-06-21 00:00:00, 0.0
35.0, 17.5, 180.0, 45.0, 1985-06-22 00:00:00, 0.0
15.0, 12.0, 180.0, 68.0, 1985-06-23 00:00:00, 3.5
8.0, 16.5, 180.0, 51.0, 1985-06-24 00:00:00, 0.0
5.0, 20.0, 0.0, 55.0, 1985-06-25 00:00:00, 0.0
15.0, 24.5, 180.0, 30.0, 1985-06-26 00:00:00, 0.0
18.0, 21.5, 180.0, 34.0, 1985-06-27 00:00:00, 0.0
15.0, 19.5, 180.0, 40.0, 1985-06-28 00:00:00, 0.0
5.0, 20.5, 270.0, 49.0, 1985-06-29 00:00:00, 0.0
20.0, 21.0, 180.0, 30.0, 1985-06-30 00:00:00, 0.0
7.0, 21.5, 270.0, 31.0, 1985-07-01 00:00:00, 0.0
2.0, 23.5, 270.0, 40.0, 1985-07-02 00:00:00, 0.0
3.0, 26.5, 270.0, 30.0, 1985-07-03 00:00:00, 0.0
8.0, 27.5, 180.0, 32.0, 1985-07-04 00:00:00, 0.0
12.0, 21.0, 180.0, 39.0, 1985-07-05 00:00:00, 0.0
8.0, 23.5, 270.0, 40.0, 1985-07-06 00:00:00, 0.0
6.0, 25.0, 270.0, 31.0, 1985-07-07 00:00:00, 0.0
2.0, 27.0, 270.0, 36.0, 1985-07-08 00:00:00, 0.0
2.0, 26.5, 270.0, 44.0, 1985-07-09 00:00:00, 0.0
10.0, 26.5, 270.0, 33.0, 1985-07-10 00:00:00, 0.0
7.0, 26.0, 270.0, 35.0, 1985-07-11 00:00:00, 0.0
4.0, 24.0, 270.0, 40.0, 1985-07-12 00:00:00, 0.0
4.0, 24.0, 270.0, 50.0, 1985-07-13 00:00:00, 0.0
8.0, 25.0, 320.0, 42.0, 1985-07-14 00:00:00, 0.0
10.0, 26.5, 320.0, 44.0, 1985-07-15 00:00:00, 0.0
4.0, 22.0, 180.0, 61.0, 1985-07-16 00:00:00, 0.4
5.0, 26.0, 180.0, 46.0, 1985-07-17 00:00:00, 0.0
3.0, 27.5, 320.0, 39.0, 1985-07-18 00:00:00, 0.0
3.0, 26.5, 180.0, 35.0, 1985-07-19 00:00:00, 0.0
2.0, 25.0, 180.0, 39.0, 1985-07-20 00:00:00, 0.0
2.0, 26.5, 230.0, 44.0, 1985-07-21 00:00:00, 0.0
3.0, 24.5, 180.0, 47.0, 1985-07-22 00:00:00, 0.0
18.0, 23.5, 180.0, 49.0, 1985-07-23 00:00:00, 0.0
8.0, 22.5, 270.0, 58.0, 1985-07-24 00:00:00, 0.0
6.0, 23.0, 320.0, 55.0, 1985-07-25 00:00:00, 0.0
2.0, 25.0, 320.0, 33.0, 1985-07-26 00:00:00, 0.0
3.0, 26.0, 0.0, 32.0, 1985-07-27 00:00:00, 0.0
3.0, 25.0, 0.0, 39.0, 1985-07-28 00:00:00, 0.0
3.0, 28.0, 230.0, 30.0, 1985-07-29 00:00:00, 0.0
2.0, 26.5, 270.0, 33.0, 1985-07-30 00:00:00, 0.0
13.0, 23.0, 180.0, 55.0, 1985-07-31 00:00:00, 0.0
4.0, 19.5, 270.0, 70.0, 1985-08-01 00:00:00, 0.0
6.0, 18.0, 180.0, 73.0, 1985-08-02 00:00:00, 0.0
3.0, 23.0, 270.0, 55.0, 1985-08-03 00:00:00, 0.0
4.0, 20.0, 270.0, 71.0, 1985-08-04 00:00:00, 2.2
5.0, 20.5, 270.0, 52.0, 1985-08-05 00:00:00, 0.0
5.0, 22.5, 270.0, 51.0, 1985-08-06 00:00:00, 0.0
2.0, 15.0, 230.0, 90.0, 1985-08-07 00:00:00, 5.1
6.0, 18.0, 180.0, 69.0, 1985-08-08 00:00:00, 3.2
3.0, 15.0, 270.0, 90.0, 1985-08-09 00:00:00, 3.4
8.0, 21.5, 0.0, 47.0, 1985-08-10 00:00:00, 4.0
4.0, 22.5, 270.0, 45.0, 1985-08-11 00:00:00, 0.0
6.0, 26.5, 270.0, 23.0, 1985-08-12 00:00:00, 0.0
3.0, 24.0, 270.0, 32.0, 1985-08-13 00:00:00, 0.0
4.0, 23.5, 270.0, 40.0, 1985-08-14 00:00:00, 0.0
10.0, 26.0, 270.0, 24.0, 1985-08-15 00:00:00, 0.0
2.0, 25.5, 0.0, 29.0, 1985-08-16 00:00:00, 0.0
2.0, 23.0, 180.0, 39.0, 1985-08-17 00:00:00, 0.0
5.0, 25.5, 270.0, 40.0, 1985-08-18 00:00:00, 0.0
6.0, 20.5, 270.0, 45.0, 1985-08-19 00:00:00, 0.0
7.0, 18.0, 180.0, 61.0, 1985-08-20 00:00:00, 5.6
5.0, 21.0, 270.0, 49.0, 1985-08-21 00:00:00, 0.0
3.0, 21.5, 180.0, 47.0, 1985-08-22 00:00:00, 0.0
3.0, 23.0, 230.0, 49.0, 1985-08-23 00:00:00, 0.0
5.0, 25.0, 270.0, 33.0, 1985-08-24 00:00:00, 0.0
6.0, 25.0, 320.0, 28.0, 1985-08-25 00:00:00, 0.0
5.0, 22.5, 270.0, 41.0, 1985-08-26 00:00:00, 0.0
6.0, 22.0, 270.0, 41.0, 1985-08-27 00:00:00, 0.0
5.0, 20.5, 180.0, 52.0, 1985-08-28 00:00:00, 0.0
4.0, 18.5, 180.0, 54.0, 1985-08-29 00:00:00, 0.0
8.0, 17.0, 270.0, 60.0, 1985-08-30 00:00:00, 0.0
2.0, 18.0, 0.0, 57.0, 1985-08-31 00:00:00, 2.1
5.0, 17.5, 180.0, 56.0, 1985-09-01 00:00:00, 0.0
7.0, 20.0, 0.0, 41.0, 1985-09-02 00:00:00, 0.0
5.0, 21.0, 270.0, 49.0, 1985-09-03 00:00:00, 0.0
6.0, 15.0, 180.0, 85.0, 1985-09-04 00:00:00, 0.2
3.0, 15.5, 270.0, 90.0, 1985-09-05 00:00:00, 2.1
4.0, 11.0, 270.0, 78.0, 1985-09-06 00:00:00, 28.5
5.0, 15.0, 270.0, 44.0, 1985-09-07 00:00:00, 0.2
2.0, 15.0, 270.0, 53.0, 1985-09-08 00:00:00, 0.0
2.0, 16.5, 0.0, 51.0, 1985-09-09 00:00:00, 0.0
2.0, 18.5, 270.0, 57.0, 1985-09-10 00:00:00, 0.4
2.0, 15.0, 180.0, 62.0, 1985-09-11 00:00:00, 0.0
5.0, 16.0, 180.0, 67.0, 1985-09-12 00:00:00, 3.2
12.0, 16.0, 180.0, 54.0, 1985-09-13 00:00:00, 0.5
8.0, 15.0, 270.0, 71.0, 1985-09-14 00:00:00, 0.0
3.0, 15.0, 270.0, 57.0, 1985-09-15 00:00:00, 0.0
6.0, 14.5, 180.0, 66.0, 1985-09-16 00:00:00, 1.6
6.0, 16.0, 270.0, 59.0, 1985-09-17 00:00:00, 1.5
5.0, 14.5, 270.0, 61.0, 1985-09-18 00:00:00, 0.6
2.0, 16.0, 270.0, 54.0, 1985-09-19 00:00:00, 0.0
12.0, 14.5, 180.0, 61.0, 1985-09-20 00:00:00, 0.0
8.0, 16.0, 270.0, 59.0, 1985-09-21 00:00:00, 0.0
2.0, 14.5, 270.0, 52.0, 1985-09-22 00:00:00, 0.0
2.0, 12.5, 270.0, 59.0, 1985-09-23 00:00:00, 0.0
8.0, 15.5, 270.0, 54.0, 1985-09-24 00:00:00, 0.0
2.0, 15.5, 320.0, 49.0, 1985-09-25 00:00:00, 0.0
12.0, 21.5, 270.0, 22.0, 1985-09-26 00:00:00, 0.0
10.0, 19.5, 270.0, 24.0, 1985-09-27 00:00:00, 0.0
8.0, 13.5, 320.0, 33.0, 1985-09-28 00:00:00, 0.0
6.0, 12.0, 270.0, 48.0, 1985-09-29 00:00:00, 0.0
5.0, 13.5, 270.0, 37.0, 1985-09-30 00:00:00, 0.0
2.0, 8.0, 0.0, 75.0, 1986-04-15 00:00:00, 0.2
7.0, 11.5, 270.0, 52.0, 1986-04-16 00:00:00, 0.5
4.0, 10.0, 180.0, 66.0, 1986-04-17 00:00:00, 0.0
25.0, 10.5, 180.0, 61.0, 1986-04-18 00:00:00, 0.0
2.0, 10.5, 270.0, 66.0, 1986-04-19 00:00:00, 0.0
5.0, 10.5, 270.0, 83.0, 1986-04-20 00:00:00, 1.3
2.0, 11.0, 180.0, 89.0, 1986-04-21 00:00:00, 0.4
15.0, 10.5, 180.0, 56.0, 1986-04-22 00:00:00, 5.0
8.0, 9.0, 320.0, 64.0, 1986-04-23 00:00:00, 0.6
20.0, 7.0, 180.0, 62.0, 1986-04-24 00:00:00, 0.0
15.0, 8.5, 180.0, 70.0, 1986-04-25 00:00:00, 3.0
12.0, 9.0, 180.0, 64.0, 1986-04-26 00:00:00, 0.2
30.0, 11.5, 180.0, 57.0, 1986-04-27 00:00:00, 0.0
12.0, 9.0, 320.0, 59.0, 1986-04-28 00:00:00, 0.0
5.0, 10.5, 270.0, 58.0, 1986-04-29 00:00:00, 0.7
2.0, 11.5, 180.0, 52.0, 1986-04-30 00:00:00, 0.0
12.0, 11.0, 230.0, 67.0, 1986-05-01 00:00:00, 0.0
3.0, 10.0, 230.0, 94.0, 1986-05-02 00:00:00, 7.5
7.0, 12.0, 270.0, 68.0, 1986-05-03 00:00:00, 6.2
3.0, 12.0, 270.0, 63.0, 1986-05-04 00:00:00, 0.0
2.0, 14.5, 270.0, 48.0, 1986-05-05 00:00:00, 0.0
4.0, 17.5, 180.0, 33.0, 1986-05-06 00:00:00, 0.0
12.0, 13.5, 270.0, 60.0, 1986-05-07 00:00:00, 0.0
5.0, 15.0, 320.0, 53.0, 1986-05-08 00:00:00, 0.0
5.0, 11.5, 180.0, 67.0, 1986-05-09 00:00:00, 5.0
12.0, 10.0, 180.0, 88.0, 1986-05-10 00:00:00, 9.5
8.0, 11.0, 270.0, 57.0, 1986-05-11 00:00:00, 0.3
25.0, 9.0, 180.0, 82.0, 1986-05-12 00:00:00, 0.0
8.0, 8.0, 230.0, 69.0, 1986-05-13 00:00:00, 3.5
3.0, 13.0, 0.0, 45.0, 1986-05-14 00:00:00, 0.6
2.0, 14.0, 180.0, 38.0, 1986-05-15 00:00:00, 0.0
10.0, 12.5, 270.0, 59.0, 1986-05-16 00:00:00, 0.0
5.0, 12.5, 270.0, 74.0, 1986-05-17 00:00:00, 2.6
3.0, 17.5, 270.0, 69.0, 1986-05-18 00:00:00, 1.4
3.0, 16.0, 180.0, 63.0, 1986-05-19 00:00:00, 0.6
25.0, 11.0, 180.0, 72.0, 1986-05-20 00:00:00, 12.5
3.0, 14.0, 270.0, 51.0, 1986-05-21 00:00:00, 0.4
4.0, 12.0, 180.0, 48.0, 1986-05-22 00:00:00, 0.0
2.0, 11.0, 270.0, 51.0, 1986-05-23 00:00:00, 0.0
6.0, 14.0, 180.0, 80.0, 1986-05-24 00:00:00, 0.0
2.0, 11.0, 270.0, 94.0, 1986-05-25 00:00:00, 13.5
3.0, 12.0, 270.0, 94.0, 1986-05-26 00:00:00, 10.0
2.0, 17.5, 0.0, 64.0, 1986-05-27 00:00:00, 1.7
5.0, 20.0, 270.0, 52.0, 1986-05-28 00:00:00, 0.0
4.0, 21.5, 270.0, 50.0, 1986-05-29 00:00:00, 0.0
3.0, 22.5, 270.0, 38.0, 1986-05-30 00:00:00, 0.0
3.0, 25.5, 270.0, 40.0, 1986-05-31 00:00:00, 0.0
6.0, 24.0, 270.0, 38.0, 1986-06-01 00:00:00, 0.0
6.0, 24.5, 270.0, 27.0, 1986-06-02 00:00:00, 0.0
4.0, 26.0, 270.0, 29.0, 1986-06-03 00:00:00, 0.0
8.0, 20.0, 270.0, 59.0, 1986-06-04 00:00:00, 0.0
10.0, 19.0, 270.0, 62.0, 1986-06-05 00:00:00, 0.0
14.0, 16.5, 180.0, 68.0, 1986-06-06 00:00:00, 0.0
5.0, 15.0, 180.0, 80.0, 1986-06-07 00:00:00, 0.0
2.0, 19.0, 180.0, 54.0, 1986-06-08 00:00:00, 0.0
4.0, 20.0, 270.0, 55.0, 1986-06-09 00:00:00, 0.0
5.0, 22.0, 270.0, 47.0, 1986-06-10 00:00:00, 0.0
6.0, 22.0, 270.0, 47.0, 1986-06-11 00:00:00, 0.0
6.0, 22.0, 270.0, 38.0, 1986-06-12 00:00:00, 0.0
2.0, 22.5, 320.0, 32.0, 1986-06-13 00:00:00, 0.0
3.0, 14.5, 180.0, 95.0, 1986-06-14 00:00:00, 4.0
18.0, 15.0, 180.0, 53.0, 1986-06-15 00:00:00, 11.0
2.0, 13.0, 180.0, 79.0, 1986-06-16 00:00:00, 2.6
8.0, 14.5, 180.0, 75.0, 1986-06-17 00:00:00, 1.3
15.0, 17.0, 180.0, 56.0, 1986-06-18 00:00:00, 2.2
22.0, 15.5, 180.0, 54.0, 1986-06-19 00:00:00, 4.2
2.0, 16.0, 270.0, 54.0, 1986-06-20 00:00:00, 0.0
6.0, 16.5, 270.0, 63.0, 1986-06-21 00:00:00, 0.0
4.0, 16.5, 270.0, 68.0, 1986-06-22 00:00:00, 0.0
5.0, 21.0, 270.0, 60.0, 1986-06-23 00:00:00, 0.0
8.0, 23.0, 320.0, 55.0, 1986-06-24 00:00:00, 0.0
3.0, 21.0, 320.0, 53.0, 1986-06-25 00:00:00, 0.0
5.0, 22.0, 320.0, 51.0, 1986-06-26 00:00:00, 0.0
3.0, 22.0, 0.0, 47.0, 1986-06-27 00:00:00, 0.0
3.0, 19.0, 230.0, 58.0, 1986-06-28 00:00:00, 0.0
10.0, 13.0, 180.0, 95.0, 1986-06-29 00:00:00, 8.0
3.0, 19.5, 270.0, 51.0, 1986-06-30 00:00:00, 0.5
3.0, 15.0, 180.0, 90.0, 1986-07-01 00:00:00, 3.3
12.0, 20.0, 270.0, 59.0, 1986-07-02 00:00:00, 3.0
8.0, 16.5, 270.0, 62.0, 1986-07-03 00:00:00, 6.0
2.0, 13.5, 270.0, 60.0, 1986-07-04 00:00:00, 2.0
15.0, 17.0, 180.0, 60.0, 1986-07-05 00:00:00, 0.0
4.0, 20.5, 270.0, 56.0, 1986-07-06 00:00:00, 0.0
3.0, 23.0, 320.0, 55.0, 1986-07-07 00:00:00, 0.0
2.0, 20.0, 270.0, 71.0, 1986-07-08 00:00:00, 0.0
14.0, 18.5, 180.0, 68.0, 1986-07-09 00:00:00, 0.0
8.0, 16.5, 180.0, 72.0, 1986-07-10 00:00:00, 1.0
7.0, 18.0, 270.0, 69.0, 1986-07-11 00:00:00, 0.9
5.0, 17.5, 180.0, 73.0, 1986-07-12 00:00:00, 1.2
2.0, 19.0, 270.0, 58.0, 1986-07-13 00:00:00, 0.5
2.0, 18.0, 270.0, 57.0, 1986-07-14 00:00:00, 0.0
2.0, 14.0, 180.0, 80.0, 1986-07-15 00:00:00, 0.7
15.0, 13.5, 180.0, 74.0, 1986-07-16 00:00:00, 4.2
3.0, 16.0, 180.0, 72.0, 1986-07-17 00:00:00, 5.2
4.0, 20.0, 270.0, 55.0, 1986-07-18 00:00:00, 0.0
3.0, 22.5, 270.0, 65.0, 1986-07-19 00:00:00, 0.0
2.0, 23.0, 270.0, 58.0, 1986-07-20 00:00:00, 0.0
3.0, 22.5, 270.0, 58.0, 1986-07-21 00:00:00, 0.0
15.0, 22.5, 180.0, 61.0, 1986-07-22 00:00:00, 0.0
22.0, 21.0, 180.0, 56.0, 1986-07-23 00:00:00, 0.0
2.0, 19.5, 270.0, 62.0, 1986-07-24 00:00:00, 0.0
10.0, 20.0, 270.0, 67.0, 1986-07-25 00:00:00, 0.0
3.0, 19.0, 180.0, 66.0, 1986-07-26 00:00:00, 4.0
3.0, 16.5, 230.0, 76.0, 1986-07-27 00:00:00, 4.6
5.0, 16.0, 270.0, 81.0, 1986-07-28 00:00:00, 0.3
6.0, 19.0, 230.0, 62.0, 1986-07-29 00:00:00, 5.0
5.0, 20.5, 320.0, 52.0, 1986-07-30 00:00:00, 0.0
2.0, 22.0, 0.0, 54.0, 1986-07-31 00:00:00, 0.0
5.0, 25.0, 320.0, 51.0, 1986-08-01 00:00:00, 0.0
8.0, 25.0, 270.0, 48.0, 1986-08-02 00:00:00, 0.0
4.0, 25.5, 320.0, 51.0, 1986-08-03 00:00:00, 0.0
5.0, 23.5, 320.0, 59.0, 1986-08-04 00:00:00, 0.0
3.0, 24.5, 0.0, 50.0, 1986-08-05 00:00:00, 0.0
2.0, 25.5, 0.0, 48.0, 1986-08-06 00:00:00, 0.0
5.0, 28.5, 270.0, 33.0, 1986-08-07 00:00:00, 0.0
2.0, 27.5, 0.0, 39.0, 1986-08-08 00:00:00, 0.0
2.0, 26.5, 0.0, 41.0, 1986-08-09 00:00:00, 0.0
3.0, 26.5, 320.0, 52.0, 1986-08-10 00:00:00, 0.0
8.0, 18.0, 180.0, 73.0, 1986-08-11 00:00:00, 0.0
12.0, 23.0, 180.0, 58.0, 1986-08-12 00:00:00, 0.0
8.0, 23.0, 270.0, 69.0, 1986-08-13 00:00:00, 0.0
6.0, 23.5, 270.0, 69.0, 1986-08-14 00:00:00, 0.0
3.0, 22.0, 320.0, 54.0, 1986-08-15 00:00:00, 0.0
2.0, 23.0, 320.0, 42.0, 1986-08-16 00:00:00, 0.0
8.0, 20.0, 270.0, 59.0, 1986-08-17 00:00:00, 0.0
2.0, 23.0, 270.0, 49.0, 1986-08-18 00:00:00, 0.0
6.0, 24.0, 0.0, 40.0, 1986-08-19 00:00:00, 0.0
2.0, 22.5, 0.0, 41.0, 1986-08-20 00:00:00, 0.0
3.0, 24.0, 0.0, 40.0, 1986-08-21 00:00:00, 0.0
4.0, 23.5, 0.0, 40.0, 1986-08-22 00:00:00, 0.0
2.0, 22.5, 270.0, 55.0, 1986-08-23 00:00:00, 0.0
3.0, 20.0, 270.0, 55.0, 1986-08-24 00:00:00, 0.0
7.0, 21.5, 270.0, 57.0, 1986-08-25 00:00:00, 0.0
2.0, 23.5, 0.0, 46.0, 1986-08-26 00:00:00, 0.0
3.0, 24.0, 0.0, 50.0, 1986-08-27 00:00:00, 0.0
6.0, 24.0, 270.0, 59.0, 1986-08-28 00:00:00, 0.4
3.0, 19.5, 270.0, 87.0, 1986-08-29 00:00:00, 2.6
14.0, 19.5, 180.0, 60.0, 1986-08-30 00:00:00, 0.0
3.0, 22.0, 180.0, 57.0, 1986-08-31 00:00:00, 0.0
2.0, 21.5, 270.0, 61.0, 1986-09-01 00:00:00, 0.4
2.0, 22.0, 270.0, 61.0, 1986-09-02 00:00:00, 0.0
6.0, 23.5, 320.0, 62.0, 1986-09-03 00:00:00, 0.0
5.0, 22.0, 320.0, 65.0, 1986-09-04 00:00:00, 0.0
8.0, 23.5, 40.0, 37.0, 1986-09-05 00:00:00, 0.0
2.0, 19.5, 270.0, 47.0, 1986-09-06 00:00:00, 0.0
6.0, 21.5, 270.0, 47.0, 1986-09-07 00:00:00, 0.0
5.0, 16.5, 270.0, 72.0, 1986-09-08 00:00:00, 0.7
3.0, 19.0, 180.0, 50.0, 1986-09-09 00:00:00, 0.0
3.0, 19.0, 180.0, 50.0, 1986-09-10 00:00:00, 0.0
4.0, 17.0, 270.0, 81.0, 1986-09-11 00:00:00, 4.4
5.0, 17.0, 320.0, 40.0, 1986-09-12 00:00:00, 0.0
4.0, 16.5, 90.0, 47.0, 1986-09-13 00:00:00, 0.0
6.0, 14.0, 320.0, 65.0, 1986-09-14 00:00:00, 2.0
5.0, 16.0, 270.0, 57.0, 1986-09-15 00:00:00, 0.0
12.0, 13.5, 180.0, 74.0, 1986-09-16 00:00:00, 0.2
6.0, 16.0, 90.0, 66.0, 1986-09-17 00:00:00, 0.0
2.0, 15.0, 140.0, 62.0, 1986-09-18 00:00:00, 0.0
3.0, 17.0, 140.0, 52.0, 1986-09-19 00:00:00, 0.0
7.0, 15.5, 270.0, 49.0, 1986-09-20 00:00:00, 0.0
4.0, 16.0, 180.0, 59.0, 1986-09-21 00:00:00, 0.0
3.0, 14.0, 270.0, 70.0, 1986-09-22 00:00:00, 0.0
7.0, 13.5, 180.0, 74.0, 1986-09-23 00:00:00, 3.3
5.0, 14.0, 180.0, 51.0, 1986-09-24 00:00:00, 0.6
8.0, 15.0, 270.0, 49.0, 1986-09-25 00:00:00, 0.3
3.0, 11.0, 180.0, 67.0, 1986-09-26 00:00:00, 0.0
4.0, 12.5, 180.0, 84.0, 1986-09-27 00:00:00, 6.0
5.0, 12.5, 180.0, 89.0, 1986-09-28 00:00:00, 4.2
2.0, 12.5, 230.0, 84.0, 1986-09-29 00:00:00, 3.5
3.0, 13.0, 270.0, 74.0, 1986-09-30 00:00:00, 2.0
6.0, 12.5, 270.0, 68.0, 1986-10-01 00:00:00, 0.0
2.0, 8.5, 270.0, 88.0, 1986-10-02 00:00:00, 0.3
3.0, 11.5, 270.0, 83.0, 1986-10-03 00:00:00, 0.5
15.0, 15.0, 180.0, 71.0, 1986-10-04 00:00:00, 0.0
2.0, 14.0, 270.0, 70.0, 1986-10-05 00:00:00, 0.0
3.0, 11.5, 270.0, 78.0, 1986-10-06 00:00:00, 0.0
14.0, 16.5, 180.0, 63.0, 1986-10-07 00:00:00, 0.0
4.0, 14.5, 320.0, 61.0, 1986-10-08 00:00:00, 0.0
2.0, 12.0, 230.0, 78.0, 1986-10-09 00:00:00, 0.0
8.0, 16.0, 0.0, 38.0, 1986-10-10 00:00:00, 0.0
5.0, 9.5, 320.0, 76.0, 1986-10-11 00:00:00, 0.0
15.0, 12.0, 320.0, 48.0, 1986-10-12 00:00:00, 0.0
6.0, 12.0, 320.0, 53.0, 1986-10-13 00:00:00, 0.0
8.0, 12.5, 320.0, 54.0, 1986-10-14 00:00:00, 0.0
10.0, 13.0, 320.0, 55.0, 1986-10-15 00:00:00, 0.0
8.0, 11.5, 320.0, 57.0, 1986-10-16 00:00:00, 0.0
10.0, 12.0, 320.0, 63.0, 1986-10-17 00:00:00, 0.0
3.0, 12.0, 270.0, 63.0, 1986-10-18 00:00:00, 0.0
12.0, 11.0, 0.0, 62.0, 1986-10-19 00:00:00, 0.0
4.0, 11.0, 320.0, 57.0, 1986-10-20 00:00:00, 0.0
3.0, 12.5, 270.0, 64.0, 1986-10-21 00:00:00, 0.0
2.0, 11.5, 270.0, 67.0, 1986-10-22 00:00:00, 0.0
6.0, 11.0, 320.0, 62.0, 1986-10-23 00:00:00, 0.0
2.0, 14.0, 320.0, 43.0, 1987-04-01 00:00:00, 0.0
2.0, 14.5, 320.0, 43.0, 1987-04-02 00:00:00, 0.0
8.0, 13.0, 270.0, 50.0, 1987-04-03 00:00:00, 0.0
3.0, 14.5, 180.0, 57.0, 1987-04-04 00:00:00, 7.2
2.0, 11.5, 270.0, 67.0, 1987-04-05 00:00:00, 0.0
30.0, 13.0, 180.0, 55.0, 1987-04-06 00:00:00, 0.0
8.0, 11.5, 270.0, 62.0, 1987-04-07 00:00:00, 0.6
25.0, 10.5, 180.0, 61.0, 1987-04-08 00:00:00, 4.2
12.0, 10.0, 180.0, 50.0, 1987-04-09 00:00:00, 0.0
3.0, 8.0, 270.0, 81.0, 1987-04-10 00:00:00, 13.0
25.0, 10.0, 180.0, 60.0, 1987-04-11 00:00:00, 0.4
20.0, 11.0, 180.0, 42.0, 1987-04-12 00:00:00, 0.2
6.0, 10.5, 270.0, 61.0, 1987-04-13 00:00:00, 0.0
5.0, 13.0, 270.0, 59.0, 1987-04-14 00:00:00, 6.6
25.0, 11.0, 180.0, 51.0, 1987-04-15 00:00:00, 0.4
50.0, 12.0, 180.0, 63.0, 1987-04-16 00:00:00, 11.5
8.0, 10.5, 270.0, 41.0, 1987-04-17 00:00:00, 0.8
2.0, 9.0, 270.0, 53.0, 1987-04-18 00:00:00, 0.0
4.0, 9.5, 270.0, 54.0, 1987-04-19 00:00:00, 0.0
8.0, 11.5, 270.0, 52.0, 1987-04-20 00:00:00, 0.0
6.0, 12.0, 270.0, 53.0, 1987-04-21 00:00:00, 0.0
10.0, 14.5, 0.0, 44.0, 1987-04-22 00:00:00, 2.0
2.0, 13.0, 230.0, 45.0, 1987-04-23 00:00:00, 0.0
20.0, 14.0, 180.0, 34.0, 1987-04-24 00:00:00, 0.0
2.0, 14.5, 230.0, 39.0, 1987-04-25 00:00:00, 0.0
3.0, 14.0, 320.0, 43.0, 1987-04-26 00:00:00, 0.0
2.0, 17.0, 180.0, 44.0, 1987-04-27 00:00:00, 0.0
3.0, 13.5, 270.0, 74.0, 1987-04-28 00:00:00, 0.0
6.0, 19.0, 270.0, 54.0, 1987-04-29 00:00:00, 0.0
4.0, 13.0, 180.0, 84.0, 1987-04-30 00:00:00, 9.0
26.0, 14.5, 180.0, 48.0, 1987-05-01 00:00:00, 3.8
15.0, 11.0, 180.0, 67.0, 1987-05-02 00:00:00, 1.0
18.0, 12.5, 180.0, 59.0, 1987-05-03 00:00:00, 0.7
2.0, 12.5, 180.0, 58.0, 1987-05-04 00:00:00, 11.0
8.0, 16.0, 270.0, 46.0, 1987-05-05 00:00:00, 0.2
6.0, 18.0, 270.0, 38.0, 1987-05-06 00:00:00, 0.0
2.0, 19.5, 180.0, 57.0, 1987-05-07 00:00:00, 0.0
2.0, 20.0, 180.0, 31.0, 1987-05-08 00:00:00, 0.0
6.0, 21.5, 270.0, 40.0, 1987-05-09 00:00:00, 0.0
15.0, 22.0, 180.0, 35.0, 1987-05-10 00:00:00, 0.0
20.0, 15.0, 180.0, 71.0, 1987-05-11 00:00:00, 0.1
18.0, 15.0, 180.0, 36.0, 1987-05-12 00:00:00, 8.6
20.0, 13.5, 180.0, 55.0, 1987-05-13 00:00:00, 0.4
25.0, 19.0, 180.0, 36.0, 1987-05-14 00:00:00, 8.4
4.0, 16.0, 270.0, 46.0, 1987-05-15 00:00:00, 0.0
2.0, 15.5, 180.0, 41.0, 1987-05-16 00:00:00, 0.0
8.0, 17.5, 270.0, 45.0, 1987-05-17 00:00:00, 0.0
12.0, 8.5, 180.0, 81.0, 1987-05-18 00:00:00, 17.5
3.0, 12.0, 270.0, 68.0, 1987-05-19 00:00:00, 0.5
8.0, 19.0, 0.0, 33.0, 1987-05-20 00:00:00, 0.0
10.0, 15.0, 270.0, 57.0, 1987-05-21 00:00:00, 0.1
3.0, 15.5, 270.0, 54.0, 1987-05-22 00:00:00, 4.4
8.0, 15.5, 270.0, 62.0, 1987-05-23 00:00:00, 0.6
2.0, 18.0, 180.0, 49.0, 1987-05-24 00:00:00, 0.0
3.0, 20.5, 270.0, 39.0, 1987-05-25 00:00:00, 0.0
4.0, 20.0, 270.0, 38.0, 1987-05-26 00:00:00, 0.0
12.0, 14.5, 180.0, 66.0, 1987-05-27 00:00:00, 0.0
10.0, 13.0, 270.0, 79.0, 1987-05-28 00:00:00, 0.9
25.0, 16.0, 180.0, 50.0, 1987-05-29 00:00:00, 0.0
5.0, 12.0, 180.0, 68.0, 1987-05-30 00:00:00, 6.5
8.0, 14.0, 270.0, 56.0, 1987-05-31 00:00:00, 0.2
