station_observations
wind_speed, temperature, wind_direction, relative_humidity, time, precipitation
5.0, 16.0, 180.0, 65.0, 1993-06-05 00:00:00, 0.5
5.0, 16.0, 180.0, 65.0, 1993-06-06 00:00:00, 0.5
12.0, 12.0, 180.0, 80.0, 1993-06-07 00:00:00, 1.0
9.0, 12.0, 180.0, 43.0, 1993-06-08 00:00:00, 14.5
9.0, 10.7, 180.0, 70.0, 1993-06-09 00:00:00, 0.3
4.0, 5.4, 270.0, 82.0, 1993-06-10 00:00:00, 12.0
5.0, 8.8, 270.0, 77.0, 1993-06-11 00:00:00, 0.3
5.0, 9.2, 140.0, 85.0, 1993-06-12 00:00:00, 4.0
8.0, 9.5, 180.0, 80.0, 1993-06-13 00:00:00, 0.8
0.0, 12.5, 0.0, 67.0, 1993-06-14 00:00:00, 2.7
6.0, 11.7, 140.0, 83.0, 1993-06-15 00:00:00, 2.7
4.0, 11.7, 140.0, 80.0, 1993-06-16 00:00:00, 2.8
3.0, 13.4, 90.0, 60.0, 1993-06-17 00:00:00, 0.9
16.0, 14.4, 140.0, 65.0, 1993-06-18 00:00:00, 11.4
8.0, 12.2, 180.0, 71.0, 1993-06-19 00:00:00, 3.1
11.0, 15.3, 140.0, 50.0, 1993-06-20 00:00:00, 0.8
9.0, 14.1, 140.0, 62.0, 1993-06-21 00:00:00, 0.5
14.0, 7.1, 180.0, 60.0, 1993-06-22 00:00:00, 6.6
0.0, 4.8, 0.0, 87.0, 1993-06-23 00:00:00, 1.3
8.0, 11.7, 180.0, 60.0, 1993-06-24 00:00:00, 2.0
14.0, 11.1, 140.0, 90.0, 1993-06-25 00:00:00, 3.8
10.0, 16.8, 180.0, 56.0, 1993-06-26 00:00:00, 1.6
10.0, 8.0, 140.0, 88.0, 1993-06-27 00:00:00, 5.5
24.0, 11.2, 140.0, 60.0, 1993-06-28 00:00:00, 6.0
9.0, 11.4, 180.0, 71.0, 1993-06-29 00:00:00, 0.4
12.0, 12.7, 140.0, 55.0, 1993-06-30 00:00:00, 0.0
19.0, 13.6, 180.0, 63.0, 1993-07-01 00:00:00, 0.0
4.0, 15.2, 230.0, 57.0, 1993-07-02 00:00:00, 1.4
0.0, 9.2, 0.0, 96.0, 1993-07-03 00:00:00, 3.0
5.0, 13.3, 230.0, 72.0, 1993-07-04 00:00:00, 1.7
9.0, 8.9, 140.0, 81.0, 1993-07-05 00:00:00, 1.4
7.0, 12.2, 320.0, 67.0, 1993-07-06 00:00:00, 0.0
6.0, 15.4, 0.0, 59.0, 1993-07-07 00:00:00, 6.8
14.0, 11.4, 320.0, 82.0, 1993-07-08 00:00:00, 3.5
15.0, 12.8, 320.0, 47.0, 1993-07-09 00:00:00, 0.0
8.0, 14.9, 180.0, 48.0, 1993-07-10 00:00:00, 0.0
0.0, 8.0, 0.0, 95.0, 1993-07-11 00:00:00, 4.3
10.0, 11.8, 320.0, 59.0, 1993-07-12 00:00:00, 0.7
8.0, 5.5, 140.0, 97.0, 1993-07-13 00:00:00, 3.5
15.0, 13.4, 140.0, 64.0, 1993-07-14 00:00:00, 1.2
3.0, 13.8, 180.0, 49.0, 1993-07-15 00:00:00, 0.0
0.0, 10.2, 320.0, 84.0, 1993-07-16 00:00:00, 4.8
2.0, 15.6, 320.0, 55.0, 1993-07-17 00:00:00, 0.2
12.0, 17.7, 180.0, 51.0, 1993-07-18 00:00:00, 1.2
1.0, 19.0, 140.0, 48.0, 1993-07-19 00:00:00, 0.5
1.0, 15.6, 180.0, 68.0, 1993-07-20 00:00:00, 6.3
2.0, 13.2, 180.0, 92.0, 1993-07-21 00:00:00, 13.9
15.0, 14.6, 180.0, 61.0, 1993-07-22 00:00:00, 4.3
9.0, 12.3, 140.0, 90.0, 1993-07-23 00:00:00, 5.5
3.0, 13.2, 230.0, 70.0, 1993-07-24 00:00:00, 1.0
11.0, 16.2, 320.0, 59.0, 1993-07-25 00:00:00, 0.0
14.0, 16.9, 140.0, 55.0, 1993-07-26 00:00:00, 0.0
3.0, 17.9, 140.0, 58.0, 1993-07-27 00:00:00, 0.0
6.0, 11.3, 140.0, 96.0, 1993-07-28 00:00:00, 10.1
15.0, 10.1, 140.0, 81.0, 1993-07-29 00:00:00, 8.8
16.0, 7.2, 140.0, 86.0, 1993-07-30 00:00:00, 1.0
9.0, 13.6, 180.0, 55.0, 1993-07-31 00:00:00, 0.0
3.0, 17.5, 320.0, 46.0, 1993-08-01 00:00:00, 0.0
7.0, 19.8, 180.0, 38.0, 1993-08-02 00:00:00, 0.0
5.0, 20.0, 180.0, 45.0, 1993-08-03 00:00:00, 0.0
2.0, 22.0, 320.0, 37.0, 1993-08-04 00:00:00, 0.0
14.0, 14.1, 180.0, 36.0, 1993-08-05 00:00:00, 0.0
1.0, 17.5, 270.0, 76.0, 1993-08-06 00:00:00, 4.0
2.0, 12.7, 180.0, 84.0, 1993-08-07 00:00:00, 3.3
8.0, 17.1, 180.0, 61.0, 1993-08-08 00:00:00, 0.0
3.0, 11.2, 140.0, 91.0, 1993-08-09 00:00:00, 2.2
7.0, 10.2, 180.0, 92.0, 1993-08-10 00:00:00, 19.8
11.0, 12.5, 180.0, 63.0, 1993-08-11 00:00:00, 7.1
13.0, 15.7, 140.0, 51.0, 1993-08-12 00:00:00, 0.0
7.0, 11.2, 140.0, 88.0, 1993-08-13 00:00:00, 4.3
3.0, 14.2, 270.0, 66.0, 1993-08-14 00:00:00, 0.2
12.0, 18.2, 320.0, 54.0, 1993-08-15 00:00:00, 0.5
7.0, 20.6, 230.0, 36.0, 1993-08-16 00:00:00, 0.0
15.0, 21.0, 140.0, 47.0, 1993-08-17 00:00:00, 0.0
15.0, 22.6, 140.0, 41.0, 1993-08-18 00:00:00, 0.0
11.0, 22.6, 180.0, 41.0, 1993-08-19 00:00:00, 0.5
14.0, 23.7, 180.0, 38.0, 1993-08-20 00:00:00, 0.0
0.0, 12.0, 230.0, 94.0, 1993-08-21 00:00:00, 9.6
0.0, 12.0, 180.0, 96.0, 1993-08-22 00:00:00, 5.8
0.0, 8.4, 140.0, 92.0, 1993-08-23 00:00:00, 33.2
0.0, 5.3, 320.0, 88.0, 1993-08-24 00:00:00, 8.6
5.0, 8.0, 140.0, 88.0, 1993-08-25 00:00:00, 3.0
1.0, 10.6, 270.0, 76.0, 1993-08-26 00:00:00, 0.2
0.0, 6.1, 230.0, 94.0, 1993-08-27 00:00:00, 21.0
14.0, 10.4, 320.0, 71.0, 1993-08-28 00:00:00, 3.0
9.0, 12.0, 140.0, 67.0, 1993-08-29 00:00:00, 0.0
15.0, 14.0, 180.0, 52.0, 1993-08-30 00:00:00, 0.0
0.0, 10.1, 180.0, 88.0, 1993-08-31 00:00:00, 0.0
5.0, 16.5, 230.0, 54.0, 1993-09-01 00:00:00, 0.0
19.0, 19.6, 180.0, 48.0, 1993-09-02 00:00:00, 0.0
7.0, 20.1, 180.0, 37.0, 1993-09-03 00:00:00, 0.0
10.0, 16.5, 320.0, 47.0, 1993-09-04 00:00:00, 0.0
11.0, 18.2, 180.0, 42.0, 1993-09-05 00:00:00, 0.0
11.0, 19.8, 320.0, 36.0, 1993-09-06 00:00:00, 0.0
6.0, 19.0, 180.0, 45.0, 1993-09-07 00:00:00, 0.0
6.0, 20.1, 180.0, 35.0, 1993-09-08 00:00:00, 0.0
12.0, 18.9, 180.0, 33.0, 1993-09-09 00:00:00, 0.0
18.0, 20.8, 180.0, 39.0, 1993-09-10 00:00:00, 0.0
7.0, 8.2, 180.0, 62.0, 1993-09-11 00:00:00, 3.8
8.0, 9.7, 180.0, 47.0, 1993-09-12 00:00:00, 0.2
5.0, 5.6, 180.0, 90.0, 1993-09-13 00:00:00, 0.5
2.0, 8.5, 180.0, 87.0, 1993-09-14 00:00:00, 5.3
13.0, 18.2, 320.0, 54.0, 1993-09-15 00:00:00, 0.5
7.0, 20.9, 180.0, 37.0, 1994-07-13 00:00:00, 0.0
5.0, 20.0, 320.0, 36.0, 1994-07-14 00:00:00, 0.0
0.0, 15.1, 0.0, 75.0, 1994-07-15 00:00:00, 3.0
12.0, 23.0, 230.0, 41.0, 1994-07-16 00:00:00, 0.0
6.0, 12.7, 180.0, 76.0, 1994-07-17 00:00:00, 0.5
7.0, 12.2, 180.0, 75.0, 1994-07-18 00:00:00, 8.1
11.0, 17.9, 320.0, 50.0, 1994-07-19 00:00:00, 0.0
11.0, 27.0, 180.0, 32.0, 1994-07-20 00:00:00, 0.0
16.0, 25.9, 270.0, 33.0, 1994-07-21 00:00:00, 0.0
9.0, 27.4, 270.0, 16.0, 1994-07-22 00:00:00, 0.0
6.0, 29.2, 320.0, 17.0, 1994-07-23 00:00:00, 0.0
5.0, 27.5, 230.0, 31.0, 1994-07-24 00:00:00, 0.0
13.0, 28.3, 230.0, 35.0, 1994-07-25 00:00:00, 0.0
3.0, 21.9, 230.0, 40.0, 1994-07-26 00:00:00, 0.5
7.0, 23.5, 0.0, 38.0, 1994-07-27 00:00:00, 0.0
12.0, 27.0, 230.0, 27.0, 1994-07-28 00:00:00, 0.0
18.0, 26.7, 230.0, 25.0, 1994-07-29 00:00:00, 0.0
11.0, 27.0, 180.0, 32.0, 1994-07-30 00:00:00, 0.0
11.0, 22.5, 230.0, 27.0, 1994-07-31 00:00:00, 0.0
12.0, 25.4, 230.0, 29.0, 1994-08-01 00:00:00, 0.0
8.0, 25.3, 230.0, 34.0, 1994-08-02 00:00:00, 0.0
7.0, 26.0, 320.0, 38.0, 1994-08-03 00:00:00, 0.0
2.0, 13.3, 50.0, 97.0, 1994-08-04 00:00:00, 6.3
12.0, 20.2, 180.0, 60.0, 1994-08-05 00:00:00, 0.7
1.0, 13.6, 90.0, 67.0, 1994-08-06 00:00:00, 0.0
9.0, 16.8, 320.0, 55.0, 1994-08-07 00:00:00, 0.2
12.0, 15.6, 320.0, 57.0, 1994-08-08 00:00:00, 0.0
0.0, 7.3, 0.0, 96.0, 1994-08-09 00:00:00, 16.5
13.0, 14.2, 180.0, 65.0, 1994-08-10 00:00:00, 0.2
11.0, 16.7, 230.0, 50.0, 1994-08-11 00:00:00, 0.0
10.0, 20.8, 230.0, 43.0, 1994-08-12 00:00:00, 0.0
11.0, 22.4, 180.0, 41.0, 1994-08-13 00:00:00, 0.0
12.0, 24.3, 230.0, 35.0, 1994-08-14 00:00:00, 0.0
11.0, 19.6, 230.0, 46.0, 1994-08-15 00:00:00, 0.0
8.0, 15.8, 180.0, 72.0, 1994-08-16 00:00:00, 3.3
0.0, 8.5, 0.0, 99.0, 1994-08-17 00:00:00, 19.5
8.0, 16.4, 180.0, 74.0, 1994-08-18 00:00:00, 3.3
9.0, 21.3, 180.0, 42.0, 1994-08-19 00:00:00, 0.0
9.0, 19.4, 180.0, 55.0, 1994-08-20 00:00:00, 0.0
0.0, 9.3, 270.0, 97.0, 1994-08-21 00:00:00, 4.0
6.0, 8.0, 140.0, 95.0, 1994-08-22 00:00:00, 8.1
5.0, 5.8, 140.0, 91.0, 1994-08-23 00:00:00, 12.6
13.0, 12.6, 180.0, 62.0, 1994-08-24 00:00:00, 0.7
2.0, 11.4, 320.0, 63.0, 1994-08-25 00:00:00, 0.0
10.0, 13.5, 320.0, 47.0, 1994-08-26 00:00:00, 0.7
12.0, 17.1, 180.0, 45.0, 1994-08-27 00:00:00, 0.0
13.0, 19.1, 230.0, 40.0, 1994-08-28 00:00:00, 0.0
11.0, 18.8, 180.0, 47.0, 1994-08-29 00:00:00, 0.0
0.0, 15.1, 230.0, 62.0, 1994-08-30 00:00:00, 0.0
11.0, 20.0, 180.0, 46.0, 1994-08-31 00:00:00, 0.0
6.0, 15.0, 140.0, 87.0, 1994-09-01 00:00:00, 4.1
2.0, 14.7, 230.0, 80.0, 1994-09-02 00:00:00, 13.5
2.0, 9.9, 180.0, 97.0, 1994-09-03 00:00:00, 1.5
9.0, 15.9, 270.0, 58.0, 1994-09-04 00:00:00, 1.5
6.0, 18.0, 180.0, 50.0, 1994-09-05 00:00:00, 0.0
2.0, 19.6, 140.0, 52.0, 1994-09-06 00:00:00, 0.0
7.0, 18.4, 140.0, 54.0, 1994-09-07 00:00:00, 0.0
4.0, 13.9, 270.0, 85.0, 1994-09-08 00:00:00, 3.3
7.0, 11.7, 140.0, 85.0, 1994-09-09 00:00:00, 17.9
9.0, 11.2, 140.0, 74.0, 1994-09-10 00:00:00, 0.3
14.0, 12.5, 140.0, 66.0, 1994-09-11 00:00:00, 1.0
1.0, 9.6, 180.0, 84.0, 1994-09-12 00:00:00, 0.8
0.0, 13.3, 0.0, 79.0, 1994-09-13 00:00:00, 0.0
6.0, 10.0, 180.0, 87.0, 1994-09-14 00:00:00, 8.8
16.0, 21.9, 180.0, 30.0, 1994-09-15 00:00:00, 0.0
9.0, 21.4, 270.0, 30.0, 1994-09-16 00:00:00, 0.0
2.0, 17.9, 140.0, 35.0, 1994-09-17 00:00:00, 0.0
5.0, 14.3, 140.0, 42.0, 1994-09-18 00:00:00, 0.0
6.0, 13.3, 140.0, 46.0, 1994-09-19 00:00:00, 0.0
5.0, 12.7, 140.0, 45.0, 1994-09-20 00:00:00, 0.0
0.0, 11.6, 0.0, 47.0, 1994-09-21 00:00:00, 0.0
0.0, 11.0, 0.0, 49.0, 1994-09-22 00:00:00, 0.0
1.0, 10.6, 90.0, 51.0, 1994-09-23 00:00:00, 0.0
10.0, 20.9, 180.0, 45.0, 1994-09-24 00:00:00, 0.0
20.0, 19.6, 230.0, 31.0, 1994-09-25 00:00:00, 0.0
16.0, 14.8, 230.0, 30.0, 1994-09-26 00:00:00, 0.0
16.0, 14.4, 180.0, 56.0, 1994-09-27 00:00:00, 0.0
8.0, 8.7, 180.0, 99.0, 1994-09-28 00:00:00, 25.9
5.0, 8.4, 270.0, 99.0, 1994-09-29 00:00:00, 5.0
0.0, 15.1, 0.0, 62.0, 1994-09-30 00:00:00, 0.0
7.0, 5.0, 230.0, 70.0, 1994-10-01 00:00:00, 0.0
5.0, 12.8, 180.0, 68.0, 1994-10-02 00:00:00, 7.1
7.0, 6.9, 180.0, 99.0, 1994-10-03 00:00:00, 1.7
5.0, 7.0, 180.0, 65.0, 1994-10-04 00:00:00, 0.0
