station_observations
wind_speed, temperature, wind_direction, relative_humidity, time, precipitation
0.0, 0.0, 0.0, 0.0, 1992-05-21 00:00:00, 0.0
5.0, 12.0, 270.0, 35.0, 1992-05-22 00:00:00, 0.0
15.0, 16.3, 140.0, 46.0, 1992-05-23 00:00:00, 0.0
5.0, 20.1, 140.0, 31.0, 1992-05-24 00:00:00, 0.0
11.0, 26.1, 180.0, 29.0, 1992-05-25 00:00:00, 0.0
7.0, 10.4, 90.0, 95.0, 1992-05-26 00:00:00, 10.9
5.0, 12.3, 180.0, 67.0, 1992-05-27 00:00:00, 2.3
8.0, 16.0, 180.0, 62.0, 1992-05-28 00:00:00, 2.0
7.0, 13.4, 180.0, 73.0, 1992-05-29 00:00:00, 7.4
6.0, 17.3, 140.0, 49.0, 1992-05-30 00:00:00, 0.0
4.0, 20.8, 140.0, 41.0, 1992-05-31 00:00:00, 0.0
11.0, 20.2, 90.0, 49.0, 1992-06-01 00:00:00, 0.0
13.0, 9.4, 90.0, 71.0, 1992-06-02 00:00:00, 12.7
8.0, 13.9, 140.0, 61.0, 1992-06-03 00:00:00, 3.6
5.0, 14.4, 140.0, 62.0, 1992-06-04 00:00:00, 0.0
8.0, 17.5, 140.0, 48.0, 1992-06-05 00:00:00, 0.5
10.0, 21.4, 140.0, 32.0, 1992-06-06 00:00:00, 0.0
11.0, 18.2, 140.0, 47.0, 1992-06-07 00:00:00, 0.0
10.0, 20.4, 140.0, 46.0, 1992-06-08 00:00:00, 0.0
11.0, 16.7, 90.0, 57.0, 1992-06-09 00:00:00, 0.0
3.0, 17.2, 180.0, 46.0, 1992-06-10 00:00:00, 0.5
3.0, 22.8, 180.0, 31.0, 1992-06-11 00:00:00, 0.0
7.0, 25.4, 230.0, 38.0, 1992-06-12 00:00:00, 0.5
9.0, 21.5, 140.0, 60.0, 1992-06-13 00:00:00, 0.0
2.0, 18.0, 180.0, 60.0, 1992-06-14 00:00:00, 0.0
7.0, 19.5, 140.0, 62.0, 1992-06-15 00:00:00, 0.0
5.0, 15.6, 180.0, 92.0, 1992-06-16 00:00:00, 3.0
14.0, 18.3, 90.0, 39.0, 1992-06-17 00:00:00, 0.0
9.0, 22.2, 140.0, 33.0, 1992-06-18 00:00:00, 0.0
6.0, 20.4, 90.0, 45.0, 1992-06-19 00:00:00, 0.0
13.0, 20.8, 90.0, 51.0, 1992-06-20 00:00:00, 1.5
7.0, 19.8, 270.0, 58.0, 1992-06-21 00:00:00, 0.0
12.0, 24.9, 140.0, 38.0, 1992-06-22 00:00:00, 0.0
11.0, 24.9, 140.0, 35.0, 1992-06-23 00:00:00, 0.0
6.0, 25.6, 140.0, 32.0, 1992-06-24 00:00:00, 0.0
9.0, 29.3, 90.0, 26.0, 1992-06-25 00:00:00, 0.0
4.0, 28.0, 180.0, 39.0, 1992-06-26 00:00:00, 0.0
4.0, 28.0, 180.0, 39.0, 1992-06-27 00:00:00, 0.0
4.0, 28.0, 180.0, 39.0, 1992-06-28 00:00:00, 0.0
4.0, 28.0, 180.0, 39.0, 1992-06-29 00:00:00, 0.0
13.0, 18.1, 140.0, 82.0, 1992-06-30 00:00:00, 7.1
6.0, 19.5, 90.0, 58.0, 1992-07-01 00:00:00, 5.1
3.0, 18.6, 230.0, 54.0, 1992-07-02 00:00:00, 0.0
10.0, 17.9, 140.0, 56.0, 1992-07-03 00:00:00, 0.0
2.0, 17.1, 180.0, 69.0, 1992-07-04 00:00:00, 6.1
8.0, 17.6, 50.0, 67.0, 1992-07-05 00:00:00, 0.3
3.0, 16.8, 140.0, 84.0, 1992-07-06 00:00:00, 0.5
6.0, 16.5, 230.0, 80.0, 1992-07-07 00:00:00, 4.1
10.0, 16.2, 90.0, 64.0, 1992-07-08 00:00:00, 0.0
7.0, 19.6, 180.0, 55.0, 1992-07-09 00:00:00, 0.0
8.0, 22.1, 140.0, 42.0, 1992-07-10 00:00:00, 0.0
11.0, 20.9, 140.0, 53.0, 1992-07-11 00:00:00, 0.0
8.0, 15.6, 90.0, 87.0, 1992-07-12 00:00:00, 2.8
4.0, 15.1, 270.0, 74.0, 1992-07-13 00:00:00, 10.7
3.0, 14.1, 270.0, 61.0, 1992-07-14 00:00:00, 4.6
11.0, 17.3, 140.0, 60.0, 1992-07-15 00:00:00, 0.0
9.0, 23.6, 140.0, 43.0, 1992-07-16 00:00:00, 0.0
5.0, 23.2, 140.0, 53.0, 1992-07-17 00:00:00, 0.0
10.0, 24.2, 230.0, 31.0, 1992-07-18 00:00:00, 0.0
8.0, 23.2, 140.0, 44.0, 1992-07-19 00:00:00, 0.0
11.0, 26.1, 90.0, 35.0, 1992-07-20 00:00:00, 0.0
12.0, 24.7, 90.0, 43.0, 1992-07-21 00:00:00, 0.0
3.0, 15.6, 140.0, 92.0, 1992-07-22 00:00:00, 25.1
7.0, 21.6, 140.0, 64.0, 1992-07-23 00:00:00, 0.0
15.0, 23.0, 90.0, 46.0, 1992-07-24 00:00:00, 0.0
9.0, 23.5, 140.0, 47.0, 1992-07-25 00:00:00, 0.0
15.0, 17.9, 90.0, 47.0, 1992-07-26 00:00:00, 0.0
12.0, 18.8, 90.0, 51.0, 1992-07-27 00:00:00, 0.0
0.0, 16.1, 230.0, 91.0, 1992-07-28 00:00:00, 6.3
15.0, 22.1, 90.0, 46.0, 1992-07-29 00:00:00, 0.3
14.0, 25.0, 90.0, 33.0, 1992-07-30 00:00:00, 0.0
7.0, 27.3, 140.0, 31.0, 1992-07-31 00:00:00, 0.0
3.0, 27.4, 140.0, 37.0, 1992-08-01 00:00:00, 0.0
8.0, 25.8, 140.0, 46.0, 1992-08-02 00:00:00, 2.3
10.0, 24.2, 140.0, 55.0, 1992-08-03 00:00:00, 0.0
1.0, 22.6, 180.0, 51.0, 1992-08-04 00:00:00, 0.0
15.0, 23.2, 140.0, 52.0, 1992-08-05 00:00:00, 0.0
5.0, 14.0, 50.0, 91.0, 1992-08-06 00:00:00, 2.5
6.0, 10.0, 90.0, 92.0, 1992-08-07 00:00:00, 17.3
3.0, 13.7, 180.0, 67.0, 1992-08-08 00:00:00, 1.5
6.0, 12.5, 50.0, 80.0, 1992-08-09 00:00:00, 0.3
8.0, 20.2, 140.0, 49.0, 1992-08-10 00:00:00, 0.5
4.0, 24.7, 140.0, 39.0, 1992-08-11 00:00:00, 0.3
3.0, 26.0, 180.0, 44.0, 1992-08-12 00:00:00, 0.3
0.0, 23.5, 0.0, 57.0, 1992-08-13 00:00:00, 0.0
12.0, 26.0, 90.0, 38.0, 1992-08-14 00:00:00, 0.3
11.0, 22.8, 140.0, 37.0, 1992-08-15 00:00:00, 0.0
10.0, 22.9, 140.0, 40.0, 1992-08-16 00:00:00, 0.0
7.0, 25.8, 140.0, 38.0, 1992-08-17 00:00:00, 0.0
7.0, 25.8, 140.0, 38.0, 1992-08-18 00:00:00, 0.0
15.0, 18.4, 90.0, 33.0, 1992-08-19 00:00:00, 0.0
9.0, 19.6, 140.0, 34.0, 1992-08-20 00:00:00, 0.0
7.0, 18.6, 180.0, 38.0, 1992-08-21 00:00:00, 0.0
7.0, 18.6, 180.0, 38.0, 1992-08-22 00:00:00, 0.0
7.0, 18.6, 180.0, 38.0, 1992-08-23 00:00:00, 0.0
7.0, 18.6, 180.0, 38.0, 1992-08-24 00:00:00, 0.0
7.0, 18.6, 180.0, 38.0, 1992-08-25 00:00:00, 0.0
5.0, 15.6, 90.0, 93.0, 1992-08-26 00:00:00, 1.0
90.0, 15.1, 90.0, 54.0, 1992-08-27 00:00:00, 3.8
22.0, 13.4, 230.0, 49.0, 1992-08-28 00:00:00, 0.5
13.0, 16.8, 140.0, 38.0, 1992-08-29 00:00:00, 1.7
22.0, 18.4, 230.0, 42.0, 1992-08-30 00:00:00, 0.0
13.0, 16.7, 140.0, 77.0, 1992-08-31 00:00:00, 0.0
4.0, 16.2, 180.0, 56.0, 1992-09-01 00:00:00, 0.5
6.0, 12.2, 90.0, 56.0, 1992-09-02 00:00:00, 0.0
4.0, 9.9, 140.0, 97.0, 1992-09-03 00:00:00, 3.3
4.0, 6.6, 270.0, 94.0, 1992-09-04 00:00:00, 6.1
10.0, 5.1, 50.0, 90.0, 1992-09-05 00:00:00, 2.5
2.0, 6.5, 50.0, 68.0, 1992-09-06 00:00:00, 11.7
1.0, 4.7, 0.0, 96.0, 1992-09-07 00:00:00, 2.0
8.0, 8.2, 50.0, 76.0, 1992-09-08 00:00:00, 9.6
0.0, 8.2, 270.0, 91.0, 1992-09-09 00:00:00, 13.2
4.0, 13.8, 180.0, 85.0, 1992-09-10 00:00:00, 3.3
3.0, 14.4, 180.0, 60.0, 1992-09-11 00:00:00, 0.8
4.0, 6.0, 320.0, 71.0, 1992-09-12 00:00:00, 0.3
13.0, 5.1, 90.0, 73.0, 1992-09-13 00:00:00, 0.8
5.0, 1.0, 270.0, 97.0, 1992-09-14 00:00:00, 1.0
9.0, 5.3, 90.0, 71.0, 1992-09-15 00:00:00, 4.1
0.0, 2.9, 180.0, 94.0, 1992-09-16 00:00:00, 0.0
4.0, 6.6, 180.0, 79.0, 1992-09-17 00:00:00, 13.5
7.0, 7.1, 270.0, 92.0, 1992-09-18 00:00:00, 0.5
3.0, 8.6, 180.0, 97.0, 1992-09-19 00:00:00, 2.5
3.0, 14.1, 320.0, 72.0, 1992-09-20 00:00:00, 20.1
9.0, 8.8, 270.0, 90.0, 1992-09-21 00:00:00, 0.0
0.0, 14.1, 0.0, 81.0, 1992-09-22 00:00:00, 0.3
5.0, 16.9, 140.0, 69.0, 1992-09-23 00:00:00, 0.5
7.0, 8.7, 50.0, 94.0, 1992-09-24 00:00:00, 11.9
10.0, 6.7, 50.0, 74.0, 1992-09-25 00:00:00, 4.3
7.0, 5.9, 50.0, 95.0, 1992-09-26 00:00:00, 4.8
1.0, 9.0, 180.0, 67.0, 1992-09-27 00:00:00, 4.8
1.0, 13.0, 140.0, 55.0, 1992-09-28 00:00:00, 0.0
11.0, 22.5, 140.0, 26.0, 1992-09-29 00:00:00, 0.0
0.0, 18.6, 0.0, 55.0, 1992-09-30 00:00:00, 0.0
2.0, 20.0, 230.0, 50.0, 1992-10-01 00:00:00, 0.0
10.0, 18.8, 90.0, 55.0, 1992-10-02 00:00:00, 0.0
3.0, 12.4, 180.0, 95.0, 1992-10-03 00:00:00, 2.0
8.0, 8.3, 140.0, 72.0, 1992-10-04 00:00:00, 2.0
7.0, 6.1, 140.0, 77.0, 1992-10-05 00:00:00, 0.0
4.0, 5.7, 140.0, 63.0, 1992-10-06 00:00:00, 0.0
0.0, 0.0, 0.0, 0.0, 1993-08-12 00:00:00, 0.0
4.0, 15.4, 270.0, 84.0, 1993-08-13 00:00:00, 2.5
6.0, 13.3, 230.0, 94.0, 1993-08-14 00:00:00, 3.8
10.0, 18.6, 230.0, 74.0, 1993-08-15 00:00:00, 0.0
9.0, 20.9, 230.0, 60.0, 1993-08-16 00:00:00, 0.0
5.0, 14.7, 270.0, 57.0, 1993-08-17 00:00:00, 0.0
5.0, 22.0, 270.0, 60.0, 1993-08-18 00:00:00, 0.0
9.0, 22.1, 230.0, 60.0, 1993-08-19 00:00:00, 0.0
5.0, 24.4, 230.0, 55.0, 1993-08-20 00:00:00, 0.0
9.0, 17.4, 230.0, 89.0, 1993-08-21 00:00:00, 22.6
4.0, 17.2, 230.0, 78.0, 1993-08-22 00:00:00, 5.1
10.0, 11.0, 140.0, 84.0, 1993-08-23 00:00:00, 20.8
15.0, 8.4, 180.0, 80.0, 1993-08-24 00:00:00, 0.8
11.0, 13.4, 270.0, 75.0, 1993-08-25 00:00:00, 1.0
12.0, 16.9, 270.0, 65.0, 1993-08-26 00:00:00, 0.0
6.0, 13.4, 230.0, 78.0, 1993-08-27 00:00:00, 18.8
6.0, 15.9, 270.0, 62.0, 1993-08-28 00:00:00, 0.0
10.0, 15.1, 270.0, 70.0, 1993-08-29 00:00:00, 0.0
3.0, 15.0, 270.0, 73.0, 1993-08-30 00:00:00, 0.0
6.0, 16.0, 270.0, 67.0, 1993-08-31 00:00:00, 0.0
7.0, 16.6, 180.0, 77.0, 1993-09-01 00:00:00, 0.0
4.0, 19.4, 320.0, 64.0, 1993-09-02 00:00:00, 0.0
8.0, 20.1, 270.0, 67.0, 1993-09-03 00:00:00, 0.0
6.0, 20.0, 270.0, 57.0, 1993-09-04 00:00:00, 0.0
4.0, 18.2, 270.0, 57.0, 1993-09-05 00:00:00, 0.0
8.0, 19.6, 230.0, 54.0, 1993-09-06 00:00:00, 0.0
4.0, 19.6, 270.0, 56.0, 1993-09-07 00:00:00, 0.0
7.0, 20.7, 230.0, 51.0, 1993-09-08 00:00:00, 0.0
5.0, 20.1, 270.0, 50.0, 1993-09-09 00:00:00, 0.0
6.0, 20.1, 270.0, 59.0, 1993-09-10 00:00:00, 0.0
14.0, 10.0, 0.0, 63.0, 1993-09-11 00:00:00, 0.5
6.0, 12.0, 270.0, 54.0, 1993-09-12 00:00:00, 0.5
3.0, 11.5, 270.0, 66.0, 1993-09-13 00:00:00, 0.0
10.0, 12.6, 270.0, 77.0, 1993-09-14 00:00:00, 4.8
8.0, 12.7, 270.0, 65.0, 1993-09-15 00:00:00, 1.0
4.0, 11.4, 270.0, 71.0, 1993-09-16 00:00:00, 0.0
5.0, 14.7, 270.0, 57.0, 1993-09-17 00:00:00, 0.0
2.0, 10.9, 140.0, 71.0, 1993-09-18 00:00:00, 0.0
4.0, 8.4, 230.0, 67.0, 1993-09-19 00:00:00, 0.0
10.0, 11.2, 270.0, 58.0, 1993-09-20 00:00:00, 0.0
3.0, 10.5, 320.0, 61.0, 1993-09-21 00:00:00, 0.0
4.0, 11.7, 270.0, 61.0, 1993-09-22 00:00:00, 0.0
5.0, 13.0, 270.0, 59.0, 1993-09-23 00:00:00, 0.0
7.0, 15.8, 230.0, 45.0, 1993-09-24 00:00:00, 0.0
10.0, 13.8, 270.0, 58.0, 1993-09-25 00:00:00, 1.0
7.0, 12.7, 0.0, 77.0, 1993-09-26 00:00:00, 0.0
4.0, 13.4, 320.0, 78.0, 1993-09-27 00:00:00, 0.0
7.0, 13.3, 230.0, 68.0, 1993-09-28 00:00:00, 0.0
7.0, 15.0, 180.0, 57.0, 1993-09-29 00:00:00, 0.0
6.0, 13.0, 270.0, 56.0, 1993-09-30 00:00:00, 0.0
0.0, 0.0, 0.0, 0.0, 1994-07-13 00:00:00, 0.0
9.0, 22.6, 230.0, 52.0, 1994-07-14 00:00:00, 1.3
11.0, 20.0, 180.0, 57.0, 1994-07-15 00:00:00, 0.0
10.0, 26.1, 270.0, 42.0, 1994-07-16 00:00:00, 0.0
3.0, 15.6, 320.0, 84.0, 1994-07-17 00:00:00, 1.3
9.0, 15.2, 180.0, 83.0, 1994-07-18 00:00:00, 14.2
12.0, 19.9, 270.0, 67.0, 1994-07-19 00:00:00, 0.0
6.0, 26.3, 230.0, 48.0, 1994-07-20 00:00:00, 0.0
13.0, 27.3, 180.0, 41.0, 1994-07-21 00:00:00, 0.0
7.0, 26.4, 230.0, 34.0, 1994-07-22 00:00:00, 0.0
1.0, 27.5, 320.0, 37.0, 1994-07-23 00:00:00, 0.0
4.0, 25.4, 270.0, 52.0, 1994-07-24 00:00:00, 0.0
2.0, 25.8, 0.0, 51.0, 1994-07-25 00:00:00, 0.0
13.0, 18.0, 180.0, 82.0, 1994-07-26 00:00:00, 1.3
5.0, 24.3, 270.0, 60.0, 1994-07-27 00:00:00, 0.0
10.0, 27.3, 230.0, 40.0, 1994-07-28 00:00:00, 0.0
10.0, 26.5, 270.0, 35.0, 1994-07-29 00:00:00, 0.0
11.0, 22.7, 180.0, 46.0, 1994-07-30 00:00:00, 0.0
7.0, 21.8, 270.0, 49.0, 1994-07-31 00:00:00, 0.0
7.0, 25.9, 230.0, 44.0, 1994-08-01 00:00:00, 0.0
5.0, 26.2, 270.0, 46.0, 1994-08-02 00:00:00, 0.0
4.0, 28.4, 270.0, 46.0, 1994-08-03 00:00:00, 0.0
10.0, 23.6, 0.0, 60.0, 1994-08-04 00:00:00, 4.8
2.0, 16.3, 270.0, 89.0, 1994-08-05 00:00:00, 0.3
9.0, 13.2, 180.0, 90.0, 1994-08-06 00:00:00, 2.3
12.0, 16.6, 270.0, 77.0, 1994-08-07 00:00:00, 0.0
8.0, 19.6, 230.0, 67.0, 1994-08-08 00:00:00, 0.0
3.0, 13.9, 320.0, 91.0, 1994-08-09 00:00:00, 5.6
2.0, 15.9, 270.0, 79.0, 1994-08-10 00:00:00, 1.3
7.0, 21.1, 270.0, 60.0, 1994-08-11 00:00:00, 0.0
7.0, 23.9, 230.0, 51.0, 1994-08-12 00:00:00, 0.0
7.0, 27.8, 230.0, 41.0, 1994-08-13 00:00:00, 0.0
10.0, 24.7, 230.0, 44.0, 1994-08-14 00:00:00, 0.0
11.0, 21.8, 230.0, 53.0, 1994-08-15 00:00:00, 0.0
3.0, 18.5, 270.0, 60.0, 1994-08-16 00:00:00, 0.0
9.0, 17.2, 230.0, 72.0, 1994-08-17 00:00:00, 0.0
8.0, 21.3, 270.0, 63.0, 1994-08-18 00:00:00, 0.0
8.0, 26.9, 270.0, 32.0, 1994-08-19 00:00:00, 0.0
12.0, 22.0, 230.0, 41.0, 1994-08-20 00:00:00, 0.0
2.0, 13.6, 0.0, 90.0, 1994-08-21 00:00:00, 13.5
4.0, 14.3, 230.0, 87.0, 1994-08-22 00:00:00, 5.6
8.0, 13.6, 320.0, 75.0, 1994-08-23 00:00:00, 4.3
3.0, 13.3, 270.0, 78.0, 1994-08-24 00:00:00, 0.0
8.0, 17.6, 230.0, 58.0, 1994-08-25 00:00:00, 0.3
6.0, 18.9, 270.0, 48.0, 1994-08-26 00:00:00, 0.0
5.0, 19.4, 270.0, 57.0, 1994-08-27 00:00:00, 0.0
5.0, 22.9, 270.0, 37.0, 1994-08-28 00:00:00, 0.0
10.0, 20.9, 230.0, 52.0, 1994-08-29 00:00:00, 0.0
5.0, 19.5, 270.0, 56.0, 1994-08-30 00:00:00, 0.0
7.0, 22.6, 230.0, 47.0, 1994-08-31 00:00:00, 0.0
6.0, 19.2, 270.0, 65.0, 1994-09-01 00:00:00, 5.6
5.0, 15.8, 180.0, 64.0, 1994-09-02 00:00:00, 2.0
7.0, 11.6, 230.0, 84.0, 1994-09-03 00:00:00, 0.3
8.0, 13.9, 230.0, 72.0, 1994-09-04 00:00:00, 2.8
6.0, 18.3, 230.0, 54.0, 1994-09-05 00:00:00, 0.0
8.0, 22.4, 230.0, 43.0, 1994-09-06 00:00:00, 0.0
2.0, 17.8, 270.0, 51.0, 1994-09-07 00:00:00, 0.0
7.0, 15.8, 0.0, 62.0, 1994-09-08 00:00:00, 0.3
5.0, 10.4, 140.0, 93.0, 1994-09-09 00:00:00, 30.7
4.0, 11.0, 230.0, 90.0, 1994-09-10 00:00:00, 0.5
7.0, 10.8, 230.0, 87.0, 1994-09-11 00:00:00, 0.5
2.0, 12.1, 320.0, 75.0, 1994-09-12 00:00:00, 0.0
5.0, 15.2, 230.0, 74.0, 1994-09-13 00:00:00, 0.0
7.0, 15.9, 270.0, 74.0, 1994-09-14 00:00:00, 8.1
2.0, 16.6, 270.0, 66.0, 1994-09-15 00:00:00, 0.0
3.0, 20.8, 320.0, 53.0, 1994-09-16 00:00:00, 0.0
8.0, 22.5, 230.0, 49.0, 1994-09-17 00:00:00, 0.0
4.0, 19.4, 230.0, 56.0, 1994-09-18 00:00:00, 0.0
8.0, 17.8, 230.0, 62.0, 1994-09-19 00:00:00, 0.0
6.0, 15.9, 270.0, 49.0, 1994-09-20 00:00:00, 0.0
6.0, 16.0, 230.0, 47.0, 1994-09-21 00:00:00, 0.0
3.0, 19.6, 270.0, 51.0, 1994-09-22 00:00:00, 0.0
5.0, 17.8, 270.0, 57.0, 1994-09-23 00:00:00, 0.0
3.0, 21.2, 270.0, 52.0, 1994-09-24 00:00:00, 0.0
11.0, 20.1, 180.0, 51.0, 1994-09-25 00:00:00, 0.0
12.0, 14.2, 230.0, 45.0, 1994-09-26 00:00:00, 0.0
0.0, 13.0, 0.0, 71.0, 1994-09-27 00:00:00, 0.0
7.0, 13.3, 270.0, 60.0, 1994-09-28 00:00:00, 0.0
4.0, 8.7, 270.0, 96.0, 1994-09-29 00:00:00, 6.1
2.0, 11.5, 270.0, 99.0, 1994-09-30 00:00:00, 23.1
4.0, 8.3, 90.0, 80.0, 1994-10-01 00:00:00, 18.5
14.0, 8.2, 0.0, 50.0, 1994-10-02 00:00:00, 0.3
10.0, 6.2, 230.0, 80.0, 1994-10-03 00:00:00, 0.0
3.0, 11.8, 270.0, 59.0, 1994-10-04 00:00:00, 0.3
6.0, 9.9, 270.0, 84.0, 1994-10-05 00:00:00, 1.5
1.0, 6.0, 270.0, 84.0, 1994-10-06 00:00:00, 0.3
0.0, 0.0, 0.0, 0.0, 1995-05-25 00:00:00, 0.0
4.0, 15.3, 230.0, 46.0, 1995-05-26 00:00:00, 0.0
11.0, 23.0, 230.0, 23.0, 1995-05-27 00:00:00, 0.0
9.0, 23.7, 230.0, 31.0, 1995-05-28 00:00:00, 0.0
13.0, 23.8, 230.0, 25.0, 1995-05-29 00:00:00, 0.0
15.0, 20.4, 140.0, 40.0, 1995-05-30 00:00:00, 0.0
11.0, 16.8, 230.0, 41.0, 1995-05-31 00:00:00, 0.0
9.0, 19.0, 270.0, 40.0, 1995-06-01 00:00:00, 0.0
8.0, 17.9, 270.0, 54.0, 1995-06-02 00:00:00, 0.0
9.0, 21.4, 270.0, 34.0, 1995-06-03 00:00:00, 0.0
2.0, 12.1, 180.0, 87.0, 1995-06-04 00:00:00, 3.6
8.0, 11.0, 180.0, 95.0, 1995-06-05 00:00:00, 12.4
2.0, 9.7, 270.0, 90.0, 1995-06-06 00:00:00, 7.4
9.0, 14.3, 270.0, 79.0, 1995-06-07 00:00:00, 0.8
11.0, 21.8, 230.0, 39.0, 1995-06-08 00:00:00, 0.0
10.0, 24.6, 270.0, 20.0, 1995-06-09 00:00:00, 0.0
5.0, 21.4, 90.0, 33.0, 1995-06-10 00:00:00, 0.0
4.0, 11.8, 0.0, 89.0, 1995-06-11 00:00:00, 3.8
6.0, 13.1, 270.0, 73.0, 1995-06-12 00:00:00, 0.3
4.0, 13.3, 270.0, 59.0, 1995-06-13 00:00:00, 5.3
1.0, 13.3, 270.0, 65.0, 1995-06-14 00:00:00, 2.8
10.0, 18.7, 270.0, 41.0, 1995-06-15 00:00:00, 0.0
7.0, 20.3, 230.0, 42.0, 1995-06-16 00:00:00, 0.0
3.0, 14.6, 0.0, 69.0, 1995-06-17 00:00:00, 4.6
8.0, 17.9, 230.0, 57.0, 1995-06-18 00:00:00, 0.0
6.0, 11.6, 230.0, 97.0, 1995-06-19 00:00:00, 10.4
13.0, 16.5, 230.0, 85.0, 1995-06-20 00:00:00, 3.6
7.0, 15.7, 140.0, 89.0, 1995-06-21 00:00:00, 10.9
10.0, 22.5, 270.0, 54.0, 1995-06-22 00:00:00, 0.0
14.0, 20.4, 230.0, 59.0, 1995-06-23 00:00:00, 0.0
1.0, 16.6, 320.0, 64.0, 1995-06-24 00:00:00, 1.5
20.0, 18.6, 230.0, 45.0, 1995-06-25 00:00:00, 0.3
4.0, 15.3, 230.0, 46.0, 1995-06-26 00:00:00, 0.0
7.0, 21.5, 230.0, 41.0, 1995-06-27 00:00:00, 0.0
10.0, 25.0, 230.0, 32.0, 1995-06-28 00:00:00, 0.0
10.0, 25.0, 230.0, 32.0, 1995-06-29 00:00:00, 0.0
10.0, 25.0, 230.0, 32.0, 1995-06-30 00:00:00, 0.0
10.0, 25.0, 230.0, 32.0, 1995-07-01 00:00:00, 0.0
10.0, 25.0, 230.0, 32.0, 1995-07-02 00:00:00, 0.0
10.0, 25.0, 230.0, 32.0, 1995-07-03 00:00:00, 0.0
10.0, 25.0, 230.0, 32.0, 1995-07-04 00:00:00, 0.0
10.0, 25.0, 230.0, 32.0, 1995-07-05 00:00:00, 0.0
10.0, 25.0, 230.0, 32.0, 1995-07-06 00:00:00, 0.0
10.0, 25.0, 230.0, 32.0, 1995-07-07 00:00:00, 0.0
10.0, 25.0, 230.0, 32.0, 1995-07-08 00:00:00, 0.0
3.0, 21.1, 320.0, 58.0, 1995-07-09 00:00:00, 0.8
5.0, 15.9, 230.0, 74.0, 1995-07-10 00:00:00, 18.0
15.0, 18.0, 230.0, 47.0, 1995-07-11 00:00:00, 0.8
6.0, 14.3, 270.0, 74.0, 1995-07-12 00:00:00, 0.0
11.0, 19.9, 230.0, 56.0, 1995-07-13 00:00:00, 0.0
6.0, 17.6, 320.0, 67.0, 1995-07-14 00:00:00, 0.8
10.0, 20.3, 180.0, 45.0, 1995-07-15 00:00:00, 0.0
13.0, 21.1, 270.0, 50.0, 1995-07-16 00:00:00, 0.0
1.0, 21.0, 270.0, 58.0, 1995-07-17 00:00:00, 0.0
7.0, 22.2, 320.0, 48.0, 1995-07-18 00:00:00, 0.8
7.0, 23.6, 270.0, 49.0, 1995-07-19 00:00:00, 0.0
4.0, 21.4, 230.0, 56.0, 1995-07-20 00:00:00, 0.0
9.0, 23.3, 270.0, 48.0, 1995-07-21 00:00:00, 0.0
11.0, 23.4, 230.0, 45.0, 1995-07-22 00:00:00, 0.0
12.0, 18.8, 180.0, 52.0, 1995-07-23 00:00:00, 0.0
4.0, 15.0, 0.0, 81.0, 1995-07-24 00:00:00, 0.0
6.0, 15.0, 230.0, 97.0, 1995-07-25 00:00:00, 19.0
4.0, 14.5, 180.0, 91.0, 1995-07-26 00:00:00, 37.1
12.0, 13.2, 230.0, 76.0, 1995-07-27 00:00:00, 11.4
0.0, 18.5, 0.0, 55.0, 1995-07-28 00:00:00, 0.3
5.0, 10.3, 180.0, 95.0, 1995-07-29 00:00:00, 10.4
11.0, 15.8, 230.0, 66.0, 1995-07-30 00:00:00, 1.0
2.0, 14.1, 230.0, 89.0, 1995-07-31 00:00:00, 1.3
11.0, 16.6, 230.0, 63.0, 1995-08-01 00:00:00, 1.8
0.0, 13.9, 0.0, 76.0, 1995-08-02 00:00:00, 0.0
2.0, 17.4, 320.0, 86.0, 1995-08-03 00:00:00, 3.6
4.0, 19.5, 270.0, 74.0, 1995-08-04 00:00:00, 0.0
3.0, 13.9, 0.0, 95.0, 1995-08-05 00:00:00, 8.1
4.0, 13.0, 270.0, 83.0, 1995-08-06 00:00:00, 15.0
2.0, 10.9, 180.0, 95.0, 1995-08-07 00:00:00, 8.9
10.0, 14.3, 230.0, 89.0, 1995-08-08 00:00:00, 16.5
10.0, 17.3, 230.0, 69.0, 1995-08-09 00:00:00, 0.3
5.0, 21.1, 270.0, 42.0, 1995-08-10 00:00:00, 0.0
4.0, 15.2, 0.0, 83.0, 1995-08-11 00:00:00, 2.8
12.0, 12.4, 230.0, 91.0, 1995-08-12 00:00:00, 21.1
11.0, 15.8, 230.0, 63.0, 1995-08-13 00:00:00, 0.5
0.0, 12.7, 0.0, 93.0, 1995-08-14 00:00:00, 1.0
4.0, 12.2, 270.0, 78.0, 1995-08-15 00:00:00, 15.2
9.0, 11.5, 180.0, 80.0, 1995-08-16 00:00:00, 2.5
10.0, 11.7, 180.0, 87.0, 1995-08-17 00:00:00, 2.5
12.0, 15.1, 270.0, 70.0, 1995-08-18 00:00:00, 0.8
10.0, 13.6, 0.0, 83.0, 1995-08-19 00:00:00, 8.6
4.0, 14.5, 230.0, 82.0, 1995-08-20 00:00:00, 1.3
1.0, 16.1, 270.0, 83.0, 1995-08-21 00:00:00, 2.5
9.0, 17.6, 270.0, 60.0, 1995-08-22 00:00:00, 0.0
7.0, 14.9, 270.0, 76.0, 1995-08-23 00:00:00, 0.8
8.0, 12.7, 270.0, 77.0, 1995-08-24 00:00:00, 1.0
5.0, 14.8, 320.0, 58.0, 1995-08-25 00:00:00, 4.6
10.0, 18.1, 270.0, 53.0, 1995-08-26 00:00:00, 0.0
4.0, 15.2, 270.0, 72.0, 1995-08-27 00:00:00, 1.5
6.0, 16.3, 270.0, 73.0, 1995-08-28 00:00:00, 2.5
5.0, 12.5, 230.0, 90.0, 1995-08-29 00:00:00, 0.0
0.0, 12.6, 0.0, 88.0, 1995-08-30 00:00:00, 2.5
8.0, 18.9, 230.0, 55.0, 1995-08-31 00:00:00, 0.0
3.0, 17.9, 270.0, 62.0, 1995-09-01 00:00:00, 0.0
3.0, 19.1, 270.0, 53.0, 1995-09-02 00:00:00, 0.0
7.0, 21.3, 230.0, 53.0, 1995-09-03 00:00:00, 0.0
2.0, 22.9, 270.0, 49.0, 1995-09-04 00:00:00, 0.0
7.0, 17.7, 180.0, 60.0, 1995-09-05 00:00:00, 0.0
8.0, 16.7, 230.0, 86.0, 1995-09-06 00:00:00, 6.6
10.0, 17.3, 230.0, 82.0, 1995-09-07 00:00:00, 0.0
7.0, 19.5, 230.0, 70.0, 1995-09-08 00:00:00, 0.0
4.0, 21.2, 270.0, 59.0, 1995-09-09 00:00:00, 0.0
4.0, 20.2, 270.0, 69.0, 1995-09-10 00:00:00, 0.0
6.0, 20.5, 230.0, 50.0, 1995-09-11 00:00:00, 0.0
1.0, 17.5, 0.0, 65.0, 1995-09-12 00:00:00, 0.0
5.0, 18.7, 230.0, 56.0, 1995-09-13 00:00:00, 0.0
5.0, 18.1, 270.0, 60.0, 1995-09-14 00:00:00, 0.0
10.0, 18.2, 270.0, 59.0, 1995-09-15 00:00:00, 0.0
7.0, 15.8, 230.0, 60.0, 1995-09-16 00:00:00, 0.0
6.0, 14.7, 270.0, 71.0, 1995-09-17 00:00:00, 0.0
9.0, 12.5, 270.0, 64.0, 1995-09-18 00:00:00, 0.0
10.0, 11.6, 270.0, 69.0, 1995-09-19 00:00:00, 0.0
8.0, 13.9, 230.0, 56.0, 1995-09-20 00:00:00, 0.0
