station_observations
wind_speed, temperature, wind_direction, relative_humidity, time, precipitation
15.0, 12.3, 180.0, 65.0, 1993-06-19 00:00:00, 2.0
16.0, 17.5, 90.0, 39.0, 1993-06-20 00:00:00, 0.2
13.0, 17.5, 90.0, 40.0, 1993-06-21 00:00:00, 0.0
15.0, 8.0, 140.0, 64.0, 1993-06-22 00:00:00, 3.0
20.0, 5.0, 140.0, 99.0, 1993-06-23 00:00:00, 1.5
10.0, 14.6, 140.0, 59.0, 1993-06-24 00:00:00, 0.0
3.0, 13.0, 180.0, 81.0, 1993-06-25 00:00:00, 4.5
8.0, 19.0, 0.0, 52.0, 1993-06-26 00:00:00, 1.0
11.0, 7.1, 0.0, 95.0, 1993-06-27 00:00:00, 27.6
7.0, 8.3, 140.0, 93.0, 1993-06-28 00:00:00, 4.8
10.0, 10.0, 140.0, 83.0, 1993-06-29 00:00:00, 0.5
5.0, 9.7, 230.0, 88.0, 1993-06-30 00:00:00, 0.7
9.0, 9.4, 180.0, 87.0, 1993-07-01 00:00:00, 0.2
15.0, 15.8, 140.0, 67.0, 1993-07-02 00:00:00, 3.0
14.0, 17.7, 140.0, 48.0, 1993-07-03 00:00:00, 0.0
15.0, 13.2, 140.0, 68.0, 1993-07-04 00:00:00, 3.0
14.0, 14.3, 140.0, 56.0, 1993-07-05 00:00:00, 0.0
13.0, 13.1, 140.0, 64.0, 1993-07-06 00:00:00, 0.0
11.0, 16.9, 140.0, 59.0, 1993-07-07 00:00:00, 1.5
12.0, 15.7, 140.0, 70.0, 1993-07-08 00:00:00, 1.2
10.0, 15.2, 140.0, 58.0, 1993-07-09 00:00:00, 0.5
10.0, 15.2, 140.0, 58.0, 1993-07-10 00:00:00, 0.5
10.0, 15.2, 140.0, 58.0, 1993-07-11 00:00:00, 0.5
10.0, 15.2, 140.0, 58.0, 1993-07-12 00:00:00, 0.5
10.0, 15.2, 140.0, 58.0, 1993-07-13 00:00:00, 0.5
10.0, 15.2, 140.0, 58.0, 1993-07-14 00:00:00, 0.5
10.0, 15.2, 140.0, 58.0, 1993-07-15 00:00:00, 0.5
10.0, 15.2, 140.0, 58.0, 1993-07-16 00:00:00, 0.5
10.0, 15.2, 140.0, 58.0, 1993-07-17 00:00:00, 0.5
10.0, 15.2, 140.0, 58.0, 1993-07-18 00:00:00, 0.5
8.0, 19.2, 230.0, 75.0, 1993-07-19 00:00:00, 6.9
11.0, 17.5, 180.0, 62.0, 1993-07-20 00:00:00, 1.5
6.0, 14.2, 90.0, 93.0, 1993-07-21 00:00:00, 2.5
9.0, 16.5, 0.0, 58.0, 1993-07-22 00:00:00, 2.0
2.0, 11.1, 270.0, 97.0, 1993-07-23 00:00:00, 6.1
9.0, 14.0, 90.0, 73.0, 1993-07-24 00:00:00, 3.0
17.0, 15.6, 140.0, 66.0, 1993-07-25 00:00:00, 0.0
11.0, 19.7, 180.0, 52.0, 1993-07-26 00:00:00, 0.0
9.0, 19.9, 320.0, 52.0, 1993-07-27 00:00:00, 0.3
8.0, 12.4, 0.0, 91.0, 1993-07-28 00:00:00, 2.0
11.0, 12.4, 270.0, 84.0, 1993-07-29 00:00:00, 5.3
14.0, 14.1, 50.0, 52.0, 1993-07-30 00:00:00, 0.0
3.0, 13.8, 90.0, 62.0, 1993-07-31 00:00:00, 0.0
13.0, 18.7, 140.0, 50.0, 1993-08-01 00:00:00, 0.0
10.0, 20.2, 90.0, 47.0, 1993-08-02 00:00:00, 0.0
7.0, 23.4, 90.0, 38.0, 1993-08-03 00:00:00, 0.0
7.0, 24.6, 90.0, 37.0, 1993-08-04 00:00:00, 0.0
12.0, 24.6, 140.0, 36.0, 1993-08-05 00:00:00, 0.8
21.0, 19.4, 140.0, 52.0, 1993-08-06 00:00:00, 0.0
10.0, 17.7, 140.0, 54.0, 1993-08-07 00:00:00, 0.0
6.0, 19.7, 0.0, 56.0, 1993-08-08 00:00:00, 0.0
5.0, 10.8, 180.0, 99.0, 1993-08-09 00:00:00, 7.9
11.0, 10.6, 140.0, 94.0, 1993-08-10 00:00:00, 15.0
4.0, 13.9, 140.0, 52.0, 1993-08-11 00:00:00, 0.0
5.0, 18.5, 0.0, 42.0, 1993-08-12 00:00:00, 0.0
4.0, 14.1, 140.0, 74.0, 1993-08-13 00:00:00, 1.3
4.0, 11.5, 50.0, 98.0, 1993-08-14 00:00:00, 6.3
11.0, 18.0, 140.0, 65.0, 1993-08-15 00:00:00, 0.0
8.0, 20.9, 140.0, 49.0, 1993-08-16 00:00:00, 0.0
6.0, 22.0, 140.0, 52.0, 1993-08-17 00:00:00, 0.0
3.0, 20.3, 50.0, 56.0, 1993-08-18 00:00:00, 0.0
8.0, 19.2, 230.0, 75.0, 1993-08-19 00:00:00, 6.9
8.0, 8.7, 0.0, 57.0, 1993-08-20 00:00:00, 0.0
6.0, 15.1, 230.0, 93.0, 1993-08-21 00:00:00, 2.3
9.0, 14.7, 230.0, 80.0, 1993-08-22 00:00:00, 3.0
6.0, 9.7, 140.0, 88.0, 1993-08-23 00:00:00, 6.3
6.0, 6.1, 270.0, 95.0, 1993-08-24 00:00:00, 4.3
3.0, 9.7, 140.0, 84.0, 1993-08-25 00:00:00, 2.5
4.0, 12.9, 270.0, 68.0, 1993-08-26 00:00:00, 0.0
8.0, 8.2, 50.0, 99.0, 1993-08-27 00:00:00, 26.4
15.0, 11.4, 50.0, 78.0, 1993-08-28 00:00:00, 0.0
9.0, 14.1, 0.0, 63.0, 1993-08-29 00:00:00, 0.0
4.0, 15.1, 90.0, 53.0, 1993-08-30 00:00:00, 0.0
13.0, 14.5, 90.0, 67.0, 1993-08-31 00:00:00, 0.0
10.0, 17.5, 90.0, 62.0, 1993-09-01 00:00:00, 0.0
6.0, 20.9, 90.0, 54.0, 1993-09-02 00:00:00, 0.0
8.0, 20.3, 50.0, 46.0, 1993-09-03 00:00:00, 0.0
11.0, 18.6, 50.0, 48.0, 1993-09-04 00:00:00, 0.0
8.0, 19.0, 50.0, 46.0, 1993-09-05 00:00:00, 0.0
7.0, 19.4, 0.0, 43.0, 1993-09-06 00:00:00, 0.0
3.0, 22.0, 320.0, 42.0, 1993-09-07 00:00:00, 0.0
13.0, 19.5, 50.0, 37.0, 1993-09-08 00:00:00, 0.0
12.0, 21.2, 320.0, 34.0, 1993-09-09 00:00:00, 0.0
14.0, 22.7, 0.0, 35.0, 1993-09-10 00:00:00, 0.0
20.0, 6.6, 50.0, 70.0, 1993-09-11 00:00:00, 0.5
9.0, 9.2, 50.0, 54.0, 1993-09-12 00:00:00, 0.5
8.0, 12.2, 320.0, 48.0, 1993-09-13 00:00:00, 0.0
11.0, 8.9, 50.0, 91.0, 1993-09-14 00:00:00, 6.1
2.0, 9.2, 90.0, 80.0, 1993-09-15 00:00:00, 0.3
8.0, 11.6, 90.0, 51.0, 1993-09-16 00:00:00, 0.0
5.0, 14.2, 0.0, 47.0, 1993-09-17 00:00:00, 0.0
13.0, 12.9, 50.0, 51.0, 1993-09-18 00:00:00, 0.0
9.0, 5.6, 50.0, 61.0, 1993-09-19 00:00:00, 0.0
8.0, 8.7, 0.0, 57.0, 1993-09-20 00:00:00, 0.0
6.0, 10.5, 50.0, 40.0, 1993-09-21 00:00:00, 0.0
5.0, 11.9, 50.0, 48.0, 1993-09-22 00:00:00, 0.0
5.0, 15.0, 0.0, 39.0, 1993-09-23 00:00:00, 0.0
20.0, 15.0, 270.0, 38.0, 1993-09-24 00:00:00, 0.0
11.0, 11.0, 50.0, 50.0, 1993-09-25 00:00:00, 0.0
