station_observations
wind_speed, temperature, wind_direction, relative_humidity, time, precipitation
8.0, 14.6, 230.0, 61.0, 1994-06-17 00:00:00, 2.2
10.0, 17.9, 0.0, 46.0, 1994-06-18 00:00:00, 2.5
2.0, 12.5, 270.0, 74.0, 1994-06-19 00:00:00, 10.1
5.0, 17.0, 50.0, 56.0, 1994-06-20 00:00:00, 0.5
5.0, 24.0, 50.0, 26.0, 1994-06-21 00:00:00, 0.0
7.0, 27.0, 230.0, 22.0, 1994-06-22 00:00:00, 0.0
4.0, 29.5, 230.0, 22.0, 1994-06-23 00:00:00, 0.0
1.0, 14.0, 180.0, 85.0, 1994-06-24 00:00:00, 2.0
7.0, 21.1, 270.0, 48.0, 1994-06-25 00:00:00, 0.0
6.0, 15.8, 140.0, 62.0, 1994-06-26 00:00:00, 0.0
12.0, 20.6, 180.0, 47.0, 1994-06-27 00:00:00, 0.0
1.0, 20.7, 140.0, 41.0, 1994-06-28 00:00:00, 0.0
7.0, 12.6, 0.0, 69.0, 1994-06-29 00:00:00, 1.0
4.0, 15.9, 270.0, 72.0, 1994-06-30 00:00:00, 0.0
8.0, 12.7, 140.0, 86.0, 1994-07-01 00:00:00, 28.9
17.0, 9.1, 140.0, 76.0, 1994-07-02 00:00:00, 19.5
14.0, 10.0, 140.0, 78.0, 1994-07-03 00:00:00, 10.6
1.0, 13.8, 270.0, 79.0, 1994-07-04 00:00:00, 2.5
7.0, 19.3, 180.0, 45.0, 1994-07-05 00:00:00, 0.2
12.0, 18.4, 0.0, 53.0, 1994-07-06 00:00:00, 0.0
0.0, 20.5, 0.0, 65.0, 1994-07-07 00:00:00, 0.5
11.0, 22.4, 180.0, 38.0, 1994-07-08 00:00:00, 0.2
8.0, 20.4, 50.0, 29.0, 1994-07-09 00:00:00, 0.0
14.0, 20.4, 140.0, 36.0, 1994-07-10 00:00:00, 0.0
7.0, 18.4, 270.0, 47.0, 1994-07-11 00:00:00, 0.0
1.0, 19.9, 90.0, 45.0, 1994-07-12 00:00:00, 0.0
10.0, 25.9, 180.0, 27.0, 1994-07-13 00:00:00, 0.0
5.0, 26.0, 230.0, 34.0, 1994-07-14 00:00:00, 0.7
12.0, 23.2, 230.0, 51.0, 1994-07-15 00:00:00, 0.0
11.0, 25.5, 230.0, 37.0, 1994-07-16 00:00:00, 1.7
9.0, 18.3, 90.0, 58.0, 1994-07-17 00:00:00, 0.0
10.0, 16.2, 320.0, 79.0, 1994-07-18 00:00:00, 23.3
4.0, 23.5, 180.0, 36.0, 1994-07-19 00:00:00, 0.0
11.0, 28.0, 230.0, 32.0, 1994-07-20 00:00:00, 0.0
8.0, 29.2, 50.0, 27.0, 1994-07-21 00:00:00, 0.0
4.0, 30.2, 270.0, 23.0, 1994-07-22 00:00:00, 0.0
7.0, 31.4, 180.0, 23.0, 1994-07-23 00:00:00, 0.0
7.0, 25.1, 0.0, 45.0, 1994-07-24 00:00:00, 0.0
0.0, 27.3, 0.0, 44.0, 1994-07-25 00:00:00, 0.0
10.0, 27.0, 180.0, 43.0, 1994-07-26 00:00:00, 0.0
12.0, 28.7, 230.0, 33.0, 1994-07-27 00:00:00, 0.0
10.0, 29.3, 230.0, 32.0, 1994-07-28 00:00:00, 0.0
9.0, 28.2, 180.0, 32.0, 1994-07-29 00:00:00, 0.0
17.0, 26.0, 180.0, 29.0, 1994-07-30 00:00:00, 0.0
13.0, 24.2, 180.0, 31.0, 1994-07-31 00:00:00, 0.0
8.0, 27.6, 180.0, 32.0, 1994-08-01 00:00:00, 0.0
8.0, 29.7, 180.0, 28.0, 1994-08-02 00:00:00, 0.0
6.0, 30.8, 180.0, 28.0, 1994-08-03 00:00:00, 0.0
8.0, 22.1, 180.0, 68.0, 1994-08-04 00:00:00, 4.3
0.0, 22.0, 0.0, 67.0, 1994-08-05 00:00:00, 2.7
4.0, 19.2, 180.0, 45.0, 1994-08-06 00:00:00, 0.0
4.0, 22.5, 0.0, 41.0, 1994-08-07 00:00:00, 0.0
0.0, 14.3, 90.0, 85.0, 1994-08-08 00:00:00, 0.7
5.0, 12.9, 230.0, 91.0, 1994-08-09 00:00:00, 10.4
8.0, 21.2, 230.0, 46.0, 1994-08-10 00:00:00, 1.2
6.0, 22.5, 180.0, 48.0, 1994-08-11 00:00:00, 0.0
9.0, 25.7, 230.0, 35.0, 1994-08-12 00:00:00, 0.0
6.0, 29.2, 180.0, 30.0, 1994-08-13 00:00:00, 0.0
12.0, 28.9, 230.0, 28.0, 1994-08-14 00:00:00, 0.0
10.0, 25.1, 180.0, 33.0, 1994-08-15 00:00:00, 0.0
7.0, 23.6, 230.0, 39.0, 1994-08-16 00:00:00, 0.0
0.0, 14.1, 0.0, 88.0, 1994-08-17 00:00:00, 13.7
8.0, 22.4, 180.0, 47.0, 1994-08-18 00:00:00, 0.0
4.0, 26.8, 180.0, 34.0, 1994-08-19 00:00:00, 0.0
8.0, 22.9, 180.0, 46.0, 1994-08-20 00:00:00, 0.0
6.0, 15.3, 140.0, 70.0, 1994-08-21 00:00:00, 3.0
0.0, 12.3, 230.0, 90.0, 1994-08-22 00:00:00, 4.3
12.0, 14.9, 180.0, 48.0, 1994-08-23 00:00:00, 15.7
5.0, 16.7, 230.0, 49.0, 1994-08-24 00:00:00, 0.0
5.0, 19.5, 50.0, 38.0, 1994-08-25 00:00:00, 0.0
6.0, 17.5, 180.0, 44.0, 1994-08-26 00:00:00, 0.0
8.0, 20.5, 230.0, 39.0, 1994-08-27 00:00:00, 0.0
12.0, 22.6, 230.0, 31.0, 1994-08-28 00:00:00, 0.0
11.0, 22.9, 180.0, 39.0, 1994-08-29 00:00:00, 0.0
8.0, 17.8, 140.0, 61.0, 1994-08-30 00:00:00, 0.0
3.0, 13.0, 90.0, 94.0, 1994-08-31 00:00:00, 8.1
10.0, 17.0, 230.0, 74.0, 1994-09-01 00:00:00, 1.2
5.0, 17.0, 180.0, 74.0, 1994-09-02 00:00:00, 0.0
5.0, 17.0, 180.0, 74.0, 1994-09-03 00:00:00, 0.0
5.0, 17.0, 180.0, 74.0, 1994-09-04 00:00:00, 0.0
5.0, 17.0, 180.0, 74.0, 1994-09-05 00:00:00, 0.0
5.0, 17.0, 180.0, 74.0, 1994-09-06 00:00:00, 0.0
5.0, 9.6, 50.0, 99.0, 1994-09-07 00:00:00, 3.3
1.0, 6.5, 230.0, 97.0, 1994-09-08 00:00:00, 4.8
0.0, 6.8, 0.0, 98.0, 1994-09-09 00:00:00, 6.8
1.0, 6.3, 50.0, 97.0, 1994-09-10 00:00:00, 3.0
10.0, 11.1, 90.0, 83.0, 1994-09-11 00:00:00, 0.0
0.0, 12.8, 0.0, 75.0, 1994-09-12 00:00:00, 0.0
6.0, 29.2, 180.0, 30.0, 1994-09-13 00:00:00, 0.0
12.0, 28.9, 230.0, 26.0, 1994-09-14 00:00:00, 0.0
5.0, 16.0, 180.0, 61.0, 1994-09-15 00:00:00, 1.7
11.0, 22.2, 230.0, 45.0, 1994-09-16 00:00:00, 0.0
1.0, 27.1, 230.0, 47.0, 1994-09-17 00:00:00, 0.0
7.0, 22.0, 180.0, 43.0, 1994-09-18 00:00:00, 0.0
6.0, 22.2, 180.0, 41.0, 1994-09-19 00:00:00, 0.0
3.0, 20.0, 180.0, 26.0, 1994-09-20 00:00:00, 0.0
7.0, 17.5, 180.0, 31.0, 1994-09-21 00:00:00, 0.0
7.0, 21.9, 180.0, 39.0, 1994-09-22 00:00:00, 0.0
0.0, 19.8, 230.0, 41.0, 1994-09-23 00:00:00, 0.0
6.0, 23.5, 230.0, 37.0, 1994-09-24 00:00:00, 0.0
8.0, 22.0, 180.0, 23.0, 1994-09-25 00:00:00, 0.0
14.0, 19.1, 180.0, 14.0, 1994-09-26 00:00:00, 0.0
0.0, 20.6, 0.0, 36.0, 1994-09-27 00:00:00, 0.0
1.0, 15.1, 270.0, 51.0, 1994-09-28 00:00:00, 0.0
7.0, 14.5, 180.0, 74.0, 1994-09-29 00:00:00, 1.7
1.0, 12.6, 90.0, 99.0, 1994-09-30 00:00:00, 24.1
5.0, 10.7, 270.0, 83.0, 1994-10-01 00:00:00, 16.5
7.0, 8.8, 0.0, 33.0, 1994-10-02 00:00:00, 0.0
2.0, 12.4, 230.0, 43.0, 1994-10-03 00:00:00, 0.0
4.0, 23.4, 140.0, 20.0, 1995-05-27 00:00:00, 0.0
10.0, 25.3, 230.0, 23.0, 1995-05-28 00:00:00, 0.0
16.0, 25.9, 230.0, 16.0, 1995-05-29 00:00:00, 0.0
10.0, 22.0, 230.0, 35.0, 1995-05-30 00:00:00, 0.0
6.0, 19.3, 230.0, 36.0, 1995-05-31 00:00:00, 0.0
11.0, 22.2, 270.0, 34.0, 1995-06-01 00:00:00, 0.0
12.0, 22.2, 270.0, 36.0, 1995-06-02 00:00:00, 0.0
8.0, 22.0, 50.0, 37.0, 1995-06-03 00:00:00, 0.0
8.0, 19.5, 230.0, 38.0, 1995-06-04 00:00:00, 0.0
3.0, 12.3, 230.0, 92.0, 1995-06-05 00:00:00, 10.0
4.0, 11.0, 230.0, 93.0, 1995-06-06 00:00:00, 10.0
8.0, 20.7, 230.0, 27.0, 1995-06-07 00:00:00, 0.0
9.0, 22.8, 230.0, 29.0, 1995-06-08 00:00:00, 0.0
13.0, 23.2, 270.0, 20.0, 1995-06-09 00:00:00, 0.0
9.0, 22.3, 230.0, 30.0, 1995-06-10 00:00:00, 0.0
4.0, 13.9, 180.0, 86.0, 1995-06-11 00:00:00, 2.2
19.0, 16.3, 230.0, 40.0, 1995-06-12 00:00:00, 0.0
7.0, 10.1, 230.0, 80.0, 1995-06-13 00:00:00, 10.4
8.0, 14.5, 230.0, 58.0, 1995-06-14 00:00:00, 2.2
11.0, 14.6, 230.0, 67.0, 1995-06-15 00:00:00, 2.7
3.0, 21.1, 230.0, 47.0, 1995-06-16 00:00:00, 0.0
2.0, 15.4, 140.0, 72.0, 1995-06-17 00:00:00, 2.2
2.0, 17.6, 270.0, 57.0, 1995-06-18 00:00:00, 0.0
2.0, 11.6, 320.0, 95.0, 1995-06-19 00:00:00, 5.5
4.0, 14.6, 180.0, 91.0, 1995-06-20 00:00:00, 3.8
4.0, 20.2, 230.0, 54.0, 1995-06-21 00:00:00, 1.2
6.0, 21.9, 140.0, 45.0, 1995-06-22 00:00:00, 0.0
12.0, 23.0, 230.0, 47.0, 1995-06-23 00:00:00, 0.0
3.0, 19.3, 320.0, 46.0, 1995-06-24 00:00:00, 0.0
11.0, 20.4, 90.0, 33.0, 1995-06-25 00:00:00, 0.0
7.0, 18.3, 50.0, 28.0, 1995-06-26 00:00:00, 0.0
11.0, 20.5, 0.0, 30.0, 1995-06-27 00:00:00, 0.0
10.0, 25.6, 140.0, 28.0, 1995-06-28 00:00:00, 0.0
8.0, 23.8, 180.0, 32.0, 1995-06-29 00:00:00, 0.0
3.0, 25.3, 230.0, 36.0, 1995-06-30 00:00:00, 0.0
8.0, 25.5, 180.0, 38.0, 1995-07-01 00:00:00, 0.0
10.0, 13.5, 230.0, 98.0, 1995-07-02 00:00:00, 1.5
9.0, 13.0, 230.0, 89.0, 1995-07-03 00:00:00, 0.0
6.0, 13.7, 270.0, 89.0, 1995-07-04 00:00:00, 3.8
9.0, 13.7, 230.0, 88.0, 1995-07-05 00:00:00, 10.1
6.0, 19.3, 180.0, 72.0, 1995-07-06 00:00:00, 8.1
1.0, 20.1, 230.0, 63.0, 1995-07-07 00:00:00, 0.0
2.0, 15.9, 270.0, 76.0, 1995-07-10 00:00:00, 6.3
4.0, 11.6, 90.0, 91.0, 1995-07-11 00:00:00, 3.8
3.0, 16.4, 50.0, 52.0, 1995-07-12 00:00:00, 1.5
13.0, 17.2, 50.0, 60.0, 1995-07-13 00:00:00, 0.0
13.0, 19.8, 50.0, 47.0, 1995-07-14 00:00:00, 0.0
18.0, 22.8, 180.0, 31.0, 1995-07-15 00:00:00, 0.0
3.0, 22.9, 90.0, 42.0, 1995-07-16 00:00:00, 0.0
16.0, 23.0, 50.0, 39.0, 1995-07-17 00:00:00, 0.0
6.0, 23.2, 230.0, 33.0, 1995-07-18 00:00:00, 0.0
7.0, 28.0, 0.0, 24.0, 1995-07-19 00:00:00, 0.0
18.0, 23.7, 140.0, 29.0, 1995-07-20 00:00:00, 0.0
7.0, 22.5, 180.0, 42.0, 1995-07-21 00:00:00, 2.5
12.0, 25.3, 140.0, 35.0, 1995-07-22 00:00:00, 0.0
9.0, 20.2, 140.0, 39.0, 1995-07-23 00:00:00, 0.0
4.0, 15.5, 180.0, 77.0, 1995-07-24 00:00:00, 0.0
3.0, 16.2, 230.0, 96.0, 1995-07-25 00:00:00, 3.5
6.0, 12.1, 90.0, 97.0, 1995-07-26 00:00:00, 16.7
9.0, 14.6, 180.0, 58.0, 1995-07-27 00:00:00, 0.0
4.0, 17.9, 180.0, 43.0, 1995-07-28 00:00:00, 0.0
3.0, 10.5, 180.0, 90.0, 1995-07-29 00:00:00, 0.0
10.0, 17.2, 140.0, 51.0, 1995-07-30 00:00:00, 0.0
7.0, 17.0, 270.0, 64.0, 1995-07-31 00:00:00, 0.2
10.0, 18.7, 320.0, 52.0, 1995-08-01 00:00:00, 0.0
5.0, 17.4, 140.0, 54.0, 1995-08-02 00:00:00, 0.0
11.0, 22.5, 180.0, 44.0, 1995-08-03 00:00:00, 0.0
3.0, 18.9, 180.0, 89.0, 1995-08-04 00:00:00, 0.2
2.0, 13.2, 90.0, 96.0, 1995-08-05 00:00:00, 1.2
1.0, 10.8, 230.0, 96.0, 1995-08-06 00:00:00, 2.7
2.0, 12.7, 180.0, 91.0, 1995-08-07 00:00:00, 0.5
5.0, 12.6, 230.0, 87.0, 1995-08-08 00:00:00, 0.7
3.0, 17.7, 90.0, 59.0, 1995-08-09 00:00:00, 0.0
1.0, 19.0, 140.0, 52.0, 1995-08-10 00:00:00, 0.0
8.0, 10.7, 180.0, 99.0, 1995-08-11 00:00:00, 2.5
5.0, 10.6, 270.0, 97.0, 1995-08-12 00:00:00, 1.2
6.0, 18.2, 320.0, 49.0, 1995-08-13 00:00:00, 0.0
7.0, 11.4, 180.0, 78.0, 1995-08-14 00:00:00, 3.0
7.0, 10.1, 180.0, 91.0, 1995-08-15 00:00:00, 0.2
7.0, 13.1, 230.0, 76.0, 1995-08-16 00:00:00, 0.0
3.0, 12.8, 180.0, 77.0, 1995-08-17 00:00:00, 1.0
7.0, 10.4, 0.0, 94.0, 1995-08-18 00:00:00, 0.0
6.0, 11.9, 230.0, 92.0, 1995-08-19 00:00:00, 4.3
1.0, 18.5, 270.0, 67.0, 1995-08-20 00:00:00, 0.0
10.0, 19.9, 180.0, 43.0, 1995-08-21 00:00:00, 0.0
10.0, 18.3, 230.0, 48.0, 1995-08-22 00:00:00, 0.0
11.0, 19.1, 180.0, 41.0, 1995-08-23 00:00:00, 0.0
17.0, 11.9, 0.0, 61.0, 1995-08-24 00:00:00, 0.0
2.0, 17.8, 270.0, 44.0, 1995-08-25 00:00:00, 0.0
4.0, 10.7, 180.0, 92.0, 1995-08-26 00:00:00, 2.5
1.0, 17.3, 180.0, 59.0, 1995-08-27 00:00:00, 0.0
14.0, 17.4, 0.0, 50.0, 1995-08-28 00:00:00, 0.0
9.0, 16.4, 230.0, 75.0, 1995-08-29 00:00:00, 0.2
9.0, 18.3, 140.0, 35.0, 1995-08-30 00:00:00, 0.2
1.0, 18.9, 270.0, 45.0, 1995-08-31 00:00:00, 0.0
6.0, 24.2, 270.0, 33.0, 1995-09-01 00:00:00, 0.0
6.0, 26.3, 270.0, 19.0, 1995-09-02 00:00:00, 0.0
8.0, 26.6, 270.0, 21.0, 1995-09-03 00:00:00, 0.0
0.0, 28.0, 0.0, 24.0, 1995-09-04 00:00:00, 0.0
4.0, 11.4, 50.0, 99.0, 1995-09-05 00:00:00, 6.6
8.0, 19.9, 230.0, 65.0, 1995-09-06 00:00:00, 0.0
6.0, 23.5, 270.0, 40.0, 1995-09-07 00:00:00, 0.0
6.0, 24.6, 180.0, 36.0, 1995-09-08 00:00:00, 0.0
1.0, 20.8, 270.0, 54.0, 1995-09-09 00:00:00, 0.0
6.0, 26.3, 180.0, 25.0, 1995-09-10 00:00:00, 0.0
8.0, 23.3, 270.0, 35.0, 1995-09-11 00:00:00, 0.0
18.0, 20.9, 180.0, 41.0, 1995-09-12 00:00:00, 0.0
10.0, 19.6, 230.0, 47.0, 1995-09-13 00:00:00, 0.0
7.0, 20.0, 230.0, 45.0, 1995-09-14 00:00:00, 0.0
2.0, 18.6, 90.0, 56.0, 1995-09-15 00:00:00, 0.0
6.0, 19.0, 230.0, 48.0, 1995-09-16 00:00:00, 0.0
7.0, 18.6, 230.0, 48.0, 1995-09-17 00:00:00, 0.0
11.0, 15.5, 230.0, 43.0, 1995-09-18 00:00:00, 0.0
8.0, 15.6, 230.0, 41.0, 1995-09-19 00:00:00, 0.0
8.0, 15.6, 230.0, 26.0, 1995-09-20 00:00:00, 0.0
8.0, 15.9, 230.0, 23.0, 1995-09-21 00:00:00, 0.0
7.0, 16.5, 230.0, 37.0, 1995-09-22 00:00:00, 0.0
7.0, 20.1, 230.0, 41.0, 1995-09-23 00:00:00, 0.0
5.0, 21.6, 230.0, 38.0, 1995-09-24 00:00:00, 0.0
5.0, 20.6, 230.0, 39.0, 1995-09-25 00:00:00, 0.0
9.0, 19.0, 230.0, 44.0, 1995-09-26 00:00:00, 0.0
3.0, 12.7, 230.0, 70.0, 1995-09-27 00:00:00, 5.5
5.0, 10.7, 230.0, 97.0, 1995-09-28 00:00:00, 4.8
4.0, 9.2, 230.0, 95.0, 1995-09-29 00:00:00, 0.0
3.0, 8.9, 0.0, 95.0, 1995-09-30 00:00:00, 6.0
2.0, 7.3, 230.0, 81.0, 1995-10-01 00:00:00, 7.8
1.0, 5.5, 0.0, 98.0, 1995-10-02 00:00:00, 0.5
7.0, 7.9, 180.0, 78.0, 1995-10-03 00:00:00, 7.6
7.0, 8.5, 230.0, 65.0, 1995-10-04 00:00:00, 0.0
0.0, 0.0, 0.0, 0.0, 1996-06-02 00:00:00, 0.0
7.0, 16.1, 230.0, 67.0, 1996-06-03 00:00:00, 0.5
13.0, 10.8, 140.0, 80.0, 1996-06-04 00:00:00, 5.5
11.0, 14.0, 0.0, 43.0, 1996-06-05 00:00:00, 6.6
5.0, 9.7, 0.0, 96.0, 1996-06-06 00:00:00, 2.0
22.0, 20.8, 230.0, 30.0, 1996-06-07 00:00:00, 0.5
17.0, 17.9, 230.0, 24.0, 1996-06-08 00:00:00, 0.5
5.0, 12.6, 0.0, 39.0, 1996-06-09 00:00:00, 0.0
11.0, 14.1, 230.0, 39.0, 1996-06-10 00:00:00, 0.0
16.0, 10.8, 180.0, 49.0, 1996-06-11 00:00:00, 8.1
9.0, 16.1, 230.0, 37.0, 1996-06-12 00:00:00, 0.0
11.0, 17.7, 0.0, 24.0, 1996-06-13 00:00:00, 0.0
3.0, 16.8, 50.0, 36.0, 1996-06-14 00:00:00, 0.0
11.0, 18.6, 0.0, 34.0, 1996-06-15 00:00:00, 0.0
58.0, 15.0, 270.0, 30.0, 1996-06-16 00:00:00, 0.5
7.0, 9.7, 320.0, 71.0, 1996-06-17 00:00:00, 2.2
8.0, 10.5, 270.0, 58.0, 1996-06-18 00:00:00, 0.0
11.0, 11.3, 180.0, 64.0, 1996-06-19 00:00:00, 3.3
15.0, 15.3, 230.0, 44.0, 1996-06-20 00:00:00, 0.0
15.0, 15.2, 320.0, 53.0, 1996-06-21 00:00:00, 1.7
17.0, 17.4, 180.0, 42.0, 1996-06-22 00:00:00, 0.0
14.0, 14.2, 230.0, 74.0, 1996-06-23 00:00:00, 3.0
12.0, 11.9, 270.0, 90.0, 1996-06-24 00:00:00, 6.3
11.0, 11.1, 180.0, 93.0, 1996-06-25 00:00:00, 14.7
12.0, 11.9, 0.0, 88.0, 1996-06-26 00:00:00, 4.5
18.0, 18.4, 320.0, 53.0, 1996-06-27 00:00:00, 1.5
13.0, 12.6, 90.0, 75.0, 1996-06-28 00:00:00, 11.1
1.0, 14.0, 90.0, 66.0, 1997-05-27 00:00:00, 3.3
0.0, 14.9, 0.0, 62.0, 1997-05-28 00:00:00, 0.2
2.0, 14.3, 90.0, 85.0, 1997-05-29 00:00:00, 1.2
0.0, 12.3, 0.0, 95.0, 1997-05-30 00:00:00, 10.9
1.0, 12.0, 50.0, 95.0, 1997-05-31 00:00:00, 7.8
1.0, 11.2, 90.0, 82.0, 1997-06-01 00:00:00, 8.1
0.0, 11.4, 0.0, 60.0, 1997-06-02 00:00:00, 0.0
5.0, 19.7, 140.0, 22.0, 1997-06-03 00:00:00, 0.0
1.0, 10.9, 90.0, 95.0, 1997-06-04 00:00:00, 6.8
0.0, 10.2, 0.0, 92.0, 1997-06-05 00:00:00, 5.0
1.0, 14.3, 230.0, 53.0, 1997-06-06 00:00:00, 5.5
1.0, 15.6, 180.0, 39.0, 1997-06-07 00:00:00, 0.0
2.0, 11.9, 90.0, 75.0, 1997-06-08 00:00:00, 3.8
1.0, 17.1, 50.0, 36.0, 1997-06-09 00:00:00, 0.0
1.0, 23.2, 90.0, 21.0, 1997-06-10 00:00:00, 0.0
