station_observations
wind_speed, temperature, wind_direction, relative_humidity, time, precipitation
6.0, 21.0, 320.0, 51.0, 1994-07-07 00:00:00, 0.0
7.0, 19.5, 50.0, 43.0, 1994-07-08 00:00:00, 0.0
9.0, 18.3, 90.0, 39.0, 1994-07-09 00:00:00, 0.0
5.0, 17.6, 90.0, 40.0, 1994-07-10 00:00:00, 0.0
10.0, 17.4, 140.0, 48.0, 1994-07-11 00:00:00, 0.0
3.0, 19.6, 140.0, 37.0, 1994-07-12 00:00:00, 0.0
8.0, 22.8, 90.0, 36.0, 1994-07-13 00:00:00, 0.0
12.0, 19.7, 90.0, 45.0, 1994-07-14 00:00:00, 0.0
9.0, 19.8, 90.0, 54.0, 1994-07-15 00:00:00, 0.0
7.0, 23.9, 0.0, 39.0, 1994-07-16 00:00:00, 1.3
11.0, 19.2, 90.0, 51.0, 1994-07-17 00:00:00, 0.0
4.0, 12.5, 90.0, 88.0, 1994-07-18 00:00:00, 25.9
5.0, 19.7, 90.0, 51.0, 1994-07-19 00:00:00, 0.3
5.0, 26.0, 90.0, 38.0, 1994-07-20 00:00:00, 0.0
9.0, 27.1, 50.0, 39.0, 1994-07-21 00:00:00, 0.0
6.0, 27.6, 90.0, 30.0, 1994-07-22 00:00:00, 0.0
3.0, 29.2, 90.0, 26.0, 1994-07-23 00:00:00, 0.0
0.0, 25.6, 90.0, 43.0, 1994-07-24 00:00:00, 0.0
3.0, 27.9, 320.0, 37.0, 1994-07-25 00:00:00, 0.0
12.0, 25.3, 50.0, 49.0, 1994-07-26 00:00:00, 0.0
4.0, 26.3, 90.0, 35.0, 1994-07-27 00:00:00, 0.0
5.0, 27.5, 0.0, 29.0, 1994-07-28 00:00:00, 0.0
4.0, 25.9, 90.0, 36.0, 1994-07-29 00:00:00, 0.0
4.0, 23.1, 140.0, 39.0, 1994-07-30 00:00:00, 0.0
7.0, 20.8, 90.0, 47.0, 1994-07-31 00:00:00, 0.0
8.0, 25.2, 90.0, 36.0, 1994-08-01 00:00:00, 0.0
4.0, 27.1, 90.0, 38.0, 1994-08-02 00:00:00, 0.0
5.0, 29.9, 270.0, 28.0, 1994-08-03 00:00:00, 0.0
7.0, 23.8, 230.0, 52.0, 1994-08-04 00:00:00, 9.1
8.0, 20.6, 90.0, 66.0, 1994-08-05 00:00:00, 7.1
4.0, 14.8, 50.0, 64.0, 1994-08-06 00:00:00, 0.0
3.0, 18.6, 90.0, 59.0, 1994-08-07 00:00:00, 0.2
3.0, 15.1, 270.0, 83.0, 1994-08-08 00:00:00, 1.0
5.0, 11.2, 90.0, 90.0, 1994-08-09 00:00:00, 16.7
1.0, 16.4, 50.0, 62.0, 1994-08-10 00:00:00, 0.2
7.0, 21.4, 90.0, 53.0, 1994-08-11 00:00:00, 0.0
6.0, 24.3, 90.0, 37.0, 1994-08-12 00:00:00, 0.0
6.0, 27.5, 320.0, 27.0, 1994-08-13 00:00:00, 0.0
11.0, 26.3, 0.0, 33.0, 1994-08-14 00:00:00, 0.0
10.0, 20.4, 50.0, 47.0, 1994-08-15 00:00:00, 0.0
4.0, 19.1, 90.0, 57.0, 1994-08-16 00:00:00, 0.0
1.0, 13.0, 90.0, 82.0, 1994-08-17 00:00:00, 11.7
7.0, 19.0, 90.0, 63.0, 1994-08-18 00:00:00, 0.3
6.0, 25.5, 270.0, 30.0, 1994-08-19 00:00:00, 0.0
7.0, 21.8, 90.0, 54.0, 1994-08-20 00:00:00, 4.3
6.0, 14.7, 90.0, 64.0, 1994-08-21 00:00:00, 0.0
4.0, 11.4, 90.0, 81.0, 1994-08-22 00:00:00, 0.2
0.0, 12.3, 90.0, 59.0, 1994-08-23 00:00:00, 10.1
6.0, 16.1, 90.0, 47.0, 1994-08-24 00:00:00, 0.0
5.0, 16.9, 90.0, 44.0, 1994-08-25 00:00:00, 0.0
1.0, 12.1, 90.0, 71.0, 1994-08-26 00:00:00, 0.0
7.0, 18.0, 50.0, 39.0, 1994-08-27 00:00:00, 0.0
5.0, 21.1, 90.0, 35.0, 1994-08-28 00:00:00, 0.0
8.0, 19.8, 50.0, 48.0, 1994-08-29 00:00:00, 0.0
2.0, 17.9, 50.0, 62.0, 1994-08-30 00:00:00, 0.5
10.0, 21.4, 270.0, 44.0, 1994-08-31 00:00:00, 0.5
1.0, 11.9, 0.0, 96.0, 1994-09-01 00:00:00, 4.1
6.0, 15.1, 90.0, 74.0, 1994-09-02 00:00:00, 0.3
3.0, 7.9, 50.0, 97.0, 1994-09-03 00:00:00, 4.6
3.0, 10.1, 90.0, 85.0, 1994-09-04 00:00:00, 2.3
10.0, 17.6, 0.0, 49.0, 1994-09-05 00:00:00, 0.0
11.0, 21.3, 320.0, 41.0, 1994-09-06 00:00:00, 0.0
5.0, 18.8, 270.0, 39.0, 1994-09-07 00:00:00, 0.0
7.0, 13.4, 50.0, 65.0, 1994-09-08 00:00:00, 0.8
2.0, 9.7, 90.0, 85.0, 1994-09-09 00:00:00, 9.2
5.0, 10.9, 0.0, 75.0, 1994-09-10 00:00:00, 5.3
6.0, 11.4, 90.0, 74.0, 1994-09-11 00:00:00, 2.5
5.0, 11.4, 0.0, 67.0, 1994-09-12 00:00:00, 3.3
14.0, 16.4, 0.0, 51.0, 1994-09-13 00:00:00, 0.0
3.0, 11.5, 0.0, 86.0, 1994-09-14 00:00:00, 1.7
11.0, 14.7, 0.0, 65.0, 1994-09-15 00:00:00, 0.7
9.0, 20.2, 0.0, 49.0, 1994-09-16 00:00:00, 0.0
6.0, 22.3, 0.0, 44.0, 1994-09-17 00:00:00, 0.0
6.0, 20.6, 0.0, 46.0, 1994-09-18 00:00:00, 0.0
6.0, 21.1, 0.0, 39.0, 1994-09-19 00:00:00, 0.0
4.0, 15.2, 0.0, 44.0, 1994-09-20 00:00:00, 0.0
5.0, 15.2, 0.0, 36.0, 1994-09-21 00:00:00, 0.0
1.0, 20.9, 0.0, 39.0, 1994-09-22 00:00:00, 0.0
5.0, 22.1, 0.0, 33.0, 1994-09-23 00:00:00, 0.0
4.0, 21.7, 0.0, 44.0, 1994-09-24 00:00:00, 0.0
1.0, 19.1, 0.0, 43.0, 1994-09-25 00:00:00, 0.0
6.0, 16.5, 50.0, 23.0, 1994-09-26 00:00:00, 0.0
4.0, 18.1, 180.0, 42.0, 1994-09-27 00:00:00, 0.0
0.0, 14.0, 90.0, 66.0, 1994-09-28 00:00:00, 0.0
7.0, 14.0, 90.0, 67.0, 1994-09-29 00:00:00, 0.5
0.0, 11.3, 320.0, 90.0, 1994-09-30 00:00:00, 5.8
0.0, 8.4, 90.0, 87.0, 1994-10-01 00:00:00, 6.9
10.0, 7.9, 230.0, 42.0, 1994-10-02 00:00:00, 0.0
6.0, 8.6, 90.0, 58.0, 1994-10-03 00:00:00, 0.0
5.0, 13.6, 50.0, 53.0, 1994-10-04 00:00:00, 0.2
4.0, 9.1, 90.0, 69.0, 1994-10-05 00:00:00, 0.0
2.0, 8.1, 140.0, 66.0, 1994-10-06 00:00:00, 0.0
6.0, 10.0, 90.0, 53.0, 1994-10-07 00:00:00, 0.0
9.0, 12.6, 270.0, 41.0, 1994-10-08 00:00:00, 0.0
10.0, 6.8, 320.0, 88.0, 1994-10-09 00:00:00, 0.8
3.0, 4.1, 90.0, 90.0, 1994-10-10 00:00:00, 11.9
4.0, 5.0, 90.0, 78.0, 1994-10-11 00:00:00, 0.2
2.0, 9.0, 90.0, 55.0, 1994-10-12 00:00:00, 0.0
1.0, 7.4, 140.0, 69.0, 1994-10-13 00:00:00, 0.0
0.0, 3.4, 0.0, 99.0, 1994-10-14 00:00:00, 3.5
6.0, 6.6, 90.0, 81.0, 1994-10-15 00:00:00, 0.2
3.0, 4.3, 90.0, 90.0, 1994-10-16 00:00:00, 0.0
0.0, 3.0, 0.0, 99.0, 1994-10-17 00:00:00, 2.2
1.0, 3.0, 90.0, 99.0, 1994-10-18 00:00:00, 0.0
1.0, 3.9, 50.0, 98.0, 1994-10-19 00:00:00, 2.2
8.0, 1.9, 50.0, 98.0, 1994-10-20 00:00:00, 11.1
15.0, 2.6, 50.0, 87.0, 1994-10-21 00:00:00, 14.2
2.0, 1.6, 140.0, 87.0, 1994-10-22 00:00:00, 1.0
5.0, 4.2, 0.0, 77.0, 1994-10-23 00:00:00, 1.2
8.0, 7.1, 270.0, 63.0, 1994-10-24 00:00:00, 0.2
9.0, 9.9, 230.0, 57.0, 1994-10-25 00:00:00, 0.0
12.0, 4.1, 0.0, 78.0, 1994-10-26 00:00:00, 7.1
4.0, 3.1, 90.0, 88.0, 1994-10-27 00:00:00, 1.5
11.0, 2.4, 90.0, 74.0, 1994-10-28 00:00:00, 8.1
8.0, 0.8, 320.0, 72.0, 1994-10-29 00:00:00, 0.0
0.0, 0.0, 0.0, 96.0, 1994-10-30 00:00:00, 0.0
6.0, -1.4, 230.0, 99.0, 1994-10-31 00:00:00, 0.0
4.0, 11.5, 180.0, 84.0, 1995-07-30 00:00:00, 4.3
4.0, 13.3, 0.0, 82.0, 1995-07-31 00:00:00, 3.5
20.0, 11.2, 0.0, 80.0, 1995-08-01 00:00:00, 6.3
5.0, 13.2, 0.0, 66.0, 1995-08-02 00:00:00, 0.5
3.0, 14.6, 0.0, 92.0, 1995-08-03 00:00:00, 5.3
10.0, 20.1, 0.0, 67.0, 1995-08-04 00:00:00, 0.0
6.0, 9.9, 0.0, 97.0, 1995-08-05 00:00:00, 24.8
0.0, 7.1, 0.0, 96.0, 1995-08-06 00:00:00, 36.6
0.0, 7.9, 0.0, 97.0, 1995-08-07 00:00:00, 17.7
0.0, 9.3, 0.0, 94.0, 1995-08-08 00:00:00, 4.5
8.0, 14.5, 0.0, 68.0, 1995-08-09 00:00:00, 4.8
4.0, 18.0, 0.0, 49.0, 1995-08-10 00:00:00, 0.0
6.0, 11.2, 0.0, 96.0, 1995-08-11 00:00:00, 17.0
0.0, 6.6, 0.0, 97.0, 1995-08-12 00:00:00, 18.5
0.0, 10.7, 0.0, 90.0, 1995-08-13 00:00:00, 6.8
0.0, 7.3, 0.0, 92.0, 1995-08-14 00:00:00, 0.0
0.0, 9.2, 0.0, 94.0, 1995-08-15 00:00:00, 24.3
0.0, 6.5, 0.0, 95.0, 1995-08-16 00:00:00, 9.1
0.0, 8.9, 0.0, 89.0, 1995-08-17 00:00:00, 1.0
0.0, 7.5, 0.0, 93.0, 1995-08-18 00:00:00, 3.8
0.0, 10.1, 0.0, 86.0, 1995-08-19 00:00:00, 2.7
5.0, 13.5, 0.0, 77.0, 1995-08-20 00:00:00, 10.9
0.0, 16.3, 0.0, 56.0, 1995-08-21 00:00:00, 0.0
0.0, 14.4, 0.0, 62.0, 1995-08-22 00:00:00, 0.0
0.0, 15.7, 0.0, 59.0, 1995-08-23 00:00:00, 0.0
0.0, 10.1, 0.0, 70.0, 1995-08-24 00:00:00, 0.2
0.0, 13.6, 0.0, 56.0, 1995-08-25 00:00:00, 0.2
0.0, 11.8, 0.0, 68.0, 1995-08-26 00:00:00, 0.5
0.0, 13.5, 0.0, 60.0, 1995-08-27 00:00:00, 0.2
0.0, 14.1, 0.0, 68.0, 1995-08-28 00:00:00, 0.2
0.0, 9.5, 0.0, 96.0, 1995-08-29 00:00:00, 15.7
0.0, 12.6, 0.0, 73.0, 1995-08-30 00:00:00, 2.7
0.0, 14.0, 0.0, 61.0, 1995-08-31 00:00:00, 0.0
9.0, 19.0, 0.0, 43.0, 1995-09-01 00:00:00, 0.0
16.0, 21.1, 0.0, 38.0, 1995-09-02 00:00:00, 0.0
8.0, 21.9, 0.0, 36.0, 1995-09-03 00:00:00, 0.0
7.0, 23.7, 0.0, 23.0, 1995-09-04 00:00:00, 0.0
1.0, 10.4, 0.0, 97.0, 1995-09-05 00:00:00, 6.3
1.0, 14.5, 0.0, 84.0, 1995-09-06 00:00:00, 16.7
3.0, 19.0, 0.0, 49.0, 1995-09-07 00:00:00, 0.0
7.0, 20.3, 0.0, 56.0, 1995-09-08 00:00:00, 0.0
7.0, 21.0, 0.0, 56.0, 1995-09-09 00:00:00, 0.0
4.0, 21.6, 0.0, 53.0, 1995-09-10 00:00:00, 0.0
10.0, 18.8, 0.0, 50.0, 1995-09-11 00:00:00, 0.0
13.0, 18.8, 0.0, 56.0, 1995-09-12 00:00:00, 0.0
13.0, 17.7, 0.0, 51.0, 1995-09-13 00:00:00, 0.0
8.0, 18.8, 0.0, 48.0, 1995-09-14 00:00:00, 0.0
12.0, 17.5, 0.0, 58.0, 1995-09-15 00:00:00, 0.0
10.0, 16.6, 0.0, 56.0, 1995-09-16 00:00:00, 0.0
9.0, 16.9, 0.0, 55.0, 1995-09-17 00:00:00, 0.0
