station_observations
wind_speed, temperature, wind_direction, relative_humidity, time, precipitation
11.0, 17.6, 140.0, 31.0, 1996-07-06 00:00:00, 0.8
9.0, 12.4, 0.0, 33.0, 1996-07-07 00:00:00, 0.0
12.0, 18.6, 140.0, 24.0, 1996-07-08 00:00:00, 0.0
15.0, 15.0, 270.0, 46.0, 1996-07-09 00:00:00, 0.0
7.0, 12.1, 140.0, 54.0, 1996-07-10 00:00:00, 0.3
0.0, 16.0, 0.0, 50.0, 1996-07-11 00:00:00, 0.0
11.0, 20.7, 270.0, 39.0, 1996-07-12 00:00:00, 3.1
5.0, 21.7, 230.0, 38.0, 1996-07-13 00:00:00, 0.0
8.0, 22.1, 50.0, 43.0, 1996-07-14 00:00:00, 0.0
8.0, 21.0, 0.0, 35.0, 1996-07-15 00:00:00, 0.0
5.0, 15.0, 90.0, 49.0, 1996-07-16 00:00:00, 0.0
7.0, 10.3, 230.0, 92.0, 1996-07-17 00:00:00, 3.6
6.0, 8.7, 180.0, 76.0, 1996-07-18 00:00:00, 21.6
11.0, 11.8, 180.0, 63.0, 1996-07-19 00:00:00, 6.4
6.0, 8.4, 180.0, 94.0, 1996-07-20 00:00:00, 18.3
3.0, 13.9, 270.0, 69.0, 1996-07-21 00:00:00, 3.6
8.0, 20.2, 0.0, 57.0, 1996-07-22 00:00:00, 0.0
7.0, 20.3, 0.0, 53.0, 1996-07-23 00:00:00, 0.0
10.0, 22.5, 0.0, 35.0, 1996-07-24 00:00:00, 0.0
7.0, 21.1, 0.0, 45.0, 1996-07-25 00:00:00, 0.0
10.0, 22.0, 50.0, 52.0, 1996-07-26 00:00:00, 0.0
8.0, 24.9, 50.0, 34.0, 1996-07-27 00:00:00, 0.0
11.0, 27.5, 230.0, 27.0, 1996-07-28 00:00:00, 0.0
6.0, 24.4, 180.0, 43.0, 1996-07-29 00:00:00, 0.0
11.0, 21.6, 180.0, 43.0, 1996-07-30 00:00:00, 0.0
4.0, 14.4, 50.0, 54.0, 1996-07-31 00:00:00, 0.0
4.0, 19.7, 320.0, 47.0, 1996-08-01 00:00:00, 0.0
1.0, 8.9, 230.0, 93.0, 1996-08-02 00:00:00, 4.0
10.0, 11.5, 180.0, 76.0, 1996-08-03 00:00:00, 5.6
1.0, 7.9, 0.0, 97.0, 1996-08-04 00:00:00, 17.0
7.0, 7.4, 270.0, 98.0, 1996-08-05 00:00:00, 8.1
4.0, 15.5, 270.0, 59.0, 1996-08-06 00:00:00, 0.3
5.0, 19.1, 50.0, 42.0, 1996-08-07 00:00:00, 0.0
8.0, 22.5, 180.0, 39.0, 1996-08-08 00:00:00, 0.0
5.0, 21.0, 90.0, 41.0, 1996-08-09 00:00:00, 0.0
3.0, 21.9, 0.0, 50.0, 1996-08-10 00:00:00, 0.0
9.0, 22.9, 180.0, 38.0, 1996-08-11 00:00:00, 0.0
1.0, 15.9, 0.0, 62.0, 1996-08-12 00:00:00, 10.7
11.0, 20.2, 230.0, 46.0, 1996-08-13 00:00:00, 0.0
9.0, 22.4, 50.0, 55.0, 1996-08-14 00:00:00, 0.0
4.0, 17.0, 230.0, 54.0, 1996-08-15 00:00:00, 0.0
4.0, 12.5, 50.0, 75.0, 1996-08-16 00:00:00, 1.3
5.0, 7.5, 230.0, 92.0, 1996-08-17 00:00:00, 8.1
0.0, 11.4, 0.0, 71.0, 1996-08-18 00:00:00, 7.9
12.0, 9.5, 180.0, 89.0, 1996-08-19 00:00:00, 2.5
5.0, 8.9, 230.0, 80.0, 1996-08-20 00:00:00, 11.2
9.0, 11.5, 180.0, 66.0, 1996-08-21 00:00:00, 0.3
11.0, 18.4, 230.0, 55.0, 1996-08-22 00:00:00, 0.0
5.0, 21.8, 230.0, 46.0, 1996-08-23 00:00:00, 0.0
2.0, 22.4, 50.0, 56.0, 1996-08-24 00:00:00, 0.0
2.0, 23.7, 50.0, 50.0, 1996-08-25 00:00:00, 0.0
4.0, 24.1, 50.0, 48.0, 1996-08-26 00:00:00, 0.0
0.0, 26.3, 0.0, 42.0, 1996-08-27 00:00:00, 0.0
5.0, 23.5, 180.0, 43.0, 1996-08-28 00:00:00, 0.0
12.0, 22.2, 180.0, 43.0, 1996-08-29 00:00:00, 0.0
12.0, 8.5, 180.0, 99.0, 1996-08-30 00:00:00, 8.6
10.0, 10.4, 180.0, 85.0, 1996-08-31 00:00:00, 6.9
6.0, 7.9, 0.0, 84.0, 1996-09-01 00:00:00, 1.3
2.0, 11.3, 50.0, 69.0, 1996-09-02 00:00:00, 0.3
9.0, 8.1, 230.0, 90.0, 1996-09-03 00:00:00, 1.5
1.0, 9.5, 50.0, 65.0, 1996-09-04 00:00:00, 22.6
4.0, 5.9, 180.0, 92.0, 1996-09-05 00:00:00, 3.1
8.0, 8.5, 180.0, 75.0, 1996-09-06 00:00:00, 4.6
10.0, 8.7, 180.0, 93.0, 1996-09-07 00:00:00, 25.4
4.0, 11.5, 140.0, 86.0, 1996-09-08 00:00:00, 1.3
1.0, 11.8, 0.0, 87.0, 1996-09-09 00:00:00, 0.3
4.0, 18.4, 50.0, 57.0, 1996-09-10 00:00:00, 0.0
14.0, 22.0, 230.0, 38.0, 1996-09-11 00:00:00, 0.0
1.0, 17.0, 50.0, 65.0, 1996-09-12 00:00:00, 0.3
8.0, 14.4, 180.0, 68.0, 1996-09-13 00:00:00, 0.0
10.0, 11.1, 180.0, 72.0, 1996-09-14 00:00:00, 0.8
0.0, 5.9, 0.0, 99.0, 1996-09-15 00:00:00, 15.0
0.0, 5.8, 0.0, 88.0, 1996-09-16 00:00:00, 12.2
8.0, 10.3, 90.0, 77.0, 1996-09-17 00:00:00, 0.8
0.0, 8.9, 0.0, 72.0, 1996-09-18 00:00:00, 0.0
3.0, 5.5, 230.0, 74.0, 1996-09-19 00:00:00, 1.0
1.0, 4.3, 0.0, 99.0, 1996-09-20 00:00:00, 3.3
1.0, 3.3, 270.0, 91.0, 1996-09-21 00:00:00, 4.1
5.0, 1.8, 50.0, 89.0, 1996-09-22 00:00:00, 11.9
3.0, 7.6, 50.0, 58.0, 1996-09-23 00:00:00, 0.0
3.0, 9.7, 50.0, 46.0, 1996-09-24 00:00:00, 0.0
7.0, 8.1, 50.0, 57.0, 1996-09-25 00:00:00, 0.0
0.0, 12.7, 0.0, 90.0, 1996-09-26 00:00:00, 1.0
6.0, 17.9, 230.0, 54.0, 1996-09-27 00:00:00, 0.0
1.0, 13.0, 320.0, 77.0, 1996-09-28 00:00:00, 3.8
6.0, 10.4, 50.0, 35.0, 1996-09-29 00:00:00, 0.0
6.0, 8.5, 50.0, 42.0, 1996-09-30 00:00:00, 0.0
2.0, 4.5, 50.0, 69.0, 1996-10-01 00:00:00, 0.0
14.0, 9.5, 180.0, 30.0, 1996-10-02 00:00:00, 0.0
15.0, 11.3, 180.0, 66.0, 1996-10-03 00:00:00, 2.3
3.0, 6.1, 0.0, 99.0, 1996-10-04 00:00:00, 16.5
1.0, 6.5, 0.0, 77.0, 1996-10-05 00:00:00, 0.0
4.0, 1.4, 0.0, 99.0, 1996-10-06 00:00:00, 2.8
10.0, 12.9, 180.0, 63.0, 1996-10-07 00:00:00, 0.0
