station_observations
wind_speed, temperature, wind_direction, relative_humidity, time, precipitation
19.0, 9.8, 0.0, 52.0, 1989-05-16 00:00:00, 0.0
8.0, 1.2, 50.0, 94.0, 1989-05-17 00:00:00, 3.8
15.0, 0.7, 50.0, 94.0, 1989-05-18 00:00:00, 2.3
14.0, 3.7, 0.0, 64.0, 1989-05-19 00:00:00, 0.8
12.0, 6.6, 50.0, 53.0, 1989-05-20 00:00:00, 0.3
9.0, 7.7, 50.0, 44.0, 1989-05-21 00:00:00, 0.0
7.0, 7.4, 50.0, 57.0, 1989-05-22 00:00:00, 0.0
12.0, 3.2, 50.0, 92.0, 1989-05-23 00:00:00, 0.5
17.0, 2.5, 50.0, 95.0, 1989-05-24 00:00:00, 4.8
12.0, 4.2, 50.0, 91.0, 1989-05-25 00:00:00, 0.0
18.0, 5.6, 50.0, 77.0, 1989-05-26 00:00:00, 0.8
7.0, 6.1, 270.0, 86.0, 1989-05-27 00:00:00, 6.6
7.0, 10.6, 230.0, 46.0, 1989-05-28 00:00:00, 7.1
13.0, 15.5, 50.0, 32.0, 1989-05-29 00:00:00, 0.0
17.0, 15.2, 50.0, 58.0, 1989-05-30 00:00:00, 0.0
17.0, 15.3, 50.0, 67.0, 1989-05-31 00:00:00, 0.0
12.0, 19.2, 50.0, 47.0, 1989-06-01 00:00:00, 0.0
6.0, 19.9, 50.0, 28.0, 1989-06-02 00:00:00, 0.0
6.0, 20.1, 180.0, 12.0, 1989-06-03 00:00:00, 0.0
12.0, 22.6, 50.0, 15.0, 1989-06-04 00:00:00, 0.0
16.0, 21.6, 50.0, 22.0, 1989-06-05 00:00:00, 0.0
13.0, 17.6, 50.0, 34.0, 1989-06-06 00:00:00, 0.0
16.0, 17.4, 50.0, 46.0, 1989-06-07 00:00:00, 0.0
5.0, 10.5, 50.0, 87.0, 1989-06-08 00:00:00, 1.0
4.0, 12.2, 180.0, 62.0, 1989-06-09 00:00:00, 2.0
8.0, 13.8, 50.0, 69.0, 1989-06-10 00:00:00, 1.3
14.0, 20.2, 50.0, 35.0, 1989-06-11 00:00:00, 0.0
12.0, 20.1, 50.0, 34.0, 1989-06-12 00:00:00, 0.0
8.0, 11.3, 50.0, 89.0, 1989-06-13 00:00:00, 1.5
1.0, 9.1, 140.0, 89.0, 1989-06-14 00:00:00, 10.9
6.0, 6.2, 0.0, 90.0, 1989-06-15 00:00:00, 9.1
8.0, 8.4, 50.0, 63.0, 1989-06-16 00:00:00, 0.3
18.0, 8.2, 50.0, 66.0, 1989-06-17 00:00:00, 0.0
18.0, 7.6, 50.0, 66.0, 1989-06-18 00:00:00, 0.5
12.0, 4.0, 0.0, 92.0, 1989-06-19 00:00:00, 2.5
11.0, 8.3, 50.0, 70.0, 1989-06-20 00:00:00, 1.5
14.0, 10.3, 50.0, 68.0, 1989-06-21 00:00:00, 0.0
13.0, 14.9, 180.0, 47.0, 1989-06-22 00:00:00, 2.3
9.0, 22.1, 230.0, 23.0, 1989-06-23 00:00:00, 0.0
13.0, 22.5, 0.0, 21.0, 1989-06-24 00:00:00, 0.0
15.0, 23.6, 50.0, 32.0, 1989-06-25 00:00:00, 0.0
28.0, 14.3, 50.0, 32.0, 1989-06-26 00:00:00, 0.0
14.0, 5.8, 50.0, 85.0, 1989-06-27 00:00:00, 6.9
3.0, 7.5, 50.0, 87.0, 1989-06-28 00:00:00, 1.8
6.0, 8.2, 50.0, 87.0, 1989-06-29 00:00:00, 0.8
10.0, 13.2, 50.0, 51.0, 1989-06-30 00:00:00, 1.5
12.0, 8.8, 270.0, 75.0, 1989-07-01 00:00:00, 0.3
11.0, 13.9, 320.0, 39.0, 1989-07-02 00:00:00, 0.0
2.0, 12.3, 180.0, 60.0, 1989-07-03 00:00:00, 3.0
8.0, 9.8, 50.0, 77.0, 1989-07-04 00:00:00, 0.8
15.0, 13.9, 50.0, 47.0, 1989-07-05 00:00:00, 0.0
13.0, 16.7, 50.0, 31.0, 1989-07-06 00:00:00, 0.0
12.0, 15.1, 50.0, 42.0, 1989-07-07 00:00:00, 0.0
13.0, 11.1, 50.0, 77.0, 1989-07-08 00:00:00, 2.5
4.0, 17.6, 50.0, 41.0, 1989-07-09 00:00:00, 0.0
5.0, 16.4, 50.0, 58.0, 1989-07-10 00:00:00, 8.1
10.0, 17.4, 50.0, 64.0, 1989-07-11 00:00:00, 11.7
10.0, 24.4, 50.0, 29.0, 1989-07-12 00:00:00, 0.0
11.0, 15.7, 50.0, 72.0, 1989-07-13 00:00:00, 0.5
13.0, 19.1, 50.0, 65.0, 1989-07-14 00:00:00, 0.0
10.0, 17.1, 0.0, 49.0, 1989-07-15 00:00:00, 0.0
9.0, 11.9, 50.0, 80.0, 1989-07-16 00:00:00, 1.0
14.0, 12.5, 50.0, 74.0, 1989-07-17 00:00:00, 0.5
14.0, 15.8, 50.0, 63.0, 1989-07-18 00:00:00, 0.0
5.0, 17.3, 0.0, 47.0, 1989-07-19 00:00:00, 0.0
12.0, 14.1, 50.0, 62.0, 1989-07-20 00:00:00, 0.0
11.0, 9.2, 50.0, 85.0, 1989-07-21 00:00:00, 3.0
13.0, 15.1, 0.0, 45.0, 1989-07-22 00:00:00, 0.3
12.0, 15.5, 50.0, 48.0, 1989-07-23 00:00:00, 0.0
12.0, 17.5, 50.0, 37.0, 1989-07-24 00:00:00, 0.0
12.0, 21.5, 50.0, 29.0, 1989-07-25 00:00:00, 0.0
10.0, 25.5, 50.0, 16.0, 1989-07-26 00:00:00, 0.0
20.0, 16.6, 50.0, 66.0, 1989-07-27 00:00:00, 0.8
18.0, 16.2, 0.0, 55.0, 1989-07-28 00:00:00, 0.0
19.0, 19.2, 50.0, 35.0, 1989-07-29 00:00:00, 0.0
21.0, 18.7, 50.0, 57.0, 1989-07-30 00:00:00, 0.0
9.0, 22.3, 50.0, 52.0, 1989-07-31 00:00:00, 0.0
12.0, 13.4, 50.0, 83.0, 1989-08-01 00:00:00, 4.6
10.0, 8.4, 50.0, 91.0, 1989-08-02 00:00:00, 20.3
11.0, 12.4, 50.0, 85.0, 1989-08-03 00:00:00, 0.8
16.0, 17.4, 50.0, 73.0, 1989-08-04 00:00:00, 0.0
15.0, 20.6, 50.0, 47.0, 1989-08-05 00:00:00, 0.0
12.0, 23.4, 0.0, 33.0, 1989-08-06 00:00:00, 0.0
14.0, 22.9, 50.0, 39.0, 1989-08-07 00:00:00, 0.0
13.0, 23.5, 50.0, 24.0, 1989-08-08 00:00:00, 0.0
14.0, 15.7, 50.0, 67.0, 1989-08-09 00:00:00, 0.0
11.0, 15.1, 50.0, 50.0, 1989-08-10 00:00:00, 1.8
14.0, 14.7, 50.0, 43.0, 1989-08-11 00:00:00, 0.0
17.0, 21.4, 50.0, 24.0, 1989-08-12 00:00:00, 0.0
6.0, 14.9, 50.0, 49.0, 1989-08-13 00:00:00, 0.0
9.0, 10.4, 0.0, 89.0, 1989-08-14 00:00:00, 5.6
13.0, 9.4, 0.0, 87.0, 1989-08-15 00:00:00, 3.8
10.0, 14.3, 50.0, 81.0, 1989-08-16 00:00:00, 12.7
5.0, 14.2, 50.0, 82.0, 1989-08-17 00:00:00, 0.3
11.0, 19.6, 50.0, 55.0, 1989-08-18 00:00:00, 0.0
13.0, 19.2, 50.0, 63.0, 1989-08-19 00:00:00, 0.3
5.0, 11.4, 50.0, 88.0, 1989-08-20 00:00:00, 5.3
7.0, 9.1, 50.0, 88.0, 1989-08-21 00:00:00, 15.2
8.0, 9.8, 50.0, 84.0, 1989-08-22 00:00:00, 7.6
9.0, 13.4, 50.0, 64.0, 1989-08-23 00:00:00, 9.0
8.0, 14.8, 0.0, 64.0, 1989-08-24 00:00:00, 0.0
11.0, 17.1, 50.0, 57.0, 1989-08-25 00:00:00, 0.5
1.0, 18.5, 180.0, 37.0, 1989-08-26 00:00:00, 0.5
3.0, 18.1, 180.0, 28.0, 1989-08-27 00:00:00, 0.3
16.0, 14.7, 50.0, 68.0, 1989-08-28 00:00:00, 0.0
0.0, 17.8, 0.0, 44.0, 1989-08-29 00:00:00, 1.0
11.0, 17.4, 50.0, 48.0, 1989-08-30 00:00:00, 0.0
11.0, 10.2, 50.0, 87.0, 1989-08-31 00:00:00, 2.5
11.0, 13.1, 50.0, 75.0, 1989-09-01 00:00:00, 0.0
17.0, 12.7, 50.0, 74.0, 1989-09-02 00:00:00, 0.3
16.0, 12.6, 50.0, 72.0, 1989-09-03 00:00:00, 0.0
8.0, 10.2, 50.0, 89.0, 1989-09-04 00:00:00, 2.8
2.0, 12.8, 270.0, 52.0, 1989-09-05 00:00:00, 3.3
3.0, 17.5, 0.0, 42.0, 1989-09-06 00:00:00, 0.0
10.0, 19.4, 180.0, 38.0, 1989-09-07 00:00:00, 0.0
16.0, 16.3, 180.0, 28.0, 1989-09-08 00:00:00, 0.0
5.0, 16.6, 180.0, 22.0, 1989-09-09 00:00:00, 0.0
1.0, 18.3, 230.0, 22.0, 1989-09-10 00:00:00, 0.0
13.0, 19.0, 0.0, 25.0, 1989-09-11 00:00:00, 0.0
9.0, 21.8, 50.0, 21.0, 1989-09-12 00:00:00, 0.0
10.0, 20.7, 50.0, 34.0, 1989-09-13 00:00:00, 0.0
11.0, 19.4, 50.0, 34.0, 1989-09-14 00:00:00, 0.0
17.0, 15.5, 50.0, 49.0, 1989-09-15 00:00:00, 0.0
11.0, 7.6, 50.0, 90.0, 1989-09-16 00:00:00, 11.2
3.0, 5.9, 140.0, 87.0, 1989-09-17 00:00:00, 7.6
16.0, 10.7, 50.0, 49.0, 1989-09-18 00:00:00, 0.0
17.0, 11.0, 50.0, 61.0, 1989-09-19 00:00:00, 0.0
9.0, 15.6, 50.0, 49.0, 1989-09-20 00:00:00, 0.0
1.0, 18.9, 180.0, 36.0, 1989-09-21 00:00:00, 0.0
10.0, 19.4, 0.0, 36.0, 1989-09-22 00:00:00, 0.0
8.0, 19.9, 0.0, 26.0, 1989-09-23 00:00:00, 0.0
4.0, 21.1, 0.0, 26.0, 1989-09-24 00:00:00, 0.0
0.0, 18.4, 0.0, 40.0, 1989-09-25 00:00:00, 0.0
6.0, 9.6, 0.0, 89.0, 1989-09-26 00:00:00, 0.0
13.0, 15.2, 50.0, 63.0, 1989-09-27 00:00:00, 0.3
9.0, 17.5, 50.0, 48.0, 1989-09-28 00:00:00, 0.0
9.0, 17.4, 50.0, 32.0, 1989-09-29 00:00:00, 0.0
0.0, 11.7, 0.0, 52.0, 1989-09-30 00:00:00, 0.0
8.0, 8.2, 180.0, 40.0, 1989-10-01 00:00:00, 0.0
4.0, 11.0, 180.0, 15.0, 1989-10-02 00:00:00, 0.0
11.0, 12.8, 0.0, 22.0, 1989-10-03 00:00:00, 0.0
15.0, 6.2, 0.0, 79.0, 1989-10-04 00:00:00, 0.0
11.0, 10.9, 50.0, 74.0, 1989-10-05 00:00:00, 0.0
11.0, 10.9, 50.0, 74.0, 1989-10-06 00:00:00, 0.0
2.0, 8.2, 320.0, 84.0, 1989-10-07 00:00:00, 0.0
13.0, 11.0, 50.0, 74.0, 1989-10-08 00:00:00, 0.0
10.0, 10.9, 50.0, 71.0, 1989-10-09 00:00:00, 0.0
15.0, 6.4, 0.0, 66.0, 1989-10-10 00:00:00, 16.8
10.0, 2.8, 50.0, 91.0, 1989-10-11 00:00:00, 2.5
16.0, 4.4, 0.0, 89.0, 1989-10-12 00:00:00, 6.1
4.0, 2.5, 50.0, 89.0, 1989-10-13 00:00:00, 1.0
15.0, 18.2, 180.0, 46.0, 1991-07-08 00:00:00, 0.0
24.0, 16.4, 180.0, 62.0, 1991-07-09 00:00:00, 0.0
16.0, 16.6, 180.0, 48.0, 1991-07-10 00:00:00, 0.0
11.0, 17.2, 180.0, 74.0, 1991-07-11 00:00:00, 5.1
2.0, 12.5, 230.0, 89.0, 1991-07-12 00:00:00, 10.7
10.0, 12.9, 180.0, 67.0, 1991-07-13 00:00:00, 3.8
8.0, 10.2, 180.0, 88.0, 1991-07-14 00:00:00, 4.1
3.0, 13.0, 140.0, 77.0, 1991-07-15 00:00:00, 1.5
12.0, 11.6, 180.0, 79.0, 1991-07-16 00:00:00, 2.5
14.0, 11.7, 180.0, 75.0, 1991-07-17 00:00:00, 5.3
13.0, 12.5, 180.0, 67.0, 1991-07-18 00:00:00, 0.0
16.0, 14.9, 180.0, 51.0, 1991-07-19 00:00:00, 0.0
5.0, 9.9, 230.0, 81.0, 1991-07-20 00:00:00, 0.0
14.0, 12.7, 180.0, 90.0, 1991-07-21 00:00:00, 5.3
8.0, 21.6, 50.0, 43.0, 1991-07-22 00:00:00, 0.0
10.0, 26.0, 180.0, 34.0, 1991-07-23 00:00:00, 0.0
14.0, 25.2, 180.0, 34.0, 1991-07-24 00:00:00, 0.0
13.0, 12.2, 230.0, 94.0, 1991-07-25 00:00:00, 10.7
12.0, 13.0, 180.0, 81.0, 1991-07-26 00:00:00, 0.3
14.0, 12.7, 230.0, 82.0, 1991-07-27 00:00:00, 2.5
14.0, 13.7, 230.0, 71.0, 1991-07-28 00:00:00, 0.0
17.0, 16.2, 230.0, 50.0, 1991-07-29 00:00:00, 0.0
16.0, 18.0, 230.0, 46.0, 1991-07-30 00:00:00, 0.0
8.0, 19.6, 230.0, 41.0, 1991-07-31 00:00:00, 0.0
14.0, 20.9, 230.0, 40.0, 1991-08-01 00:00:00, 0.0
9.0, 20.7, 230.0, 46.0, 1991-08-02 00:00:00, 0.0
8.0, 21.5, 230.0, 34.0, 1991-08-03 00:00:00, 0.0
15.0, 21.3, 230.0, 37.0, 1991-08-04 00:00:00, 0.0
11.0, 17.6, 230.0, 65.0, 1991-08-05 00:00:00, 0.0
0.0, 14.7, 0.0, 86.0, 1991-08-06 00:00:00, 0.5
6.0, 16.5, 230.0, 80.0, 1991-08-07 00:00:00, 4.6
10.0, 15.5, 50.0, 80.0, 1991-08-08 00:00:00, 6.6
7.0, 9.9, 50.0, 97.0, 1991-08-09 00:00:00, 0.8
1.0, 10.1, 270.0, 97.0, 1991-08-10 00:00:00, 14.5
0.0, 11.9, 0.0, 88.0, 1991-08-11 00:00:00, 20.1
5.0, 13.6, 0.0, 91.0, 1991-08-12 00:00:00, 19.6
12.0, 16.5, 230.0, 72.0, 1991-08-13 00:00:00, 0.3
10.0, 20.0, 0.0, 61.0, 1991-08-14 00:00:00, 0.0
10.0, 23.7, 180.0, 49.0, 1991-08-15 00:00:00, 0.0
4.0, 23.9, 230.0, 71.0, 1991-08-16 00:00:00, 0.8
4.0, 22.7, 270.0, 55.0, 1991-08-17 00:00:00, 1.3
15.0, 23.1, 230.0, 53.0, 1991-08-18 00:00:00, 0.3
15.0, 21.5, 230.0, 55.0, 1991-08-19 00:00:00, 0.0
16.0, 20.3, 180.0, 56.0, 1991-08-20 00:00:00, 0.0
18.0, 21.1, 230.0, 47.0, 1991-08-21 00:00:00, 0.0
17.0, 19.9, 230.0, 52.0, 1991-08-22 00:00:00, 0.0
13.0, 14.7, 230.0, 62.0, 1991-08-23 00:00:00, 0.0
17.0, 9.7, 230.0, 73.0, 1991-08-24 00:00:00, 0.0
17.0, 12.7, 230.0, 60.0, 1991-08-25 00:00:00, 0.0
5.0, 6.5, 230.0, 98.0, 1991-08-26 00:00:00, 2.3
10.0, 9.5, 230.0, 97.0, 1991-08-27 00:00:00, 1.8
3.0, 5.9, 270.0, 96.0, 1991-08-28 00:00:00, 1.8
2.0, 9.9, 140.0, 95.0, 1991-08-29 00:00:00, 8.6
8.0, 8.0, 230.0, 98.0, 1991-08-30 00:00:00, 106.4
11.0, 10.3, 230.0, 97.0, 1991-08-31 00:00:00, 27.2
8.0, 9.5, 230.0, 76.0, 1991-09-01 00:00:00, 8.6
12.0, 10.1, 230.0, 76.0, 1991-09-02 00:00:00, 0.0
0.0, 17.2, 270.0, 49.0, 1991-09-03 00:00:00, 0.3
12.0, 20.5, 230.0, 43.0, 1991-09-04 00:00:00, 0.0
12.0, 20.3, 230.0, 46.0, 1991-09-05 00:00:00, 0.0
13.0, 16.4, 230.0, 69.0, 1991-09-06 00:00:00, 0.0
12.0, 12.7, 230.0, 84.0, 1991-09-07 00:00:00, 0.0
6.0, 11.1, 0.0, 61.0, 1991-09-08 00:00:00, 4.6
8.0, 15.3, 230.0, 48.0, 1991-09-09 00:00:00, 0.0
10.0, 17.8, 230.0, 45.0, 1991-09-10 00:00:00, 0.0
14.0, 16.5, 230.0, 66.0, 1991-09-11 00:00:00, 0.0
16.0, 12.1, 230.0, 79.0, 1991-09-12 00:00:00, 0.0
2.0, 9.9, 0.0, 69.0, 1991-09-13 00:00:00, 7.1
11.0, 12.0, 180.0, 60.0, 1991-09-14 00:00:00, 0.0
7.0, 16.8, 230.0, 58.0, 1991-09-15 00:00:00, 0.5
9.0, 16.2, 50.0, 69.0, 1991-09-16 00:00:00, 0.0
5.0, 19.2, 180.0, 42.0, 1991-09-17 00:00:00, 0.0
13.0, 20.4, 230.0, 43.0, 1991-09-18 00:00:00, 0.0
16.0, 16.7, 230.0, 54.0, 1991-09-19 00:00:00, 0.0
2.0, 10.2, 0.0, 54.0, 1991-09-20 00:00:00, 0.0
6.0, 10.3, 140.0, 42.0, 1991-09-21 00:00:00, 0.0
0.0, 7.7, 50.0, 65.0, 1991-09-22 00:00:00, 0.0
4.0, 15.4, 230.0, 62.0, 1991-09-23 00:00:00, 0.0
6.0, 20.7, 50.0, 45.0, 1991-09-24 00:00:00, 0.0
0.0, 19.5, 230.0, 41.0, 1991-09-25 00:00:00, 0.0
12.0, 21.3, 230.0, 42.0, 1991-09-26 00:00:00, 0.0
19.0, 19.1, 230.0, 53.0, 1991-09-27 00:00:00, 0.0
2.0, 14.3, 230.0, 79.0, 1991-09-28 00:00:00, 0.0
1.0, 15.3, 90.0, 62.0, 1991-09-29 00:00:00, 0.0
16.0, 15.1, 230.0, 69.0, 1991-09-30 00:00:00, 0.0
13.0, 11.6, 230.0, 79.0, 1991-10-01 00:00:00, 0.0
17.0, 11.2, 180.0, 69.0, 1991-10-02 00:00:00, 0.0
4.0, 11.0, 90.0, 29.0, 1991-10-03 00:00:00, 0.0
14.0, 24.6, 180.0, 35.0, 1992-06-25 00:00:00, 0.0
14.0, 22.2, 180.0, 59.0, 1992-06-26 00:00:00, 0.0
14.0, 21.9, 180.0, 59.0, 1992-06-27 00:00:00, 0.0
30.0, 19.7, 180.0, 68.0, 1992-06-28 00:00:00, 0.0
0.0, 12.2, 180.0, 98.0, 1992-06-29 00:00:00, 17.0
0.0, 9.9, 90.0, 93.0, 1992-06-30 00:00:00, 6.3
0.0, 14.8, 180.0, 79.0, 1992-07-01 00:00:00, 0.7
0.0, 8.3, 0.0, 98.0, 1992-07-02 00:00:00, 27.6
8.0, 12.9, 320.0, 74.0, 1992-07-03 00:00:00, 4.0
9.0, 17.2, 180.0, 55.0, 1992-07-04 00:00:00, 1.0
0.0, 7.7, 140.0, 98.0, 1992-07-05 00:00:00, 11.4
0.0, 10.4, 180.0, 94.0, 1992-07-06 00:00:00, 5.5
0.0, 10.7, 320.0, 95.0, 1992-07-07 00:00:00, 1.2
0.0, 12.3, 140.0, 79.0, 1992-07-08 00:00:00, 2.7
12.0, 15.4, 320.0, 66.0, 1992-07-09 00:00:00, 1.5
0.0, 13.9, 180.0, 79.0, 1992-07-10 00:00:00, 1.0
0.0, 16.2, 50.0, 75.0, 1992-07-11 00:00:00, 2.2
0.0, 12.7, 180.0, 89.0, 1992-07-12 00:00:00, 0.0
0.0, 12.9, 140.0, 82.0, 1992-07-13 00:00:00, 0.0
0.0, 11.6, 180.0, 70.0, 1992-07-14 00:00:00, 8.6
12.0, 17.6, 180.0, 47.0, 1992-07-15 00:00:00, 0.0
9.0, 21.4, 180.0, 44.0, 1992-07-16 00:00:00, 0.0
9.0, 22.6, 180.0, 44.0, 1992-07-17 00:00:00, 0.0
5.0, 22.3, 0.0, 44.0, 1992-07-18 00:00:00, 0.0
0.0, 21.2, 0.0, 41.0, 1992-07-19 00:00:00, 0.0
13.0, 22.4, 140.0, 47.0, 1992-07-20 00:00:00, 0.0
0.0, 13.6, 180.0, 98.0, 1992-07-21 00:00:00, 2.2
0.0, 11.6, 140.0, 97.0, 1992-07-22 00:00:00, 7.3
2.0, 17.7, 0.0, 69.0, 1992-07-23 00:00:00, 0.0
16.0, 16.4, 180.0, 76.0, 1992-07-24 00:00:00, 0.0
0.0, 17.8, 140.0, 57.0, 1992-07-25 00:00:00, 0.0
0.0, 17.0, 0.0, 48.0, 1992-07-26 00:00:00, 0.0
12.0, 18.3, 180.0, 50.0, 1992-07-27 00:00:00, 0.0
10.0, 18.9, 180.0, 52.0, 1992-07-28 00:00:00, 0.0
8.0, 22.1, 140.0, 43.0, 1992-07-29 00:00:00, 0.0
3.0, 23.4, 180.0, 44.0, 1992-07-30 00:00:00, 0.0
12.0, 23.2, 140.0, 49.0, 1992-07-31 00:00:00, 0.0
14.0, 22.3, 140.0, 47.0, 1992-08-01 00:00:00, 0.0
20.0, 15.5, 180.0, 82.0, 1992-08-02 00:00:00, 0.0
8.0, 21.6, 320.0, 51.0, 1992-08-03 00:00:00, 0.0
3.0, 16.9, 320.0, 85.0, 1992-08-04 00:00:00, 5.5
0.0, 13.7, 180.0, 86.0, 1992-08-05 00:00:00, 0.7
0.0, 10.9, 180.0, 95.0, 1992-08-06 00:00:00, 1.5
0.0, 10.2, 140.0, 67.0, 1992-08-07 00:00:00, 0.7
5.0, 5.4, 140.0, 88.0, 1992-08-08 00:00:00, 0.0
0.0, 7.3, 180.0, 87.0, 1992-08-09 00:00:00, 0.0
0.0, 11.6, 320.0, 63.0, 1992-08-10 00:00:00, 0.0
10.0, 15.8, 320.0, 41.0, 1992-08-11 00:00:00, 0.0
0.0, 17.3, 320.0, 36.0, 1992-08-12 00:00:00, 0.0
0.0, 16.6, 320.0, 35.0, 1992-08-13 00:00:00, 0.0
0.0, 16.7, 320.0, 34.0, 1992-08-14 00:00:00, 0.0
8.0, 20.3, 320.0, 30.0, 1992-08-15 00:00:00, 0.0
7.0, 20.7, 320.0, 31.0, 1992-08-16 00:00:00, 0.0
4.0, 20.8, 320.0, 30.0, 1992-08-17 00:00:00, 0.0
0.0, 19.9, 230.0, 33.0, 1992-08-18 00:00:00, 0.0
0.0, 16.2, 230.0, 41.0, 1992-08-19 00:00:00, 0.0
2.0, 12.4, 230.0, 57.0, 1992-08-20 00:00:00, 0.0
4.0, 9.7, 180.0, 63.0, 1992-08-21 00:00:00, 0.0
13.0, 10.0, 320.0, 27.0, 1992-08-22 00:00:00, 0.0
12.0, 12.3, 0.0, 19.0, 1992-08-23 00:00:00, 0.0
6.0, 15.1, 180.0, 32.0, 1992-08-24 00:00:00, 0.0
17.0, 19.4, 180.0, 36.0, 1992-08-25 00:00:00, 0.0
0.0, 15.5, 180.0, 67.0, 1992-08-26 00:00:00, 0.0
15.0, 17.7, 180.0, 38.0, 1992-08-27 00:00:00, 0.0
0.0, 11.5, 320.0, 48.0, 1992-08-28 00:00:00, 0.0
9.0, 15.1, 140.0, 34.0, 1992-08-29 00:00:00, 0.0
0.0, 12.5, 180.0, 67.0, 1992-08-30 00:00:00, 0.0
0.0, 16.2, 0.0, 63.0, 1992-08-31 00:00:00, 0.5
0.0, 14.9, 180.0, 64.0, 1992-09-01 00:00:00, 0.0
0.0, 15.3, 140.0, 49.0, 1992-09-02 00:00:00, 0.0
0.0, 11.6, 140.0, 90.0, 1992-09-03 00:00:00, 0.0
3.0, 16.9, 320.0, 85.0, 1992-09-04 00:00:00, 5.5
0.0, 4.9, 140.0, 90.0, 1992-09-05 00:00:00, 7.6
3.0, 4.9, 270.0, 90.0, 1992-09-06 00:00:00, 3.0
0.0, 6.5, 180.0, 68.0, 1992-09-07 00:00:00, 0.0
12.0, 9.5, 140.0, 73.0, 1992-09-08 00:00:00, 6.6
0.0, 12.5, 180.0, 64.0, 1992-09-09 00:00:00, 0.0
0.0, 15.9, 180.0, 43.0, 1992-09-10 00:00:00, 0.0
11.0, 15.1, 180.0, 57.0, 1992-09-11 00:00:00, 0.0
10.0, 6.5, 140.0, 88.0, 1992-09-12 00:00:00, 7.6
7.0, 1.8, 140.0, 96.0, 1992-09-13 00:00:00, 5.8
2.0, 1.4, 180.0, 86.0, 1992-09-14 00:00:00, 0.7
5.0, 3.4, 320.0, 48.0, 1992-09-15 00:00:00, 0.0
12.0, 6.9, 140.0, 42.0, 1992-09-16 00:00:00, 0.0
2.0, 8.8, 270.0, 50.0, 1992-09-17 00:00:00, 0.0
12.0, 11.4, 180.0, 48.0, 1992-09-18 00:00:00, 0.0
0.0, 9.2, 180.0, 80.0, 1992-09-19 00:00:00, 0.0
0.0, 11.0, 180.0, 88.0, 1992-09-20 00:00:00, 0.5
0.0, 11.4, 180.0, 82.0, 1992-09-21 00:00:00, 0.0
4.0, 16.0, 0.0, 62.0, 1992-09-22 00:00:00, 0.0
0.0, 11.0, 180.0, 75.0, 1992-09-23 00:00:00, 0.0
0.0, 7.3, 140.0, 94.0, 1992-09-24 00:00:00, 9.1
6.0, 4.4, 320.0, 95.0, 1992-09-25 00:00:00, 14.7
