station_observations
wind_speed, temperature, wind_direction, relative_humidity, time, precipitation
7.0, 2.7, 0.0, 90.0, 1989-05-17 00:00:00, 2.5
12.0, 3.3, 230.0, 86.0, 1989-05-18 00:00:00, 4.3
9.0, 8.0, 230.0, 45.0, 1989-05-19 00:00:00, 0.0
9.0, 9.5, 180.0, 35.0, 1989-05-20 00:00:00, 0.0
6.0, 10.8, 230.0, 34.0, 1989-05-21 00:00:00, 0.0
9.0, 9.6, 230.0, 41.0, 1989-05-22 00:00:00, 0.0
7.0, 7.2, 230.0, 62.0, 1989-05-23 00:00:00, 0.0
13.0, 7.3, 180.0, 79.0, 1989-05-24 00:00:00, 3.0
13.0, 8.0, 270.0, 64.0, 1989-05-25 00:00:00, 0.0
14.0, 5.0, 270.0, 93.0, 1989-05-26 00:00:00, 5.8
18.0, 10.0, 90.0, 73.0, 1989-05-27 00:00:00, 6.6
13.0, 17.0, 50.0, 16.0, 1989-05-28 00:00:00, 0.0
5.0, 18.8, 230.0, 16.0, 1989-05-29 00:00:00, 0.0
10.0, 20.9, 180.0, 35.0, 1989-05-30 00:00:00, 0.0
6.0, 20.3, 50.0, 37.0, 1989-05-31 00:00:00, 0.2
4.0, 20.1, 180.0, 39.0, 1989-06-01 00:00:00, 0.0
7.0, 21.8, 180.0, 19.0, 1989-06-02 00:00:00, 0.0
13.0, 22.7, 90.0, 12.0, 1989-06-03 00:00:00, 0.0
7.0, 25.4, 270.0, 26.0, 1989-06-04 00:00:00, 0.0
11.0, 24.4, 230.0, 14.0, 1989-06-05 00:00:00, 0.0
6.0, 20.0, 0.0, 24.0, 1989-06-06 00:00:00, 0.0
8.0, 25.0, 320.0, 30.0, 1989-06-07 00:00:00, 0.0
6.0, 24.8, 230.0, 8.0, 1989-06-08 00:00:00, 0.5
11.0, 24.4, 230.0, 61.0, 1989-06-09 00:00:00, 0.7
0.0, 22.9, 0.0, 43.0, 1989-06-10 00:00:00, 0.0
0.0, 22.8, 0.0, 25.0, 1989-06-11 00:00:00, 0.0
7.0, 21.6, 140.0, 24.0, 1989-06-12 00:00:00, 0.0
8.0, 15.2, 230.0, 60.0, 1989-06-13 00:00:00, 1.5
6.0, 12.4, 50.0, 63.0, 1989-06-14 00:00:00, 7.6
9.0, 12.1, 50.0, 50.0, 1989-06-15 00:00:00, 1.3
5.0, 11.1, 140.0, 49.0, 1989-06-16 00:00:00, 0.0
14.0, 7.1, 90.0, 70.0, 1989-06-17 00:00:00, 0.0
5.0, 8.3, 0.0, 49.0, 1989-06-18 00:00:00, 2.5
13.0, 8.8, 90.0, 58.0, 1989-06-19 00:00:00, 1.8
10.0, 11.4, 50.0, 52.0, 1989-06-20 00:00:00, 2.3
8.0, 12.6, 50.0, 49.0, 1989-06-21 00:00:00, 0.3
12.0, 16.3, 270.0, 45.0, 1989-06-22 00:00:00, 1.3
12.0, 22.3, 230.0, 22.0, 1989-06-23 00:00:00, 0.0
10.0, 24.3, 50.0, 17.0, 1989-06-24 00:00:00, 0.0
11.0, 24.1, 50.0, 26.0, 1989-06-25 00:00:00, 0.0
8.0, 10.9, 50.0, 48.0, 1989-06-26 00:00:00, 3.3
9.0, 10.4, 50.0, 45.0, 1989-06-27 00:00:00, 0.0
10.0, 8.6, 90.0, 79.0, 1989-06-28 00:00:00, 1.8
4.0, 11.8, 90.0, 66.0, 1989-06-29 00:00:00, 0.5
1.0, 9.8, 50.0, 88.0, 1989-06-30 00:00:00, 7.4
7.0, 10.6, 50.0, 70.0, 1989-07-01 00:00:00, 4.3
11.0, 14.0, 50.0, 46.0, 1989-07-02 00:00:00, 0.5
9.0, 13.5, 0.0, 60.0, 1989-07-03 00:00:00, 2.5
12.0, 11.4, 50.0, 57.0, 1989-07-04 00:00:00, 1.8
8.0, 14.8, 50.0, 41.0, 1989-07-05 00:00:00, 1.0
6.0, 17.6, 320.0, 25.0, 1989-07-06 00:00:00, 0.0
7.0, 16.9, 230.0, 31.0, 1989-07-07 00:00:00, 0.0
7.0, 15.1, 230.0, 45.0, 1989-07-08 00:00:00, 0.5
7.0, 17.4, 270.0, 41.0, 1989-07-09 00:00:00, 0.0
10.0, 17.1, 230.0, 49.0, 1989-07-10 00:00:00, 0.0
5.0, 16.7, 230.0, 66.0, 1989-07-11 00:00:00, 2.3
9.0, 22.4, 90.0, 27.0, 1989-07-12 00:00:00, 0.5
7.0, 20.1, 0.0, 43.0, 1989-07-13 00:00:00, 0.0
3.0, 22.7, 0.0, 31.0, 1989-07-14 00:00:00, 0.0
8.0, 20.4, 0.0, 37.0, 1989-07-15 00:00:00, 0.0
8.0, 12.7, 50.0, 62.0, 1989-07-16 00:00:00, 0.0
6.0, 14.6, 0.0, 62.0, 1989-07-17 00:00:00, 0.0
7.0, 17.0, 50.0, 51.0, 1989-07-18 00:00:00, 0.5
5.0, 17.6, 0.0, 43.0, 1989-07-19 00:00:00, 0.0
8.0, 18.6, 90.0, 41.0, 1989-07-20 00:00:00, 0.0
6.0, 10.4, 50.0, 85.0, 1989-07-21 00:00:00, 4.6
7.0, 18.1, 0.0, 29.0, 1989-07-22 00:00:00, 0.3
16.0, 18.4, 90.0, 33.0, 1989-07-23 00:00:00, 0.0
4.0, 20.6, 270.0, 28.0, 1989-07-24 00:00:00, 0.0
4.0, 23.9, 0.0, 22.0, 1989-07-25 00:00:00, 0.0
5.0, 27.6, 320.0, 11.0, 1989-07-26 00:00:00, 0.0
8.0, 20.7, 0.0, 40.0, 1989-07-27 00:00:00, 0.0
10.0, 20.5, 50.0, 31.0, 1989-07-28 00:00:00, 0.0
11.0, 23.8, 50.0, 22.0, 1989-07-29 00:00:00, 0.0
8.0, 25.3, 270.0, 25.0, 1989-07-30 00:00:00, 0.0
11.0, 24.4, 90.0, 39.0, 1989-07-31 00:00:00, 3.8
10.0, 16.7, 50.0, 53.0, 1989-08-01 00:00:00, 4.1
6.0, 11.5, 0.0, 93.0, 1989-08-02 00:00:00, 11.9
8.0, 15.4, 50.0, 64.0, 1989-08-03 00:00:00, 0.0
10.0, 22.2, 50.0, 44.0, 1989-08-04 00:00:00, 0.0
6.0, 22.7, 0.0, 36.0, 1989-08-05 00:00:00, 0.0
6.0, 25.2, 320.0, 14.0, 1989-08-06 00:00:00, 0.0
7.0, 25.7, 0.0, 9.0, 1989-08-07 00:00:00, 0.0
8.0, 25.5, 0.0, 8.0, 1989-08-08 00:00:00, 0.0
8.0, 20.0, 0.0, 38.0, 1989-08-09 00:00:00, 0.0
9.0, 15.9, 0.0, 39.0, 1989-08-10 00:00:00, 0.0
6.0, 15.7, 0.0, 37.0, 1989-08-11 00:00:00, 0.0
10.0, 23.5, 50.0, 20.0, 1989-08-12 00:00:00, 0.0
5.0, 16.5, 50.0, 41.0, 1989-08-13 00:00:00, 0.0
7.0, 10.2, 90.0, 85.0, 1989-08-14 00:00:00, 6.3
8.0, 14.5, 0.0, 65.0, 1989-08-15 00:00:00, 0.5
14.0, 16.6, 230.0, 50.0, 1989-08-16 00:00:00, 7.4
3.0, 18.4, 320.0, 59.0, 1989-08-17 00:00:00, 0.0
7.0, 23.2, 50.0, 41.0, 1989-08-18 00:00:00, 0.3
9.0, 21.1, 50.0, 50.0, 1989-08-19 00:00:00, 0.0
13.0, 13.1, 90.0, 90.0, 1989-08-20 00:00:00, 4.8
10.0, 11.5, 90.0, 86.0, 1989-08-21 00:00:00, 4.6
8.0, 11.2, 90.0, 81.0, 1989-08-22 00:00:00, 5.6
2.0, 14.2, 230.0, 55.0, 1989-08-23 00:00:00, 1.5
10.0, 17.8, 270.0, 44.0, 1989-08-24 00:00:00, 9.7
2.0, 15.7, 320.0, 60.0, 1989-08-25 00:00:00, 1.3
14.0, 18.5, 230.0, 40.0, 1989-08-26 00:00:00, 0.3
4.0, 17.9, 320.0, 35.0, 1989-08-27 00:00:00, 0.0
4.0, 17.5, 270.0, 49.0, 1989-08-28 00:00:00, 0.3
4.0, 16.6, 320.0, 52.0, 1989-08-29 00:00:00, 0.0
6.0, 20.7, 0.0, 33.0, 1989-08-30 00:00:00, 0.0
6.0, 11.6, 50.0, 89.0, 1989-08-31 00:00:00, 4.6
3.0, 14.5, 230.0, 53.0, 1989-09-01 00:00:00, 0.3
5.0, 14.4, 0.0, 68.0, 1989-09-02 00:00:00, 3.8
7.0, 15.7, 0.0, 57.0, 1989-09-03 00:00:00, 0.0
1.0, 12.9, 0.0, 78.0, 1989-09-04 00:00:00, 2.0
2.0, 13.1, 0.0, 43.0, 1989-09-05 00:00:00, 1.0
5.0, 18.0, 0.0, 38.0, 1989-09-06 00:00:00, 0.0
9.0, 19.6, 270.0, 43.0, 1989-09-07 00:00:00, 0.0
16.0, 17.6, 230.0, 20.0, 1989-09-08 00:00:00, 0.0
18.0, 17.0, 50.0, 19.0, 1989-09-09 00:00:00, 0.0
10.0, 18.6, 50.0, 17.0, 1989-09-10 00:00:00, 0.0
5.0, 20.6, 50.0, 22.0, 1989-09-11 00:00:00, 0.0
2.0, 22.7, 270.0, 23.0, 1989-09-12 00:00:00, 0.0
5.0, 21.9, 230.0, 24.0, 1989-09-13 00:00:00, 0.0
8.0, 22.6, 50.0, 12.0, 1989-09-14 00:00:00, 0.0
7.0, 16.5, 90.0, 36.0, 1989-09-15 00:00:00, 0.0
3.0, 5.4, 230.0, 96.0, 1989-09-16 00:00:00, 8.6
11.0, 13.1, 90.0, 40.0, 1989-09-17 00:00:00, 0.2
7.0, 23.2, 50.0, 41.0, 1989-09-18 00:00:00, 0.2
10.0, 12.8, 180.0, 53.0, 1989-09-19 00:00:00, 0.0
3.0, 16.0, 90.0, 60.0, 1989-09-20 00:00:00, 0.0
5.0, 18.0, 50.0, 42.0, 1989-09-21 00:00:00, 0.0
3.0, 13.0, 50.0, 62.0, 1989-09-22 00:00:00, 0.0
