station_observations
wind_speed, temperature, wind_direction, relative_humidity, time, precipitation
10.0, 14.2, 180.0, 41.0, 1989-05-15 00:00:00, 0.0
16.0, 12.3, 320.0, 24.0, 1989-05-16 00:00:00, 1.0
4.0, 2.9, 230.0, 87.0, 1989-05-17 00:00:00, 3.0
9.0, 2.0, 270.0, 84.0, 1989-05-18 00:00:00, 4.5
17.0, 6.6, 320.0, 58.0, 1989-05-19 00:00:00, 0.5
12.0, 9.1, 320.0, 30.0, 1989-05-20 00:00:00, 0.0
14.0, 9.6, 320.0, 24.0, 1989-05-21 00:00:00, 0.0
17.0, 8.6, 230.0, 38.0, 1989-05-22 00:00:00, 0.0
4.0, 7.1, 320.0, 60.0, 1989-05-23 00:00:00, 2.5
7.0, 9.8, 140.0, 53.0, 1989-05-24 00:00:00, 4.0
18.0, 7.1, 270.0, 56.0, 1989-05-25 00:00:00, 1.5
11.0, 5.0, 270.0, 74.0, 1989-05-26 00:00:00, 0.5
12.0, 7.9, 140.0, 76.0, 1989-05-27 00:00:00, 6.0
14.0, 12.6, 140.0, 19.0, 1989-05-28 00:00:00, 1.0
8.0, 18.3, 140.0, 8.0, 1989-05-29 00:00:00, 0.0
8.0, 21.0, 140.0, 23.0, 1989-05-30 00:00:00, 0.2
11.0, 18.7, 140.0, 32.0, 1989-05-31 00:00:00, 0.0
5.0, 21.7, 230.0, 26.0, 1989-06-01 00:00:00, 0.0
3.0, 20.7, 140.0, 14.0, 1989-06-02 00:00:00, 0.0
7.0, 21.0, 140.0, 7.0, 1989-06-03 00:00:00, 0.0
3.0, 24.7, 140.0, 4.0, 1989-06-04 00:00:00, 0.0
17.0, 23.6, 320.0, 8.0, 1989-06-05 00:00:00, 0.0
18.0, 19.5, 320.0, 11.0, 1989-06-06 00:00:00, 0.0
11.0, 21.1, 320.0, 15.0, 1989-06-07 00:00:00, 0.0
9.0, 11.3, 320.0, 57.0, 1989-06-08 00:00:00, 0.3
9.0, 13.7, 140.0, 42.0, 1989-06-09 00:00:00, 0.0
6.0, 18.7, 230.0, 34.0, 1989-06-10 00:00:00, 0.0
16.0, 21.8, 230.0, 19.0, 1989-06-11 00:00:00, 0.0
13.0, 20.9, 270.0, 20.0, 1989-06-12 00:00:00, 0.0
13.0, 11.7, 320.0, 75.0, 1989-06-13 00:00:00, 1.0
13.0, 11.8, 320.0, 56.0, 1989-06-14 00:00:00, 3.3
11.0, 11.1, 320.0, 44.0, 1989-06-15 00:00:00, 1.3
9.0, 10.1, 320.0, 43.0, 1989-06-16 00:00:00, 0.0
17.0, 6.5, 270.0, 73.0, 1989-06-17 00:00:00, 0.0
16.0, 6.9, 270.0, 52.0, 1989-06-18 00:00:00, 1.0
14.0, 9.2, 320.0, 36.0, 1989-06-19 00:00:00, 0.5
15.0, 10.0, 270.0, 45.0, 1989-06-20 00:00:00, 0.5
12.0, 12.5, 270.0, 39.0, 1989-06-21 00:00:00, 0.3
13.0, 14.7, 140.0, 44.0, 1989-06-22 00:00:00, 1.0
6.0, 21.8, 140.0, 21.0, 1989-06-23 00:00:00, 0.0
6.0, 23.8, 230.0, 17.0, 1989-06-24 00:00:00, 0.0
20.0, 22.9, 320.0, 23.0, 1989-06-25 00:00:00, 0.3
16.0, 10.7, 320.0, 34.0, 1989-06-26 00:00:00, 0.8
16.0, 11.6, 320.0, 29.0, 1989-06-27 00:00:00, 0.0
9.0, 8.0, 270.0, 64.0, 1989-06-28 00:00:00, 1.0
14.0, 11.1, 230.0, 59.0, 1989-06-29 00:00:00, 0.5
11.0, 8.8, 270.0, 83.0, 1989-06-30 00:00:00, 7.6
12.0, 8.8, 270.0, 75.0, 1989-07-01 00:00:00, 0.3
12.0, 13.9, 320.0, 39.0, 1989-07-02 00:00:00, 0.0
12.0, 8.0, 230.0, 79.0, 1989-07-03 00:00:00, 2.8
15.0, 11.1, 320.0, 45.0, 1989-07-04 00:00:00, 2.5
8.0, 12.7, 230.0, 40.0, 1989-07-05 00:00:00, 0.8
12.0, 16.3, 230.0, 22.0, 1989-07-06 00:00:00, 0.0
13.0, 16.0, 270.0, 17.0, 1989-07-07 00:00:00, 0.0
8.0, 13.3, 270.0, 47.0, 1989-07-08 00:00:00, 0.3
9.0, 15.0, 140.0, 47.0, 1989-07-09 00:00:00, 0.0
11.0, 15.4, 140.0, 57.0, 1989-07-10 00:00:00, 0.0
4.0, 14.5, 140.0, 78.0, 1989-07-11 00:00:00, 10.9
11.0, 23.6, 320.0, 19.0, 1989-07-12 00:00:00, 0.0
9.0, 18.7, 270.0, 44.0, 1989-07-13 00:00:00, 0.8
18.0, 22.1, 230.0, 25.0, 1989-07-14 00:00:00, 0.0
14.0, 16.8, 320.0, 37.0, 1989-07-15 00:00:00, 0.0
15.0, 11.8, 230.0, 60.0, 1989-07-16 00:00:00, 0.0
13.0, 14.1, 270.0, 52.0, 1989-07-17 00:00:00, 0.0
10.0, 15.3, 270.0, 55.0, 1989-07-18 00:00:00, 1.0
16.0, 17.2, 270.0, 37.0, 1989-07-19 00:00:00, 0.0
14.0, 16.7, 320.0, 30.0, 1989-07-20 00:00:00, 0.0
7.0, 11.2, 230.0, 63.0, 1989-07-21 00:00:00, 1.5
9.0, 17.8, 320.0, 26.0, 1989-07-22 00:00:00, 0.0
14.0, 17.5, 320.0, 28.0, 1989-07-23 00:00:00, 0.0
9.0, 18.5, 140.0, 31.0, 1989-07-24 00:00:00, 0.0
11.0, 23.5, 320.0, 15.0, 1989-07-25 00:00:00, 0.0
8.0, 26.9, 230.0, 5.0, 1989-07-26 00:00:00, 0.0
11.0, 20.5, 320.0, 34.0, 1989-07-27 00:00:00, 0.0
13.0, 20.5, 230.0, 14.0, 1989-07-28 00:00:00, 0.0
11.0, 24.0, 230.0, 14.0, 1989-07-29 00:00:00, 0.0
11.0, 22.5, 140.0, 27.0, 1989-07-30 00:00:00, 0.0
12.0, 22.9, 140.0, 36.0, 1989-07-31 00:00:00, 0.0
6.0, 15.4, 320.0, 60.0, 1989-08-01 00:00:00, 8.4
2.0, 10.7, 140.0, 86.0, 1989-08-02 00:00:00, 31.2
13.0, 15.5, 270.0, 54.0, 1989-08-03 00:00:00, 0.3
7.0, 20.3, 230.0, 48.0, 1989-08-04 00:00:00, 0.0
8.0, 20.8, 230.0, 35.0, 1989-08-05 00:00:00, 0.0
16.0, 24.2, 230.0, 15.0, 1989-08-06 00:00:00, 0.0
9.0, 25.2, 230.0, 10.0, 1989-08-07 00:00:00, 0.0
13.0, 24.4, 230.0, 5.0, 1989-08-08 00:00:00, 0.0
10.0, 17.3, 270.0, 36.0, 1989-08-09 00:00:00, 0.0
11.0, 15.2, 320.0, 31.0, 1989-08-10 00:00:00, 0.0
11.0, 15.8, 230.0, 32.0, 1989-08-11 00:00:00, 0.0
14.0, 22.6, 230.0, 14.0, 1989-08-12 00:00:00, 0.0
15.0, 14.2, 230.0, 43.0, 1989-08-13 00:00:00, 0.0
7.0, 9.4, 270.0, 82.0, 1989-08-14 00:00:00, 6.3
4.0, 11.0, 140.0, 73.0, 1989-08-15 00:00:00, 2.5
2.0, 14.7, 140.0, 57.0, 1989-08-16 00:00:00, 13.5
0.0, 16.6, 0.0, 63.0, 1989-08-17 00:00:00, 0.0
2.0, 18.8, 180.0, 61.0, 1989-08-18 00:00:00, 0.0
6.0, 18.2, 320.0, 53.0, 1989-08-19 00:00:00, 1.3
11.0, 13.2, 270.0, 77.0, 1989-08-20 00:00:00, 13.7
0.0, 10.5, 0.0, 81.0, 1989-08-21 00:00:00, 4.3
6.0, 11.0, 270.0, 67.0, 1989-08-22 00:00:00, 4.3
8.0, 12.7, 140.0, 53.0, 1989-08-23 00:00:00, 0.0
5.0, 15.9, 140.0, 52.0, 1989-08-24 00:00:00, 0.5
4.0, 15.3, 90.0, 49.0, 1989-08-25 00:00:00, 0.0
8.0, 16.1, 140.0, 42.0, 1989-08-26 00:00:00, 0.0
7.0, 15.2, 140.0, 37.0, 1989-08-27 00:00:00, 0.0
7.0, 12.9, 90.0, 61.0, 1989-08-28 00:00:00, 0.0
5.0, 14.2, 50.0, 62.0, 1989-08-29 00:00:00, 1.5
3.0, 19.0, 140.0, 34.0, 1989-08-30 00:00:00, 0.0
7.0, 12.9, 270.0, 75.0, 1989-08-31 00:00:00, 7.1
2.0, 14.2, 90.0, 53.0, 1989-09-01 00:00:00, 0.0
1.0, 13.2, 180.0, 64.0, 1989-09-02 00:00:00, 17.2
10.0, 16.0, 270.0, 47.0, 1989-09-03 00:00:00, 0.0
9.0, 10.8, 270.0, 74.0, 1989-09-04 00:00:00, 0.5
12.0, 11.3, 140.0, 42.0, 1989-09-05 00:00:00, 0.0
9.0, 15.7, 140.0, 41.0, 1989-09-06 00:00:00, 0.0
10.0, 18.5, 90.0, 40.0, 1989-09-07 00:00:00, 0.0
16.0, 15.3, 140.0, 19.0, 1989-09-08 00:00:00, 0.0
11.0, 14.6, 140.0, 18.0, 1989-09-09 00:00:00, 0.0
9.0, 16.3, 140.0, 19.0, 1989-09-10 00:00:00, 0.0
6.0, 19.2, 140.0, 22.0, 1989-09-11 00:00:00, 0.0
9.0, 20.3, 140.0, 23.0, 1989-09-12 00:00:00, 0.0
10.0, 19.8, 140.0, 25.0, 1989-09-13 00:00:00, 0.0
10.0, 22.1, 230.0, 9.0, 1989-09-14 00:00:00, 0.0
14.0, 15.4, 320.0, 31.0, 1989-09-15 00:00:00, 0.0
5.0, 4.0, 140.0, 89.0, 1989-09-16 00:00:00, 9.9
7.0, 6.2, 140.0, 79.0, 1989-09-17 00:00:00, 3.5
10.0, 11.5, 270.0, 38.0, 1989-09-18 00:00:00, 0.2
4.0, 13.4, 140.0, 41.0, 1989-09-19 00:00:00, 0.0
8.0, 15.1, 140.0, 49.0, 1989-09-20 00:00:00, 0.0
4.0, 16.1, 140.0, 40.0, 1989-09-21 00:00:00, 0.0
6.0, 18.5, 140.0, 38.0, 1989-09-22 00:00:00, 0.0
6.0, 19.0, 140.0, 22.0, 1989-09-23 00:00:00, 0.0
3.0, 15.0, 140.0, 40.0, 1989-09-24 00:00:00, 0.0
1.0, 16.5, 140.0, 32.0, 1989-09-25 00:00:00, 0.0
13.0, 12.9, 230.0, 60.0, 1989-09-26 00:00:00, 0.0
10.0, 17.0, 50.0, 44.0, 1989-09-27 00:00:00, 0.0
11.0, 19.8, 320.0, 10.0, 1989-09-28 00:00:00, 0.7
6.0, 10.2, 50.0, 32.0, 1989-09-29 00:00:00, 0.0
11.0, 7.7, 90.0, 34.0, 1989-09-30 00:00:00, 0.0
8.0, 9.3, 140.0, 24.0, 1989-10-01 00:00:00, 0.0
1.0, 13.2, 180.0, 42.0, 1989-10-02 00:00:00, 0.0
4.0, 16.5, 180.0, 23.0, 1989-10-03 00:00:00, 0.0
6.0, 10.8, 230.0, 49.0, 1989-10-04 00:00:00, 0.0
4.0, 12.0, 140.0, 44.0, 1989-10-05 00:00:00, 0.0
13.0, 14.8, 270.0, 33.0, 1989-10-06 00:00:00, 0.0
9.0, 10.0, 270.0, 51.0, 1989-10-07 00:00:00, 0.0
6.0, 13.7, 320.0, 35.0, 1989-10-08 00:00:00, 0.0
13.0, 12.0, 270.0, 43.0, 1989-10-09 00:00:00, 0.0
15.0, 7.9, 270.0, 48.0, 1989-10-10 00:00:00, 3.5
17.0, 5.6, 270.0, 81.0, 1989-10-11 00:00:00, 8.6
12.0, 7.0, 270.0, 58.0, 1989-10-12 00:00:00, 10.1
3.0, 5.2, 140.0, 70.0, 1989-10-13 00:00:00, 0.5
7.0, 4.6, 140.0, 42.0, 1989-10-14 00:00:00, 0.2
8.0, 2.7, 180.0, 47.0, 1989-10-15 00:00:00, 0.0
5.0, 4.6, 140.0, 39.0, 1989-10-16 00:00:00, 0.0
