station_observations
wind_speed, temperature, wind_direction, relative_humidity, time, precipitation
8.0, 8.4, 50.0, 63.0, 1989-06-16 00:00:00, 0.3
10.0, 5.6, 230.0, 52.0, 1989-06-17 00:00:00, 0.0
14.0, 7.1, 230.0, 44.0, 1989-06-18 00:00:00, 0.0
10.0, 3.9, 0.0, 75.0, 1989-06-19 00:00:00, 0.0
18.0, 8.2, 0.0, 51.0, 1989-06-20 00:00:00, 0.3
10.0, 10.9, 270.0, 51.0, 1989-06-21 00:00:00, 0.0
14.0, 7.3, 0.0, 74.0, 1989-06-22 00:00:00, 3.6
4.0, 15.3, 270.0, 43.0, 1989-06-23 00:00:00, 0.0
8.0, 18.2, 0.0, 27.0, 1989-06-24 00:00:00, 0.0
13.0, 18.5, 180.0, 41.0, 1989-06-25 00:00:00, 1.0
12.0, 10.8, 230.0, 22.0, 1989-06-26 00:00:00, 0.0
4.0, 4.6, 180.0, 61.0, 1989-06-27 00:00:00, 0.8
15.0, 5.7, 230.0, 75.0, 1989-06-28 00:00:00, 2.8
9.0, 6.8, 230.0, 80.0, 1989-06-29 00:00:00, 0.3
11.0, 8.2, 230.0, 63.0, 1989-06-30 00:00:00, 2.5
9.0, 6.2, 230.0, 80.0, 1989-07-01 00:00:00, 0.5
13.0, 9.7, 230.0, 44.0, 1989-07-02 00:00:00, 0.3
18.0, 10.4, 230.0, 53.0, 1989-07-03 00:00:00, 0.5
4.0, 8.3, 50.0, 54.0, 1989-07-04 00:00:00, 0.0
12.0, 9.9, 0.0, 49.0, 1989-07-05 00:00:00, 0.0
7.0, 13.2, 230.0, 31.0, 1989-07-06 00:00:00, 0.0
5.0, 12.6, 0.0, 26.0, 1989-07-07 00:00:00, 0.0
3.0, 8.9, 270.0, 52.0, 1989-07-08 00:00:00, 0.0
5.0, 12.4, 0.0, 52.0, 1989-07-09 00:00:00, 0.3
7.0, 12.0, 0.0, 60.0, 1989-07-10 00:00:00, 0.5
9.0, 13.6, 230.0, 65.0, 1989-07-11 00:00:00, 12.7
16.0, 20.0, 230.0, 28.0, 1989-07-12 00:00:00, 0.0
6.0, 16.4, 0.0, 45.0, 1989-07-13 00:00:00, 0.3
14.0, 19.1, 230.0, 41.0, 1989-07-14 00:00:00, 0.5
11.0, 14.5, 0.0, 60.0, 1989-07-15 00:00:00, 1.0
7.0, 9.3, 0.0, 77.0, 1989-07-16 00:00:00, 0.5
10.0, 10.7, 230.0, 61.0, 1989-07-17 00:00:00, 0.5
11.0, 13.5, 230.0, 52.0, 1989-07-18 00:00:00, 0.0
17.0, 15.5, 230.0, 40.0, 1989-07-19 00:00:00, 0.0
15.0, 15.7, 0.0, 31.0, 1989-07-20 00:00:00, 0.0
5.0, 8.6, 0.0, 64.0, 1989-07-21 00:00:00, 0.0
7.0, 14.1, 270.0, 34.0, 1989-07-22 00:00:00, 0.0
8.0, 15.6, 180.0, 24.0, 1989-07-23 00:00:00, 0.0
8.0, 15.5, 0.0, 38.0, 1989-07-24 00:00:00, 0.0
13.0, 18.7, 230.0, 32.0, 1989-07-25 00:00:00, 0.0
7.0, 22.4, 230.0, 11.0, 1989-07-26 00:00:00, 0.0
12.0, 16.6, 0.0, 56.0, 1989-07-27 00:00:00, 9.1
14.0, 16.9, 230.0, 35.0, 1989-07-28 00:00:00, 0.0
14.0, 19.2, 230.0, 23.0, 1989-07-29 00:00:00, 0.0
9.0, 21.0, 230.0, 32.0, 1989-07-30 00:00:00, 0.0
6.0, 20.5, 0.0, 38.0, 1989-07-31 00:00:00, 0.8
10.0, 10.3, 50.0, 79.0, 1989-08-01 00:00:00, 4.3
4.0, 8.0, 320.0, 84.0, 1989-08-02 00:00:00, 17.3
7.0, 10.1, 0.0, 79.0, 1989-08-03 00:00:00, 0.5
8.0, 16.7, 0.0, 57.0, 1989-08-04 00:00:00, 0.0
11.0, 18.8, 230.0, 39.0, 1989-08-05 00:00:00, 0.0
10.0, 20.7, 230.0, 22.0, 1989-08-06 00:00:00, 0.0
9.0, 20.9, 230.0, 24.0, 1989-08-07 00:00:00, 0.0
16.0, 20.5, 230.0, 26.0, 1989-08-08 00:00:00, 0.0
13.0, 15.9, 0.0, 41.0, 1989-08-09 00:00:00, 0.0
14.0, 11.3, 230.0, 34.0, 1989-08-10 00:00:00, 0.0
12.0, 13.1, 230.0, 31.0, 1989-08-11 00:00:00, 0.0
15.0, 18.6, 230.0, 16.0, 1989-08-12 00:00:00, 0.0
9.0, 12.9, 230.0, 50.0, 1989-08-13 00:00:00, 0.0
9.0, 8.2, 230.0, 73.0, 1989-08-14 00:00:00, 0.3
7.0, 7.2, 0.0, 85.0, 1989-08-15 00:00:00, 0.0
10.0, 9.8, 50.0, 79.0, 1989-08-16 00:00:00, 0.0
4.0, 11.1, 0.0, 84.0, 1989-08-17 00:00:00, 0.0
8.0, 16.0, 50.0, 67.0, 1989-08-18 00:00:00, 0.0
10.0, 13.5, 50.0, 75.0, 1989-08-19 00:00:00, 0.0
4.0, 10.5, 50.0, 77.0, 1989-08-20 00:00:00, 3.6
10.0, 9.3, 50.0, 83.0, 1989-08-21 00:00:00, 0.0
3.0, 7.1, 0.0, 82.0, 1989-08-22 00:00:00, 0.0
5.0, 8.8, 0.0, 71.0, 1989-08-23 00:00:00, 0.0
11.0, 11.1, 0.0, 69.0, 1989-08-24 00:00:00, 0.0
7.0, 10.9, 0.0, 65.0, 1989-08-25 00:00:00, 0.0
10.0, 12.2, 50.0, 60.0, 1989-08-26 00:00:00, 0.3
9.0, 10.7, 0.0, 55.0, 1989-08-27 00:00:00, 0.0
10.0, 11.1, 50.0, 62.0, 1989-08-28 00:00:00, 0.0
10.0, 10.5, 50.0, 66.0, 1989-08-29 00:00:00, 0.0
10.0, 12.5, 0.0, 53.0, 1989-08-30 00:00:00, 0.0
8.0, 8.1, 0.0, 84.0, 1989-08-31 00:00:00, 0.0
9.0, 10.0, 0.0, 74.0, 1989-09-01 00:00:00, 0.0
9.0, 8.7, 0.0, 80.0, 1989-09-02 00:00:00, 0.0
9.0, 11.5, 0.0, 63.0, 1989-09-03 00:00:00, 0.0
10.0, 9.2, 140.0, 74.0, 1989-09-04 00:00:00, 0.0
11.0, 6.9, 0.0, 67.0, 1989-09-05 00:00:00, 0.0
6.0, 11.8, 320.0, 59.0, 1989-09-06 00:00:00, 0.0
7.0, 12.7, 270.0, 62.0, 1989-09-07 00:00:00, 0.0
17.0, 10.3, 0.0, 40.0, 1989-09-08 00:00:00, 0.0
11.0, 10.8, 0.0, 32.0, 1989-09-09 00:00:00, 0.0
10.0, 12.1, 0.0, 30.0, 1989-09-10 00:00:00, 0.0
10.0, 16.2, 0.0, 23.0, 1989-09-11 00:00:00, 0.0
0.0, 19.0, 0.0, 18.0, 1989-09-12 00:00:00, 0.0
8.0, 18.0, 0.0, 30.0, 1989-09-13 00:00:00, 0.0
5.0, 17.9, 270.0, 0.0, 1989-09-14 00:00:00, 0.0
15.0, 13.6, 320.0, 7.0, 1989-09-15 00:00:00, 0.0
8.0, 3.9, 0.0, 87.0, 1989-09-16 00:00:00, 0.0
1.0, 2.2, 0.0, 84.0, 1989-09-17 00:00:00, 0.0
5.0, 5.6, 0.0, 61.0, 1989-09-18 00:00:00, 0.0
10.0, 8.3, 0.0, 65.0, 1989-09-19 00:00:00, 0.0
6.0, 13.2, 50.0, 51.0, 1989-09-20 00:00:00, 0.0
5.0, 14.8, 0.0, 45.0, 1989-09-21 00:00:00, 0.0
11.0, 17.7, 0.0, 31.0, 1989-09-22 00:00:00, 0.0
10.0, 16.3, 0.0, 19.0, 1989-09-23 00:00:00, 0.0
11.0, 18.4, 230.0, 16.0, 1989-09-24 00:00:00, 0.0
6.0, 18.8, 0.0, 15.0, 1989-09-25 00:00:00, 0.0
6.0, 9.4, 50.0, 72.0, 1989-09-26 00:00:00, 0.0
7.0, 13.4, 0.0, 70.0, 1989-09-27 00:00:00, 2.3
5.0, 16.0, 0.0, 37.0, 1989-09-28 00:00:00, 0.0
4.0, 16.8, 180.0, 0.0, 1989-09-29 00:00:00, 0.0
11.0, 10.1, 0.0, 53.0, 1989-09-30 00:00:00, 0.0
8.0, 6.9, 0.0, 43.0, 1989-10-01 00:00:00, 0.0
14.0, 12.1, 50.0, 0.0, 1989-10-02 00:00:00, 0.0
8.0, 15.6, 0.0, 20.0, 1989-10-03 00:00:00, 0.0
8.0, 9.5, 0.0, 50.0, 1989-10-04 00:00:00, 0.0
1.0, 6.4, 270.0, 78.0, 1989-10-05 00:00:00, 0.0
12.0, 10.8, 0.0, 44.0, 1989-10-06 00:00:00, 0.0
11.0, 7.6, 0.0, 62.0, 1989-10-07 00:00:00, 0.0
6.0, 10.7, 0.0, 44.0, 1989-10-08 00:00:00, 0.0
15.0, 11.4, 0.0, 34.0, 1989-10-09 00:00:00, 0.0
5.0, 3.5, 50.0, 70.0, 1989-10-10 00:00:00, 0.0
16.0, 3.9, 0.0, 72.0, 1989-10-11 00:00:00, 0.0
8.0, 0.7, 0.0, 87.0, 1989-10-12 00:00:00, 0.0
