station_observations
wind_speed, temperature, wind_direction, relative_humidity, time, precipitation
12.0, 12.4, 180.0, 55.0, 1990-07-18 00:00:00, 0.0
15.0, 15.0, 180.0, 38.0, 1990-07-19 00:00:00, 0.0
6.0, 18.1, 180.0, 24.0, 1990-07-20 00:00:00, 0.0
12.0, 22.2, 230.0, 13.0, 1990-07-21 00:00:00, 0.0
8.0, 23.4, 0.0, 2.0, 1990-07-22 00:00:00, 0.0
10.0, 18.8, 230.0, 36.0, 1990-07-23 00:00:00, 0.0
2.0, 10.9, 270.0, 82.0, 1990-07-24 00:00:00, 3.3
13.0, 17.6, 140.0, 58.0, 1990-07-25 00:00:00, 11.9
11.0, 20.4, 230.0, 54.0, 1990-07-26 00:00:00, 0.0
10.0, 18.3, 230.0, 37.0, 1990-07-27 00:00:00, 0.5
19.0, 18.9, 180.0, 23.0, 1990-07-28 00:00:00, 0.0
13.0, 23.1, 230.0, 15.0, 1990-07-29 00:00:00, 0.0
17.0, 26.8, 230.0, 14.0, 1990-07-30 00:00:00, 0.0
8.0, 19.0, 270.0, 39.0, 1990-07-31 00:00:00, 1.3
7.0, 17.7, 0.0, 26.0, 1990-08-01 00:00:00, 0.0
11.0, 16.1, 90.0, 33.0, 1990-08-02 00:00:00, 0.0
9.0, 19.4, 230.0, 32.0, 1990-08-03 00:00:00, 0.0
18.0, 24.1, 270.0, 25.0, 1990-08-04 00:00:00, 0.0
16.0, 27.0, 270.0, 9.0, 1990-08-05 00:00:00, 0.0
11.0, 19.9, 270.0, 23.0, 1990-08-06 00:00:00, 0.0
9.0, 20.3, 230.0, 26.0, 1990-08-07 00:00:00, 0.0
19.0, 22.9, 230.0, 25.0, 1990-08-08 00:00:00, 0.0
17.0, 24.1, 230.0, 18.0, 1990-08-09 00:00:00, 0.0
14.0, 23.5, 180.0, 16.0, 1990-08-10 00:00:00, 0.0
16.0, 25.6, 230.0, 20.0, 1990-08-11 00:00:00, 0.0
5.0, 23.9, 90.0, 25.0, 1990-08-12 00:00:00, 0.0
9.0, 23.2, 270.0, 29.0, 1990-08-13 00:00:00, 0.0
16.0, 21.5, 230.0, 19.0, 1990-08-14 00:00:00, 0.0
5.0, 18.7, 230.0, 20.0, 1990-08-15 00:00:00, 0.0
7.0, 16.6, 230.0, 30.0, 1990-08-16 00:00:00, 0.0
13.0, 16.4, 230.0, 40.0, 1990-08-17 00:00:00, 0.0
7.0, 14.1, 180.0, 61.0, 1990-08-18 00:00:00, 8.1
15.0, 18.6, 230.0, 37.0, 1990-08-19 00:00:00, 1.5
13.0, 23.2, 270.0, 21.0, 1990-08-20 00:00:00, 0.0
10.0, 18.0, 180.0, 27.0, 1990-08-21 00:00:00, 0.0
9.0, 15.3, 90.0, 34.0, 1990-08-22 00:00:00, 2.0
10.0, 8.4, 230.0, 73.0, 1990-08-23 00:00:00, 10.2
14.0, 6.6, 180.0, 71.0, 1990-08-24 00:00:00, 3.0
16.0, 8.8, 180.0, 37.0, 1990-08-25 00:00:00, 0.0
4.0, 7.7, 270.0, 69.0, 1990-08-26 00:00:00, 0.0
5.0, 13.5, 90.0, 34.0, 1990-08-27 00:00:00, 0.5
15.0, 17.3, 230.0, 27.0, 1990-08-28 00:00:00, 0.0
6.0, 10.9, 230.0, 69.0, 1990-08-29 00:00:00, 0.3
14.0, 11.1, 140.0, 55.0, 1990-08-30 00:00:00, 2.3
6.0, 10.1, 90.0, 53.0, 1990-08-31 00:00:00, 6.1
9.0, 11.9, 230.0, 42.0, 1990-09-01 00:00:00, 0.0
9.0, 11.5, 230.0, 44.0, 1990-09-02 00:00:00, 0.0
10.0, 11.0, 180.0, 33.0, 1990-09-03 00:00:00, 0.0
10.0, 17.0, 270.0, 14.0, 1990-09-04 00:00:00, 0.0
10.0, 19.5, 90.0, 5.0, 1990-09-05 00:00:00, 0.0
10.0, 21.2, 230.0, 13.0, 1990-09-06 00:00:00, 0.0
16.0, 22.2, 270.0, 7.0, 1990-09-07 00:00:00, 0.0
12.0, 20.8, 230.0, 21.0, 1990-09-08 00:00:00, 0.0
15.0, 19.8, 270.0, 28.0, 1990-09-09 00:00:00, 0.0
13.0, 19.9, 230.0, 25.0, 1990-09-10 00:00:00, 0.0
13.0, 18.4, 90.0, 18.0, 1990-09-11 00:00:00, 0.0
5.0, 12.0, 230.0, 38.0, 1990-09-12 00:00:00, 0.0
14.0, 17.5, 230.0, 23.0, 1990-09-13 00:00:00, 0.0
15.0, 20.5, 230.0, 8.0, 1990-09-14 00:00:00, 0.0
1.0, 13.7, 230.0, 26.0, 1990-09-15 00:00:00, 0.0
16.0, 5.5, 90.0, 80.0, 1990-09-16 00:00:00, 18.3
9.0, 12.4, 270.0, 65.0, 1990-09-17 00:00:00, 3.6
8.0, 11.2, 90.0, 42.0, 1990-09-18 00:00:00, 0.0
10.0, 12.0, 230.0, 43.0, 1990-09-19 00:00:00, 0.0
9.0, 16.1, 270.0, 22.0, 1990-09-20 00:00:00, 0.0
11.0, 17.9, 230.0, 43.0, 1990-09-21 00:00:00, 0.0
11.0, 18.9, 270.0, 34.0, 1990-09-22 00:00:00, 0.0
6.0, 19.7, 140.0, 19.0, 1990-09-23 00:00:00, 0.0
4.0, 19.0, 270.0, 27.0, 1990-09-24 00:00:00, 0.0
18.0, 13.6, 180.0, 38.0, 1990-09-25 00:00:00, 0.0
7.0, 14.0, 270.0, 26.0, 1990-09-26 00:00:00, 0.0
9.0, 15.3, 270.0, 13.0, 1990-09-27 00:00:00, 0.0
10.0, 11.9, 270.0, 21.0, 1990-09-28 00:00:00, 0.0
6.0, 7.5, 180.0, 44.0, 1990-09-29 00:00:00, 0.0
7.0, 10.1, 270.0, 35.0, 1990-09-30 00:00:00, 0.0
16.0, 4.6, 0.0, 56.0, 1990-10-01 00:00:00, 0.0
6.0, 6.6, 50.0, 43.0, 1990-10-02 00:00:00, 0.5
5.0, 3.1, 180.0, 82.0, 1990-10-03 00:00:00, 3.0
4.0, 5.2, 320.0, 71.0, 1990-10-04 00:00:00, 5.1
2.0, -0.3, 270.0, 79.0, 1990-10-05 00:00:00, 3.3
6.0, -0.7, 50.0, 76.0, 1990-10-06 00:00:00, 3.6
4.0, 1.9, 140.0, 76.0, 1990-10-07 00:00:00, 5.8
9.0, 3.0, 180.0, 78.0, 1990-10-08 00:00:00, 0.0
14.0, 5.3, 0.0, 70.0, 1990-10-09 00:00:00, 0.0
11.0, 5.8, 90.0, 41.0, 1990-10-10 00:00:00, 0.0
11.0, -1.6, 0.0, 76.0, 1990-10-11 00:00:00, 0.0
10.0, 2.8, 230.0, 61.0, 1990-10-12 00:00:00, 0.3
7.0, 2.0, 180.0, 54.0, 1990-10-13 00:00:00, 0.0
5.0, 2.0, 270.0, 55.0, 1990-10-14 00:00:00, 0.0
5.0, 1.8, 50.0, 72.0, 1990-10-15 00:00:00, 0.3
1.0, -1.4, 230.0, 80.0, 1990-10-16 00:00:00, 0.3
14.0, -2.9, 270.0, 81.0, 1990-10-17 00:00:00, 0.5
5.0, 0.9, 230.0, 74.0, 1990-10-18 00:00:00, 1.0
