station_observations
wind_speed, temperature, wind_direction, relative_humidity, time, precipitation
3.0, 27.1, 320.0, 18.0, 1990-07-10 00:00:00, 0.0
4.0, 26.3, 320.0, 27.0, 1990-07-11 00:00:00, 0.0
8.0, 25.8, 90.0, 23.0, 1990-07-12 00:00:00, 0.0
11.0, 23.0, 320.0, 33.0, 1990-07-13 00:00:00, 0.0
5.0, 21.4, 320.0, 7.0, 1990-07-14 00:00:00, 0.0
5.0, 17.5, 320.0, 28.0, 1990-07-15 00:00:00, 0.0
1.0, 15.1, 90.0, 45.0, 1990-07-16 00:00:00, 0.0
11.0, 13.1, 90.0, 40.0, 1990-07-17 00:00:00, 0.2
5.0, 16.2, 140.0, 42.0, 1990-07-18 00:00:00, 0.7
4.0, 18.2, 270.0, 28.0, 1990-07-19 00:00:00, 0.0
9.0, 21.4, 270.0, 21.0, 1990-07-20 00:00:00, 0.0
7.0, 24.2, 0.0, 16.0, 1990-07-21 00:00:00, 0.0
8.0, 26.0, 140.0, 5.0, 1990-07-22 00:00:00, 0.0
15.0, 14.2, 0.0, 51.0, 1990-07-23 00:00:00, 0.0
7.0, 12.3, 320.0, 94.0, 1990-07-24 00:00:00, 2.0
13.0, 19.8, 320.0, 65.0, 1990-07-25 00:00:00, 5.3
10.0, 17.5, 140.0, 69.0, 1990-07-26 00:00:00, 0.7
10.0, 20.5, 320.0, 34.0, 1990-07-27 00:00:00, 0.0
12.0, 22.4, 320.0, 21.0, 1990-07-28 00:00:00, 0.0
8.0, 24.8, 270.0, 15.0, 1990-07-29 00:00:00, 0.0
2.0, 26.9, 320.0, 15.0, 1990-07-30 00:00:00, 0.0
11.0, 23.9, 140.0, 24.0, 1990-07-31 00:00:00, 0.0
12.0, 19.6, 140.0, 25.0, 1990-08-01 00:00:00, 0.0
10.0, 17.8, 140.0, 35.0, 1990-08-02 00:00:00, 0.0
5.0, 20.6, 270.0, 33.0, 1990-08-03 00:00:00, 0.0
12.0, 24.8, 140.0, 21.0, 1990-08-04 00:00:00, 0.0
13.0, 26.6, 140.0, 15.0, 1990-08-05 00:00:00, 0.0
10.0, 19.0, 140.0, 25.0, 1990-08-06 00:00:00, 0.0
4.0, 21.2, 140.0, 21.0, 1990-08-07 00:00:00, 3.3
2.0, 24.0, 230.0, 22.0, 1990-08-08 00:00:00, 0.0
0.0, 25.9, 230.0, 20.0, 1990-08-09 00:00:00, 0.0
3.0, 27.1, 320.0, 18.0, 1990-08-10 00:00:00, 0.0
4.0, 26.3, 320.0, 27.0, 1990-08-11 00:00:00, 0.0
8.0, 25.8, 90.0, 23.0, 1990-08-12 00:00:00, 0.0
11.0, 23.0, 140.0, 33.0, 1990-08-13 00:00:00, 0.0
5.0, 21.4, 140.0, 7.0, 1990-08-14 00:00:00, 0.0
5.0, 17.5, 140.0, 28.0, 1990-08-15 00:00:00, 0.0
1.0, 15.1, 90.0, 45.0, 1990-08-16 00:00:00, 0.0
11.0, 13.1, 90.0, 40.0, 1990-08-17 00:00:00, 0.2
1.0, 17.7, 140.0, 49.0, 1990-08-18 00:00:00, 0.0
2.0, 19.2, 320.0, 50.0, 1990-08-19 00:00:00, 0.7
2.0, 23.7, 320.0, 23.0, 1990-08-20 00:00:00, 0.0
0.0, 19.7, 0.0, 39.0, 1990-08-21 00:00:00, 0.0
5.0, 17.3, 140.0, 33.0, 1990-08-22 00:00:00, 3.0
5.0, 17.3, 140.0, 33.0, 1990-08-23 00:00:00, 3.0
0.0, 8.9, 270.0, 78.0, 1990-08-24 00:00:00, 2.2
7.0, 11.6, 320.0, 38.0, 1990-08-25 00:00:00, 1.5
11.0, 9.8, 320.0, 79.0, 1990-08-26 00:00:00, 0.2
13.0, 16.2, 90.0, 35.0, 1990-08-27 00:00:00, 0.0
6.0, 18.9, 90.0, 27.0, 1990-08-28 00:00:00, 0.0
0.0, 12.7, 140.0, 90.0, 1990-08-29 00:00:00, 1.2
5.0, 10.9, 140.0, 71.0, 1990-08-30 00:00:00, 4.5
4.0, 9.9, 90.0, 79.0, 1990-08-31 00:00:00, 7.1
8.0, 11.3, 90.0, 58.0, 1990-09-01 00:00:00, 0.0
7.0, 11.9, 320.0, 50.0, 1990-09-02 00:00:00, 0.5
5.0, 13.6, 320.0, 38.0, 1990-09-03 00:00:00, 0.0
4.0, 17.6, 320.0, 27.0, 1990-09-04 00:00:00, 0.0
7.0, 21.3, 140.0, 8.0, 1990-09-05 00:00:00, 0.0
5.0, 21.7, 90.0, 14.0, 1990-09-06 00:00:00, 0.0
4.0, 23.3, 320.0, 11.0, 1990-09-07 00:00:00, 0.0
0.0, 19.9, 270.0, 34.0, 1990-09-08 00:00:00, 0.5
4.0, 21.1, 320.0, 27.0, 1990-09-09 00:00:00, 0.0
5.0, 21.5, 320.0, 29.0, 1990-09-10 00:00:00, 0.0
10.0, 21.1, 90.0, 21.0, 1990-09-11 00:00:00, 0.0
1.0, 16.6, 320.0, 34.0, 1990-09-12 00:00:00, 0.0
3.0, 18.1, 320.0, 33.0, 1990-09-13 00:00:00, 0.0
6.0, 19.9, 320.0, 20.0, 1990-09-14 00:00:00, 0.0
1.0, 15.8, 90.0, 38.0, 1990-09-15 00:00:00, 0.0
0.0, 8.2, 320.0, 94.0, 1990-09-16 00:00:00, 24.3
7.0, 14.0, 140.0, 59.0, 1990-09-17 00:00:00, 1.0
7.0, 14.0, 90.0, 41.0, 1990-09-18 00:00:00, 0.0
12.0, 16.0, 90.0, 28.0, 1990-09-19 00:00:00, 0.0
0.0, 16.5, 320.0, 27.0, 1990-09-20 00:00:00, 0.0
6.0, 19.4, 270.0, 40.0, 1990-09-21 00:00:00, 0.0
3.0, 20.2, 320.0, 40.0, 1990-09-22 00:00:00, 0.0
8.0, 21.8, 140.0, 21.0, 1990-09-23 00:00:00, 0.0
0.0, 21.9, 320.0, 21.0, 1990-09-24 00:00:00, 0.0
5.0, 20.0, 140.0, 25.0, 1990-09-25 00:00:00, 0.0
5.0, 20.0, 140.0, 25.0, 1990-09-26 00:00:00, 0.0
5.0, 20.0, 140.0, 25.0, 1990-09-27 00:00:00, 0.0
5.0, 20.0, 140.0, 25.0, 1990-09-28 00:00:00, 0.0
5.0, 20.0, 140.0, 25.0, 1990-09-29 00:00:00, 0.0
5.0, 20.0, 140.0, 25.0, 1990-09-30 00:00:00, 0.0
7.0, 9.4, 90.0, 91.0, 1990-10-01 00:00:00, 2.5
6.0, 9.0, 90.0, 92.0, 1990-10-02 00:00:00, 4.0
9.0, 8.9, 90.0, 91.0, 1990-10-03 00:00:00, 2.0
10.0, 9.0, 90.0, 91.0, 1990-10-04 00:00:00, 2.7
1.0, 11.0, 90.0, 94.0, 1991-08-09 00:00:00, 19.6
14.0, 11.6, 0.0, 91.0, 1991-08-10 00:00:00, 7.8
3.0, 11.0, 230.0, 90.0, 1991-08-11 00:00:00, 25.9
12.0, 13.8, 0.0, 91.0, 1991-08-12 00:00:00, 17.2
0.0, 15.8, 140.0, 60.0, 1991-08-13 00:00:00, 3.3
7.0, 20.6, 0.0, 60.0, 1991-08-14 00:00:00, 8.3
6.0, 22.9, 0.0, 33.0, 1991-08-15 00:00:00, 0.0
0.0, 24.5, 90.0, 39.0, 1991-08-16 00:00:00, 0.0
0.0, 22.0, 90.0, 51.0, 1991-08-17 00:00:00, 0.5
6.0, 24.2, 230.0, 34.0, 1991-08-18 00:00:00, 0.7
11.0, 23.0, 180.0, 24.0, 1991-08-19 00:00:00, 0.0
2.0, 22.5, 140.0, 48.0, 1991-08-20 00:00:00, 1.2
11.0, 20.9, 180.0, 45.0, 1991-08-21 00:00:00, 0.0
9.0, 20.9, 180.0, 45.0, 1991-08-22 00:00:00, 0.0
9.0, 14.9, 180.0, 59.0, 1991-08-23 00:00:00, 0.0
1.0, 10.5, 270.0, 70.0, 1991-08-24 00:00:00, 0.0
7.0, 12.9, 180.0, 61.0, 1991-08-25 00:00:00, 3.8
14.0, 10.1, 180.0, 73.0, 1991-08-26 00:00:00, 0.0
10.0, 10.2, 180.0, 80.0, 1991-08-27 00:00:00, 11.1
6.0, 6.6, 180.0, 86.0, 1991-08-28 00:00:00, 7.8
12.0, 12.6, 180.0, 81.0, 1991-08-29 00:00:00, 10.6
0.0, 8.8, 140.0, 96.0, 1991-08-30 00:00:00, 77.2
2.0, 11.7, 90.0, 81.0, 1991-08-31 00:00:00, 27.1
12.0, 9.8, 180.0, 67.0, 1991-09-01 00:00:00, 3.0
6.0, 10.4, 0.0, 68.0, 1991-09-02 00:00:00, 0.0
11.0, 16.6, 0.0, 60.0, 1991-09-03 00:00:00, 0.0
2.0, 18.9, 0.0, 52.0, 1991-09-04 00:00:00, 0.0
9.0, 21.8, 180.0, 40.0, 1991-09-05 00:00:00, 0.0
7.0, 17.3, 180.0, 60.0, 1991-09-06 00:00:00, 1.5
6.0, 13.8, 180.0, 63.0, 1991-09-07 00:00:00, 0.0
16.0, 10.2, 320.0, 52.0, 1991-09-08 00:00:00, 0.2
12.0, 15.5, 0.0, 46.0, 1991-09-09 00:00:00, 0.0
7.0, 17.8, 0.0, 43.0, 1991-09-10 00:00:00, 0.0
6.0, 19.5, 180.0, 48.0, 1991-09-11 00:00:00, 0.0
7.0, 14.8, 180.0, 56.0, 1991-09-12 00:00:00, 0.0
6.0, 10.4, 0.0, 55.0, 1991-09-13 00:00:00, 4.0
2.0, 13.6, 0.0, 51.0, 1991-09-14 00:00:00, 0.0
5.0, 17.0, 0.0, 51.0, 1991-09-15 00:00:00, 0.0
17.0, 17.5, 0.0, 62.0, 1991-09-16 00:00:00, 0.0
8.0, 16.7, 0.0, 47.0, 1991-09-17 00:00:00, 0.0
4.0, 20.5, 0.0, 46.0, 1991-09-18 00:00:00, 0.0
8.0, 18.8, 180.0, 47.0, 1991-09-19 00:00:00, 0.0
4.0, 9.2, 180.0, 50.0, 1991-09-20 00:00:00, 0.0
8.0, 10.1, 0.0, 41.0, 1991-09-21 00:00:00, 0.2
6.0, 7.5, 140.0, 75.0, 1991-09-22 00:00:00, 0.0
0.0, 14.4, 0.0, 61.0, 1991-09-23 00:00:00, 0.0
5.0, 18.5, 320.0, 59.0, 1991-09-24 00:00:00, 0.0
2.0, 17.5, 0.0, 52.0, 1991-09-25 00:00:00, 0.0
5.0, 20.4, 0.0, 47.0, 1991-09-26 00:00:00, 0.0
