station_observations
wind_speed, temperature, wind_direction, relative_humidity, time, precipitation
0.0, 22.0, 90.0, 46.0, 1991-07-08 00:00:00, 2.8
0.0, 21.8, 90.0, 38.0, 1991-07-09 00:00:00, 0.0
0.0, 22.0, 140.0, 45.0, 1991-07-10 00:00:00, 0.0
0.0, 21.7, 140.0, 47.0, 1991-07-11 00:00:00, 0.0
0.0, 21.2, 180.0, 51.0, 1991-07-12 00:00:00, 0.5
0.0, 15.2, 90.0, 85.0, 1991-07-13 00:00:00, 2.3
11.0, 17.8, 140.0, 54.0, 1991-07-14 00:00:00, 0.0
0.0, 16.3, 90.0, 73.0, 1991-07-15 00:00:00, 1.2
0.0, 15.3, 50.0, 75.0, 1991-07-16 00:00:00, 0.8
0.0, 17.1, 90.0, 53.0, 1991-07-17 00:00:00, 0.0
0.0, 16.6, 140.0, 54.0, 1991-07-18 00:00:00, 0.0
0.0, 18.9, 140.0, 41.0, 1991-07-19 00:00:00, 0.0
0.0, 15.9, 230.0, 56.0, 1991-07-20 00:00:00, 0.0
0.0, 17.1, 50.0, 65.0, 1991-07-21 00:00:00, 1.2
0.0, 22.4, 90.0, 47.0, 1991-07-22 00:00:00, 0.0
9.0, 27.6, 140.0, 32.0, 1991-07-23 00:00:00, 0.0
0.0, 27.1, 50.0, 40.0, 1991-07-24 00:00:00, 0.0
0.0, 12.8, 270.0, 92.0, 1991-07-25 00:00:00, 8.6
0.0, 17.3, 180.0, 61.0, 1991-07-26 00:00:00, 0.5
0.0, 17.3, 140.0, 56.0, 1991-07-27 00:00:00, 0.0
12.0, 19.8, 180.0, 45.0, 1991-07-28 00:00:00, 0.0
0.0, 17.9, 140.0, 48.0, 1991-07-29 00:00:00, 0.0
0.0, 20.1, 50.0, 43.0, 1991-07-30 00:00:00, 0.0
0.0, 21.3, 230.0, 43.0, 1991-07-31 00:00:00, 0.0
0.0, 22.3, 320.0, 38.0, 1991-08-01 00:00:00, 0.0
0.0, 23.9, 140.0, 40.0, 1991-08-02 00:00:00, 0.0
0.0, 24.3, 140.0, 33.0, 1991-08-03 00:00:00, 0.0
11.0, 24.0, 50.0, 40.0, 1991-08-04 00:00:00, 0.0
6.0, 19.0, 140.0, 56.0, 1991-08-05 00:00:00, 0.0
9.0, 17.4, 140.0, 59.0, 1991-08-06 00:00:00, 0.0
0.0, 22.1, 180.0, 47.0, 1991-08-07 00:00:00, 0.0
0.0, 19.2, 180.0, 62.0, 1991-08-08 00:00:00, 0.0
0.0, 12.3, 180.0, 95.0, 1991-08-09 00:00:00, 1.0
0.0, 11.9, 0.0, 94.0, 1991-08-10 00:00:00, 7.1
0.0, 14.9, 0.0, 88.0, 1991-08-11 00:00:00, 13.0
0.0, 16.6, 0.0, 87.0, 1991-08-12 00:00:00, 19.3
0.0, 15.0, 0.0, 82.0, 1991-08-13 00:00:00, 1.0
1.0, 22.0, 50.0, 64.0, 1991-08-14 00:00:00, 0.0
2.0, 24.7, 140.0, 55.0, 1991-08-15 00:00:00, 0.0
2.0, 28.7, 140.0, 44.0, 1991-08-16 00:00:00, 0.0
0.0, 26.3, 50.0, 50.0, 1991-08-17 00:00:00, 0.0
6.0, 24.5, 140.0, 57.0, 1991-08-18 00:00:00, 0.0
5.0, 25.6, 140.0, 46.0, 1991-08-19 00:00:00, 0.0
12.0, 22.9, 230.0, 50.0, 1991-08-20 00:00:00, 0.0
0.0, 24.1, 140.0, 41.0, 1991-08-21 00:00:00, 0.0
3.0, 21.8, 90.0, 54.0, 1991-08-22 00:00:00, 0.0
0.0, 16.9, 180.0, 50.0, 1991-08-23 00:00:00, 0.0
0.0, 8.9, 270.0, 81.0, 1991-08-24 00:00:00, 0.0
0.0, 14.5, 50.0, 67.0, 1991-08-25 00:00:00, 0.8
0.0, 13.7, 140.0, 60.0, 1991-08-26 00:00:00, 0.0
0.0, 11.5, 180.0, 85.0, 1991-08-27 00:00:00, 0.5
0.0, 12.3, 180.0, 63.0, 1991-08-28 00:00:00, 0.0
0.0, 12.4, 180.0, 82.0, 1991-08-29 00:00:00, 0.7
0.0, 11.2, 50.0, 89.0, 1991-08-30 00:00:00, 18.3
0.0, 11.5, 90.0, 92.0, 1991-08-31 00:00:00, 7.4
0.0, 11.1, 90.0, 67.0, 1991-09-01 00:00:00, 0.0
0.0, 14.0, 90.0, 63.0, 1991-09-02 00:00:00, 0.0
0.0, 17.2, 140.0, 65.0, 1991-09-03 00:00:00, 0.0
1.0, 19.3, 140.0, 61.0, 1991-09-04 00:00:00, 0.0
2.0, 19.7, 50.0, 61.0, 1991-09-05 00:00:00, 0.0
3.0, 18.0, 90.0, 72.0, 1991-09-06 00:00:00, 0.8
4.0, 14.6, 50.0, 65.0, 1991-09-07 00:00:00, 0.0
0.0, 13.8, 320.0, 50.0, 1991-09-08 00:00:00, 1.3
0.0, 15.5, 140.0, 53.0, 1991-09-09 00:00:00, 0.3
8.0, 17.7, 140.0, 51.0, 1991-09-10 00:00:00, 0.0
0.0, 17.1, 90.0, 59.0, 1991-09-11 00:00:00, 0.0
0.0, 14.8, 50.0, 68.0, 1991-09-12 00:00:00, 0.0
0.0, 12.0, 50.0, 60.0, 1991-09-13 00:00:00, 0.0
0.0, 13.3, 90.0, 68.0, 1991-09-14 00:00:00, 0.0
0.0, 16.1, 50.0, 64.0, 1991-09-15 00:00:00, 0.0
0.0, 16.3, 90.0, 74.0, 1991-09-16 00:00:00, 0.0
0.0, 18.2, 140.0, 46.0, 1991-09-17 00:00:00, 0.0
0.0, 19.7, 140.0, 52.0, 1991-09-18 00:00:00, 0.0
12.0, 20.1, 140.0, 43.0, 1991-09-19 00:00:00, 0.0
0.0, 10.5, 0.0, 45.0, 1991-09-20 00:00:00, 0.0
0.0, 12.1, 140.0, 41.0, 1991-09-21 00:00:00, 0.0
0.0, 7.1, 320.0, 83.0, 1991-09-22 00:00:00, 0.5
0.0, 13.2, 90.0, 73.0, 1991-09-23 00:00:00, 0.0
2.0, 19.5, 90.0, 63.0, 1991-09-24 00:00:00, 0.0
4.0, 19.3, 140.0, 56.0, 1991-09-25 00:00:00, 0.0
0.0, 19.0, 90.0, 52.0, 1991-09-26 00:00:00, 0.0
0.0, 19.0, 90.0, 52.0, 1991-09-27 00:00:00, 0.0
7.0, 17.3, 140.0, 59.0, 1991-09-28 00:00:00, 0.0
5.0, 14.0, 140.0, 51.0, 1991-09-29 00:00:00, 0.0
2.0, 10.5, 50.0, 76.0, 1991-09-30 00:00:00, 0.0
0.0, 15.6, 140.0, 51.0, 1991-10-01 00:00:00, 0.0
9.0, 12.6, 140.0, 61.0, 1991-10-02 00:00:00, 0.0
0.0, 10.5, 90.0, 39.0, 1991-10-03 00:00:00, 0.0
6.0, 29.3, 50.0, 27.0, 1992-06-25 00:00:00, 0.0
9.0, 28.7, 50.0, 29.0, 1992-06-26 00:00:00, 0.0
3.0, 25.8, 90.0, 41.0, 1992-06-27 00:00:00, 0.0
14.0, 19.3, 270.0, 49.0, 1992-06-28 00:00:00, 0.0
5.0, 13.5, 180.0, 91.0, 1992-06-29 00:00:00, 7.6
0.0, 13.1, 0.0, 89.0, 1992-06-30 00:00:00, 3.6
0.0, 13.8, 180.0, 87.0, 1992-07-01 00:00:00, 1.8
0.0, 9.5, 320.0, 94.0, 1992-07-02 00:00:00, 5.6
11.0, 15.5, 50.0, 80.0, 1992-07-03 00:00:00, 0.3
11.0, 18.2, 50.0, 67.0, 1992-07-04 00:00:00, 0.0
2.0, 8.1, 50.0, 95.0, 1992-07-05 00:00:00, 6.6
3.0, 11.8, 90.0, 95.0, 1992-07-06 00:00:00, 3.3
0.0, 10.7, 0.0, 93.0, 1992-07-07 00:00:00, 7.9
5.0, 12.6, 180.0, 83.0, 1992-07-08 00:00:00, 2.3
0.0, 14.3, 0.0, 75.0, 1992-07-09 00:00:00, 0.5
5.0, 16.0, 50.0, 80.0, 1992-07-10 00:00:00, 0.5
10.0, 18.5, 50.0, 67.0, 1992-07-11 00:00:00, 1.3
7.0, 16.0, 90.0, 79.0, 1992-07-12 00:00:00, 0.0
5.0, 14.9, 50.0, 67.0, 1992-07-13 00:00:00, 0.0
9.0, 11.1, 90.0, 82.0, 1992-07-14 00:00:00, 0.5
6.0, 21.5, 90.0, 41.0, 1992-07-15 00:00:00, 0.0
5.0, 20.7, 50.0, 56.0, 1992-07-16 00:00:00, 0.0
9.0, 25.5, 90.0, 30.0, 1992-07-17 00:00:00, 0.0
6.0, 22.8, 0.0, 34.0, 1992-07-18 00:00:00, 0.0
3.0, 22.4, 50.0, 39.0, 1992-07-19 00:00:00, 0.0
3.0, 23.2, 90.0, 41.0, 1992-07-20 00:00:00, 0.0
17.0, 17.5, 140.0, 69.0, 1992-07-21 00:00:00, 0.0
5.0, 17.5, 50.0, 81.0, 1992-07-22 00:00:00, 0.0
8.0, 22.5, 320.0, 27.0, 1992-07-23 00:00:00, 0.0
7.0, 20.6, 50.0, 57.0, 1992-07-24 00:00:00, 0.0
7.0, 18.7, 90.0, 69.0, 1992-07-25 00:00:00, 7.0
11.0, 17.9, 50.0, 53.0, 1992-07-26 00:00:00, 11.1
7.0, 20.2, 90.0, 44.0, 1992-07-27 00:00:00, 0.0
2.0, 19.4, 90.0, 57.0, 1992-07-28 00:00:00, 0.0
4.0, 24.7, 90.0, 38.0, 1992-07-29 00:00:00, 0.0
14.0, 27.6, 140.0, 24.0, 1992-07-30 00:00:00, 0.0
12.0, 28.4, 140.0, 21.0, 1992-07-31 00:00:00, 0.0
