station_observations
wind_speed, temperature, wind_direction, relative_humidity, time, precipitation
32.0, 5.5, 140.0, 50.0, 1992-11-10 00:00:00, 0.0
6.0, 2.1, 320.0, 90.0, 1992-11-11 00:00:00, 2.7
3.0, -0.4, 50.0, 84.0, 1992-11-12 00:00:00, 0.0
3.0, 3.5, 90.0, 84.0, 1992-11-13 00:00:00, 0.0
15.0, 8.3, 140.0, 77.0, 1992-11-14 00:00:00, 0.0
5.0, 5.1, 320.0, 88.0, 1992-11-15 00:00:00, 0.0
2.0, 5.0, 320.0, 93.0, 1992-11-16 00:00:00, 0.2
1.0, 4.4, 320.0, 93.0, 1992-11-17 00:00:00, 1.7
5.0, 5.7, 90.0, 88.0, 1992-11-18 00:00:00, 0.0
18.0, 5.4, 180.0, 73.0, 1992-11-19 00:00:00, 0.0
17.0, 4.7, 180.0, 63.0, 1992-11-20 00:00:00, 0.0
11.0, 4.8, 140.0, 65.0, 1992-11-21 00:00:00, 0.0
10.0, 0.9, 320.0, 61.0, 1992-11-22 00:00:00, 1.2
6.0, -5.5, 320.0, 78.0, 1992-11-23 00:00:00, 0.0
3.0, -5.0, 270.0, 77.0, 1992-11-24 00:00:00, 0.0
5.0, -5.2, 270.0, 81.0, 1992-11-25 00:00:00, 0.0
19.0, 1.5, 140.0, 58.0, 1992-11-26 00:00:00, 0.0
5.0, 3.5, 320.0, 72.0, 1992-11-27 00:00:00, 0.0
3.0, -1.4, 50.0, 82.0, 1992-11-28 00:00:00, 1.2
26.0, 3.5, 140.0, 67.0, 1992-11-29 00:00:00, 0.0
6.0, 7.0, 230.0, 52.0, 1992-11-30 00:00:00, 0.0
4.0, -0.2, 320.0, 64.0, 1992-12-01 00:00:00, 0.0
11.0, -3.4, 320.0, 70.0, 1992-12-02 00:00:00, 0.0
3.0, -7.4, 0.0, 78.0, 1992-12-03 00:00:00, 0.0
3.0, -6.4, 50.0, 81.0, 1992-12-04 00:00:00, 0.0
0.0, -6.8, 50.0, 79.0, 1992-12-05 00:00:00, 0.0
2.0, -3.1, 320.0, 64.0, 1992-12-06 00:00:00, 0.0
18.0, -0.3, 180.0, 61.0, 1992-12-07 00:00:00, 0.0
19.0, 3.4, 90.0, 54.0, 1992-12-08 00:00:00, 0.0
19.0, 4.1, 140.0, 50.0, 1992-12-09 00:00:00, 0.0
4.0, 8.1, 0.0, 90.0, 1992-12-10 00:00:00, 0.0
4.0, -9.6, 320.0, 89.0, 1992-12-11 00:00:00, 0.0
1.0, -8.0, 90.0, 76.0, 1992-12-12 00:00:00, 0.0
34.0, 4.0, 140.0, 70.0, 1992-12-13 00:00:00, 1.5
7.0, 0.8, 320.0, 89.0, 1992-12-14 00:00:00, 0.0
1.0, -4.2, 90.0, 87.0, 1992-12-15 00:00:00, 0.0
1.0, -4.2, 320.0, 86.0, 1992-12-16 00:00:00, 0.0
18.0, -10.1, 320.0, 64.0, 1992-12-17 00:00:00, 0.0
4.0, -18.3, 0.0, 71.0, 1992-12-18 00:00:00, 0.0
16.0, -6.0, 180.0, 69.0, 1992-12-19 00:00:00, 0.0
6.0, -6.6, 270.0, 93.0, 1992-12-20 00:00:00, 0.0
10.0, -6.7, 140.0, 97.0, 1992-12-21 00:00:00, 0.0
0.0, -0.5, 0.0, 99.0, 1992-12-22 00:00:00, 0.0
3.0, -3.7, 0.0, 95.0, 1992-12-23 00:00:00, 0.2
3.0, 2.1, 140.0, 56.0, 1992-12-24 00:00:00, 5.3
4.0, -2.5, 0.0, 83.0, 1992-12-25 00:00:00, 0.0
0.0, -2.1, 0.0, 99.0, 1992-12-26 00:00:00, 0.0
20.0, -18.4, 320.0, 57.0, 1992-12-27 00:00:00, 0.0
6.0, -20.0, 320.0, 69.0, 1992-12-28 00:00:00, 0.0
4.0, -19.2, 50.0, 71.0, 1992-12-29 00:00:00, 0.0
3.0, -17.7, 50.0, 71.0, 1992-12-30 00:00:00, 0.0
4.0, -16.2, 0.0, 71.0, 1992-12-31 00:00:00, 0.0
3.0, -20.0, 320.0, 69.0, 1993-01-01 00:00:00, 0.0
1.0, -19.3, 0.0, 74.0, 1993-01-02 00:00:00, 0.0
0.0, -11.2, 0.0, 79.0, 1993-01-03 00:00:00, 0.0
15.0, -12.0, 320.0, 62.0, 1993-01-04 00:00:00, 0.0
0.0, -20.0, 320.0, 63.0, 1993-01-05 00:00:00, 0.0
5.0, -20.0, 320.0, 73.0, 1993-01-06 00:00:00, 0.0
2.0, -20.0, 180.0, 76.0, 1993-01-07 00:00:00, 0.0
3.0, -12.0, 50.0, 82.0, 1993-01-08 00:00:00, 0.0
3.0, -18.9, 320.0, 75.0, 1993-01-09 00:00:00, 0.0
3.0, -20.0, 320.0, 73.0, 1993-01-10 00:00:00, 0.0
8.0, -20.0, 320.0, 75.0, 1993-01-11 00:00:00, 0.0
5.0, -20.0, 270.0, 73.0, 1993-01-12 00:00:00, 0.0
6.0, -20.0, 0.0, 76.0, 1993-01-13 00:00:00, 0.0
8.0, -20.0, 320.0, 69.0, 1993-01-14 00:00:00, 0.0
1.0, -20.0, 0.0, 77.0, 1993-01-15 00:00:00, 0.0
1.0, -17.3, 320.0, 71.0, 1993-01-16 00:00:00, 0.0
5.0, -13.9, 320.0, 76.0, 1993-01-17 00:00:00, 0.0
6.0, -15.7, 320.0, 81.0, 1993-01-18 00:00:00, 0.0
6.0, 0.2, 90.0, 69.0, 1993-01-19 00:00:00, 0.0
4.0, -3.5, 320.0, 97.0, 1993-01-20 00:00:00, 0.0
5.0, -4.3, 140.0, 94.0, 1993-01-21 00:00:00, 0.0
0.0, -12.0, 0.0, 76.0, 1993-01-22 00:00:00, 0.0
3.0, -14.9, 90.0, 88.0, 1993-01-23 00:00:00, 0.0
20.0, 2.3, 140.0, 71.0, 1993-01-24 00:00:00, 0.2
20.0, 8.1, 180.0, 61.0, 1993-01-25 00:00:00, 2.5
12.0, 4.5, 140.0, 79.0, 1993-01-26 00:00:00, 0.0
7.0, 1.5, 270.0, 97.0, 1993-01-27 00:00:00, 0.0
2.0, 0.3, 0.0, 99.0, 1993-01-28 00:00:00, 0.0
25.0, 1.4, 180.0, 13.0, 1993-01-29 00:00:00, 0.0
18.0, 7.7, 180.0, 75.0, 1993-01-30 00:00:00, 0.0
15.0, 7.3, 140.0, 70.0, 1993-01-31 00:00:00, 0.0
2.0, 2.7, 0.0, 75.0, 1993-02-01 00:00:00, 0.0
10.0, 3.4, 140.0, 78.0, 1993-02-02 00:00:00, 0.0
0.0, 1.5, 0.0, 79.0, 1993-02-03 00:00:00, 0.0
14.0, 3.8, 140.0, 68.0, 1993-02-04 00:00:00, 0.0
21.0, 7.4, 180.0, 59.0, 1993-02-05 00:00:00, 0.0
25.0, 9.2, 180.0, 63.0, 1993-02-06 00:00:00, 0.0
70.0, 4.9, 270.0, 79.0, 1993-02-07 00:00:00, 0.0
8.0, -0.6, 320.0, 97.0, 1993-02-08 00:00:00, 0.2
5.0, 0.2, 0.0, 82.0, 1993-02-09 00:00:00, 0.0
7.0, 0.9, 0.0, 78.0, 1993-02-10 00:00:00, 0.0
5.0, 2.6, 320.0, 78.0, 1993-02-11 00:00:00, 0.0
