station_observations
wind_speed, temperature, wind_direction, relative_humidity, time, precipitation
0.0, 0.0, 0.0, 0.0, 1990-07-02 00:00:00, 0.0
0.0, 15.3, 140.0, 38.0, 1990-07-03 00:00:00, 0.0
11.0, 18.8, 0.0, 36.0, 1990-07-04 00:00:00, 0.0
3.0, 18.2, 140.0, 58.0, 1990-07-05 00:00:00, 0.0
1.0, 11.6, 140.0, 93.0, 1990-07-06 00:00:00, 24.0
8.0, 14.0, 180.0, 65.0, 1990-07-07 00:00:00, 0.0
10.0, 21.0, 320.0, 42.0, 1990-07-08 00:00:00, 0.0
5.0, 23.9, 140.0, 31.0, 1990-07-09 00:00:00, 0.0
9.0, 26.9, 320.0, 23.0, 1990-07-10 00:00:00, 0.0
19.0, 29.3, 320.0, 22.0, 1990-07-11 00:00:00, 0.0
1.0, 28.6, 0.0, 32.0, 1990-07-12 00:00:00, 0.0
12.0, 24.1, 90.0, 29.0, 1990-07-13 00:00:00, 0.0
18.0, 22.9, 90.0, 26.0, 1990-07-14 00:00:00, 0.0
3.0, 24.7, 230.0, 20.0, 1990-07-15 00:00:00, 0.0
8.0, 21.7, 140.0, 37.0, 1990-07-16 00:00:00, 0.0
15.0, 20.2, 90.0, 38.0, 1990-07-17 00:00:00, 0.0
14.0, 20.7, 140.0, 41.0, 1990-07-18 00:00:00, 0.0
14.0, 19.6, 140.0, 41.0, 1990-07-19 00:00:00, 0.0
16.0, 21.9, 140.0, 33.0, 1990-07-20 00:00:00, 0.0
13.0, 24.4, 90.0, 23.0, 1990-07-21 00:00:00, 0.0
8.0, 25.6, 320.0, 30.0, 1990-07-22 00:00:00, 0.0
11.0, 21.0, 0.0, 46.0, 1990-07-23 00:00:00, 5.5
5.0, 17.9, 140.0, 71.0, 1990-07-24 00:00:00, 0.7
0.0, 14.1, 140.0, 99.0, 1990-07-25 00:00:00, 3.8
11.0, 19.6, 140.0, 69.0, 1990-07-26 00:00:00, 3.0
14.0, 29.8, 90.0, 47.0, 1990-07-27 00:00:00, 0.0
12.0, 22.8, 140.0, 34.0, 1990-07-28 00:00:00, 0.0
10.0, 24.7, 140.0, 37.0, 1990-07-29 00:00:00, 0.0
2.0, 28.8, 320.0, 23.0, 1990-07-30 00:00:00, 0.0
8.0, 23.3, 140.0, 39.0, 1990-07-31 00:00:00, 2.7
15.0, 21.1, 90.0, 47.0, 1990-08-01 00:00:00, 0.0
11.0, 19.5, 140.0, 40.0, 1990-08-02 00:00:00, 0.0
4.0, 22.7, 140.0, 37.0, 1990-08-03 00:00:00, 0.0
3.0, 26.9, 270.0, 26.0, 1990-08-04 00:00:00, 0.0
16.0, 27.1, 320.0, 28.0, 1990-08-05 00:00:00, 0.0
13.0, 23.5, 140.0, 30.0, 1990-08-06 00:00:00, 0.0
5.0, 23.8, 180.0, 17.0, 1990-08-07 00:00:00, 0.0
0.0, 23.5, 140.0, 35.0, 1990-08-08 00:00:00, 0.0
12.0, 26.8, 140.0, 26.0, 1990-08-09 00:00:00, 0.0
17.0, 27.8, 140.0, 27.0, 1990-08-10 00:00:00, 0.0
1.0, 25.2, 320.0, 47.0, 1990-08-11 00:00:00, 19.3
7.0, 27.8, 320.0, 35.0, 1990-08-12 00:00:00, 0.0
16.0, 28.8, 320.0, 30.0, 1990-08-13 00:00:00, 0.0
12.0, 27.1, 0.0, 34.0, 1990-08-14 00:00:00, 0.0
1.0, 25.8, 90.0, 28.0, 1990-08-15 00:00:00, 0.0
5.0, 19.3, 140.0, 50.0, 1990-08-16 00:00:00, 0.0
10.0, 19.0, 0.0, 47.0, 1990-08-17 00:00:00, 0.0
0.0, 12.1, 50.0, 99.0, 1990-08-18 00:00:00, 6.6
5.0, 17.9, 140.0, 69.0, 1990-08-19 00:00:00, 0.2
0.0, 18.2, 270.0, 82.0, 1990-08-20 00:00:00, 5.0
11.0, 17.0, 0.0, 75.0, 1990-08-21 00:00:00, 1.7
0.0, 16.8, 230.0, 68.0, 1990-08-22 00:00:00, 2.0
8.0, 14.2, 140.0, 41.0, 1990-08-23 00:00:00, 0.2
16.0, 15.3, 140.0, 59.0, 1990-08-24 00:00:00, 1.2
10.0, 9.6, 0.0, 97.0, 1990-08-25 00:00:00, 6.8
9.0, 13.3, 180.0, 63.0, 1990-08-26 00:00:00, 0.5
14.0, 17.9, 0.0, 44.0, 1990-08-27 00:00:00, 0.0
1.0, 20.4, 50.0, 40.0, 1990-08-28 00:00:00, 0.0
0.0, 19.0, 0.0, 56.0, 1990-08-29 00:00:00, 0.0
11.0, 11.6, 0.0, 99.0, 1990-08-30 00:00:00, 22.0
5.0, 11.6, 180.0, 92.0, 1990-08-31 00:00:00, 8.1
15.0, 15.3, 0.0, 64.0, 1990-09-01 00:00:00, 0.5
7.0, 14.5, 140.0, 62.0, 1990-09-02 00:00:00, 0.5
22.0, 15.8, 90.0, 49.0, 1990-09-03 00:00:00, 0.0
6.0, 19.4, 140.0, 36.0, 1990-09-04 00:00:00, 0.0
5.0, 24.2, 0.0, 22.0, 1990-09-05 00:00:00, 0.0
4.0, 23.5, 180.0, 14.0, 1990-09-06 00:00:00, 0.0
13.0, 23.8, 180.0, 17.0, 1990-09-07 00:00:00, 0.0
7.0, 24.6, 140.0, 23.0, 1990-09-08 00:00:00, 0.0
5.0, 23.0, 140.0, 33.0, 1990-09-09 00:00:00, 0.0
19.0, 24.2, 320.0, 29.0, 1990-09-10 00:00:00, 0.0
6.0, 24.8, 90.0, 13.0, 1990-09-11 00:00:00, 0.0
16.0, 18.2, 140.0, 40.0, 1990-09-12 00:00:00, 0.0
1.0, 17.9, 180.0, 30.0, 1990-09-13 00:00:00, 0.0
7.0, 21.4, 140.0, 30.0, 1990-09-14 00:00:00, 0.0
8.0, 16.0, 180.0, 40.0, 1990-09-15 00:00:00, 0.0
6.0, 9.3, 320.0, 99.0, 1990-09-16 00:00:00, 7.6
1.0, 13.6, 180.0, 66.0, 1990-09-17 00:00:00, 4.8
15.0, 17.9, 320.0, 47.0, 1990-09-18 00:00:00, 0.0
17.0, 14.5, 140.0, 45.0, 1990-09-19 00:00:00, 0.0
11.0, 15.2, 140.0, 35.0, 1990-09-20 00:00:00, 0.0
8.0, 19.3, 140.0, 42.0, 1990-09-21 00:00:00, 0.0
16.0, 21.5, 0.0, 38.0, 1990-09-22 00:00:00, 0.0
6.0, 23.6, 320.0, 31.0, 1990-09-23 00:00:00, 0.0
4.0, 23.1, 180.0, 14.0, 1990-09-24 00:00:00, 0.0
8.0, 21.7, 180.0, 29.0, 1990-09-25 00:00:00, 0.0
4.0, 18.1, 140.0, 34.0, 1990-09-26 00:00:00, 0.0
8.0, 17.1, 140.0, 34.0, 1990-09-27 00:00:00, 0.0
10.0, 18.3, 320.0, 22.0, 1990-09-28 00:00:00, 0.0
26.0, 17.3, 140.0, 41.0, 1990-09-29 00:00:00, 0.0
12.0, 13.9, 0.0, 42.0, 1990-09-30 00:00:00, 0.0
18.0, 12.5, 140.0, 39.0, 1990-10-01 00:00:00, 0.0
9.0, 4.7, 140.0, 59.0, 1990-10-02 00:00:00, 0.0
16.0, 1.1, 0.0, 99.0, 1990-10-03 00:00:00, 0.5
12.0, 10.1, 0.0, 93.0, 1990-10-04 00:00:00, 7.3
6.0, 4.2, 140.0, 71.0, 1990-10-05 00:00:00, 12.1
11.0, 2.4, 140.0, 66.0, 1990-10-06 00:00:00, 0.5
4.0, 6.6, 140.0, 51.0, 1990-10-07 00:00:00, 0.0
3.0, 10.4, 320.0, 56.0, 1990-10-08 00:00:00, 0.0
7.0, 4.4, 0.0, 81.0, 1990-10-09 00:00:00, 0.0
14.0, 2.5, 140.0, 76.0, 1990-10-10 00:00:00, 4.5
21.0, 4.1, 0.0, 56.0, 1990-10-11 00:00:00, 0.0
20.0, 7.3, 90.0, 52.0, 1990-10-12 00:00:00, 0.2
11.0, 3.5, 90.0, 54.0, 1990-10-13 00:00:00, 0.2
7.0, 0.7, 320.0, 87.0, 1990-10-14 00:00:00, 0.0
8.0, 2.1, 0.0, 99.0, 1990-10-15 00:00:00, 3.0
8.0, 1.9, 140.0, 78.0, 1990-10-16 00:00:00, 5.8
23.0, -1.5, 320.0, 99.0, 1990-10-17 00:00:00, 2.0
10.0, 5.3, 0.0, 81.0, 1990-10-18 00:00:00, 1.5
11.0, 3.0, 140.0, 66.0, 1990-10-19 00:00:00, 1.7
1.0, 5.0, 0.0, 53.0, 1990-10-20 00:00:00, 0.0
19.0, 0.8, 0.0, 99.0, 1990-10-21 00:00:00, 0.0
7.0, 4.8, 140.0, 60.0, 1990-10-22 00:00:00, 4.5
19.0, 1.7, 0.0, 99.0, 1990-10-23 00:00:00, 0.5
29.0, 8.9, 0.0, 53.0, 1990-10-24 00:00:00, 0.0
