station_observations
wind_speed, temperature, wind_direction, relative_humidity, time, precipitation
5.0, 3.8, 320.0, 99.0, 1990-04-25 00:00:00, 1.3
14.0, 5.8, 140.0, 59.0, 1990-04-26 00:00:00, 0.0
5.0, 5.5, 90.0, 52.0, 1990-04-27 00:00:00, 0.0
9.0, 4.2, 320.0, 72.0, 1990-04-28 00:00:00, 1.5
13.0, 3.8, 320.0, 50.0, 1990-04-29 00:00:00, 11.9
7.0, 12.5, 90.0, 40.0, 1990-04-30 00:00:00, 0.0
7.0, 9.2, 0.0, 68.0, 1990-05-01 00:00:00, 0.0
6.0, 10.7, 0.0, 74.0, 1990-05-02 00:00:00, 0.5
1.0, 11.5, 90.0, 71.0, 1990-05-03 00:00:00, 0.0
7.0, 19.5, 90.0, 48.0, 1990-05-04 00:00:00, 0.0
19.0, 22.2, 180.0, 29.0, 1990-05-05 00:00:00, 0.0
13.0, 5.5, 180.0, 52.0, 1990-05-06 00:00:00, 0.0
6.0, 6.2, 0.0, 66.0, 1990-05-07 00:00:00, 0.0
6.0, 10.8, 230.0, 50.0, 1990-05-08 00:00:00, 1.0
5.0, 13.1, 90.0, 48.0, 1990-05-09 00:00:00, 0.0
5.0, 11.3, 140.0, 67.0, 1990-05-10 00:00:00, 0.0
6.0, 10.7, 140.0, 84.0, 1990-05-11 00:00:00, 2.7
4.0, 7.7, 140.0, 83.0, 1990-05-12 00:00:00, 3.5
6.0, 8.7, 320.0, 66.0, 1990-05-13 00:00:00, 1.2
8.0, 11.2, 320.0, 49.0, 1990-05-14 00:00:00, 2.7
3.0, 9.6, 270.0, 79.0, 1990-05-15 00:00:00, 2.0
2.0, 8.7, 270.0, 80.0, 1990-05-16 00:00:00, 1.2
3.0, 10.0, 50.0, 67.0, 1990-05-17 00:00:00, 0.3
6.0, 10.4, 0.0, 82.0, 1990-05-18 00:00:00, 5.1
9.0, 11.5, 180.0, 59.0, 1990-05-19 00:00:00, 0.0
6.0, 5.1, 90.0, 99.0, 1990-05-20 00:00:00, 8.1
4.0, 11.1, 50.0, 56.0, 1990-05-21 00:00:00, 0.0
5.0, 8.3, 140.0, 91.0, 1990-05-22 00:00:00, 7.1
4.0, 11.5, 50.0, 49.0, 1990-05-23 00:00:00, 0.0
7.0, 5.3, 50.0, 99.0, 1990-05-24 00:00:00, 0.0
3.0, 6.7, 50.0, 98.0, 1990-05-25 00:00:00, 2.3
6.0, 12.3, 90.0, 68.0, 1990-05-26 00:00:00, 3.8
3.0, 14.4, 50.0, 71.0, 1990-05-27 00:00:00, 0.8
2.0, 13.1, 230.0, 93.0, 1990-05-28 00:00:00, 2.8
2.0, 9.8, 0.0, 92.0, 1990-05-29 00:00:00, 3.6
9.0, 14.4, 140.0, 58.0, 1990-05-30 00:00:00, 0.0
0.0, 4.5, 50.0, 99.0, 1990-05-31 00:00:00, 7.1
10.0, 11.9, 0.0, 71.0, 1990-06-01 00:00:00, 1.0
15.0, 13.2, 180.0, 65.0, 1990-06-02 00:00:00, 0.5
4.0, 9.8, 90.0, 99.0, 1990-06-03 00:00:00, 6.1
6.0, 9.8, 180.0, 59.0, 1990-06-04 00:00:00, 0.3
9.0, 12.8, 140.0, 45.0, 1990-06-05 00:00:00, 0.0
3.0, 14.3, 90.0, 58.0, 1990-06-06 00:00:00, 0.0
12.0, 11.7, 180.0, 58.0, 1990-06-07 00:00:00, 4.8
6.0, 11.1, 140.0, 70.0, 1990-06-08 00:00:00, 0.0
2.0, 14.3, 90.0, 66.0, 1990-06-09 00:00:00, 0.0
6.0, 7.3, 0.0, 82.0, 1990-06-10 00:00:00, 14.7
16.0, 10.4, 230.0, 63.0, 1990-06-11 00:00:00, 0.0
10.0, 7.4, 0.0, 81.0, 1990-06-12 00:00:00, 0.0
9.0, 15.1, 0.0, 62.0, 1990-06-13 00:00:00, 0.3
5.0, 19.0, 140.0, 42.0, 1990-06-14 00:00:00, 0.0
7.0, 20.8, 230.0, 37.0, 1990-06-15 00:00:00, 0.0
5.0, 16.2, 90.0, 62.0, 1990-06-16 00:00:00, 0.0
5.0, 17.9, 0.0, 53.0, 1990-06-17 00:00:00, 0.0
1.0, 14.7, 50.0, 67.0, 1990-06-18 00:00:00, 0.0
10.0, 15.3, 0.0, 74.0, 1990-06-19 00:00:00, 0.0
1.0, 16.4, 140.0, 63.0, 1990-06-20 00:00:00, 0.0
7.0, 21.3, 140.0, 43.0, 1990-06-21 00:00:00, 0.0
11.0, 27.2, 180.0, 27.0, 1990-06-22 00:00:00, 0.0
6.0, 22.1, 0.0, 31.0, 1990-06-23 00:00:00, 0.8
7.0, 21.0, 320.0, 38.0, 1990-06-24 00:00:00, 0.0
7.0, 20.3, 320.0, 40.0, 1990-06-25 00:00:00, 0.0
10.0, 17.4, 320.0, 48.0, 1990-06-26 00:00:00, 0.0
12.0, 19.0, 180.0, 39.0, 1990-06-27 00:00:00, 0.0
12.0, 14.2, 180.0, 66.0, 1990-06-28 00:00:00, 0.0
4.0, 20.7, 50.0, 51.0, 1990-06-29 00:00:00, 0.0
21.0, 17.2, 180.0, 56.0, 1990-06-30 00:00:00, 0.0
8.0, 16.9, 0.0, 47.0, 1990-07-01 00:00:00, 0.0
1.0, 9.4, 50.0, 99.0, 1990-07-02 00:00:00, 9.7
7.0, 15.0, 140.0, 58.0, 1990-07-03 00:00:00, 1.5
8.0, 18.6, 50.0, 53.0, 1990-07-04 00:00:00, 0.0
2.0, 18.7, 90.0, 61.0, 1990-07-05 00:00:00, 0.0
10.0, 12.6, 0.0, 81.0, 1990-07-06 00:00:00, 3.3
5.0, 15.7, 140.0, 83.0, 1990-07-07 00:00:00, 5.8
11.0, 21.2, 180.0, 56.0, 1990-07-08 00:00:00, 0.0
6.0, 22.8, 0.0, 39.0, 1990-07-09 00:00:00, 0.0
5.0, 26.0, 90.0, 33.0, 1990-07-10 00:00:00, 0.0
10.0, 30.9, 180.0, 22.0, 1990-07-11 00:00:00, 0.0
10.0, 29.2, 140.0, 28.0, 1990-07-12 00:00:00, 1.0
4.0, 24.2, 90.0, 41.0, 1990-07-13 00:00:00, 0.0
5.0, 23.9, 50.0, 32.0, 1990-07-14 00:00:00, 0.0
10.0, 26.1, 180.0, 34.0, 1990-07-15 00:00:00, 0.0
10.0, 21.8, 230.0, 34.0, 1990-07-16 00:00:00, 0.0
2.0, 20.4, 320.0, 40.0, 1990-07-17 00:00:00, 0.0
2.0, 18.9, 0.0, 53.0, 1990-07-18 00:00:00, 0.0
3.0, 20.9, 50.0, 39.0, 1990-07-19 00:00:00, 0.0
4.0, 22.7, 90.0, 32.0, 1990-07-20 00:00:00, 0.0
3.0, 25.4, 50.0, 26.0, 1990-07-21 00:00:00, 0.0
6.0, 29.2, 230.0, 20.0, 1990-07-22 00:00:00, 0.0
10.0, 23.7, 140.0, 35.0, 1990-07-23 00:00:00, 0.0
6.0, 15.9, 320.0, 84.0, 1990-07-24 00:00:00, 0.8
5.0, 21.5, 320.0, 63.0, 1990-07-25 00:00:00, 2.0
10.0, 19.9, 0.0, 70.0, 1990-07-26 00:00:00, 14.5
5.0, 21.6, 90.0, 45.0, 1990-07-27 00:00:00, 0.0
5.0, 24.2, 0.0, 32.0, 1990-07-28 00:00:00, 0.0
5.0, 26.0, 90.0, 28.0, 1990-07-29 00:00:00, 0.0
8.0, 28.4, 0.0, 31.0, 1990-07-30 00:00:00, 0.0
1.0, 25.0, 180.0, 40.0, 1990-07-31 00:00:00, 0.0
9.0, 21.0, 0.0, 50.0, 1990-08-01 00:00:00, 0.0
5.0, 19.5, 90.0, 50.0, 1990-08-02 00:00:00, 0.0
3.0, 23.0, 90.0, 44.0, 1990-08-03 00:00:00, 0.0
7.0, 26.9, 180.0, 38.0, 1990-08-04 00:00:00, 0.0
8.0, 30.4, 180.0, 18.0, 1990-08-05 00:00:00, 0.0
16.0, 21.3, 180.0, 41.0, 1990-08-06 00:00:00, 0.0
9.0, 24.2, 0.0, 21.0, 1990-08-07 00:00:00, 0.0
6.0, 24.8, 90.0, 31.0, 1990-08-08 00:00:00, 0.0
3.0, 27.4, 90.0, 27.0, 1990-08-09 00:00:00, 0.0
5.0, 29.1, 270.0, 27.0, 1990-08-10 00:00:00, 0.0
1.0, 23.6, 140.0, 53.0, 1990-08-11 00:00:00, 0.3
9.0, 29.5, 180.0, 28.0, 1990-08-12 00:00:00, 0.0
10.0, 24.7, 270.0, 54.0, 1990-08-13 00:00:00, 0.0
8.0, 22.3, 140.0, 40.0, 1990-08-14 00:00:00, 0.0
16.0, 18.0, 270.0, 56.0, 1990-08-15 00:00:00, 0.0
12.0, 14.1, 270.0, 67.0, 1990-08-16 00:00:00, 0.0
12.0, 14.6, 140.0, 77.0, 1990-08-17 00:00:00, 0.0
5.0, 11.0, 0.0, 99.0, 1990-08-18 00:00:00, 14.0
4.0, 16.7, 320.0, 73.0, 1990-08-19 00:00:00, 1.5
2.0, 24.2, 140.0, 43.0, 1990-08-20 00:00:00, 0.8
8.0, 16.7, 140.0, 97.0, 1990-08-21 00:00:00, 3.0
8.0, 16.4, 0.0, 78.0, 1990-08-22 00:00:00, 6.6
2.0, 12.7, 180.0, 62.0, 1990-08-23 00:00:00, 2.0
0.0, 9.9, 0.0, 91.0, 1990-08-24 00:00:00, 0.0
7.0, 8.2, 0.0, 94.0, 1990-08-25 00:00:00, 10.4
0.0, 10.8, 0.0, 79.0, 1990-08-26 00:00:00, 0.0
8.0, 19.3, 320.0, 42.0, 1990-08-27 00:00:00, 0.0
6.0, 21.7, 0.0, 30.0, 1990-08-28 00:00:00, 0.0
1.0, 18.9, 90.0, 52.0, 1990-08-29 00:00:00, 0.0
7.0, 14.8, 90.0, 70.0, 1990-08-30 00:00:00, 5.6
8.0, 15.1, 0.0, 61.0, 1990-08-31 00:00:00, 13.2
11.0, 14.7, 140.0, 57.0, 1990-09-01 00:00:00, 0.0
3.0, 15.8, 140.0, 53.0, 1990-09-02 00:00:00, 0.0
8.0, 17.0, 0.0, 37.0, 1990-09-03 00:00:00, 0.0
5.0, 18.8, 90.0, 35.0, 1990-09-04 00:00:00, 0.0
5.0, 24.6, 180.0, 16.0, 1990-09-05 00:00:00, 0.0
4.0, 23.8, 140.0, 22.0, 1990-09-06 00:00:00, 0.0
4.0, 24.9, 140.0, 25.0, 1990-09-07 00:00:00, 0.0
4.0, 24.9, 90.0, 26.0, 1990-09-08 00:00:00, 0.0
6.0, 22.7, 140.0, 33.0, 1990-09-09 00:00:00, 0.0
5.0, 22.5, 50.0, 34.0, 1990-09-10 00:00:00, 0.0
10.0, 25.0, 0.0, 11.0, 1990-09-11 00:00:00, 0.0
3.0, 16.5, 90.0, 59.0, 1990-09-12 00:00:00, 0.0
7.0, 19.0, 90.0, 37.0, 1990-09-13 00:00:00, 0.0
3.0, 21.2, 180.0, 28.0, 1990-09-14 00:00:00, 0.0
4.0, 18.9, 140.0, 45.0, 1990-09-15 00:00:00, 0.0
0.0, 10.8, 0.0, 99.0, 1990-09-16 00:00:00, 11.2
4.0, 15.7, 50.0, 76.0, 1990-09-17 00:00:00, 2.5
3.0, 19.3, 320.0, 35.0, 1990-09-18 00:00:00, 0.0
6.0, 16.3, 90.0, 43.0, 1990-09-19 00:00:00, 0.0
4.0, 17.5, 90.0, 36.0, 1990-09-20 00:00:00, 0.0
5.0, 20.6, 140.0, 49.0, 1990-09-21 00:00:00, 0.0
5.0, 20.6, 140.0, 51.0, 1990-09-22 00:00:00, 0.0
6.0, 18.9, 0.0, 39.0, 1990-09-23 00:00:00, 0.0
1.0, 22.0, 90.0, 38.0, 1990-09-24 00:00:00, 0.0
4.0, 20.0, 90.0, 54.0, 1990-09-25 00:00:00, 0.0
4.0, 16.7, 140.0, 25.0, 1990-09-26 00:00:00, 0.0
4.0, 17.2, 140.0, 30.0, 1990-09-27 00:00:00, 0.0
5.0, 13.2, 230.0, 61.0, 1990-09-28 00:00:00, 0.0
7.0, 16.4, 0.0, 47.0, 1990-09-29 00:00:00, 0.0
1.0, 10.7, 90.0, 59.0, 1990-09-30 00:00:00, 0.0
7.0, 9.0, 230.0, 52.0, 1990-10-01 00:00:00, 1.3
6.0, 10.2, 180.0, 51.0, 1990-10-02 00:00:00, 0.0
8.0, 9.8, 180.0, 49.0, 1990-10-03 00:00:00, 0.0
