station_observations
wind_speed, temperature, wind_direction, relative_humidity, time, precipitation
0.0, 0.0, 0.0, 0.0, 1993-06-04 00:00:00, 0.0
5.0, 16.8, 90.0, 41.0, 1993-06-05 00:00:00, 0.0
3.0, 18.3, 90.0, 27.0, 1993-06-06 00:00:00, 0.0
7.0, 7.0, 270.0, 95.0, 1993-06-07 00:00:00, 4.5
4.0, 11.6, 270.0, 73.0, 1993-06-08 00:00:00, 4.5
10.0, 6.4, 140.0, 92.0, 1993-06-09 00:00:00, 1.5
2.0, 11.4, 180.0, 49.0, 1993-06-10 00:00:00, 1.7
0.0, 4.2, 320.0, 94.0, 1993-06-11 00:00:00, 14.7
6.0, 7.6, 270.0, 87.0, 1993-06-12 00:00:00, 0.0
10.0, 13.9, 180.0, 49.0, 1993-06-13 00:00:00, 0.0
4.0, 12.2, 140.0, 60.0, 1993-06-14 00:00:00, 0.0
0.0, 12.1, 0.0, 83.0, 1993-06-15 00:00:00, 14.4
3.0, 12.1, 180.0, 92.0, 1993-06-16 00:00:00, 4.0
1.0, 19.1, 320.0, 51.0, 1993-06-17 00:00:00, 2.2
3.0, 19.9, 320.0, 48.0, 1993-06-18 00:00:00, 0.0
6.0, 18.7, 270.0, 34.0, 1993-06-19 00:00:00, 0.0
9.0, 19.9, 230.0, 26.0, 1993-06-20 00:00:00, 0.0
0.0, 12.3, 230.0, 89.0, 1993-06-21 00:00:00, 0.7
11.0, 8.7, 270.0, 67.0, 1993-06-22 00:00:00, 21.3
15.0, 5.9, 270.0, 77.0, 1993-06-23 00:00:00, 1.5
4.0, 13.7, 270.0, 61.0, 1993-06-24 00:00:00, 0.5
1.0, 18.4, 230.0, 52.0, 1993-06-25 00:00:00, 0.0
11.0, 22.8, 180.0, 34.0, 1993-06-26 00:00:00, 0.0
3.0, 17.6, 270.0, 36.0, 1993-06-27 00:00:00, 3.3
4.0, 16.0, 320.0, 33.0, 1993-06-28 00:00:00, 0.0
4.0, 16.6, 0.0, 42.0, 1993-06-29 00:00:00, 0.2
7.0, 21.1, 230.0, 27.0, 1993-06-30 00:00:00, 0.0
3.0, 16.3, 0.0, 44.0, 1993-07-01 00:00:00, 0.0
1.0, 9.0, 180.0, 94.0, 1993-07-02 00:00:00, 12.1
10.0, 21.3, 270.0, 42.0, 1993-07-03 00:00:00, 6.3
6.0, 14.6, 320.0, 73.0, 1993-07-04 00:00:00, 2.2
8.0, 18.1, 270.0, 52.0, 1993-07-05 00:00:00, 0.0
2.0, 13.6, 320.0, 51.0, 1993-07-06 00:00:00, 0.0
1.0, 12.0, 320.0, 73.0, 1993-07-07 00:00:00, 0.0
6.0, 18.2, 270.0, 52.0, 1993-07-08 00:00:00, 0.0
4.0, 13.8, 270.0, 62.0, 1993-07-09 00:00:00, 0.0
1.0, 11.3, 90.0, 90.0, 1993-07-10 00:00:00, 3.5
1.0, 4.0, 180.0, 96.0, 1993-07-11 00:00:00, 45.7
1.0, 11.6, 320.0, 81.0, 1993-07-12 00:00:00, 11.6
5.0, 12.2, 140.0, 62.0, 1993-07-13 00:00:00, 0.7
0.0, 9.4, 230.0, 90.0, 1993-07-14 00:00:00, 0.2
4.0, 10.6, 0.0, 72.0, 1993-07-15 00:00:00, 0.7
0.0, 12.4, 230.0, 75.0, 1993-07-16 00:00:00, 11.4
3.0, 12.1, 270.0, 81.0, 1993-07-17 00:00:00, 8.3
0.0, 10.3, 270.0, 85.0, 1993-07-18 00:00:00, 8.8
3.0, 10.2, 270.0, 87.0, 1993-07-19 00:00:00, 10.4
0.0, 8.4, 270.0, 94.0, 1993-07-20 00:00:00, 20.8
1.0, 11.8, 270.0, 86.0, 1993-07-21 00:00:00, 22.8
1.0, 11.5, 140.0, 78.0, 1993-07-22 00:00:00, 0.0
5.0, 13.9, 270.0, 76.0, 1993-07-23 00:00:00, 3.3
3.0, 13.3, 0.0, 80.0, 1993-07-24 00:00:00, 0.0
2.0, 12.8, 0.0, 75.0, 1993-07-25 00:00:00, 14.4
3.0, 16.3, 270.0, 62.0, 1993-07-26 00:00:00, 0.0
9.0, 19.9, 180.0, 51.0, 1993-07-27 00:00:00, 0.0
10.0, 21.7, 140.0, 54.0, 1993-07-28 00:00:00, 0.2
12.0, 13.5, 180.0, 62.0, 1993-07-29 00:00:00, 8.8
3.0, 13.7, 180.0, 42.0, 1993-07-30 00:00:00, 0.2
4.0, 16.4, 270.0, 53.0, 1993-07-31 00:00:00, 0.0
6.0, 19.7, 230.0, 45.0, 1993-08-01 00:00:00, 0.0
4.0, 21.4, 0.0, 38.0, 1993-08-02 00:00:00, 0.0
5.0, 22.8, 140.0, 36.0, 1993-08-03 00:00:00, 0.0
3.0, 23.5, 0.0, 30.0, 1993-08-04 00:00:00, 0.0
0.0, 21.5, 320.0, 42.0, 1993-08-05 00:00:00, 0.0
4.0, 23.7, 230.0, 36.0, 1993-08-06 00:00:00, 2.2
3.0, 18.1, 320.0, 44.0, 1993-08-07 00:00:00, 0.0
9.0, 21.5, 180.0, 38.0, 1993-08-08 00:00:00, 0.0
4.0, 18.5, 230.0, 46.0, 1993-08-09 00:00:00, 0.0
4.0, 14.9, 270.0, 56.0, 1993-08-10 00:00:00, 0.0
7.0, 14.9, 270.0, 54.0, 1993-08-11 00:00:00, 0.0
2.0, 19.2, 230.0, 19.0, 1993-08-12 00:00:00, 0.0
1.0, 19.1, 270.0, 47.0, 1993-08-13 00:00:00, 0.0
6.0, 13.4, 140.0, 71.0, 1993-08-14 00:00:00, 3.5
0.0, 10.2, 140.0, 95.0, 1993-08-15 00:00:00, 12.9
1.0, 14.0, 270.0, 89.0, 1993-08-16 00:00:00, 3.0
0.0, 15.4, 230.0, 88.0, 1993-08-17 00:00:00, 6.8
1.0, 16.8, 140.0, 73.0, 1993-08-18 00:00:00, 0.2
3.0, 21.7, 140.0, 50.0, 1993-08-19 00:00:00, 0.0
2.0, 23.6, 230.0, 47.0, 1993-08-20 00:00:00, 0.0
3.0, 15.9, 270.0, 53.0, 1993-08-21 00:00:00, 2.0
7.0, 19.2, 230.0, 49.0, 1993-08-22 00:00:00, 0.0
5.0, 14.7, 270.0, 58.0, 1993-08-23 00:00:00, 0.5
6.0, 7.7, 320.0, 64.0, 1993-08-24 00:00:00, 0.0
1.0, 8.4, 270.0, 78.0, 1993-08-25 00:00:00, 1.0
4.0, 14.6, 270.0, 56.0, 1993-08-26 00:00:00, 0.0
6.0, 13.9, 270.0, 49.0, 1993-08-27 00:00:00, 0.0
6.0, 8.0, 320.0, 89.0, 1993-08-28 00:00:00, 0.2
1.0, 12.7, 0.0, 68.0, 1993-08-29 00:00:00, 1.5
1.0, 16.5, 320.0, 43.0, 1993-08-30 00:00:00, 0.2
3.0, 17.8, 270.0, 36.0, 1993-08-31 00:00:00, 0.0
3.0, 16.2, 0.0, 54.0, 1993-09-01 00:00:00, 0.0
1.0, 21.0, 270.0, 39.0, 1993-09-02 00:00:00, 0.0
3.0, 22.9, 270.0, 33.0, 1993-09-03 00:00:00, 0.0
2.0, 22.7, 0.0, 33.0, 1993-09-04 00:00:00, 0.0
1.0, 20.8, 140.0, 36.0, 1993-09-05 00:00:00, 0.0
5.0, 21.0, 270.0, 34.0, 1993-09-06 00:00:00, 0.0
2.0, 23.0, 270.0, 25.0, 1993-09-07 00:00:00, 0.0
2.0, 23.4, 230.0, 32.0, 1993-09-08 00:00:00, 0.0
0.0, 24.1, 180.0, 10.0, 1993-09-09 00:00:00, 0.0
7.0, 23.1, 270.0, 28.0, 1993-09-10 00:00:00, 0.0
7.0, 14.0, 270.0, 39.0, 1993-09-11 00:00:00, 0.0
5.0, 9.5, 270.0, 59.0, 1993-09-12 00:00:00, 0.7
5.0, 13.2, 270.0, 29.0, 1993-09-13 00:00:00, 0.0
0.0, 7.0, 180.0, 89.0, 1993-09-14 00:00:00, 2.0
1.0, 8.2, 320.0, 82.0, 1993-09-15 00:00:00, 0.0
6.0, 12.9, 90.0, 37.0, 1993-09-16 00:00:00, 0.2
3.0, 14.4, 230.0, 36.0, 1993-09-17 00:00:00, 0.0
1.0, 12.5, 180.0, 51.0, 1993-09-18 00:00:00, 0.2
0.0, 9.1, 270.0, 73.0, 1993-09-19 00:00:00, 0.2
0.0, 0.6, 270.0, 96.0, 1993-09-20 00:00:00, 5.8
2.0, 8.8, 270.0, 64.0, 1993-09-21 00:00:00, 9.9
1.0, 12.8, 320.0, 42.0, 1993-09-22 00:00:00, 0.0
1.0, 15.6, 230.0, 35.0, 1993-09-23 00:00:00, 0.0
0.0, 10.1, 270.0, 56.0, 1993-09-24 00:00:00, 0.0
3.0, 12.2, 270.0, 58.0, 1993-09-25 00:00:00, 1.2
2.0, 18.3, 180.0, 31.0, 1993-09-26 00:00:00, 0.0
1.0, 20.2, 270.0, 37.0, 1993-09-27 00:00:00, 0.0
2.0, 20.0, 180.0, 44.0, 1993-09-28 00:00:00, 0.0
9.0, 20.9, 270.0, 29.0, 1993-09-29 00:00:00, 0.0
8.0, 13.4, 320.0, 44.0, 1993-09-30 00:00:00, 0.0
12.0, 15.4, 320.0, 40.0, 1993-10-01 00:00:00, 0.0
1.0, 17.7, 180.0, 42.0, 1993-10-02 00:00:00, 0.0
2.0, 20.6, 230.0, 39.0, 1993-10-03 00:00:00, 0.0
1.0, 20.2, 230.0, 38.0, 1993-10-04 00:00:00, 0.0
1.0, 19.9, 270.0, 20.0, 1993-10-05 00:00:00, 0.0
6.0, 12.6, 270.0, 60.0, 1993-10-06 00:00:00, 0.0
4.0, 4.3, 270.0, 95.0, 1993-10-07 00:00:00, 10.9
0.0, 8.6, 180.0, 90.0, 1993-10-08 00:00:00, 0.0
0.0, 13.8, 230.0, 41.0, 1993-10-09 00:00:00, 0.0
6.0, 12.5, 270.0, 39.0, 1993-10-10 00:00:00, 0.2
4.0, 14.1, 270.0, 47.0, 1993-10-11 00:00:00, 0.0
1.0, 14.7, 270.0, 49.0, 1993-10-12 00:00:00, 0.0
3.0, 7.5, 270.0, 94.0, 1993-10-13 00:00:00, 0.7
0.0, 9.0, 270.0, 73.0, 1993-10-14 00:00:00, 1.0
0.0, 6.2, 270.0, 92.0, 1993-10-15 00:00:00, 4.3
