station_observations
wind_speed, temperature, wind_direction, relative_humidity, time, precipitation
0.0, 0.0, 0.0, 0.0, 1989-05-31 00:00:00, 0.0
14.0, 19.0, 90.0, 39.0, 1989-06-01 00:00:00, 0.0
17.0, 20.0, 90.0, 26.0, 1989-06-02 00:00:00, 0.0
7.0, 20.6, 50.0, 29.0, 1989-06-03 00:00:00, 0.0
11.0, 20.8, 50.0, 34.0, 1989-06-04 00:00:00, 0.0
6.0, 23.1, 0.0, 33.0, 1989-06-05 00:00:00, 0.0
14.0, 20.8, 90.0, 30.0, 1989-06-06 00:00:00, 0.0
20.0, 20.8, 90.0, 30.0, 1989-06-07 00:00:00, 0.0
3.0, 21.3, 0.0, 38.0, 1989-06-08 00:00:00, 0.0
17.0, 16.7, 90.0, 71.0, 1989-06-09 00:00:00, 0.0
14.0, 18.8, 140.0, 54.0, 1989-06-10 00:00:00, 0.0
10.0, 22.0, 50.0, 47.0, 1989-06-11 00:00:00, 0.0
8.0, 24.1, 0.0, 43.0, 1989-06-12 00:00:00, 0.0
9.0, 23.6, 320.0, 40.0, 1989-06-13 00:00:00, 0.0
6.0, 11.9, 140.0, 96.0, 1989-06-14 00:00:00, 14.0
7.0, 12.0, 50.0, 82.0, 1989-06-15 00:00:00, 8.9
14.0, 12.2, 0.0, 88.0, 1989-06-16 00:00:00, 10.3
8.0, 11.3, 320.0, 76.0, 1989-06-17 00:00:00, 3.6
10.0, 12.6, 320.0, 75.0, 1989-06-18 00:00:00, 2.8
3.0, 6.7, 0.0, 93.0, 1989-06-19 00:00:00, 5.1
4.0, 7.6, 0.0, 94.0, 1989-06-20 00:00:00, 4.0
10.0, 14.3, 50.0, 72.0, 1989-06-21 00:00:00, 0.0
13.0, 14.1, 90.0, 81.0, 1989-06-22 00:00:00, 4.1
13.0, 19.3, 90.0, 40.0, 1989-06-23 00:00:00, 0.0
6.0, 15.9, 90.0, 56.0, 1989-06-24 00:00:00, 0.0
9.0, 19.9, 0.0, 46.0, 1989-06-25 00:00:00, 0.0
15.0, 15.5, 90.0, 84.0, 1989-06-26 00:00:00, 0.8
14.0, 12.7, 50.0, 62.0, 1989-06-27 00:00:00, 0.5
10.0, 10.7, 270.0, 70.0, 1989-06-28 00:00:00, 0.8
6.0, 11.0, 270.0, 95.0, 1989-06-29 00:00:00, 3.6
11.0, 10.9, 270.0, 93.0, 1989-06-30 00:00:00, 2.8
10.0, 11.9, 50.0, 88.0, 1989-07-01 00:00:00, 10.4
12.0, 13.9, 0.0, 80.0, 1989-07-02 00:00:00, 5.1
16.0, 10.0, 320.0, 89.0, 1989-07-03 00:00:00, 2.5
7.0, 17.1, 0.0, 65.0, 1989-07-04 00:00:00, 0.0
10.0, 17.4, 0.0, 51.0, 1989-07-05 00:00:00, 1.0
7.0, 18.7, 0.0, 49.0, 1989-07-06 00:00:00, 0.0
16.0, 20.7, 320.0, 38.0, 1989-07-07 00:00:00, 0.0
15.0, 11.4, 50.0, 74.0, 1989-07-08 00:00:00, 5.8
19.0, 18.3, 90.0, 56.0, 1989-07-09 00:00:00, 0.5
9.0, 14.4, 90.0, 78.0, 1989-07-10 00:00:00, 0.0
9.0, 17.6, 0.0, 81.0, 1989-07-11 00:00:00, 3.0
9.0, 22.3, 50.0, 58.0, 1989-07-12 00:00:00, 0.0
7.0, 21.6, 0.0, 66.0, 1989-07-13 00:00:00, 0.0
64.0, 24.9, 0.0, 50.0, 1989-07-14 00:00:00, 0.0
17.0, 17.1, 140.0, 80.0, 1989-07-15 00:00:00, 2.0
12.0, 19.8, 320.0, 69.0, 1989-07-16 00:00:00, 6.6
2.0, 14.4, 320.0, 84.0, 1989-07-17 00:00:00, 7.1
6.0, 19.9, 0.0, 59.0, 1989-07-18 00:00:00, 0.0
13.0, 24.1, 320.0, 56.0, 1989-07-19 00:00:00, 0.0
7.0, 25.5, 320.0, 51.0, 1989-07-20 00:00:00, 0.2
13.0, 17.1, 50.0, 62.0, 1989-07-21 00:00:00, 7.8
13.0, 18.6, 50.0, 46.0, 1989-07-22 00:00:00, 0.0
10.0, 22.6, 0.0, 38.0, 1989-07-23 00:00:00, 0.0
18.0, 20.4, 90.0, 38.0, 1989-07-24 00:00:00, 0.0
15.0, 22.2, 50.0, 43.0, 1989-07-25 00:00:00, 0.0
10.0, 25.6, 50.0, 35.0, 1989-07-26 00:00:00, 0.0
11.0, 23.2, 50.0, 53.0, 1989-07-27 00:00:00, 2.7
8.0, 21.9, 50.0, 50.0, 1989-07-28 00:00:00, 2.5
7.0, 26.1, 0.0, 37.0, 1989-07-29 00:00:00, 0.0
16.0, 27.4, 90.0, 35.0, 1989-07-30 00:00:00, 0.0
16.0, 26.6, 90.0, 39.0, 1989-07-31 00:00:00, 0.0
8.0, 22.1, 50.0, 41.0, 1989-08-01 00:00:00, 0.2
8.0, 9.7, 90.0, 87.0, 1989-08-02 00:00:00, 9.6
28.0, 9.4, 320.0, 97.0, 1989-08-03 00:00:00, 8.3
9.0, 18.1, 50.0, 81.0, 1989-08-04 00:00:00, 0.2
7.0, 22.6, 0.0, 59.0, 1989-08-05 00:00:00, 0.0
5.0, 25.3, 50.0, 53.0, 1989-08-06 00:00:00, 0.0
10.0, 23.7, 90.0, 48.0, 1989-08-07 00:00:00, 0.0
8.0, 24.4, 50.0, 55.0, 1989-08-08 00:00:00, 0.0
5.0, 15.9, 320.0, 93.0, 1989-08-09 00:00:00, 5.1
10.0, 20.7, 320.0, 65.0, 1989-08-10 00:00:00, 3.6
11.0, 23.3, 320.0, 38.0, 1989-08-11 00:00:00, 0.0
12.0, 24.1, 50.0, 47.0, 1989-08-12 00:00:00, 0.0
5.0, 21.9, 270.0, 55.0, 1989-08-13 00:00:00, 2.3
5.0, 17.3, 0.0, 76.0, 1989-08-14 00:00:00, 1.5
2.0, 7.8, 270.0, 95.0, 1989-08-15 00:00:00, 17.0
2.0, 8.5, 50.0, 95.0, 1989-08-16 00:00:00, 1.8
12.0, 12.9, 90.0, 86.0, 1989-08-17 00:00:00, 7.6
5.0, 18.1, 50.0, 75.0, 1989-08-18 00:00:00, 0.0
5.0, 14.6, 50.0, 93.0, 1989-08-19 00:00:00, 4.6
3.0, 13.8, 0.0, 90.0, 1989-08-20 00:00:00, 0.8
4.0, 14.4, 140.0, 90.0, 1989-08-21 00:00:00, 4.3
9.0, 11.8, 50.0, 92.0, 1989-08-22 00:00:00, 14.7
0.0, 14.1, 0.0, 65.0, 1989-08-23 00:00:00, 1.3
13.0, 18.0, 90.0, 64.0, 1989-08-24 00:00:00, 1.5
3.0, 12.0, 320.0, 91.0, 1989-08-25 00:00:00, 0.8
9.0, 15.0, 50.0, 87.0, 1989-08-26 00:00:00, 8.4
11.0, 13.7, 50.0, 89.0, 1989-08-27 00:00:00, 9.7
5.0, 11.2, 50.0, 86.0, 1989-08-28 00:00:00, 0.8
4.0, 11.3, 320.0, 86.0, 1989-08-29 00:00:00, 13.0
16.0, 15.0, 50.0, 81.0, 1989-08-30 00:00:00, 0.8
1.0, 10.1, 50.0, 91.0, 1989-08-31 00:00:00, 3.8
6.0, 15.2, 0.0, 86.0, 1989-09-01 00:00:00, 8.6
5.0, 7.1, 140.0, 96.0, 1989-09-02 00:00:00, 7.6
4.0, 10.1, 50.0, 88.0, 1989-09-03 00:00:00, 0.8
8.0, 11.7, 270.0, 79.0, 1989-09-04 00:00:00, 0.0
12.0, 9.6, 140.0, 73.0, 1989-09-05 00:00:00, 7.9
11.0, 12.9, 50.0, 82.0, 1989-09-06 00:00:00, 0.0
18.0, 17.9, 90.0, 69.0, 1989-09-07 00:00:00, 0.0
9.0, 13.5, 50.0, 66.0, 1989-09-08 00:00:00, 0.0
12.0, 11.6, 50.0, 82.0, 1989-09-09 00:00:00, 0.4
15.0, 14.2, 50.0, 44.0, 1989-09-10 00:00:00, 0.0
10.0, 14.3, 50.0, 53.0, 1989-09-11 00:00:00, 0.0
6.0, 16.3, 90.0, 56.0, 1989-09-12 00:00:00, 0.0
5.0, 19.1, 270.0, 49.0, 1989-09-13 00:00:00, 0.0
8.0, 19.2, 320.0, 51.0, 1989-09-14 00:00:00, 0.0
9.0, 19.7, 0.0, 37.0, 1989-09-15 00:00:00, 0.0
13.0, 8.6, 140.0, 62.0, 1989-09-16 00:00:00, 0.0
14.0, 12.8, 90.0, 72.0, 1989-09-17 00:00:00, 1.3
9.0, 9.6, 50.0, 78.0, 1989-09-18 00:00:00, 0.0
0.0, 8.0, 0.0, 78.0, 1989-09-19 00:00:00, 0.0
9.0, 12.4, 90.0, 73.0, 1989-09-20 00:00:00, 0.0
7.0, 16.4, 50.0, 68.0, 1989-09-21 00:00:00, 0.0
0.0, 18.8, 0.0, 57.0, 1989-09-22 00:00:00, 0.0
0.0, 18.4, 0.0, 54.0, 1989-09-23 00:00:00, 0.0
4.0, 18.4, 50.0, 61.0, 1989-09-24 00:00:00, 0.0
4.0, 19.3, 50.0, 52.0, 1989-09-25 00:00:00, 0.0
9.0, 16.5, 270.0, 55.0, 1989-09-26 00:00:00, 0.0
10.0, 15.5, 50.0, 71.0, 1989-09-27 00:00:00, 0.0
4.0, 18.8, 0.0, 56.0, 1989-09-28 00:00:00, 0.0
12.0, 17.0, 320.0, 50.0, 1989-09-29 00:00:00, 0.0
23.0, 14.0, 90.0, 41.0, 1989-09-30 00:00:00, 0.5
14.0, 7.9, 140.0, 56.0, 1989-10-01 00:00:00, 0.0
0.0, 9.7, 0.0, 0.0, 1989-10-02 00:00:00, 0.0
9.0, 10.9, 50.0, 50.0, 1989-10-03 00:00:00, 0.0
6.0, 12.4, 0.0, 48.0, 1989-10-04 00:00:00, 0.0
5.0, 7.4, 270.0, 84.0, 1989-10-05 00:00:00, 0.0
10.0, 10.5, 50.0, 86.0, 1989-10-06 00:00:00, 0.3
8.0, 10.2, 320.0, 72.0, 1989-10-07 00:00:00, 0.0
