station_observations
wind_speed, temperature, wind_direction, relative_humidity, time, precipitation
0.0, 0.0, 0.0, 0.0, 1989-04-30 00:00:00, 0.0
3.0, 12.5, 0.0, 52.0, 1989-05-01 00:00:00, 0.0
3.0, 13.0, 50.0, 50.0, 1989-05-02 00:00:00, 0.2
3.0, 15.2, 0.0, 40.0, 1989-05-03 00:00:00, 0.0
3.0, 19.6, 0.0, 33.0, 1989-05-04 00:00:00, 0.0
3.0, 19.5, 0.0, 33.0, 1989-05-05 00:00:00, 0.0
1.0, 17.0, 0.0, 64.0, 1989-05-06 00:00:00, 0.2
14.0, 20.6, 0.0, 32.0, 1989-05-07 00:00:00, 0.0
14.0, 23.4, 0.0, 28.0, 1989-05-08 00:00:00, 0.0
5.0, 22.0, 0.0, 50.0, 1989-05-09 00:00:00, 0.0
0.0, 8.8, 0.0, 95.0, 1989-05-10 00:00:00, 17.0
10.0, 8.0, 0.0, 59.0, 1989-05-11 00:00:00, 0.7
6.0, 10.5, 0.0, 55.0, 1989-05-12 00:00:00, 0.7
6.0, 16.7, 0.0, 24.0, 1989-05-13 00:00:00, 0.2
2.0, 16.2, 0.0, 39.0, 1989-05-14 00:00:00, 0.0
9.0, 17.9, 0.0, 33.0, 1989-05-15 00:00:00, 0.0
6.0, 10.4, 0.0, 94.0, 1989-05-16 00:00:00, 7.6
0.0, 9.6, 0.0, 75.0, 1989-05-17 00:00:00, 7.3
14.0, 7.7, 0.0, 81.0, 1989-05-18 00:00:00, 24.8
3.0, 7.4, 0.0, 61.0, 1989-05-19 00:00:00, 5.3
7.0, 10.2, 0.0, 45.0, 1989-05-20 00:00:00, 0.0
9.0, 12.3, 0.0, 44.0, 1989-05-21 00:00:00, 0.0
2.0, 16.6, 0.0, 31.0, 1989-05-22 00:00:00, 0.0
2.0, 11.4, 0.0, 66.0, 1989-05-23 00:00:00, 7.6
7.0, 7.7, 0.0, 91.0, 1989-05-24 00:00:00, 21.3
12.0, 13.0, 0.0, 66.0, 1989-05-25 00:00:00, 0.2
12.0, 11.6, 0.0, 55.0, 1989-05-26 00:00:00, 0.0
4.0, 12.5, 0.0, 67.0, 1989-05-27 00:00:00, 1.7
8.0, 18.3, 0.0, 26.0, 1989-05-28 00:00:00, 0.0
1.0, 20.5, 0.0, 23.0, 1989-05-29 00:00:00, 0.0
5.0, 22.0, 0.0, 33.0, 1989-05-30 00:00:00, 0.0
7.0, 21.7, 0.0, 42.0, 1989-05-31 00:00:00, 0.5
2.0, 21.3, 0.0, 37.0, 1989-06-01 00:00:00, 0.0
9.0, 25.7, 0.0, 15.0, 1989-06-02 00:00:00, 0.0
5.0, 24.8, 0.0, 13.0, 1989-06-03 00:00:00, 0.0
10.0, 25.7, 0.0, 27.0, 1989-06-04 00:00:00, 0.0
7.0, 26.6, 0.0, 32.0, 1989-06-05 00:00:00, 0.0
7.0, 24.4, 0.0, 16.0, 1989-06-06 00:00:00, 0.0
5.0, 22.5, 0.0, 28.0, 1989-06-07 00:00:00, 0.0
10.0, 21.8, 0.0, 35.0, 1989-06-08 00:00:00, 0.0
7.0, 19.7, 0.0, 41.0, 1989-06-09 00:00:00, 0.0
7.0, 24.2, 0.0, 36.0, 1989-06-10 00:00:00, 0.7
8.0, 26.1, 0.0, 32.0, 1989-06-11 00:00:00, 0.0
7.0, 27.7, 0.0, 31.0, 1989-06-12 00:00:00, 0.0
4.0, 25.3, 0.0, 37.0, 1989-06-13 00:00:00, 0.0
30.0, 14.9, 0.0, 94.0, 1989-06-14 00:00:00, 15.4
68.0, 17.3, 0.0, 51.0, 1989-06-15 00:00:00, 15.4
2.0, 10.8, 0.0, 91.0, 1989-06-16 00:00:00, 4.3
7.0, 16.1, 0.0, 55.0, 1989-06-17 00:00:00, 6.3
14.0, 17.5, 0.0, 36.0, 1989-06-18 00:00:00, 0.5
0.0, 7.5, 0.0, 99.0, 1989-06-19 00:00:00, 4.8
9.0, 10.5, 0.0, 74.0, 1989-06-20 00:00:00, 2.7
10.0, 17.5, 0.0, 57.0, 1989-06-21 00:00:00, 0.5
3.0, 16.5, 0.0, 64.0, 1989-06-22 00:00:00, 8.1
3.0, 24.4, 0.0, 22.0, 1989-06-23 00:00:00, 0.0
0.0, 22.3, 0.0, 39.0, 1989-06-24 00:00:00, 0.0
8.0, 24.0, 0.0, 31.0, 1989-06-25 00:00:00, 2.2
3.0, 18.8, 0.0, 58.0, 1989-06-26 00:00:00, 10.9
1.0, 12.1, 0.0, 62.0, 1989-06-27 00:00:00, 2.5
2.0, 12.9, 0.0, 84.0, 1989-06-28 00:00:00, 1.5
0.0, 14.0, 0.0, 91.0, 1989-06-29 00:00:00, 2.0
11.0, 19.7, 0.0, 60.0, 1989-06-30 00:00:00, 3.5
11.0, 16.1, 180.0, 47.0, 1989-07-01 00:00:00, 13.4
2.0, 16.8, 270.0, 56.0, 1989-07-02 00:00:00, 8.6
14.0, 19.5, 230.0, 44.0, 1989-07-03 00:00:00, 1.0
12.0, 20.3, 230.0, 41.0, 1989-07-04 00:00:00, 0.0
5.0, 18.6, 230.0, 45.0, 1989-07-05 00:00:00, 14.2
5.0, 22.8, 230.0, 29.0, 1989-07-06 00:00:00, 0.0
1.0, 22.5, 0.0, 35.0, 1989-07-07 00:00:00, 0.0
6.0, 14.5, 0.0, 80.0, 1989-07-08 00:00:00, 2.2
8.0, 19.7, 0.0, 47.0, 1989-07-09 00:00:00, 2.5
8.0, 20.3, 0.0, 53.0, 1989-07-10 00:00:00, 0.7
5.0, 17.0, 0.0, 82.0, 1989-07-11 00:00:00, 4.0
2.0, 28.1, 0.0, 30.0, 1989-07-12 00:00:00, 0.5
6.0, 26.7, 0.0, 38.0, 1989-07-13 00:00:00, 0.0
6.0, 29.9, 0.0, 35.0, 1989-07-14 00:00:00, 0.0
2.0, 15.7, 0.0, 98.0, 1989-07-15 00:00:00, 34.2
2.0, 17.4, 0.0, 72.0, 1989-07-16 00:00:00, 0.0
1.0, 18.6, 0.0, 72.0, 1989-07-17 00:00:00, 0.0
9.0, 24.2, 0.0, 42.0, 1989-07-18 00:00:00, 0.0
3.0, 24.8, 0.0, 48.0, 1989-07-19 00:00:00, 0.0
2.0, 25.4, 0.0, 32.0, 1989-07-20 00:00:00, 0.0
11.0, 18.2, 0.0, 43.0, 1989-07-21 00:00:00, 0.0
5.0, 18.6, 0.0, 56.0, 1989-07-22 00:00:00, 7.1
4.0, 25.0, 0.0, 32.0, 1989-07-23 00:00:00, 0.0
7.0, 22.9, 0.0, 32.0, 1989-07-24 00:00:00, 0.0
7.0, 25.8, 270.0, 23.0, 1989-07-25 00:00:00, 0.0
10.0, 30.8, 0.0, 16.0, 1989-07-26 00:00:00, 0.0
1.0, 24.9, 0.0, 52.0, 1989-07-27 00:00:00, 3.0
2.0, 25.1, 0.0, 47.0, 1989-07-28 00:00:00, 1.2
1.0, 28.8, 0.0, 32.0, 1989-07-29 00:00:00, 0.0
3.0, 30.0, 0.0, 31.0, 1989-07-30 00:00:00, 0.0
8.0, 31.0, 0.0, 31.0, 1989-07-31 00:00:00, 0.0
10.0, 24.1, 230.0, 38.0, 1989-08-01 00:00:00, 0.0
7.0, 12.5, 180.0, 80.0, 1989-08-02 00:00:00, 18.2
2.0, 16.2, 0.0, 79.0, 1989-08-03 00:00:00, 33.0
3.0, 21.8, 0.0, 60.0, 1989-08-04 00:00:00, 0.0
5.0, 25.9, 0.0, 47.0, 1989-08-05 00:00:00, 0.0
5.0, 27.6, 0.0, 40.0, 1989-08-06 00:00:00, 0.0
8.0, 27.3, 0.0, 39.0, 1989-08-07 00:00:00, 0.0
2.0, 27.9, 230.0, 44.0, 1989-08-08 00:00:00, 0.0
5.0, 22.2, 230.0, 58.0, 1989-08-09 00:00:00, 0.0
4.0, 21.6, 0.0, 47.0, 1989-08-10 00:00:00, 0.2
4.0, 23.3, 0.0, 40.0, 1989-08-11 00:00:00, 0.0
5.0, 28.1, 0.0, 35.0, 1989-08-12 00:00:00, 0.0
4.0, 23.5, 0.0, 66.0, 1989-08-13 00:00:00, 4.3
0.0, 15.8, 0.0, 95.0, 1989-08-14 00:00:00, 1.0
4.0, 11.6, 0.0, 96.0, 1989-08-15 00:00:00, 13.9
0.0, 10.3, 0.0, 99.0, 1989-08-16 00:00:00, 14.9
9.0, 16.6, 0.0, 77.0, 1989-08-17 00:00:00, 8.6
1.0, 19.9, 0.0, 68.0, 1989-08-18 00:00:00, 0.0
7.0, 21.1, 0.0, 68.0, 1989-08-19 00:00:00, 2.5
0.0, 14.9, 0.0, 97.0, 1989-08-20 00:00:00, 2.7
0.0, 17.0, 0.0, 94.0, 1989-08-21 00:00:00, 22.6
3.0, 14.1, 0.0, 78.0, 1989-08-22 00:00:00, 7.3
7.0, 17.2, 0.0, 68.0, 1989-08-23 00:00:00, 0.0
5.0, 21.4, 0.0, 50.0, 1989-08-24 00:00:00, 0.0
5.0, 20.7, 230.0, 50.0, 1989-08-25 00:00:00, 0.0
1.0, 12.7, 50.0, 95.0, 1989-08-26 00:00:00, 2.5
7.0, 18.5, 230.0, 55.0, 1989-08-27 00:00:00, 0.0
5.0, 17.9, 230.0, 51.0, 1989-08-28 00:00:00, 0.0
4.0, 15.5, 230.0, 74.0, 1989-08-29 00:00:00, 0.5
7.0, 18.3, 0.0, 58.0, 1989-08-30 00:00:00, 0.0
0.0, 9.6, 0.0, 99.0, 1989-08-31 00:00:00, 19.0
1.0, 16.8, 0.0, 77.0, 1989-09-01 00:00:00, 7.6
1.0, 14.3, 0.0, 81.0, 1989-09-02 00:00:00, 0.2
0.0, 12.7, 0.0, 83.0, 1989-09-03 00:00:00, 0.2
4.0, 13.6, 0.0, 84.0, 1989-09-04 00:00:00, 0.0
0.0, 12.2, 0.0, 71.0, 1989-09-05 00:00:00, 3.0
2.0, 15.0, 0.0, 64.0, 1989-09-06 00:00:00, 0.0
2.0, 15.0, 0.0, 64.0, 1989-09-07 00:00:00, 0.0
2.0, 21.6, 0.0, 46.0, 1989-09-08 00:00:00, 0.0
3.0, 20.1, 0.0, 24.0, 1989-09-09 00:00:00, 0.0
8.0, 18.9, 0.0, 28.0, 1989-09-10 00:00:00, 0.0
4.0, 17.2, 230.0, 44.0, 1989-09-11 00:00:00, 0.0
