station_observations
wind_speed, temperature, wind_direction, relative_humidity, time, precipitation
11.0, 21.9, 0.0, 31.0, 2001-07-06 00:00:00, 0.0
4.0, 15.1, 0.0, 80.0, 2001-07-07 00:00:00, 1.0
15.0, 23.0, 0.0, 39.0, 2001-07-08 00:00:00, 0.0
2.0, 27.4, 0.0, 33.0, 2001-07-09 00:00:00, 0.0
14.0, 29.0, 0.0, 29.0, 2001-07-10 00:00:00, 0.0
16.0, 25.1, 0.0, 31.0, 2001-07-11 00:00:00, 0.0
11.0, 25.8, 0.0, 34.0, 2001-07-12 00:00:00, 0.0
8.0, 19.4, 0.0, 71.0, 2001-07-13 00:00:00, 1.0
18.0, 20.5, 0.0, 51.0, 2001-07-14 00:00:00, 1.7
1.0, 13.4, 0.0, 99.0, 2001-07-15 00:00:00, 4.8
0.0, 13.8, 0.0, 96.0, 2001-07-16 00:00:00, 23.1
2.0, 12.5, 0.0, 94.0, 2001-07-17 00:00:00, 7.3
0.0, 8.3, 0.0, 99.0, 2001-07-18 00:00:00, 28.4
0.0, 12.1, 0.0, 100.0, 2001-07-19 00:00:00, 6.8
1.0, 13.6, 0.0, 100.0, 2001-07-20 00:00:00, 0.0
10.0, 17.5, 0.0, 82.0, 2001-07-21 00:00:00, 5.5
2.0, 17.1, 225.0, 94.0, 2001-07-22 00:00:00, 2.2
11.0, 21.9, 0.0, 61.0, 2001-07-23 00:00:00, 0.5
13.0, 14.4, 0.0, 69.0, 2001-07-24 00:00:00, 16.7
2.0, 17.2, 0.0, 53.0, 2001-07-25 00:00:00, 4.8
10.0, 19.5, 0.0, 55.0, 2001-07-26 00:00:00, 0.0
8.0, 19.8, 0.0, 56.0, 2001-07-27 00:00:00, 1.2
0.0, 12.1, 0.0, 100.0, 2001-07-28 00:00:00, 10.9
6.0, 12.4, 0.0, 87.0, 2001-07-29 00:00:00, 7.3
4.0, 16.8, 0.0, 68.0, 2001-07-30 00:00:00, 2.7
4.0, 17.5, 0.0, 66.0, 2001-07-31 00:00:00, 0.0
3.0, 18.3, 0.0, 69.0, 2001-08-01 00:00:00, 0.0
1.0, 13.4, 0.0, 100.0, 2001-08-02 00:00:00, 7.6
6.0, 14.0, 0.0, 100.0, 2001-08-03 00:00:00, 1.7
5.0, 14.2, 0.0, 100.0, 2001-08-04 00:00:00, 26.4
1.0, 17.9, 0.0, 65.0, 2001-08-05 00:00:00, 1.2
4.0, 19.5, 0.0, 81.0, 2001-08-06 00:00:00, 12.4
6.0, 19.4, 0.0, 48.0, 2001-08-07 00:00:00, 0.0
16.0, 19.4, 0.0, 46.0, 2001-08-08 00:00:00, 0.0
10.0, 22.2, 0.0, 38.0, 2001-08-09 00:00:00, 0.0
10.0, 24.6, 0.0, 36.0, 2001-08-10 00:00:00, 0.0
7.0, 25.2, 0.0, 36.0, 2001-08-11 00:00:00, 0.0
5.0, 25.3, 0.0, 38.0, 2001-08-12 00:00:00, 0.0
6.0, 25.8, 0.0, 40.0, 2001-08-13 00:00:00, 0.0
9.0, 26.2, 0.0, 37.0, 2001-08-14 00:00:00, 0.0
4.0, 26.4, 0.0, 31.0, 2001-08-15 00:00:00, 0.0
5.0, 26.7, 0.0, 33.0, 2001-08-16 00:00:00, 0.0
3.0, 22.3, 0.0, 44.0, 2001-08-17 00:00:00, 0.0
6.0, 20.0, 0.0, 44.0, 2001-08-18 00:00:00, 0.5
2.0, 13.5, 0.0, 72.0, 2001-08-19 00:00:00, 0.0
2.0, 14.2, 270.0, 71.0, 2001-08-20 00:00:00, 0.2
0.0, 11.9, 0.0, 99.0, 2001-08-21 00:00:00, 2.7
0.0, 12.9, 0.0, 100.0, 2001-08-22 00:00:00, 1.0
0.0, 12.0, 0.0, 87.0, 2001-08-23 00:00:00, 0.2
3.0, 10.7, 0.0, 96.0, 2001-08-24 00:00:00, 1.2
1.0, 15.8, 315.0, 80.0, 2001-08-25 00:00:00, 0.0
2.0, 17.3, 0.0, 66.0, 2001-08-26 00:00:00, 0.0
15.0, 22.3, 0.0, 44.0, 2001-08-28 00:00:00, 0.0
6.0, 21.4, 0.0, 52.0, 2001-08-29 00:00:00, 0.0
1.0, 19.9, 0.0, 51.0, 2001-08-30 00:00:00, 0.0
4.0, 20.2, 0.0, 54.0, 2001-08-31 00:00:00, 0.0
0.0, 11.9, 0.0, 100.0, 2001-09-01 00:00:00, 30.9
3.0, 11.8, 0.0, 86.0, 2001-09-02 00:00:00, 8.1
5.0, 13.9, 0.0, 88.0, 2001-09-03 00:00:00, 9.1
0.0, 11.0, 0.0, 85.0, 2001-09-04 00:00:00, 0.0
14.0, 15.0, 0.0, 39.0, 2001-09-05 00:00:00, 0.0
0.0, 8.7, 0.0, 91.0, 2001-09-06 00:00:00, 0.0
7.0, 13.3, 0.0, 56.0, 2001-09-07 00:00:00, 6.0
4.0, 17.2, 0.0, 39.0, 2001-09-08 00:00:00, 0.0
1.0, 13.5, 0.0, 56.0, 2001-09-10 00:00:00, 0.0
5.0, 15.3, 0.0, 52.0, 2001-09-11 00:00:00, 0.0
5.0, 14.8, 0.0, 58.0, 2001-09-12 00:00:00, 0.0
5.0, 17.2, 0.0, 59.0, 2001-09-13 00:00:00, 0.0
2.0, 20.2, 0.0, 42.0, 2001-09-14 00:00:00, 0.0
3.0, 20.6, 0.0, 43.0, 2001-09-15 00:00:00, 0.0
2.0, 21.7, 0.0, 41.0, 2001-09-16 00:00:00, 0.0
2.0, 19.1, 0.0, 58.0, 2001-09-17 00:00:00, 0.0
10.0, 19.0, 0.0, 44.0, 2001-09-18 00:00:00, 0.0
1.0, 11.8, 45.0, 81.0, 2001-09-19 00:00:00, 8.3
0.0, 8.0, 0.0, 100.0, 2001-09-20 00:00:00, 1.7
0.0, 9.0, 0.0, 100.0, 2001-09-21 00:00:00, 9.6
6.0, 12.6, 0.0, 90.0, 2001-09-22 00:00:00, 0.0
4.0, 14.8, 0.0, 82.0, 2001-09-23 00:00:00, 0.0
3.0, 17.4, 0.0, 66.0, 2001-09-24 00:00:00, 0.0
