station_observations
wind_speed, temperature, wind_direction, relative_humidity, time, precipitation
0.0, 0.0, 0.0, 0.0, 1994-06-05 00:00:00, 0.0
3.0, 10.1, 270.0, 98.0, 1994-06-06 00:00:00, 1.5
7.0, 13.7, 320.0, 57.0, 1994-06-07 00:00:00, 2.3
13.0, 10.5, 270.0, 79.0, 1994-06-08 00:00:00, 7.9
9.0, 12.9, 320.0, 77.0, 1994-06-09 00:00:00, 2.0
18.0, 20.1, 270.0, 44.0, 1994-06-10 00:00:00, 0.5
13.0, 15.2, 270.0, 69.0, 1994-06-11 00:00:00, 0.0
19.0, 16.5, 270.0, 68.0, 1994-06-12 00:00:00, 5.1
18.0, 13.0, 270.0, 70.0, 1994-06-13 00:00:00, 5.8
5.0, 9.0, 90.0, 85.0, 1994-06-14 00:00:00, 3.3
9.0, 12.8, 140.0, 57.0, 1994-06-15 00:00:00, 0.0
8.0, 16.2, 320.0, 43.0, 1994-06-16 00:00:00, 0.0
1.0, 13.3, 140.0, 77.0, 1994-06-17 00:00:00, 1.8
10.0, 20.2, 320.0, 37.0, 1994-06-18 00:00:00, 0.5
11.0, 13.7, 320.0, 67.0, 1994-06-19 00:00:00, 3.0
12.0, 20.1, 320.0, 41.0, 1994-06-20 00:00:00, 0.0
8.0, 24.4, 320.0, 32.0, 1994-06-21 00:00:00, 0.0
11.0, 25.9, 320.0, 30.0, 1994-06-22 00:00:00, 0.0
12.0, 27.4, 320.0, 26.0, 1994-06-23 00:00:00, 0.0
15.0, 15.4, 320.0, 69.0, 1994-06-24 00:00:00, 0.2
8.0, 21.5, 320.0, 49.0, 1994-06-25 00:00:00, 0.0
12.0, 16.0, 140.0, 67.0, 1994-06-26 00:00:00, 0.0
17.0, 21.3, 270.0, 45.0, 1994-06-27 00:00:00, 0.0
9.0, 15.8, 140.0, 72.0, 1994-06-28 00:00:00, 0.2
15.0, 14.9, 320.0, 77.0, 1994-06-29 00:00:00, 5.8
13.0, 16.4, 320.0, 65.0, 1994-06-30 00:00:00, 0.0
20.0, 16.9, 270.0, 73.0, 1994-07-01 00:00:00, 2.3
17.0, 14.1, 270.0, 70.0, 1994-07-02 00:00:00, 6.7
15.0, 12.3, 270.0, 71.0, 1994-07-03 00:00:00, 0.0
13.0, 11.6, 140.0, 87.0, 1994-07-04 00:00:00, 2.5
11.0, 18.8, 90.0, 50.0, 1994-07-05 00:00:00, 0.2
6.0, 20.4, 320.0, 52.0, 1994-07-06 00:00:00, 0.0
15.0, 23.2, 270.0, 44.0, 1994-07-07 00:00:00, 0.2
15.0, 25.2, 270.0, 32.0, 1994-07-08 00:00:00, 0.2
11.0, 22.4, 90.0, 24.0, 1994-07-09 00:00:00, 0.0
5.0, 24.0, 90.0, 28.0, 1994-07-10 00:00:00, 0.0
9.0, 18.0, 140.0, 57.0, 1994-07-11 00:00:00, 0.0
7.0, 22.7, 90.0, 36.0, 1994-07-12 00:00:00, 0.0
5.0, 24.2, 0.0, 33.0, 1994-07-13 00:00:00, 0.0
6.0, 25.1, 90.0, 36.0, 1994-07-14 00:00:00, 0.0
6.0, 20.4, 320.0, 60.0, 1994-07-15 00:00:00, 0.7
17.0, 25.3, 320.0, 42.0, 1994-07-16 00:00:00, 0.0
3.0, 22.2, 320.0, 52.0, 1994-07-17 00:00:00, 0.0
4.0, 17.9, 0.0, 70.0, 1994-07-18 00:00:00, 7.1
7.0, 23.2, 0.0, 44.0, 1994-07-19 00:00:00, 0.0
16.0, 27.2, 320.0, 37.0, 1994-07-20 00:00:00, 0.0
15.0, 28.2, 320.0, 40.0, 1994-07-21 00:00:00, 0.0
7.0, 27.8, 90.0, 35.0, 1994-07-22 00:00:00, 0.0
3.0, 29.2, 0.0, 24.0, 1994-07-23 00:00:00, 0.0
11.0, 24.5, 320.0, 39.0, 1994-07-24 00:00:00, 0.0
20.0, 29.6, 270.0, 37.0, 1994-07-25 00:00:00, 0.0
29.0, 26.2, 270.0, 45.0, 1994-07-26 00:00:00, 0.0
13.0, 25.3, 90.0, 45.0, 1994-07-27 00:00:00, 0.0
15.0, 26.6, 320.0, 38.0, 1994-07-28 00:00:00, 0.0
20.0, 28.4, 270.0, 29.0, 1994-07-29 00:00:00, 0.0
13.0, 23.9, 90.0, 44.0, 1994-07-30 00:00:00, 0.0
3.0, 22.7, 90.0, 44.0, 1994-07-31 00:00:00, 0.0
18.0, 22.9, 320.0, 47.0, 1994-08-01 00:00:00, 0.0
7.0, 27.0, 0.0, 32.0, 1994-08-02 00:00:00, 0.0
2.0, 26.3, 50.0, 41.0, 1994-08-03 00:00:00, 0.0
11.0, 20.9, 0.0, 80.0, 1994-08-04 00:00:00, 2.0
16.0, 22.5, 320.0, 67.0, 1994-08-05 00:00:00, 6.6
15.0, 15.5, 140.0, 76.0, 1994-08-06 00:00:00, 4.6
9.0, 20.3, 320.0, 52.0, 1994-08-07 00:00:00, 0.0
0.0, 15.3, 0.0, 82.0, 1994-08-08 00:00:00, 0.3
0.0, 12.4, 0.0, 95.0, 1994-08-09 00:00:00, 22.6
15.0, 16.4, 320.0, 73.0, 1994-08-10 00:00:00, 0.3
2.0, 21.3, 50.0, 56.0, 1994-08-11 00:00:00, 0.0
5.0, 23.2, 90.0, 48.0, 1994-08-12 00:00:00, 0.0
18.0, 24.2, 320.0, 43.0, 1994-08-13 00:00:00, 0.0
19.0, 28.4, 320.0, 28.0, 1994-08-14 00:00:00, 0.0
7.0, 22.1, 140.0, 47.0, 1994-08-15 00:00:00, 0.0
11.0, 21.2, 140.0, 52.0, 1994-08-16 00:00:00, 0.0
6.0, 14.5, 140.0, 93.0, 1994-08-17 00:00:00, 11.9
5.0, 19.6, 0.0, 63.0, 1994-08-18 00:00:00, 0.0
10.0, 23.9, 320.0, 44.0, 1994-08-19 00:00:00, 0.0
2.0, 24.2, 0.0, 50.0, 1994-08-20 00:00:00, 0.3
3.0, 16.7, 90.0, 81.0, 1994-08-21 00:00:00, 5.1
11.0, 15.7, 270.0, 69.0, 1994-08-22 00:00:00, 4.1
8.0, 13.5, 140.0, 75.0, 1994-08-23 00:00:00, 21.6
8.0, 15.9, 320.0, 68.0, 1994-08-24 00:00:00, 0.0
15.0, 17.9, 90.0, 56.0, 1994-08-25 00:00:00, 0.0
11.0, 15.8, 140.0, 53.0, 1994-08-26 00:00:00, 0.3
23.0, 16.9, 320.0, 60.0, 1994-08-27 00:00:00, 0.0
19.0, 20.1, 320.0, 48.0, 1994-08-28 00:00:00, 0.0
3.0, 19.8, 0.0, 49.0, 1994-08-29 00:00:00, 0.0
16.0, 20.1, 320.0, 64.0, 1994-08-30 00:00:00, 1.0
14.0, 22.0, 320.0, 45.0, 1994-08-31 00:00:00, 0.0
11.0, 19.1, 270.0, 44.0, 1994-09-01 00:00:00, 0.0
19.0, 18.4, 270.0, 59.0, 1994-09-02 00:00:00, 1.8
8.0, 12.3, 320.0, 93.0, 1994-09-03 00:00:00, 0.3
7.0, 16.3, 90.0, 57.0, 1994-09-04 00:00:00, 0.5
22.0, 18.2, 270.0, 46.0, 1994-09-05 00:00:00, 0.0
22.0, 20.8, 270.0, 45.0, 1994-09-06 00:00:00, 0.0
16.0, 21.0, 270.0, 43.0, 1994-09-07 00:00:00, 0.0
10.0, 16.4, 50.0, 62.0, 1994-09-08 00:00:00, 0.3
10.0, 13.8, 320.0, 85.0, 1994-09-09 00:00:00, 6.6
3.0, 10.8, 180.0, 84.0, 1994-09-10 00:00:00, 0.5
15.0, 12.2, 90.0, 80.0, 1994-09-11 00:00:00, 1.8
19.0, 11.7, 320.0, 84.0, 1994-09-12 00:00:00, 1.3
21.0, 17.0, 270.0, 51.0, 1994-09-13 00:00:00, 0.0
14.0, 15.2, 320.0, 82.0, 1994-09-14 00:00:00, 3.0
11.0, 17.8, 270.0, 60.0, 1994-09-15 00:00:00, 0.3
