station_observations
wind_speed, temperature, wind_direction, relative_humidity, time, precipitation
0.0, 0.0, 0.0, 0.0, 1989-05-08 00:00:00, 0.0
1.0, 20.6, 0.0, 26.0, 1989-05-09 00:00:00, 0.5
0.0, 7.4, 0.0, 99.0, 1989-05-10 00:00:00, 3.0
1.0, 9.0, 0.0, 69.0, 1989-05-11 00:00:00, 5.0
1.0, 10.2, 0.0, 40.0, 1989-05-12 00:00:00, 1.0
7.0, 15.9, 0.0, 23.0, 1989-05-13 00:00:00, 0.0
3.0, 17.5, 0.0, 25.0, 1989-05-14 00:00:00, 0.0
2.0, 16.6, 0.0, 35.0, 1989-05-15 00:00:00, 0.0
3.0, 8.7, 0.0, 88.0, 1989-05-16 00:00:00, 1.2
6.0, 10.7, 320.0, 71.0, 1989-05-17 00:00:00, 2.0
5.0, 6.1, 90.0, 84.0, 1989-05-18 00:00:00, 13.4
4.0, 8.0, 140.0, 84.0, 1989-05-19 00:00:00, 4.5
6.0, 10.2, 0.0, 33.0, 1989-05-20 00:00:00, 0.2
6.0, 11.0, 0.0, 36.0, 1989-05-21 00:00:00, 0.0
1.0, 12.7, 0.0, 42.0, 1989-05-22 00:00:00, 0.5
3.0, 15.3, 180.0, 40.0, 1989-05-23 00:00:00, 0.2
2.0, 7.3, 230.0, 84.0, 1989-05-24 00:00:00, 16.0
7.0, 12.2, 230.0, 61.0, 1989-05-25 00:00:00, 7.6
4.0, 13.9, 140.0, 39.0, 1989-05-26 00:00:00, 0.0
11.0, 13.1, 140.0, 36.0, 1989-05-27 00:00:00, 0.0
6.0, 15.1, 0.0, 31.0, 1989-05-28 00:00:00, 0.0
1.0, 18.8, 140.0, 18.0, 1989-05-29 00:00:00, 0.0
0.0, 19.6, 0.0, 34.0, 1989-05-30 00:00:00, 0.0
1.0, 19.0, 270.0, 45.0, 1989-05-31 00:00:00, 0.0
1.0, 20.2, 0.0, 36.0, 1989-06-01 00:00:00, 0.0
3.0, 22.7, 0.0, 15.0, 1989-06-02 00:00:00, 0.0
4.0, 21.2, 0.0, 23.0, 1989-06-03 00:00:00, 0.0
1.0, 22.9, 180.0, 24.0, 1989-06-04 00:00:00, 0.0
3.0, 26.0, 230.0, 23.0, 1989-06-05 00:00:00, 0.0
5.0, 22.8, 0.0, 22.0, 1989-06-06 00:00:00, 0.5
0.0, 22.1, 0.0, 25.0, 1989-06-07 00:00:00, 0.0
4.0, 23.5, 50.0, 31.0, 1989-06-08 00:00:00, 0.0
0.0, 13.7, 0.0, 90.0, 1989-06-09 00:00:00, 4.0
5.0, 19.3, 0.0, 42.0, 1989-06-10 00:00:00, 0.2
2.0, 24.0, 270.0, 28.0, 1989-06-11 00:00:00, 0.0
2.0, 25.9, 90.0, 26.0, 1989-06-12 00:00:00, 0.0
2.0, 26.3, 140.0, 26.0, 1989-06-13 00:00:00, 0.0
0.0, 15.3, 0.0, 93.0, 1989-06-14 00:00:00, 5.8
0.0, 14.5, 0.0, 87.0, 1989-06-15 00:00:00, 13.9
0.0, 10.9, 0.0, 98.0, 1989-06-16 00:00:00, 6.3
0.0, 15.2, 0.0, 62.0, 1989-06-17 00:00:00, 3.5
2.0, 15.0, 140.0, 62.0, 1989-06-18 00:00:00, 2.5
0.0, 11.8, 0.0, 79.0, 1989-06-19 00:00:00, 16.7
2.0, 10.8, 140.0, 73.0, 1989-06-20 00:00:00, 1.5
0.0, 14.3, 0.0, 64.0, 1989-06-21 00:00:00, 0.0
0.0, 15.9, 0.0, 64.0, 1989-06-22 00:00:00, 0.5
0.0, 19.9, 0.0, 35.0, 1989-06-23 00:00:00, 8.1
0.0, 16.5, 0.0, 51.0, 1989-06-24 00:00:00, 1.7
0.0, 20.0, 0.0, 23.0, 1989-06-25 00:00:00, 0.3
2.0, 14.4, 320.0, 87.0, 1989-06-26 00:00:00, 0.0
11.0, 6.6, 50.0, 81.0, 1989-06-27 00:00:00, 4.4
0.0, 12.0, 0.0, 75.0, 1989-06-28 00:00:00, 1.0
0.0, 10.8, 0.0, 97.0, 1989-06-29 00:00:00, 3.5
0.0, 12.6, 0.0, 95.0, 1989-06-30 00:00:00, 3.3
0.0, 12.5, 0.0, 77.0, 1989-07-01 00:00:00, 5.8
2.0, 14.6, 180.0, 63.0, 1989-07-02 00:00:00, 0.5
0.0, 14.2, 0.0, 74.0, 1989-07-03 00:00:00, 0.2
5.0, 16.7, 140.0, 58.0, 1989-07-04 00:00:00, 0.5
0.0, 14.4, 0.0, 77.0, 1989-07-05 00:00:00, 1.5
0.0, 18.9, 0.0, 41.0, 1989-07-06 00:00:00, 0.0
0.0, 22.2, 0.0, 36.0, 1989-07-07 00:00:00, 0.0
0.0, 14.7, 0.0, 85.0, 1989-07-08 00:00:00, 2.2
0.0, 17.4, 0.0, 58.0, 1989-07-09 00:00:00, 2.7
2.0, 20.2, 0.0, 47.0, 1989-07-10 00:00:00, 0.2
0.0, 15.7, 0.0, 82.0, 1989-07-11 00:00:00, 0.2
0.0, 22.2, 0.0, 53.0, 1989-07-12 00:00:00, 1.2
0.0, 21.9, 0.0, 49.0, 1989-07-13 00:00:00, 0.0
0.0, 23.0, 0.0, 67.0, 1989-07-14 00:00:00, 2.5
0.0, 22.8, 0.0, 75.0, 1989-07-15 00:00:00, 2.7
0.0, 18.7, 0.0, 77.0, 1989-07-16 00:00:00, 4.5
0.0, 15.5, 0.0, 91.0, 1989-07-17 00:00:00, 3.0
0.0, 17.2, 0.0, 85.0, 1989-07-18 00:00:00, 2.2
0.0, 19.5, 0.0, 62.0, 1989-07-19 00:00:00, 1.7
0.0, 22.7, 0.0, 59.0, 1989-07-20 00:00:00, 1.2
0.0, 18.3, 0.0, 63.0, 1989-07-21 00:00:00, 1.2
0.0, 18.3, 0.0, 45.0, 1989-07-22 00:00:00, 1.0
0.0, 20.8, 0.0, 41.0, 1989-07-23 00:00:00, 0.5
0.0, 21.8, 0.0, 38.0, 1989-07-24 00:00:00, 2.0
1.0, 23.1, 90.0, 37.0, 1989-07-25 00:00:00, 0.0
1.0, 23.5, 50.0, 38.0, 1989-07-26 00:00:00, 0.0
1.0, 15.5, 230.0, 98.0, 1989-07-27 00:00:00, 0.0
0.0, 21.2, 0.0, 54.0, 1989-07-28 00:00:00, 2.8
0.0, 23.1, 0.0, 44.0, 1989-07-29 00:00:00, 1.0
1.0, 27.3, 50.0, 40.0, 1989-07-30 00:00:00, 0.0
0.0, 24.7, 0.0, 42.0, 1989-07-31 00:00:00, 0.7
0.0, 17.7, 0.0, 68.0, 1989-08-01 00:00:00, 0.0
0.0, 11.7, 0.0, 97.0, 1989-08-02 00:00:00, 22.2
0.0, 10.9, 0.0, 97.0, 1989-08-03 00:00:00, 17.0
0.0, 17.7, 0.0, 79.0, 1989-08-04 00:00:00, 1.7
1.0, 21.1, 90.0, 58.0, 1989-08-05 00:00:00, 0.0
0.0, 22.7, 0.0, 51.0, 1989-08-06 00:00:00, 0.0
0.0, 23.8, 0.0, 47.0, 1989-08-07 00:00:00, 0.0
0.0, 25.0, 0.0, 44.0, 1989-08-08 00:00:00, 1.0
0.0, 17.6, 0.0, 90.0, 1989-08-09 00:00:00, 4.8
0.0, 20.5, 0.0, 71.0, 1989-08-10 00:00:00, 5.3
0.0, 23.3, 0.0, 40.0, 1989-08-11 00:00:00, 0.0
0.0, 20.1, 0.0, 36.0, 1989-08-12 00:00:00, 0.0
0.0, 0.0, 0.0, 0.0, 1993-07-05 00:00:00, 0.0
0.0, 17.5, 0.0, 56.0, 1993-07-06 00:00:00, 0.0
0.0, 18.5, 0.0, 44.0, 1993-07-07 00:00:00, 0.0
0.0, 17.0, 0.0, 63.0, 1993-07-08 00:00:00, 2.4
0.0, 17.0, 0.0, 50.0, 1993-07-09 00:00:00, 3.0
0.0, 18.0, 0.0, 45.0, 1993-07-10 00:00:00, 0.0
0.0, 16.0, 0.0, 54.0, 1993-07-11 00:00:00, 0.0
0.0, 15.0, 0.0, 72.0, 1993-07-12 00:00:00, 0.0
0.0, 13.0, 0.0, 76.0, 1993-07-13 00:00:00, 3.0
3.0, 19.0, 50.0, 53.0, 1993-07-14 00:00:00, 0.0
3.0, 18.0, 50.0, 43.0, 1993-07-15 00:00:00, 0.0
5.0, 17.0, 140.0, 57.0, 1993-07-16 00:00:00, 0.0
0.0, 18.0, 0.0, 48.0, 1993-07-17 00:00:00, 0.2
2.0, 21.0, 230.0, 37.0, 1993-07-18 00:00:00, 0.8
3.0, 19.0, 230.0, 32.0, 1993-07-19 00:00:00, 0.0
0.0, 17.0, 0.0, 58.0, 1993-07-20 00:00:00, 1.0
0.0, 15.0, 0.0, 71.0, 1993-07-21 00:00:00, 30.0
0.0, 21.0, 0.0, 48.0, 1993-07-22 00:00:00, 0.3
3.0, 18.0, 270.0, 63.0, 1993-07-23 00:00:00, 0.6
3.0, 20.0, 320.0, 48.0, 1993-07-24 00:00:00, 0.8
3.0, 20.0, 270.0, 48.0, 1993-07-25 00:00:00, 1.8
3.0, 21.0, 180.0, 48.0, 1993-07-26 00:00:00, 0.0
2.0, 22.0, 0.0, 28.0, 1993-07-27 00:00:00, 2.2
2.0, 19.0, 0.0, 52.0, 1993-07-28 00:00:00, 6.0
1.0, 15.0, 0.0, 62.0, 1993-07-29 00:00:00, 5.2
2.0, 18.0, 180.0, 39.0, 1993-07-30 00:00:00, 9.3
0.0, 18.0, 0.0, 47.0, 1993-07-31 00:00:00, 0.0
0.0, 23.0, 0.0, 56.0, 1993-08-01 00:00:00, 0.0
0.0, 23.0, 0.0, 52.0, 1993-08-02 00:00:00, 0.0
2.0, 25.0, 230.0, 71.0, 1993-08-03 00:00:00, 0.0
5.0, 24.0, 0.0, 30.0, 1993-08-04 00:00:00, 0.0
2.0, 24.0, 140.0, 32.0, 1993-08-05 00:00:00, 0.0
5.0, 23.0, 230.0, 38.0, 1993-08-06 00:00:00, 0.0
5.0, 17.0, 180.0, 58.0, 1993-08-07 00:00:00, 7.1
2.0, 21.0, 180.0, 42.0, 1993-08-08 00:00:00, 0.2
5.0, 25.0, 180.0, 56.0, 1993-08-09 00:00:00, 0.1
3.0, 14.0, 320.0, 74.0, 1993-08-10 00:00:00, 10.2
2.0, 18.0, 320.0, 58.0, 1993-08-11 00:00:00, 2.2
3.0, 19.0, 230.0, 32.0, 1993-08-12 00:00:00, 0.0
3.0, 18.0, 270.0, 44.0, 1993-08-13 00:00:00, 0.0
10.0, 15.0, 140.0, 39.0, 1993-08-14 00:00:00, 0.3
3.0, 18.0, 320.0, 48.0, 1993-08-15 00:00:00, 0.1
2.0, 22.0, 320.0, 43.0, 1993-08-16 00:00:00, 0.1
2.0, 21.0, 270.0, 48.0, 1993-08-17 00:00:00, 0.0
2.0, 23.0, 320.0, 41.0, 1993-08-18 00:00:00, 0.0
2.0, 24.0, 320.0, 47.0, 1993-08-19 00:00:00, 0.0
3.0, 24.0, 270.0, 42.0, 1993-08-20 00:00:00, 0.0
2.0, 22.0, 230.0, 41.0, 1993-08-21 00:00:00, 0.2
2.0, 19.0, 180.0, 49.0, 1993-08-22 00:00:00, 0.2
2.0, 16.0, 180.0, 51.0, 1993-08-23 00:00:00, 5.1
2.0, 14.0, 0.0, 39.0, 1993-08-24 00:00:00, 2.2
2.0, 16.0, 230.0, 42.0, 1993-08-25 00:00:00, 1.2
2.0, 17.0, 270.0, 42.0, 1993-08-26 00:00:00, 1.1
0.0, 14.0, 0.0, 73.0, 1993-08-27 00:00:00, 3.1
0.0, 17.0, 0.0, 60.0, 1993-08-28 00:00:00, 4.2
0.0, 16.0, 0.0, 41.0, 1993-08-29 00:00:00, 0.1
0.0, 17.0, 0.0, 42.0, 1993-08-30 00:00:00, 0.0
0.0, 14.0, 0.0, 78.0, 1993-08-31 00:00:00, 3.2
2.0, 19.0, 230.0, 63.0, 1993-09-01 00:00:00, 3.1
2.0, 20.0, 180.0, 56.0, 1993-09-02 00:00:00, 0.0
2.0, 21.0, 270.0, 57.0, 1993-09-03 00:00:00, 0.0
0.0, 21.0, 0.0, 43.0, 1993-09-04 00:00:00, 0.0
2.0, 19.0, 270.0, 46.0, 1993-09-05 00:00:00, 0.0
0.0, 20.0, 0.0, 66.0, 1993-09-06 00:00:00, 0.0
2.0, 19.0, 180.0, 47.0, 1993-09-07 00:00:00, 0.0
2.0, 22.0, 180.0, 46.0, 1993-09-08 00:00:00, 0.0
2.0, 23.0, 180.0, 41.0, 1993-09-09 00:00:00, 0.0
2.0, 21.0, 180.0, 45.0, 1993-09-10 00:00:00, 0.0
2.0, 17.0, 180.0, 50.0, 1993-09-11 00:00:00, 3.0
2.0, 17.0, 0.0, 36.0, 1993-09-12 00:00:00, 0.0
2.0, 12.0, 270.0, 64.0, 1993-09-13 00:00:00, 0.0
2.0, 13.0, 270.0, 59.0, 1993-09-14 00:00:00, 3.1
2.0, 16.0, 270.0, 31.0, 1993-09-15 00:00:00, 1.2
0.0, 18.0, 0.0, 57.0, 1993-09-16 00:00:00, 0.3
2.0, 17.0, 270.0, 53.0, 1993-09-17 00:00:00, 0.0
2.0, 16.0, 230.0, 56.0, 1993-09-18 00:00:00, 0.0
0.0, 13.0, 0.0, 73.0, 1993-09-19 00:00:00, 0.0
2.0, 12.0, 230.0, 68.0, 1993-09-20 00:00:00, 7.2
0.0, 12.0, 0.0, 63.0, 1993-09-21 00:00:00, 0.0
5.0, 15.0, 320.0, 58.0, 1993-09-22 00:00:00, 0.2
3.0, 13.0, 270.0, 57.0, 1993-09-23 00:00:00, 0.0
2.0, 13.0, 180.0, 66.0, 1993-09-24 00:00:00, 0.0
3.0, 15.0, 50.0, 63.0, 1993-09-25 00:00:00, 0.1
2.0, 15.0, 0.0, 65.0, 1993-09-26 00:00:00, 0.1
2.0, 17.0, 0.0, 72.0, 1993-09-27 00:00:00, 2.1
2.0, 17.0, 230.0, 56.0, 1993-09-28 00:00:00, 0.0
0.0, 15.0, 0.0, 58.0, 1993-09-29 00:00:00, 0.0
0.0, 13.0, 0.0, 78.0, 1993-09-30 00:00:00, 0.0
2.0, 10.0, 230.0, 46.0, 1993-10-01 00:00:00, 0.0
0.0, 14.0, 0.0, 55.0, 1993-10-02 00:00:00, 0.0
0.0, 12.0, 0.0, 70.0, 1993-10-03 00:00:00, 0.0
2.0, 22.0, 320.0, 55.0, 1993-10-04 00:00:00, 0.0
2.0, 17.0, 320.0, 64.0, 1993-10-05 00:00:00, 0.1
1.0, 16.0, 0.0, 53.0, 1993-10-06 00:00:00, 0.1
2.0, 14.0, 270.0, 55.0, 1993-10-07 00:00:00, 0.1
1.0, 13.0, 140.0, 61.0, 1993-10-08 00:00:00, 0.0
1.0, 12.0, 270.0, 59.0, 1993-10-09 00:00:00, 0.0
2.0, 12.0, 320.0, 62.0, 1993-10-10 00:00:00, 0.0
2.0, 15.0, 320.0, 58.0, 1993-10-11 00:00:00, 0.0
1.0, 13.0, 270.0, 55.0, 1993-10-12 00:00:00, 0.0
2.0, 14.0, 270.0, 63.0, 1993-10-13 00:00:00, 0.0
0.0, 0.0, 0.0, 0.0, 1999-05-27 00:00:00, 0.0
27.0, 13.4, 270.0, 22.0, 1999-05-28 00:00:00, 0.0
9.0, 12.4, 0.0, 23.0, 1999-05-29 00:00:00, 0.0
9.0, 14.9, 135.0, 30.0, 1999-05-30 00:00:00, 2.4
2.0, 6.9, 0.0, 93.0, 1999-05-31 00:00:00, 2.8
10.0, 10.0, 310.0, 81.0, 1999-06-01 00:00:00, 4.6
40.0, 13.2, 180.0, 67.0, 1999-06-02 00:00:00, 12.1
5.0, 20.0, 225.0, 34.0, 1999-06-03 00:00:00, 0.8
16.0, 19.0, 180.0, 25.0, 1999-06-04 00:00:00, 0.0
7.0, 12.9, 180.0, 73.0, 1999-06-05 00:00:00, 0.0
4.0, 8.3, 135.0, 69.0, 1999-06-06 00:00:00, 1.8
6.0, 10.2, 135.0, 44.0, 1999-06-07 00:00:00, 0.0
10.0, 14.0, 180.0, 30.0, 1999-06-08 00:00:00, 0.0
2.0, 9.8, 135.0, 88.0, 1999-06-09 00:00:00, 4.1
1.0, 7.3, 135.0, 89.0, 1999-06-10 00:00:00, 5.1
4.0, 14.6, 225.0, 45.0, 1999-06-11 00:00:00, 1.0
5.0, 20.5, 225.0, 26.0, 1999-06-12 00:00:00, 0.0
6.0, 20.9, 135.0, 32.0, 1999-06-13 00:00:00, 0.0
