station_observations
wind_speed, temperature, wind_direction, relative_humidity, time, precipitation
22.0, 10.0, 230.0, 56.0, 1990-06-05 00:00:00, 1.0
1.0, 13.2, 0.0, 41.0, 1990-06-06 00:00:00, 0.0
26.0, 7.6, 0.0, 68.0, 1990-06-07 00:00:00, 0.0
13.0, 13.1, 0.0, 43.0, 1990-06-08 00:00:00, 1.2
2.0, 13.8, 0.0, 52.0, 1990-06-09 00:00:00, 0.0
2.0, 10.7, 0.0, 93.0, 1990-06-10 00:00:00, 1.2
7.0, 3.0, 0.0, 96.0, 1990-06-11 00:00:00, 11.6
23.0, 8.2, 0.0, 67.0, 1990-06-12 00:00:00, 10.1
12.0, 14.0, 0.0, 42.0, 1990-06-13 00:00:00, 0.0
4.0, 17.0, 0.0, 39.0, 1990-06-14 00:00:00, 0.0
1.0, 19.2, 0.0, 41.0, 1990-06-15 00:00:00, 0.0
32.0, 16.4, 0.0, 51.0, 1990-06-16 00:00:00, 0.0
21.0, 16.4, 0.0, 42.0, 1990-06-17 00:00:00, 0.0
24.0, 12.8, 0.0, 78.0, 1990-06-18 00:00:00, 8.6
22.0, 14.8, 0.0, 55.0, 1990-06-19 00:00:00, 0.2
2.0, 12.6, 0.0, 67.0, 1990-06-20 00:00:00, 2.5
4.0, 20.0, 0.0, 40.0, 1990-06-21 00:00:00, 0.0
13.0, 21.7, 0.0, 46.0, 1990-06-22 00:00:00, 0.0
9.0, 19.6, 0.0, 55.0, 1990-06-23 00:00:00, 0.5
7.0, 15.8, 0.0, 71.0, 1990-06-24 00:00:00, 7.3
5.0, 20.4, 0.0, 42.0, 1990-06-25 00:00:00, 0.0
12.0, 20.2, 0.0, 39.0, 1990-06-26 00:00:00, 0.0
12.0, 19.0, 0.0, 35.0, 1990-06-27 00:00:00, 0.2
8.0, 16.2, 0.0, 52.0, 1990-06-28 00:00:00, 2.7
10.0, 15.6, 0.0, 57.0, 1990-06-29 00:00:00, 2.5
6.0, 16.2, 0.0, 57.0, 1990-06-30 00:00:00, 0.0
11.0, 16.6, 0.0, 65.0, 1990-07-01 00:00:00, 0.0
0.0, 10.0, 0.0, 99.0, 1990-07-02 00:00:00, 6.8
21.0, 10.7, 0.0, 74.0, 1990-07-03 00:00:00, 2.5
2.0, 17.9, 0.0, 42.0, 1990-07-04 00:00:00, 0.0
11.0, 21.1, 0.0, 42.0, 1990-07-05 00:00:00, 0.0
1.0, 12.8, 0.0, 90.0, 1990-07-06 00:00:00, 6.0
21.0, 15.8, 0.0, 60.0, 1990-07-07 00:00:00, 3.8
7.0, 20.0, 0.0, 53.0, 1990-07-08 00:00:00, 0.0
5.0, 21.2, 0.0, 39.0, 1990-07-09 00:00:00, 0.5
4.0, 24.4, 0.0, 37.0, 1990-07-10 00:00:00, 0.0
11.0, 25.0, 0.0, 38.0, 1990-07-11 00:00:00, 0.0
1.0, 25.3, 0.0, 43.0, 1990-07-12 00:00:00, 0.0
2.0, 23.1, 0.0, 35.0, 1990-07-13 00:00:00, 1.7
8.0, 22.7, 0.0, 18.0, 1990-07-14 00:00:00, 0.0
12.0, 23.1, 0.0, 28.0, 1990-07-15 00:00:00, 0.0
15.0, 17.7, 0.0, 55.0, 1990-07-16 00:00:00, 6.0
14.0, 18.8, 0.0, 35.0, 1990-07-17 00:00:00, 1.0
1.0, 17.3, 0.0, 47.0, 1990-07-18 00:00:00, 0.0
15.0, 17.1, 0.0, 46.0, 1990-07-19 00:00:00, 2.0
16.0, 18.2, 0.0, 42.0, 1990-07-20 00:00:00, 0.0
12.0, 20.2, 0.0, 45.0, 1990-07-21 00:00:00, 0.0
12.0, 22.4, 0.0, 38.0, 1990-07-22 00:00:00, 0.0
10.0, 23.7, 0.0, 40.0, 1990-07-23 00:00:00, 0.0
1.0, 13.1, 0.0, 99.0, 1990-07-24 00:00:00, 8.1
0.0, 17.5, 0.0, 67.0, 1990-07-25 00:00:00, 1.0
1.0, 20.5, 0.0, 70.0, 1990-07-26 00:00:00, 0.0
17.0, 20.5, 0.0, 51.0, 1990-07-27 00:00:00, 8.1
12.0, 20.8, 0.0, 51.0, 1990-07-28 00:00:00, 0.0
5.0, 22.3, 0.0, 51.0, 1990-07-29 00:00:00, 0.0
5.0, 22.4, 0.0, 45.0, 1990-07-30 00:00:00, 0.0
5.0, 18.8, 0.0, 61.0, 1990-07-31 00:00:00, 9.1
5.0, 15.6, 0.0, 87.0, 1990-08-01 00:00:00, 7.6
5.0, 18.7, 0.0, 46.0, 1990-08-02 00:00:00, 1.5
5.0, 16.8, 0.0, 61.0, 1990-08-03 00:00:00, 1.5
5.0, 21.1, 0.0, 46.0, 1990-08-04 00:00:00, 0.0
5.0, 24.1, 0.0, 43.0, 1990-08-05 00:00:00, 0.0
5.0, 25.4, 0.0, 26.0, 1990-08-06 00:00:00, 0.0
5.0, 23.7, 0.0, 26.0, 1990-08-07 00:00:00, 0.0
5.0, 22.7, 0.0, 39.0, 1990-08-08 00:00:00, 0.0
0.0, 23.6, 0.0, 43.0, 1990-08-09 00:00:00, 0.0
10.0, 24.6, 0.0, 38.0, 1990-08-10 00:00:00, 0.0
5.0, 26.3, 0.0, 40.0, 1990-08-11 00:00:00, 0.0
5.0, 25.0, 0.0, 42.0, 1990-08-12 00:00:00, 0.0
2.0, 23.1, 0.0, 35.0, 1990-08-13 00:00:00, 1.7
5.0, 22.7, 0.0, 18.0, 1990-08-14 00:00:00, 0.0
8.0, 23.1, 0.0, 28.0, 1990-08-15 00:00:00, 0.0
6.0, 20.2, 0.0, 58.0, 1990-08-16 00:00:00, 0.0
0.0, 20.0, 0.0, 49.0, 1990-08-17 00:00:00, 10.0
0.0, 20.0, 0.0, 48.0, 1990-08-18 00:00:00, 2.0
5.0, 21.0, 0.0, 45.0, 1990-08-19 00:00:00, 0.0
0.0, 21.0, 0.0, 51.0, 1990-08-20 00:00:00, 0.0
5.0, 22.0, 0.0, 46.0, 1990-08-21 00:00:00, 0.0
0.0, 15.0, 0.0, 85.0, 1990-08-22 00:00:00, 4.0
5.0, 15.0, 0.0, 80.0, 1990-08-23 00:00:00, 10.0
10.0, 17.0, 0.0, 45.0, 1990-08-24 00:00:00, 0.0
0.0, 10.0, 0.0, 83.0, 1990-08-25 00:00:00, 0.0
1.0, 10.4, 0.0, 81.0, 1990-08-26 00:00:00, 10.4
5.0, 13.7, 0.0, 51.0, 1990-08-27 00:00:00, 0.0
6.0, 20.6, 0.0, 37.0, 1990-08-28 00:00:00, 0.0
5.0, 16.1, 0.0, 52.0, 1990-08-29 00:00:00, 0.0
5.0, 10.1, 0.0, 99.0, 1990-08-30 00:00:00, 16.5
5.0, 11.6, 0.0, 80.0, 1990-08-31 00:00:00, 13.4
5.0, 12.4, 0.0, 78.0, 1990-09-01 00:00:00, 0.0
5.0, 15.5, 0.0, 51.0, 1990-09-02 00:00:00, 1.2
5.0, 16.6, 0.0, 34.0, 1990-09-03 00:00:00, 0.0
5.0, 16.1, 0.0, 40.0, 1990-09-04 00:00:00, 0.0
5.0, 17.6, 0.0, 31.0, 1990-09-05 00:00:00, 0.0
5.0, 21.7, 0.0, 29.0, 1990-09-06 00:00:00, 0.0
5.0, 22.6, 0.0, 28.0, 1990-09-07 00:00:00, 0.0
5.0, 22.6, 0.0, 23.0, 1990-09-08 00:00:00, 0.0
5.0, 22.1, 0.0, 25.0, 1990-09-09 00:00:00, 0.0
5.0, 20.5, 0.0, 38.0, 1990-09-10 00:00:00, 0.0
5.0, 19.5, 0.0, 40.0, 1990-09-11 00:00:00, 0.0
5.0, 17.3, 0.0, 38.0, 1990-09-12 00:00:00, 0.0
5.0, 13.1, 0.0, 62.0, 1990-09-13 00:00:00, 1.0
5.0, 17.5, 0.0, 45.0, 1990-09-14 00:00:00, 0.0
0.0, 19.4, 0.0, 42.0, 1990-09-15 00:00:00, 0.0
0.0, 10.0, 0.0, 97.0, 1990-09-16 00:00:00, 4.0
1.0, 15.3, 0.0, 45.0, 1990-09-17 00:00:00, 1.0
0.0, 13.2, 0.0, 57.0, 1990-09-18 00:00:00, 0.0
6.0, 16.1, 0.0, 38.0, 1990-09-19 00:00:00, 0.0
1.0, 14.4, 0.0, 41.0, 1990-09-20 00:00:00, 0.0
4.0, 18.8, 0.0, 41.0, 1990-09-21 00:00:00, 0.0
1.0, 17.0, 0.0, 51.0, 1990-09-22 00:00:00, 0.0
0.0, 18.9, 0.0, 48.0, 1990-09-23 00:00:00, 0.0
0.0, 19.7, 0.0, 41.0, 1990-09-24 00:00:00, 0.0
0.0, 0.0, 0.0, 0.0, 1991-06-06 00:00:00, 0.0
1.0, 6.9, 180.0, 58.0, 1991-06-07 00:00:00, 0.0
1.0, 6.6, 140.0, 94.0, 1991-06-08 00:00:00, 1.0
3.0, 6.6, 140.0, 96.0, 1991-06-09 00:00:00, 0.5
0.0, 17.1, 0.0, 88.0, 1991-06-10 00:00:00, 6.4
4.0, 21.2, 180.0, 48.0, 1991-06-11 00:00:00, 0.0
4.0, 20.6, 270.0, 49.0, 1991-06-12 00:00:00, 0.0
1.0, 15.7, 230.0, 60.0, 1991-06-13 00:00:00, 0.0
0.0, 11.4, 90.0, 87.0, 1991-06-14 00:00:00, 6.8
4.0, 12.2, 230.0, 66.0, 1991-06-15 00:00:00, 1.5
6.0, 17.4, 180.0, 41.0, 1991-06-16 00:00:00, 2.2
2.0, 15.6, 50.0, 60.0, 1991-06-17 00:00:00, 0.0
1.0, 12.7, 320.0, 69.0, 1991-06-18 00:00:00, 1.5
3.0, 17.5, 90.0, 39.0, 1991-06-19 00:00:00, 4.0
7.0, 11.9, 50.0, 91.0, 1991-06-20 00:00:00, 3.5
0.0, 11.7, 0.0, 83.0, 1991-06-21 00:00:00, 7.8
1.0, 15.7, 320.0, 62.0, 1991-06-22 00:00:00, 0.7
1.0, 12.0, 0.0, 83.0, 1991-06-23 00:00:00, 0.5
1.0, 14.1, 320.0, 65.0, 1991-06-24 00:00:00, 0.5
5.0, 20.1, 320.0, 38.0, 1991-06-25 00:00:00, 0.5
2.0, 18.7, 320.0, 44.0, 1991-06-26 00:00:00, 0.0
8.0, 15.3, 320.0, 64.0, 1991-06-27 00:00:00, 0.0
6.0, 20.8, 320.0, 44.0, 1991-06-28 00:00:00, 0.0
1.0, 23.2, 320.0, 23.0, 1991-06-29 00:00:00, 0.0
0.0, 14.8, 0.0, 90.0, 1991-06-30 00:00:00, 13.0
4.0, 18.8, 320.0, 44.0, 1991-07-01 00:00:00, 0.0
3.0, 24.0, 320.0, 33.0, 1991-07-02 00:00:00, 0.0
5.0, 25.9, 320.0, 21.0, 1991-07-03 00:00:00, 0.0
2.0, 22.1, 320.0, 23.0, 1991-07-04 00:00:00, 0.0
4.0, 20.3, 320.0, 33.0, 1991-07-05 00:00:00, 0.0
4.0, 13.2, 320.0, 53.0, 1991-07-06 00:00:00, 3.8
1.0, 19.9, 320.0, 37.0, 1991-07-07 00:00:00, 0.0
2.0, 21.4, 320.0, 26.0, 1991-07-08 00:00:00, 0.0
3.0, 21.2, 320.0, 39.0, 1991-07-09 00:00:00, 0.0
1.0, 23.9, 320.0, 33.0, 1991-07-10 00:00:00, 0.5
3.0, 21.2, 320.0, 49.0, 1991-07-11 00:00:00, 1.0
0.0, 16.6, 320.0, 69.0, 1991-07-12 00:00:00, 0.0
2.0, 19.5, 320.0, 71.0, 1991-07-13 00:00:00, 1.0
1.0, 17.1, 320.0, 52.0, 1991-07-14 00:00:00, 14.7
0.0, 19.2, 320.0, 70.0, 1991-07-15 00:00:00, 0.0
2.0, 15.7, 320.0, 80.0, 1991-07-16 00:00:00, 1.0
1.0, 12.4, 320.0, 78.0, 1991-07-17 00:00:00, 2.3
1.0, 14.2, 320.0, 69.0, 1991-07-18 00:00:00, 4.0
1.0, 12.2, 320.0, 75.0, 1991-07-19 00:00:00, 2.2
0.0, 13.6, 320.0, 78.0, 1991-07-20 00:00:00, 3.3
2.0, 13.8, 320.0, 72.0, 1991-07-21 00:00:00, 4.5
5.0, 19.1, 320.0, 44.0, 1991-07-22 00:00:00, 0.0
8.0, 22.4, 0.0, 37.0, 1991-07-23 00:00:00, 0.0
1.0, 24.8, 0.0, 39.0, 1991-07-24 00:00:00, 0.0
0.0, 19.3, 0.0, 70.0, 1991-07-25 00:00:00, 0.0
0.0, 13.0, 0.0, 92.0, 1991-07-26 00:00:00, 5.5
0.0, 14.4, 0.0, 85.0, 1991-07-27 00:00:00, 1.0
3.0, 20.3, 0.0, 33.0, 1991-07-28 00:00:00, 0.0
2.0, 18.3, 0.0, 28.0, 1991-07-29 00:00:00, 0.0
1.0, 18.8, 0.0, 28.0, 1991-07-30 00:00:00, 4.3
5.0, 18.1, 0.0, 40.0, 1991-07-31 00:00:00, 0.0
0.0, 20.8, 320.0, 38.0, 1991-08-01 00:00:00, 0.0
3.0, 21.5, 320.0, 44.0, 1991-08-02 00:00:00, 0.0
2.0, 23.5, 320.0, 37.0, 1991-08-03 00:00:00, 0.0
1.0, 25.7, 320.0, 32.0, 1991-08-04 00:00:00, 0.0
0.0, 25.9, 320.0, 33.0, 1991-08-05 00:00:00, 0.0
4.0, 22.4, 320.0, 48.0, 1991-08-06 00:00:00, 3.8
1.0, 21.1, 320.0, 66.0, 1991-08-07 00:00:00, 6.0
2.0, 22.6, 320.0, 56.0, 1991-08-08 00:00:00, 0.5
1.0, 25.4, 320.0, 44.0, 1991-08-09 00:00:00, 0.0
1.0, 12.8, 320.0, 98.0, 1991-08-10 00:00:00, 26.6
1.0, 15.4, 320.0, 90.0, 1991-08-11 00:00:00, 1.5
0.0, 14.7, 320.0, 80.0, 1991-08-12 00:00:00, 1.5
0.0, 12.1, 320.0, 95.0, 1991-08-13 00:00:00, 1.7
5.0, 17.5, 320.0, 64.0, 1991-08-14 00:00:00, 1.5
3.0, 21.7, 320.0, 52.0, 1991-08-15 00:00:00, 0.0
1.0, 24.0, 320.0, 48.0, 1991-08-16 00:00:00, 0.0
1.0, 24.2, 320.0, 45.0, 1991-08-17 00:00:00, 0.2
4.0, 22.6, 320.0, 47.0, 1991-08-18 00:00:00, 0.0
1.0, 18.8, 320.0, 76.0, 1991-08-19 00:00:00, 3.0
1.0, 20.2, 320.0, 55.0, 1991-08-20 00:00:00, 1.2
1.0, 22.7, 320.0, 40.0, 1991-08-21 00:00:00, 0.0
4.0, 21.7, 320.0, 55.0, 1991-08-22 00:00:00, 0.0
0.0, 20.5, 0.0, 46.0, 1991-08-23 00:00:00, 1.2
2.0, 17.5, 320.0, 43.0, 1991-08-24 00:00:00, 4.5
6.0, 16.9, 320.0, 36.0, 1991-08-25 00:00:00, 0.0
2.0, 12.7, 320.0, 47.0, 1991-08-26 00:00:00, 0.0
0.0, 11.2, 0.0, 91.0, 1991-08-27 00:00:00, 7.3
0.0, 10.5, 0.0, 96.0, 1991-08-28 00:00:00, 5.5
1.0, 9.7, 320.0, 97.0, 1991-08-29 00:00:00, 12.7
0.0, 17.3, 0.0, 89.0, 1991-08-30 00:00:00, 1.7
0.0, 14.6, 0.0, 93.0, 1991-08-31 00:00:00, 8.1
1.0, 8.7, 320.0, 95.0, 1991-09-01 00:00:00, 12.1
1.0, 9.8, 320.0, 67.0, 1991-09-02 00:00:00, 4.0
4.0, 13.2, 320.0, 59.0, 1991-09-03 00:00:00, 0.2
0.0, 25.7, 0.0, 32.0, 1991-09-04 00:00:00, 0.0
1.0, 18.2, 320.0, 55.0, 1991-09-05 00:00:00, 0.0
0.0, 17.8, 320.0, 60.0, 1991-09-06 00:00:00, 0.0
4.0, 17.4, 320.0, 65.0, 1991-09-07 00:00:00, 0.0
6.0, 7.9, 320.0, 98.0, 1991-09-08 00:00:00, 7.8
1.0, 12.2, 320.0, 63.0, 1991-09-09 00:00:00, 0.0
4.0, 14.8, 320.0, 58.0, 1991-09-10 00:00:00, 0.0
1.0, 14.1, 320.0, 67.0, 1991-09-11 00:00:00, 0.0
3.0, 13.4, 320.0, 76.0, 1991-09-12 00:00:00, 0.0
0.0, 8.3, 320.0, 95.0, 1991-09-13 00:00:00, 5.5
2.0, 14.9, 320.0, 54.0, 1991-09-14 00:00:00, 0.2
4.0, 14.9, 320.0, 54.0, 1991-09-15 00:00:00, 0.7
0.0, 13.9, 320.0, 85.0, 1991-09-16 00:00:00, 4.8
1.0, 13.4, 320.0, 54.0, 1991-09-17 00:00:00, 0.0
2.0, 12.0, 320.0, 68.0, 1991-09-18 00:00:00, 0.0
1.0, 13.6, 320.0, 69.0, 1991-09-19 00:00:00, 0.0
0.0, 9.4, 320.0, 96.0, 1991-09-20 00:00:00, 2.0
2.0, 8.3, 320.0, 51.0, 1991-09-21 00:00:00, 0.0
0.0, 5.4, 320.0, 79.0, 1991-09-22 00:00:00, 0.2
4.0, 11.2, 320.0, 60.0, 1991-09-23 00:00:00, 0.0
6.0, 13.1, 320.0, 72.0, 1991-09-24 00:00:00, 0.0
2.0, 15.8, 320.0, 62.0, 1991-09-25 00:00:00, 0.0
0.0, 16.6, 0.0, 51.0, 1991-09-26 00:00:00, 0.0
0.0, 17.4, 0.0, 51.0, 1991-09-27 00:00:00, 0.0
1.0, 16.2, 320.0, 60.0, 1991-09-28 00:00:00, 0.0
3.0, 11.5, 320.0, 17.0, 1991-09-29 00:00:00, 0.0
0.0, 13.2, 0.0, 50.0, 1991-09-30 00:00:00, 0.0
6.0, 15.8, 320.0, 29.0, 1991-10-01 00:00:00, 0.0
2.0, 11.0, 320.0, 79.0, 1991-10-02 00:00:00, 0.2
3.0, 9.6, 320.0, 44.0, 1991-10-03 00:00:00, 0.0
4.0, 25.3, 90.0, 37.0, 1992-06-24 00:00:00, 0.5
3.0, 25.2, 90.0, 39.0, 1992-06-25 00:00:00, 0.0
1.0, 26.8, 90.0, 36.0, 1992-06-26 00:00:00, 0.0
3.0, 23.5, 50.0, 41.0, 1992-06-27 00:00:00, 0.0
7.0, 22.2, 90.0, 57.0, 1992-06-28 00:00:00, 0.0
6.0, 14.0, 90.0, 91.0, 1992-06-29 00:00:00, 1.5
5.0, 15.0, 140.0, 85.0, 1992-06-30 00:00:00, 5.0
0.0, 15.0, 0.0, 65.0, 1992-07-01 00:00:00, 0.0
3.0, 15.0, 140.0, 70.0, 1992-07-02 00:00:00, 5.0
0.0, 16.0, 0.0, 75.0, 1992-07-03 00:00:00, 3.0
0.0, 20.0, 0.0, 50.0, 1992-07-04 00:00:00, 1.0
0.0, 17.0, 0.0, 65.0, 1992-07-05 00:00:00, 1.0
0.0, 16.0, 0.0, 75.0, 1992-07-06 00:00:00, 3.0
0.0, 15.0, 0.0, 85.0, 1992-07-07 00:00:00, 3.0
0.0, 15.0, 0.0, 90.0, 1992-07-08 00:00:00, 5.0
6.0, 14.9, 90.0, 62.0, 1992-07-09 00:00:00, 4.5
8.0, 14.0, 50.0, 70.0, 1992-07-10 00:00:00, 2.2
1.0, 19.6, 90.0, 46.0, 1992-07-11 00:00:00, 0.0
3.0, 16.2, 90.0, 65.0, 1992-07-12 00:00:00, 0.0
0.0, 14.0, 0.0, 88.0, 1992-07-13 00:00:00, 13.4
1.0, 10.6, 140.0, 73.0, 1992-07-14 00:00:00, 16.5
3.0, 16.2, 180.0, 45.0, 1992-07-15 00:00:00, 0.0
2.0, 19.5, 90.0, 44.0, 1992-07-16 00:00:00, 0.0
1.0, 21.4, 90.0, 53.0, 1992-07-17 00:00:00, 2.7
2.0, 23.5, 90.0, 38.0, 1992-07-18 00:00:00, 0.0
6.0, 20.1, 90.0, 47.0, 1992-07-19 00:00:00, 0.0
3.0, 20.8, 90.0, 50.0, 1992-07-20 00:00:00, 0.0
8.0, 20.8, 50.0, 53.0, 1992-07-21 00:00:00, 0.0
6.0, 16.6, 90.0, 87.0, 1992-07-22 00:00:00, 12.1
4.0, 17.4, 90.0, 71.0, 1992-07-23 00:00:00, 0.7
5.0, 20.0, 90.0, 58.0, 1992-07-24 00:00:00, 0.5
4.0, 18.9, 90.0, 63.0, 1992-07-25 00:00:00, 0.0
2.0, 18.8, 140.0, 45.0, 1992-07-26 00:00:00, 0.7
3.0, 15.3, 90.0, 72.0, 1992-07-27 00:00:00, 0.7
0.0, 17.9, 90.0, 61.0, 1992-07-28 00:00:00, 0.0
5.0, 18.1, 90.0, 69.0, 1992-07-29 00:00:00, 3.3
4.0, 21.8, 90.0, 51.0, 1992-07-30 00:00:00, 0.0
3.0, 23.8, 90.0, 46.0, 1992-07-31 00:00:00, 0.0
5.0, 24.7, 90.0, 39.0, 1992-08-01 00:00:00, 0.0
10.0, 21.8, 50.0, 49.0, 1992-08-02 00:00:00, 0.0
4.0, 22.2, 90.0, 52.0, 1992-08-03 00:00:00, 0.0
4.0, 20.2, 50.0, 53.0, 1992-08-04 00:00:00, 0.0
0.0, 15.2, 0.0, 91.0, 1992-08-05 00:00:00, 6.0
0.0, 15.9, 0.0, 77.0, 1992-08-06 00:00:00, 0.0
1.0, 10.4, 140.0, 91.0, 1992-08-07 00:00:00, 6.6
0.0, 10.2, 0.0, 79.0, 1992-08-08 00:00:00, 6.6
4.0, 11.6, 140.0, 62.0, 1992-08-09 00:00:00, 0.7
2.0, 16.8, 90.0, 47.0, 1992-08-10 00:00:00, 0.0
5.0, 19.7, 50.0, 45.0, 1992-08-11 00:00:00, 0.0
3.0, 22.2, 90.0, 43.0, 1992-08-12 00:00:00, 0.0
0.0, 21.2, 90.0, 48.0, 1992-08-13 00:00:00, 0.0
7.0, 22.9, 50.0, 51.0, 1992-08-14 00:00:00, 0.0
3.0, 25.7, 50.0, 37.0, 1992-08-15 00:00:00, 0.0
4.0, 24.4, 50.0, 34.0, 1992-08-16 00:00:00, 0.0
2.0, 23.2, 90.0, 38.0, 1992-08-17 00:00:00, 0.0
6.0, 23.5, 50.0, 39.0, 1992-08-18 00:00:00, 0.0
8.0, 21.4, 180.0, 39.0, 1992-08-19 00:00:00, 0.0
5.0, 16.6, 90.0, 40.0, 1992-08-20 00:00:00, 0.0
5.0, 13.6, 50.0, 58.0, 1992-08-21 00:00:00, 0.0
8.0, 7.7, 50.0, 50.0, 1992-08-22 00:00:00, 2.0
2.0, 7.4, 90.0, 53.0, 1992-08-23 00:00:00, 0.0
4.0, 10.8, 90.0, 48.0, 1992-08-24 00:00:00, 0.0
7.0, 12.6, 50.0, 52.0, 1992-08-25 00:00:00, 0.0
1.0, 11.5, 50.0, 89.0, 1992-08-26 00:00:00, 0.5
5.0, 15.6, 140.0, 48.0, 1992-08-27 00:00:00, 11.4
5.0, 9.2, 90.0, 69.0, 1992-08-28 00:00:00, 3.5
6.0, 12.7, 90.0, 49.0, 1992-08-29 00:00:00, 0.5
5.0, 13.4, 90.0, 58.0, 1992-08-30 00:00:00, 0.0
0.0, 13.6, 0.0, 83.0, 1992-08-31 00:00:00, 0.7
5.0, 13.3, 180.0, 80.0, 1992-09-01 00:00:00, 0.7
4.0, 14.4, 180.0, 40.0, 1992-09-02 00:00:00, 0.7
4.0, 11.2, 90.0, 91.0, 1992-09-03 00:00:00, 4.0
0.0, 8.8, 0.0, 99.0, 1992-09-04 00:00:00, 17.0
3.0, 5.1, 180.0, 81.0, 1992-09-05 00:00:00, 13.9
4.0, 6.9, 180.0, 58.0, 1992-09-06 00:00:00, 0.0
4.0, 5.9, 90.0, 69.0, 1992-09-07 00:00:00, 0.0
7.0, 5.4, 270.0, 84.0, 1992-09-08 00:00:00, 9.1
0.0, 6.7, 0.0, 88.0, 1992-09-09 00:00:00, 1.0
2.0, 11.6, 90.0, 69.0, 1992-09-10 00:00:00, 0.0
1.0, 12.3, 90.0, 81.0, 1992-09-11 00:00:00, 0.0
4.0, 9.0, 180.0, 50.0, 1992-09-12 00:00:00, 3.0
5.0, 5.3, 140.0, 51.0, 1992-09-13 00:00:00, 0.2
0.0, 2.1, 0.0, 94.0, 1992-09-14 00:00:00, 11.4
1.0, 5.0, 140.0, 57.0, 1992-09-15 00:00:00, 1.7
1.0, 3.6, 180.0, 66.0, 1992-09-16 00:00:00, 0.0
3.0, 6.4, 180.0, 58.0, 1992-09-17 00:00:00, 2.7
0.0, 6.7, 90.0, 55.0, 1992-09-18 00:00:00, 0.0
0.0, 8.5, 180.0, 93.0, 1992-09-19 00:00:00, 0.0
8.0, 11.9, 270.0, 82.0, 1992-09-20 00:00:00, 10.9
2.0, 14.1, 140.0, 55.0, 1992-09-21 00:00:00, 0.0
1.0, 13.6, 180.0, 71.0, 1992-09-22 00:00:00, 0.0
0.0, 11.4, 0.0, 94.0, 1992-09-23 00:00:00, 1.0
0.0, 9.9, 0.0, 97.0, 1992-09-24 00:00:00, 11.6
0.0, 0.0, 0.0, 0.0, 1993-06-14 00:00:00, 0.0
0.0, 12.8, 0.0, 84.0, 1993-06-15 00:00:00, 3.6
0.0, 12.2, 0.0, 78.0, 1993-06-16 00:00:00, 3.5
0.0, 14.8, 0.0, 73.0, 1993-06-17 00:00:00, 1.7
0.0, 19.0, 0.0, 46.0, 1993-06-18 00:00:00, 0.5
0.0, 19.4, 0.0, 28.0, 1993-06-19 00:00:00, 0.0
0.0, 17.8, 0.0, 47.0, 1993-06-20 00:00:00, 0.0
0.0, 18.2, 0.0, 54.0, 1993-06-21 00:00:00, 0.0
0.0, 9.4, 0.0, 65.0, 1993-06-22 00:00:00, 7.3
0.0, 5.1, 0.0, 89.0, 1993-06-23 00:00:00, 10.1
0.0, 12.6, 0.0, 59.0, 1993-06-24 00:00:00, 1.2
0.0, 10.0, 0.0, 89.0, 1993-06-25 00:00:00, 0.5
0.0, 16.8, 0.0, 66.0, 1993-06-26 00:00:00, 0.0
0.0, 12.3, 0.0, 82.0, 1993-06-27 00:00:00, 18.0
0.0, 10.5, 0.0, 69.0, 1993-06-28 00:00:00, 0.0
0.0, 14.6, 0.0, 53.0, 1993-06-29 00:00:00, 0.2
0.0, 14.2, 0.0, 53.0, 1993-06-30 00:00:00, 0.0
0.0, 14.2, 0.0, 62.0, 1993-07-01 00:00:00, 1.0
0.0, 17.7, 0.0, 49.0, 1993-07-02 00:00:00, 0.2
0.0, 14.5, 0.0, 65.0, 1993-07-03 00:00:00, 1.0
0.0, 15.7, 0.0, 60.0, 1993-07-04 00:00:00, 1.0
0.0, 15.2, 0.0, 54.0, 1993-07-05 00:00:00, 0.2
0.0, 15.3, 0.0, 60.0, 1993-07-06 00:00:00, 0.0
0.0, 17.8, 0.0, 51.0, 1993-07-07 00:00:00, 0.7
13.0, 13.9, 230.0, 79.0, 1993-07-08 00:00:00, 1.0
9.0, 13.4, 230.0, 61.0, 1993-07-09 00:00:00, 3.0
12.0, 14.8, 180.0, 64.0, 1993-07-10 00:00:00, 0.0
11.0, 9.4, 180.0, 93.0, 1993-07-11 00:00:00, 7.3
8.0, 13.1, 230.0, 66.0, 1993-07-12 00:00:00, 3.3
2.0, 11.1, 180.0, 86.0, 1993-07-13 00:00:00, 3.5
10.0, 15.5, 180.0, 60.0, 1993-07-14 00:00:00, 2.0
11.0, 12.4, 180.0, 71.0, 1993-07-15 00:00:00, 0.2
7.0, 12.7, 180.0, 85.0, 1993-07-16 00:00:00, 1.0
1.0, 12.7, 230.0, 81.0, 1993-07-17 00:00:00, 9.6
4.0, 15.8, 50.0, 71.0, 1993-07-18 00:00:00, 2.5
8.0, 15.8, 230.0, 65.0, 1993-07-19 00:00:00, 0.2
1.0, 13.4, 230.0, 83.0, 1993-07-20 00:00:00, 2.7
4.0, 12.5, 90.0, 86.0, 1993-07-21 00:00:00, 6.6
2.0, 14.8, 230.0, 80.0, 1993-07-22 00:00:00, 2.2
7.0, 17.0, 230.0, 66.0, 1993-07-23 00:00:00, 0.5
6.0, 16.7, 90.0, 54.0, 1993-07-24 00:00:00, 0.2
7.0, 16.3, 180.0, 65.0, 1993-07-25 00:00:00, 0.0
5.0, 18.5, 230.0, 58.0, 1993-07-26 00:00:00, 0.0
8.0, 17.4, 230.0, 66.0, 1993-07-27 00:00:00, 0.0
9.0, 15.5, 230.0, 91.0, 1993-07-28 00:00:00, 6.0
6.0, 18.5, 90.0, 48.0, 1993-07-29 00:00:00, 5.8
7.0, 13.4, 90.0, 70.0, 1993-07-30 00:00:00, 0.0
6.0, 12.5, 0.0, 53.0, 1993-07-31 00:00:00, 0.0
7.0, 19.6, 0.0, 41.0, 1993-08-01 00:00:00, 0.0
12.0, 20.2, 180.0, 44.0, 1993-08-02 00:00:00, 0.0
7.0, 21.3, 230.0, 47.0, 1993-08-03 00:00:00, 0.0
9.0, 22.3, 230.0, 45.0, 1993-08-04 00:00:00, 0.0
6.0, 22.6, 230.0, 47.0, 1993-08-05 00:00:00, 0.0
6.0, 20.8, 230.0, 59.0, 1993-08-06 00:00:00, 0.0
3.0, 14.0, 230.0, 77.0, 1993-08-07 00:00:00, 14.0
7.0, 16.6, 230.0, 70.0, 1993-08-08 00:00:00, 0.5
12.0, 21.4, 50.0, 30.0, 1993-08-09 00:00:00, 0.0
7.0, 8.2, 50.0, 97.0, 1993-08-10 00:00:00, 8.0
8.0, 15.4, 0.0, 49.0, 1993-08-11 00:00:00, 0.2
7.0, 16.8, 230.0, 48.0, 1993-08-12 00:00:00, 0.0
5.0, 16.4, 230.0, 63.0, 1993-08-13 00:00:00, 0.0
8.0, 15.1, 230.0, 71.0, 1993-08-14 00:00:00, 1.0
11.0, 16.9, 180.0, 63.0, 1993-08-15 00:00:00, 0.5
5.0, 18.6, 230.0, 71.0, 1993-08-16 00:00:00, 1.5
11.0, 20.6, 180.0, 66.0, 1993-08-17 00:00:00, 0.0
6.0, 19.8, 230.0, 64.0, 1993-08-18 00:00:00, 0.0
7.0, 19.9, 180.0, 60.0, 1993-08-19 00:00:00, 0.0
6.0, 22.7, 230.0, 50.0, 1993-08-20 00:00:00, 0.0
7.0, 19.4, 230.0, 63.0, 1993-08-21 00:00:00, 0.0
13.0, 17.9, 180.0, 69.0, 1993-08-22 00:00:00, 0.0
12.0, 11.4, 50.0, 84.0, 1993-08-23 00:00:00, 10.9
5.0, 7.9, 50.0, 74.0, 1993-08-24 00:00:00, 8.8
5.0, 11.9, 50.0, 68.0, 1993-08-25 00:00:00, 2.0
3.0, 13.4, 90.0, 58.0, 1993-08-26 00:00:00, 0.0
3.0, 10.8, 50.0, 83.0, 1993-08-27 00:00:00, 8.1
1.0, 9.8, 180.0, 91.0, 1993-08-28 00:00:00, 5.8
3.0, 13.2, 180.0, 67.0, 1993-08-29 00:00:00, 0.0
4.0, 13.2, 230.0, 68.0, 1993-08-30 00:00:00, 0.0
6.0, 9.1, 180.0, 97.0, 1993-08-31 00:00:00, 0.2
3.0, 16.5, 180.0, 71.0, 1993-09-01 00:00:00, 3.0
6.0, 16.8, 230.0, 64.0, 1993-09-02 00:00:00, 6.4
3.0, 19.8, 230.0, 63.0, 1993-09-03 00:00:00, 0.0
9.0, 18.7, 230.0, 54.0, 1993-09-04 00:00:00, 0.0
8.0, 16.3, 230.0, 53.0, 1993-09-05 00:00:00, 0.0
9.0, 17.8, 180.0, 45.0, 1993-09-06 00:00:00, 0.0
7.0, 18.5, 180.0, 55.0, 1993-09-07 00:00:00, 0.0
8.0, 23.5, 0.0, 28.0, 1993-09-08 00:00:00, 0.0
7.0, 18.9, 230.0, 43.0, 1993-09-09 00:00:00, 0.0
5.0, 18.2, 230.0, 57.0, 1993-09-10 00:00:00, 0.0
8.0, 15.4, 230.0, 49.0, 1993-09-11 00:00:00, 7.1
4.0, 12.1, 270.0, 39.0, 1993-09-12 00:00:00, 0.0
7.0, 6.7, 180.0, 70.0, 1993-09-13 00:00:00, 0.0
3.0, 9.2, 140.0, 99.0, 1993-09-14 00:00:00, 2.0
1.0, 10.5, 230.0, 75.0, 1993-09-15 00:00:00, 1.0
7.0, 10.2, 230.0, 60.0, 1993-09-16 00:00:00, 0.2
6.0, 12.0, 230.0, 51.0, 1993-09-17 00:00:00, 0.0
6.0, 13.0, 230.0, 52.0, 1993-09-18 00:00:00, 0.0
0.0, 6.7, 0.0, 99.0, 1993-09-19 00:00:00, 2.5
7.0, 5.3, 230.0, 93.0, 1993-09-20 00:00:00, 16.7
6.0, 7.4, 230.0, 73.0, 1993-09-21 00:00:00, 0.2
4.0, 10.5, 230.0, 60.0, 1993-09-22 00:00:00, 0.0
4.0, 11.4, 230.0, 58.0, 1993-09-23 00:00:00, 0.0
2.0, 10.6, 270.0, 60.0, 1993-09-24 00:00:00, 0.0
7.0, 11.4, 0.0, 57.0, 1993-09-25 00:00:00, 0.2
4.0, 9.9, 180.0, 68.0, 1993-09-26 00:00:00, 0.0
4.0, 16.7, 50.0, 54.0, 1993-09-27 00:00:00, 1.7
4.0, 14.1, 230.0, 47.0, 1993-09-28 00:00:00, 0.0
1.0, 12.5, 230.0, 54.0, 1993-09-29 00:00:00, 0.0
6.0, 12.2, 50.0, 49.0, 1993-09-30 00:00:00, 0.0
7.0, 15.7, 50.0, 41.0, 1993-10-01 00:00:00, 0.0
3.0, 14.6, 230.0, 54.0, 1993-10-02 00:00:00, 0.0
1.0, 14.3, 180.0, 59.0, 1993-10-03 00:00:00, 0.0
0.0, 14.8, 0.0, 61.0, 1993-10-04 00:00:00, 0.0
7.0, 13.5, 180.0, 67.0, 1993-10-05 00:00:00, 0.0
6.0, 9.6, 180.0, 82.0, 1993-10-06 00:00:00, 0.2
5.0, 10.1, 230.0, 69.0, 1993-10-07 00:00:00, 0.0
4.0, 8.9, 230.0, 65.0, 1993-10-08 00:00:00, 0.0
5.0, 9.0, 180.0, 49.0, 1993-10-09 00:00:00, 0.0
5.0, 7.7, 230.0, 63.0, 1993-10-10 00:00:00, 0.2
4.0, 18.7, 180.0, 59.0, 1993-10-11 00:00:00, 0.0
