station_observations
wind_speed, temperature, wind_direction, relative_humidity, time, precipitation
3.0, 12.2, 180.0, 91.0, 1990-06-30 00:00:00, 0.5
3.0, 14.4, 140.0, 71.0, 1990-07-01 00:00:00, 1.0
0.0, 10.9, 140.0, 95.0, 1990-07-02 00:00:00, 7.3
9.0, 10.9, 0.0, 63.0, 1990-07-03 00:00:00, 1.2
7.0, 14.1, 140.0, 49.0, 1990-07-04 00:00:00, 0.0
8.0, 20.8, 180.0, 41.0, 1990-07-05 00:00:00, 0.0
3.0, 10.1, 180.0, 99.0, 1990-07-06 00:00:00, 4.5
11.0, 14.3, 180.0, 79.0, 1990-07-07 00:00:00, 3.8
5.0, 17.3, 180.0, 51.0, 1990-07-08 00:00:00, 0.0
19.0, 19.6, 0.0, 38.0, 1990-07-09 00:00:00, 0.5
11.0, 22.8, 140.0, 36.0, 1990-07-10 00:00:00, 0.0
12.0, 25.4, 180.0, 35.0, 1990-07-11 00:00:00, 0.0
10.0, 25.3, 180.0, 40.0, 1990-07-12 00:00:00, 0.0
20.0, 21.8, 0.0, 38.0, 1990-07-13 00:00:00, 1.0
11.0, 21.1, 140.0, 28.0, 1990-07-14 00:00:00, 0.0
14.0, 22.0, 0.0, 31.0, 1990-07-15 00:00:00, 0.0
17.0, 17.0, 0.0, 42.0, 1990-07-16 00:00:00, 3.5
11.0, 17.5, 50.0, 35.0, 1990-07-17 00:00:00, 0.2
3.0, 16.1, 180.0, 51.0, 1990-07-18 00:00:00, 0.0
3.0, 14.6, 140.0, 53.0, 1990-07-19 00:00:00, 3.5
4.0, 16.0, 140.0, 49.0, 1990-07-20 00:00:00, 0.0
15.0, 19.1, 140.0, 47.0, 1990-07-21 00:00:00, 0.0
8.0, 22.1, 180.0, 37.0, 1990-07-22 00:00:00, 0.0
11.0, 22.8, 140.0, 39.0, 1990-07-23 00:00:00, 0.0
0.0, 12.2, 50.0, 99.0, 1990-07-24 00:00:00, 12.6
0.0, 16.6, 140.0, 81.0, 1990-07-25 00:00:00, 1.7
9.0, 17.4, 180.0, 80.0, 1990-07-26 00:00:00, 0.0
4.0, 17.0, 180.0, 84.0, 1990-07-27 00:00:00, 15.9
13.0, 20.2, 180.0, 55.0, 1990-07-28 00:00:00, 0.0
10.0, 22.0, 140.0, 52.0, 1990-07-29 00:00:00, 0.0
12.0, 23.1, 140.0, 46.0, 1990-07-30 00:00:00, 0.0
7.0, 19.7, 0.0, 47.0, 1990-07-31 00:00:00, 1.5
1.0, 14.8, 0.0, 85.0, 1990-08-01 00:00:00, 7.3
0.0, 17.1, 0.0, 45.0, 1990-08-02 00:00:00, 0.5
2.0, 16.2, 0.0, 61.0, 1990-08-03 00:00:00, 0.7
10.0, 21.6, 0.0, 47.0, 1990-08-04 00:00:00, 0.0
10.0, 23.9, 0.0, 44.0, 1990-08-05 00:00:00, 0.0
22.0, 24.7, 0.0, 19.0, 1990-08-06 00:00:00, 0.0
19.0, 22.4, 0.0, 25.0, 1990-08-07 00:00:00, 0.0
11.0, 20.9, 0.0, 44.0, 1990-08-08 00:00:00, 0.0
13.0, 23.2, 0.0, 42.0, 1990-08-09 00:00:00, 0.0
15.0, 24.7, 0.0, 41.0, 1990-08-10 00:00:00, 0.0
11.0, 26.1, 0.0, 39.0, 1990-08-11 00:00:00, 0.0
6.0, 24.4, 0.0, 44.0, 1990-08-12 00:00:00, 0.0
10.0, 24.4, 0.0, 42.0, 1990-08-13 00:00:00, 0.0
11.0, 22.6, 0.0, 58.0, 1990-08-14 00:00:00, 2.0
4.0, 22.0, 0.0, 48.0, 1990-08-15 00:00:00, 0.0
7.0, 19.0, 0.0, 56.0, 1990-08-16 00:00:00, 0.0
1.0, 14.4, 0.0, 93.0, 1990-08-17 00:00:00, 4.3
0.0, 17.0, 0.0, 66.0, 1990-08-18 00:00:00, 0.0
4.0, 19.5, 0.0, 63.0, 1990-08-19 00:00:00, 0.5
9.0, 22.6, 0.0, 47.0, 1990-08-20 00:00:00, 0.0
1.0, 16.9, 0.0, 78.0, 1990-08-21 00:00:00, 1.5
0.0, 11.6, 0.0, 99.0, 1990-08-22 00:00:00, 4.5
0.0, 8.5, 0.0, 73.0, 1990-08-23 00:00:00, 6.3
4.0, 10.6, 0.0, 73.0, 1990-08-24 00:00:00, 1.5
0.0, 8.7, 0.0, 83.0, 1990-08-25 00:00:00, 0.0
0.0, 8.4, 0.0, 93.0, 1990-08-26 00:00:00, 12.1
2.0, 11.9, 0.0, 62.0, 1990-08-27 00:00:00, 0.0
13.0, 11.1, 0.0, 40.0, 1990-08-28 00:00:00, 0.0
4.0, 16.0, 0.0, 51.0, 1990-08-29 00:00:00, 0.0
0.0, 10.4, 0.0, 99.0, 1990-08-30 00:00:00, 15.4
3.0, 9.7, 0.0, 99.0, 1990-08-31 00:00:00, 7.6
1.0, 11.1, 0.0, 83.0, 1990-09-01 00:00:00, 0.0
1.0, 12.1, 0.0, 73.0, 1990-09-02 00:00:00, 0.7
9.0, 14.3, 0.0, 54.0, 1990-09-03 00:00:00, 0.0
3.0, 15.4, 0.0, 46.0, 1990-09-04 00:00:00, 0.0
4.0, 17.7, 0.0, 37.0, 1990-09-05 00:00:00, 0.0
3.0, 20.9, 0.0, 29.0, 1990-09-06 00:00:00, 0.0
3.0, 21.3, 0.0, 29.0, 1990-09-07 00:00:00, 0.0
12.0, 20.5, 0.0, 24.0, 1990-09-08 00:00:00, 0.0
12.0, 20.3, 0.0, 23.0, 1990-09-09 00:00:00, 0.0
2.0, 19.5, 0.0, 39.0, 1990-09-10 00:00:00, 0.0
6.0, 18.8, 0.0, 44.0, 1990-09-11 00:00:00, 0.0
2.0, 15.7, 0.0, 40.0, 1990-09-12 00:00:00, 0.0
7.0, 12.9, 0.0, 58.0, 1990-09-13 00:00:00, 0.7
4.0, 17.0, 0.0, 48.0, 1990-09-14 00:00:00, 0.0
4.0, 19.0, 0.0, 43.0, 1990-09-15 00:00:00, 0.0
1.0, 7.0, 0.0, 99.0, 1990-09-16 00:00:00, 7.8
0.0, 9.8, 0.0, 95.0, 1990-09-17 00:00:00, 0.5
4.0, 13.1, 0.0, 60.0, 1990-09-18 00:00:00, 0.0
8.0, 12.6, 0.0, 40.0, 1990-09-19 00:00:00, 0.0
1.0, 11.6, 0.0, 51.0, 1990-09-20 00:00:00, 0.0
4.0, 15.6, 0.0, 56.0, 1990-09-21 00:00:00, 0.0
1.0, 17.5, 0.0, 48.0, 1990-09-22 00:00:00, 0.0
2.0, 17.5, 0.0, 48.0, 1990-09-23 00:00:00, 0.0
3.0, 18.7, 0.0, 44.0, 1990-09-24 00:00:00, 0.0
5.0, 8.8, 50.0, 57.0, 1994-05-02 00:00:00, 0.0
8.0, 8.5, 180.0, 47.0, 1994-05-03 00:00:00, 0.0
9.0, 12.8, 50.0, 43.0, 1994-05-04 00:00:00, 0.0
5.0, 13.0, 50.0, 51.0, 1994-05-05 00:00:00, 0.0
9.0, 16.4, 50.0, 47.0, 1994-05-06 00:00:00, 0.0
7.0, 18.1, 50.0, 49.0, 1994-05-07 00:00:00, 0.0
9.0, 19.3, 50.0, 34.0, 1994-05-08 00:00:00, 0.0
13.0, 21.6, 50.0, 38.0, 1994-05-09 00:00:00, 0.0
10.0, 13.3, 140.0, 50.0, 1994-05-10 00:00:00, 0.0
9.0, 19.1, 50.0, 47.0, 1994-05-11 00:00:00, 0.0
9.0, 14.4, 140.0, 46.0, 1994-05-12 00:00:00, 0.0
7.0, 9.9, 50.0, 51.0, 1994-05-13 00:00:00, 0.5
6.0, 12.1, 140.0, 42.0, 1994-05-14 00:00:00, 0.5
10.0, 11.9, 50.0, 64.0, 1994-05-15 00:00:00, 0.2
20.0, 10.4, 50.0, 65.0, 1994-05-16 00:00:00, 4.3
8.0, 13.0, 180.0, 49.0, 1994-05-17 00:00:00, 0.0
5.0, 11.7, 90.0, 45.0, 1994-05-18 00:00:00, 0.0
5.0, 11.7, 90.0, 45.0, 1994-05-19 00:00:00, 0.0
6.0, 10.0, 180.0, 70.0, 1994-05-20 00:00:00, 4.8
17.0, 12.0, 0.0, 74.0, 1994-05-21 00:00:00, 4.8
9.0, 11.6, 0.0, 64.0, 1994-05-22 00:00:00, 0.0
12.0, 19.1, 140.0, 32.0, 1994-05-23 00:00:00, 0.0
9.0, 20.1, 180.0, 30.0, 1994-05-24 00:00:00, 0.0
4.0, 15.2, 0.0, 63.0, 1994-05-25 00:00:00, 0.0
9.0, 17.0, 50.0, 69.0, 1994-05-26 00:00:00, 1.2
15.0, 12.4, 180.0, 39.0, 1994-05-27 00:00:00, 0.0
13.0, 10.2, 180.0, 52.0, 1994-05-28 00:00:00, 0.0
4.0, 7.7, 90.0, 80.0, 1994-05-29 00:00:00, 1.2
6.0, 11.1, 180.0, 42.0, 1994-05-30 00:00:00, 0.0
7.0, 15.7, 50.0, 39.0, 1994-05-31 00:00:00, 0.0
8.0, 11.9, 0.0, 72.0, 1994-06-01 00:00:00, 1.5
14.0, 16.9, 0.0, 34.0, 1994-06-02 00:00:00, 0.0
11.0, 20.1, 0.0, 32.0, 1994-06-03 00:00:00, 0.0
5.0, 14.9, 50.0, 49.0, 1994-06-04 00:00:00, 0.0
9.0, 15.9, 0.0, 55.0, 1994-06-05 00:00:00, 4.3
4.0, 11.5, 320.0, 92.0, 1994-06-06 00:00:00, 1.5
6.0, 12.0, 0.0, 61.0, 1994-06-07 00:00:00, 4.8
17.0, 9.5, 0.0, 71.0, 1994-06-08 00:00:00, 0.5
12.0, 13.2, 50.0, 57.0, 1994-06-09 00:00:00, 0.0
14.0, 18.7, 50.0, 47.0, 1994-06-10 00:00:00, 0.0
6.0, 12.2, 50.0, 85.0, 1994-06-11 00:00:00, 1.0
9.0, 14.4, 50.0, 74.0, 1994-06-12 00:00:00, 4.3
7.0, 7.6, 90.0, 95.0, 1994-06-13 00:00:00, 10.1
12.0, 8.1, 50.0, 69.0, 1994-06-14 00:00:00, 1.0
11.0, 7.6, 140.0, 74.0, 1994-06-15 00:00:00, 0.2
5.0, 11.6, 140.0, 68.0, 1994-06-16 00:00:00, 1.5
4.0, 11.3, 50.0, 82.0, 1994-06-17 00:00:00, 2.0
5.0, 11.7, 140.0, 45.0, 1994-06-18 00:00:00, 0.0
8.0, 11.4, 140.0, 59.0, 1994-06-19 00:00:00, 0.5
10.0, 19.7, 50.0, 42.0, 1994-06-20 00:00:00, 0.0
6.0, 23.5, 50.0, 32.0, 1994-06-21 00:00:00, 0.0
9.0, 26.4, 50.0, 31.0, 1994-06-22 00:00:00, 0.0
7.0, 27.3, 50.0, 25.0, 1994-06-23 00:00:00, 0.0
11.0, 14.4, 50.0, 80.0, 1994-06-24 00:00:00, 1.7
8.0, 21.3, 0.0, 42.0, 1994-06-25 00:00:00, 0.0
9.0, 19.5, 50.0, 55.0, 1994-06-26 00:00:00, 1.5
9.0, 18.1, 0.0, 50.0, 1994-06-27 00:00:00, 0.0
4.0, 19.2, 140.0, 42.0, 1994-06-28 00:00:00, 0.0
5.0, 15.3, 90.0, 72.0, 1994-06-29 00:00:00, 1.7
5.0, 17.9, 0.0, 60.0, 1994-06-30 00:00:00, 2.0
3.0, 14.1, 0.0, 92.0, 1994-07-01 00:00:00, 0.7
5.0, 11.2, 50.0, 75.0, 1994-07-02 00:00:00, 8.1
5.0, 11.0, 90.0, 70.0, 1994-07-03 00:00:00, 0.5
4.0, 11.5, 90.0, 91.0, 1994-07-04 00:00:00, 0.7
0.0, 17.0, 0.0, 52.0, 1994-07-05 00:00:00, 1.7
9.0, 19.1, 140.0, 46.0, 1994-07-06 00:00:00, 0.0
2.0, 21.5, 0.0, 43.0, 1994-07-07 00:00:00, 0.0
12.0, 23.8, 0.0, 37.0, 1994-07-08 00:00:00, 0.0
9.0, 20.8, 140.0, 34.0, 1994-07-09 00:00:00, 0.0
12.0, 20.7, 140.0, 29.0, 1994-07-10 00:00:00, 0.0
4.0, 18.0, 180.0, 35.0, 1994-07-11 00:00:00, 0.0
6.0, 20.7, 230.0, 38.0, 1994-07-12 00:00:00, 1.0
7.0, 22.3, 230.0, 35.0, 1994-07-13 00:00:00, 0.0
0.0, 20.4, 0.0, 46.0, 1994-07-14 00:00:00, 0.0
8.0, 22.1, 0.0, 52.0, 1994-07-15 00:00:00, 0.0
8.0, 23.8, 0.0, 45.0, 1994-07-16 00:00:00, 0.0
7.0, 23.6, 140.0, 33.0, 1994-07-17 00:00:00, 0.0
4.0, 16.7, 90.0, 50.0, 1994-07-18 00:00:00, 0.5
5.0, 21.1, 0.0, 44.0, 1994-07-19 00:00:00, 0.0
8.0, 26.3, 0.0, 36.0, 1994-07-20 00:00:00, 0.0
10.0, 30.5, 0.0, 31.0, 1994-07-21 00:00:00, 0.0
8.0, 28.7, 0.0, 32.0, 1994-07-22 00:00:00, 0.0
8.0, 29.4, 0.0, 31.0, 1994-07-23 00:00:00, 0.0
7.0, 26.5, 0.0, 40.0, 1994-07-24 00:00:00, 0.0
11.0, 26.4, 0.0, 43.0, 1994-07-25 00:00:00, 0.0
11.0, 29.5, 0.0, 37.0, 1994-07-26 00:00:00, 0.0
10.0, 28.5, 0.0, 34.0, 1994-07-27 00:00:00, 0.0
9.0, 28.6, 0.0, 30.0, 1994-07-28 00:00:00, 0.0
9.0, 27.8, 0.0, 31.0, 1994-07-29 00:00:00, 0.2
9.0, 29.2, 0.0, 28.0, 1994-07-30 00:00:00, 0.0
7.0, 25.9, 0.0, 29.0, 1994-07-31 00:00:00, 0.0
8.0, 26.3, 0.0, 34.0, 1994-08-01 00:00:00, 0.0
6.0, 27.1, 0.0, 30.0, 1994-08-02 00:00:00, 0.0
8.0, 28.9, 0.0, 33.0, 1994-08-03 00:00:00, 0.0
8.0, 23.5, 0.0, 61.0, 1994-08-04 00:00:00, 4.3
6.0, 25.5, 50.0, 41.0, 1994-08-05 00:00:00, 0.0
12.0, 19.4, 0.0, 57.0, 1994-08-06 00:00:00, 5.3
2.0, 14.4, 0.0, 90.0, 1994-08-07 00:00:00, 1.2
0.0, 14.5, 0.0, 85.0, 1994-08-08 00:00:00, 0.2
1.0, 9.5, 140.0, 92.0, 1994-08-09 00:00:00, 18.7
0.0, 13.7, 0.0, 82.0, 1994-08-10 00:00:00, 0.7
9.0, 22.7, 50.0, 53.0, 1994-08-11 00:00:00, 0.0
8.0, 24.4, 0.0, 46.0, 1994-08-12 00:00:00, 0.0
7.0, 24.9, 0.0, 43.0, 1994-08-13 00:00:00, 0.0
7.0, 26.5, 0.0, 34.0, 1994-08-14 00:00:00, 0.0
10.0, 26.3, 0.0, 33.0, 1994-08-15 00:00:00, 0.0
4.0, 19.7, 140.0, 54.0, 1994-08-16 00:00:00, 0.0
6.0, 16.7, 140.0, 70.0, 1994-08-17 00:00:00, 6.8
6.0, 21.3, 0.0, 55.0, 1994-08-18 00:00:00, 0.2
9.0, 24.6, 0.0, 40.0, 1994-08-19 00:00:00, 0.0
8.0, 25.8, 0.0, 35.0, 1994-08-20 00:00:00, 0.0
6.0, 21.4, 270.0, 29.0, 1994-08-21 00:00:00, 0.0
3.0, 16.1, 140.0, 49.0, 1994-08-22 00:00:00, 0.7
10.0, 13.6, 0.0, 66.0, 1994-08-23 00:00:00, 2.2
5.0, 13.6, 0.0, 71.0, 1994-08-24 00:00:00, 1.1
8.0, 18.3, 0.0, 53.0, 1994-08-25 00:00:00, 0.0
0.0, 8.3, 0.0, 95.0, 1994-08-26 00:00:00, 14.7
8.0, 13.7, 0.0, 80.0, 1994-08-27 00:00:00, 2.2
9.0, 19.4, 0.0, 51.0, 1994-08-28 00:00:00, 0.0
6.0, 20.7, 50.0, 50.0, 1994-08-29 00:00:00, 0.0
4.0, 18.3, 50.0, 66.0, 1994-08-30 00:00:00, 6.3
3.0, 15.2, 0.0, 67.0, 1994-08-31 00:00:00, 0.2
0.0, 11.0, 0.0, 80.0, 1994-09-01 00:00:00, 0.0
6.0, 12.6, 0.0, 90.0, 1994-09-02 00:00:00, 1.5
1.0, 9.9, 0.0, 97.0, 1994-09-03 00:00:00, 1.2
6.0, 14.3, 0.0, 64.0, 1994-09-04 00:00:00, 0.2
6.0, 17.3, 0.0, 48.0, 1994-09-05 00:00:00, 0.0
8.0, 20.4, 0.0, 49.0, 1994-09-06 00:00:00, 0.0
5.0, 20.6, 50.0, 45.0, 1994-09-07 00:00:00, 0.0
7.0, 21.4, 0.0, 42.0, 1994-09-08 00:00:00, 0.0
0.0, 10.0, 0.0, 93.0, 1994-09-09 00:00:00, 7.8
4.0, 10.3, 0.0, 87.0, 1994-09-10 00:00:00, 3.0
4.0, 10.1, 0.0, 85.0, 1994-09-11 00:00:00, 0.5
3.0, 11.2, 0.0, 70.0, 1994-09-12 00:00:00, 2.2
6.0, 17.3, 50.0, 51.0, 1994-09-13 00:00:00, 1.0
4.0, 13.5, 0.0, 77.0, 1994-09-14 00:00:00, 0.2
0.0, 15.4, 0.0, 60.0, 1994-09-15 00:00:00, 0.0
8.0, 21.0, 50.0, 52.0, 1994-09-16 00:00:00, 0.0
7.0, 21.4, 50.0, 52.0, 1994-09-17 00:00:00, 0.0
6.0, 22.3, 50.0, 42.0, 1994-09-18 00:00:00, 0.0
6.0, 20.5, 50.0, 44.0, 1994-09-19 00:00:00, 0.0
5.0, 21.0, 90.0, 30.0, 1994-09-20 00:00:00, 0.0
7.0, 16.3, 50.0, 37.0, 1994-09-21 00:00:00, 0.0
6.0, 18.7, 50.0, 40.0, 1994-09-22 00:00:00, 0.0
55.0, 18.3, 0.0, 45.0, 1994-09-23 00:00:00, 0.0
5.0, 21.3, 50.0, 38.0, 1994-09-24 00:00:00, 0.0
6.0, 21.7, 50.0, 33.0, 1994-09-25 00:00:00, 0.0
12.0, 20.6, 140.0, 21.0, 1994-09-26 00:00:00, 0.0
6.0, 19.4, 0.0, 38.0, 1994-09-27 00:00:00, 0.0
2.0, 16.6, 140.0, 54.0, 1994-09-28 00:00:00, 0.0
0.0, 11.1, 0.0, 92.0, 1994-09-29 00:00:00, 0.5
1.0, 12.3, 180.0, 92.0, 1994-09-30 00:00:00, 2.0
0.0, 9.6, 0.0, 93.0, 1994-10-01 00:00:00, 3.0
10.0, 9.0, 90.0, 48.0, 1994-10-02 00:00:00, 3.0
3.0, 10.6, 50.0, 57.0, 1994-10-03 00:00:00, 0.0
5.0, 11.6, 50.0, 59.0, 1994-10-04 00:00:00, 0.0
4.0, 12.5, 50.0, 57.0, 1994-10-05 00:00:00, 0.0
2.0, 9.7, 50.0, 59.0, 1994-10-06 00:00:00, 0.0
4.0, 13.4, 90.0, 37.0, 1994-10-07 00:00:00, 0.0
5.0, 10.4, 50.0, 49.0, 1994-10-08 00:00:00, 0.0
4.0, 8.7, 0.0, 58.0, 1994-10-09 00:00:00, 0.0
8.0, 5.7, 0.0, 98.0, 1994-10-10 00:00:00, 5.3
3.0, 7.4, 0.0, 87.0, 1994-10-11 00:00:00, 0.5
5.0, 6.4, 0.0, 90.0, 1994-10-12 00:00:00, 0.0
