station_observations
wind_speed, temperature, wind_direction, relative_humidity, time, precipitation
0.0, 21.5, 0.0, 70.0, 1990-06-29 00:00:00, 0.0
0.0, 18.0, 0.0, 76.0, 1990-06-30 00:00:00, 0.0
0.0, 21.0, 0.0, 69.0, 1990-07-01 00:00:00, 0.0
8.0, 15.0, 0.0, 99.0, 1990-07-02 00:00:00, 0.0
8.0, 18.0, 0.0, 72.0, 1990-07-03 00:00:00, 5.6
0.0, 22.5, 0.0, 57.0, 1990-07-04 00:00:00, 0.0
0.0, 23.6, 0.0, 50.0, 1990-07-05 00:00:00, 0.0
2.0, 17.5, 270.0, 70.0, 1990-07-06 00:00:00, 0.0
0.0, 21.0, 0.0, 65.0, 1990-07-07 00:00:00, 0.6
0.0, 21.0, 0.0, 65.0, 1990-07-08 00:00:00, 0.0
0.0, 24.0, 0.0, 61.0, 1990-07-09 00:00:00, 0.0
0.0, 20.0, 0.0, 50.0, 1990-07-10 00:00:00, 0.0
8.0, 26.0, 0.0, 56.0, 1990-07-11 00:00:00, 0.0
2.0, 26.0, 0.0, 63.0, 1990-07-12 00:00:00, 0.0
8.0, 24.0, 0.0, 66.0, 1990-07-13 00:00:00, 3.3
10.0, 24.0, 0.0, 48.0, 1990-07-14 00:00:00, 0.0
3.0, 23.0, 0.0, 55.0, 1990-07-15 00:00:00, 0.0
8.0, 25.0, 0.0, 38.0, 1990-07-16 00:00:00, 7.1
8.0, 23.0, 0.0, 48.0, 1990-07-17 00:00:00, 0.0
2.0, 23.5, 0.0, 60.0, 1990-07-18 00:00:00, 0.0
6.0, 23.0, 0.0, 54.0, 1990-07-19 00:00:00, 5.8
5.0, 23.0, 0.0, 48.0, 1990-07-20 00:00:00, 0.0
6.0, 24.5, 0.0, 60.0, 1990-07-21 00:00:00, 0.0
6.0, 24.5, 0.0, 60.0, 1990-07-22 00:00:00, 0.0
8.0, 27.0, 0.0, 50.0, 1990-07-23 00:00:00, 0.0
2.0, 18.0, 0.0, 82.0, 1990-07-24 00:00:00, 2.5
5.0, 25.0, 0.0, 59.0, 1990-07-25 00:00:00, 2.8
3.0, 25.0, 0.0, 65.0, 1990-07-26 00:00:00, 0.0
3.0, 23.0, 0.0, 60.0, 1990-07-27 00:00:00, 2.5
0.0, 29.0, 0.0, 52.0, 1990-07-28 00:00:00, 0.0
6.0, 29.0, 0.0, 52.0, 1990-07-29 00:00:00, 0.0
12.0, 30.0, 0.0, 60.0, 1990-07-30 00:00:00, 0.0
0.0, 28.0, 0.0, 54.0, 1990-07-31 00:00:00, 7.0
0.0, 22.0, 0.0, 80.0, 1990-08-01 00:00:00, 7.0
0.0, 26.0, 0.0, 54.0, 1990-08-02 00:00:00, 0.0
4.0, 20.0, 0.0, 72.0, 1990-08-03 00:00:00, 0.0
5.0, 26.0, 0.0, 58.0, 1990-08-04 00:00:00, 0.0
0.0, 29.0, 0.0, 58.0, 1990-08-05 00:00:00, 0.0
5.0, 28.0, 0.0, 48.0, 1990-08-06 00:00:00, 0.0
4.0, 25.0, 0.0, 60.0, 1990-08-07 00:00:00, 0.0
0.0, 26.0, 0.0, 58.0, 1990-08-08 00:00:00, 0.0
5.0, 27.0, 0.0, 59.0, 1990-08-09 00:00:00, 0.0
0.0, 27.0, 0.0, 56.0, 1990-08-10 00:00:00, 0.0
0.0, 26.0, 0.0, 60.0, 1990-08-11 00:00:00, 0.0
7.0, 27.0, 0.0, 60.0, 1990-08-12 00:00:00, 0.0
0.0, 25.0, 0.0, 54.0, 1990-08-13 00:00:00, 0.0
3.0, 27.0, 0.0, 65.0, 1990-08-14 00:00:00, 0.5
0.0, 26.0, 0.0, 60.0, 1990-08-15 00:00:00, 0.0
5.0, 26.0, 0.0, 65.0, 1990-08-16 00:00:00, 3.0
0.0, 23.0, 0.0, 64.0, 1990-08-17 00:00:00, 3.0
0.0, 23.0, 0.0, 63.0, 1990-08-18 00:00:00, 2.0
3.0, 24.0, 140.0, 60.0, 1990-08-19 00:00:00, 0.0
0.0, 24.0, 0.0, 66.0, 1990-08-20 00:00:00, 0.0
5.0, 25.0, 90.0, 61.0, 1990-08-21 00:00:00, 0.0
0.0, 18.0, 0.0, 93.0, 1990-08-22 00:00:00, 4.9
5.0, 18.0, 0.0, 58.0, 1990-08-23 00:00:00, 1.2
10.0, 20.0, 230.0, 57.0, 1990-08-24 00:00:00, 0.0
0.0, 16.0, 0.0, 75.0, 1990-08-25 00:00:00, 0.0
3.0, 18.0, 180.0, 64.0, 1990-08-26 00:00:00, 11.2
0.0, 13.0, 0.0, 68.0, 1990-08-27 00:00:00, 0.1
4.0, 21.0, 230.0, 49.0, 1990-08-28 00:00:00, 0.1
0.0, 20.0, 0.0, 64.0, 1990-08-29 00:00:00, 0.0
0.0, 17.0, 0.0, 36.0, 1990-08-30 00:00:00, 12.5
5.0, 18.0, 230.0, 76.0, 1990-08-31 00:00:00, 3.8
3.0, 17.0, 0.0, 74.0, 1990-09-01 00:00:00, 0.0
5.0, 20.0, 0.0, 64.0, 1990-09-02 00:00:00, 0.1
3.0, 20.0, 0.0, 56.0, 1990-09-03 00:00:00, 0.0
0.0, 20.0, 0.0, 58.0, 1990-09-04 00:00:00, 0.0
0.0, 19.0, 0.0, 60.0, 1990-09-05 00:00:00, 0.0
0.0, 21.0, 0.0, 62.0, 1990-09-06 00:00:00, 0.0
0.0, 24.0, 0.0, 52.0, 1990-09-07 00:00:00, 3.0
0.0, 19.0, 0.0, 70.0, 1990-09-08 00:00:00, 0.0
0.0, 23.0, 0.0, 58.0, 1990-09-09 00:00:00, 0.0
0.0, 21.0, 0.0, 54.0, 1990-09-10 00:00:00, 0.0
3.0, 23.0, 0.0, 64.0, 1990-09-11 00:00:00, 0.0
3.0, 20.0, 50.0, 69.0, 1990-09-12 00:00:00, 0.0
3.0, 18.0, 0.0, 64.0, 1990-09-13 00:00:00, 0.3
2.0, 20.0, 0.0, 55.0, 1990-09-14 00:00:00, 0.0
0.0, 22.0, 0.0, 58.0, 1990-09-15 00:00:00, 0.0
0.0, 14.0, 0.0, 99.0, 1990-09-16 00:00:00, 0.4
0.0, 20.0, 0.0, 64.0, 1990-09-17 00:00:00, 7.0
0.0, 17.0, 0.0, 67.0, 1990-09-18 00:00:00, 0.0
0.0, 21.0, 0.0, 39.0, 1990-09-19 00:00:00, 0.0
0.0, 18.0, 0.0, 60.0, 1990-09-20 00:00:00, 0.0
3.0, 23.0, 0.0, 60.0, 1990-09-21 00:00:00, 0.0
0.0, 18.0, 0.0, 72.0, 1990-09-22 00:00:00, 0.0
0.0, 19.0, 0.0, 65.0, 1990-09-23 00:00:00, 0.0
0.0, 18.0, 0.0, 68.0, 1990-09-24 00:00:00, 0.0
0.0, 0.0, 0.0, 0.0, 1991-06-10 00:00:00, 0.0
3.0, 16.0, 90.0, 78.0, 1991-06-11 00:00:00, 5.0
5.0, 14.0, 90.0, 62.0, 1991-06-12 00:00:00, 1.6
3.0, 17.0, 180.0, 46.0, 1991-06-13 00:00:00, 5.0
0.0, 10.0, 0.0, 50.0, 1991-06-14 00:00:00, 3.0
0.0, 7.0, 0.0, 64.0, 1991-06-15 00:00:00, 0.0
0.0, 20.0, 0.0, 44.0, 1991-06-16 00:00:00, 0.0
0.0, 20.0, 0.0, 70.0, 1991-06-17 00:00:00, 5.0
0.0, 22.0, 0.0, 46.0, 1991-06-18 00:00:00, 3.0
0.0, 18.0, 0.0, 38.0, 1991-06-19 00:00:00, 0.0
0.0, 13.0, 0.0, 74.0, 1991-06-20 00:00:00, 2.0
0.0, 12.0, 0.0, 86.0, 1991-06-21 00:00:00, 0.1
0.0, 14.0, 0.0, 70.0, 1991-06-22 00:00:00, 8.0
5.0, 11.0, 0.0, 78.0, 1991-06-23 00:00:00, 0.0
0.0, 15.0, 0.0, 60.0, 1991-06-24 00:00:00, 5.0
0.0, 13.0, 0.0, 54.0, 1991-06-25 00:00:00, 0.7
0.0, 18.0, 0.0, 56.0, 1991-06-26 00:00:00, 0.0
0.0, 14.0, 0.0, 80.0, 1991-06-27 00:00:00, 5.0
0.0, 17.0, 0.0, 60.0, 1991-06-28 00:00:00, 0.0
0.0, 19.0, 0.0, 54.0, 1991-06-29 00:00:00, 0.0
0.0, 13.0, 0.0, 74.0, 1991-06-30 00:00:00, 1.0
0.0, 19.0, 0.0, 56.0, 1991-07-01 00:00:00, 0.0
0.0, 16.0, 0.0, 54.0, 1991-07-02 00:00:00, 0.0
0.0, 23.0, 0.0, 48.0, 1991-07-03 00:00:00, 0.0
0.0, 20.0, 0.0, 56.0, 1991-07-04 00:00:00, 0.0
0.0, 19.0, 0.0, 60.0, 1991-07-05 00:00:00, 0.0
5.0, 14.0, 90.0, 50.0, 1991-07-06 00:00:00, 0.5
0.0, 19.0, 0.0, 50.0, 1991-07-07 00:00:00, 0.0
0.0, 18.0, 0.0, 48.0, 1991-07-08 00:00:00, 0.0
0.0, 12.0, 0.0, 50.0, 1991-07-09 00:00:00, 0.0
0.0, 18.0, 0.0, 64.0, 1991-07-10 00:00:00, 0.0
0.0, 20.0, 0.0, 58.0, 1991-07-11 00:00:00, 0.0
0.0, 15.0, 0.0, 86.0, 1991-07-12 00:00:00, 0.0
0.0, 15.0, 0.0, 70.0, 1991-07-13 00:00:00, 0.5
0.0, 15.0, 0.0, 60.0, 1991-07-14 00:00:00, 9.0
0.0, 13.0, 0.0, 82.0, 1991-07-15 00:00:00, 0.6
0.0, 15.0, 0.0, 76.0, 1991-07-16 00:00:00, 1.0
5.0, 14.0, 270.0, 66.0, 1991-07-17 00:00:00, 6.1
0.0, 11.0, 0.0, 64.0, 1991-07-18 00:00:00, 1.5
5.0, 13.0, 180.0, 76.0, 1991-07-19 00:00:00, 0.4
3.0, 15.0, 180.0, 66.0, 1991-07-20 00:00:00, 1.7
0.0, 15.0, 0.0, 74.0, 1991-07-21 00:00:00, 4.5
0.0, 14.0, 0.0, 38.0, 1991-07-22 00:00:00, 0.6
0.0, 17.0, 0.0, 64.0, 1991-07-23 00:00:00, 0.0
0.0, 18.0, 0.0, 50.0, 1991-07-24 00:00:00, 0.0
0.0, 16.0, 0.0, 30.0, 1991-07-25 00:00:00, 0.0
0.0, 14.0, 0.0, 80.0, 1991-07-26 00:00:00, 1.6
3.0, 13.0, 0.0, 76.0, 1991-07-27 00:00:00, 0.6
0.0, 14.0, 0.0, 56.0, 1991-07-28 00:00:00, 0.0
0.0, 14.0, 0.0, 48.0, 1991-07-29 00:00:00, 0.0
5.0, 15.0, 0.0, 52.0, 1991-07-30 00:00:00, 1.6
0.0, 20.0, 0.0, 58.0, 1991-07-31 00:00:00, 0.0
0.0, 18.0, 0.0, 56.0, 1991-08-01 00:00:00, 0.0
0.0, 20.0, 0.0, 58.0, 1991-08-02 00:00:00, 0.0
0.0, 24.0, 0.0, 42.0, 1991-08-03 00:00:00, 0.0
0.0, 20.0, 0.0, 58.0, 1991-08-04 00:00:00, 0.0
5.0, 23.0, 90.0, 50.0, 1991-08-05 00:00:00, 0.0
12.0, 18.0, 180.0, 60.0, 1991-08-06 00:00:00, 2.0
9.0, 22.0, 0.0, 58.0, 1991-08-07 00:00:00, 0.9
0.0, 18.0, 0.0, 64.0, 1991-08-08 00:00:00, 1.2
0.0, 21.0, 0.0, 62.0, 1991-08-09 00:00:00, 0.5
15.0, 14.0, 0.0, 96.0, 1991-08-10 00:00:00, 37.5
3.0, 18.0, 90.0, 66.0, 1991-08-11 00:00:00, 10.0
0.0, 17.0, 0.0, 54.0, 1991-08-12 00:00:00, 0.0
0.0, 10.0, 0.0, 68.0, 1991-08-13 00:00:00, 0.8
3.0, 15.0, 90.0, 72.0, 1991-08-14 00:00:00, 0.5
0.0, 16.0, 0.0, 70.0, 1991-08-15 00:00:00, 0.0
0.0, 17.0, 0.0, 50.0, 1991-08-16 00:00:00, 0.0
0.0, 18.0, 0.0, 70.0, 1991-08-17 00:00:00, 0.0
0.0, 18.0, 0.0, 64.0, 1991-08-18 00:00:00, 0.0
5.0, 16.0, 270.0, 70.0, 1991-08-19 00:00:00, 5.2
3.0, 16.0, 90.0, 78.0, 1991-08-20 00:00:00, 1.2
0.0, 19.0, 0.0, 60.0, 1991-08-21 00:00:00, 0.5
0.0, 18.0, 0.0, 62.0, 1991-08-22 00:00:00, 0.0
0.0, 17.0, 0.0, 68.0, 1991-08-23 00:00:00, 16.0
5.0, 14.0, 90.0, 64.0, 1991-08-24 00:00:00, 4.6
0.0, 14.0, 0.0, 56.0, 1991-08-25 00:00:00, 0.3
0.0, 12.0, 0.0, 70.0, 1991-08-26 00:00:00, 0.0
5.0, 12.0, 270.0, 72.0, 1991-08-27 00:00:00, 3.8
10.0, 11.0, 270.0, 70.0, 1991-08-28 00:00:00, 1.4
0.0, 9.0, 0.0, 86.0, 1991-08-29 00:00:00, 3.0
3.0, 18.0, 180.0, 64.0, 1991-08-30 00:00:00, 0.8
0.0, 12.0, 0.0, 88.0, 1991-08-31 00:00:00, 1.8
0.0, 12.0, 0.0, 68.0, 1991-09-01 00:00:00, 12.5
0.0, 9.0, 0.0, 80.0, 1991-09-02 00:00:00, 2.0
0.0, 8.0, 0.0, 60.0, 1991-09-03 00:00:00, 0.0
3.0, 14.0, 180.0, 59.0, 1991-09-04 00:00:00, 0.0
0.0, 17.0, 0.0, 70.0, 1991-09-05 00:00:00, 1.0
3.0, 15.0, 90.0, 68.0, 1991-09-06 00:00:00, 0.5
0.0, 13.0, 0.0, 60.0, 1991-09-07 00:00:00, 0.0
0.0, 8.0, 0.0, 80.0, 1991-09-08 00:00:00, 0.6
0.0, 11.0, 0.0, 92.0, 1991-09-09 00:00:00, 0.0
3.0, 12.0, 90.0, 66.0, 1991-09-10 00:00:00, 0.0
0.0, 10.0, 0.0, 82.0, 1991-09-11 00:00:00, 0.0
0.0, 12.0, 0.0, 74.0, 1991-09-12 00:00:00, 0.0
0.0, 9.0, 0.0, 86.0, 1991-09-13 00:00:00, 2.4
0.0, 10.0, 0.0, 52.0, 1991-09-14 00:00:00, 1.6
0.0, 9.0, 0.0, 64.0, 1991-09-15 00:00:00, 1.0
0.0, 12.0, 0.0, 58.0, 1991-09-16 00:00:00, 1.0
0.0, 13.0, 0.0, 60.0, 1991-09-17 00:00:00, 1.0
0.0, 9.0, 0.0, 80.0, 1991-09-18 00:00:00, 0.0
0.0, 14.0, 0.0, 60.0, 1991-09-19 00:00:00, 0.0
6.0, 10.0, 0.0, 60.0, 1991-09-20 00:00:00, 3.2
0.0, 12.0, 0.0, 41.0, 1991-09-21 00:00:00, 0.5
5.0, 3.0, 90.0, 80.0, 1991-09-22 00:00:00, 0.0
0.0, 9.0, 0.0, 60.0, 1991-09-23 00:00:00, 0.0
0.0, 14.0, 0.0, 70.0, 1991-09-24 00:00:00, 0.0
0.0, 14.0, 0.0, 70.0, 1991-09-25 00:00:00, 0.0
0.0, 9.0, 0.0, 74.0, 1991-09-26 00:00:00, 0.0
0.0, 13.0, 0.0, 68.0, 1991-09-27 00:00:00, 0.0
0.0, 13.0, 0.0, 68.0, 1991-09-28 00:00:00, 0.0
0.0, 10.0, 0.0, 40.0, 1991-09-29 00:00:00, 0.0
0.0, 8.0, 0.0, 60.0, 1991-09-30 00:00:00, 0.0
15.0, 14.0, 270.0, 30.0, 1991-10-01 00:00:00, 0.0
0.0, 3.0, 0.0, 46.0, 1991-10-02 00:00:00, 0.0
0.0, 5.0, 0.0, 60.0, 1991-10-03 00:00:00, 0.0
0.0, 8.0, 0.0, 62.0, 1991-10-04 00:00:00, 0.0
0.0, 6.0, 0.0, 70.0, 1991-10-05 00:00:00, 0.0
0.0, 8.0, 0.0, 68.0, 1991-10-06 00:00:00, 0.0
10.0, 7.0, 270.0, 40.0, 1991-10-07 00:00:00, 0.0
0.0, 9.0, 0.0, 60.0, 1991-10-08 00:00:00, 0.0
3.0, 7.0, 90.0, 58.0, 1991-10-09 00:00:00, 0.0
0.0, 10.0, 0.0, 72.0, 1991-10-10 00:00:00, 0.0
3.0, 10.0, 90.0, 70.0, 1991-10-11 00:00:00, 0.0
15.0, 14.0, 0.0, 32.0, 1991-10-12 00:00:00, 0.0
3.0, 7.0, 90.0, 60.0, 1991-10-13 00:00:00, 0.0
3.0, 7.0, 90.0, 86.0, 1991-10-14 00:00:00, 0.3
0.0, 9.0, 0.0, 84.0, 1991-10-15 00:00:00, 0.0
15.0, 6.0, 0.0, 98.0, 1991-10-16 00:00:00, 5.5
0.0, 2.0, 0.0, 50.0, 1991-10-17 00:00:00, 0.3
3.0, 6.0, 90.0, 60.0, 1991-10-18 00:00:00, 0.8
3.0, 4.0, 90.0, 74.0, 1991-10-19 00:00:00, 0.4
0.0, 4.0, 0.0, 86.0, 1991-10-20 00:00:00, 0.0
0.0, 4.0, 0.0, 94.0, 1991-10-21 00:00:00, 3.5
0.0, 0.0, 0.0, 40.0, 1991-10-22 00:00:00, 9.5
0.0, 20.0, 0.0, 52.0, 1992-06-23 00:00:00, 0.0
3.0, 22.0, 270.0, 44.0, 1992-06-24 00:00:00, 0.0
1.0, 23.0, 270.0, 50.0, 1992-06-25 00:00:00, 0.0
2.0, 18.0, 90.0, 60.0, 1992-06-26 00:00:00, 0.0
3.0, 18.0, 270.0, 46.0, 1992-06-27 00:00:00, 0.0
6.0, 14.0, 90.0, 92.0, 1992-06-28 00:00:00, 0.0
0.0, 14.0, 0.0, 96.0, 1992-06-29 00:00:00, 0.6
0.0, 11.0, 0.0, 78.0, 1992-06-30 00:00:00, 8.6
0.0, 11.0, 0.0, 78.0, 1992-07-01 00:00:00, 0.6
0.0, 14.0, 0.0, 68.0, 1992-07-02 00:00:00, 1.2
0.0, 16.0, 0.0, 62.0, 1992-07-03 00:00:00, 0.3
0.0, 15.0, 0.0, 62.0, 1992-07-04 00:00:00, 0.5
0.0, 14.0, 0.0, 78.0, 1992-07-05 00:00:00, 5.0
0.0, 12.0, 0.0, 74.0, 1992-07-06 00:00:00, 2.4
0.0, 13.0, 0.0, 78.0, 1992-07-07 00:00:00, 1.3
0.0, 13.0, 0.0, 78.0, 1992-07-08 00:00:00, 7.0
0.0, 13.0, 0.0, 70.0, 1992-07-09 00:00:00, 1.2
0.0, 15.0, 0.0, 58.0, 1992-07-10 00:00:00, 2.2
0.0, 17.0, 0.0, 42.0, 1992-07-11 00:00:00, 0.0
0.0, 12.0, 0.0, 62.0, 1992-07-12 00:00:00, 0.0
0.0, 13.0, 0.0, 85.0, 1992-07-13 00:00:00, 7.2
0.0, 14.0, 0.0, 35.0, 1992-07-14 00:00:00, 10.0
0.0, 12.0, 0.0, 62.0, 1992-07-15 00:00:00, 0.6
0.0, 18.0, 0.0, 58.0, 1992-07-16 00:00:00, 0.0
0.0, 19.0, 0.0, 58.0, 1992-07-17 00:00:00, 0.0
0.0, 16.0, 0.0, 44.0, 1992-07-18 00:00:00, 0.0
0.0, 21.0, 0.0, 35.0, 1992-07-19 00:00:00, 0.0
0.0, 19.0, 0.0, 40.0, 1992-07-20 00:00:00, 0.0
0.0, 20.0, 0.0, 60.0, 1992-07-21 00:00:00, 0.0
10.0, 16.0, 270.0, 78.0, 1992-07-22 00:00:00, 3.2
0.0, 12.0, 0.0, 94.0, 1992-07-23 00:00:00, 0.0
0.0, 21.0, 0.0, 54.0, 1992-07-24 00:00:00, 2.2
0.0, 19.0, 0.0, 58.0, 1992-07-25 00:00:00, 0.0
3.0, 15.0, 90.0, 68.0, 1992-07-26 00:00:00, 5.8
0.0, 14.0, 0.0, 70.0, 1992-07-27 00:00:00, 1.0
0.0, 17.0, 0.0, 58.0, 1992-07-28 00:00:00, 0.0
0.0, 16.0, 0.0, 64.0, 1992-07-29 00:00:00, 3.0
0.0, 18.0, 0.0, 56.0, 1992-07-30 00:00:00, 0.8
0.0, 20.0, 0.0, 52.0, 1992-07-31 00:00:00, 0.0
0.0, 24.0, 0.0, 46.0, 1992-08-01 00:00:00, 0.0
10.0, 22.0, 180.0, 44.0, 1992-08-02 00:00:00, 0.0
6.0, 20.0, 180.0, 48.0, 1992-08-03 00:00:00, 0.0
0.0, 16.0, 0.0, 68.0, 1992-08-04 00:00:00, 0.0
0.0, 16.0, 0.0, 68.0, 1992-08-05 00:00:00, 1.6
0.0, 15.0, 0.0, 70.0, 1992-08-06 00:00:00, 3.0
10.0, 12.0, 90.0, 66.0, 1992-08-07 00:00:00, 7.0
0.0, 14.0, 0.0, 60.0, 1992-08-08 00:00:00, 0.0
0.0, 16.0, 0.0, 40.0, 1992-08-09 00:00:00, 0.0
0.0, 15.0, 0.0, 46.0, 1992-08-10 00:00:00, 1.0
0.0, 16.0, 0.0, 54.0, 1992-08-11 00:00:00, 0.0
0.0, 17.0, 0.0, 70.0, 1992-08-12 00:00:00, 0.0
0.0, 20.0, 0.0, 60.0, 1992-08-13 00:00:00, 0.0
0.0, 19.0, 0.0, 54.0, 1992-08-14 00:00:00, 0.0
0.0, 21.0, 0.0, 49.0, 1992-08-15 00:00:00, 0.0
0.0, 22.0, 0.0, 42.0, 1992-08-16 00:00:00, 0.0
0.0, 21.0, 0.0, 50.0, 1992-08-17 00:00:00, 0.0
0.0, 24.0, 0.0, 38.0, 1992-08-18 00:00:00, 0.0
5.0, 19.6, 0.0, 46.0, 1992-08-19 00:00:00, 0.0
0.0, 19.0, 0.0, 50.0, 1992-08-20 00:00:00, 0.0
10.0, 15.0, 90.0, 60.0, 1992-08-21 00:00:00, 0.0
0.0, 8.0, 0.0, 44.0, 1992-08-22 00:00:00, 2.0
10.0, 9.0, 90.0, 44.0, 1992-08-23 00:00:00, 1.6
0.0, 10.0, 0.0, 58.0, 1992-08-24 00:00:00, 0.0
0.0, 13.0, 0.0, 52.0, 1992-08-25 00:00:00, 0.0
0.0, 12.0, 0.0, 86.0, 1992-08-26 00:00:00, 0.0
4.0, 15.0, 270.0, 66.0, 1992-08-27 00:00:00, 2.8
10.0, 14.0, 270.0, 40.0, 1992-08-28 00:00:00, 1.6
0.0, 10.0, 0.0, 60.0, 1992-08-29 00:00:00, 0.6
0.0, 10.0, 0.0, 50.0, 1992-08-30 00:00:00, 0.4
0.0, 11.0, 0.0, 98.0, 1992-08-31 00:00:00, 0.7
0.0, 12.0, 0.0, 80.0, 1992-09-01 00:00:00, 0.0
0.0, 10.0, 0.0, 84.0, 1992-09-02 00:00:00, 0.0
0.0, 12.0, 0.0, 76.0, 1992-09-03 00:00:00, 1.6
10.0, 11.0, 0.0, 89.0, 1992-09-04 00:00:00, 3.0
0.0, 8.0, 0.0, 42.0, 1992-09-05 00:00:00, 1.3
0.0, 9.0, 0.0, 60.0, 1992-09-06 00:00:00, 0.6
0.0, 6.0, 0.0, 62.0, 1992-09-07 00:00:00, 0.0
0.0, 4.0, 0.0, 60.0, 1992-09-08 00:00:00, 6.2
0.0, 5.0, 0.0, 48.0, 1992-09-09 00:00:00, 0.4
0.0, 10.0, 0.0, 60.0, 1992-09-10 00:00:00, 0.3
0.0, 12.0, 0.0, 82.0, 1992-09-11 00:00:00, 0.4
0.0, 12.0, 0.0, 54.0, 1992-09-12 00:00:00, 0.4
0.0, 4.0, 0.0, 99.0, 1992-09-13 00:00:00, 1.6
10.0, 6.0, 90.0, 88.0, 1992-09-14 00:00:00, 2.0
0.0, 6.0, 0.0, 50.0, 1992-09-15 00:00:00, 1.0
0.0, 3.0, 0.0, 76.0, 1992-09-16 00:00:00, 0.6
0.0, 8.0, 0.0, 68.0, 1992-09-17 00:00:00, 2.0
0.0, 6.0, 0.0, 76.0, 1992-09-18 00:00:00, 0.5
0.0, 8.0, 0.0, 80.0, 1992-09-19 00:00:00, 0.0
0.0, 9.0, 0.0, 83.0, 1992-09-20 00:00:00, 3.0
0.0, 10.0, 0.0, 90.0, 1992-09-21 00:00:00, 0.0
0.0, 10.0, 0.0, 78.0, 1992-09-22 00:00:00, 0.0
0.0, 9.0, 0.0, 90.0, 1992-09-23 00:00:00, 2.0
0.0, 10.0, 0.0, 80.0, 1992-09-24 00:00:00, 9.0
10.0, 11.0, 0.0, 40.0, 1992-09-25 00:00:00, 0.8
0.0, 1.0, 0.0, 99.0, 1992-09-26 00:00:00, 0.6
0.0, 7.0, 0.0, 68.0, 1992-09-27 00:00:00, 4.8
0.0, 0.0, 0.0, 0.0, 1993-06-02 00:00:00, 0.0
0.0, 18.0, 0.0, 48.0, 1993-06-03 00:00:00, 0.0
5.0, 17.5, 230.0, 50.0, 1993-06-04 00:00:00, 0.0
0.0, 22.0, 0.0, 41.0, 1993-06-05 00:00:00, 0.0
5.0, 20.0, 270.0, 12.0, 1993-06-06 00:00:00, 0.0
5.0, 22.0, 270.0, 44.0, 1993-06-07 00:00:00, 0.0
5.0, 17.0, 270.0, 68.0, 1993-06-08 00:00:00, 5.0
5.0, 16.0, 270.0, 48.0, 1993-06-09 00:00:00, 0.5
5.0, 17.0, 270.0, 40.0, 1993-06-10 00:00:00, 1.0
5.0, 16.0, 270.0, 47.0, 1993-06-11 00:00:00, 0.3
5.0, 16.0, 270.0, 47.0, 1993-06-12 00:00:00, 0.4
0.0, 17.0, 0.0, 47.0, 1993-06-13 00:00:00, 0.1
0.0, 19.0, 0.0, 46.0, 1993-06-14 00:00:00, 0.0
10.0, 17.5, 230.0, 51.0, 1993-06-15 00:00:00, 1.5
0.0, 18.0, 0.0, 51.0, 1993-06-16 00:00:00, 1.2
0.0, 18.0, 0.0, 50.0, 1993-06-17 00:00:00, 1.1
0.0, 18.0, 0.0, 52.0, 1993-06-18 00:00:00, 0.0
0.0, 20.0, 0.0, 48.0, 1993-06-19 00:00:00, 0.0
0.0, 16.5, 0.0, 50.0, 1993-06-20 00:00:00, 0.0
0.0, 20.0, 0.0, 50.0, 1993-06-21 00:00:00, 0.0
10.0, 16.0, 230.0, 34.0, 1993-06-22 00:00:00, 2.8
10.0, 13.0, 180.0, 41.0, 1993-06-23 00:00:00, 0.1
0.0, 16.0, 0.0, 40.0, 1993-06-24 00:00:00, 0.0
0.0, 16.0, 0.0, 46.0, 1993-06-25 00:00:00, 0.1
0.0, 18.0, 0.0, 40.0, 1993-06-26 00:00:00, 0.0
10.0, 18.0, 180.0, 54.0, 1993-06-27 00:00:00, 11.0
5.0, 16.0, 230.0, 62.0, 1993-06-28 00:00:00, 0.1
0.0, 22.0, 0.0, 34.0, 1993-06-29 00:00:00, 0.0
10.0, 17.0, 270.0, 49.0, 1993-06-30 00:00:00, 0.0
0.0, 16.0, 0.0, 46.0, 1993-07-01 00:00:00, 0.0
0.0, 18.0, 0.0, 58.0, 1993-07-02 00:00:00, 0.0
10.0, 19.0, 230.0, 52.0, 1993-07-03 00:00:00, 0.0
0.0, 20.0, 0.0, 53.0, 1993-07-04 00:00:00, 2.0
5.0, 18.0, 180.0, 51.0, 1993-07-05 00:00:00, 0.1
10.0, 21.0, 230.0, 42.0, 1993-07-06 00:00:00, 0.0
0.0, 22.0, 0.0, 42.0, 1993-07-07 00:00:00, 0.0
0.0, 21.0, 0.0, 52.0, 1993-07-08 00:00:00, 0.5
0.0, 18.0, 0.0, 50.0, 1993-07-09 00:00:00, 7.0
0.0, 20.0, 0.0, 42.0, 1993-07-10 00:00:00, 0.0
0.0, 17.0, 0.0, 48.0, 1993-07-11 00:00:00, 32.0
0.0, 17.0, 0.0, 58.0, 1993-07-12 00:00:00, 1.0
0.0, 17.0, 0.0, 48.0, 1993-07-13 00:00:00, 3.8
5.0, 19.0, 180.0, 50.0, 1993-07-14 00:00:00, 0.8
0.0, 18.0, 0.0, 50.0, 1993-07-15 00:00:00, 7.7
0.0, 19.0, 0.0, 52.0, 1993-07-16 00:00:00, 0.9
0.0, 18.0, 0.0, 50.0, 1993-07-17 00:00:00, 0.0
0.0, 20.0, 0.0, 53.0, 1993-07-18 00:00:00, 0.0
0.0, 21.0, 0.0, 54.0, 1993-07-19 00:00:00, 0.0
0.0, 19.0, 0.0, 51.0, 1993-07-20 00:00:00, 1.0
0.0, 19.0, 0.0, 54.0, 1993-07-21 00:00:00, 15.0
0.0, 19.0, 0.0, 52.0, 1993-07-22 00:00:00, 0.0
0.0, 18.0, 0.0, 54.0, 1993-07-23 00:00:00, 0.0
0.0, 20.0, 0.0, 54.0, 1993-07-24 00:00:00, 0.0
0.0, 19.0, 0.0, 54.0, 1993-07-25 00:00:00, 3.0
0.0, 20.0, 0.0, 54.0, 1993-07-26 00:00:00, 1.0
0.0, 17.0, 0.0, 60.0, 1993-07-27 00:00:00, 0.0
0.0, 16.0, 0.0, 80.0, 1993-07-28 00:00:00, 5.1
0.0, 16.0, 0.0, 72.0, 1993-07-29 00:00:00, 11.0
10.0, 15.0, 0.0, 58.0, 1993-07-30 00:00:00, 1.0
0.0, 16.0, 0.0, 45.0, 1993-07-31 00:00:00, 0.0
0.0, 16.0, 0.0, 58.0, 1993-08-01 00:00:00, 0.0
0.0, 17.0, 0.0, 60.0, 1993-08-02 00:00:00, 0.0
0.0, 20.0, 0.0, 62.0, 1993-08-03 00:00:00, 0.0
0.0, 20.0, 0.0, 58.0, 1993-08-04 00:00:00, 0.0
0.0, 19.0, 0.0, 54.0, 1993-08-05 00:00:00, 0.0
0.0, 20.0, 0.0, 60.0, 1993-08-06 00:00:00, 0.0
2.0, 17.0, 0.0, 90.0, 1993-08-07 00:00:00, 14.0
3.0, 18.0, 0.0, 83.0, 1993-08-08 00:00:00, 0.5
5.0, 18.0, 0.0, 66.0, 1993-08-09 00:00:00, 0.0
2.0, 15.0, 0.0, 96.0, 1993-08-10 00:00:00, 8.0
0.0, 19.0, 0.0, 58.0, 1993-08-11 00:00:00, 0.2
0.0, 16.0, 0.0, 72.0, 1993-08-12 00:00:00, 0.0
0.0, 18.0, 0.0, 88.0, 1993-08-13 00:00:00, 0.0
0.0, 18.0, 0.0, 90.0, 1993-08-14 00:00:00, 1.0
0.0, 17.0, 0.0, 82.0, 1993-08-15 00:00:00, 0.5
0.0, 18.0, 0.0, 95.0, 1993-08-16 00:00:00, 1.5
0.0, 20.0, 0.0, 87.0, 1993-08-17 00:00:00, 0.0
0.0, 20.0, 0.0, 88.0, 1993-08-18 00:00:00, 0.0
0.0, 20.0, 0.0, 82.0, 1993-08-19 00:00:00, 0.0
0.0, 20.0, 0.0, 75.0, 1993-08-20 00:00:00, 0.0
0.0, 21.0, 0.0, 84.0, 1993-08-21 00:00:00, 0.1
0.0, 17.0, 0.0, 90.0, 1993-08-22 00:00:00, 0.1
10.0, 13.0, 0.0, 86.0, 1993-08-23 00:00:00, 7.0
5.0, 15.0, 230.0, 62.0, 1993-08-24 00:00:00, 1.2
0.0, 12.0, 0.0, 82.0, 1993-08-25 00:00:00, 0.1
0.0, 17.0, 0.0, 72.0, 1993-08-26 00:00:00, 0.0
0.0, 14.0, 0.0, 80.0, 1993-08-27 00:00:00, 2.0
0.0, 13.0, 0.0, 82.0, 1993-08-28 00:00:00, 3.0
0.0, 16.0, 0.0, 68.0, 1993-08-29 00:00:00, 0.5
0.0, 15.0, 0.0, 72.0, 1993-08-30 00:00:00, 0.0
0.0, 13.0, 0.0, 99.0, 1993-08-31 00:00:00, 2.0
0.0, 17.0, 0.0, 91.0, 1993-09-01 00:00:00, 1.0
0.0, 16.0, 0.0, 80.0, 1993-09-02 00:00:00, 0.0
0.0, 19.0, 0.0, 68.0, 1993-09-03 00:00:00, 0.0
0.0, 20.0, 0.0, 58.0, 1993-09-04 00:00:00, 0.0
0.0, 16.0, 0.0, 60.0, 1993-09-05 00:00:00, 0.0
0.0, 16.0, 0.0, 92.0, 1993-09-06 00:00:00, 0.0
0.0, 17.0, 0.0, 86.0, 1993-09-07 00:00:00, 0.0
0.0, 18.0, 0.0, 88.0, 1993-09-08 00:00:00, 0.0
0.0, 19.0, 0.0, 80.0, 1993-09-09 00:00:00, 0.0
0.0, 18.0, 0.0, 84.0, 1993-09-10 00:00:00, 0.0
0.0, 16.0, 0.0, 52.0, 1993-09-11 00:00:00, 3.5
10.0, 15.0, 0.0, 80.0, 1993-09-12 00:00:00, 0.0
5.0, 10.0, 320.0, 62.0, 1993-09-13 00:00:00, 0.0
0.0, 12.0, 0.0, 83.0, 1993-09-14 00:00:00, 2.0
0.0, 13.0, 0.0, 62.0, 1993-09-15 00:00:00, 1.0
0.0, 12.0, 0.0, 57.0, 1993-09-16 00:00:00, 0.5
0.0, 11.0, 0.0, 64.0, 1993-09-17 00:00:00, 0.0
0.0, 11.0, 0.0, 62.0, 1993-09-18 00:00:00, 0.0
0.0, 12.0, 0.0, 92.0, 1993-09-19 00:00:00, 4.0
0.0, 9.0, 0.0, 74.0, 1993-09-20 00:00:00, 10.0
0.0, 7.0, 0.0, 72.0, 1993-09-21 00:00:00, 0.5
0.0, 10.0, 0.0, 60.0, 1993-09-22 00:00:00, 0.0
0.0, 7.0, 0.0, 70.0, 1993-09-23 00:00:00, 0.0
0.0, 7.0, 0.0, 72.0, 1993-09-24 00:00:00, 0.0
0.0, 12.0, 0.0, 61.0, 1993-09-25 00:00:00, 0.0
0.0, 11.0, 0.0, 78.0, 1993-09-26 00:00:00, 0.0
0.0, 12.0, 0.0, 72.0, 1993-09-27 00:00:00, 0.1
0.0, 15.0, 0.0, 69.0, 1993-09-28 00:00:00, 0.0
0.0, 11.0, 0.0, 72.0, 1993-09-29 00:00:00, 0.0
0.0, 14.0, 0.0, 38.0, 1993-09-30 00:00:00, 0.0
0.0, 13.0, 0.0, 54.0, 1993-10-01 00:00:00, 0.0
0.0, 10.0, 0.0, 62.0, 1993-10-02 00:00:00, 0.0
0.0, 9.0, 0.0, 76.0, 1993-10-03 00:00:00, 0.0
0.0, 10.0, 0.0, 80.0, 1993-10-04 00:00:00, 0.0
0.0, 14.0, 0.0, 70.0, 1993-10-05 00:00:00, 0.0
5.0, 14.0, 230.0, 74.0, 1993-10-06 00:00:00, 0.0
0.0, 13.0, 0.0, 53.0, 1993-10-07 00:00:00, 0.0
0.0, 8.0, 0.0, 76.0, 1993-10-08 00:00:00, 0.0
0.0, 9.0, 0.0, 72.0, 1993-10-09 00:00:00, 0.0
0.0, 6.0, 0.0, 79.0, 1993-10-10 00:00:00, 0.0
0.0, 6.0, 0.0, 78.0, 1993-10-11 00:00:00, 0.0
0.0, 10.0, 0.0, 82.0, 1993-10-12 00:00:00, 0.0
0.0, 11.0, 0.0, 74.0, 1993-10-13 00:00:00, 0.0
0.0, 0.0, 0.0, 0.0, 1994-06-09 00:00:00, 0.0
0.0, 14.0, 0.0, 60.0, 1994-06-10 00:00:00, 0.0
0.0, 13.0, 0.0, 80.0, 1994-06-11 00:00:00, 0.0
0.0, 13.0, 0.0, 78.0, 1994-06-12 00:00:00, 0.1
20.0, 18.0, 230.0, 80.0, 1994-06-13 00:00:00, 0.3
10.0, 14.0, 230.0, 58.0, 1994-06-14 00:00:00, 0.1
10.0, 16.0, 230.0, 50.0, 1994-06-15 00:00:00, 0.2
0.0, 15.0, 0.0, 62.0, 1994-06-16 00:00:00, 0.1
0.0, 17.0, 0.0, 70.0, 1994-06-17 00:00:00, 0.1
0.0, 19.0, 0.0, 56.0, 1994-06-18 00:00:00, 0.0
0.0, 16.0, 0.0, 50.0, 1994-06-19 00:00:00, 0.1
0.0, 16.0, 0.0, 50.0, 1994-06-20 00:00:00, 0.0
0.0, 21.0, 0.0, 52.0, 1994-06-21 00:00:00, 0.0
0.0, 22.0, 0.0, 50.0, 1994-06-22 00:00:00, 0.0
0.0, 24.0, 0.0, 49.0, 1994-06-23 00:00:00, 0.0
0.0, 13.0, 0.0, 72.0, 1994-06-24 00:00:00, 0.4
0.0, 13.0, 0.0, 80.0, 1994-06-25 00:00:00, 0.0
0.0, 13.0, 0.0, 80.0, 1994-06-26 00:00:00, 0.0
0.0, 25.0, 0.0, 56.0, 1994-06-27 00:00:00, 0.0
10.0, 25.0, 50.0, 56.0, 1994-06-28 00:00:00, 0.0
0.0, 15.0, 0.0, 90.0, 1994-06-29 00:00:00, 0.2
0.0, 18.0, 0.0, 58.0, 1994-06-30 00:00:00, 0.0
0.0, 18.0, 0.0, 80.0, 1994-07-01 00:00:00, 0.3
0.0, 15.0, 0.0, 70.0, 1994-07-02 00:00:00, 0.5
0.0, 14.0, 0.0, 86.0, 1994-07-03 00:00:00, 0.1
0.0, 15.0, 0.0, 90.0, 1994-07-04 00:00:00, 0.2
0.0, 15.0, 0.0, 60.0, 1994-07-05 00:00:00, 0.0
0.0, 15.0, 0.0, 68.0, 1994-07-06 00:00:00, 0.0
0.0, 16.0, 0.0, 58.0, 1994-07-07 00:00:00, 0.0
0.0, 20.0, 0.0, 52.0, 1994-07-08 00:00:00, 0.0
0.0, 16.0, 0.0, 50.0, 1994-07-09 00:00:00, 0.0
0.0, 15.0, 0.0, 60.0, 1994-07-10 00:00:00, 0.0
0.0, 18.0, 0.0, 72.0, 1994-07-11 00:00:00, 0.0
4.0, 20.0, 230.0, 56.0, 1994-07-12 00:00:00, 0.0
3.0, 20.0, 140.0, 56.0, 1994-07-13 00:00:00, 0.0
0.0, 21.0, 0.0, 58.0, 1994-07-14 00:00:00, 0.0
5.0, 21.0, 0.0, 60.0, 1994-07-15 00:00:00, 0.0
0.0, 21.0, 0.0, 50.0, 1994-07-16 00:00:00, 0.1
0.0, 22.0, 0.0, 66.0, 1994-07-17 00:00:00, 0.0
8.0, 19.0, 0.0, 60.0, 1994-07-18 00:00:00, 0.0
0.0, 24.0, 0.0, 50.0, 1994-07-19 00:00:00, 0.0
0.0, 23.0, 0.0, 58.0, 1994-07-20 00:00:00, 0.0
0.0, 26.0, 0.0, 52.0, 1994-07-21 00:00:00, 0.0
8.0, 27.0, 230.0, 48.0, 1994-07-22 00:00:00, 0.0
8.0, 27.0, 230.0, 48.0, 1994-07-23 00:00:00, 0.0
5.0, 23.0, 320.0, 48.0, 1994-07-24 00:00:00, 0.0
0.0, 22.0, 0.0, 72.0, 1994-07-25 00:00:00, 0.0
5.0, 25.0, 270.0, 70.0, 1994-07-26 00:00:00, 0.0
0.0, 25.0, 0.0, 62.0, 1994-07-27 00:00:00, 0.0
0.0, 24.0, 0.0, 62.0, 1994-07-28 00:00:00, 0.0
0.0, 23.0, 0.0, 40.0, 1994-07-29 00:00:00, 0.0
0.0, 25.0, 0.0, 30.0, 1994-07-30 00:00:00, 0.0
0.0, 22.0, 0.0, 32.0, 1994-07-31 00:00:00, 0.0
8.0, 21.0, 320.0, 32.0, 1994-08-01 00:00:00, 0.0
0.0, 22.0, 0.0, 36.0, 1994-08-02 00:00:00, 0.0
0.0, 23.0, 0.0, 32.0, 1994-08-03 00:00:00, 0.0
8.0, 23.0, 320.0, 72.0, 1994-08-04 00:00:00, 2.0
0.0, 22.0, 0.0, 58.0, 1994-08-05 00:00:00, 0.0
0.0, 20.0, 0.0, 64.0, 1994-08-06 00:00:00, 7.0
0.0, 19.0, 0.0, 60.0, 1994-08-07 00:00:00, 3.0
3.0, 17.0, 270.0, 88.0, 1994-08-08 00:00:00, 1.0
0.0, 15.0, 0.0, 70.0, 1994-08-09 00:00:00, 37.0
0.0, 20.0, 0.0, 44.0, 1994-08-10 00:00:00, 0.0
0.0, 20.0, 0.0, 44.0, 1994-08-11 00:00:00, 0.0
0.0, 22.0, 0.0, 54.0, 1994-08-12 00:00:00, 0.0
0.0, 21.0, 0.0, 53.0, 1994-08-13 00:00:00, 0.0
0.0, 22.0, 0.0, 46.0, 1994-08-14 00:00:00, 0.0
0.0, 22.2, 0.0, 44.0, 1994-08-15 00:00:00, 0.0
0.0, 21.0, 0.0, 62.0, 1994-08-16 00:00:00, 0.0
0.0, 20.0, 0.0, 70.0, 1994-08-17 00:00:00, 2.5
0.0, 18.0, 0.0, 70.0, 1994-08-18 00:00:00, 0.0
0.0, 20.0, 0.0, 54.0, 1994-08-19 00:00:00, 0.0
0.0, 20.0, 0.0, 52.0, 1994-08-20 00:00:00, 0.0
0.0, 19.0, 0.0, 58.0, 1994-08-21 00:00:00, 3.5
4.0, 16.0, 0.0, 84.0, 1994-08-22 00:00:00, 0.0
10.0, 16.0, 230.0, 62.0, 1994-08-23 00:00:00, 4.0
0.0, 14.0, 0.0, 64.0, 1994-08-24 00:00:00, 0.5
0.0, 15.0, 0.0, 62.0, 1994-08-25 00:00:00, 1.0
0.0, 13.0, 0.0, 90.0, 1994-08-26 00:00:00, 8.0
0.0, 12.0, 0.0, 70.0, 1994-08-27 00:00:00, 5.0
0.0, 13.0, 0.0, 70.0, 1994-08-28 00:00:00, 0.0
0.0, 15.0, 0.0, 72.0, 1994-08-29 00:00:00, 0.0
1.0, 17.0, 0.0, 56.0, 1994-08-30 00:00:00, 0.0
10.0, 20.0, 320.0, 50.0, 1994-08-31 00:00:00, 0.0
0.0, 15.0, 0.0, 62.0, 1994-09-01 00:00:00, 0.0
0.0, 16.0, 0.0, 66.0, 1994-09-02 00:00:00, 0.0
0.0, 14.0, 0.0, 80.0, 1994-09-03 00:00:00, 3.0
0.0, 16.0, 0.0, 50.0, 1994-09-04 00:00:00, 0.5
0.0, 14.0, 0.0, 72.0, 1994-09-05 00:00:00, 0.0
0.0, 15.0, 0.0, 64.0, 1994-09-06 00:00:00, 0.0
0.0, 15.0, 0.0, 62.0, 1994-09-07 00:00:00, 0.0
0.0, 14.0, 0.0, 54.0, 1994-09-08 00:00:00, 0.0
0.0, 13.0, 0.0, 70.0, 1994-09-09 00:00:00, 5.0
0.0, 12.0, 0.0, 60.0, 1994-09-10 00:00:00, 1.0
0.0, 11.0, 0.0, 66.0, 1994-09-11 00:00:00, 0.0
0.0, 10.0, 0.0, 70.0, 1994-09-12 00:00:00, 0.0
0.0, 15.0, 0.0, 56.0, 1994-09-13 00:00:00, 0.0
0.0, 15.0, 0.0, 68.0, 1994-09-14 00:00:00, 1.0
0.0, 16.0, 0.0, 72.0, 1994-09-15 00:00:00, 0.0
0.0, 17.0, 0.0, 56.0, 1994-09-16 00:00:00, 0.0
0.0, 17.0, 0.0, 70.0, 1994-09-17 00:00:00, 0.0
0.0, 17.0, 0.0, 58.0, 1994-09-18 00:00:00, 0.0
0.0, 20.0, 0.0, 68.0, 1994-09-19 00:00:00, 0.0
0.0, 22.0, 0.0, 66.0, 1994-09-20 00:00:00, 0.0
0.0, 14.0, 0.0, 50.0, 1994-09-21 00:00:00, 0.0
0.0, 14.0, 0.0, 65.0, 1994-09-22 00:00:00, 0.0
0.0, 14.0, 0.0, 62.0, 1994-09-23 00:00:00, 0.0
0.0, 16.0, 0.0, 68.0, 1994-09-24 00:00:00, 0.0
0.0, 14.0, 0.0, 66.0, 1994-09-25 00:00:00, 0.0
0.0, 15.0, 0.0, 60.0, 1994-09-26 00:00:00, 0.0
0.0, 19.0, 0.0, 56.0, 1994-09-27 00:00:00, 0.0
0.0, 17.0, 0.0, 62.0, 1994-09-28 00:00:00, 0.0
0.0, 14.0, 0.0, 86.0, 1994-09-29 00:00:00, 2.0
0.0, 14.0, 0.0, 80.0, 1994-09-30 00:00:00, 3.5
0.0, 14.0, 0.0, 83.0, 1994-10-01 00:00:00, 3.0
10.0, 12.0, 0.0, 62.0, 1994-10-02 00:00:00, 1.0
0.0, 10.0, 0.0, 60.0, 1994-10-03 00:00:00, 0.0
0.0, 12.0, 0.0, 64.0, 1994-10-04 00:00:00, 0.0
0.0, 12.0, 0.0, 62.0, 1994-10-05 00:00:00, 0.0
0.0, 11.0, 0.0, 67.0, 1994-10-06 00:00:00, 0.0
0.0, 12.0, 0.0, 66.0, 1994-10-07 00:00:00, 0.0
0.0, 10.0, 0.0, 72.0, 1994-10-08 00:00:00, 0.0
0.0, 10.0, 0.0, 65.0, 1994-10-09 00:00:00, 0.0
0.0, 10.0, 0.0, 66.0, 1994-10-10 00:00:00, 8.0
0.0, 11.0, 0.0, 69.0, 1994-10-11 00:00:00, 1.0
0.0, 10.0, 0.0, 69.0, 1994-10-12 00:00:00, 0.0
0.0, 10.0, 0.0, 76.0, 1994-10-13 00:00:00, 0.0
0.0, 8.0, 0.0, 79.0, 1994-10-14 00:00:00, 3.0
0.0, 0.0, 0.0, 0.0, 1996-05-20 00:00:00, 0.0
9.0, 13.6, 0.0, 49.0, 1996-05-21 00:00:00, 0.2
5.0, 12.9, 0.0, 56.0, 1996-05-22 00:00:00, 0.0
9.0, 15.8, 0.0, 62.0, 1996-05-23 00:00:00, 5.0
9.0, 7.8, 0.0, 48.0, 1996-05-24 00:00:00, 0.0
3.0, 15.4, 0.0, 49.0, 1996-05-25 00:00:00, 0.0
11.0, 18.9, 0.0, 45.0, 1996-05-26 00:00:00, 0.0
8.0, 15.8, 320.0, 42.0, 1996-05-27 00:00:00, 0.0
8.0, 13.1, 270.0, 58.0, 1996-05-28 00:00:00, 0.2
6.0, 8.8, 270.0, 91.0, 1996-05-29 00:00:00, 0.7
0.0, 6.3, 0.0, 98.0, 1996-05-30 00:00:00, 26.4
4.0, 8.4, 0.0, 99.0, 1996-05-31 00:00:00, 4.8
9.0, 17.1, 0.0, 64.0, 1996-06-01 00:00:00, 0.0
0.0, 11.8, 0.0, 84.0, 1996-06-02 00:00:00, 0.0
5.0, 14.6, 320.0, 87.0, 1996-06-03 00:00:00, 4.0
13.0, 10.9, 90.0, 98.0, 1996-06-04 00:00:00, 8.1
1.0, 15.0, 50.0, 66.0, 1996-06-05 00:00:00, 2.0
3.0, 15.3, 0.0, 59.0, 1996-06-06 00:00:00, 0.5
7.0, 18.4, 0.0, 58.0, 1996-06-07 00:00:00, 0.2
5.0, 20.7, 50.0, 35.0, 1996-06-08 00:00:00, 0.2
14.0, 19.3, 50.0, 35.0, 1996-06-09 00:00:00, 0.0
1.0, 13.3, 0.0, 57.0, 1996-06-10 00:00:00, 0.0
20.0, 13.9, 50.0, 59.0, 1996-06-11 00:00:00, 2.2
4.0, 16.8, 0.0, 49.0, 1996-06-12 00:00:00, 0.0
6.0, 16.2, 50.0, 51.0, 1996-06-13 00:00:00, 0.0
7.0, 22.2, 270.0, 30.0, 1996-06-14 00:00:00, 0.0
3.0, 18.4, 0.0, 50.0, 1996-06-15 00:00:00, 0.0
7.0, 18.0, 270.0, 34.0, 1996-06-16 00:00:00, 0.0
16.0, 13.4, 50.0, 51.0, 1996-06-17 00:00:00, 0.0
13.0, 12.3, 50.0, 45.0, 1996-06-18 00:00:00, 0.0
4.0, 14.7, 270.0, 54.0, 1996-06-19 00:00:00, 0.0
8.0, 16.2, 320.0, 53.0, 1996-06-20 00:00:00, 0.2
7.0, 19.1, 0.0, 50.0, 1996-06-21 00:00:00, 0.0
4.0, 18.2, 320.0, 52.0, 1996-06-22 00:00:00, 0.0
4.0, 12.8, 230.0, 80.0, 1996-06-23 00:00:00, 0.2
0.0, 10.9, 0.0, 99.0, 1996-06-24 00:00:00, 8.3
4.0, 14.6, 50.0, 87.0, 1996-06-25 00:00:00, 0.7
4.0, 15.7, 0.0, 69.0, 1996-06-26 00:00:00, 0.0
5.0, 17.5, 0.0, 60.0, 1996-06-27 00:00:00, 0.0
7.0, 16.9, 180.0, 46.0, 1996-06-28 00:00:00, 0.0
7.0, 18.1, 320.0, 45.0, 1996-06-29 00:00:00, 0.0
2.0, 21.9, 0.0, 42.0, 1996-06-30 00:00:00, 0.0
3.0, 21.8, 270.0, 44.0, 1996-07-01 00:00:00, 0.0
6.0, 20.8, 270.0, 51.0, 1996-07-02 00:00:00, 0.0
5.0, 21.4, 0.0, 68.0, 1996-07-03 00:00:00, 0.5
18.0, 16.8, 90.0, 62.0, 1996-07-04 00:00:00, 10.4
16.0, 14.8, 50.0, 50.0, 1996-07-05 00:00:00, 0.2
16.0, 21.1, 50.0, 35.0, 1996-07-06 00:00:00, 0.2
4.0, 19.5, 0.0, 45.0, 1996-07-07 00:00:00, 0.0
4.0, 22.0, 0.0, 48.0, 1996-07-08 00:00:00, 0.0
4.0, 22.0, 50.0, 64.0, 1996-07-09 00:00:00, 0.5
12.0, 18.0, 50.0, 40.0, 1996-07-10 00:00:00, 0.5
6.0, 20.5, 0.0, 46.0, 1996-07-11 00:00:00, 0.0
4.0, 21.7, 0.0, 45.0, 1996-07-12 00:00:00, 0.0
6.0, 23.6, 0.0, 41.0, 1996-07-13 00:00:00, 0.0
6.0, 23.1, 0.0, 41.0, 1996-07-14 00:00:00, 0.0
4.0, 23.7, 0.0, 46.0, 1996-07-15 00:00:00, 0.0
1.0, 18.7, 270.0, 58.0, 1996-07-16 00:00:00, 0.0
5.0, 21.0, 320.0, 60.0, 1996-07-17 00:00:00, 0.0
7.0, 18.2, 0.0, 58.0, 1996-07-18 00:00:00, 1.5
1.0, 12.8, 270.0, 61.0, 1996-07-19 00:00:00, 1.5
8.0, 12.8, 270.0, 71.0, 1996-07-20 00:00:00, 0.7
4.0, 15.3, 0.0, 81.0, 1996-07-21 00:00:00, 1.0
6.0, 19.4, 0.0, 63.0, 1996-07-22 00:00:00, 0.0
6.0, 22.4, 0.0, 51.0, 1996-07-23 00:00:00, 0.0
4.0, 23.0, 0.0, 45.0, 1996-07-24 00:00:00, 0.0
8.0, 25.0, 320.0, 38.0, 1996-07-25 00:00:00, 0.0
6.0, 23.1, 0.0, 55.0, 1996-07-26 00:00:00, 0.0
5.0, 23.1, 0.0, 49.0, 1996-07-27 00:00:00, 0.0
5.0, 24.6, 0.0, 43.0, 1996-07-28 00:00:00, 0.0
3.0, 20.2, 230.0, 59.0, 1996-07-29 00:00:00, 0.0
8.0, 22.2, 0.0, 67.0, 1996-07-30 00:00:00, 0.0
12.0, 24.7, 50.0, 25.0, 1996-07-31 00:00:00, 0.0
6.0, 21.8, 0.0, 40.0, 1996-08-01 00:00:00, 0.0
6.0, 19.2, 0.0, 60.0, 1996-08-02 00:00:00, 0.0
5.0, 14.7, 0.0, 76.0, 1996-08-03 00:00:00, 0.0
7.0, 16.3, 270.0, 63.0, 1996-08-04 00:00:00, 0.0
1.0, 14.4, 50.0, 66.0, 1996-08-05 00:00:00, 0.7
3.0, 15.3, 50.0, 73.0, 1996-08-06 00:00:00, 0.0
7.0, 20.9, 0.0, 49.0, 1996-08-07 00:00:00, 0.0
5.0, 22.2, 0.0, 50.0, 1996-08-08 00:00:00, 0.0
6.0, 24.2, 320.0, 43.0, 1996-08-09 00:00:00, 0.0
4.0, 23.1, 0.0, 44.0, 1996-08-10 00:00:00, 0.0
3.0, 21.8, 0.0, 45.0, 1996-08-11 00:00:00, 0.0
9.0, 23.8, 0.0, 32.0, 1996-08-12 00:00:00, 0.2
5.0, 21.3, 0.0, 42.0, 1996-08-13 00:00:00, 0.0
3.0, 22.1, 50.0, 43.0, 1996-08-14 00:00:00, 0.0
7.0, 24.1, 0.0, 48.0, 1996-08-15 00:00:00, 0.0
7.0, 23.5, 0.0, 32.0, 1996-08-16 00:00:00, 0.0
10.0, 17.5, 270.0, 50.0, 1996-08-17 00:00:00, 0.2
6.0, 13.5, 320.0, 77.0, 1996-08-18 00:00:00, 2.5
2.0, 10.1, 50.0, 99.0, 1996-08-19 00:00:00, 4.5
4.0, 13.1, 0.0, 87.0, 1996-08-20 00:00:00, 7.8
2.0, 13.7, 320.0, 77.0, 1996-08-21 00:00:00, 0.2
6.0, 18.6, 0.0, 54.0, 1996-08-22 00:00:00, 0.0
5.0, 20.8, 0.0, 55.0, 1996-08-23 00:00:00, 0.0
4.0, 22.1, 0.0, 49.0, 1996-08-24 00:00:00, 0.0
4.0, 22.1, 0.0, 50.0, 1996-08-25 00:00:00, 0.0
4.0, 22.2, 0.0, 50.0, 1996-08-26 00:00:00, 0.0
3.0, 21.7, 0.0, 58.0, 1996-08-27 00:00:00, 0.0
4.0, 23.4, 320.0, 55.0, 1996-08-28 00:00:00, 0.0
2.0, 24.0, 0.0, 51.0, 1996-08-29 00:00:00, 0.0
3.0, 25.5, 180.0, 56.0, 1996-08-30 00:00:00, 0.0
7.0, 14.7, 270.0, 83.0, 1996-08-31 00:00:00, 11.4
4.0, 15.3, 140.0, 54.0, 1996-09-01 00:00:00, 0.0
6.0, 13.8, 320.0, 67.0, 1996-09-02 00:00:00, 0.0
4.0, 15.3, 270.0, 53.0, 1996-09-03 00:00:00, 0.0
9.0, 14.2, 0.0, 81.0, 1996-09-04 00:00:00, 12.2
5.0, 9.6, 180.0, 84.0, 1996-09-05 00:00:00, 1.2
3.0, 11.2, 0.0, 79.0, 1996-09-06 00:00:00, 1.0
2.0, 10.3, 0.0, 98.0, 1996-09-07 00:00:00, 1.7
1.0, 12.7, 0.0, 96.0, 1996-09-08 00:00:00, 3.8
8.0, 14.9, 0.0, 83.0, 1996-09-09 00:00:00, 2.7
6.0, 15.5, 320.0, 83.0, 1996-09-10 00:00:00, 0.0
4.0, 17.5, 0.0, 71.0, 1996-09-11 00:00:00, 0.0
4.0, 19.2, 0.0, 68.0, 1996-09-12 00:00:00, 0.0
2.0, 13.7, 0.0, 99.0, 1996-09-13 00:00:00, 1.2
2.0, 13.2, 50.0, 99.0, 1996-09-14 00:00:00, 11.9
9.0, 10.4, 140.0, 92.0, 1996-09-15 00:00:00, 1.2
5.0, 13.5, 0.0, 73.0, 1996-09-16 00:00:00, 4.3
6.0, 12.5, 50.0, 66.0, 1996-09-17 00:00:00, 0.0
4.0, 14.8, 50.0, 59.0, 1996-09-18 00:00:00, 0.0
3.0, 12.5, 0.0, 80.0, 1996-09-19 00:00:00, 0.0
3.0, 8.1, 0.0, 82.0, 1996-09-20 00:00:00, 0.0
5.0, 9.4, 270.0, 67.0, 1996-09-21 00:00:00, 0.5
2.0, 8.7, 0.0, 71.0, 1996-09-22 00:00:00, 3.8
6.0, 8.5, 320.0, 61.0, 1996-09-23 00:00:00, 0.2
5.0, 7.1, 0.0, 73.0, 1996-09-24 00:00:00, 0.0
7.0, 11.1, 0.0, 58.0, 1996-09-25 00:00:00, 0.0
7.0, 10.9, 270.0, 72.0, 1996-09-26 00:00:00, 0.0
6.0, 13.2, 270.0, 65.0, 1996-09-27 00:00:00, 0.0
6.0, 16.7, 0.0, 74.0, 1996-09-28 00:00:00, 0.0
2.0, 13.2, 50.0, 79.0, 1996-09-29 00:00:00, 0.7
5.0, 8.6, 0.0, 63.0, 1996-09-30 00:00:00, 0.0
9.0, 11.0, 0.0, 44.0, 1996-10-01 00:00:00, 0.0
8.0, 9.2, 270.0, 52.0, 1996-10-02 00:00:00, 0.0
3.0, 10.9, 0.0, 78.0, 1996-10-03 00:00:00, 0.0
2.0, 9.6, 90.0, 98.0, 1996-10-04 00:00:00, 6.6
1.0, 10.6, 320.0, 89.0, 1996-10-05 00:00:00, 2.5
1.0, 6.9, 320.0, 99.0, 1996-10-06 00:00:00, 2.5
0.0, 5.0, 0.0, 0.0, 1996-10-07 00:00:00, 0.0
0.0, 0.0, 0.0, 0.0, 1997-05-27 00:00:00, 0.0
7.0, 18.9, 270.0, 45.0, 1997-05-28 00:00:00, 12.2
1.0, 15.4, 320.0, 59.0, 1997-05-29 00:00:00, 0.0
3.0, 15.9, 320.0, 71.0, 1997-05-30 00:00:00, 0.0
2.0, 13.5, 0.0, 65.0, 1997-05-31 00:00:00, 3.3
2.0, 15.3, 320.0, 40.0, 1997-06-01 00:00:00, 1.3
7.0, 14.7, 270.0, 44.0, 1997-06-02 00:00:00, 0.8
3.0, 18.8, 270.0, 41.0, 1997-06-03 00:00:00, 0.0
3.0, 10.8, 270.0, 99.0, 1997-06-04 00:00:00, 0.0
6.0, 14.2, 270.0, 73.0, 1997-06-05 00:00:00, 0.0
6.0, 17.9, 270.0, 47.0, 1997-06-06 00:00:00, 0.0
2.0, 15.0, 0.0, 55.0, 1997-06-07 00:00:00, 0.3
12.0, 13.9, 270.0, 53.0, 1997-06-08 00:00:00, 5.3
5.0, 18.5, 270.0, 37.0, 1997-06-09 00:00:00, 0.0
4.0, 21.3, 270.0, 41.0, 1997-06-10 00:00:00, 0.0
2.0, 22.2, 50.0, 43.0, 1997-06-11 00:00:00, 0.0
1.0, 16.3, 270.0, 72.0, 1997-06-12 00:00:00, 4.8
6.0, 21.5, 320.0, 53.0, 1997-06-13 00:00:00, 0.0
7.0, 20.3, 180.0, 34.0, 1997-06-14 00:00:00, 0.0
6.0, 23.4, 320.0, 39.0, 1997-06-15 00:00:00, 0.0
1.0, 16.8, 320.0, 79.0, 1997-06-16 00:00:00, 8.9
2.0, 15.0, 0.0, 86.0, 1997-06-17 00:00:00, 1.5
10.0, 13.3, 230.0, 72.0, 1997-06-18 00:00:00, 8.1
12.0, 16.3, 320.0, 49.0, 1997-06-19 00:00:00, 0.3
1.0, 12.9, 270.0, 68.0, 1997-06-20 00:00:00, 0.0
0.0, 15.0, 0.0, 49.0, 1997-06-21 00:00:00, 0.0
1.0, 9.2, 0.0, 88.0, 1997-06-22 00:00:00, 3.8
3.0, 9.5, 180.0, 83.0, 1997-06-23 00:00:00, 3.8
5.0, 15.6, 270.0, 67.0, 1997-06-24 00:00:00, 2.3
3.0, 19.3, 270.0, 52.0, 1997-06-25 00:00:00, 0.0
4.0, 13.9, 180.0, 75.0, 1997-06-26 00:00:00, 3.3
5.0, 15.5, 50.0, 39.0, 1997-06-27 00:00:00, 0.0
4.0, 18.3, 230.0, 52.0, 1997-06-28 00:00:00, 0.0
6.0, 16.6, 230.0, 52.0, 1997-06-29 00:00:00, 0.0
5.0, 16.0, 230.0, 79.0, 1997-06-30 00:00:00, 0.0
4.0, 20.3, 230.0, 47.0, 1997-07-01 00:00:00, 0.0
1.0, 15.6, 230.0, 70.0, 1997-07-02 00:00:00, 0.3
2.0, 15.6, 270.0, 75.0, 1997-07-03 00:00:00, 0.3
7.0, 21.9, 270.0, 56.0, 1997-07-04 00:00:00, 0.3
4.0, 22.4, 270.0, 44.0, 1997-07-05 00:00:00, 0.0
20.0, 17.4, 230.0, 50.0, 1997-07-06 00:00:00, 6.8
3.0, 15.0, 270.0, 78.0, 1997-07-07 00:00:00, 0.0
1.0, 13.8, 270.0, 91.0, 1997-07-08 00:00:00, 3.0
3.0, 17.7, 230.0, 74.0, 1997-07-09 00:00:00, 9.1
9.0, 14.8, 230.0, 71.0, 1997-07-10 00:00:00, 6.9
0.0, 10.0, 0.0, 89.0, 1997-07-11 00:00:00, 1.3
5.0, 10.8, 230.0, 82.0, 1997-07-12 00:00:00, 5.8
2.0, 13.9, 320.0, 90.0, 1997-07-13 00:00:00, 0.3
1.0, 16.8, 270.0, 78.0, 1997-07-14 00:00:00, 1.0
3.0, 16.1, 320.0, 75.0, 1997-07-15 00:00:00, 2.8
6.0, 18.4, 270.0, 68.0, 1997-07-16 00:00:00, 3.3
2.0, 18.2, 320.0, 58.0, 1997-07-17 00:00:00, 0.0
3.0, 19.2, 270.0, 64.0, 1997-07-18 00:00:00, 0.3
4.0, 20.8, 230.0, 53.0, 1997-07-19 00:00:00, 0.0
4.0, 23.1, 270.0, 42.0, 1997-07-20 00:00:00, 0.0
4.0, 25.4, 320.0, 46.0, 1997-07-21 00:00:00, 0.0
12.0, 17.5, 320.0, 56.0, 1997-07-22 00:00:00, 4.1
2.0, 14.3, 50.0, 70.0, 1997-07-23 00:00:00, 0.3
15.0, 17.3, 320.0, 50.0, 1997-07-24 00:00:00, 2.3
1.0, 16.9, 270.0, 58.0, 1997-07-25 00:00:00, 1.0
2.0, 15.1, 270.0, 76.0, 1997-07-26 00:00:00, 0.0
4.0, 20.8, 320.0, 53.0, 1997-07-27 00:00:00, 0.0
4.0, 22.8, 270.0, 42.0, 1997-07-28 00:00:00, 0.0
1.0, 23.5, 0.0, 57.0, 1997-07-29 00:00:00, 0.0
2.0, 18.2, 270.0, 80.0, 1997-07-30 00:00:00, 1.3
4.0, 20.9, 230.0, 55.0, 1997-07-31 00:00:00, 0.0
5.0, 20.5, 270.0, 66.0, 1997-08-01 00:00:00, 1.8
2.0, 14.6, 180.0, 87.0, 1997-08-02 00:00:00, 5.1
6.0, 21.1, 320.0, 66.0, 1997-08-03 00:00:00, 3.8
4.0, 23.6, 270.0, 60.0, 1997-08-04 00:00:00, 0.0
3.0, 25.4, 270.0, 51.0, 1997-08-05 00:00:00, 0.0
5.0, 26.6, 270.0, 49.0, 1997-08-06 00:00:00, 0.0
5.0, 19.4, 270.0, 79.0, 1997-08-07 00:00:00, 5.3
11.0, 19.5, 320.0, 44.0, 1997-08-08 00:00:00, 0.0
6.0, 18.0, 230.0, 36.0, 1997-08-09 00:00:00, 0.0
4.0, 19.0, 0.0, 49.0, 1997-08-10 00:00:00, 0.0
3.0, 20.2, 270.0, 51.0, 1997-08-11 00:00:00, 0.0
5.0, 14.8, 180.0, 90.0, 1997-08-12 00:00:00, 8.9
7.0, 17.8, 270.0, 81.0, 1997-08-13 00:00:00, 3.6
9.0, 23.3, 320.0, 41.0, 1997-08-14 00:00:00, 0.0
7.0, 18.3, 270.0, 46.0, 1997-08-15 00:00:00, 0.0
5.0, 12.9, 270.0, 75.0, 1997-08-16 00:00:00, 0.0
6.0, 17.7, 270.0, 68.0, 1997-08-17 00:00:00, 2.3
4.0, 19.0, 270.0, 64.0, 1997-08-18 00:00:00, 0.0
6.0, 17.9, 270.0, 73.0, 1997-08-19 00:00:00, 4.1
3.0, 19.8, 270.0, 61.0, 1997-08-20 00:00:00, 0.0
2.0, 17.3, 270.0, 82.0, 1997-08-21 00:00:00, 0.0
3.0, 18.5, 50.0, 75.0, 1997-08-22 00:00:00, 0.0
3.0, 13.5, 320.0, 89.0, 1997-08-23 00:00:00, 1.0
5.0, 16.0, 270.0, 78.0, 1997-08-24 00:00:00, 5.8
2.0, 16.4, 270.0, 76.0, 1997-08-25 00:00:00, 0.0
4.0, 16.9, 320.0, 74.0, 1997-08-26 00:00:00, 0.3
9.0, 21.5, 320.0, 33.0, 1997-08-27 00:00:00, 1.3
4.0, 13.6, 320.0, 72.0, 1997-08-28 00:00:00, 1.0
7.0, 11.9, 270.0, 84.0, 1997-08-29 00:00:00, 3.8
5.0, 15.5, 320.0, 78.0, 1997-08-30 00:00:00, 0.3
6.0, 17.9, 270.0, 73.0, 1997-08-31 00:00:00, 0.0
6.0, 18.2, 270.0, 60.0, 1997-09-01 00:00:00, 0.0
40.0, 20.9, 270.0, 65.0, 1997-09-02 00:00:00, 2.0
3.0, 17.9, 270.0, 72.0, 1997-09-03 00:00:00, 0.5
2.0, 16.0, 90.0, 80.0, 1997-09-04 00:00:00, 1.5
3.0, 16.3, 270.0, 65.0, 1997-09-05 00:00:00, 0.3
5.0, 13.9, 140.0, 70.0, 1997-09-06 00:00:00, 6.6
5.0, 13.6, 270.0, 70.0, 1997-09-07 00:00:00, 0.0
6.0, 14.7, 270.0, 66.0, 1997-09-08 00:00:00, 0.0
5.0, 16.4, 270.0, 63.0, 1997-09-09 00:00:00, 0.0
4.0, 17.7, 270.0, 62.0, 1997-09-10 00:00:00, 0.0
2.0, 14.5, 230.0, 90.0, 1997-09-11 00:00:00, 0.3
0.0, 10.2, 0.0, 90.0, 1997-09-12 00:00:00, 5.8
5.0, 11.3, 270.0, 74.0, 1997-09-13 00:00:00, 2.0
7.0, 8.9, 90.0, 90.0, 1997-09-14 00:00:00, 8.4
2.0, 10.5, 0.0, 95.0, 1997-09-15 00:00:00, 9.4
3.0, 11.0, 320.0, 84.0, 1997-09-16 00:00:00, 2.3
2.0, 8.0, 230.0, 94.0, 1997-09-17 00:00:00, 4.3
3.0, 7.3, 180.0, 86.0, 1997-09-18 00:00:00, 13.5
7.0, 11.1, 320.0, 65.0, 1997-09-19 00:00:00, 0.0
6.0, 11.8, 270.0, 72.0, 1997-09-20 00:00:00, 0.0
4.0, 13.9, 270.0, 78.0, 1997-09-21 00:00:00, 0.0
4.0, 14.2, 270.0, 76.0, 1997-09-22 00:00:00, 0.0
5.0, 17.5, 320.0, 69.0, 1997-09-23 00:00:00, 0.0
3.0, 17.2, 320.0, 62.0, 1997-09-24 00:00:00, 0.0
5.0, 16.2, 270.0, 66.0, 1997-09-25 00:00:00, 0.0
21.0, 10.9, 50.0, 72.0, 1997-09-26 00:00:00, 18.8
5.0, 12.1, 320.0, 68.0, 1997-09-27 00:00:00, 2.0
4.0, 10.4, 0.0, 84.0, 1997-09-28 00:00:00, 1.0
3.0, 11.8, 270.0, 85.0, 1997-09-29 00:00:00, 2.3
1.0, 8.9, 50.0, 95.0, 1997-09-30 00:00:00, 9.9
0.0, 8.1, 0.0, 97.0, 1997-10-01 00:00:00, 17.8
2.0, 9.5, 50.0, 69.0, 1997-10-02 00:00:00, 22.1
9.0, 20.4, 180.0, 47.0, 1998-05-30 00:00:00, 0.0
6.0, 18.8, 180.0, 60.0, 1998-05-31 00:00:00, 0.0
12.0, 15.2, 270.0, 48.0, 1998-06-01 00:00:00, 1.0
8.0, 16.2, 9.0, 26.0, 1998-06-02 00:00:00, 0.0
7.0, 19.1, 180.0, 34.0, 1998-06-03 00:00:00, 0.0
5.0, 14.9, 9.0, 56.0, 1998-06-04 00:00:00, 0.3
