station_observations
wind_speed, temperature, wind_direction, relative_humidity, time, precipitation
0.0, 0.0, 0.0, 0.0, 1990-09-06 00:00:00, 0.0
4.0, 22.2, 320.0, 31.0, 1990-09-07 00:00:00, 0.0
1.0, 19.7, 270.0, 37.0, 1990-09-08 00:00:00, 0.0
1.0, 22.4, 230.0, 37.0, 1990-09-09 00:00:00, 0.0
4.0, 22.1, 230.0, 38.0, 1990-09-10 00:00:00, 0.0
2.0, 22.3, 320.0, 38.0, 1990-09-11 00:00:00, 0.0
2.0, 16.9, 320.0, 58.0, 1990-09-12 00:00:00, 0.0
2.0, 17.2, 320.0, 57.0, 1990-09-13 00:00:00, 0.0
2.0, 19.5, 270.0, 45.0, 1990-09-14 00:00:00, 0.0
3.0, 21.8, 230.0, 42.0, 1990-09-15 00:00:00, 0.0
2.0, 10.2, 140.0, 97.0, 1990-09-16 00:00:00, 7.6
3.0, 17.9, 270.0, 57.0, 1990-09-17 00:00:00, 1.0
3.0, 16.4, 0.0, 50.0, 1990-09-18 00:00:00, 0.0
7.0, 19.5, 320.0, 31.0, 1990-09-19 00:00:00, 0.0
3.0, 15.1, 90.0, 53.0, 1990-09-20 00:00:00, 0.0
4.0, 20.1, 320.0, 51.0, 1990-09-21 00:00:00, 0.0
2.0, 19.8, 230.0, 51.0, 1990-09-22 00:00:00, 0.0
4.0, 19.4, 320.0, 46.0, 1990-09-23 00:00:00, 0.0
3.0, 20.2, 320.0, 48.0, 1990-09-24 00:00:00, 0.0
3.0, 20.6, 230.0, 46.0, 1990-09-25 00:00:00, 0.0
2.0, 15.0, 270.0, 54.0, 1990-09-26 00:00:00, 0.0
2.0, 16.7, 230.0, 46.0, 1990-09-27 00:00:00, 0.0
3.0, 14.2, 230.0, 46.0, 1990-09-28 00:00:00, 0.0
2.0, 15.4, 0.0, 55.0, 1990-09-29 00:00:00, 0.0
2.0, 14.8, 320.0, 38.0, 1990-09-30 00:00:00, 0.0
0.0, 7.8, 90.0, 79.0, 1990-10-01 00:00:00, 0.0
11.0, 9.8, 0.0, 42.0, 1990-10-02 00:00:00, 3.0
1.0, 4.2, 180.0, 82.0, 1990-10-03 00:00:00, 0.3
2.0, 5.8, 90.0, 99.0, 1990-10-04 00:00:00, 15.7
8.0, 6.2, 320.0, 56.0, 1990-10-05 00:00:00, 7.4
3.0, 3.4, 90.0, 59.0, 1990-10-06 00:00:00, 0.0
3.0, 5.1, 320.0, 58.0, 1990-10-07 00:00:00, 0.0
0.0, 4.9, 0.0, 83.0, 1990-10-08 00:00:00, 0.8
2.0, 7.2, 140.0, 76.0, 1990-10-09 00:00:00, 0.0
9.0, 3.2, 90.0, 88.0, 1990-10-10 00:00:00, 4.6
4.0, 5.0, 320.0, 63.0, 1990-10-11 00:00:00, 0.3
2.0, 5.4, 140.0, 89.0, 1990-10-12 00:00:00, 2.2
8.0, 6.2, 180.0, 62.0, 1990-10-13 00:00:00, 3.3
2.0, 2.4, 270.0, 86.0, 1990-10-14 00:00:00, 0.5
2.0, 1.8, 0.0, 70.0, 1990-10-15 00:00:00, 0.0
1.0, 4.5, 90.0, 83.0, 1990-10-16 00:00:00, 2.0
3.0, 1.8, 270.0, 64.0, 1990-10-17 00:00:00, 0.0
2.0, 4.2, 0.0, 87.0, 1990-10-18 00:00:00, 0.2
2.0, 4.5, 0.0, 49.0, 1990-10-19 00:00:00, 0.7
4.0, 3.1, 180.0, 63.0, 1990-10-20 00:00:00, 0.0
1.0, 1.9, 140.0, 95.0, 1990-10-21 00:00:00, 2.2
5.0, 0.7, 90.0, 97.0, 1990-10-22 00:00:00, 0.2
2.0, 5.5, 230.0, 72.0, 1990-10-23 00:00:00, 2.2
2.0, 5.8, 230.0, 71.0, 1990-10-24 00:00:00, 0.0
4.0, 6.0, 90.0, 80.0, 1990-10-25 00:00:00, 0.0
0.0, 0.0, 0.0, 0.0, 1991-04-24 00:00:00, 0.0
5.0, 7.8, 140.0, 38.0, 1991-04-25 00:00:00, 5.8
3.0, 7.7, 320.0, 52.0, 1991-04-26 00:00:00, 0.0
8.0, 9.7, 320.0, 41.0, 1991-04-27 00:00:00, 0.0
11.0, 10.2, 320.0, 25.0, 1991-04-28 00:00:00, 0.0
6.0, 12.5, 320.0, 34.0, 1991-04-29 00:00:00, 0.0
6.0, 12.4, 270.0, 35.0, 1991-04-30 00:00:00, 0.0
8.0, 11.4, 320.0, 26.0, 1991-05-01 00:00:00, 0.0
5.0, 13.1, 320.0, 27.0, 1991-05-02 00:00:00, 0.0
7.0, 13.7, 270.0, 34.0, 1991-05-03 00:00:00, 0.0
4.0, 11.5, 320.0, 50.0, 1991-05-04 00:00:00, 0.0
7.0, 8.9, 90.0, 80.0, 1991-05-05 00:00:00, 1.8
4.0, 11.0, 180.0, 66.0, 1991-05-06 00:00:00, 0.3
2.0, 11.8, 50.0, 68.0, 1991-05-07 00:00:00, 0.0
2.0, 9.3, 0.0, 80.0, 1991-05-08 00:00:00, 0.0
1.0, 6.5, 230.0, 92.0, 1991-05-09 00:00:00, 18.5
5.0, 14.2, 320.0, 59.0, 1991-05-10 00:00:00, 0.8
5.0, 18.9, 320.0, 40.0, 1991-05-11 00:00:00, 0.0
0.0, 9.0, 230.0, 93.0, 1991-05-12 00:00:00, 2.3
5.0, 11.9, 0.0, 80.0, 1991-05-13 00:00:00, 12.2
5.0, 13.7, 320.0, 37.0, 1991-05-14 00:00:00, 0.0
4.0, 15.0, 230.0, 31.0, 1991-05-15 00:00:00, 0.0
3.0, 16.7, 320.0, 36.0, 1991-05-16 00:00:00, 0.0
4.0, 18.9, 230.0, 49.0, 1991-05-17 00:00:00, 0.0
3.0, 22.5, 140.0, 41.0, 1991-05-18 00:00:00, 0.0
5.0, 16.8, 320.0, 59.0, 1991-05-19 00:00:00, 0.0
3.0, 20.0, 0.0, 47.0, 1991-05-20 00:00:00, 0.0
2.0, 13.9, 140.0, 60.0, 1991-05-21 00:00:00, 1.0
5.0, 12.4, 140.0, 66.0, 1991-05-22 00:00:00, 1.8
5.0, 10.9, 320.0, 51.0, 1991-05-23 00:00:00, 0.8
1.0, 6.7, 270.0, 95.0, 1991-05-24 00:00:00, 4.8
6.0, 7.2, 90.0, 85.0, 1991-05-25 00:00:00, 4.6
2.0, 11.8, 140.0, 65.0, 1991-05-26 00:00:00, 10.2
5.0, 16.9, 50.0, 46.0, 1991-05-27 00:00:00, 0.0
7.0, 11.3, 90.0, 80.0, 1991-05-28 00:00:00, 1.8
4.0, 17.9, 90.0, 47.0, 1991-05-29 00:00:00, 3.0
4.0, 20.6, 180.0, 35.0, 1991-05-30 00:00:00, 0.0
5.0, 19.5, 230.0, 42.0, 1991-05-31 00:00:00, 0.0
5.0, 18.6, 140.0, 32.0, 1991-06-01 00:00:00, 0.0
1.0, 13.0, 270.0, 60.0, 1991-06-02 00:00:00, 0.0
2.0, 7.1, 90.0, 84.0, 1991-06-03 00:00:00, 1.3
5.0, 14.1, 230.0, 29.0, 1991-06-04 00:00:00, 0.3
4.0, 17.5, 180.0, 32.0, 1991-06-05 00:00:00, 0.0
3.0, 20.0, 180.0, 43.0, 1991-06-06 00:00:00, 0.0
1.0, 12.1, 270.0, 94.0, 1991-06-07 00:00:00, 1.0
4.0, 13.1, 140.0, 90.0, 1991-06-08 00:00:00, 16.0
4.0, 19.2, 320.0, 54.0, 1991-06-09 00:00:00, 0.8
1.0, 17.5, 230.0, 64.0, 1991-06-10 00:00:00, 0.0
1.0, 12.0, 270.0, 91.0, 1991-06-11 00:00:00, 4.1
5.0, 9.7, 270.0, 70.0, 1991-06-12 00:00:00, 4.1
1.0, 9.9, 140.0, 77.0, 1991-06-13 00:00:00, 0.3
4.0, 13.6, 320.0, 51.0, 1991-06-14 00:00:00, 0.8
3.0, 13.4, 140.0, 56.0, 1991-06-15 00:00:00, 0.3
3.0, 15.0, 270.0, 56.0, 1991-06-16 00:00:00, 0.0
1.0, 10.4, 270.0, 86.0, 1991-06-17 00:00:00, 4.8
6.0, 16.5, 320.0, 53.0, 1991-06-18 00:00:00, 0.0
2.0, 19.3, 320.0, 43.0, 1991-06-19 00:00:00, 0.0
1.0, 16.0, 320.0, 69.0, 1991-06-20 00:00:00, 0.0
5.0, 12.9, 320.0, 86.0, 1991-06-21 00:00:00, 0.3
4.0, 18.3, 180.0, 58.0, 1991-06-22 00:00:00, 1.5
1.0, 14.4, 230.0, 77.0, 1991-06-23 00:00:00, 6.1
2.0, 16.8, 320.0, 67.0, 1991-06-24 00:00:00, 0.8
5.0, 20.1, 180.0, 48.0, 1991-06-25 00:00:00, 0.0
3.0, 19.8, 230.0, 51.0, 1991-06-26 00:00:00, 0.3
0.0, 14.4, 270.0, 93.0, 1991-06-27 00:00:00, 5.1
3.0, 21.4, 320.0, 53.0, 1991-06-28 00:00:00, 2.8
4.0, 22.8, 180.0, 49.0, 1991-06-29 00:00:00, 0.0
0.0, 16.6, 320.0, 79.0, 1991-06-30 00:00:00, 0.3
3.0, 20.1, 90.0, 51.0, 1991-07-01 00:00:00, 0.3
3.0, 24.3, 230.0, 42.0, 1991-07-02 00:00:00, 0.0
7.0, 27.1, 320.0, 34.0, 1991-07-03 00:00:00, 0.0
4.0, 24.1, 180.0, 32.0, 1991-07-04 00:00:00, 0.0
3.0, 22.0, 140.0, 40.0, 1991-07-05 00:00:00, 0.0
1.0, 13.1, 140.0, 75.0, 1991-07-06 00:00:00, 4.1
2.0, 20.6, 180.0, 43.0, 1991-07-07 00:00:00, 0.0
5.0, 21.3, 90.0, 40.0, 1991-07-08 00:00:00, 0.0
3.0, 23.3, 320.0, 40.0, 1991-07-09 00:00:00, 0.0
5.0, 23.4, 320.0, 42.0, 1991-07-10 00:00:00, 0.0
3.0, 21.9, 230.0, 59.0, 1991-07-11 00:00:00, 0.0
0.0, 20.9, 0.0, 61.0, 1991-07-12 00:00:00, 0.0
2.0, 23.3, 320.0, 56.0, 1991-07-13 00:00:00, 0.0
4.0, 20.0, 230.0, 44.0, 1991-07-14 00:00:00, 9.9
0.0, 15.9, 0.0, 74.0, 1991-07-15 00:00:00, 0.0
2.0, 20.1, 230.0, 64.0, 1991-07-16 00:00:00, 1.3
5.0, 13.6, 140.0, 88.0, 1991-07-17 00:00:00, 4.3
5.0, 14.5, 320.0, 85.0, 1991-07-18 00:00:00, 4.6
2.0, 14.2, 270.0, 80.0, 1991-07-19 00:00:00, 3.8
1.0, 14.6, 180.0, 75.0, 1991-07-20 00:00:00, 1.0
6.0, 18.3, 180.0, 59.0, 1991-07-21 00:00:00, 1.5
4.0, 21.6, 230.0, 42.0, 1991-07-22 00:00:00, 0.0
1.0, 25.1, 230.0, 37.0, 1991-07-23 00:00:00, 0.0
2.0, 26.5, 270.0, 39.0, 1991-07-24 00:00:00, 0.0
0.0, 19.6, 0.0, 76.0, 1991-07-25 00:00:00, 0.0
2.0, 18.5, 230.0, 75.0, 1991-07-26 00:00:00, 10.4
1.0, 16.2, 140.0, 83.0, 1991-07-27 00:00:00, 1.3
4.0, 20.9, 320.0, 61.0, 1991-07-28 00:00:00, 1.3
1.0, 19.3, 90.0, 55.0, 1991-07-29 00:00:00, 0.0
4.0, 20.8, 320.0, 30.0, 1991-07-30 00:00:00, 0.0
5.0, 22.1, 320.0, 36.0, 1991-07-31 00:00:00, 0.0
