station_observations
wind_speed, temperature, wind_direction, relative_humidity, time, precipitation
0.0, 0.0, 0.0, 0.0, 1992-05-08 00:00:00, 0.0
12.0, 11.4, 180.0, 29.0, 1992-05-09 00:00:00, 1.2
11.0, 7.8, 140.0, 45.0, 1992-05-10 00:00:00, 2.5
11.0, 8.6, 180.0, 44.0, 1992-05-11 00:00:00, 0.0
1.0, 12.2, 230.0, 37.0, 1992-05-12 00:00:00, 0.2
1.0, 13.1, 140.0, 30.0, 1992-05-13 00:00:00, 0.0
12.0, 15.8, 180.0, 24.0, 1992-05-14 00:00:00, 0.0
9.0, 6.9, 0.0, 51.0, 1992-05-15 00:00:00, 6.6
11.0, 13.4, 180.0, 36.0, 1992-05-16 00:00:00, 0.0
12.0, 19.5, 180.0, 24.0, 1992-05-17 00:00:00, 0.0
16.0, 18.1, 140.0, 17.0, 1992-05-18 00:00:00, 0.0
14.0, 13.3, 140.0, 48.0, 1992-05-19 00:00:00, 0.0
3.0, 6.5, 140.0, 93.0, 1992-05-20 00:00:00, 1.5
14.0, 9.9, 180.0, 44.0, 1992-05-21 00:00:00, 2.0
3.0, 12.1, 140.0, 45.0, 1992-05-22 00:00:00, 0.5
3.0, 9.9, 320.0, 81.0, 1992-05-23 00:00:00, 1.0
4.0, 19.5, 0.0, 24.0, 1992-05-24 00:00:00, 0.0
8.0, 25.0, 320.0, 18.0, 1992-05-25 00:00:00, 0.0
16.0, 11.1, 140.0, 94.0, 1992-05-26 00:00:00, 9.6
9.0, 14.5, 140.0, 50.0, 1992-05-27 00:00:00, 5.3
3.0, 12.0, 0.0, 78.0, 1992-05-28 00:00:00, 2.2
1.0, 10.7, 50.0, 89.0, 1992-05-29 00:00:00, 6.0
1.0, 16.8, 90.0, 37.0, 1992-05-30 00:00:00, 3.3
4.0, 21.9, 320.0, 29.0, 1992-05-31 00:00:00, 0.0
11.0, 22.6, 180.0, 32.0, 1992-06-01 00:00:00, 0.0
2.0, 9.8, 270.0, 74.0, 1992-06-02 00:00:00, 8.3
16.0, 15.0, 180.0, 35.0, 1992-06-03 00:00:00, 1.2
9.0, 16.2, 180.0, 28.0, 1992-06-04 00:00:00, 0.0
5.0, 18.5, 230.0, 28.0, 1992-06-05 00:00:00, 0.0
13.0, 16.4, 180.0, 41.0, 1992-06-06 00:00:00, 0.0
12.0, 20.7, 180.0, 27.0, 1992-06-07 00:00:00, 0.0
9.0, 22.6, 140.0, 26.0, 1992-06-08 00:00:00, 0.0
9.0, 22.6, 180.0, 15.0, 1992-06-09 00:00:00, 0.0
4.0, 18.6, 180.0, 44.0, 1992-06-10 00:00:00, 2.5
4.0, 24.0, 180.0, 26.0, 1992-06-11 00:00:00, 0.0
13.0, 20.4, 320.0, 43.0, 1992-06-12 00:00:00, 0.0
13.0, 17.5, 0.0, 43.0, 1992-06-13 00:00:00, 0.0
10.0, 18.1, 0.0, 43.0, 1992-06-14 00:00:00, 0.0
3.0, 23.7, 320.0, 25.0, 1992-06-15 00:00:00, 0.0
7.0, 22.8, 90.0, 35.0, 1992-06-16 00:00:00, 0.0
16.0, 20.5, 320.0, 36.0, 1992-06-17 00:00:00, 0.0
13.0, 23.5, 320.0, 15.0, 1992-06-18 00:00:00, 0.0
10.0, 26.5, 230.0, 20.0, 1992-06-19 00:00:00, 0.0
19.0, 24.0, 270.0, 28.0, 1992-06-20 00:00:00, 0.0
0.0, 15.3, 0.0, 58.0, 1992-06-21 00:00:00, 0.0
14.0, 27.5, 270.0, 24.0, 1992-06-22 00:00:00, 0.0
13.0, 27.0, 230.0, 18.0, 1992-06-23 00:00:00, 0.0
11.0, 27.1, 50.0, 26.0, 1992-06-24 00:00:00, 0.0
8.0, 29.0, 50.0, 25.0, 1992-06-25 00:00:00, 0.0
15.0, 29.6, 230.0, 21.0, 1992-06-26 00:00:00, 0.0
5.0, 27.7, 270.0, 27.0, 1992-06-27 00:00:00, 0.0
6.0, 26.2, 90.0, 31.0, 1992-06-28 00:00:00, 0.0
18.0, 17.7, 90.0, 53.0, 1992-06-29 00:00:00, 0.0
4.0, 15.1, 230.0, 75.0, 1992-06-30 00:00:00, 9.6
4.0, 10.9, 230.0, 93.0, 1992-07-01 00:00:00, 7.3
4.0, 14.9, 230.0, 61.0, 1992-07-02 00:00:00, 6.6
1.0, 16.7, 140.0, 64.0, 1992-07-03 00:00:00, 7.6
9.0, 18.8, 230.0, 55.0, 1992-07-04 00:00:00, 0.2
0.0, 16.4, 50.0, 66.0, 1992-07-05 00:00:00, 1.5
3.0, 13.7, 50.0, 90.0, 1992-07-06 00:00:00, 10.6
3.0, 16.7, 180.0, 78.0, 1992-07-07 00:00:00, 10.4
5.0, 16.6, 50.0, 69.0, 1992-07-08 00:00:00, 6.0
9.0, 19.5, 50.0, 41.0, 1992-07-09 00:00:00, 3.8
5.0, 19.3, 320.0, 45.0, 1992-07-10 00:00:00, 3.5
11.0, 22.4, 230.0, 27.0, 1992-07-11 00:00:00, 0.0
1.0, 16.3, 90.0, 71.0, 1992-07-12 00:00:00, 0.2
4.0, 16.6, 230.0, 76.0, 1992-07-13 00:00:00, 7.6
6.0, 14.4, 270.0, 55.0, 1992-07-14 00:00:00, 16.2
8.0, 19.7, 230.0, 31.0, 1992-07-15 00:00:00, 0.0
14.0, 22.7, 230.0, 26.0, 1992-07-16 00:00:00, 0.0
7.0, 24.8, 230.0, 28.0, 1992-07-17 00:00:00, 0.0
9.0, 25.3, 50.0, 31.0, 1992-07-18 00:00:00, 0.0
19.0, 22.7, 50.0, 31.0, 1992-07-19 00:00:00, 0.0
11.0, 23.6, 230.0, 36.0, 1992-07-20 00:00:00, 0.0
14.0, 25.9, 230.0, 34.0, 1992-07-21 00:00:00, 0.0
4.0, 18.8, 50.0, 76.0, 1992-07-22 00:00:00, 4.5
11.0, 18.2, 230.0, 66.0, 1992-07-23 00:00:00, 0.0
4.0, 23.1, 270.0, 43.0, 1992-07-24 00:00:00, 0.0
3.0, 21.7, 230.0, 52.0, 1992-07-25 00:00:00, 1.5
14.0, 21.5, 230.0, 39.0, 1992-07-26 00:00:00, 4.0
4.0, 18.8, 0.0, 51.0, 1992-07-27 00:00:00, 1.0
8.0, 20.1, 270.0, 45.0, 1992-07-28 00:00:00, 0.0
11.0, 22.1, 230.0, 38.0, 1992-07-29 00:00:00, 2.0
6.0, 25.5, 0.0, 35.0, 1992-07-30 00:00:00, 0.0
8.0, 28.0, 270.0, 33.0, 1992-07-31 00:00:00, 0.0
9.0, 28.0, 230.0, 28.0, 1992-08-01 00:00:00, 0.0
13.0, 25.9, 230.0, 34.0, 1992-08-02 00:00:00, 0.0
8.0, 24.9, 270.0, 38.0, 1992-08-03 00:00:00, 1.5
10.0, 22.4, 230.0, 43.0, 1992-08-04 00:00:00, 0.0
1.0, 18.6, 50.0, 70.0, 1992-08-05 00:00:00, 0.2
9.0, 18.5, 230.0, 63.0, 1992-08-06 00:00:00, 0.0
5.0, 12.7, 90.0, 79.0, 1992-08-07 00:00:00, 7.3
14.0, 14.6, 230.0, 62.0, 1992-08-08 00:00:00, 2.0
8.0, 14.4, 50.0, 54.0, 1992-08-09 00:00:00, 0.5
9.0, 20.5, 230.0, 29.0, 1992-08-10 00:00:00, 0.0
9.0, 24.3, 230.0, 23.0, 1992-08-11 00:00:00, 0.0
4.0, 25.2, 270.0, 28.0, 1992-08-12 00:00:00, 0.0
10.0, 23.5, 230.0, 36.0, 1992-08-13 00:00:00, 0.0
3.0, 26.1, 230.0, 38.0, 1992-08-14 00:00:00, 0.0
14.0, 27.6, 230.0, 27.0, 1992-08-15 00:00:00, 0.0
14.0, 26.9, 230.0, 20.0, 1992-08-16 00:00:00, 0.0
7.0, 26.9, 230.0, 24.0, 1992-08-17 00:00:00, 0.0
15.0, 27.0, 230.0, 24.0, 1992-08-18 00:00:00, 0.0
22.0, 23.0, 270.0, 27.0, 1992-08-19 00:00:00, 2.0
3.0, 21.3, 180.0, 23.0, 1992-08-20 00:00:00, 0.0
27.0, 14.7, 50.0, 37.0, 1992-08-21 00:00:00, 0.0
19.0, 9.1, 50.0, 32.0, 1992-08-22 00:00:00, 0.0
3.0, 10.1, 230.0, 31.0, 1992-08-23 00:00:00, 0.0
10.0, 14.8, 230.0, 28.0, 1992-08-24 00:00:00, 0.0
2.0, 17.0, 270.0, 31.0, 1992-08-25 00:00:00, 0.0
1.0, 11.5, 140.0, 93.0, 1992-08-26 00:00:00, 0.2
14.0, 18.5, 230.0, 39.0, 1992-08-27 00:00:00, 12.1
3.0, 9.9, 230.0, 76.0, 1992-08-28 00:00:00, 6.0
8.0, 15.9, 180.0, 38.0, 1992-08-29 00:00:00, 0.0
3.0, 16.2, 230.0, 46.0, 1992-08-30 00:00:00, 0.0
5.0, 16.8, 50.0, 63.0, 1992-08-31 00:00:00, 0.2
3.0, 12.8, 50.0, 94.0, 1992-09-01 00:00:00, 4.8
5.0, 14.8, 140.0, 40.0, 1992-09-02 00:00:00, 0.0
3.0, 13.9, 90.0, 78.0, 1992-09-03 00:00:00, 2.5
6.0, 9.3, 50.0, 94.0, 1992-09-04 00:00:00, 19.3
11.0, 6.0, 50.0, 88.0, 1992-09-05 00:00:00, 3.5
1.0, 6.2, 230.0, 81.0, 1992-09-06 00:00:00, 0.7
9.0, 10.3, 90.0, 40.0, 1992-09-07 00:00:00, 0.0
9.0, 9.6, 230.0, 54.0, 1992-09-08 00:00:00, 4.8
1.0, 7.5, 270.0, 78.0, 1992-09-09 00:00:00, 0.5
8.0, 15.3, 230.0, 53.0, 1992-09-10 00:00:00, 0.0
8.0, 13.7, 230.0, 75.0, 1992-09-11 00:00:00, 0.5
7.0, 11.6, 230.0, 53.0, 1992-09-12 00:00:00, 7.6
4.0, 8.9, 0.0, 35.0, 1992-09-13 00:00:00, 0.0
1.0, 3.4, 180.0, 87.0, 1992-09-14 00:00:00, 1.2
8.0, 7.8, 90.0, 46.0, 1992-09-15 00:00:00, 2.7
5.0, 5.0, 230.0, 54.0, 1992-09-16 00:00:00, 0.0
7.0, 8.1, 230.0, 54.0, 1992-09-17 00:00:00, 3.0
15.0, 27.0, 230.0, 24.0, 1992-09-18 00:00:00, 0.0
5.0, 9.9, 230.0, 59.0, 1993-04-17 00:00:00, 0.0
9.0, 9.8, 230.0, 58.0, 1993-04-18 00:00:00, 0.0
4.0, 8.5, 140.0, 45.0, 1993-04-19 00:00:00, 1.5
2.0, 10.4, 180.0, 35.0, 1993-04-20 00:00:00, 0.0
4.0, 12.2, 50.0, 41.0, 1993-04-21 00:00:00, 0.0
6.0, 10.0, 230.0, 54.0, 1993-04-22 00:00:00, 0.0
1.0, 10.8, 0.0, 53.0, 1993-04-23 00:00:00, 0.0
0.0, 7.3, 0.0, 79.0, 1993-04-24 00:00:00, 2.5
10.0, 9.6, 180.0, 56.0, 1993-04-25 00:00:00, 0.7
15.0, 8.4, 180.0, 58.0, 1993-04-26 00:00:00, 7.3
1.0, 5.5, 0.0, 82.0, 1993-04-27 00:00:00, 0.5
1.0, 9.3, 230.0, 48.0, 1993-04-28 00:00:00, 0.2
13.0, 8.6, 230.0, 72.0, 1993-04-29 00:00:00, 0.2
11.0, 8.5, 0.0, 64.0, 1993-04-30 00:00:00, 0.2
7.0, 10.0, 230.0, 59.0, 1993-05-01 00:00:00, 0.2
12.0, 5.4, 180.0, 68.0, 1993-05-02 00:00:00, 10.6
3.0, 8.9, 140.0, 37.0, 1993-05-03 00:00:00, 1.0
3.0, 15.8, 0.0, 35.0, 1993-05-04 00:00:00, 0.0
4.0, 18.9, 230.0, 41.0, 1993-05-05 00:00:00, 0.0
0.0, 10.7, 0.0, 84.0, 1993-05-06 00:00:00, 0.2
14.0, 10.6, 180.0, 60.0, 1993-05-07 00:00:00, 4.3
17.0, 8.8, 180.0, 61.0, 1993-05-08 00:00:00, 0.5
11.0, 11.5, 180.0, 43.0, 1993-05-09 00:00:00, 0.7
2.0, 12.5, 0.0, 72.0, 1993-05-10 00:00:00, 0.7
2.0, 23.2, 180.0, 38.0, 1993-05-11 00:00:00, 0.0
0.0, 25.0, 0.0, 30.0, 1993-05-12 00:00:00, 0.0
9.0, 23.9, 0.0, 40.0, 1993-05-13 00:00:00, 0.0
6.0, 23.9, 0.0, 40.0, 1993-05-14 00:00:00, 0.0
0.0, 11.4, 0.0, 97.0, 1993-05-15 00:00:00, 3.5
0.0, 15.9, 0.0, 74.0, 1993-05-16 00:00:00, 7.1
0.0, 19.7, 0.0, 51.0, 1993-05-17 00:00:00, 4.3
1.0, 22.2, 0.0, 26.0, 1993-05-18 00:00:00, 2.2
2.0, 23.9, 230.0, 29.0, 1993-05-19 00:00:00, 0.0
