station_observations
wind_speed, temperature, wind_direction, relative_humidity, time, precipitation
0.0, 0.0, 0.0, 0.0, 1993-07-31 00:00:00, 0.0
8.0, 20.9, 0.0, 40.0, 1993-08-01 00:00:00, 0.0
4.0, 22.6, 0.0, 40.0, 1993-08-02 00:00:00, 0.0
10.0, 24.0, 0.0, 39.0, 1993-08-03 00:00:00, 0.0
6.0, 25.2, 0.0, 36.0, 1993-08-04 00:00:00, 0.0
7.0, 25.2, 0.0, 39.0, 1993-08-05 00:00:00, 0.0
8.0, 23.4, 0.0, 47.0, 1993-08-06 00:00:00, 0.0
3.0, 14.4, 0.0, 76.0, 1993-08-07 00:00:00, 0.2
4.0, 18.2, 0.0, 64.0, 1993-08-08 00:00:00, 0.0
3.0, 21.2, 0.0, 42.0, 1993-08-09 00:00:00, 0.0
9.0, 11.2, 230.0, 99.0, 1993-08-10 00:00:00, 7.1
18.0, 16.5, 230.0, 52.0, 1993-08-11 00:00:00, 0.2
5.0, 20.5, 140.0, 45.0, 1993-08-12 00:00:00, 0.0
14.0, 14.5, 320.0, 77.0, 1993-08-13 00:00:00, 0.0
8.0, 14.9, 230.0, 79.0, 1993-08-14 00:00:00, 0.0
11.0, 20.2, 180.0, 60.0, 1993-08-15 00:00:00, 0.0
10.0, 20.3, 230.0, 65.0, 1993-08-16 00:00:00, 0.0
9.0, 22.8, 180.0, 63.0, 1993-08-17 00:00:00, 0.0
7.0, 23.2, 140.0, 58.0, 1993-08-18 00:00:00, 0.0
4.0, 25.2, 140.0, 47.0, 1993-08-19 00:00:00, 0.0
6.0, 26.2, 180.0, 44.0, 1993-08-20 00:00:00, 0.0
5.0, 23.6, 140.0, 61.0, 1993-08-21 00:00:00, 1.5
7.0, 18.8, 180.0, 67.0, 1993-08-22 00:00:00, 0.0
11.0, 13.8, 180.0, 86.0, 1993-08-23 00:00:00, 1.5
10.0, 11.9, 270.0, 50.0, 1993-08-24 00:00:00, 0.7
18.0, 12.8, 230.0, 71.0, 1993-08-25 00:00:00, 0.0
9.0, 15.8, 230.0, 67.0, 1993-08-26 00:00:00, 0.0
5.0, 13.0, 90.0, 81.0, 1993-08-27 00:00:00, 0.0
13.0, 11.3, 230.0, 87.0, 1993-08-28 00:00:00, 0.2
16.0, 17.6, 230.0, 55.0, 1993-08-29 00:00:00, 0.0
9.0, 18.1, 90.0, 51.0, 1993-08-30 00:00:00, 0.0
9.0, 7.8, 90.0, 99.0, 1993-08-31 00:00:00, 0.2
14.0, 16.9, 230.0, 75.0, 1993-09-01 00:00:00, 0.0
11.0, 19.7, 90.0, 55.0, 1993-09-02 00:00:00, 0.0
8.0, 23.1, 140.0, 53.0, 1993-09-03 00:00:00, 0.0
7.0, 22.7, 180.0, 47.0, 1993-09-04 00:00:00, 0.0
8.0, 20.6, 140.0, 43.0, 1993-09-05 00:00:00, 0.0
8.0, 20.8, 180.0, 47.0, 1993-09-06 00:00:00, 0.0
5.0, 19.7, 180.0, 49.0, 1993-09-07 00:00:00, 0.0
13.0, 21.1, 230.0, 50.0, 1993-09-08 00:00:00, 0.0
9.0, 22.7, 140.0, 39.0, 1993-09-09 00:00:00, 0.0
16.0, 21.1, 180.0, 49.0, 1993-09-10 00:00:00, 0.0
12.0, 16.2, 270.0, 31.0, 1993-09-11 00:00:00, 0.0
18.0, 14.2, 230.0, 37.0, 1993-09-12 00:00:00, 0.0
5.0, 10.4, 230.0, 63.0, 1993-09-13 00:00:00, 0.0
6.0, 11.1, 140.0, 84.0, 1993-09-14 00:00:00, 0.0
18.0, 15.0, 230.0, 42.0, 1993-09-15 00:00:00, 0.0
12.0, 15.1, 180.0, 48.0, 1993-09-16 00:00:00, 0.0
0.0, 0.0, 0.0, 0.0, 1994-05-09 00:00:00, 0.0
5.0, 10.3, 270.0, 99.0, 1994-05-10 00:00:00, 1.0
13.0, 18.7, 140.0, 46.0, 1994-05-11 00:00:00, 0.0
13.0, 9.3, 320.0, 86.0, 1994-05-12 00:00:00, 3.0
0.0, 11.7, 0.0, 45.0, 1994-05-13 00:00:00, 3.0
7.0, 15.2, 230.0, 35.0, 1994-05-14 00:00:00, 0.0
10.0, 13.8, 270.0, 56.0, 1994-05-15 00:00:00, 0.0
0.0, 10.5, 0.0, 35.0, 1994-05-16 00:00:00, 5.0
0.0, 12.7, 0.0, 67.0, 1994-05-17 00:00:00, 0.0
11.0, 11.7, 320.0, 56.0, 1994-05-18 00:00:00, 0.8
0.0, 15.0, 0.0, 50.0, 1994-05-19 00:00:00, 0.0
14.0, 14.4, 270.0, 60.0, 1994-05-20 00:00:00, 0.5
6.0, 13.3, 180.0, 73.0, 1994-05-21 00:00:00, 1.5
8.0, 13.0, 320.0, 63.0, 1994-05-22 00:00:00, 0.8
7.0, 19.7, 230.0, 39.0, 1994-05-23 00:00:00, 0.0
1.0, 19.3, 270.0, 32.0, 1994-05-24 00:00:00, 0.0
15.0, 16.9, 140.0, 46.0, 1994-05-25 00:00:00, 0.0
10.0, 14.6, 140.0, 93.0, 1994-05-26 00:00:00, 1.3
0.0, 11.3, 0.0, 50.0, 1994-05-27 00:00:00, 1.0
0.0, 13.1, 0.0, 41.0, 1994-05-28 00:00:00, 0.0
0.0, 10.2, 0.0, 87.0, 1994-05-29 00:00:00, 4.1
0.0, 12.5, 0.0, 68.0, 1994-05-30 00:00:00, 5.3
0.0, 17.0, 140.0, 31.0, 1994-05-31 00:00:00, 0.0
12.0, 18.9, 320.0, 51.0, 1994-06-01 00:00:00, 0.0
13.0, 18.9, 270.0, 27.0, 1994-06-02 00:00:00, 0.0
8.0, 22.1, 180.0, 26.0, 1994-06-03 00:00:00, 0.0
13.0, 15.2, 90.0, 51.0, 1994-06-04 00:00:00, 0.0
0.0, 18.1, 0.0, 48.0, 1994-06-05 00:00:00, 5.3
11.0, 11.1, 140.0, 99.0, 1994-06-06 00:00:00, 1.8
0.0, 12.0, 0.0, 77.0, 1994-06-07 00:00:00, 29.2
0.0, 9.7, 0.0, 93.0, 1994-06-08 00:00:00, 3.3
0.0, 14.6, 0.0, 64.0, 1994-06-09 00:00:00, 0.0
0.0, 19.6, 0.0, 42.0, 1994-06-10 00:00:00, 0.0
0.0, 13.4, 0.0, 89.0, 1994-06-11 00:00:00, 0.0
0.0, 15.9, 0.0, 87.0, 1994-06-12 00:00:00, 2.0
0.0, 12.7, 0.0, 76.0, 1994-06-13 00:00:00, 5.3
0.0, 8.5, 0.0, 76.0, 1994-06-14 00:00:00, 0.3
0.0, 12.8, 0.0, 54.0, 1994-06-15 00:00:00, 0.0
0.0, 14.7, 0.0, 54.0, 1994-06-16 00:00:00, 0.8
0.0, 13.4, 0.0, 66.0, 1994-06-17 00:00:00, 0.3
0.0, 20.0, 0.0, 37.0, 1994-06-18 00:00:00, 0.0
0.0, 12.7, 0.0, 63.0, 1994-06-19 00:00:00, 1.5
0.0, 20.5, 0.0, 32.0, 1994-06-20 00:00:00, 0.0
0.0, 24.5, 0.0, 23.0, 1994-06-21 00:00:00, 0.0
8.0, 26.8, 230.0, 22.0, 1994-06-22 00:00:00, 0.0
13.0, 26.9, 270.0, 21.0, 1994-06-23 00:00:00, 0.0
15.0, 13.6, 320.0, 81.0, 1994-06-24 00:00:00, 2.0
7.0, 22.7, 230.0, 40.0, 1994-06-25 00:00:00, 0.0
0.0, 21.1, 0.0, 38.0, 1994-06-26 00:00:00, 0.0
0.0, 21.6, 0.0, 47.0, 1994-06-27 00:00:00, 0.0
0.0, 19.4, 0.0, 54.0, 1994-06-28 00:00:00, 0.0
0.0, 14.5, 0.0, 82.0, 1994-06-29 00:00:00, 3.8
0.0, 15.6, 0.0, 68.0, 1994-06-30 00:00:00, 0.0
0.0, 15.6, 0.0, 94.0, 1994-07-01 00:00:00, 2.5
0.0, 14.7, 0.0, 71.0, 1994-07-02 00:00:00, 6.3
0.0, 9.7, 0.0, 94.0, 1994-07-03 00:00:00, 0.5
0.0, 11.2, 0.0, 99.0, 1994-07-04 00:00:00, 1.5
0.0, 17.7, 0.0, 53.0, 1994-07-05 00:00:00, 0.0
0.0, 17.4, 0.0, 58.0, 1994-07-06 00:00:00, 0.0
0.0, 22.5, 0.0, 41.0, 1994-07-07 00:00:00, 0.0
12.0, 25.7, 140.0, 23.0, 1994-07-08 00:00:00, 0.0
14.0, 22.1, 270.0, 29.0, 1994-07-09 00:00:00, 0.0
12.0, 23.0, 270.0, 22.0, 1994-07-10 00:00:00, 0.0
0.0, 19.0, 0.0, 43.0, 1994-07-11 00:00:00, 0.0
15.0, 22.2, 270.0, 29.0, 1994-07-12 00:00:00, 0.0
8.0, 23.2, 270.0, 29.0, 1994-07-13 00:00:00, 0.0
17.0, 26.5, 270.0, 26.0, 1994-07-14 00:00:00, 0.0
3.0, 19.3, 320.0, 53.0, 1994-07-15 00:00:00, 0.0
10.0, 25.0, 140.0, 36.0, 1994-07-16 00:00:00, 0.0
4.0, 21.3, 320.0, 52.0, 1994-07-17 00:00:00, 0.0
0.0, 18.1, 0.0, 58.0, 1994-07-18 00:00:00, 2.0
0.0, 22.6, 0.0, 35.0, 1994-07-19 00:00:00, 0.0
0.0, 27.1, 0.0, 28.0, 1994-07-20 00:00:00, 0.0
7.0, 30.0, 230.0, 26.0, 1994-07-21 00:00:00, 0.0
11.0, 28.5, 270.0, 26.0, 1994-07-22 00:00:00, 0.0
6.0, 30.1, 230.0, 18.0, 1994-07-23 00:00:00, 0.0
2.0, 25.6, 230.0, 29.0, 1994-07-24 00:00:00, 0.0
14.0, 24.9, 140.0, 49.0, 1994-07-25 00:00:00, 0.0
14.0, 28.9, 140.0, 37.0, 1994-07-26 00:00:00, 0.0
17.0, 26.2, 270.0, 38.0, 1994-07-27 00:00:00, 0.0
9.0, 28.5, 230.0, 22.0, 1994-07-28 00:00:00, 0.0
15.0, 27.4, 140.0, 25.0, 1994-07-29 00:00:00, 0.0
15.0, 25.4, 270.0, 35.0, 1994-07-30 00:00:00, 0.0
0.0, 24.7, 270.0, 30.0, 1994-07-31 00:00:00, 0.0
7.0, 25.6, 230.0, 33.0, 1994-08-01 00:00:00, 0.0
7.0, 28.0, 230.0, 25.0, 1994-08-02 00:00:00, 0.0
5.0, 27.1, 270.0, 37.0, 1994-08-03 00:00:00, 0.0
8.0, 23.7, 230.0, 60.0, 1994-08-04 00:00:00, 1.0
8.0, 25.1, 140.0, 39.0, 1994-08-05 00:00:00, 0.5
0.0, 17.1, 0.0, 66.0, 1994-08-06 00:00:00, 3.0
0.0, 18.3, 0.0, 58.0, 1994-08-07 00:00:00, 2.0
0.0, 14.7, 0.0, 96.0, 1994-08-08 00:00:00, 1.0
0.0, 12.2, 0.0, 98.0, 1994-08-09 00:00:00, 17.8
5.0, 17.8, 230.0, 68.0, 1994-08-10 00:00:00, 0.0
0.0, 20.3, 0.0, 54.0, 1994-08-11 00:00:00, 0.0
10.0, 23.4, 270.0, 41.0, 1994-08-12 00:00:00, 0.0
13.0, 25.4, 140.0, 34.0, 1994-08-13 00:00:00, 0.0
10.0, 27.7, 180.0, 23.0, 1994-08-14 00:00:00, 0.0
0.0, 21.5, 0.0, 49.0, 1994-08-15 00:00:00, 0.0
0.0, 20.7, 0.0, 50.0, 1994-08-16 00:00:00, 0.0
0.0, 16.4, 0.0, 76.0, 1994-08-17 00:00:00, 0.0
8.0, 21.6, 230.0, 45.0, 1994-08-18 00:00:00, 0.0
6.0, 24.3, 230.0, 38.0, 1994-08-19 00:00:00, 0.0
7.0, 26.0, 270.0, 34.0, 1994-08-20 00:00:00, 0.0
0.0, 17.7, 0.0, 59.0, 1994-08-21 00:00:00, 0.0
0.0, 13.8, 0.0, 90.0, 1994-08-22 00:00:00, 0.0
0.0, 12.3, 0.0, 90.0, 1994-08-23 00:00:00, 0.5
0.0, 15.5, 0.0, 71.0, 1994-08-24 00:00:00, 22.1
0.0, 16.8, 0.0, 53.0, 1994-08-25 00:00:00, 0.0
0.0, 11.9, 0.0, 94.0, 1994-08-26 00:00:00, 0.5
0.0, 13.9, 0.0, 71.0, 1994-08-27 00:00:00, 0.3
0.0, 19.9, 0.0, 44.0, 1994-08-28 00:00:00, 0.0
0.0, 20.3, 0.0, 54.0, 1994-08-29 00:00:00, 0.0
0.0, 19.8, 0.0, 49.0, 1994-08-30 00:00:00, 1.8
0.0, 20.3, 0.0, 42.0, 1994-08-31 00:00:00, 0.0
0.0, 15.8, 0.0, 46.0, 1994-09-01 00:00:00, 0.0
0.0, 14.7, 0.0, 77.0, 1994-09-02 00:00:00, 2.3
0.0, 10.9, 0.0, 99.0, 1994-09-03 00:00:00, 8.4
0.0, 16.4, 0.0, 49.0, 1994-09-04 00:00:00, 0.3
0.0, 17.3, 0.0, 43.0, 1994-09-05 00:00:00, 0.0
0.0, 19.7, 0.0, 45.0, 1994-09-06 00:00:00, 0.0
0.0, 19.4, 0.0, 42.0, 1994-09-07 00:00:00, 0.0
0.0, 20.6, 0.0, 47.0, 1994-09-08 00:00:00, 0.0
0.0, 12.3, 0.0, 94.0, 1994-09-09 00:00:00, 9.4
0.0, 11.3, 0.0, 78.0, 1994-09-10 00:00:00, 1.8
0.0, 12.1, 0.0, 74.0, 1994-09-11 00:00:00, 0.5
0.0, 10.3, 0.0, 84.0, 1994-09-12 00:00:00, 0.0
0.0, 16.2, 0.0, 48.0, 1994-09-13 00:00:00, 0.0
0.0, 14.0, 0.0, 89.0, 1994-09-14 00:00:00, 0.5
0.0, 16.0, 0.0, 78.0, 1994-09-15 00:00:00, 0.3
0.0, 20.2, 0.0, 52.0, 1994-09-16 00:00:00, 0.0
0.0, 21.2, 0.0, 49.0, 1994-09-17 00:00:00, 0.0
0.0, 20.2, 0.0, 54.0, 1994-09-18 00:00:00, 0.0
0.0, 20.4, 0.0, 47.0, 1994-09-19 00:00:00, 0.0
0.0, 16.1, 0.0, 51.0, 1994-09-20 00:00:00, 0.0
0.0, 16.6, 0.0, 28.0, 1994-09-21 00:00:00, 0.0
0.0, 19.0, 0.0, 36.0, 1994-09-22 00:00:00, 0.0
0.0, 17.9, 0.0, 50.0, 1994-09-23 00:00:00, 0.0
0.0, 21.0, 0.0, 45.0, 1994-09-24 00:00:00, 0.0
0.0, 19.9, 0.0, 43.0, 1994-09-25 00:00:00, 0.0
0.0, 17.2, 0.0, 36.0, 1994-09-26 00:00:00, 0.0
0.0, 19.5, 0.0, 33.0, 1994-09-27 00:00:00, 0.0
0.0, 15.1, 0.0, 51.0, 1994-09-28 00:00:00, 0.0
0.0, 10.3, 0.0, 93.0, 1994-09-29 00:00:00, 2.0
0.0, 12.2, 0.0, 99.0, 1994-09-30 00:00:00, 6.3
0.0, 9.6, 0.0, 99.0, 1994-10-01 00:00:00, 9.4
17.0, 9.0, 270.0, 42.0, 1994-10-02 00:00:00, 0.5
0.0, 10.5, 0.0, 50.0, 1994-10-03 00:00:00, 0.0
0.0, 12.4, 0.0, 52.0, 1994-10-04 00:00:00, 0.0
0.0, 11.7, 0.0, 69.0, 1994-10-05 00:00:00, 0.0
0.0, 9.0, 0.0, 73.0, 1994-10-06 00:00:00, 0.0
0.0, 11.8, 0.0, 51.0, 1994-10-07 00:00:00, 0.0
0.0, 11.7, 0.0, 40.0, 1994-10-08 00:00:00, 0.0
0.0, 10.4, 0.0, 51.0, 1994-10-09 00:00:00, 0.0
0.0, 8.5, 0.0, 70.0, 1994-10-10 00:00:00, 13.2
0.0, 8.6, 0.0, 71.0, 1994-10-11 00:00:00, 0.0
0.0, 9.5, 0.0, 76.0, 1994-10-12 00:00:00, 0.0
0.0, 7.2, 0.0, 65.0, 1994-10-13 00:00:00, 0.0
6.0, 15.9, 230.0, 48.0, 1995-05-16 00:00:00, 0.0
0.0, 9.0, 0.0, 96.0, 1995-05-17 00:00:00, 7.8
0.0, 12.4, 0.0, 40.0, 1995-05-18 00:00:00, 0.0
14.0, 14.3, 270.0, 35.0, 1995-05-19 00:00:00, 0.0
0.0, 6.9, 0.0, 73.0, 1995-05-20 00:00:00, 0.0
0.0, 13.5, 0.0, 39.0, 1995-05-21 00:00:00, 0.5
10.0, 18.4, 270.0, 32.0, 1995-05-22 00:00:00, 0.0
14.0, 20.8, 270.0, 29.0, 1995-05-23 00:00:00, 0.0
9.0, 21.5, 230.0, 31.0, 1995-05-24 00:00:00, 0.0
0.0, 16.2, 0.0, 39.0, 1995-05-25 00:00:00, 2.2
11.0, 17.4, 270.0, 28.0, 1995-05-26 00:00:00, 0.0
9.0, 21.6, 270.0, 26.0, 1995-05-27 00:00:00, 0.0
6.0, 24.3, 230.0, 27.0, 1995-05-28 00:00:00, 0.0
10.0, 25.5, 140.0, 28.0, 1995-05-29 00:00:00, 0.5
8.0, 24.9, 230.0, 21.0, 1995-05-30 00:00:00, 0.3
12.0, 22.1, 320.0, 33.0, 1995-05-31 00:00:00, 0.0
12.0, 23.8, 270.0, 34.0, 1995-06-01 00:00:00, 0.3
16.0, 22.4, 270.0, 39.0, 1995-06-02 00:00:00, 0.5
14.0, 22.8, 270.0, 44.0, 1995-06-03 00:00:00, 0.3
0.0, 21.8, 0.0, 46.0, 1995-06-04 00:00:00, 0.0
0.0, 14.2, 0.0, 82.0, 1995-06-05 00:00:00, 0.8
0.0, 0.0, 0.0, 0.0, 1998-08-21 00:00:00, 0.0
9.0, 22.4, 225.0, 44.0, 1998-08-22 00:00:00, 0.5
10.0, 16.6, 270.0, 84.0, 1998-08-23 00:00:00, 0.8
8.0, 20.5, 180.0, 44.0, 1998-08-24 00:00:00, 0.5
13.0, 17.3, 225.0, 63.0, 1998-08-25 00:00:00, 0.0
12.0, 18.1, 225.0, 50.0, 1998-08-26 00:00:00, 5.3
1.0, 15.6, 225.0, 80.0, 1998-08-27 00:00:00, 0.0
5.0, 22.6, 180.0, 46.0, 1998-08-28 00:00:00, 0.0
4.0, 24.9, 180.0, 36.0, 1998-08-29 00:00:00, 0.0
10.0, 24.7, 270.0, 35.0, 1998-08-30 00:00:00, 0.0
10.0, 24.2, 225.0, 33.0, 1998-08-31 00:00:00, 0.0
9.0, 24.8, 135.0, 32.0, 1998-09-01 00:00:00, 0.0
2.0, 24.9, 270.0, 33.0, 1998-09-02 00:00:00, 0.0
6.0, 27.0, 180.0, 33.0, 1998-09-03 00:00:00, 0.0
16.0, 21.3, 270.0, 36.0, 1998-09-04 00:00:00, 0.0
14.0, 21.2, 225.0, 36.0, 1998-09-05 00:00:00, 0.0
4.0, 25.7, 180.0, 30.0, 1998-09-06 00:00:00, 0.0
8.0, 25.6, 180.0, 26.0, 1998-09-07 00:00:00, 0.0
9.0, 15.8, 270.0, 57.0, 1998-09-08 00:00:00, 0.0
17.0, 17.9, 270.0, 49.0, 1998-09-09 00:00:00, 0.25
12.0, 18.4, 225.0, 37.0, 1998-09-10 00:00:00, 0.0
2.0, 16.0, 225.0, 68.0, 1998-09-11 00:00:00, 0.0
3.0, 18.6, 135.0, 53.0, 1998-09-12 00:00:00, 0.0
13.0, 18.1, 270.0, 52.0, 1998-09-13 00:00:00, 0.0
5.0, 16.4, 225.0, 56.0, 1998-09-14 00:00:00, 0.0
10.0, 17.9, 270.0, 39.0, 1998-09-15 00:00:00, 0.0
11.0, 19.3, 225.0, 42.0, 1998-09-16 00:00:00, 0.0
19.0, 17.6, 90.0, 49.0, 1998-09-17 00:00:00, 0.0
2.0, 10.3, 135.0, 96.0, 1998-09-18 00:00:00, 12.95
14.0, 11.6, 315.0, 76.0, 1998-09-19 00:00:00, 0.25
6.0, 15.8, 225.0, 65.0, 1998-09-20 00:00:00, 0.0
11.0, 14.9, 225.0, 64.0, 1998-09-21 00:00:00, 0.0
10.0, 16.3, 225.0, 51.0, 1998-09-22 00:00:00, 0.0
9.0, 18.5, 135.0, 51.0, 1998-09-23 00:00:00, 0.0
13.0, 15.5, 225.0, 65.0, 1998-09-24 00:00:00, 0.0
8.0, 12.3, 225.0, 70.0, 1998-09-25 00:00:00, 1.02
8.0, 13.5, 225.0, 51.0, 1998-09-26 00:00:00, 0.0
13.0, 15.3, 135.0, 49.0, 1998-09-27 00:00:00, 0.0
14.0, 16.0, 225.0, 60.0, 1998-09-28 00:00:00, 0.0
9.0, 11.9, 270.0, 58.0, 1998-09-29 00:00:00, 0.0
9.0, 14.7, 180.0, 48.0, 1998-09-30 00:00:00, 0.0
16.0, 14.2, 90.0, 52.0, 1998-10-01 00:00:00, 0.0
11.0, 9.4, 90.0, 96.0, 1998-10-02 00:00:00, 1.52
7.0, 8.3, 135.0, 68.0, 1998-10-03 00:00:00, 7.11
4.0, 8.9, 135.0, 67.0, 1998-10-04 00:00:00, 0.25
6.0, 7.8, 135.0, 81.0, 1998-10-05 00:00:00, 0.25
13.0, 13.9, 135.0, 58.0, 1998-10-06 00:00:00, 0.0
19.0, 11.1, 90.0, 77.0, 1998-10-07 00:00:00, 0.0
15.0, 10.7, 90.0, 90.0, 1998-10-08 00:00:00, 0.0
5.0, 9.5, 180.0, 70.0, 1998-10-09 00:00:00, 0.3
3.0, 7.8, 225.0, 85.0, 1998-10-10 00:00:00, 1.0
14.0, 9.5, 135.0, 63.0, 1998-10-11 00:00:00, 0.3
16.0, 5.1, 135.0, 86.0, 1998-10-12 00:00:00, 0.0
5.0, 6.0, 270.0, 98.0, 1998-10-13 00:00:00, 9.9
3.0, 9.0, 270.0, 89.0, 1998-10-14 00:00:00, 6.6
11.0, 6.5, 270.0, 82.0, 1998-10-15 00:00:00, 2.8
3.0, 7.0, 135.0, 76.0, 1998-10-16 00:00:00, 0.0
15.0, 2.7, 90.0, 98.0, 1998-10-17 00:00:00, 1.8
2.0, 4.3, 270.0, 76.0, 1998-10-18 00:00:00, 5.8
5.0, 6.3, 270.0, 65.0, 1998-10-19 00:00:00, 0.0
10.0, 7.8, 180.0, 78.0, 1998-10-20 00:00:00, 0.0
0.0, 0.0, 0.0, 0.0, 1999-05-14 00:00:00, 0.0
12.0, 12.9, 270.0, 36.0, 1999-05-15 00:00:00, 0.8
19.0, 7.1, 270.0, 70.0, 1999-05-16 00:00:00, 0.0
10.0, 9.4, 270.0, 65.0, 1999-05-17 00:00:00, 9.4
10.0, 10.4, 225.0, 89.0, 1999-05-18 00:00:00, 4.3
13.0, 11.7, 225.0, 61.0, 1999-05-19 00:00:00, 0.0
7.0, 13.3, 180.0, 49.0, 1999-05-20 00:00:00, 0.0
16.0, 14.0, 270.0, 45.0, 1999-05-21 00:00:00, 0.3
12.0, 15.8, 225.0, 42.0, 1999-05-22 00:00:00, 0.0
8.0, 21.5, 180.0, 36.0, 1999-05-23 00:00:00, 0.0
18.0, 23.0, 135.0, 29.0, 1999-05-24 00:00:00, 0.0
12.0, 22.4, 225.0, 29.0, 1999-05-25 00:00:00, 0.0
10.0, 14.9, 270.0, 28.0, 1999-05-26 00:00:00, 0.0
12.0, 19.2, 180.0, 29.0, 1999-05-27 00:00:00, 0.0
19.0, 13.4, 225.0, 34.0, 1999-05-28 00:00:00, 1.8
17.0, 15.1, 225.0, 28.0, 1999-05-29 00:00:00, 0.0
12.0, 14.2, 135.0, 36.0, 1999-05-30 00:00:00, 0.0
11.0, 10.3, 270.0, 88.0, 1999-05-31 00:00:00, 4.6
19.0, 7.4, 270.0, 87.0, 1999-06-01 00:00:00, 3.0
10.0, 13.0, 225.0, 66.0, 1999-06-02 00:00:00, 7.9
14.0, 19.7, 270.0, 31.0, 1999-06-03 00:00:00, 0.0
12.0, 17.8, 270.0, 28.0, 1999-06-04 00:00:00, 0.0
3.0, 12.5, 90.0, 86.0, 1999-06-05 00:00:00, 3.05
15.0, 9.8, 270.0, 60.0, 1999-06-06 00:00:00, 0.25
7.0, 13.4, 270.0, 36.0, 1999-06-07 00:00:00, 0.0
14.0, 12.4, 225.0, 49.0, 1999-06-08 00:00:00, 0.0
14.0, 11.7, 270.0, 66.0, 1999-06-09 00:00:00, 3.6
7.0, 9.4, 225.0, 96.0, 1999-06-10 00:00:00, 9.7
15.0, 16.3, 225.0, 49.0, 1999-06-11 00:00:00, 0.0
7.0, 20.1, 180.0, 33.0, 1999-06-12 00:00:00, 0.0
4.0, 18.3, 135.0, 45.0, 1999-06-13 00:00:00, 0.0
6.0, 24.6, 225.0, 35.0, 1999-06-14 00:00:00, 0.0
14.0, 26.0, 135.0, 36.0, 1999-06-15 00:00:00, 0.0
14.0, 23.8, 135.0, 42.0, 1999-06-16 00:00:00, 0.0
9.0, 24.0, 180.0, 47.0, 1999-06-17 00:00:00, 0.0
12.0, 18.4, 270.0, 74.0, 1999-06-18 00:00:00, 1.8
7.0, 13.6, 270.0, 70.0, 1999-06-19 00:00:00, 2.8
6.0, 15.8, 225.0, 57.0, 1999-06-20 00:00:00, 0.0
11.0, 13.7, 270.0, 85.0, 1999-06-21 00:00:00, 0.8
12.0, 14.5, 270.0, 50.0, 1999-06-22 00:00:00, 0.8
14.0, 17.5, 270.0, 42.0, 1999-06-23 00:00:00, 0.0
1.0, 14.2, 135.0, 65.0, 1999-06-24 00:00:00, 0.0
8.0, 14.6, 270.0, 69.0, 1999-06-25 00:00:00, 2.8
12.0, 11.6, 90.0, 89.0, 1999-06-26 00:00:00, 7.9
11.0, 13.2, 270.0, 79.0, 1999-06-27 00:00:00, 1.5
7.0, 13.4, 180.0, 77.0, 1999-06-28 00:00:00, 2.3
11.0, 13.6, 270.0, 75.0, 1999-06-29 00:00:00, 1.3
14.0, 15.3, 270.0, 67.0, 1999-06-30 00:00:00, 0.5
14.0, 12.1, 270.0, 75.0, 1999-07-01 00:00:00, 1.0
4.0, 9.7, 225.0, 99.0, 1999-07-02 00:00:00, 12.5
14.0, 5.0, 90.0, 100.0, 1999-07-03 00:00:00, 35.1
7.0, 16.4, 225.0, 62.0, 1999-07-04 00:00:00, 0.0
12.0, 13.0, 135.0, 80.0, 1999-07-05 00:00:00, 2.03
10.0, 17.6, 225.0, 68.0, 1999-07-06 00:00:00, 3.05
9.0, 14.9, 315.0, 65.0, 1999-07-07 00:00:00, 0.0
11.0, 13.0, 270.0, 91.0, 1999-07-08 00:00:00, 1.8
6.0, 20.9, 180.0, 56.0, 1999-07-09 00:00:00, 0.0
8.0, 23.9, 180.0, 44.0, 1999-07-10 00:00:00, 0.0
6.0, 26.4, 225.0, 39.0, 1999-07-11 00:00:00, 0.0
17.0, 24.6, 225.0, 36.0, 1999-07-12 00:00:00, 0.0
10.0, 21.1, 270.0, 43.0, 1999-07-13 00:00:00, 0.0
4.0, 11.9, 0.0, 93.0, 1999-07-14 00:00:00, 6.3
6.0, 11.6, 180.0, 65.0, 1999-07-15 00:00:00, 5.6
15.0, 15.2, 135.0, 45.0, 1999-07-16 00:00:00, 0.0
7.0, 20.6, 180.0, 38.0, 1999-07-17 00:00:00, 0.0
11.0, 22.2, 225.0, 34.0, 1999-07-18 00:00:00, 0.0
9.0, 19.8, 135.0, 50.0, 1999-07-19 00:00:00, 0.0
10.0, 21.2, 90.0, 45.0, 1999-07-20 00:00:00, 0.0
8.0, 24.4, 135.0, 36.0, 1999-07-21 00:00:00, 0.0
7.0, 17.7, 270.0, 75.0, 1999-07-22 00:00:00, 0.0
7.0, 19.3, 270.0, 64.0, 1999-07-23 00:00:00, 0.5
6.0, 12.1, 270.0, 96.0, 1999-07-24 00:00:00, 5.8
11.0, 15.1, 225.0, 65.0, 1999-07-25 00:00:00, 2.0
6.0, 17.0, 225.0, 62.0, 1999-07-26 00:00:00, 0.0
10.0, 24.3, 90.0, 46.0, 1999-07-27 00:00:00, 0.0
9.0, 27.1, 225.0, 33.0, 1999-07-28 00:00:00, 8.9
14.0, 18.3, 225.0, 49.0, 1999-07-29 00:00:00, 0.0
15.0, 16.8, 135.0, 72.0, 1999-07-30 00:00:00, 4.3
12.0, 20.3, 225.0, 41.0, 1999-07-31 00:00:00, 0.0
14.0, 12.5, 90.0, 87.0, 1999-08-01 00:00:00, 0.0
5.0, 23.1, 225.0, 54.0, 1999-08-02 00:00:00, 0.3
4.0, 27.0, 180.0, 37.0, 1999-08-03 00:00:00, 0.0
1.0, 22.6, 180.0, 55.0, 1999-08-04 00:00:00, 0.0
11.0, 25.2, 270.0, 53.0, 1999-08-05 00:00:00, 0.0
12.0, 26.1, 225.0, 48.0, 1999-08-06 00:00:00, 0.0
6.0, 22.2, 135.0, 67.0, 1999-08-07 00:00:00, 6.3
12.0, 23.8, 180.0, 59.0, 1999-08-08 00:00:00, 3.3
4.0, 16.8, 270.0, 94.0, 1999-08-09 00:00:00, 0.5
8.0, 18.9, 225.0, 83.0, 1999-08-10 00:00:00, 11.9
9.0, 20.7, 225.0, 66.0, 1999-08-11 00:00:00, 0.0
9.0, 16.3, 135.0, 88.0, 1999-08-12 00:00:00, 3.3
1.0, 16.8, 225.0, 93.0, 1999-08-13 00:00:00, 4.8
13.0, 16.2, 135.0, 84.0, 1999-08-14 00:00:00, 0.0
1.0, 13.6, 90.0, 88.0, 1999-08-15 00:00:00, 15.0
8.0, 15.1, 270.0, 82.0, 1999-08-16 00:00:00, 2.0
14.0, 17.7, 135.0, 66.0, 1999-08-17 00:00:00, 0.0
18.0, 21.7, 90.0, 55.0, 1999-08-18 00:00:00, 0.0
10.0, 21.2, 135.0, 65.0, 1999-08-19 00:00:00, 4.3
12.0, 23.5, 90.0, 57.0, 1999-08-20 00:00:00, 0.0
3.0, 17.3, 180.0, 79.0, 1999-08-21 00:00:00, 0.8
9.0, 20.3, 225.0, 46.0, 1999-08-22 00:00:00, 0.8
18.0, 21.7, 90.0, 44.0, 1999-08-23 00:00:00, 0.0
11.0, 25.1, 135.0, 43.0, 1999-08-24 00:00:00, 0.0
8.0, 12.6, 315.0, 96.0, 1999-08-25 00:00:00, 27.4
2.0, 13.7, 270.0, 94.0, 1999-08-26 00:00:00, 3.3
5.0, 20.1, 225.0, 66.0, 1999-08-27 00:00:00, 0.0
6.0, 20.6, 135.0, 60.0, 1999-08-28 00:00:00, 0.0
8.0, 17.3, 90.0, 91.0, 1999-08-29 00:00:00, 0.0
15.0, 7.9, 315.0, 98.0, 1999-08-30 00:00:00, 0.0
6.0, 7.5, 270.0, 99.0, 1999-08-31 00:00:00, 0.0
3.0, 11.5, 180.0, 78.0, 1999-09-01 00:00:00, 0.0
13.0, 13.0, 270.0, 70.0, 1999-09-02 00:00:00, 0.0
7.0, 15.1, 180.0, 65.0, 1999-09-03 00:00:00, 0.0
9.0, 11.9, 90.0, 71.0, 1999-09-04 00:00:00, 0.0
6.0, 9.9, 90.0, 100.0, 1999-09-05 00:00:00, 0.0
12.0, 13.2, 225.0, 92.0, 1999-09-06 00:00:00, 0.0
14.0, 14.0, 270.0, 62.0, 1999-09-07 00:00:00, 0.0
8.0, 14.4, 135.0, 66.0, 1999-09-08 00:00:00, 0.0
12.0, 15.8, 135.0, 63.0, 1999-09-09 00:00:00, 0.0
12.0, 11.6, 270.0, 76.0, 1999-09-10 00:00:00, 0.0
12.0, 12.5, 270.0, 62.0, 1999-09-11 00:00:00, 0.0
10.0, 13.8, 225.0, 66.0, 1999-09-12 00:00:00, 0.0
7.0, 16.0, 225.0, 65.0, 1999-09-13 00:00:00, 0.0
6.0, 16.8, 180.0, 62.0, 1999-09-14 00:00:00, 0.0
7.0, 17.5, 180.0, 61.0, 1999-09-15 00:00:00, 0.0
10.0, 17.3, 225.0, 63.0, 1999-09-16 00:00:00, 0.0
13.0, 16.0, 270.0, 61.0, 1999-09-17 00:00:00, 0.0
14.0, 16.3, 270.0, 55.0, 1999-09-18 00:00:00, 0.0
14.0, 15.7, 90.0, 51.0, 1999-09-19 00:00:00, 0.0
6.0, 18.6, 180.0, 60.0, 1999-09-20 00:00:00, 0.0
8.0, 18.5, 135.0, 66.0, 1999-09-21 00:00:00, 0.0
4.0, 19.0, 180.0, 67.0, 1999-09-22 00:00:00, 0.0
