station_observations
wind_speed, temperature, wind_direction, relative_humidity, time, precipitation
0.0, 0.0, 0.0, 0.0, 1993-06-01 00:00:00, 0.0
2.0, 12.3, 0.0, 99.0, 1993-06-02 00:00:00, 5.5
12.0, 17.1, 320.0, 45.0, 1993-06-03 00:00:00, 0.0
2.0, 16.6, 320.0, 44.0, 1993-06-04 00:00:00, 0.2
17.0, 18.2, 0.0, 33.0, 1993-06-05 00:00:00, 0.0
16.0, 20.2, 0.0, 30.0, 1993-06-06 00:00:00, 0.0
13.0, 19.1, 180.0, 43.0, 1993-06-07 00:00:00, 0.0
17.0, 15.0, 180.0, 56.0, 1993-06-08 00:00:00, 0.2
12.0, 11.7, 180.0, 60.0, 1993-06-09 00:00:00, 2.0
6.0, 11.0, 180.0, 46.0, 1993-06-10 00:00:00, 3.3
11.0, 13.3, 320.0, 52.0, 1993-06-11 00:00:00, 0.5
2.0, 10.7, 90.0, 83.0, 1993-06-12 00:00:00, 9.1
14.0, 14.9, 230.0, 56.0, 1993-06-13 00:00:00, 12.9
14.0, 17.3, 0.0, 46.0, 1993-06-14 00:00:00, 0.0
0.0, 13.1, 270.0, 74.0, 1993-06-15 00:00:00, 0.7
12.0, 14.1, 320.0, 67.0, 1993-06-16 00:00:00, 2.0
15.0, 18.2, 180.0, 46.0, 1993-06-17 00:00:00, 2.5
7.0, 18.9, 180.0, 49.0, 1993-06-18 00:00:00, 1.0
10.0, 19.8, 320.0, 37.0, 1993-06-19 00:00:00, 0.0
13.0, 22.0, 320.0, 33.0, 1993-06-20 00:00:00, 0.0
6.0, 16.2, 320.0, 73.0, 1993-06-21 00:00:00, 0.2
17.0, 9.4, 320.0, 54.0, 1993-06-22 00:00:00, 0.1
8.0, 5.6, 320.0, 75.0, 1993-06-23 00:00:00, 2.7
13.0, 12.7, 320.0, 56.0, 1993-06-24 00:00:00, 1.2
12.0, 15.2, 320.0, 62.0, 1993-06-25 00:00:00, 0.0
0.0, 19.9, 320.0, 46.0, 1993-06-26 00:00:00, 0.2
7.0, 12.3, 320.0, 71.0, 1993-06-27 00:00:00, 16.2
7.0, 15.7, 320.0, 41.0, 1993-06-28 00:00:00, 0.2
8.0, 13.5, 320.0, 51.0, 1993-06-29 00:00:00, 0.0
20.0, 15.9, 320.0, 46.0, 1993-06-30 00:00:00, 0.0
9.0, 14.3, 320.0, 56.0, 1993-07-01 00:00:00, 1.2
7.0, 17.5, 320.0, 45.0, 1993-07-02 00:00:00, 0.0
11.0, 12.7, 320.0, 80.0, 1993-07-03 00:00:00, 6.6
7.0, 15.1, 320.0, 69.0, 1993-07-04 00:00:00, 3.5
12.0, 16.8, 320.0, 48.0, 1993-07-05 00:00:00, 1.7
11.0, 15.8, 320.0, 57.0, 1993-07-06 00:00:00, 0.7
1.0, 16.6, 320.0, 60.0, 1993-07-07 00:00:00, 6.0
16.0, 13.3, 320.0, 68.0, 1993-07-08 00:00:00, 0.2
10.0, 11.6, 320.0, 76.0, 1993-07-09 00:00:00, 7.8
2.0, 12.1, 320.0, 77.0, 1993-07-10 00:00:00, 0.5
10.0, 9.6, 320.0, 91.0, 1993-07-11 00:00:00, 7.8
13.0, 11.8, 320.0, 76.0, 1993-07-12 00:00:00, 17.5
12.0, 13.2, 320.0, 62.0, 1993-07-13 00:00:00, 5.3
12.0, 17.3, 320.0, 46.0, 1993-07-14 00:00:00, 0.0
2.0, 11.0, 270.0, 75.0, 1993-07-15 00:00:00, 0.2
9.0, 13.1, 320.0, 77.0, 1993-07-16 00:00:00, 3.8
4.0, 14.3, 320.0, 62.0, 1993-07-17 00:00:00, 0.5
8.0, 14.9, 320.0, 70.0, 1993-07-18 00:00:00, 1.7
11.0, 19.3, 320.0, 54.0, 1993-07-19 00:00:00, 0.2
6.0, 12.2, 320.0, 96.0, 1993-07-20 00:00:00, 2.7
9.0, 12.7, 230.0, 71.0, 1993-07-21 00:00:00, 5.8
7.0, 16.2, 180.0, 59.0, 1993-07-22 00:00:00, 0.0
10.0, 16.3, 320.0, 75.0, 1993-07-23 00:00:00, 0.0
0.0, 15.6, 270.0, 64.0, 1993-07-24 00:00:00, 1.2
0.0, 13.2, 320.0, 92.0, 1993-07-25 00:00:00, 13.7
1.0, 14.5, 320.0, 76.0, 1993-07-26 00:00:00, 1.5
4.0, 20.7, 270.0, 46.0, 1993-07-27 00:00:00, 0.0
15.0, 21.1, 320.0, 62.0, 1993-07-28 00:00:00, 0.0
18.0, 18.9, 230.0, 50.0, 1993-07-29 00:00:00, 4.0
10.0, 11.1, 180.0, 62.0, 1993-07-30 00:00:00, 9.9
10.0, 16.4, 180.0, 44.0, 1993-07-31 00:00:00, 0.0
11.0, 19.6, 180.0, 36.0, 1993-08-01 00:00:00, 0.0
7.0, 17.5, 320.0, 45.0, 1993-08-02 00:00:00, 0.0
4.0, 24.1, 140.0, 40.0, 1993-08-03 00:00:00, 0.0
3.0, 23.0, 50.0, 39.0, 1993-08-04 00:00:00, 0.0
5.0, 25.3, 230.0, 42.0, 1993-08-05 00:00:00, 0.0
4.0, 24.1, 90.0, 43.0, 1993-08-06 00:00:00, 0.0
10.0, 17.4, 320.0, 60.0, 1993-08-07 00:00:00, 1.0
2.0, 19.6, 320.0, 45.0, 1993-08-08 00:00:00, 0.2
11.0, 21.8, 140.0, 23.0, 1993-08-09 00:00:00, 0.0
7.0, 15.0, 230.0, 55.0, 1993-08-10 00:00:00, 0.0
9.0, 15.5, 180.0, 41.0, 1993-08-11 00:00:00, 4.3
11.0, 19.5, 320.0, 40.0, 1993-08-12 00:00:00, 0.0
7.0, 21.6, 180.0, 36.0, 1993-08-13 00:00:00, 0.0
11.0, 16.5, 320.0, 58.0, 1993-08-14 00:00:00, 0.5
9.0, 16.4, 0.0, 68.0, 1993-08-15 00:00:00, 0.0
0.0, 16.2, 320.0, 78.0, 1993-08-16 00:00:00, 3.3
10.0, 16.2, 0.0, 85.0, 1993-08-17 00:00:00, 1.2
14.0, 20.5, 0.0, 65.0, 1993-08-18 00:00:00, 1.7
14.0, 23.1, 0.0, 44.0, 1993-08-19 00:00:00, 0.0
12.0, 24.7, 320.0, 39.0, 1993-08-20 00:00:00, 0.0
5.0, 22.6, 270.0, 42.0, 1993-08-21 00:00:00, 0.0
3.0, 19.7, 140.0, 47.0, 1993-08-22 00:00:00, 1.7
8.0, 12.8, 140.0, 83.0, 1993-08-23 00:00:00, 9.3
18.0, 9.6, 180.0, 59.0, 1993-08-24 00:00:00, 1.5
3.0, 10.4, 320.0, 70.0, 1993-08-25 00:00:00, 1.2
6.0, 13.1, 230.0, 59.0, 1993-08-26 00:00:00, 0.2
13.0, 10.4, 180.0, 78.0, 1993-08-27 00:00:00, 3.3
3.0, 7.8, 0.0, 99.0, 1993-08-28 00:00:00, 3.3
1.0, 11.7, 270.0, 74.0, 1993-08-29 00:00:00, 1.5
7.0, 16.0, 180.0, 46.0, 1993-08-30 00:00:00, 0.7
8.0, 9.2, 0.0, 99.0, 1993-08-31 00:00:00, 1.7
8.0, 16.8, 0.0, 61.0, 1993-09-01 00:00:00, 0.5
10.0, 20.5, 180.0, 44.0, 1993-09-02 00:00:00, 0.0
7.0, 21.1, 180.0, 44.0, 1993-09-03 00:00:00, 0.0
14.0, 19.2, 0.0, 42.0, 1993-09-04 00:00:00, 0.0
12.0, 18.4, 0.0, 45.0, 1993-09-05 00:00:00, 0.0
7.0, 20.0, 320.0, 36.0, 1993-09-06 00:00:00, 0.0
11.0, 22.3, 180.0, 30.0, 1993-09-07 00:00:00, 0.0
11.0, 24.8, 180.0, 22.0, 1993-09-08 00:00:00, 0.0
14.0, 20.2, 0.0, 42.0, 1993-09-09 00:00:00, 0.0
9.0, 23.5, 180.0, 35.0, 1993-09-10 00:00:00, 0.0
3.0, 11.4, 320.0, 75.0, 1993-09-11 00:00:00, 3.8
5.0, 10.4, 0.0, 43.0, 1993-09-12 00:00:00, 0.5
4.0, 9.4, 0.0, 60.0, 1993-09-13 00:00:00, 0.0
0.0, 7.3, 0.0, 94.0, 1993-09-14 00:00:00, 5.0
5.0, 10.9, 0.0, 52.0, 1993-09-15 00:00:00, 3.8
8.0, 12.2, 0.0, 52.0, 1993-09-16 00:00:00, 0.0
3.0, 14.6, 140.0, 39.0, 1993-09-17 00:00:00, 0.0
11.0, 16.2, 180.0, 34.0, 1993-09-18 00:00:00, 0.2
4.0, 7.0, 140.0, 99.0, 1993-09-19 00:00:00, 4.3
15.0, 5.0, 0.0, 99.0, 1993-09-20 00:00:00, 6.3
14.0, 10.4, 180.0, 44.0, 1993-09-21 00:00:00, 0.0
11.0, 12.7, 0.0, 47.0, 1993-09-22 00:00:00, 0.0
9.0, 14.2, 0.0, 45.0, 1993-09-23 00:00:00, 0.0
6.0, 13.7, 180.0, 36.0, 1993-09-24 00:00:00, 0.0
11.0, 14.0, 180.0, 38.0, 1993-09-25 00:00:00, 0.0
15.0, 16.2, 0.0, 43.0, 1993-09-26 00:00:00, 0.0
12.0, 19.7, 140.0, 34.0, 1993-09-27 00:00:00, 0.0
10.0, 18.3, 320.0, 33.0, 1993-09-28 00:00:00, 0.0
12.0, 19.4, 180.0, 35.0, 1993-09-29 00:00:00, 0.0
12.0, 15.1, 180.0, 35.0, 1993-09-30 00:00:00, 0.0
12.0, 17.4, 180.0, 32.0, 1993-10-01 00:00:00, 0.0
10.0, 17.6, 0.0, 40.0, 1993-10-02 00:00:00, 0.0
10.0, 18.2, 0.0, 42.0, 1993-10-03 00:00:00, 0.0
5.0, 18.4, 320.0, 46.0, 1993-10-04 00:00:00, 0.0
12.0, 19.5, 180.0, 32.0, 1993-10-05 00:00:00, 0.0
1.0, 8.9, 320.0, 99.0, 1993-10-06 00:00:00, 4.8
6.0, 11.1, 320.0, 69.0, 1993-10-07 00:00:00, 16.7
1.0, 13.1, 320.0, 40.0, 1993-10-08 00:00:00, 0.2
9.0, 13.7, 0.0, 37.0, 1993-10-09 00:00:00, 0.0
9.0, 11.6, 0.0, 50.0, 1993-10-10 00:00:00, 0.2
6.0, 12.2, 320.0, 46.0, 1993-10-11 00:00:00, 0.0
5.0, 11.6, 0.0, 49.0, 1993-10-12 00:00:00, 0.0
5.0, 8.9, 0.0, 83.0, 1993-10-13 00:00:00, 0.5
8.0, 7.9, 0.0, 94.0, 1993-10-14 00:00:00, 1.2
2.0, 5.9, 320.0, 94.0, 1993-10-15 00:00:00, 10.6
7.0, 7.7, 180.0, 73.0, 1993-10-16 00:00:00, 0.0
11.0, 7.9, 180.0, 54.0, 1993-10-17 00:00:00, 0.0
8.0, 8.6, 230.0, 52.0, 1993-10-18 00:00:00, 0.0
5.0, 3.9, 180.0, 53.0, 1993-10-19 00:00:00, 7.6
9.0, 3.7, 0.0, 47.0, 1993-10-20 00:00:00, 0.0
14.0, 10.4, 180.0, 44.0, 1993-10-21 00:00:00, 0.0
0.0, 0.0, 0.0, 0.0, 1994-07-14 00:00:00, 0.0
1.0, 21.9, 140.0, 45.0, 1994-07-15 00:00:00, 0.0
3.0, 22.1, 180.0, 44.0, 1994-07-16 00:00:00, 1.5
9.0, 23.7, 0.0, 34.0, 1994-07-17 00:00:00, 0.0
11.0, 17.2, 50.0, 53.0, 1994-07-18 00:00:00, 1.0
12.0, 21.3, 0.0, 37.0, 1994-07-19 00:00:00, 0.2
8.0, 26.4, 0.0, 28.0, 1994-07-20 00:00:00, 0.0
6.0, 28.4, 0.0, 27.0, 1994-07-21 00:00:00, 0.0
15.0, 27.1, 180.0, 35.0, 1994-07-22 00:00:00, 0.0
13.0, 30.6, 180.0, 30.0, 1994-07-23 00:00:00, 0.0
4.0, 28.1, 180.0, 32.0, 1994-07-24 00:00:00, 0.0
11.0, 27.1, 0.0, 40.0, 1994-07-25 00:00:00, 0.0
6.0, 27.6, 0.0, 27.0, 1994-07-26 00:00:00, 0.0
10.0, 26.9, 0.0, 28.0, 1994-07-27 00:00:00, 0.0
9.0, 28.1, 0.0, 21.0, 1994-07-28 00:00:00, 0.0
6.0, 29.0, 0.0, 17.0, 1994-07-29 00:00:00, 0.0
5.0, 28.4, 50.0, 18.0, 1994-07-30 00:00:00, 0.0
10.0, 25.2, 50.0, 25.0, 1994-07-31 00:00:00, 0.0
3.0, 27.7, 0.0, 17.0, 1994-08-01 00:00:00, 0.0
12.0, 29.7, 140.0, 50.0, 1994-08-02 00:00:00, 0.0
14.0, 29.2, 180.0, 28.0, 1994-08-03 00:00:00, 0.0
2.0, 23.9, 140.0, 49.0, 1994-08-04 00:00:00, 13.4
9.0, 24.7, 0.0, 36.0, 1994-08-05 00:00:00, 0.5
7.0, 19.7, 0.0, 43.0, 1994-08-06 00:00:00, 1.5
12.0, 19.0, 180.0, 58.0, 1994-08-07 00:00:00, 0.2
8.0, 22.8, 0.0, 39.0, 1994-08-08 00:00:00, 2.8
3.0, 9.6, 270.0, 95.0, 1994-08-09 00:00:00, 4.8
6.0, 18.4, 180.0, 47.0, 1994-08-10 00:00:00, 0.0
15.0, 23.2, 0.0, 74.0, 1994-08-11 00:00:00, 0.2
4.0, 25.1, 230.0, 26.0, 1994-08-12 00:00:00, 0.0
7.0, 27.2, 0.0, 29.0, 1994-08-13 00:00:00, 0.0
10.0, 29.1, 0.0, 12.0, 1994-08-14 00:00:00, 0.0
8.0, 23.1, 0.0, 32.0, 1994-08-15 00:00:00, 0.0
17.0, 21.7, 180.0, 40.0, 1994-08-16 00:00:00, 0.0
12.0, 13.4, 180.0, 86.0, 1994-08-17 00:00:00, 7.0
11.0, 21.1, 230.0, 35.0, 1994-08-18 00:00:00, 0.0
12.0, 24.7, 180.0, 27.0, 1994-08-19 00:00:00, 0.0
11.0, 25.3, 0.0, 25.0, 1994-08-20 00:00:00, 0.0
4.0, 19.7, 0.0, 28.0, 1994-08-21 00:00:00, 0.0
9.0, 11.3, 0.0, 82.0, 1994-08-22 00:00:00, 12.0
2.0, 12.5, 0.0, 69.0, 1994-08-23 00:00:00, 2.5
6.0, 16.0, 180.0, 48.0, 1994-08-24 00:00:00, 0.3
1.0, 15.2, 180.0, 51.0, 1994-08-25 00:00:00, 0.4
2.0, 3.5, 320.0, 99.0, 1994-08-26 00:00:00, 23.6
10.0, 15.5, 180.0, 56.0, 1994-08-27 00:00:00, 0.0
8.0, 19.0, 180.0, 42.0, 1994-08-28 00:00:00, 0.0
9.0, 17.8, 50.0, 46.0, 1994-08-29 00:00:00, 0.5
9.0, 12.9, 180.0, 90.0, 1994-08-30 00:00:00, 3.7
8.0, 14.9, 180.0, 69.0, 1994-08-31 00:00:00, 1.0
8.0, 13.5, 180.0, 60.0, 1994-09-01 00:00:00, 0.0
8.0, 12.0, 0.0, 92.0, 1994-09-02 00:00:00, 16.0
10.0, 11.1, 50.0, 70.0, 1994-09-03 00:00:00, 6.0
9.0, 14.2, 50.0, 54.0, 1994-09-04 00:00:00, 1.0
9.0, 16.7, 180.0, 45.0, 1994-09-05 00:00:00, 0.0
9.0, 19.3, 180.0, 42.0, 1994-09-06 00:00:00, 0.0
10.0, 20.7, 0.0, 31.0, 1994-09-07 00:00:00, 0.0
7.0, 19.6, 0.0, 28.0, 1994-09-08 00:00:00, 0.0
3.0, 8.2, 320.0, 93.0, 1994-09-09 00:00:00, 1.7
10.0, 8.2, 180.0, 89.0, 1994-09-10 00:00:00, 0.0
7.0, 10.9, 180.0, 66.0, 1994-09-11 00:00:00, 0.0
0.0, 13.5, 0.0, 42.0, 1994-09-12 00:00:00, 0.0
1.0, 16.5, 180.0, 45.0, 1994-09-13 00:00:00, 0.0
10.0, 13.5, 0.0, 54.0, 1994-09-14 00:00:00, 0.0
8.0, 15.3, 50.0, 50.0, 1994-09-15 00:00:00, 0.0
7.0, 19.4, 180.0, 46.0, 1994-09-16 00:00:00, 0.0
4.0, 21.3, 180.0, 42.0, 1994-09-17 00:00:00, 0.0
2.0, 22.3, 180.0, 25.0, 1994-09-18 00:00:00, 0.0
7.0, 20.9, 180.0, 32.0, 1994-09-19 00:00:00, 0.0
10.0, 20.0, 0.0, 29.0, 1994-09-20 00:00:00, 0.0
4.0, 19.2, 0.0, 28.0, 1994-09-21 00:00:00, 0.0
11.0, 18.4, 180.0, 36.0, 1994-09-22 00:00:00, 0.0
1.0, 18.6, 180.0, 39.0, 1994-09-23 00:00:00, 0.0
3.0, 22.6, 140.0, 25.0, 1994-09-24 00:00:00, 0.0
12.0, 23.8, 0.0, 13.0, 1994-09-25 00:00:00, 0.0
10.0, 20.2, 0.0, 26.0, 1994-09-26 00:00:00, 0.0
14.0, 21.4, 0.0, 33.0, 1994-09-27 00:00:00, 0.2
9.0, 21.3, 0.0, 30.0, 1994-09-28 00:00:00, 0.0
11.0, 19.6, 0.0, 37.0, 1994-09-29 00:00:00, 0.0
8.0, 15.6, 0.0, 48.0, 1994-09-30 00:00:00, 0.0
7.0, 10.5, 0.0, 79.0, 1994-10-01 00:00:00, 6.0
14.0, 8.3, 180.0, 43.0, 1994-10-02 00:00:00, 0.0
15.0, 10.5, 180.0, 47.0, 1994-10-03 00:00:00, 0.0
4.0, 12.6, 140.0, 42.0, 1994-10-04 00:00:00, 0.0
4.0, 14.2, 140.0, 44.0, 1994-10-05 00:00:00, 0.0
4.0, 13.0, 140.0, 39.0, 1994-10-06 00:00:00, 0.0
13.0, 11.9, 0.0, 31.0, 1994-10-07 00:00:00, 0.0
11.0, 10.6, 180.0, 37.0, 1994-10-08 00:00:00, 0.0
2.0, 11.6, 180.0, 43.0, 1994-10-09 00:00:00, 0.0
8.0, 9.3, 180.0, 72.0, 1994-10-10 00:00:00, 1.5
8.0, 7.7, 180.0, 87.0, 1994-10-11 00:00:00, 8.0
3.0, 9.8, 50.0, 55.0, 1994-10-12 00:00:00, 0.2
6.0, 6.9, 180.0, 62.0, 1994-10-13 00:00:00, 0.0
0.0, 3.1, 0.0, 97.0, 1994-10-14 00:00:00, 1.7
5.0, 8.5, 180.0, 57.0, 1994-10-15 00:00:00, 4.3
0.0, 9.4, 0.0, 51.0, 1994-10-16 00:00:00, 0.2
3.0, 4.7, 180.0, 79.0, 1994-10-17 00:00:00, 0.0
0.0, 0.0, 0.0, 0.0, 1995-06-05 00:00:00, 0.0
4.0, 3.6, 180.0, 88.0, 1995-06-06 00:00:00, 0.0
2.0, 4.6, 140.0, 89.0, 1995-06-07 00:00:00, 0.0
0.0, 6.6, 0.0, 91.0, 1995-06-08 00:00:00, 0.0
0.0, 13.6, 0.0, 60.0, 1995-06-09 00:00:00, 0.0
3.0, 13.6, 50.0, 60.0, 1995-06-10 00:00:00, 0.0
10.0, 15.0, 0.0, 56.0, 1995-06-11 00:00:00, 0.5
9.0, 19.3, 0.0, 51.0, 1995-06-12 00:00:00, 0.5
6.0, 21.2, 270.0, 44.0, 1995-06-13 00:00:00, 3.5
6.0, 21.2, 230.0, 40.0, 1995-06-14 00:00:00, 0.0
2.0, 12.8, 320.0, 77.0, 1995-06-15 00:00:00, 5.0
9.0, 14.3, 0.0, 62.0, 1995-06-16 00:00:00, 0.0
4.0, 12.8, 180.0, 79.0, 1995-06-17 00:00:00, 3.8
3.0, 10.8, 0.0, 80.0, 1995-06-18 00:00:00, 0.2
8.0, 14.7, 0.0, 66.0, 1995-06-19 00:00:00, 0.5
9.0, 8.5, 0.0, 96.0, 1995-06-20 00:00:00, 4.8
8.0, 11.0, 0.0, 91.0, 1995-06-21 00:00:00, 2.0
7.0, 18.0, 0.0, 54.0, 1995-06-22 00:00:00, 0.7
14.0, 19.0, 180.0, 52.0, 1995-06-23 00:00:00, 0.2
4.0, 19.7, 180.0, 49.0, 1995-06-24 00:00:00, 0.0
8.0, 19.3, 230.0, 50.0, 1995-06-25 00:00:00, 0.5
9.0, 15.8, 0.0, 51.0, 1995-06-26 00:00:00, 0.0
5.0, 15.4, 0.0, 36.0, 1995-06-27 00:00:00, 0.0
8.0, 19.6, 0.0, 36.0, 1995-06-28 00:00:00, 0.0
9.0, 19.2, 0.0, 50.0, 1995-06-29 00:00:00, 0.0
9.0, 19.3, 0.0, 49.0, 1995-06-30 00:00:00, 0.0
7.0, 16.5, 0.0, 69.0, 1995-07-01 00:00:00, 0.2
4.0, 13.9, 180.0, 75.0, 1995-07-02 00:00:00, 0.5
0.0, 12.3, 0.0, 92.0, 1995-07-03 00:00:00, 13.4
0.0, 12.6, 0.0, 86.0, 1995-07-04 00:00:00, 3.8
6.0, 15.4, 230.0, 50.0, 1995-07-05 00:00:00, 0.2
6.0, 17.4, 50.0, 59.0, 1995-07-06 00:00:00, 2.0
0.0, 12.7, 0.0, 92.0, 1995-07-07 00:00:00, 2.0
0.0, 15.8, 0.0, 80.0, 1995-07-08 00:00:00, 2.5
7.0, 16.7, 0.0, 80.0, 1995-07-09 00:00:00, 1.0
16.0, 14.7, 180.0, 63.0, 1995-07-10 00:00:00, 0.7
4.0, 9.6, 180.0, 94.0, 1995-07-11 00:00:00, 4.8
2.0, 17.0, 270.0, 50.0, 1995-07-12 00:00:00, 1.5
1.0, 19.6, 90.0, 36.0, 1995-07-13 00:00:00, 0.0
7.0, 16.1, 180.0, 69.0, 1995-07-14 00:00:00, 0.7
13.0, 18.8, 180.0, 39.0, 1995-07-15 00:00:00, 0.0
8.0, 20.4, 180.0, 35.0, 1995-07-16 00:00:00, 0.0
5.0, 22.6, 0.0, 35.0, 1995-07-17 00:00:00, 0.0
7.0, 22.1, 180.0, 31.0, 1995-07-18 00:00:00, 0.0
3.0, 24.0, 270.0, 34.0, 1995-07-19 00:00:00, 0.0
0.0, 14.7, 50.0, 66.0, 1995-07-20 00:00:00, 0.0
7.0, 15.4, 0.0, 85.0, 1995-07-21 00:00:00, 9.1
7.0, 18.0, 0.0, 77.0, 1995-07-22 00:00:00, 1.0
4.0, 16.8, 320.0, 56.0, 1995-07-23 00:00:00, 0.0
4.0, 18.7, 0.0, 55.0, 1995-07-24 00:00:00, 1.5
8.0, 16.2, 270.0, 68.0, 1995-07-25 00:00:00, 0.0
6.0, 14.0, 180.0, 87.0, 1995-07-26 00:00:00, 5.5
6.0, 11.1, 180.0, 72.0, 1995-07-27 00:00:00, 3.5
3.0, 14.1, 0.0, 51.0, 1995-07-28 00:00:00, 0.5
11.0, 12.4, 180.0, 44.0, 1995-07-29 00:00:00, 4.5
14.0, 16.1, 180.0, 43.0, 1995-07-30 00:00:00, 0.0
4.0, 14.6, 230.0, 51.0, 1995-07-31 00:00:00, 0.0
7.0, 16.7, 230.0, 71.0, 1995-08-01 00:00:00, 4.8
11.0, 17.8, 180.0, 44.0, 1995-08-02 00:00:00, 1.0
3.0, 16.4, 50.0, 60.0, 1995-08-03 00:00:00, 0.0
6.0, 22.7, 180.0, 45.0, 1995-08-04 00:00:00, 0.0
6.0, 20.4, 230.0, 46.0, 1995-08-05 00:00:00, 0.0
0.0, 9.4, 50.0, 96.0, 1995-08-06 00:00:00, 25.3
0.0, 10.2, 320.0, 97.0, 1995-08-07 00:00:00, 14.4
9.0, 12.0, 270.0, 67.0, 1995-08-08 00:00:00, 6.6
10.0, 16.0, 230.0, 48.0, 1995-08-09 00:00:00, 0.0
13.0, 11.5, 0.0, 54.0, 1995-08-10 00:00:00, 0.0
2.0, 12.4, 140.0, 94.0, 1995-08-11 00:00:00, 14.2
10.0, 11.9, 180.0, 76.0, 1995-08-12 00:00:00, 10.6
13.0, 14.0, 230.0, 53.0, 1995-08-13 00:00:00, 0.0
0.0, 11.4, 0.0, 80.0, 1995-08-14 00:00:00, 0.2
6.0, 8.7, 180.0, 94.0, 1995-08-15 00:00:00, 3.3
5.0, 11.9, 0.0, 83.0, 1995-08-16 00:00:00, 8.6
9.0, 11.8, 0.0, 79.0, 1995-08-17 00:00:00, 0.5
13.0, 10.9, 230.0, 67.0, 1995-08-18 00:00:00, 5.5
5.0, 11.2, 230.0, 79.0, 1995-08-19 00:00:00, 3.8
7.0, 15.1, 0.0, 75.0, 1995-08-20 00:00:00, 0.7
8.0, 17.3, 0.0, 57.0, 1995-08-21 00:00:00, 0.0
6.0, 18.1, 230.0, 39.0, 1995-08-22 00:00:00, 0.7
6.0, 21.3, 230.0, 28.0, 1995-08-23 00:00:00, 0.0
5.0, 13.1, 180.0, 47.0, 1995-08-24 00:00:00, 3.8
1.0, 15.9, 140.0, 68.0, 1995-08-25 00:00:00, 0.2
2.0, 15.0, 180.0, 53.0, 1995-08-26 00:00:00, 0.0
0.0, 14.2, 0.0, 55.0, 1995-08-27 00:00:00, 1.7
4.0, 18.6, 50.0, 41.0, 1995-08-28 00:00:00, 0.0
10.0, 10.2, 0.0, 89.0, 1995-08-29 00:00:00, 0.0
4.0, 13.3, 270.0, 63.0, 1995-08-30 00:00:00, 0.0
6.0, 17.2, 180.0, 40.0, 1995-08-31 00:00:00, 0.2
6.0, 19.8, 50.0, 36.0, 1995-09-01 00:00:00, 0.0
1.0, 22.1, 270.0, 36.0, 1995-09-02 00:00:00, 0.0
2.0, 22.6, 50.0, 29.0, 1995-09-03 00:00:00, 0.0
1.0, 22.3, 0.0, 31.0, 1995-09-04 00:00:00, 0.0
0.0, 14.2, 270.0, 91.0, 1995-09-05 00:00:00, 18.2
1.0, 12.6, 0.0, 90.0, 1995-09-06 00:00:00, 9.9
0.0, 16.2, 180.0, 67.0, 1995-09-07 00:00:00, 0.0
8.0, 18.2, 0.0, 47.0, 1995-09-08 00:00:00, 0.0
2.0, 19.1, 0.0, 48.0, 1995-09-09 00:00:00, 0.0
0.0, 20.3, 0.0, 47.0, 1995-09-10 00:00:00, 0.0
7.0, 19.6, 180.0, 42.0, 1995-09-11 00:00:00, 0.0
9.0, 21.1, 180.0, 35.0, 1995-09-12 00:00:00, 0.0
6.0, 18.8, 0.0, 49.0, 1995-09-13 00:00:00, 0.0
3.0, 19.7, 0.0, 44.0, 1995-09-14 00:00:00, 0.0
9.0, 18.0, 0.0, 47.0, 1995-09-15 00:00:00, 0.0
6.0, 17.1, 0.0, 51.0, 1995-09-16 00:00:00, 0.0
7.0, 18.0, 0.0, 47.0, 1995-09-17 00:00:00, 0.0
18.0, 10.5, 0.0, 61.0, 1995-09-18 00:00:00, 0.0
2.0, 11.3, 50.0, 55.0, 1995-09-19 00:00:00, 0.0
11.0, 11.3, 0.0, 21.0, 1995-09-20 00:00:00, 0.0
7.0, 10.8, 0.0, 37.0, 1995-09-21 00:00:00, 0.0
1.0, 12.1, 320.0, 41.0, 1995-09-22 00:00:00, 0.0
5.0, 16.4, 0.0, 44.0, 1995-09-23 00:00:00, 0.0
8.0, 16.0, 0.0, 38.0, 1995-09-24 00:00:00, 0.0
2.0, 17.5, 0.0, 38.0, 1995-09-25 00:00:00, 0.0
5.0, 16.5, 0.0, 39.0, 1995-09-26 00:00:00, 0.0
9.0, 10.1, 0.0, 77.0, 1995-09-27 00:00:00, 2.0
9.0, 11.1, 0.0, 85.0, 1995-09-28 00:00:00, 0.7
6.0, 10.0, 0.0, 81.0, 1995-09-29 00:00:00, 0.2
5.0, 8.7, 180.0, 92.0, 1995-09-30 00:00:00, 6.6
10.0, 7.7, 180.0, 48.0, 1995-10-01 00:00:00, 4.5
0.0, 0.0, 0.0, 0.0, 1996-06-05 00:00:00, 0.0
9.0, 15.5, 230.0, 42.0, 1996-06-06 00:00:00, 0.0
5.0, 19.5, 0.0, 44.0, 1996-06-07 00:00:00, 0.0
13.0, 19.2, 180.0, 36.0, 1996-06-08 00:00:00, 0.0
11.0, 15.9, 230.0, 35.0, 1996-06-09 00:00:00, 0.0
11.0, 13.3, 230.0, 48.0, 1996-06-10 00:00:00, 0.0
11.0, 10.9, 180.0, 53.0, 1996-06-11 00:00:00, 4.5
5.0, 13.3, 180.0, 45.0, 1996-06-12 00:00:00, 0.0
8.0, 17.7, 230.0, 39.0, 1996-06-13 00:00:00, 0.0
5.0, 16.6, 180.0, 38.0, 1996-06-14 00:00:00, 0.0
9.0, 18.8, 270.0, 31.0, 1996-06-15 00:00:00, 0.0
11.0, 16.3, 180.0, 11.0, 1996-06-16 00:00:00, 0.0
14.0, 10.7, 230.0, 74.0, 1996-06-17 00:00:00, 1.5
7.0, 7.7, 180.0, 61.0, 1996-06-18 00:00:00, 9.6
15.0, 10.2, 230.0, 59.0, 1996-06-19 00:00:00, 0.7
11.0, 14.2, 180.0, 47.0, 1996-06-20 00:00:00, 0.0
7.0, 14.7, 0.0, 49.0, 1996-06-21 00:00:00, 0.0
11.0, 11.5, 0.0, 72.0, 1996-06-22 00:00:00, 0.0
9.0, 10.5, 0.0, 78.0, 1996-06-23 00:00:00, 0.2
9.0, 8.0, 0.0, 94.0, 1996-06-24 00:00:00, 4.8
8.0, 12.4, 180.0, 57.0, 1996-06-25 00:00:00, 1.2
5.0, 14.1, 180.0, 53.0, 1996-06-26 00:00:00, 1.2
4.0, 10.6, 140.0, 81.0, 1996-06-27 00:00:00, 0.0
14.0, 11.9, 230.0, 59.0, 1996-06-28 00:00:00, 4.3
9.0, 14.3, 180.0, 49.0, 1996-06-29 00:00:00, 0.2
9.0, 15.1, 230.0, 49.0, 1996-06-30 00:00:00, 0.0
10.0, 17.5, 230.0, 50.0, 1996-07-01 00:00:00, 0.0
6.0, 18.2, 0.0, 57.0, 1996-07-02 00:00:00, 0.0
9.0, 22.2, 180.0, 36.0, 1996-07-03 00:00:00, 0.3
12.0, 11.8, 270.0, 77.0, 1996-07-04 00:00:00, 7.9
10.0, 13.0, 230.0, 43.0, 1996-07-05 00:00:00, 2.4
15.0, 16.9, 270.0, 30.0, 1996-07-06 00:00:00, 0.0
12.0, 19.8, 50.0, 26.0, 1996-07-07 00:00:00, 0.0
10.0, 21.4, 140.0, 26.0, 1996-07-08 00:00:00, 0.0
4.0, 21.4, 90.0, 40.0, 1996-07-09 00:00:00, 0.0
4.0, 14.0, 180.0, 51.0, 1996-07-10 00:00:00, 6.0
13.0, 16.3, 180.0, 41.0, 1996-07-11 00:00:00, 0.0
8.0, 20.3, 0.0, 38.0, 1996-07-12 00:00:00, 0.0
10.0, 22.3, 180.0, 35.0, 1996-07-13 00:00:00, 0.0
5.0, 23.3, 180.0, 30.0, 1996-07-14 00:00:00, 0.0
10.0, 24.6, 180.0, 37.0, 1996-07-15 00:00:00, 0.0
8.0, 20.2, 180.0, 40.0, 1996-07-16 00:00:00, 0.0
7.0, 18.1, 0.0, 61.0, 1996-07-17 00:00:00, 0.0
10.0, 11.0, 180.0, 73.0, 1996-07-18 00:00:00, 6.6
10.0, 7.1, 180.0, 80.0, 1996-07-19 00:00:00, 6.6
9.0, 10.9, 180.0, 63.0, 1996-07-20 00:00:00, 0.7
9.0, 14.3, 230.0, 66.0, 1996-07-21 00:00:00, 0.0
7.0, 19.3, 180.0, 44.0, 1996-07-22 00:00:00, 0.0
3.0, 21.9, 0.0, 40.0, 1996-07-23 00:00:00, 0.0
9.0, 22.0, 0.0, 41.0, 1996-07-24 00:00:00, 0.0
12.0, 21.0, 0.0, 51.0, 1996-07-25 00:00:00, 0.0
7.0, 19.7, 0.0, 60.0, 1996-07-26 00:00:00, 0.0
8.0, 21.4, 0.0, 44.0, 1996-07-27 00:00:00, 0.0
9.0, 23.8, 0.0, 36.0, 1996-07-28 00:00:00, 0.0
6.0, 15.4, 140.0, 83.0, 1996-07-29 00:00:00, 0.2
2.0, 0.0, 50.0, 0.0, 1996-07-30 00:00:00, 3.5
10.0, 19.4, 180.0, 40.0, 1996-07-31 00:00:00, 0.0
8.0, 20.2, 0.0, 34.0, 1996-08-01 00:00:00, 0.0
9.0, 18.1, 180.0, 43.0, 1996-08-02 00:00:00, 0.0
12.0, 11.0, 230.0, 66.0, 1996-08-03 00:00:00, 0.0
6.0, 11.4, 230.0, 72.0, 1996-08-04 00:00:00, 1.5
13.0, 11.7, 180.0, 64.0, 1996-08-05 00:00:00, 11.6
8.0, 12.7, 230.0, 62.0, 1996-08-06 00:00:00, 0.0
12.0, 18.6, 180.0, 48.0, 1996-08-07 00:00:00, 0.0
4.0, 20.5, 0.0, 45.0, 1996-08-08 00:00:00, 0.0
0.0, 7.1, 140.0, 99.0, 1996-08-09 00:00:00, 0.0
0.0, 12.9, 140.0, 94.0, 1996-08-10 00:00:00, 0.0
2.0, 17.4, 0.0, 70.0, 1996-08-11 00:00:00, 0.0
3.0, 20.1, 320.0, 57.0, 1996-08-12 00:00:00, 0.0
11.0, 22.9, 180.0, 39.0, 1996-08-13 00:00:00, 0.0
11.0, 24.1, 180.0, 36.0, 1996-08-14 00:00:00, 0.0
3.0, 20.1, 320.0, 57.0, 1996-08-15 00:00:00, 0.7
10.0, 19.8, 180.0, 42.0, 1996-08-16 00:00:00, 0.0
7.0, 14.2, 180.0, 45.0, 1996-08-17 00:00:00, 0.0
6.0, 13.2, 0.0, 50.0, 1996-08-18 00:00:00, 0.2
1.0, 9.9, 0.0, 74.0, 1996-08-19 00:00:00, 0.2
11.0, 11.4, 230.0, 63.0, 1996-08-20 00:00:00, 2.0
8.0, 14.5, 180.0, 50.0, 1996-08-21 00:00:00, 1.5
9.0, 17.6, 180.0, 42.0, 1996-08-22 00:00:00, 0.0
6.0, 20.5, 0.0, 46.0, 1996-08-23 00:00:00, 0.0
6.0, 22.2, 0.0, 34.0, 1996-08-24 00:00:00, 0.0
4.0, 22.5, 0.0, 36.0, 1996-08-25 00:00:00, 0.0
4.0, 21.9, 0.0, 31.0, 1996-08-26 00:00:00, 0.0
0.0, 22.7, 180.0, 36.0, 1996-08-27 00:00:00, 0.0
14.0, 21.9, 0.0, 40.0, 1996-08-28 00:00:00, 0.0
10.0, 22.7, 180.0, 44.0, 1996-08-29 00:00:00, 0.0
10.0, 21.8, 0.0, 51.0, 1996-08-30 00:00:00, 0.0
3.0, 10.0, 180.0, 93.0, 1996-08-31 00:00:00, 8.8
7.0, 12.4, 180.0, 54.0, 1996-09-01 00:00:00, 0.5
7.0, 11.8, 180.0, 48.0, 1996-09-02 00:00:00, 0.0
10.0, 13.3, 0.0, 51.0, 1996-09-03 00:00:00, 0.0
6.0, 10.3, 0.0, 86.0, 1996-09-04 00:00:00, 8.8
8.0, 7.4, 180.0, 72.0, 1996-09-05 00:00:00, 8.3
7.0, 7.9, 230.0, 67.0, 1996-09-06 00:00:00, 1.0
7.0, 8.9, 180.0, 81.0, 1996-09-07 00:00:00, 0.7
4.0, 11.5, 180.0, 80.0, 1996-09-08 00:00:00, 1.0
3.0, 11.8, 0.0, 73.0, 1996-09-09 00:00:00, 0.5
6.0, 14.5, 0.0, 61.0, 1996-09-10 00:00:00, 0.0
2.0, 17.1, 0.0, 54.0, 1996-09-11 00:00:00, 0.0
0.0, 15.7, 180.0, 72.0, 1996-09-12 00:00:00, 0.0
3.0, 14.5, 0.0, 78.0, 1996-09-13 00:00:00, 0.0
1.0, 8.1, 180.0, 96.0, 1996-09-14 00:00:00, 6.6
0.0, 7.1, 180.0, 96.0, 1996-09-15 00:00:00, 6.6
10.0, 7.8, 180.0, 70.0, 1996-09-16 00:00:00, 2.0
4.0, 10.8, 0.0, 50.0, 1996-09-17 00:00:00, 0.0
7.0, 8.5, 0.0, 73.0, 1996-09-18 00:00:00, 0.0
12.0, 9.4, 230.0, 61.0, 1996-09-19 00:00:00, 0.0
5.0, 5.6, 180.0, 65.0, 1996-09-20 00:00:00, 0.0
4.0, 5.1, 180.0, 79.0, 1996-09-21 00:00:00, 0.5
12.0, 4.8, 180.0, 62.0, 1996-09-22 00:00:00, 0.0
13.0, 5.7, 180.0, 41.0, 1996-09-23 00:00:00, 0.0
1.0, 5.0, 0.0, 47.0, 1996-09-24 00:00:00, 0.0
6.0, 8.2, 0.0, 43.0, 1996-09-25 00:00:00, 0.0
6.0, 8.0, 0.0, 54.0, 1996-09-26 00:00:00, 0.0
7.0, 10.6, 0.0, 65.0, 1996-09-27 00:00:00, 0.0
5.0, 13.0, 50.0, 75.0, 1996-09-28 00:00:00, 0.0
4.0, 10.6, 140.0, 93.0, 1996-09-29 00:00:00, 1.2
0.0, 7.4, 320.0, 96.0, 1996-09-30 00:00:00, 1.2
3.0, 5.3, 180.0, 71.0, 1996-10-01 00:00:00, 3.8
1.0, 5.3, 0.0, 56.0, 1996-10-02 00:00:00, 0.2
0.0, 8.8, 0.0, 83.0, 1996-10-03 00:00:00, 0.7
1.0, 8.3, 0.0, 86.0, 1996-10-04 00:00:00, 0.0
5.0, 10.2, 180.0, 79.0, 1996-10-05 00:00:00, 3.0
0.0, 3.9, 0.0, 97.0, 1996-10-06 00:00:00, 0.7
0.0, 6.4, 140.0, 91.0, 1996-10-07 00:00:00, 0.0
4.0, 10.7, 50.0, 72.0, 1996-10-08 00:00:00, 0.0
3.0, 11.8, 0.0, 73.0, 1996-10-09 00:00:00, 0.5
0.0, 0.0, 0.0, 0.0, 1997-05-26 00:00:00, 0.0
5.0, 14.3, 0.0, 58.0, 1997-05-27 00:00:00, 1.2
16.0, 16.6, 230.0, 49.0, 1997-05-28 00:00:00, 0.0
8.0, 13.4, 230.0, 69.0, 1997-05-29 00:00:00, 0.2
11.0, 15.6, 230.0, 61.0, 1997-05-30 00:00:00, 0.2
5.0, 16.2, 230.0, 62.0, 1997-05-31 00:00:00, 3.3
11.0, 10.1, 230.0, 65.0, 1997-06-01 00:00:00, 2.7
9.0, 14.3, 230.0, 44.0, 1997-06-02 00:00:00, 0.0
6.0, 11.9, 230.0, 75.0, 1997-06-03 00:00:00, 0.0
10.0, 12.9, 230.0, 91.0, 1997-06-04 00:00:00, 3.0
12.0, 14.6, 270.0, 58.0, 1997-06-05 00:00:00, 0.0
8.0, 17.8, 270.0, 35.0, 1997-06-06 00:00:00, 1.0
8.0, 16.4, 270.0, 38.0, 1997-06-07 00:00:00, 0.0
7.0, 17.1, 230.0, 36.0, 1997-06-08 00:00:00, 0.0
2.0, 19.2, 230.0, 33.0, 1997-06-09 00:00:00, 0.0
6.0, 14.8, 230.0, 38.0, 1997-06-10 00:00:00, 0.0
0.0, 9.3, 0.0, 96.0, 1997-06-11 00:00:00, 4.3
4.0, 11.7, 230.0, 75.0, 1997-06-12 00:00:00, 0.0
7.0, 16.5, 180.0, 47.0, 1997-06-13 00:00:00, 0.0
6.0, 12.8, 230.0, 53.0, 1997-06-14 00:00:00, 0.0
11.0, 12.2, 230.0, 86.0, 1997-06-15 00:00:00, 0.2
4.0, 13.3, 180.0, 56.0, 1997-06-16 00:00:00, 0.0
5.0, 10.3, 230.0, 97.0, 1997-06-17 00:00:00, 3.3
1.0, 5.2, 180.0, 95.0, 1997-06-18 00:00:00, 2.7
7.0, 3.6, 180.0, 83.0, 1997-06-19 00:00:00, 0.7
7.0, 3.2, 180.0, 84.0, 1997-06-20 00:00:00, 0.0
0.0, 4.0, 180.0, 92.0, 1997-06-21 00:00:00, 0.0
4.0, 4.3, 180.0, 94.0, 1997-06-22 00:00:00, 2.2
0.0, 4.4, 230.0, 97.0, 1997-06-23 00:00:00, 1.7
0.0, 1.6, 180.0, 99.0, 1997-06-24 00:00:00, 0.0
0.0, 5.0, 230.0, 96.0, 1997-06-25 00:00:00, 0.0
5.0, 5.8, 180.0, 93.0, 1997-06-26 00:00:00, 6.6
6.0, 7.1, 230.0, 93.0, 1997-06-27 00:00:00, 1.0
0.0, 9.5, 320.0, 73.0, 1997-06-28 00:00:00, 0.0
2.0, 9.8, 50.0, 93.0, 1997-06-29 00:00:00, 1.2
7.0, 14.5, 230.0, 63.0, 1997-06-30 00:00:00, 0.0
2.0, 11.3, 230.0, 84.0, 1997-07-01 00:00:00, 4.5
9.0, 16.4, 230.0, 54.0, 1997-07-02 00:00:00, 0.0
4.0, 19.2, 230.0, 49.0, 1997-07-03 00:00:00, 0.0
9.0, 21.2, 50.0, 51.0, 1997-07-04 00:00:00, 0.0
9.0, 13.0, 230.0, 68.0, 1997-07-05 00:00:00, 4.5
8.0, 15.8, 230.0, 56.0, 1997-07-06 00:00:00, 0.0
0.0, 12.4, 0.0, 95.0, 1997-07-07 00:00:00, 5.8
10.0, 15.2, 230.0, 75.0, 1997-07-08 00:00:00, 28.7
16.0, 10.6, 230.0, 69.0, 1997-07-09 00:00:00, 2.5
8.0, 8.9, 230.0, 74.0, 1997-07-10 00:00:00, 0.7
8.0, 12.1, 230.0, 76.0, 1997-07-11 00:00:00, 2.7
8.0, 17.5, 230.0, 58.0, 1997-07-12 00:00:00, 0.2
10.0, 18.2, 50.0, 58.0, 1997-07-13 00:00:00, 0.0
4.0, 18.3, 230.0, 57.0, 1997-07-14 00:00:00, 0.2
12.0, 18.6, 230.0, 46.0, 1997-07-15 00:00:00, 0.7
0.0, 17.1, 0.0, 58.0, 1997-07-16 00:00:00, 0.0
13.0, 18.3, 230.0, 52.0, 1997-07-17 00:00:00, 6.3
8.0, 21.6, 50.0, 46.0, 1997-07-18 00:00:00, 0.0
6.0, 23.8, 50.0, 42.0, 1997-07-19 00:00:00, 0.0
2.0, 24.2, 50.0, 48.0, 1997-07-20 00:00:00, 0.0
8.0, 17.2, 270.0, 59.0, 1997-07-21 00:00:00, 8.1
5.0, 16.1, 270.0, 49.0, 1997-07-22 00:00:00, 0.7
9.0, 15.3, 230.0, 48.0, 1997-07-23 00:00:00, 2.0
11.0, 15.8, 230.0, 51.0, 1997-07-24 00:00:00, 2.0
9.0, 18.3, 230.0, 40.0, 1997-07-25 00:00:00, 0.0
8.0, 23.7, 180.0, 28.0, 1997-07-26 00:00:00, 0.0
10.0, 27.5, 270.0, 72.0, 1997-07-27 00:00:00, 0.0
9.0, 29.3, 230.0, 26.0, 1997-07-28 00:00:00, 0.0
2.0, 9.8, 50.0, 93.0, 1997-07-29 00:00:00, 1.2
7.0, 14.5, 230.0, 63.0, 1997-07-30 00:00:00, 0.0
5.0, 19.6, 180.0, 48.0, 1997-07-31 00:00:00, 6.0
1.0, 16.9, 50.0, 78.0, 1997-08-01 00:00:00, 1.7
11.0, 17.2, 50.0, 80.0, 1997-08-02 00:00:00, 4.5
0.0, 19.3, 50.0, 69.0, 1997-08-03 00:00:00, 11.4
0.0, 25.3, 90.0, 45.0, 1997-08-04 00:00:00, 0.0
3.0, 27.7, 50.0, 41.0, 1997-08-05 00:00:00, 0.0
6.0, 25.3, 50.0, 51.0, 1997-08-06 00:00:00, 4.0
9.0, 26.1, 270.0, 44.0, 1997-08-07 00:00:00, 0.5
6.0, 13.0, 230.0, 69.0, 1997-08-08 00:00:00, 1.2
9.0, 18.4, 50.0, 38.0, 1997-08-09 00:00:00, 0.0
1.0, 24.5, 270.0, 26.0, 1997-08-10 00:00:00, 0.0
3.0, 16.2, 230.0, 56.0, 1997-08-11 00:00:00, 0.0
0.0, 12.4, 140.0, 90.0, 1997-08-12 00:00:00, 0.0
8.0, 16.0, 230.0, 73.0, 1997-08-13 00:00:00, 4.3
1.0, 19.0, 180.0, 66.0, 1997-08-14 00:00:00, 0.0
0.0, 11.0, 50.0, 82.0, 1997-08-15 00:00:00, 0.0
0.0, 9.4, 50.0, 98.0, 1997-08-16 00:00:00, 7.1
0.0, 4.5, 230.0, 97.0, 1997-08-17 00:00:00, 0.2
1.0, 11.9, 50.0, 95.0, 1997-08-18 00:00:00, 2.0
0.0, 16.3, 0.0, 62.0, 1997-08-19 00:00:00, 0.0
2.0, 24.2, 50.0, 48.0, 1997-08-20 00:00:00, 0.0
2.0, 16.3, 270.0, 87.0, 1997-08-21 00:00:00, 8.3
9.0, 17.9, 230.0, 48.0, 1997-08-22 00:00:00, 0.0
7.0, 17.1, 50.0, 85.0, 1997-08-23 00:00:00, 0.0
2.0, 4.9, 270.0, 94.0, 1997-08-24 00:00:00, 0.8
7.0, 15.3, 230.0, 68.0, 1997-08-25 00:00:00, 2.8
8.0, 23.7, 180.0, 28.0, 1997-08-26 00:00:00, 0.0
8.0, 16.7, 230.0, 43.0, 1997-08-27 00:00:00, 0.2
6.0, 13.6, 230.0, 60.0, 1997-08-28 00:00:00, 0.2
9.0, 13.4, 230.0, 66.0, 1997-08-29 00:00:00, 6.3
1.0, 12.1, 230.0, 86.0, 1997-08-30 00:00:00, 0.0
0.0, 11.1, 180.0, 90.0, 1997-08-31 00:00:00, 3.3
1.0, 8.0, 230.0, 95.0, 1997-09-01 00:00:00, 0.2
5.0, 14.0, 230.0, 74.0, 1997-09-02 00:00:00, 10.1
0.0, 12.2, 180.0, 99.0, 1997-09-03 00:00:00, 0.2
0.0, 25.3, 90.0, 45.0, 1997-09-04 00:00:00, 0.0
7.0, 19.7, 230.0, 35.0, 1997-09-05 00:00:00, 6.3
8.0, 15.8, 230.0, 43.0, 1997-09-06 00:00:00, 4.5
0.0, 6.0, 180.0, 93.0, 1997-09-07 00:00:00, 0.0
0.0, 6.2, 230.0, 99.0, 1997-09-08 00:00:00, 0.0
1.0, 24.3, 230.0, 34.0, 1997-09-09 00:00:00, 0.0
1.0, 24.5, 270.0, 26.0, 1997-09-10 00:00:00, 0.0
3.0, 16.2, 230.0, 56.0, 1997-09-11 00:00:00, 0.0
4.0, 9.4, 230.0, 94.0, 1997-09-12 00:00:00, 8.1
10.0, 15.7, 50.0, 53.0, 1997-09-13 00:00:00, 3.3
0.0, 8.9, 180.0, 99.0, 1997-09-14 00:00:00, 13.2
1.0, 5.3, 180.0, 94.0, 1997-09-15 00:00:00, 3.8
0.0, 4.6, 140.0, 99.0, 1997-09-16 00:00:00, 4.3
14.0, 8.6, 50.0, 89.0, 1997-09-17 00:00:00, 18.5
1.0, 11.9, 50.0, 95.0, 1997-09-18 00:00:00, 2.0
0.0, 16.3, 0.0, 62.0, 1997-09-19 00:00:00, 0.0
0.0, 5.8, 230.0, 97.0, 1997-09-20 00:00:00, 0.7
1.0, 18.2, 50.0, 43.0, 1997-09-21 00:00:00, 0.0
0.0, 9.3, 180.0, 88.0, 1997-09-22 00:00:00, 0.0
7.0, 19.1, 50.0, 55.0, 1997-09-23 00:00:00, 0.0
1.0, 11.9, 0.0, 94.0, 1997-09-24 00:00:00, 7.8
1.0, 12.6, 180.0, 75.0, 1998-05-21 00:00:00, 6.3
6.0, 17.8, 180.0, 53.0, 1998-05-22 00:00:00, 0.0
4.0, 16.7, 180.0, 65.0, 1998-05-23 00:00:00, 5.3
0.0, 13.7, 225.0, 78.0, 1998-05-24 00:00:00, 1.0
9.0, 15.9, 180.0, 68.0, 1998-05-25 00:00:00, 3.3
0.0, 12.8, 0.0, 87.0, 1998-05-26 00:00:00, 5.8
8.0, 8.5, 135.0, 70.0, 1998-05-27 00:00:00, 0.0
1.0, 12.0, 90.0, 75.0, 1998-05-28 00:00:00, 21.0
1.0, 20.1, 45.0, 45.0, 1998-05-29 00:00:00, 0.0
3.0, 18.0, 90.0, 65.0, 1998-05-30 00:00:00, 0.0
3.0, 20.7, 90.0, 56.0, 1998-05-31 00:00:00, 0.0
11.0, 12.0, 0.0, 65.0, 1998-06-01 00:00:00, 16.7
7.0, 10.7, 180.0, 54.0, 1998-06-02 00:00:00, 2.0
5.0, 15.8, 180.0, 37.0, 1998-06-03 00:00:00, 0.0
0.0, 8.8, 135.0, 83.0, 1998-06-04 00:00:00, 6.6
8.0, 11.8, 180.0, 68.0, 1998-06-05 00:00:00, 5.5
0.0, 15.9, 0.0, 56.0, 1998-06-06 00:00:00, 3.0
0.0, 13.8, 45.0, 54.0, 1998-06-07 00:00:00, 0.5
6.0, 14.3, 180.0, 55.0, 1998-06-08 00:00:00, 0.2
8.0, 18.6, 45.0, 46.0, 1998-06-09 00:00:00, 0.0
5.0, 20.9, 0.0, 49.0, 1998-06-10 00:00:00, 0.0
1.0, 19.9, 0.0, 54.0, 1998-06-11 00:00:00, 0.5
9.0, 18.7, 0.0, 30.0, 1998-06-12 00:00:00, 0.0
7.0, 12.9, 45.0, 61.0, 1998-06-13 00:00:00, 0.0
0.0, 13.3, 45.0, 67.0, 1998-06-14 00:00:00, 6.0
7.0, 11.7, 45.0, 72.0, 1998-06-15 00:00:00, 2.0
6.0, 13.9, 180.0, 53.0, 1998-06-16 00:00:00, 5.0
0.0, 15.6, 270.0, 57.0, 1998-06-17 00:00:00, 0.0
11.0, 13.0, 180.0, 76.0, 1998-06-18 00:00:00, 4.5
0.0, 12.9, 0.0, 84.0, 1998-06-19 00:00:00, 5.3
2.0, 17.4, 135.0, 46.0, 1998-06-20 00:00:00, 0.0
8.0, 20.0, 180.0, 42.0, 1998-06-21 00:00:00, 0.2
3.0, 19.5, 0.0, 44.0, 1998-06-22 00:00:00, 0.0
4.0, 16.0, 135.0, 66.0, 1998-06-23 00:00:00, 0.5
0.0, 12.7, 180.0, 92.0, 1998-06-24 00:00:00, 3.5
1.0, 14.7, 0.0, 59.0, 1998-06-25 00:00:00, 1.0
11.0, 16.7, 45.0, 57.0, 1998-06-26 00:00:00, 0.0
0.0, 11.3, 0.0, 96.0, 1998-06-27 00:00:00, 4.3
5.0, 12.4, 180.0, 98.0, 1998-06-28 00:00:00, 5.5
2.0, 20.2, 180.0, 55.0, 1998-06-29 00:00:00, 4.6
10.0, 22.1, 180.0, 45.0, 1998-06-30 00:00:00, 0.0
3.0, 21.8, 180.0, 54.0, 1998-07-01 00:00:00, 0.0
0.0, 18.2, 225.0, 70.0, 1998-07-02 00:00:00, 0.0
1.0, 18.0, 0.0, 74.0, 1998-07-03 00:00:00, 6.3
9.0, 17.1, 180.0, 69.0, 1998-07-04 00:00:00, 2.0
12.0, 18.6, 45.0, 69.0, 1998-07-05 00:00:00, 0.0
1.0, 20.1, 135.0, 70.0, 1998-07-06 00:00:00, 3.8
3.0, 20.4, 180.0, 63.0, 1998-07-07 00:00:00, 6.8
0.0, 20.4, 180.0, 61.0, 1998-07-08 00:00:00, 1.2
6.0, 20.8, 180.0, 67.0, 1998-07-09 00:00:00, 0.2
5.0, 20.9, 0.0, 49.0, 1998-07-10 00:00:00, 0.0
2.0, 14.3, 0.0, 97.0, 1998-07-11 00:00:00, 7.1
4.0, 13.5, 0.0, 73.0, 1998-07-12 00:00:00, 11.1
12.0, 14.8, 0.0, 52.0, 1998-07-13 00:00:00, 1.0
7.0, 18.2, 0.0, 34.0, 1998-07-14 00:00:00, 0.0
0.0, 16.2, 180.0, 76.0, 1998-07-15 00:00:00, 0.0
0.0, 14.4, 0.0, 92.0, 1998-07-16 00:00:00, 6.0
6.0, 23.3, 45.0, 39.0, 1998-07-17 00:00:00, 0.0
5.0, 24.8, 0.0, 31.0, 1998-07-18 00:00:00, 0.0
7.0, 21.7, 45.0, 49.0, 1998-07-19 00:00:00, 0.0
8.0, 19.0, 0.0, 47.0, 1998-07-20 00:00:00, 0.0
2.0, 20.6, 135.0, 44.0, 1998-07-21 00:00:00, 0.0
5.0, 23.5, 180.0, 47.0, 1998-07-22 00:00:00, 0.0
6.0, 25.6, 180.0, 40.0, 1998-07-23 00:00:00, 0.0
5.0, 26.8, 45.0, 34.0, 1998-07-24 00:00:00, 0.0
8.0, 27.2, 0.0, 29.0, 1998-07-25 00:00:00, 0.0
8.0, 28.6, 0.0, 32.0, 1998-07-26 00:00:00, 0.0
9.0, 29.4, 0.0, 27.0, 1998-07-27 00:00:00, 0.0
6.0, 28.5, 180.0, 34.0, 1998-07-28 00:00:00, 0.0
0.0, 19.2, 45.0, 80.0, 1998-07-29 00:00:00, 0.0
3.0, 25.2, 180.0, 47.0, 1998-07-30 00:00:00, 1.5
0.0, 19.4, 45.0, 79.0, 1998-07-31 00:00:00, 7.8
0.0, 22.4, 135.0, 63.0, 1998-08-01 00:00:00, 16.7
7.0, 23.0, 180.0, 64.0, 1998-08-02 00:00:00, 0.0
4.0, 24.3, 180.0, 55.0, 1998-08-03 00:00:00, 0.0
9.0, 27.2, 0.0, 37.0, 1998-08-04 00:00:00, 0.0
4.0, 26.2, 180.0, 41.0, 1998-08-05 00:00:00, 0.0
7.0, 21.6, 45.0, 31.0, 1998-08-06 00:00:00, 3.8
3.0, 22.0, 45.0, 31.0, 1998-08-07 00:00:00, 0.0
1.0, 22.1, 0.0, 37.0, 1998-08-08 00:00:00, 0.0
6.0, 24.5, 0.0, 35.0, 1998-08-09 00:00:00, 0.0
4.0, 24.7, 0.0, 25.0, 1998-08-10 00:00:00, 0.0
6.0, 24.5, 0.0, 35.0, 1998-08-11 00:00:00, 0.0
7.0, 24.8, 45.0, 35.0, 1998-08-12 00:00:00, 0.0
7.0, 27.1, 0.0, 37.0, 1998-08-13 00:00:00, 0.0
6.0, 26.7, 0.0, 29.0, 1998-08-14 00:00:00, 0.0
1.0, 22.2, 0.0, 36.0, 1998-08-15 00:00:00, 0.0
13.0, 14.7, 45.0, 61.0, 1998-08-16 00:00:00, 1.5
1.0, 10.1, 0.0, 74.0, 1998-08-17 00:00:00, 13.2
1.0, 12.2, 0.0, 62.0, 1998-08-18 00:00:00, 2.5
6.0, 17.2, 180.0, 52.0, 1998-08-19 00:00:00, 0.0
3.0, 21.4, 225.0, 36.0, 1998-08-20 00:00:00, 0.0
0.0, 13.5, 45.0, 94.0, 1998-08-21 00:00:00, 1.2
1.0, 17.5, 180.0, 63.0, 1998-08-22 00:00:00, 4.5
6.0, 19.5, 180.0, 50.0, 1998-08-23 00:00:00, 0.7
0.0, 15.6, 90.0, 70.0, 1998-08-24 00:00:00, 3.3
0.0, 15.8, 135.0, 63.0, 1998-08-25 00:00:00, 0.0
8.0, 17.0, 45.0, 47.0, 1998-08-26 00:00:00, 0.5
2.0, 17.4, 45.0, 47.0, 1998-08-27 00:00:00, 0.0
6.0, 22.9, 0.0, 34.0, 1998-08-28 00:00:00, 0.0
0.0, 24.5, 135.0, 32.0, 1998-08-29 00:00:00, 0.0
6.0, 25.7, 0.0, 22.0, 1998-08-30 00:00:00, 0.0
9.0, 23.1, 180.0, 35.0, 1998-08-31 00:00:00, 0.0
6.0, 22.5, 180.0, 37.0, 1998-09-01 00:00:00, 0.0
6.0, 24.5, 45.0, 33.0, 1998-09-02 00:00:00, 0.0
5.0, 24.6, 90.0, 30.0, 1998-09-03 00:00:00, 0.0
9.0, 23.8, 45.0, 19.0, 1998-09-04 00:00:00, 0.0
4.0, 23.2, 180.0, 30.0, 1998-09-05 00:00:00, 0.0
10.0, 26.3, 0.0, 19.0, 1998-09-06 00:00:00, 0.0
6.0, 26.7, 0.0, 16.0, 1998-09-07 00:00:00, 0.0
5.0, 19.2, 0.0, 49.0, 1998-09-08 00:00:00, 0.0
1.0, 15.1, 0.0, 78.0, 1998-09-09 00:00:00, 2.2
10.0, 17.8, 90.0, 39.0, 1998-09-10 00:00:00, 0.0
0.0, 14.0, 135.0, 69.0, 1998-09-11 00:00:00, 0.0
7.0, 19.3, 0.0, 40.0, 1998-09-12 00:00:00, 0.0
9.0, 19.3, 45.0, 36.0, 1998-09-13 00:00:00, 0.0
6.0, 19.4, 0.0, 33.0, 1998-09-14 00:00:00, 0.0
2.0, 19.6, 180.0, 34.0, 1998-09-15 00:00:00, 0.0
8.0, 22.8, 0.0, 26.0, 1998-09-16 00:00:00, 0.0
0.0, 17.4, 90.0, 57.0, 1998-09-17 00:00:00, 0.0
13.0, 9.3, 45.0, 83.0, 1998-09-18 00:00:00, 3.3
0.0, 8.8, 180.0, 97.0, 1998-09-19 00:00:00, 10.9
0.0, 14.6, 180.0, 50.0, 1998-09-20 00:00:00, 0.0
4.0, 15.0, 180.0, 55.0, 1998-09-21 00:00:00, 0.2
11.0, 17.0, 180.0, 46.0, 1998-09-22 00:00:00, 0.0
7.0, 16.1, 0.0, 53.0, 1998-09-23 00:00:00, 1.0
8.0, 15.5, 0.0, 45.0, 1998-09-24 00:00:00, 0.0
1.0, 12.4, 0.0, 66.0, 1998-09-25 00:00:00, 3.0
2.0, 10.2, 180.0, 70.0, 1998-09-26 00:00:00, 5.8
1.0, 13.7, 180.0, 54.0, 1998-09-27 00:00:00, 0.0
10.0, 14.7, 45.0, 53.0, 1998-09-28 00:00:00, 0.0
5.0, 12.2, 180.0, 54.0, 1998-09-29 00:00:00, 0.0
10.0, 13.4, 180.0, 47.0, 1998-09-30 00:00:00, 0.2
2.0, 13.2, 180.0, 57.0, 1998-10-01 00:00:00, 0.0
3.0, 6.8, 0.0, 100.0, 1998-10-02 00:00:00, 5.5
0.0, 4.8, 0.0, 77.0, 1998-10-03 00:00:00, 4.8
4.0, 6.5, 0.0, 67.0, 1998-10-04 00:00:00, 0.5
5.0, 7.3, 180.0, 67.0, 1998-10-05 00:00:00, 0.0
3.0, 11.4, 135.0, 65.0, 1998-10-06 00:00:00, 0.0
0.0, 8.6, 90.0, 79.0, 1998-10-07 00:00:00, 0.0
0.0, 8.0, 0.0, 97.0, 1998-10-08 00:00:00, 0.0
2.0, 7.0, 0.0, 87.0, 1998-10-09 00:00:00, 2.0
8.0, 5.7, 180.0, 75.0, 1998-10-10 00:00:00, 8.1
6.0, 5.1, 180.0, 79.0, 1998-10-11 00:00:00, 0.0
0.0, 3.2, 45.0, 90.0, 1998-10-12 00:00:00, 1.0
1.0, 7.1, 0.0, 100.0, 1998-10-13 00:00:00, 0.0
3.0, 5.3, 0.0, 93.0, 1998-10-14 00:00:00, 5.5
1.0, 2.0, 0.0, 100.0, 1998-10-15 00:00:00, 1.5
0.0, 1.9, 45.0, 100.0, 1998-10-16 00:00:00, 7.7
4.0, 2.3, 180.0, 92.0, 1998-10-17 00:00:00, 0.2
10.0, 3.3, 0.0, 48.0, 1998-10-18 00:00:00, 0.0
4.0, 3.4, 180.0, 58.0, 1998-10-19 00:00:00, 2.0
1.0, 7.0, 225.0, 60.0, 1998-10-20 00:00:00, 0.0
9.0, 16.5, 225.0, 22.0, 1999-05-27 00:00:00, 0.0
5.0, 11.5, 180.0, 31.0, 1999-05-28 00:00:00, 0.0
12.0, 11.2, 0.0, 30.0, 1999-05-29 00:00:00, 0.0
1.0, 10.3, 0.0, 47.0, 1999-05-30 00:00:00, 4.3
8.0, 10.9, 225.0, 56.0, 1999-05-31 00:00:00, 1.2
12.0, 9.6, 225.0, 65.0, 1999-06-01 00:00:00, 3.8
11.0, 12.0, 0.0, 55.0, 1999-06-02 00:00:00, 1.5
2.0, 17.3, 45.0, 39.0, 1999-06-03 00:00:00, 0.0
6.0, 15.8, 180.0, 34.0, 1999-06-04 00:00:00, 0.0
5.0, 9.7, 225.0, 89.0, 1999-06-05 00:00:00, 1.7
10.0, 6.8, 225.0, 53.0, 1999-06-06 00:00:00, 2.0
14.0, 9.2, 180.0, 43.0, 1999-06-07 00:00:00, 0.0
0.0, 9.3, 315.0, 35.0, 1999-06-08 00:00:00, 0.0
12.0, 8.6, 180.0, 52.0, 1999-06-09 00:00:00, 0.0
2.0, 7.1, 135.0, 81.0, 1999-06-10 00:00:00, 2.5
7.0, 14.2, 0.0, 33.0, 1999-06-11 00:00:00, 0.2
6.0, 17.8, 0.0, 25.0, 1999-06-12 00:00:00, 0.0
3.0, 19.6, 225.0, 25.0, 1999-06-13 00:00:00, 0.0
0.0, 22.2, 180.0, 29.0, 1999-06-14 00:00:00, 0.0
7.0, 22.8, 0.0, 38.0, 1999-06-15 00:00:00, 0.0
5.0, 21.5, 180.0, 40.0, 1999-06-16 00:00:00, 0.0
5.0, 20.4, 180.0, 46.0, 1999-06-17 00:00:00, 2.2
5.0, 21.4, 225.0, 31.0, 1999-06-18 00:00:00, 0.0
8.0, 14.5, 225.0, 43.0, 1999-06-19 00:00:00, 11.1
9.0, 14.4, 225.0, 46.0, 1999-06-20 00:00:00, 0.0
8.0, 13.0, 225.0, 64.0, 1999-06-21 00:00:00, 0.2
7.0, 12.1, 180.0, 47.0, 1999-06-22 00:00:00, 1.7
7.0, 13.7, 225.0, 48.0, 1999-06-23 00:00:00, 1.2
9.0, 13.3, 0.0, 54.0, 1999-06-24 00:00:00, 0.0
5.0, 11.0, 0.0, 85.0, 1999-06-25 00:00:00, 2.5
5.0, 10.7, 0.0, 85.0, 1999-06-26 00:00:00, 8.3
12.0, 10.4, 180.0, 70.0, 1999-06-27 00:00:00, 0.0
8.0, 10.7, 180.0, 72.0, 1999-06-28 00:00:00, 0.7
10.0, 12.1, 225.0, 55.0, 1999-06-29 00:00:00, 0.0
14.0, 13.6, 225.0, 52.0, 1999-06-30 00:00:00, 0.2
1.0, 9.8, 0.0, 76.0, 1999-07-01 00:00:00, 0.2
4.0, 7.5, 0.0, 94.0, 1999-07-02 00:00:00, 1.0
4.0, 5.7, 135.0, 93.0, 1999-07-03 00:00:00, 9.9
5.0, 11.0, 180.0, 68.0, 1999-07-04 00:00:00, 1.5
3.0, 11.7, 180.0, 62.0, 1999-07-05 00:00:00, 1.0
8.0, 18.4, 0.0, 43.0, 1999-07-06 00:00:00, 0.0
7.0, 16.9, 180.0, 49.0, 1999-07-07 00:00:00, 0.0
16.0, 13.1, 225.0, 56.0, 1999-07-08 00:00:00, 1.5
4.0, 19.2, 45.0, 44.0, 1999-07-09 00:00:00, 0.0
10.0, 23.2, 225.0, 32.0, 1999-07-10 00:00:00, 0.0
9.0, 24.0, 180.0, 31.0, 1999-07-11 00:00:00, 0.0
2.0, 23.6, 225.0, 26.0, 1999-07-12 00:00:00, 0.0
8.0, 20.0, 180.0, 32.0, 1999-07-13 00:00:00, 0.0
1.0, 10.6, 225.0, 92.0, 1999-07-14 00:00:00, 0.7
9.0, 9.3, 0.0, 63.0, 1999-07-15 00:00:00, 16.0
5.0, 8.9, 0.0, 63.0, 1999-07-16 00:00:00, 0.0
9.0, 16.4, 0.0, 44.0, 1999-07-17 00:00:00, 0.0
2.0, 15.4, 270.0, 53.0, 1999-07-18 00:00:00, 0.0
13.0, 19.4, 225.0, 39.0, 1999-07-19 00:00:00, 0.0
2.0, 19.3, 225.0, 38.0, 1999-07-20 00:00:00, 0.0
14.0, 20.9, 225.0, 39.0, 1999-07-21 00:00:00, 0.0
8.0, 16.5, 225.0, 48.0, 1999-07-22 00:00:00, 0.0
11.0, 18.8, 180.0, 36.0, 1999-07-23 00:00:00, 0.0
3.0, 15.9, 45.0, 73.0, 1999-07-24 00:00:00, 0.7
8.0, 12.2, 225.0, 62.0, 1999-07-25 00:00:00, 4.0
0.0, 14.8, 0.0, 55.0, 1999-07-26 00:00:00, 0.0
8.0, 22.6, 270.0, 29.0, 1999-07-27 00:00:00, 0.0
11.0, 23.8, 180.0, 20.0, 1999-07-28 00:00:00, 0.0
3.0, 13.7, 180.0, 71.0, 1999-07-29 00:00:00, 1.7
13.0, 17.1, 180.0, 31.0, 1999-07-30 00:00:00, 0.7
13.0, 17.1, 0.0, 45.0, 1999-07-31 00:00:00, 0.0
2.0, 11.6, 0.0, 88.0, 1999-08-01 00:00:00, 6.3
4.0, 22.2, 0.0, 47.0, 1999-08-02 00:00:00, 0.0
7.0, 25.1, 0.0, 32.0, 1999-08-03 00:00:00, 0.0
0.0, 21.8, 315.0, 48.0, 1999-08-04 00:00:00, 0.0
2.0, 24.6, 0.0, 43.0, 1999-08-05 00:00:00, 0.0
6.0, 24.9, 0.0, 40.0, 1999-08-06 00:00:00, 0.0
0.0, 18.5, 0.0, 73.0, 1999-08-07 00:00:00, 9.3
13.0, 17.4, 225.0, 69.0, 1999-08-08 00:00:00, 0.0
5.0, 19.5, 0.0, 67.0, 1999-08-09 00:00:00, 0.2
8.0, 18.0, 0.0, 74.0, 1999-08-10 00:00:00, 1.0
8.0, 21.8, 0.0, 47.0, 1999-08-11 00:00:00, 1.0
6.0, 14.5, 0.0, 91.0, 1999-08-12 00:00:00, 3.0
5.0, 17.0, 0.0, 65.0, 1999-08-13 00:00:00, 5.0
1.0, 10.2, 270.0, 95.0, 1999-08-14 00:00:00, 20.3
11.0, 11.9, 180.0, 80.0, 1999-08-15 00:00:00, 10.6
12.0, 9.5, 180.0, 91.0, 1999-08-16 00:00:00, 0.7
2.0, 17.6, 90.0, 55.0, 1999-08-17 00:00:00, 0.2
7.0, 19.7, 0.0, 55.0, 1999-08-18 00:00:00, 0.0
8.0, 18.6, 180.0, 62.0, 1999-08-19 00:00:00, 0.0
6.0, 23.4, 180.0, 39.0, 1999-08-20 00:00:00, 0.0
1.0, 14.7, 135.0, 86.0, 1999-08-21 00:00:00, 1.0
12.0, 19.5, 180.0, 32.0, 1999-08-22 00:00:00, 0.0
7.0, 20.9, 0.0, 42.0, 1999-08-23 00:00:00, 0.0
9.0, 25.0, 180.0, 27.0, 1999-08-24 00:00:00, 0.0
2.0, 17.6, 180.0, 68.0, 1999-08-25 00:00:00, 7.6
3.0, 16.1, 180.0, 48.0, 1999-08-26 00:00:00, 0.2
4.0, 21.8, 0.0, 44.0, 1999-08-27 00:00:00, 0.0
10.0, 23.3, 0.0, 42.0, 1999-08-28 00:00:00, 0.0
0.0, 18.3, 180.0, 87.0, 1999-08-29 00:00:00, 0.7
1.0, 13.9, 45.0, 89.0, 1999-08-30 00:00:00, 1.0
4.0, 6.9, 180.0, 81.0, 1999-08-31 00:00:00, 10.6
2.0, 10.4, 180.0, 52.0, 1999-09-01 00:00:00, 0.0
8.0, 13.0, 0.0, 51.0, 1999-09-02 00:00:00, 0.0
0.0, 15.2, 0.0, 38.0, 1999-09-03 00:00:00, 0.0
4.0, 13.8, 0.0, 49.0, 1999-09-04 00:00:00, 0.0
3.0, 9.1, 180.0, 91.0, 1999-09-05 00:00:00, 0.7
0.0, 7.5, 315.0, 95.0, 1999-09-06 00:00:00, 23.7
12.0, 10.9, 225.0, 49.0, 1999-09-07 00:00:00, 0.0
8.0, 13.2, 0.0, 51.0, 1999-09-08 00:00:00, 0.2
5.0, 16.1, 0.0, 49.0, 1999-09-09 00:00:00, 0.0
10.0, 11.3, 225.0, 47.0, 1999-09-10 00:00:00, 1.2
2.0, 12.4, 45.0, 34.0, 1999-09-11 00:00:00, 0.2
8.0, 13.7, 0.0, 38.0, 1999-09-12 00:00:00, 0.2
7.0, 16.8, 0.0, 43.0, 1999-09-13 00:00:00, 0.0
5.0, 18.1, 0.0, 42.0, 1999-09-14 00:00:00, 0.0
6.0, 18.2, 0.0, 34.0, 1999-09-15 00:00:00, 0.0
3.0, 18.9, 45.0, 41.0, 1999-09-16 00:00:00, 0.0
8.0, 16.5, 0.0, 47.0, 1999-09-17 00:00:00, 0.0
8.0, 18.7, 45.0, 27.0, 1999-09-18 00:00:00, 0.0
6.0, 16.2, 0.0, 38.0, 1999-09-19 00:00:00, 0.0
9.0, 18.6, 0.0, 48.0, 1999-09-20 00:00:00, 0.0
1.0, 19.6, 0.0, 43.0, 1999-09-21 00:00:00, 0.0
2.0, 20.3, 0.0, 40.0, 1999-09-22 00:00:00, 0.0
10.0, 19.0, 180.0, 25.0, 1999-09-23 00:00:00, 0.0
6.0, 7.1, 225.0, 52.0, 1999-09-24 00:00:00, 3.8
7.0, 5.2, 225.0, 84.0, 1999-09-25 00:00:00, 5.8
12.0, 5.2, 225.0, 46.0, 1999-09-26 00:00:00, 0.0
6.0, 7.0, 180.0, 36.0, 1999-09-27 00:00:00, 0.0
1.0, 3.9, 315.0, 52.0, 1999-09-28 00:00:00, 0.0
14.0, 9.5, 225.0, 58.0, 1999-09-29 00:00:00, 6.3
7.0, 8.4, 0.0, 47.0, 1999-09-30 00:00:00, 0.0
6.0, 6.7, 180.0, 39.0, 1999-10-01 00:00:00, 0.0
1.0, 6.7, 45.0, 33.0, 1999-10-02 00:00:00, 0.0
5.0, 8.4, 270.0, 41.0, 1999-10-03 00:00:00, 0.0
5.0, 11.0, 45.0, 40.0, 1999-10-04 00:00:00, 0.0
0.0, 7.3, 315.0, 60.0, 1999-10-05 00:00:00, 0.0
0.0, 6.8, 315.0, 76.0, 1999-10-06 00:00:00, 0.0
5.0, 7.4, 180.0, 86.0, 1999-10-07 00:00:00, 2.5
0.0, 3.0, 0.0, 96.0, 1999-10-08 00:00:00, 20.8
3.0, 3.3, 180.0, 75.0, 1999-10-09 00:00:00, 3.5
0.0, 5.3, 180.0, 54.0, 1999-10-10 00:00:00, 0.2
3.0, 4.9, 225.0, 63.0, 1999-10-11 00:00:00, 0.2
0.0, 5.3, 225.0, 74.0, 1999-10-12 00:00:00, 0.2
0.0, 6.2, 135.0, 95.0, 1999-10-13 00:00:00, 23.2
2.0, 13.3, 135.0, 75.0, 2001-08-22 00:00:00, 0.0
4.0, 10.1, 135.0, 86.0, 2001-08-23 00:00:00, 3.0
6.0, 10.3, 135.0, 80.0, 2001-08-24 00:00:00, 12.9
7.0, 16.8, 135.0, 42.0, 2001-08-25 00:00:00, 0.2
7.0, 19.3, 0.0, 40.0, 2001-08-26 00:00:00, 0.0
6.0, 24.9, 180.0, 24.0, 2001-08-27 00:00:00, 0.0
8.0, 21.4, 135.0, 35.0, 2001-08-28 00:00:00, 0.0
8.0, 22.1, 135.0, 27.0, 2001-08-29 00:00:00, 0.0
0.0, 20.8, 0.0, 34.0, 2001-08-30 00:00:00, 0.0
7.0, 19.4, 180.0, 40.0, 2001-08-31 00:00:00, 0.0
5.0, 13.0, 135.0, 86.0, 2001-09-01 00:00:00, 1.0
5.0, 15.0, 135.0, 31.0, 2001-09-02 00:00:00, 7.6
9.0, 12.3, 135.0, 69.0, 2001-09-03 00:00:00, 1.2
11.0, 14.4, 180.0, 44.0, 2001-09-04 00:00:00, 0.0
4.0, 15.5, 180.0, 36.0, 2001-09-05 00:00:00, 0.7
10.0, 12.9, 180.0, 43.0, 2001-09-06 00:00:00, 0.0
0.0, 10.7, 135.0, 41.0, 2001-09-07 00:00:00, 5.8
7.0, 15.9, 180.0, 38.0, 2001-09-08 00:00:00, 0.0
10.0, 15.3, 135.0, 37.0, 2001-09-09 00:00:00, 0.0
8.0, 18.3, 135.0, 31.0, 2001-09-10 00:00:00, 0.0
5.0, 13.0, 135.0, 86.0, 2001-09-11 00:00:00, 1.0
7.0, 16.5, 0.0, 39.0, 2001-09-12 00:00:00, 0.0
11.0, 19.6, 0.0, 36.0, 2001-09-13 00:00:00, 0.0
4.0, 20.9, 0.0, 27.0, 2001-09-14 00:00:00, 0.0
7.0, 22.7, 315.0, 24.0, 2001-09-15 00:00:00, 0.0
7.0, 21.6, 0.0, 34.0, 2001-09-16 00:00:00, 0.0
0.0, 19.6, 0.0, 54.0, 2001-09-17 00:00:00, 6.3
12.0, 15.8, 315.0, 67.0, 2001-09-18 00:00:00, 2.2
6.0, 12.2, 180.0, 58.0, 2001-09-19 00:00:00, 4.3
1.0, 9.1, 270.0, 75.0, 2001-09-20 00:00:00, 0.0
1.0, 10.5, 225.0, 72.0, 2001-09-21 00:00:00, 2.0
1.0, 14.1, 0.0, 63.0, 2001-09-22 00:00:00, 0.0
1.0, 19.1, 0.0, 45.0, 2001-09-23 00:00:00, 0.2
5.0, 20.7, 0.0, 31.0, 2001-09-24 00:00:00, 0.0
3.0, 20.8, 0.0, 26.0, 2001-09-25 00:00:00, 0.0
4.0, 11.4, 135.0, 85.0, 2001-09-26 00:00:00, 5.5
7.0, 11.4, 180.0, 45.0, 2001-09-27 00:00:00, 5.5
2.0, 10.2, 135.0, 70.0, 2001-09-28 00:00:00, 0.2
6.0, 12.9, 180.0, 40.0, 2001-09-29 00:00:00, 0.2
