station_observations
wind_speed, temperature, wind_direction, relative_humidity, time, precipitation
0.0, 0.0, 0.0, 0.0, 1994-07-26 00:00:00, 0.0
6.0, 25.8, 90.0, 28.0, 1994-07-27 00:00:00, 0.0
7.0, 25.5, 0.0, 31.0, 1994-07-28 00:00:00, 0.0
3.0, 24.4, 320.0, 29.0, 1994-07-29 00:00:00, 0.0
4.0, 25.3, 0.0, 29.0, 1994-07-30 00:00:00, 0.0
7.0, 23.2, 50.0, 34.0, 1994-07-31 00:00:00, 0.0
1.0, 22.4, 50.0, 32.0, 1994-08-01 00:00:00, 0.0
2.0, 23.8, 320.0, 29.0, 1994-08-02 00:00:00, 0.0
5.0, 25.6, 0.0, 33.0, 1994-08-03 00:00:00, 0.0
1.0, 20.7, 0.0, 62.0, 1994-08-04 00:00:00, 2.8
6.0, 23.2, 0.0, 43.0, 1994-08-05 00:00:00, 0.0
3.0, 18.0, 140.0, 57.0, 1994-08-06 00:00:00, 0.0
5.0, 14.5, 140.0, 68.0, 1994-08-07 00:00:00, 0.0
5.0, 14.5, 230.0, 72.0, 1994-08-08 00:00:00, 0.0
3.0, 11.5, 320.0, 92.0, 1994-08-09 00:00:00, 34.3
7.0, 15.8, 50.0, 60.0, 1994-08-10 00:00:00, 1.3
4.0, 22.2, 50.0, 48.0, 1994-08-11 00:00:00, 0.0
3.0, 21.9, 320.0, 39.0, 1994-08-12 00:00:00, 0.0
6.0, 23.2, 50.0, 40.0, 1994-08-13 00:00:00, 0.0
6.0, 25.6, 50.0, 32.0, 1994-08-14 00:00:00, 0.0
12.0, 25.2, 50.0, 30.0, 1994-08-15 00:00:00, 0.0
2.0, 21.5, 270.0, 43.0, 1994-08-16 00:00:00, 0.0
7.0, 18.2, 50.0, 56.0, 1994-08-17 00:00:00, 2.0
3.0, 19.0, 270.0, 46.0, 1994-08-18 00:00:00, 0.0
3.0, 21.3, 230.0, 37.0, 1994-08-19 00:00:00, 0.0
7.0, 24.5, 50.0, 36.0, 1994-08-20 00:00:00, 0.5
8.0, 18.8, 270.0, 47.0, 1994-08-21 00:00:00, 0.0
3.0, 14.8, 140.0, 58.0, 1994-08-22 00:00:00, 0.0
4.0, 10.9, 50.0, 73.0, 1994-08-23 00:00:00, 0.0
5.0, 13.9, 0.0, 62.0, 1994-08-24 00:00:00, 0.0
4.0, 15.8, 50.0, 52.0, 1994-08-25 00:00:00, 0.0
5.0, 9.1, 320.0, 90.0, 1994-08-26 00:00:00, 12.2
6.0, 13.8, 320.0, 73.0, 1994-08-27 00:00:00, 4.6
6.0, 18.1, 0.0, 48.0, 1994-08-28 00:00:00, 0.0
4.0, 20.8, 90.0, 44.0, 1994-08-29 00:00:00, 0.0
4.0, 17.7, 50.0, 57.0, 1994-08-30 00:00:00, 5.3
0.0, 15.3, 0.0, 54.0, 1994-08-31 00:00:00, 0.0
1.0, 13.1, 50.0, 59.0, 1994-09-01 00:00:00, 0.0
3.0, 12.8, 0.0, 76.0, 1994-09-02 00:00:00, 0.8
0.0, 11.9, 0.0, 88.0, 1994-09-03 00:00:00, 1.8
3.0, 14.6, 0.0, 52.0, 1994-09-04 00:00:00, 0.5
3.0, 14.2, 140.0, 55.0, 1994-09-05 00:00:00, 0.0
6.0, 17.7, 50.0, 50.0, 1994-09-06 00:00:00, 0.0
4.0, 18.1, 50.0, 51.0, 1994-09-07 00:00:00, 0.0
8.0, 20.2, 50.0, 40.0, 1994-09-08 00:00:00, 0.5
0.0, 10.6, 0.0, 85.0, 1994-09-09 00:00:00, 5.6
3.0, 11.6, 50.0, 69.0, 1994-09-10 00:00:00, 1.3
2.0, 11.0, 50.0, 71.0, 1994-09-11 00:00:00, 0.0
1.0, 10.5, 0.0, 72.0, 1994-09-12 00:00:00, 0.0
0.0, 15.2, 0.0, 53.0, 1994-09-13 00:00:00, 1.8
1.0, 13.8, 90.0, 71.0, 1994-09-14 00:00:00, 1.0
1.0, 15.9, 270.0, 61.0, 1994-09-15 00:00:00, 0.0
1.0, 18.3, 90.0, 52.0, 1994-09-16 00:00:00, 0.0
0.0, 19.1, 0.0, 49.0, 1994-09-17 00:00:00, 0.0
0.0, 20.2, 0.0, 46.0, 1994-09-18 00:00:00, 0.0
0.0, 18.0, 0.0, 44.0, 1994-09-19 00:00:00, 0.0
5.0, 19.4, 0.0, 29.0, 1994-09-20 00:00:00, 0.0
2.0, 14.4, 50.0, 32.0, 1994-09-21 00:00:00, 0.0
0.0, 16.4, 0.0, 41.0, 1994-09-22 00:00:00, 0.0
1.0, 15.7, 90.0, 43.0, 1994-09-23 00:00:00, 0.0
0.0, 19.2, 0.0, 35.0, 1994-09-24 00:00:00, 0.0
0.0, 19.3, 0.0, 32.0, 1994-09-25 00:00:00, 0.0
2.0, 20.4, 90.0, 20.0, 1994-09-26 00:00:00, 0.0
4.0, 22.2, 230.0, 32.0, 1994-09-27 00:00:00, 0.0
0.0, 16.2, 0.0, 58.0, 1994-09-28 00:00:00, 0.0
0.0, 12.4, 0.0, 84.0, 1994-09-29 00:00:00, 0.8
0.0, 11.2, 0.0, 99.0, 1994-09-30 00:00:00, 3.3
6.0, 9.7, 140.0, 70.0, 1994-10-01 00:00:00, 4.1
1.0, 8.5, 50.0, 36.0, 1994-10-02 00:00:00, 1.2
2.0, 8.9, 320.0, 49.0, 1994-10-03 00:00:00, 0.0
0.0, 9.4, 0.0, 60.0, 1994-10-04 00:00:00, 0.0
0.0, 10.2, 0.0, 65.0, 1994-10-05 00:00:00, 0.0
3.0, 7.5, 0.0, 70.0, 1994-10-06 00:00:00, 0.0
2.0, 11.6, 320.0, 32.0, 1994-10-07 00:00:00, 0.0
0.0, 8.8, 0.0, 51.0, 1994-10-08 00:00:00, 0.0
0.0, 9.2, 0.0, 57.0, 1994-10-09 00:00:00, 0.0
0.0, 6.3, 0.0, 93.0, 1994-10-10 00:00:00, 8.4
0.0, 7.2, 0.0, 70.0, 1994-10-11 00:00:00, 0.2
0.0, 6.5, 0.0, 60.0, 1994-10-12 00:00:00, 0.0
7.0, 6.9, 140.0, 69.0, 1994-10-13 00:00:00, 0.0
1.0, 3.9, 140.0, 95.0, 1994-10-14 00:00:00, 1.0
3.0, 17.0, 230.0, 60.0, 1995-06-06 00:00:00, 1.0
7.0, 18.5, 140.0, 23.0, 1995-06-07 00:00:00, 0.0
9.0, 17.8, 50.0, 34.0, 1995-06-08 00:00:00, 0.0
9.0, 17.7, 140.0, 24.0, 1995-06-09 00:00:00, 0.0
9.0, 19.4, 90.0, 30.0, 1995-06-10 00:00:00, 0.0
7.0, 16.6, 50.0, 55.0, 1995-06-11 00:00:00, 0.0
11.0, 16.8, 140.0, 33.0, 1995-06-12 00:00:00, 6.4
3.0, 13.3, 50.0, 46.0, 1995-06-13 00:00:00, 3.0
3.0, 12.6, 50.0, 62.0, 1995-06-14 00:00:00, 0.0
7.0, 15.0, 50.0, 68.0, 1995-06-15 00:00:00, 0.8
0.0, 15.0, 0.0, 70.0, 1995-06-16 00:00:00, 0.3
1.0, 14.2, 50.0, 72.0, 1995-06-17 00:00:00, 6.7
1.0, 11.9, 50.0, 73.0, 1995-06-18 00:00:00, 0.0
1.0, 14.5, 0.0, 68.0, 1995-06-19 00:00:00, 2.8
12.0, 12.2, 320.0, 71.0, 1995-06-20 00:00:00, 1.0
2.0, 12.9, 270.0, 80.0, 1995-06-21 00:00:00, 3.8
7.0, 18.3, 90.0, 52.0, 1995-06-22 00:00:00, 0.2
9.0, 21.4, 50.0, 45.0, 1995-06-23 00:00:00, 0.0
1.0, 19.4, 90.0, 55.0, 1995-06-24 00:00:00, 0.0
5.0, 21.7, 180.0, 27.0, 1995-06-25 00:00:00, 0.0
13.0, 17.5, 0.0, 26.0, 1995-06-26 00:00:00, 0.0
6.0, 19.3, 90.0, 27.0, 1995-06-27 00:00:00, 0.0
6.0, 23.0, 90.0, 24.0, 1995-06-28 00:00:00, 0.0
6.0, 21.0, 180.0, 41.0, 1995-06-29 00:00:00, 0.0
3.0, 20.9, 0.0, 41.0, 1995-06-30 00:00:00, 0.0
2.0, 19.9, 0.0, 56.0, 1995-07-01 00:00:00, 0.2
0.0, 13.4, 0.0, 93.0, 1995-07-02 00:00:00, 7.1
2.0, 9.5, 230.0, 89.0, 1995-07-03 00:00:00, 26.2
1.0, 12.5, 0.0, 88.0, 1995-07-04 00:00:00, 6.2
3.0, 15.5, 50.0, 59.0, 1995-07-05 00:00:00, 4.8
4.0, 16.4, 50.0, 68.0, 1995-07-06 00:00:00, 0.0
0.0, 14.2, 0.0, 90.0, 1995-07-07 00:00:00, 3.0
4.0, 15.0, 0.0, 79.0, 1995-07-08 00:00:00, 0.0
4.0, 18.2, 180.0, 64.0, 1995-07-09 00:00:00, 0.2
6.0, 14.6, 180.0, 88.0, 1995-07-10 00:00:00, 13.7
14.0, 16.1, 50.0, 53.0, 1995-07-11 00:00:00, 1.3
1.0, 14.0, 140.0, 68.0, 1995-07-12 00:00:00, 6.8
3.0, 18.8, 0.0, 53.0, 1995-07-13 00:00:00, 0.0
4.0, 17.1, 90.0, 66.0, 1995-07-14 00:00:00, 0.5
7.0, 18.7, 50.0, 36.0, 1995-07-15 00:00:00, 0.2
8.0, 22.8, 50.0, 33.0, 1995-07-16 00:00:00, 0.0
8.0, 23.9, 50.0, 37.0, 1995-07-17 00:00:00, 0.0
6.0, 25.4, 50.0, 35.0, 1995-07-18 00:00:00, 0.0
5.0, 22.7, 0.0, 38.0, 1995-07-19 00:00:00, 0.0
11.0, 20.3, 140.0, 63.0, 1995-07-20 00:00:00, 0.0
4.0, 17.6, 0.0, 66.0, 1995-07-21 00:00:00, 3.3
8.0, 19.9, 140.0, 66.0, 1995-07-22 00:00:00, 2.0
5.0, 17.4, 140.0, 47.0, 1995-07-23 00:00:00, 2.0
7.0, 16.4, 180.0, 61.0, 1995-07-24 00:00:00, 0.0
0.0, 16.7, 0.0, 89.0, 1995-07-25 00:00:00, 3.3
1.0, 14.8, 270.0, 81.0, 1995-07-26 00:00:00, 5.3
9.0, 11.7, 180.0, 70.0, 1995-07-27 00:00:00, 30.0
6.0, 14.3, 270.0, 58.0, 1995-07-28 00:00:00, 0.0
2.0, 11.0, 0.0, 66.0, 1995-07-29 00:00:00, 5.1
4.0, 15.7, 180.0, 49.0, 1995-07-30 00:00:00, 0.2
2.0, 16.5, 0.0, 63.0, 1995-07-31 00:00:00, 1.5
0.0, 12.0, 0.0, 93.0, 1995-08-01 00:00:00, 5.1
1.0, 16.7, 140.0, 41.0, 1995-08-02 00:00:00, 0.5
6.0, 16.3, 50.0, 71.0, 1995-08-03 00:00:00, 0.0
1.0, 19.5, 50.0, 62.0, 1995-08-04 00:00:00, 0.0
1.0, 16.4, 50.0, 86.0, 1995-08-05 00:00:00, 0.0
0.0, 11.1, 50.0, 87.0, 1995-08-06 00:00:00, 6.6
0.0, 10.1, 0.0, 93.0, 1995-08-07 00:00:00, 2.8
7.0, 11.8, 0.0, 68.0, 1995-08-08 00:00:00, 2.3
10.0, 17.3, 50.0, 60.0, 1995-08-09 00:00:00, 0.0
6.0, 17.1, 50.0, 48.0, 1995-08-10 00:00:00, 0.0
0.0, 13.1, 0.0, 86.0, 1995-08-11 00:00:00, 2.8
1.0, 11.6, 90.0, 85.0, 1995-08-12 00:00:00, 7.4
7.0, 13.8, 180.0, 63.0, 1995-08-13 00:00:00, 2.5
0.0, 11.0, 0.0, 89.0, 1995-08-14 00:00:00, 1.8
2.0, 11.0, 180.0, 78.0, 1995-08-15 00:00:00, 1.3
0.0, 10.7, 0.0, 96.0, 1995-08-16 00:00:00, 5.1
2.0, 10.9, 50.0, 80.0, 1995-08-17 00:00:00, 0.8
1.0, 10.1, 50.0, 83.0, 1995-08-18 00:00:00, 1.8
5.0, 12.0, 50.0, 83.0, 1995-08-19 00:00:00, 1.0
2.0, 14.5, 90.0, 65.0, 1995-08-20 00:00:00, 0.0
3.0, 17.0, 50.0, 67.0, 1995-08-21 00:00:00, 0.5
9.0, 16.8, 50.0, 64.0, 1995-08-22 00:00:00, 3.3
7.0, 15.5, 50.0, 60.0, 1995-08-23 00:00:00, 0.0
4.0, 9.3, 90.0, 80.0, 1995-08-24 00:00:00, 4.8
5.0, 14.4, 50.0, 60.0, 1995-08-25 00:00:00, 2.3
2.0, 14.0, 0.0, 54.0, 1995-08-26 00:00:00, 0.0
7.0, 12.4, 0.0, 76.0, 1995-08-27 00:00:00, 0.5
5.0, 17.7, 50.0, 55.0, 1995-08-28 00:00:00, 0.0
0.0, 9.8, 0.0, 92.0, 1995-08-29 00:00:00, 8.9
4.0, 13.4, 50.0, 65.0, 1995-08-30 00:00:00, 1.0
8.0, 16.2, 50.0, 62.0, 1995-08-31 00:00:00, 0.0
5.0, 17.3, 0.0, 48.0, 1995-09-01 00:00:00, 0.0
5.0, 18.5, 50.0, 46.0, 1995-09-02 00:00:00, 0.0
5.0, 20.0, 50.0, 35.0, 1995-09-03 00:00:00, 0.0
1.0, 19.8, 270.0, 33.0, 1995-09-04 00:00:00, 0.0
1.0, 15.2, 140.0, 87.0, 1995-09-05 00:00:00, 2.3
0.0, 12.5, 0.0, 88.0, 1995-09-06 00:00:00, 26.4
1.0, 13.3, 140.0, 79.0, 1995-09-07 00:00:00, 0.0
2.0, 17.0, 320.0, 75.0, 1995-09-08 00:00:00, 0.0
3.0, 18.2, 0.0, 55.0, 1995-09-09 00:00:00, 0.0
2.0, 19.0, 0.0, 50.0, 1995-09-10 00:00:00, 0.0
3.0, 18.0, 0.0, 64.0, 1995-09-11 00:00:00, 0.0
5.0, 19.7, 0.0, 49.0, 1995-09-12 00:00:00, 0.0
4.0, 17.5, 50.0, 54.0, 1995-09-13 00:00:00, 0.0
3.0, 16.9, 0.0, 41.0, 1995-09-14 00:00:00, 0.0
5.0, 17.8, 50.0, 62.0, 1995-09-15 00:00:00, 0.0
5.0, 16.2, 0.0, 51.0, 1995-09-16 00:00:00, 0.0
4.0, 16.2, 50.0, 58.0, 1995-09-17 00:00:00, 0.0
6.0, 12.0, 0.0, 52.0, 1995-09-18 00:00:00, 0.0
2.0, 11.7, 270.0, 50.0, 1995-09-19 00:00:00, 0.0
6.0, 12.8, 90.0, 22.0, 1995-09-20 00:00:00, 0.0
3.0, 10.5, 50.0, 47.0, 1995-09-21 00:00:00, 0.0
1.0, 10.6, 50.0, 57.0, 1995-09-22 00:00:00, 0.0
0.0, 14.4, 0.0, 52.0, 1995-09-23 00:00:00, 0.0
0.0, 14.9, 0.0, 47.0, 1995-09-24 00:00:00, 0.0
0.0, 0.0, 0.0, 0.0, 1996-05-30 00:00:00, 0.0
6.0, 8.8, 50.0, 68.0, 1996-05-31 00:00:00, 4.3
7.0, 17.0, 90.0, 46.0, 1996-06-01 00:00:00, 0.0
0.0, 11.2, 0.0, 77.0, 1996-06-02 00:00:00, 0.8
1.0, 14.0, 50.0, 70.0, 1996-06-03 00:00:00, 4.3
2.0, 9.2, 140.0, 85.0, 1996-06-04 00:00:00, 13.7
8.0, 14.6, 50.0, 42.0, 1996-06-05 00:00:00, 4.1
10.0, 15.9, 50.0, 39.0, 1996-06-06 00:00:00, 0.0
9.0, 19.4, 50.0, 42.0, 1996-06-07 00:00:00, 0.0
8.0, 19.6, 0.0, 22.0, 1996-06-08 00:00:00, 0.8
8.0, 14.8, 140.0, 31.0, 1996-06-09 00:00:00, 0.0
2.0, 12.6, 0.0, 47.0, 1996-06-10 00:00:00, 0.0
15.0, 8.6, 180.0, 64.0, 1996-06-11 00:00:00, 8.1
6.0, 15.2, 50.0, 40.0, 1996-06-12 00:00:00, 0.0
1.0, 17.0, 180.0, 36.0, 1996-06-13 00:00:00, 0.0
10.0, 18.5, 50.0, 35.0, 1996-06-14 00:00:00, 0.3
6.0, 19.1, 50.0, 32.0, 1996-06-15 00:00:00, 0.0
9.0, 17.5, 50.0, 25.0, 1996-06-16 00:00:00, 1.3
5.0, 10.5, 230.0, 54.0, 1996-06-17 00:00:00, 0.0
3.0, 9.5, 230.0, 46.0, 1996-06-18 00:00:00, 0.0
7.0, 10.4, 140.0, 67.0, 1996-06-19 00:00:00, 2.0
8.0, 14.9, 0.0, 39.0, 1996-06-20 00:00:00, 0.3
8.0, 18.4, 90.0, 32.0, 1996-06-21 00:00:00, 0.0
7.0, 15.5, 180.0, 48.0, 1996-06-22 00:00:00, 0.0
4.0, 11.1, 140.0, 71.0, 1996-06-23 00:00:00, 0.0
0.0, 10.5, 0.0, 79.0, 1996-06-24 00:00:00, 4.1
0.0, 13.2, 0.0, 79.0, 1996-06-25 00:00:00, 4.1
2.0, 14.8, 90.0, 65.0, 1996-06-26 00:00:00, 0.0
4.0, 15.7, 180.0, 47.0, 1996-06-27 00:00:00, 0.0
6.0, 15.8, 140.0, 53.0, 1996-06-28 00:00:00, 6.1
9.0, 14.2, 90.0, 43.0, 1996-06-29 00:00:00, 0.5
3.0, 15.8, 0.0, 46.0, 1996-06-30 00:00:00, 0.0
2.0, 16.7, 50.0, 61.0, 1996-07-01 00:00:00, 0.8
2.0, 19.1, 50.0, 47.0, 1996-07-02 00:00:00, 0.0
12.0, 23.4, 140.0, 30.0, 1996-07-03 00:00:00, 0.0
4.0, 12.5, 180.0, 71.0, 1996-07-04 00:00:00, 12.4
9.0, 10.1, 140.0, 56.0, 1996-07-05 00:00:00, 1.0
7.0, 16.5, 90.0, 29.0, 1996-07-06 00:00:00, 0.3
11.0, 20.8, 50.0, 29.0, 1996-07-07 00:00:00, 0.0
8.0, 21.9, 50.0, 28.0, 1996-07-08 00:00:00, 0.0
3.0, 20.4, 50.0, 44.0, 1996-07-09 00:00:00, 0.0
2.0, 15.9, 180.0, 37.0, 1996-07-10 00:00:00, 1.0
10.0, 19.7, 320.0, 26.0, 1996-07-11 00:00:00, 0.0
9.0, 22.5, 50.0, 33.0, 1996-07-12 00:00:00, 0.0
9.0, 24.5, 320.0, 23.0, 1996-07-13 00:00:00, 0.0
8.0, 26.0, 50.0, 21.0, 1996-07-14 00:00:00, 0.0
8.0, 23.6, 50.0, 35.0, 1996-07-15 00:00:00, 0.0
2.0, 19.7, 0.0, 57.0, 1996-07-16 00:00:00, 0.0
10.0, 21.7, 0.0, 48.0, 1996-07-17 00:00:00, 0.0
11.0, 15.5, 50.0, 41.0, 1996-07-18 00:00:00, 3.3
6.0, 11.5, 320.0, 76.0, 1996-07-19 00:00:00, 2.5
6.0, 11.3, 270.0, 60.0, 1996-07-20 00:00:00, 1.5
4.0, 15.1, 90.0, 63.0, 1996-07-21 00:00:00, 1.5
2.0, 20.0, 50.0, 47.0, 1996-07-22 00:00:00, 0.0
10.0, 23.4, 50.0, 38.0, 1996-07-23 00:00:00, 0.0
9.0, 23.4, 0.0, 31.0, 1996-07-24 00:00:00, 0.0
11.0, 23.6, 90.0, 31.0, 1996-07-25 00:00:00, 0.3
8.0, 22.0, 140.0, 44.0, 1996-07-26 00:00:00, 0.0
6.0, 22.9, 320.0, 33.0, 1996-07-27 00:00:00, 0.0
9.0, 25.0, 50.0, 27.0, 1996-07-28 00:00:00, 0.0
1.0, 20.1, 320.0, 49.0, 1996-07-29 00:00:00, 0.0
8.0, 19.7, 50.0, 63.0, 1996-07-30 00:00:00, 0.0
11.0, 20.9, 270.0, 22.0, 1996-07-31 00:00:00, 0.0
8.0, 21.5, 320.0, 31.0, 1996-08-01 00:00:00, 0.0
7.0, 20.7, 0.0, 31.0, 1996-08-02 00:00:00, 0.0
4.0, 13.3, 270.0, 63.0, 1996-08-03 00:00:00, 0.0
7.0, 12.7, 180.0, 64.0, 1996-08-04 00:00:00, 0.5
5.0, 12.3, 90.0, 56.0, 1996-08-05 00:00:00, 2.0
3.0, 13.1, 90.0, 69.0, 1996-08-06 00:00:00, 0.0
9.0, 20.7, 50.0, 43.0, 1996-08-07 00:00:00, 0.0
5.0, 22.5, 0.0, 35.0, 1996-08-08 00:00:00, 0.0
15.0, 26.0, 50.0, 25.0, 1996-08-09 00:00:00, 0.0
8.0, 23.2, 50.0, 25.0, 1996-08-10 00:00:00, 0.0
3.0, 21.9, 50.0, 31.0, 1996-08-11 00:00:00, 0.0
8.0, 20.0, 270.0, 29.0, 1996-08-12 00:00:00, 0.3
7.0, 22.6, 50.0, 31.0, 1996-08-13 00:00:00, 0.0
2.0, 22.2, 90.0, 34.0, 1996-08-14 00:00:00, 0.0
7.0, 23.6, 50.0, 37.0, 1996-08-15 00:00:00, 0.0
9.0, 20.2, 140.0, 31.0, 1996-08-16 00:00:00, 0.0
6.0, 16.8, 50.0, 37.0, 1996-08-17 00:00:00, 0.0
2.0, 13.6, 90.0, 72.0, 1996-08-18 00:00:00, 6.9
1.0, 9.0, 0.0, 91.0, 1996-08-19 00:00:00, 7.4
6.0, 12.2, 140.0, 67.0, 1996-08-20 00:00:00, 8.4
10.0, 13.9, 50.0, 60.0, 1996-08-21 00:00:00, 0.0
10.0, 18.8, 0.0, 39.0, 1996-08-22 00:00:00, 0.0
6.0, 21.3, 50.0, 45.0, 1996-08-23 00:00:00, 0.0
5.0, 22.1, 0.0, 32.0, 1996-08-24 00:00:00, 0.0
3.0, 21.9, 320.0, 34.0, 1996-08-25 00:00:00, 0.0
6.0, 22.3, 50.0, 32.0, 1996-08-26 00:00:00, 0.0
2.0, 23.3, 50.0, 36.0, 1996-08-27 00:00:00, 0.0
4.0, 24.4, 50.0, 34.0, 1996-08-28 00:00:00, 0.0
4.0, 22.5, 50.0, 51.0, 1996-08-29 00:00:00, 0.0
2.0, 20.3, 320.0, 55.0, 1996-08-30 00:00:00, 0.0
12.0, 12.1, 140.0, 67.0, 1996-08-31 00:00:00, 13.2
5.0, 13.7, 90.0, 55.0, 1996-09-01 00:00:00, 6.1
1.0, 12.3, 50.0, 58.0, 1996-09-02 00:00:00, 0.0
3.0, 11.9, 180.0, 56.0, 1996-09-03 00:00:00, 0.0
4.0, 12.6, 50.0, 72.0, 1996-09-04 00:00:00, 10.7
3.0, 9.2, 320.0, 59.0, 1996-09-05 00:00:00, 0.5
7.0, 10.4, 50.0, 75.0, 1996-09-06 00:00:00, 0.5
2.0, 9.5, 50.0, 89.0, 1996-09-07 00:00:00, 1.5
3.0, 11.5, 50.0, 87.0, 1996-09-08 00:00:00, 1.3
2.0, 11.7, 90.0, 82.0, 1996-09-09 00:00:00, 2.3
1.0, 14.7, 0.0, 57.0, 1996-09-10 00:00:00, 0.0
1.0, 17.2, 50.0, 54.0, 1996-09-11 00:00:00, 0.0
1.0, 20.2, 50.0, 43.0, 1996-09-12 00:00:00, 0.0
2.0, 14.0, 50.0, 89.0, 1996-09-13 00:00:00, 2.0
2.0, 13.4, 0.0, 84.0, 1996-09-14 00:00:00, 13.2
3.0, 8.4, 180.0, 87.0, 1996-09-15 00:00:00, 2.5
2.0, 9.0, 140.0, 68.0, 1996-09-16 00:00:00, 4.8
4.0, 12.5, 230.0, 45.0, 1996-09-17 00:00:00, 0.0
8.0, 12.9, 270.0, 53.0, 1996-09-18 00:00:00, 0.0
4.0, 11.9, 140.0, 53.0, 1996-09-19 00:00:00, 0.0
0.0, 7.1, 0.0, 62.0, 1996-09-20 00:00:00, 0.3
4.0, 7.1, 140.0, 63.0, 1996-09-21 00:00:00, 0.8
8.0, 7.0, 0.0, 53.0, 1996-09-22 00:00:00, 0.5
6.0, 8.0, 140.0, 40.0, 1996-09-23 00:00:00, 0.3
1.0, 6.2, 0.0, 48.0, 1996-09-24 00:00:00, 0.0
1.0, 10.3, 50.0, 47.0, 1996-09-25 00:00:00, 0.0
6.0, 9.7, 50.0, 65.0, 1996-09-26 00:00:00, 0.0
2.0, 12.0, 50.0, 61.0, 1996-09-27 00:00:00, 0.0
5.0, 16.0, 90.0, 52.0, 1996-09-28 00:00:00, 0.0
6.0, 14.8, 180.0, 44.0, 1996-09-29 00:00:00, 2.8
1.0, 7.8, 90.0, 67.0, 1996-09-30 00:00:00, 0.0
0.0, 8.6, 0.0, 36.0, 1996-10-01 00:00:00, 1.8
2.0, 6.9, 270.0, 48.0, 1996-10-02 00:00:00, 0.0
1.0, 9.6, 50.0, 70.0, 1996-10-03 00:00:00, 0.0
0.0, 8.6, 0.0, 91.0, 1996-10-04 00:00:00, 9.9
3.0, 10.3, 0.0, 83.0, 1996-10-05 00:00:00, 13.2
4.0, 6.1, 50.0, 91.0, 1996-10-06 00:00:00, 3.3
0.0, 0.0, 0.0, 0.0, 1997-06-03 00:00:00, 0.0
1.0, 11.6, 50.0, 89.0, 1997-06-04 00:00:00, 13.0
2.0, 13.6, 0.0, 55.0, 1997-06-05 00:00:00, 2.8
12.0, 17.7, 140.0, 28.0, 1997-06-06 00:00:00, 0.0
2.0, 14.4, 270.0, 53.0, 1997-06-07 00:00:00, 0.0
16.0, 11.0, 90.0, 61.0, 1997-06-08 00:00:00, 8.6
11.0, 18.9, 50.0, 30.0, 1997-06-09 00:00:00, 0.0
9.0, 21.6, 0.0, 24.0, 1997-06-10 00:00:00, 0.0
3.0, 21.1, 0.0, 35.0, 1997-06-11 00:00:00, 0.0
0.0, 15.1, 0.0, 71.0, 1997-06-12 00:00:00, 6.6
13.0, 23.0, 50.0, 40.0, 1997-06-13 00:00:00, 0.0
14.0, 19.5, 0.0, 32.0, 1997-06-14 00:00:00, 0.0
3.0, 21.7, 50.0, 38.0, 1997-06-15 00:00:00, 0.0
5.0, 16.5, 270.0, 41.0, 1997-06-16 00:00:00, 9.7
9.0, 14.8, 0.0, 80.0, 1997-06-17 00:00:00, 2.0
5.0, 11.3, 320.0, 65.0, 1997-06-18 00:00:00, 14.0
4.0, 19.0, 180.0, 60.0, 1997-06-19 00:00:00, 0.3
4.0, 13.5, 320.0, 44.0, 1997-06-20 00:00:00, 0.0
6.0, 13.4, 50.0, 50.0, 1997-06-21 00:00:00, 0.0
0.0, 7.7, 0.0, 88.0, 1997-06-22 00:00:00, 5.6
1.0, 10.5, 50.0, 75.0, 1997-06-23 00:00:00, 6.4
3.0, 15.8, 50.0, 67.0, 1997-06-24 00:00:00, 3.6
10.0, 18.9, 50.0, 48.0, 1997-06-25 00:00:00, 0.0
4.0, 13.4, 180.0, 49.0, 1997-06-26 00:00:00, 4.8
5.0, 15.7, 270.0, 31.0, 1997-06-27 00:00:00, 0.3
10.0, 13.9, 320.0, 46.0, 1997-06-28 00:00:00, 0.3
5.0, 14.8, 90.0, 45.0, 1997-06-29 00:00:00, 0.0
8.0, 16.3, 0.0, 60.0, 1997-06-30 00:00:00, 1.8
5.0, 18.9, 0.0, 50.0, 1997-07-01 00:00:00, 0.0
1.0, 13.9, 50.0, 78.0, 1997-07-02 00:00:00, 0.3
9.0, 15.1, 50.0, 66.0, 1997-07-03 00:00:00, 0.3
7.0, 20.9, 90.0, 38.0, 1997-07-04 00:00:00, 0.0
6.0, 22.7, 180.0, 38.0, 1997-07-05 00:00:00, 0.0
7.0, 14.6, 270.0, 66.0, 1997-07-06 00:00:00, 6.9
4.0, 14.8, 50.0, 71.0, 1997-07-07 00:00:00, 4.1
0.0, 13.0, 0.0, 86.0, 1997-07-08 00:00:00, 4.6
9.0, 18.0, 0.0, 59.0, 1997-07-09 00:00:00, 14.5
6.0, 14.2, 0.0, 76.0, 1997-07-10 00:00:00, 6.9
1.0, 9.0, 90.0, 89.0, 1997-07-11 00:00:00, 2.5
1.0, 9.2, 90.0, 86.0, 1997-07-12 00:00:00, 15.2
5.0, 14.6, 50.0, 83.0, 1997-07-13 00:00:00, 1.8
1.0, 15.6, 0.0, 74.0, 1997-07-14 00:00:00, 1.5
6.0, 16.3, 0.0, 66.0, 1997-07-15 00:00:00, 0.3
4.0, 16.9, 0.0, 70.0, 1997-07-16 00:00:00, 5.1
5.0, 19.2, 50.0, 42.0, 1997-07-17 00:00:00, 0.0
9.0, 19.2, 50.0, 54.0, 1997-07-18 00:00:00, 2.5
4.0, 21.7, 50.0, 43.0, 1997-07-19 00:00:00, 0.0
9.0, 24.5, 0.0, 37.0, 1997-07-20 00:00:00, 0.0
4.0, 23.0, 0.0, 49.0, 1997-07-21 00:00:00, 0.0
13.0, 13.7, 140.0, 79.0, 1997-07-22 00:00:00, 10.4
9.0, 13.2, 0.0, 64.0, 1997-07-23 00:00:00, 3.0
18.0, 12.8, 140.0, 61.0, 1997-07-24 00:00:00, 5.3
5.0, 14.7, 50.0, 53.0, 1997-07-25 00:00:00, 0.8
10.0, 15.4, 0.0, 44.0, 1997-07-26 00:00:00, 0.0
8.0, 19.6, 50.0, 38.0, 1997-07-27 00:00:00, 0.0
7.0, 22.5, 50.0, 39.0, 1997-07-28 00:00:00, 0.0
8.0, 23.8, 50.0, 39.0, 1997-07-29 00:00:00, 0.0
3.0, 17.2, 140.0, 80.0, 1997-07-30 00:00:00, 1.5
8.0, 21.4, 50.0, 47.0, 1997-07-31 00:00:00, 1.0
6.0, 19.2, 180.0, 56.0, 1997-08-01 00:00:00, 4.3
2.0, 13.5, 50.0, 90.0, 1997-08-02 00:00:00, 9.7
9.0, 20.6, 50.0, 61.0, 1997-08-03 00:00:00, 3.0
7.0, 24.0, 320.0, 47.0, 1997-08-04 00:00:00, 0.0
5.0, 25.9, 0.0, 41.0, 1997-08-05 00:00:00, 0.0
7.0, 24.9, 320.0, 45.0, 1997-08-06 00:00:00, 1.5
2.0, 19.4, 50.0, 63.0, 1997-08-07 00:00:00, 3.0
16.0, 15.0, 90.0, 50.0, 1997-08-08 00:00:00, 1.0
8.0, 16.5, 50.0, 38.0, 1997-08-09 00:00:00, 0.0
7.0, 19.6, 0.0, 36.0, 1997-08-10 00:00:00, 0.0
5.0, 22.2, 0.0, 40.0, 1997-08-11 00:00:00, 0.0
3.0, 12.9, 0.0, 93.0, 1997-08-12 00:00:00, 10.4
3.0, 15.5, 0.0, 84.0, 1997-08-13 00:00:00, 7.6
13.0, 21.0, 270.0, 37.0, 1997-08-14 00:00:00, 0.0
4.0, 17.7, 320.0, 40.0, 1997-08-15 00:00:00, 0.0
4.0, 11.9, 140.0, 77.0, 1997-08-16 00:00:00, 0.3
5.0, 15.1, 50.0, 65.0, 1997-08-17 00:00:00, 2.3
9.0, 17.1, 0.0, 59.0, 1997-08-18 00:00:00, 0.0
6.0, 16.6, 0.0, 69.0, 1997-08-19 00:00:00, 3.6
4.0, 20.1, 320.0, 50.0, 1997-08-20 00:00:00, 0.0
5.0, 17.4, 50.0, 73.0, 1997-08-21 00:00:00, 0.5
10.0, 19.8, 0.0, 61.0, 1997-08-22 00:00:00, 0.0
3.0, 21.1, 320.0, 85.0, 1997-08-23 00:00:00, 2.0
4.0, 14.8, 90.0, 73.0, 1997-08-24 00:00:00, 7.6
6.0, 15.6, 50.0, 69.0, 1997-08-25 00:00:00, 0.0
6.0, 16.0, 0.0, 68.0, 1997-08-26 00:00:00, 0.0
6.0, 17.7, 180.0, 35.0, 1997-08-27 00:00:00, 1.5
6.0, 13.2, 0.0, 76.0, 1997-08-28 00:00:00, 3.3
7.0, 11.0, 90.0, 80.0, 1997-08-29 00:00:00, 8.4
5.0, 12.9, 50.0, 72.0, 1997-08-30 00:00:00, 1.0
3.0, 15.0, 50.0, 67.0, 1997-08-31 00:00:00, 0.3
6.0, 17.3, 0.0, 58.0, 1997-09-01 00:00:00, 0.0
2.0, 19.3, 50.0, 65.0, 1997-09-02 00:00:00, 0.5
5.0, 17.8, 50.0, 60.0, 1997-09-03 00:00:00, 2.0
2.0, 16.0, 180.0, 63.0, 1997-09-04 00:00:00, 0.5
4.0, 15.5, 0.0, 64.0, 1997-09-05 00:00:00, 0.0
5.0, 13.7, 0.0, 50.0, 1997-09-06 00:00:00, 9.1
7.0, 13.2, 50.0, 69.0, 1997-09-07 00:00:00, 0.3
6.0, 14.7, 50.0, 54.0, 1997-09-08 00:00:00, 0.0
4.0, 16.2, 270.0, 46.0, 1997-09-09 00:00:00, 0.0
2.0, 17.7, 270.0, 45.0, 1997-09-10 00:00:00, 0.0
0.0, 14.3, 0.0, 83.0, 1997-09-11 00:00:00, 0.0
0.0, 9.1, 0.0, 92.0, 1997-09-12 00:00:00, 8.4
3.0, 10.2, 0.0, 75.0, 1997-09-13 00:00:00, 4.8
5.0, 7.8, 230.0, 94.0, 1997-09-14 00:00:00, 9.4
2.0, 9.4, 140.0, 89.0, 1997-09-15 00:00:00, 11.7
6.0, 10.4, 90.0, 69.0, 1997-09-16 00:00:00, 5.3
4.0, 6.8, 90.0, 93.0, 1997-09-17 00:00:00, 6.6
7.0, 5.8, 90.0, 82.0, 1997-09-18 00:00:00, 17.3
6.0, 9.7, 270.0, 67.0, 1997-09-19 00:00:00, 0.0
2.0, 12.5, 0.0, 63.0, 1997-09-20 00:00:00, 0.0
1.0, 13.9, 0.0, 61.0, 1997-09-21 00:00:00, 0.0
1.0, 15.0, 320.0, 59.0, 1997-09-22 00:00:00, 0.0
4.0, 16.7, 0.0, 55.0, 1997-09-23 00:00:00, 0.0
2.0, 15.9, 270.0, 52.0, 1997-09-24 00:00:00, 0.0
2.0, 15.0, 90.0, 56.0, 1997-09-25 00:00:00, 0.0
7.0, 9.0, 180.0, 84.0, 1997-09-26 00:00:00, 17.0
7.0, 8.6, 230.0, 71.0, 1997-09-27 00:00:00, 1.8
5.0, 9.4, 0.0, 87.0, 1997-09-28 00:00:00, 1.0
2.0, 10.8, 0.0, 83.0, 1997-09-29 00:00:00, 3.0
2.0, 7.7, 270.0, 96.0, 1997-09-30 00:00:00, 10.7
0.0, 8.1, 0.0, 97.0, 1997-10-01 00:00:00, 17.8
2.0, 9.5, 50.0, 69.0, 1997-10-02 00:00:00, 22.1
5.0, 15.0, 180.0, 72.0, 1998-05-26 00:00:00, 0.0
24.0, 20.9, 180.0, 31.0, 1998-05-27 00:00:00, 0.0
6.0, 9.8, 180.0, 70.0, 1998-05-28 00:00:00, 0.0
10.0, 16.6, 270.0, 47.0, 1998-05-29 00:00:00, 0.0
9.0, 19.6, 135.0, 44.0, 1998-05-30 00:00:00, 0.0
9.0, 16.3, 225.0, 55.0, 1998-05-31 00:00:00, 0.0
15.0, 14.0, 270.0, 53.0, 1998-06-01 00:00:00, 3.3
11.0, 14.7, 180.0, 35.0, 1998-06-02 00:00:00, 0.8
8.0, 18.7, 180.0, 31.0, 1998-06-03 00:00:00, 0.0
0.0, 0.0, 0.0, 0.0, 1999-06-09 00:00:00, 0.0
2.0, 8.3, 90.0, 79.0, 1999-06-10 00:00:00, 4.6
7.0, 15.5, 90.0, 43.0, 1999-06-11 00:00:00, 0.8
11.0, 17.9, 45.0, 29.0, 1999-06-12 00:00:00, 0.0
7.0, 17.9, 0.0, 33.0, 1999-06-13 00:00:00, 0.0
5.0, 22.0, 45.0, 32.0, 1999-06-14 00:00:00, 0.0
