station_observations
wind_speed, temperature, wind_direction, relative_humidity, time, precipitation
0.0, 0.0, 0.0, 0.0, 1994-08-02 00:00:00, 0.0
2.0, 22.9, 320.0, 49.0, 1994-08-03 00:00:00, 0.0
4.0, 19.3, 50.0, 74.0, 1994-08-04 00:00:00, 1.3
3.0, 21.7, 50.0, 52.0, 1994-08-05 00:00:00, 0.0
14.0, 17.4, 320.0, 66.0, 1994-08-06 00:00:00, 4.8
6.0, 14.9, 90.0, 78.0, 1994-08-07 00:00:00, 1.3
2.0, 13.9, 0.0, 83.0, 1994-08-08 00:00:00, 0.8
0.0, 11.0, 0.0, 94.0, 1994-08-09 00:00:00, 15.2
6.0, 14.8, 0.0, 70.0, 1994-08-10 00:00:00, 3.6
3.0, 18.6, 0.0, 59.0, 1994-08-11 00:00:00, 0.0
4.0, 20.1, 0.0, 47.0, 1994-08-12 00:00:00, 0.0
1.0, 22.3, 0.0, 44.0, 1994-08-13 00:00:00, 0.0
3.0, 24.5, 0.0, 37.0, 1994-08-14 00:00:00, 0.0
5.0, 20.0, 320.0, 51.0, 1994-08-15 00:00:00, 0.0
5.0, 18.7, 320.0, 54.0, 1994-08-16 00:00:00, 0.0
9.0, 15.5, 320.0, 72.0, 1994-08-17 00:00:00, 2.8
4.0, 17.8, 0.0, 59.0, 1994-08-18 00:00:00, 0.0
4.0, 22.0, 50.0, 42.0, 1994-08-19 00:00:00, 0.0
3.0, 21.2, 0.0, 48.0, 1994-08-20 00:00:00, 0.0
4.0, 17.1, 0.0, 57.0, 1994-08-21 00:00:00, 0.0
2.0, 15.0, 0.0, 84.0, 1994-08-22 00:00:00, 0.8
4.0, 12.2, 0.0, 77.0, 1994-08-23 00:00:00, 24.4
2.0, 13.4, 0.0, 62.0, 1994-08-24 00:00:00, 0.0
5.0, 14.6, 0.0, 62.0, 1994-08-25 00:00:00, 0.0
2.0, 10.0, 0.0, 80.0, 1994-08-26 00:00:00, 0.8
10.0, 11.8, 140.0, 72.0, 1994-08-27 00:00:00, 0.5
3.0, 17.3, 0.0, 57.0, 1994-08-28 00:00:00, 0.0
11.0, 18.1, 0.0, 53.0, 1994-08-29 00:00:00, 0.0
14.0, 18.6, 90.0, 55.0, 1994-08-30 00:00:00, 1.0
19.0, 17.8, 180.0, 44.0, 1994-08-31 00:00:00, 0.0
14.0, 13.8, 140.0, 45.0, 1994-09-01 00:00:00, 0.0
13.0, 14.5, 140.0, 67.0, 1994-09-02 00:00:00, 2.5
3.0, 10.6, 0.0, 98.0, 1994-09-03 00:00:00, 2.8
13.0, 14.2, 0.0, 66.0, 1994-09-04 00:00:00, 1.0
5.0, 15.2, 90.0, 52.0, 1994-09-05 00:00:00, 0.0
13.0, 18.1, 90.0, 44.0, 1994-09-06 00:00:00, 0.0
1.0, 16.8, 0.0, 54.0, 1994-09-07 00:00:00, 0.0
1.0, 17.5, 320.0, 54.0, 1994-09-08 00:00:00, 0.0
1.0, 11.7, 50.0, 86.0, 1994-09-09 00:00:00, 8.6
7.0, 9.9, 90.0, 73.0, 1994-09-10 00:00:00, 1.0
3.0, 11.1, 320.0, 73.0, 1994-09-11 00:00:00, 0.5
1.0, 10.5, 50.0, 71.0, 1994-09-12 00:00:00, 0.0
3.0, 14.4, 90.0, 53.0, 1994-09-13 00:00:00, 0.0
1.0, 14.0, 320.0, 50.0, 1994-09-14 00:00:00, 0.5
1.0, 14.5, 50.0, 76.0, 1994-09-15 00:00:00, 0.0
1.0, 18.1, 50.0, 60.0, 1994-09-16 00:00:00, 0.0
1.0, 17.2, 0.0, 60.0, 1994-09-17 00:00:00, 0.0
2.0, 16.6, 320.0, 62.0, 1994-09-18 00:00:00, 0.0
0.0, 17.0, 0.0, 62.0, 1994-09-19 00:00:00, 0.0
25.0, 14.8, 50.0, 52.0, 1994-09-20 00:00:00, 0.0
1.0, 12.7, 0.0, 43.0, 1994-09-21 00:00:00, 0.0
1.0, 14.5, 0.0, 50.0, 1994-09-22 00:00:00, 0.0
0.0, 13.2, 0.0, 67.0, 1994-09-23 00:00:00, 0.0
0.0, 18.1, 0.0, 59.0, 1994-09-24 00:00:00, 0.0
0.0, 17.6, 0.0, 45.0, 1994-09-25 00:00:00, 0.0
1.0, 16.3, 0.0, 38.0, 1994-09-26 00:00:00, 0.0
2.0, 17.9, 0.0, 42.0, 1994-09-27 00:00:00, 0.0
3.0, 12.8, 0.0, 59.0, 1994-09-28 00:00:00, 0.0
3.0, 9.4, 320.0, 83.0, 1994-09-29 00:00:00, 2.5
0.0, 11.4, 0.0, 97.0, 1994-09-30 00:00:00, 7.9
0.0, 10.0, 0.0, 98.0, 1994-10-01 00:00:00, 9.1
15.0, 7.2, 270.0, 39.0, 1994-10-02 00:00:00, 0.8
5.0, 7.8, 320.0, 56.0, 1994-10-03 00:00:00, 0.0
3.0, 10.4, 140.0, 73.0, 1994-10-04 00:00:00, 0.0
0.0, 8.7, 0.0, 73.0, 1994-10-05 00:00:00, 0.0
3.0, 7.5, 0.0, 70.0, 1994-10-06 00:00:00, 0.0
1.0, 11.5, 270.0, 48.0, 1994-10-07 00:00:00, 0.0
0.0, 9.1, 0.0, 56.0, 1994-10-08 00:00:00, 0.0
13.0, 10.9, 140.0, 44.0, 1994-10-09 00:00:00, 0.0
9.0, 6.6, 270.0, 69.0, 1994-10-10 00:00:00, 10.9
4.0, 5.0, 320.0, 72.0, 1994-10-11 00:00:00, 0.0
0.0, 7.3, 0.0, 77.0, 1994-10-12 00:00:00, 0.0
16.0, 6.7, 140.0, 58.0, 1994-10-13 00:00:00, 0.0
5.0, 4.6, 140.0, 86.0, 1994-10-14 00:00:00, 2.0
0.0, 0.0, 0.0, 0.0, 1995-06-04 00:00:00, 0.0
5.0, 12.5, 320.0, 86.0, 1995-06-05 00:00:00, 5.1
28.0, 14.6, 320.0, 61.0, 1995-06-06 00:00:00, 0.0
12.0, 18.2, 90.0, 22.0, 1995-06-07 00:00:00, 0.0
18.0, 16.8, 90.0, 29.0, 1995-06-08 00:00:00, 0.0
14.0, 18.5, 140.0, 19.0, 1995-06-09 00:00:00, 0.0
12.0, 19.5, 140.0, 26.0, 1995-06-10 00:00:00, 0.0
17.0, 16.1, 140.0, 55.0, 1995-06-11 00:00:00, 0.0
9.0, 16.5, 90.0, 46.0, 1995-06-12 00:00:00, 6.3
9.0, 13.5, 140.0, 53.0, 1995-06-13 00:00:00, 12.0
10.0, 13.6, 90.0, 58.0, 1995-06-14 00:00:00, 0.0
8.0, 13.6, 0.0, 81.0, 1995-06-15 00:00:00, 1.5
2.0, 12.3, 230.0, 82.0, 1995-06-16 00:00:00, 0.8
5.0, 15.7, 0.0, 69.0, 1995-06-17 00:00:00, 2.0
7.0, 12.5, 320.0, 80.0, 1995-06-18 00:00:00, 0.0
9.0, 11.9, 320.0, 86.0, 1995-06-19 00:00:00, 5.1
0.0, 12.8, 0.0, 85.0, 1995-06-20 00:00:00, 1.3
3.0, 12.8, 0.0, 78.0, 1995-06-21 00:00:00, 5.6
11.0, 21.2, 50.0, 47.0, 1995-06-22 00:00:00, 0.0
6.0, 23.4, 50.0, 42.0, 1995-06-23 00:00:00, 0.0
12.0, 21.6, 140.0, 43.0, 1995-06-24 00:00:00, 0.0
6.0, 19.3, 0.0, 61.0, 1995-06-25 00:00:00, 4.3
22.0, 16.4, 270.0, 25.0, 1995-06-26 00:00:00, 0.0
9.0, 19.6, 0.0, 31.0, 1995-06-27 00:00:00, 0.0
6.0, 21.4, 320.0, 34.0, 1995-06-28 00:00:00, 0.0
11.0, 21.3, 50.0, 36.0, 1995-06-29 00:00:00, 0.0
8.0, 21.2, 90.0, 39.0, 1995-06-30 00:00:00, 0.0
2.0, 19.4, 0.0, 52.0, 1995-07-01 00:00:00, 0.0
2.0, 14.5, 0.0, 92.0, 1995-07-02 00:00:00, 7.4
9.0, 11.0, 270.0, 99.0, 1995-07-03 00:00:00, 19.8
8.0, 12.7, 0.0, 91.0, 1995-07-04 00:00:00, 10.4
5.0, 14.3, 0.0, 68.0, 1995-07-05 00:00:00, 2.5
4.0, 16.7, 140.0, 66.0, 1995-07-06 00:00:00, 0.5
2.0, 13.0, 0.0, 94.0, 1995-07-07 00:00:00, 1.5
3.0, 15.1, 50.0, 63.0, 1995-07-08 00:00:00, 0.9
8.0, 19.1, 50.0, 67.0, 1995-07-09 00:00:00, 0.0
4.0, 15.3, 180.0, 79.0, 1995-07-10 00:00:00, 8.9
5.0, 13.4, 180.0, 68.0, 1995-07-11 00:00:00, 2.8
8.0, 12.7, 270.0, 80.0, 1995-07-12 00:00:00, 1.0
4.0, 16.2, 320.0, 63.0, 1995-07-13 00:00:00, 0.0
5.0, 16.7, 0.0, 78.0, 1995-07-14 00:00:00, 0.2
12.0, 19.3, 270.0, 34.0, 1995-07-15 00:00:00, 0.0
12.0, 21.5, 270.0, 33.0, 1995-07-16 00:00:00, 0.0
17.0, 22.0, 320.0, 37.0, 1995-07-17 00:00:00, 0.0
17.0, 22.1, 320.0, 37.0, 1995-07-18 00:00:00, 0.0
5.0, 21.9, 0.0, 42.0, 1995-07-19 00:00:00, 0.0
2.0, 19.6, 50.0, 63.0, 1995-07-20 00:00:00, 0.0
9.0, 18.1, 230.0, 72.0, 1995-07-21 00:00:00, 6.1
12.0, 19.2, 90.0, 61.0, 1995-07-22 00:00:00, 0.0
12.0, 17.6, 90.0, 64.0, 1995-07-23 00:00:00, 0.0
1.0, 17.3, 0.0, 64.0, 1995-07-24 00:00:00, 0.0
3.0, 16.8, 270.0, 82.0, 1995-07-25 00:00:00, 0.8
4.0, 15.5, 320.0, 88.0, 1995-07-26 00:00:00, 4.8
9.0, 18.7, 0.0, 72.0, 1995-07-27 00:00:00, 30.0
10.0, 16.1, 90.0, 49.0, 1995-07-28 00:00:00, 11.2
9.0, 13.2, 50.0, 65.0, 1995-07-29 00:00:00, 1.3
11.0, 16.9, 320.0, 63.0, 1995-07-30 00:00:00, 0.0
4.0, 16.6, 0.0, 71.0, 1995-07-31 00:00:00, 0.2
4.0, 15.4, 0.0, 81.0, 1995-08-01 00:00:00, 1.8
4.0, 16.6, 320.0, 59.0, 1995-08-02 00:00:00, 0.5
7.0, 15.1, 320.0, 75.0, 1995-08-03 00:00:00, 0.0
2.0, 18.4, 0.0, 68.0, 1995-08-04 00:00:00, 0.0
1.0, 14.1, 50.0, 92.0, 1995-08-05 00:00:00, 1.3
4.0, 11.1, 320.0, 94.0, 1995-08-06 00:00:00, 0.8
5.0, 9.8, 320.0, 98.0, 1995-08-07 00:00:00, 0.5
27.0, 11.7, 320.0, 76.0, 1995-08-08 00:00:00, 0.5
16.0, 16.8, 0.0, 65.0, 1995-08-09 00:00:00, 0.5
3.0, 15.9, 50.0, 67.0, 1995-08-10 00:00:00, 0.2
4.0, 15.0, 50.0, 88.0, 1995-08-11 00:00:00, 0.2
6.0, 11.5, 90.0, 80.0, 1995-08-12 00:00:00, 0.2
4.0, 13.2, 0.0, 83.0, 1995-08-13 00:00:00, 0.2
7.0, 11.0, 140.0, 82.0, 1995-08-14 00:00:00, 0.2
0.0, 9.8, 0.0, 91.0, 1995-08-15 00:00:00, 17.4
1.0, 10.7, 50.0, 89.0, 1995-08-16 00:00:00, 36.2
4.0, 11.0, 50.0, 84.0, 1995-08-17 00:00:00, 1.3
7.0, 10.0, 90.0, 84.0, 1995-08-18 00:00:00, 0.8
1.0, 10.6, 0.0, 90.0, 1995-08-19 00:00:00, 4.8
3.0, 12.6, 320.0, 82.0, 1995-08-20 00:00:00, 2.3
18.0, 19.4, 140.0, 46.0, 1995-08-21 00:00:00, 0.2
5.0, 14.6, 0.0, 73.0, 1995-08-22 00:00:00, 1.5
5.0, 17.2, 50.0, 58.0, 1995-08-23 00:00:00, 0.0
11.0, 11.6, 140.0, 63.0, 1995-08-24 00:00:00, 0.0
3.0, 13.0, 320.0, 67.0, 1995-08-25 00:00:00, 0.2
7.0, 13.5, 320.0, 65.0, 1995-08-26 00:00:00, 0.0
6.0, 10.9, 50.0, 81.0, 1995-08-27 00:00:00, 5.6
2.0, 14.7, 0.0, 72.0, 1995-08-28 00:00:00, 1.5
10.0, 10.6, 320.0, 85.0, 1995-08-29 00:00:00, 11.4
6.0, 12.0, 320.0, 74.0, 1995-08-30 00:00:00, 1.3
5.0, 15.4, 50.0, 68.0, 1995-08-31 00:00:00, 0.0
1.0, 15.8, 50.0, 66.0, 1995-09-01 00:00:00, 0.0
3.0, 17.1, 0.0, 56.0, 1995-09-02 00:00:00, 0.0
2.0, 18.7, 50.0, 49.0, 1995-09-03 00:00:00, 0.0
1.0, 19.1, 50.0, 47.0, 1995-09-04 00:00:00, 0.0
1.0, 16.0, 0.0, 92.0, 1995-09-05 00:00:00, 1.3
1.0, 13.8, 140.0, 92.0, 1995-09-06 00:00:00, 21.6
2.0, 15.8, 0.0, 78.0, 1995-09-07 00:00:00, 0.0
2.0, 17.1, 50.0, 64.0, 1995-09-08 00:00:00, 0.0
2.0, 17.4, 0.0, 68.0, 1995-09-09 00:00:00, 0.0
2.0, 17.4, 320.0, 65.0, 1995-09-10 00:00:00, 0.0
2.0, 16.3, 0.0, 75.0, 1995-09-11 00:00:00, 0.0
3.0, 17.6, 320.0, 60.0, 1995-09-12 00:00:00, 0.0
5.0, 15.6, 270.0, 58.0, 1995-09-13 00:00:00, 0.0
3.0, 15.5, 320.0, 62.0, 1995-09-14 00:00:00, 0.0
17.0, 18.6, 270.0, 48.0, 1995-09-15 00:00:00, 0.0
3.0, 15.5, 0.0, 63.0, 1995-09-16 00:00:00, 0.0
7.0, 14.8, 320.0, 61.0, 1995-09-17 00:00:00, 0.0
19.0, 14.2, 320.0, 46.0, 1995-09-18 00:00:00, 0.0
3.0, 11.6, 50.0, 67.0, 1995-09-19 00:00:00, 0.0
2.0, 12.3, 90.0, 36.0, 1995-09-20 00:00:00, 0.0
6.0, 10.1, 90.0, 44.0, 1995-09-21 00:00:00, 0.0
1.0, 9.8, 320.0, 65.0, 1995-09-22 00:00:00, 0.0
8.0, 13.3, 90.0, 53.0, 1995-09-23 00:00:00, 0.0
1.0, 14.4, 320.0, 56.0, 1995-09-24 00:00:00, 0.0
0.0, 0.0, 0.0, 0.0, 1996-05-20 00:00:00, 0.0
6.0, 11.9, 320.0, 48.0, 1996-05-21 00:00:00, 2.3
8.0, 12.5, 90.0, 54.0, 1996-05-22 00:00:00, 0.0
7.0, 15.5, 0.0, 53.0, 1996-05-23 00:00:00, 0.5
7.0, 15.7, 0.0, 47.0, 1996-05-24 00:00:00, 0.0
12.0, 14.7, 90.0, 47.0, 1996-05-25 00:00:00, 0.0
22.0, 14.1, 320.0, 52.0, 1996-05-26 00:00:00, 0.0
15.0, 13.1, 320.0, 46.0, 1996-05-27 00:00:00, 0.0
11.0, 11.1, 0.0, 61.0, 1996-05-28 00:00:00, 0.0
4.0, 8.6, 0.0, 84.0, 1996-05-29 00:00:00, 0.2
8.0, 4.1, 320.0, 99.0, 1996-05-30 00:00:00, 36.6
10.0, 9.2, 320.0, 93.0, 1996-05-31 00:00:00, 6.1
9.0, 15.4, 0.0, 71.0, 1996-06-01 00:00:00, 0.0
0.0, 10.5, 0.0, 89.0, 1996-06-02 00:00:00, 0.0
5.0, 15.1, 50.0, 84.0, 1996-06-03 00:00:00, 3.8
0.0, 12.0, 0.0, 95.0, 1996-06-04 00:00:00, 10.0
5.0, 15.0, 0.0, 50.0, 1996-06-05 00:00:00, 0.5
3.0, 17.0, 0.0, 50.0, 1996-06-06 00:00:00, 0.0
5.0, 21.0, 0.0, 50.0, 1996-06-07 00:00:00, 0.0
5.0, 21.0, 230.0, 25.0, 1996-06-08 00:00:00, 0.5
8.0, 17.0, 230.0, 35.0, 1996-06-09 00:00:00, 0.0
0.0, 15.0, 0.0, 50.0, 1996-06-10 00:00:00, 0.0
5.0, 15.0, 230.0, 60.0, 1996-06-11 00:00:00, 1.0
2.0, 17.0, 270.0, 45.0, 1996-06-12 00:00:00, 0.0
1.0, 17.5, 0.0, 50.0, 1996-06-13 00:00:00, 0.0
2.0, 19.0, 270.0, 45.0, 1996-06-14 00:00:00, 0.0
5.0, 16.8, 0.0, 45.0, 1996-06-15 00:00:00, 0.0
10.0, 16.2, 0.0, 39.0, 1996-06-16 00:00:00, 0.0
5.0, 13.5, 0.0, 61.0, 1996-06-17 00:00:00, 0.0
19.0, 12.3, 320.0, 45.0, 1996-06-18 00:00:00, 0.0
25.0, 13.3, 320.0, 55.0, 1996-06-19 00:00:00, 0.0
17.0, 16.3, 320.0, 54.0, 1996-06-20 00:00:00, 0.0
4.0, 16.9, 0.0, 49.0, 1996-06-21 00:00:00, 0.0
7.0, 16.9, 90.0, 52.0, 1996-06-22 00:00:00, 0.0
9.0, 12.2, 140.0, 73.0, 1996-06-23 00:00:00, 0.0
0.0, 10.8, 0.0, 89.0, 1996-06-24 00:00:00, 0.3
0.0, 12.6, 0.0, 89.0, 1996-06-25 00:00:00, 0.0
0.0, 14.2, 0.0, 61.0, 1996-06-26 00:00:00, 0.0
0.0, 17.6, 0.0, 56.0, 1996-06-27 00:00:00, 0.0
0.0, 14.0, 0.0, 71.0, 1996-06-28 00:00:00, 0.0
0.0, 12.4, 0.0, 81.0, 1996-06-29 00:00:00, 0.0
0.0, 15.5, 0.0, 66.0, 1996-06-30 00:00:00, 0.0
0.0, 17.4, 0.0, 68.0, 1996-07-01 00:00:00, 0.0
9.0, 21.6, 90.0, 44.0, 1996-07-02 00:00:00, 0.0
3.0, 18.8, 0.0, 74.0, 1996-07-03 00:00:00, 3.3
7.0, 15.7, 320.0, 67.0, 1996-07-04 00:00:00, 5.1
19.0, 13.0, 320.0, 51.0, 1996-07-05 00:00:00, 0.0
15.0, 17.9, 0.0, 41.0, 1996-07-06 00:00:00, 0.0
6.0, 19.4, 90.0, 39.0, 1996-07-07 00:00:00, 0.0
5.0, 21.2, 320.0, 44.0, 1996-07-08 00:00:00, 0.0
5.0, 19.9, 140.0, 55.0, 1996-07-09 00:00:00, 0.0
19.0, 16.1, 320.0, 49.0, 1996-07-10 00:00:00, 2.3
5.0, 19.3, 0.0, 39.0, 1996-07-11 00:00:00, 0.0
3.0, 20.8, 0.0, 39.0, 1996-07-12 00:00:00, 0.0
11.0, 23.3, 320.0, 32.0, 1996-07-13 00:00:00, 0.0
6.0, 22.6, 320.0, 39.0, 1996-07-14 00:00:00, 0.0
8.0, 22.3, 320.0, 46.0, 1996-07-15 00:00:00, 0.0
12.0, 15.9, 270.0, 55.0, 1996-07-16 00:00:00, 0.8
5.0, 17.9, 90.0, 64.0, 1996-07-17 00:00:00, 0.0
6.0, 15.5, 50.0, 52.0, 1996-07-18 00:00:00, 4.8
7.0, 11.7, 140.0, 48.0, 1996-07-19 00:00:00, 5.3
9.0, 11.4, 0.0, 91.0, 1996-07-20 00:00:00, 5.6
8.0, 13.1, 320.0, 80.0, 1996-07-21 00:00:00, 0.3
8.0, 18.5, 0.0, 62.0, 1996-07-22 00:00:00, 0.0
14.0, 20.9, 320.0, 49.0, 1996-07-23 00:00:00, 0.0
6.0, 21.9, 320.0, 48.0, 1996-07-24 00:00:00, 0.0
9.0, 23.1, 0.0, 43.0, 1996-07-25 00:00:00, 0.0
13.0, 22.1, 90.0, 45.0, 1996-07-26 00:00:00, 0.0
5.0, 22.6, 320.0, 39.0, 1996-07-27 00:00:00, 0.0
5.0, 23.8, 50.0, 38.0, 1996-07-28 00:00:00, 0.0
1.0, 19.0, 270.0, 64.0, 1996-07-29 00:00:00, 0.0
17.0, 19.7, 90.0, 68.0, 1996-07-30 00:00:00, 0.0
13.0, 21.3, 320.0, 29.0, 1996-07-31 00:00:00, 0.0
6.0, 21.7, 90.0, 41.0, 1996-08-01 00:00:00, 0.0
10.0, 17.6, 0.0, 62.0, 1996-08-02 00:00:00, 0.0
19.0, 14.5, 320.0, 7.0, 1996-08-03 00:00:00, 0.3
6.0, 13.9, 320.0, 83.0, 1996-08-04 00:00:00, 0.8
17.0, 12.1, 320.0, 78.0, 1996-08-05 00:00:00, 0.0
7.0, 14.9, 0.0, 76.0, 1996-08-06 00:00:00, 0.3
6.0, 20.1, 90.0, 51.0, 1996-08-07 00:00:00, 0.0
3.0, 21.3, 90.0, 40.0, 1996-08-08 00:00:00, 0.0
5.0, 22.0, 320.0, 45.0, 1996-08-09 00:00:00, 0.0
3.0, 22.4, 0.0, 45.0, 1996-08-10 00:00:00, 0.0
19.0, 23.7, 140.0, 35.0, 1996-08-11 00:00:00, 0.0
13.0, 19.8, 320.0, 37.0, 1996-08-12 00:00:00, 0.3
5.0, 20.1, 50.0, 45.0, 1996-08-13 00:00:00, 0.0
5.0, 23.3, 180.0, 39.0, 1996-08-14 00:00:00, 0.0
3.0, 21.7, 140.0, 48.0, 1996-08-15 00:00:00, 0.0
10.0, 21.8, 140.0, 28.0, 1996-08-16 00:00:00, 0.0
12.0, 13.4, 140.0, 60.0, 1996-08-17 00:00:00, 0.3
11.0, 12.6, 320.0, 78.0, 1996-08-18 00:00:00, 4.1
11.0, 10.5, 90.0, 88.0, 1996-08-19 00:00:00, 1.0
8.0, 11.7, 320.0, 83.0, 1996-08-20 00:00:00, 9.9
7.0, 14.9, 90.0, 62.0, 1996-08-21 00:00:00, 0.3
0.0, 16.2, 0.0, 66.0, 1996-08-22 00:00:00, 0.0
5.0, 20.5, 180.0, 51.0, 1996-08-23 00:00:00, 0.0
3.0, 21.2, 50.0, 48.0, 1996-08-24 00:00:00, 0.0
2.0, 20.9, 50.0, 55.0, 1996-08-25 00:00:00, 0.0
3.0, 21.9, 50.0, 43.0, 1996-08-26 00:00:00, 0.0
1.0, 21.3, 0.0, 59.0, 1996-08-27 00:00:00, 0.0
0.0, 21.9, 0.0, 50.0, 1996-08-28 00:00:00, 0.0
1.0, 22.5, 0.0, 60.0, 1996-08-29 00:00:00, 0.0
