station_observations
wind_speed, temperature, wind_direction, relative_humidity, time, precipitation
0.0, 0.0, 0.0, 0.0, 1997-05-22 00:00:00, 0.0
0.0, 12.9, 0.0, 45.0, 1997-05-23 00:00:00, 0.0
1.0, 11.0, 230.0, 79.0, 1997-05-24 00:00:00, 0.0
5.0, 16.9, 90.0, 38.0, 1997-05-25 00:00:00, 0.0
1.0, 14.4, 140.0, 48.0, 1997-05-26 00:00:00, 0.0
1.0, 13.6, 230.0, 64.0, 1997-05-27 00:00:00, 0.3
3.0, 17.2, 140.0, 43.0, 1997-05-28 00:00:00, 0.0
2.0, 15.8, 230.0, 53.0, 1997-05-29 00:00:00, 0.0
1.0, 15.6, 90.0, 61.0, 1997-05-30 00:00:00, 2.3
1.0, 13.6, 90.0, 84.0, 1997-05-31 00:00:00, 7.9
3.0, 13.5, 140.0, 47.0, 1997-06-01 00:00:00, 8.6
3.0, 14.0, 230.0, 40.0, 1997-06-02 00:00:00, 0.0
7.0, 20.4, 140.0, 27.0, 1997-06-03 00:00:00, 0.0
0.0, 10.0, 0.0, 98.0, 1997-06-04 00:00:00, 11.7
0.0, 12.4, 0.0, 84.0, 1997-06-05 00:00:00, 12.7
1.0, 16.4, 230.0, 38.0, 1997-06-06 00:00:00, 0.0
5.0, 15.8, 230.0, 45.0, 1997-06-07 00:00:00, 0.3
3.0, 14.5, 230.0, 46.0, 1997-06-08 00:00:00, 1.0
3.0, 19.3, 230.0, 27.0, 1997-06-09 00:00:00, 0.0
1.0, 24.4, 230.0, 23.0, 1997-06-10 00:00:00, 0.0
4.0, 22.2, 50.0, 22.0, 1997-06-11 00:00:00, 0.0
1.0, 16.8, 230.0, 65.0, 1997-06-12 00:00:00, 5.6
3.0, 21.3, 180.0, 42.0, 1997-06-13 00:00:00, 0.0
4.0, 19.8, 230.0, 35.0, 1997-06-14 00:00:00, 0.0
4.0, 23.1, 230.0, 33.0, 1997-06-15 00:00:00, 0.0
5.0, 17.4, 180.0, 45.0, 1997-06-16 00:00:00, 8.1
1.0, 15.9, 230.0, 70.0, 1997-06-17 00:00:00, 1.3
3.0, 11.5, 140.0, 68.0, 1997-06-18 00:00:00, 14.5
9.0, 14.7, 230.0, 43.0, 1997-06-19 00:00:00, 0.3
0.0, 8.1, 0.0, 83.0, 1997-06-20 00:00:00, 1.0
1.0, 14.5, 230.0, 46.0, 1997-06-21 00:00:00, 0.0
2.0, 6.2, 140.0, 92.0, 1997-06-22 00:00:00, 6.6
0.0, 7.1, 0.0, 92.0, 1997-06-23 00:00:00, 12.7
4.0, 17.5, 180.0, 46.0, 1997-06-24 00:00:00, 1.5
1.0, 17.1, 140.0, 44.0, 1997-06-25 00:00:00, 0.0
2.0, 14.9, 180.0, 50.0, 1997-06-26 00:00:00, 2.3
1.0, 13.7, 230.0, 40.0, 1997-06-27 00:00:00, 0.0
4.0, 16.4, 230.0, 39.0, 1997-06-28 00:00:00, 0.0
0.0, 16.2, 0.0, 44.0, 1997-06-29 00:00:00, 0.0
2.0, 12.9, 90.0, 88.0, 1997-06-30 00:00:00, 3.3
4.0, 16.4, 50.0, 49.0, 1997-07-01 00:00:00, 0.0
5.0, 17.2, 230.0, 62.0, 1997-07-02 00:00:00, 3.3
1.0, 17.1, 230.0, 54.0, 1997-07-03 00:00:00, 3.3
1.0, 21.9, 90.0, 37.0, 1997-07-04 00:00:00, 1.8
3.0, 25.7, 230.0, 34.0, 1997-07-05 00:00:00, 0.0
3.0, 16.4, 270.0, 60.0, 1997-07-06 00:00:00, 3.6
0.0, 15.8, 0.0, 57.0, 1997-07-07 00:00:00, 2.3
0.0, 13.0, 230.0, 89.0, 1997-07-08 00:00:00, 1.2
2.0, 17.9, 230.0, 46.0, 1997-07-09 00:00:00, 24.4
0.0, 12.6, 90.0, 79.0, 1997-07-10 00:00:00, 0.0
0.0, 6.7, 0.0, 96.0, 1997-07-11 00:00:00, 16.5
0.0, 7.8, 0.0, 98.0, 1997-07-12 00:00:00, 16.8
7.0, 17.1, 230.0, 60.0, 1997-07-13 00:00:00, 1.0
6.0, 18.1, 180.0, 53.0, 1997-07-14 00:00:00, 0.5
2.0, 20.0, 140.0, 48.0, 1997-07-15 00:00:00, 1.3
5.0, 18.1, 230.0, 46.0, 1997-07-16 00:00:00, 5.3
5.0, 22.6, 230.0, 33.0, 1997-07-17 00:00:00, 0.0
0.0, 18.9, 0.0, 45.0, 1997-07-18 00:00:00, 0.0
2.0, 23.8, 230.0, 31.0, 1997-07-19 00:00:00, 0.0
4.0, 26.9, 230.0, 31.0, 1997-07-20 00:00:00, 0.0
0.0, 25.9, 0.0, 38.0, 1997-07-21 00:00:00, 0.0
6.0, 15.9, 230.0, 65.0, 1997-07-22 00:00:00, 9.6
5.0, 15.5, 50.0, 55.0, 1997-07-23 00:00:00, 2.0
3.0, 15.8, 230.0, 49.0, 1997-07-24 00:00:00, 5.1
6.0, 13.6, 270.0, 54.0, 1997-07-25 00:00:00, 4.5
4.0, 17.4, 180.0, 41.0, 1997-07-26 00:00:00, 0.0
0.0, 20.1, 0.0, 31.0, 1997-07-27 00:00:00, 0.0
2.0, 25.1, 180.0, 30.0, 1997-07-28 00:00:00, 0.0
2.0, 26.2, 230.0, 35.0, 1997-07-29 00:00:00, 0.0
0.0, 16.0, 50.0, 98.0, 1997-07-30 00:00:00, 16.0
1.0, 19.9, 230.0, 53.0, 1997-07-31 00:00:00, 0.8
0.0, 20.1, 0.0, 43.0, 1997-08-01 00:00:00, 6.6
1.0, 11.1, 0.0, 98.0, 1997-08-02 00:00:00, 8.6
4.0, 22.3, 180.0, 54.0, 1997-08-03 00:00:00, 3.1
3.0, 27.3, 180.0, 38.0, 1997-08-04 00:00:00, 0.0
2.0, 30.3, 230.0, 30.0, 1997-08-05 00:00:00, 0.0
4.0, 28.7, 230.0, 32.0, 1997-08-06 00:00:00, 0.0
3.0, 21.7, 230.0, 46.0, 1997-08-07 00:00:00, 3.1
1.0, 15.9, 140.0, 49.0, 1997-08-08 00:00:00, 0.3
4.0, 17.6, 230.0, 31.0, 1997-08-09 00:00:00, 0.5
3.0, 22.1, 180.0, 27.0, 1997-08-10 00:00:00, 0.0
1.0, 23.9, 270.0, 34.0, 1997-08-11 00:00:00, 0.0
0.0, 13.5, 0.0, 95.0, 1997-08-12 00:00:00, 9.9
0.0, 15.6, 0.0, 87.0, 1997-08-13 00:00:00, 4.8
3.0, 20.4, 230.0, 45.0, 1997-08-14 00:00:00, 0.0
2.0, 15.7, 230.0, 52.0, 1997-08-15 00:00:00, 2.0
0.0, 10.7, 0.0, 92.0, 1997-08-16 00:00:00, 1.0
5.0, 17.6, 230.0, 48.0, 1997-08-17 00:00:00, 2.3
1.0, 18.8, 230.0, 48.0, 1997-08-18 00:00:00, 0.0
1.0, 20.6, 180.0, 48.0, 1997-08-19 00:00:00, 4.6
0.0, 23.5, 230.0, 41.0, 1997-08-20 00:00:00, 0.0
0.0, 16.5, 270.0, 82.0, 1997-08-21 00:00:00, 0.3
4.0, 22.1, 230.0, 38.0, 1997-08-22 00:00:00, 0.0
0.0, 10.8, 0.0, 99.0, 1997-08-23 00:00:00, 4.3
0.0, 14.1, 0.0, 83.0, 1997-08-24 00:00:00, 14.7
0.0, 16.0, 230.0, 67.0, 1997-08-25 00:00:00, 0.5
1.0, 19.5, 230.0, 53.0, 1997-08-26 00:00:00, 0.3
6.0, 20.1, 180.0, 36.0, 1997-08-27 00:00:00, 0.0
0.0, 12.5, 0.0, 64.0, 1997-08-28 00:00:00, 0.3
1.0, 12.6, 90.0, 71.0, 1997-08-29 00:00:00, 2.8
0.0, 15.1, 140.0, 58.0, 1997-08-30 00:00:00, 1.3
1.0, 19.1, 140.0, 43.0, 1997-08-31 00:00:00, 1.0
1.0, 21.4, 180.0, 43.0, 1997-09-01 00:00:00, 0.0
1.0, 23.9, 270.0, 43.0, 1997-09-02 00:00:00, 0.5
2.0, 21.9, 230.0, 55.0, 1997-09-03 00:00:00, 0.8
0.0, 13.5, 0.0, 92.0, 1997-09-04 00:00:00, 15.2
0.0, 15.5, 0.0, 69.0, 1997-09-05 00:00:00, 0.8
0.0, 11.0, 0.0, 80.0, 1997-09-06 00:00:00, 19.1
1.0, 16.0, 140.0, 47.0, 1997-09-07 00:00:00, 0.0
3.0, 17.7, 230.0, 41.0, 1997-09-08 00:00:00, 0.0
1.0, 20.1, 180.0, 38.0, 1997-09-09 00:00:00, 0.0
1.0, 22.2, 230.0, 34.0, 1997-09-10 00:00:00, 0.0
0.0, 12.7, 0.0, 95.0, 1997-09-11 00:00:00, 2.5
1.0, 8.7, 90.0, 97.0, 1997-09-12 00:00:00, 18.0
1.0, 10.2, 50.0, 73.0, 1997-09-13 00:00:00, 4.1
1.0, 7.1, 230.0, 99.0, 1997-09-14 00:00:00, 18.5
0.0, 10.6, 0.0, 92.0, 1997-09-15 00:00:00, 31.0
1.0, 9.0, 0.0, 88.0, 1997-09-16 00:00:00, 4.3
0.0, 6.1, 0.0, 98.0, 1997-09-17 00:00:00, 8.6
1.0, 5.7, 50.0, 90.0, 1997-09-18 00:00:00, 21.1
1.0, 12.0, 230.0, 56.0, 1997-09-19 00:00:00, 0.3
0.0, 16.0, 0.0, 56.0, 1997-09-20 00:00:00, 0.0
0.0, 18.9, 0.0, 41.0, 1997-09-21 00:00:00, 0.0
0.0, 19.1, 0.0, 44.0, 1997-09-22 00:00:00, 0.0
0.0, 19.9, 0.0, 47.0, 1997-09-23 00:00:00, 0.0
0.0, 20.0, 0.0, 45.0, 1997-09-24 00:00:00, 0.0
6.0, 16.7, 180.0, 32.0, 1998-04-28 00:00:00, 0.0
8.0, 16.3, 180.0, 32.0, 1998-04-29 00:00:00, 0.0
3.0, 18.3, 45.0, 29.0, 1998-04-30 00:00:00, 0.0
5.0, 20.3, 135.0, 28.0, 1998-05-01 00:00:00, 0.0
8.0, 21.4, 135.0, 27.0, 1998-05-02 00:00:00, 0.0
15.0, 19.1, 180.0, 23.0, 1998-05-03 00:00:00, 0.0
5.0, 19.1, 180.0, 25.0, 1998-05-04 00:00:00, 0.0
12.0, 20.5, 180.0, 24.0, 1998-05-05 00:00:00, 0.0
6.0, 21.5, 180.0, 24.0, 1998-05-06 00:00:00, 0.0
10.0, 21.4, 180.0, 30.0, 1998-05-07 00:00:00, 0.0
10.0, 19.2, 9.0, 37.0, 1998-05-08 00:00:00, 0.0
7.0, 15.9, 180.0, 61.0, 1998-05-09 00:00:00, 1.3
2.0, 15.2, 135.0, 53.0, 1998-05-10 00:00:00, 0.0
3.0, 16.8, 180.0, 48.0, 1998-05-11 00:00:00, 0.0
0.0, 0.0, 0.0, 0.0, 2000-05-16 00:00:00, 0.0
3.0, 16.2, 0.0, 35.0, 2000-05-17 00:00:00, 1.0
2.0, 12.4, 0.0, 58.0, 2000-05-18 00:00:00, 3.1
1.0, 9.6, 225.0, 80.0, 2000-05-19 00:00:00, 0.5
2.0, 10.1, 315.0, 60.0, 2000-05-20 00:00:00, 8.4
0.0, 8.0, 315.0, 100.0, 2000-05-21 00:00:00, 2.3
5.0, 13.7, 45.0, 40.0, 2000-05-22 00:00:00, 2.3
8.0, 8.9, 315.0, 29.0, 2000-05-23 00:00:00, 1.3
4.0, 12.4, 0.0, 30.0, 2000-05-24 00:00:00, 0.0
4.0, 12.0, 45.0, 31.0, 2000-05-25 00:00:00, 0.0
2.0, 10.3, 270.0, 38.0, 2000-05-26 00:00:00, 0.0
1.0, 6.9, 0.0, 97.0, 2000-05-27 00:00:00, 7.3
10.0, 7.6, 270.0, 77.0, 2000-05-28 00:00:00, 8.6
7.0, 10.7, 270.0, 55.0, 2000-05-29 00:00:00, 1.2
9.0, 13.1, 270.0, 37.0, 2000-05-30 00:00:00, 0.0
7.0, 14.2, 270.0, 8.0, 2000-05-31 00:00:00, 0.3
7.0, 14.9, 0.0, 25.0, 2000-06-01 00:00:00, 0.0
3.0, 15.7, 270.0, 19.0, 2000-06-02 00:00:00, 0.0
5.0, 19.0, 270.0, 12.0, 2000-06-03 00:00:00, 0.0
6.0, 20.0, 0.0, 20.0, 2000-06-04 00:00:00, 0.0
5.0, 14.8, 270.0, 43.0, 2000-06-05 00:00:00, 0.0
2.0, 13.9, 270.0, 47.0, 2000-06-06 00:00:00, 5.8
5.0, 16.4, 270.0, 42.0, 2000-06-07 00:00:00, 0.0
2.0, 13.8, 45.0, 66.0, 2000-06-08 00:00:00, 0.0
0.0, 17.8, 90.0, 66.0, 2001-08-01 00:00:00, 0.0
0.0, 17.3, 225.0, 62.0, 2001-08-02 00:00:00, 0.2
0.0, 17.9, 225.0, 65.0, 2001-08-03 00:00:00, 0.0
0.0, 16.6, 90.0, 70.0, 2001-08-04 00:00:00, 6.3
0.0, 18.2, 180.0, 53.0, 2001-08-05 00:00:00, 1.0
0.0, 21.2, 90.0, 49.0, 2001-08-06 00:00:00, 7.1
1.0, 22.5, 225.0, 42.0, 2001-08-07 00:00:00, 5.5
0.0, 20.6, 180.0, 39.0, 2001-08-08 00:00:00, 0.0
0.0, 22.6, 180.0, 41.0, 2001-08-09 00:00:00, 0.0
1.0, 24.3, 225.0, 32.0, 2001-08-10 00:00:00, 0.0
0.0, 25.8, 270.0, 30.0, 2001-08-11 00:00:00, 0.0
0.0, 27.9, 225.0, 26.0, 2001-08-12 00:00:00, 0.0
1.0, 27.6, 225.0, 33.0, 2001-08-13 00:00:00, 0.0
0.0, 28.6, 135.0, 27.0, 2001-08-14 00:00:00, 0.0
0.0, 28.0, 135.0, 20.0, 2001-08-15 00:00:00, 0.0
0.0, 29.2, 180.0, 21.0, 2001-08-16 00:00:00, 0.0
1.0, 26.7, 135.0, 29.0, 2001-08-17 00:00:00, 0.0
0.0, 22.7, 135.0, 48.0, 2001-08-18 00:00:00, 0.0
1.0, 18.0, 180.0, 36.0, 2001-08-19 00:00:00, 0.0
0.0, 14.2, 135.0, 55.0, 2001-08-20 00:00:00, 0.0
0.0, 16.2, 135.0, 51.0, 2001-08-21 00:00:00, 0.0
0.0, 15.4, 0.0, 63.0, 2001-08-22 00:00:00, 0.0
0.0, 10.3, 225.0, 90.0, 2001-08-23 00:00:00, 13.2
0.0, 10.2, 225.0, 81.0, 2001-08-24 00:00:00, 3.0
0.0, 11.2, 0.0, 85.0, 2001-08-25 00:00:00, 0.5
0.0, 20.9, 135.0, 45.0, 2001-08-26 00:00:00, 0.0
0.0, 24.9, 225.0, 30.0, 2001-08-27 00:00:00, 0.0
0.0, 22.8, 180.0, 39.0, 2001-08-28 00:00:00, 0.0
0.0, 22.2, 225.0, 35.0, 2001-08-29 00:00:00, 0.0
0.0, 23.0, 180.0, 42.0, 2001-08-30 00:00:00, 0.0
0.0, 18.7, 225.0, 57.0, 2001-08-31 00:00:00, 7.1
0.0, 11.1, 90.0, 98.0, 2001-09-01 00:00:00, 9.6
0.0, 15.1, 135.0, 51.0, 2001-09-02 00:00:00, 9.6
0.0, 11.2, 90.0, 80.0, 2001-09-03 00:00:00, 0.0
0.0, 9.2, 45.0, 90.0, 2001-09-04 00:00:00, 0.0
1.0, 15.6, 225.0, 41.0, 2001-09-05 00:00:00, 0.0
0.0, 8.2, 90.0, 81.0, 2001-09-06 00:00:00, 0.0
0.0, 11.6, 225.0, 51.0, 2001-09-07 00:00:00, 4.3
4.0, 16.9, 225.0, 39.0, 2001-09-08 00:00:00, 0.0
2.0, 15.3, 225.0, 25.0, 2001-09-09 00:00:00, 0.0
0.0, 14.4, 135.0, 48.0, 2001-09-10 00:00:00, 0.0
1.0, 14.8, 225.0, 47.0, 2001-09-11 00:00:00, 0.0
0.0, 15.9, 225.0, 50.0, 2001-09-12 00:00:00, 0.0
0.0, 20.1, 135.0, 43.0, 2001-09-13 00:00:00, 0.0
0.0, 21.9, 180.0, 33.0, 2001-09-14 00:00:00, 0.0
0.0, 23.7, 135.0, 33.0, 2001-09-15 00:00:00, 0.0
0.0, 24.4, 225.0, 37.0, 2001-09-16 00:00:00, 0.0
1.0, 22.8, 225.0, 40.0, 2001-09-17 00:00:00, 0.0
1.0, 16.7, 135.0, 62.0, 2001-09-18 00:00:00, 0.5
0.0, 11.8, 225.0, 67.0, 2001-09-19 00:00:00, 3.0
0.0, 8.4, 45.0, 77.0, 2001-09-20 00:00:00, 0.0
0.0, 8.6, 270.0, 95.0, 2001-09-21 00:00:00, 3.3
0.0, 14.2, 90.0, 67.0, 2001-09-22 00:00:00, 0.5
0.0, 20.0, 225.0, 52.0, 2001-09-23 00:00:00, 0.0
0.0, 19.5, 135.0, 49.0, 2001-09-24 00:00:00, 0.0
0.0, 21.8, 180.0, 34.0, 2001-09-25 00:00:00, 0.0
0.0, 10.4, 90.0, 99.0, 2001-09-26 00:00:00, 9.6
0.0, 10.1, 90.0, 75.0, 2001-09-27 00:00:00, 14.9
0.0, 12.2, 225.0, 54.0, 2001-09-28 00:00:00, 0.0
0.0, 13.9, 135.0, 56.0, 2001-09-29 00:00:00, 0.0
0.0, 16.2, 135.0, 45.0, 2001-09-30 00:00:00, 0.0
0.0, 11.0, 270.0, 67.0, 2001-10-01 00:00:00, 0.0
0.0, 11.5, 225.0, 56.0, 2001-10-02 00:00:00, 1.2
0.0, 11.7, 180.0, 38.0, 2001-10-03 00:00:00, 0.2
0.0, 9.5, 180.0, 23.0, 2001-10-04 00:00:00, 0.0
1.0, 9.4, 180.0, 32.0, 2001-10-05 00:00:00, 0.0
0.0, 5.8, 225.0, 49.0, 2001-10-06 00:00:00, 0.0
0.0, 8.6, 180.0, 54.0, 2001-10-07 00:00:00, 0.0
0.0, 6.6, 90.0, 80.0, 2001-10-08 00:00:00, 0.5
0.0, 5.4, 225.0, 70.0, 2001-10-09 00:00:00, 2.0
0.0, 1.7, 225.0, 90.0, 2001-10-10 00:00:00, 0.0
0.0, 5.6, 225.0, 79.0, 2001-10-11 00:00:00, 2.2
