station_observations
wind_speed, temperature, wind_direction, relative_humidity, time, precipitation
8.0, 1.0, 0.0, 50.0, 1971-09-01 00:00:00, 0.0
8.0, 1.0, 0.0, 50.0, 1971-09-02 00:00:00, 0.0
8.0, 1.0, 0.0, 50.0, 1971-09-03 00:00:00, 0.0
8.0, 1.0, 0.0, 50.0, 1971-09-04 00:00:00, 0.0
8.0, 1.0, 0.0, 50.0, 1971-09-05 00:00:00, 0.0
8.0, 1.0, 0.0, 50.0, 1971-09-06 00:00:00, 0.0
8.0, 1.0, 0.0, 50.0, 1971-09-07 00:00:00, 0.0
11.0, 22.0, 180.0, 22.0, 1973-05-01 00:00:00, 0.0
3.0, 19.0, 180.0, 49.0, 1973-05-02 00:00:00, 0.0
6.0, 14.5, 180.0, 67.0, 1973-05-03 00:00:00, 3.8
13.0, 22.0, 180.0, 39.0, 1973-05-04 00:00:00, 0.0
10.0, 18.0, 180.0, 56.0, 1973-05-05 00:00:00, 0.0
10.0, 11.0, 180.0, 75.0, 1973-05-06 00:00:00, 2.5
8.0, 15.5, 180.0, 44.0, 1973-05-07 00:00:00, 2.5
8.0, 13.0, 180.0, 65.0, 1973-05-08 00:00:00, 3.8
8.0, 14.0, 180.0, 77.0, 1973-05-09 00:00:00, 0.0
0.0, 18.0, 0.0, 75.0, 1973-05-10 00:00:00, 1.0
6.0, 16.5, 180.0, 74.0, 1973-05-11 00:00:00, 0.0
0.0, 22.0, 0.0, 49.0, 1973-05-12 00:00:00, 0.0
3.0, 26.5, 180.0, 38.0, 1973-05-13 00:00:00, 0.0
8.0, 29.5, 180.0, 28.0, 1973-05-14 00:00:00, 0.0
10.0, 23.5, 180.0, 54.0, 1973-05-15 00:00:00, 0.0
13.0, 25.5, 180.0, 46.0, 1973-05-16 00:00:00, 0.0
5.0, 18.0, 180.0, 70.0, 1973-05-17 00:00:00, 0.0
10.0, 20.0, 180.0, 67.0, 1973-05-18 00:00:00, 3.0
24.0, 13.5, 180.0, 55.0, 1973-05-19 00:00:00, 0.0
10.0, 15.5, 180.0, 53.0, 1973-05-20 00:00:00, 0.0
3.0, 11.5, 180.0, 70.0, 1973-05-21 00:00:00, 0.0
6.0, 15.0, 180.0, 78.0, 1973-05-22 00:00:00, 7.6
0.0, 11.0, 0.0, 88.0, 1973-05-23 00:00:00, 17.8
8.0, 13.0, 180.0, 71.0, 1973-05-24 00:00:00, 53.3
11.0, 16.0, 180.0, 79.0, 1973-05-25 00:00:00, 3.8
6.0, 16.0, 180.0, 74.0, 1973-05-26 00:00:00, 0.0
0.0, 18.5, 0.0, 44.0, 1973-05-27 00:00:00, 0.0
8.0, 20.0, 180.0, 43.0, 1973-05-28 00:00:00, 0.0
3.0, 21.0, 180.0, 56.0, 1973-05-29 00:00:00, 0.0
24.0, 18.5, 180.0, 53.0, 1973-05-30 00:00:00, 0.0
16.0, 18.0, 180.0, 70.0, 1973-05-31 00:00:00, 0.0
8.0, 19.0, 180.0, 53.0, 1973-06-01 00:00:00, 0.0
0.0, 19.0, 0.0, 58.0, 1973-06-02 00:00:00, 0.0
0.0, 20.0, 0.0, 72.0, 1973-06-03 00:00:00, 0.0
10.0, 19.5, 180.0, 58.0, 1973-06-04 00:00:00, 0.0
8.0, 14.5, 230.0, 99.0, 1973-06-05 00:00:00, 0.3
5.0, 11.0, 180.0, 99.0, 1973-06-06 00:00:00, 2.3
0.0, 13.0, 0.0, 76.0, 1973-06-07 00:00:00, 1.8
5.0, 15.0, 180.0, 73.0, 1973-06-08 00:00:00, 2.5
0.0, 14.5, 0.0, 83.0, 1973-06-09 00:00:00, 0.0
0.0, 11.0, 0.0, 88.0, 1973-06-10 00:00:00, 0.0
0.0, 16.0, 0.0, 54.0, 1973-06-11 00:00:00, 0.0
0.0, 13.0, 0.0, 99.0, 1973-06-12 00:00:00, 1.3
0.0, 15.0, 0.0, 78.0, 1973-06-13 00:00:00, 1.5
0.0, 13.5, 0.0, 71.0, 1973-06-14 00:00:00, 0.0
0.0, 14.5, 0.0, 72.0, 1973-06-15 00:00:00, 0.0
0.0, 11.5, 0.0, 99.0, 1973-06-16 00:00:00, 1.0
0.0, 15.5, 0.0, 84.0, 1973-06-17 00:00:00, 0.3
6.0, 15.5, 180.0, 89.0, 1973-06-18 00:00:00, 0.0
8.0, 17.0, 180.0, 74.0, 1973-06-19 00:00:00, 0.0
0.0, 16.5, 0.0, 74.0, 1973-06-20 00:00:00, 0.0
0.0, 23.5, 0.0, 62.0, 1973-06-21 00:00:00, 0.0
0.0, 25.0, 0.0, 56.0, 1973-06-22 00:00:00, 0.0
8.0, 15.0, 180.0, 78.0, 1973-06-23 00:00:00, 0.0
0.0, 13.5, 0.0, 94.0, 1973-06-24 00:00:00, 1.3
0.0, 16.5, 0.0, 89.0, 1973-06-25 00:00:00, 1.3
0.0, 16.5, 0.0, 84.0, 1973-06-26 00:00:00, 0.0
0.0, 19.5, 0.0, 71.0, 1973-06-27 00:00:00, 0.0
8.0, 22.0, 180.0, 53.0, 1973-06-28 00:00:00, 0.0
8.0, 16.5, 180.0, 69.0, 1973-06-29 00:00:00, 0.0
0.0, 22.0, 0.0, 57.0, 1973-06-30 00:00:00, 0.0
0.0, 20.0, 0.0, 90.0, 1973-07-01 00:00:00, 0.0
0.0, 18.0, 0.0, 95.0, 1973-07-02 00:00:00, 0.0
0.0, 20.0, 0.0, 72.0, 1973-07-03 00:00:00, 0.0
8.0, 18.5, 0.0, 85.0, 1973-07-04 00:00:00, 23.6
8.0, 17.0, 0.0, 65.0, 1973-07-05 00:00:00, 0.0
8.0, 15.5, 0.0, 73.0, 1973-07-06 00:00:00, 0.0
0.0, 13.0, 0.0, 99.0, 1973-07-07 00:00:00, 1.0
0.0, 16.5, 0.0, 74.0, 1973-07-08 00:00:00, 0.0
3.0, 18.0, 0.0, 75.0, 1973-07-09 00:00:00, 0.0
0.0, 14.5, 0.0, 99.0, 1973-07-10 00:00:00, 12.7
0.0, 18.5, 0.0, 57.0, 1973-07-11 00:00:00, 5.1
0.0, 22.0, 0.0, 57.0, 1973-07-12 00:00:00, 0.0
0.0, 27.0, 0.0, 31.0, 1973-07-13 00:00:00, 0.0
8.0, 29.5, 0.0, 31.0, 1973-07-14 00:00:00, 0.0
13.0, 28.0, 0.0, 40.0, 1973-07-15 00:00:00, 0.0
8.0, 26.5, 0.0, 44.0, 1973-07-16 00:00:00, 0.0
0.0, 29.5, 0.0, 38.0, 1973-07-17 00:00:00, 0.0
14.0, 29.5, 0.0, 34.0, 1973-07-18 00:00:00, 0.0
13.0, 27.0, 0.0, 33.0, 1973-07-19 00:00:00, 0.0
0.0, 25.0, 0.0, 36.0, 1973-07-20 00:00:00, 0.0
11.0, 20.5, 0.0, 59.0, 1973-07-21 00:00:00, 0.0
6.0, 14.5, 0.0, 88.0, 1973-07-22 00:00:00, 10.2
0.0, 15.5, 0.0, 95.0, 1973-07-23 00:00:00, 2.5
0.0, 14.5, 0.0, 88.0, 1973-07-24 00:00:00, 0.0
0.0, 17.0, 0.0, 95.0, 1973-07-25 00:00:00, 10.2
0.0, 22.0, 0.0, 61.0, 1973-07-26 00:00:00, 0.0
0.0, 24.0, 0.0, 59.0, 1973-07-27 00:00:00, 0.0
0.0, 26.0, 0.0, 41.0, 1973-07-28 00:00:00, 0.0
8.0, 27.0, 0.0, 36.0, 1973-07-29 00:00:00, 0.0
8.0, 23.5, 180.0, 40.0, 1973-07-30 00:00:00, 0.0
8.0, 26.5, 180.0, 44.0, 1973-07-31 00:00:00, 0.0
13.0, 26.5, 180.0, 47.0, 1973-08-01 00:00:00, 0.0
11.0, 24.5, 180.0, 48.0, 1973-08-02 00:00:00, 0.0
13.0, 26.0, 180.0, 34.0, 1973-08-03 00:00:00, 0.0
8.0, 20.0, 180.0, 76.0, 1973-08-04 00:00:00, 0.0
8.0, 24.5, 180.0, 52.0, 1973-08-05 00:00:00, 0.0
16.0, 23.0, 180.0, 54.0, 1973-08-06 00:00:00, 0.0
8.0, 24.0, 180.0, 48.0, 1973-08-07 00:00:00, 0.0
8.0, 26.5, 180.0, 47.0, 1973-08-08 00:00:00, 0.0
0.0, 27.0, 0.0, 39.0, 1973-08-09 00:00:00, 0.0
18.0, 24.5, 180.0, 45.0, 1973-08-10 00:00:00, 0.0
14.0, 27.0, 90.0, 33.0, 1973-08-11 00:00:00, 0.0
11.0, 28.5, 180.0, 29.0, 1973-08-12 00:00:00, 0.0
10.0, 24.5, 180.0, 45.0, 1973-08-13 00:00:00, 0.0
11.0, 23.5, 180.0, 47.0, 1973-08-14 00:00:00, 0.0
0.0, 18.0, 0.0, 66.0, 1973-08-15 00:00:00, 0.0
0.0, 20.5, 0.0, 72.0, 1973-08-16 00:00:00, 11.9
0.0, 14.5, 0.0, 94.0, 1973-08-17 00:00:00, 7.9
0.0, 20.5, 0.0, 90.0, 1973-08-18 00:00:00, 0.0
0.0, 21.5, 0.0, 86.0, 1973-08-19 00:00:00, 0.0
0.0, 23.5, 0.0, 44.0, 1973-08-20 00:00:00, 0.0
0.0, 19.5, 0.0, 71.0, 1973-08-21 00:00:00, 0.0
0.0, 17.0, 0.0, 74.0, 1973-08-22 00:00:00, 0.0
0.0, 18.0, 0.0, 70.0, 1973-08-23 00:00:00, 0.0
0.0, 18.5, 0.0, 80.0, 1973-08-24 00:00:00, 0.0
0.0, 17.0, 0.0, 70.0, 1973-08-25 00:00:00, 0.0
0.0, 18.0, 0.0, 66.0, 1973-08-26 00:00:00, 0.0
0.0, 14.0, 0.0, 72.0, 1973-08-27 00:00:00, 0.0
14.0, 20.5, 180.0, 55.0, 1973-08-28 00:00:00, 0.8
8.0, 20.5, 180.0, 51.0, 1973-08-29 00:00:00, 0.0
0.0, 21.5, 0.0, 41.0, 1973-08-30 00:00:00, 0.0
0.0, 21.5, 0.0, 41.0, 1973-08-31 00:00:00, 0.0
0.0, 17.0, 0.0, 56.0, 1973-09-01 00:00:00, 0.0
0.0, 15.0, 0.0, 89.0, 1973-09-02 00:00:00, 4.3
5.0, 12.0, 230.0, 99.0, 1973-09-03 00:00:00, 1.5
0.0, 21.0, 0.0, 68.0, 1973-09-04 00:00:00, 0.0
0.0, 22.0, 0.0, 69.0, 1973-09-05 00:00:00, 0.0
8.0, 18.0, 270.0, 99.0, 1973-09-06 00:00:00, 4.3
0.0, 20.5, 0.0, 81.0, 1973-09-07 00:00:00, 0.0
24.0, 15.0, 180.0, 78.0, 1973-09-08 00:00:00, 6.4
0.0, 23.0, 0.0, 65.0, 1973-09-09 00:00:00, 0.0
0.0, 24.5, 0.0, 55.0, 1973-09-10 00:00:00, 0.0
5.0, 21.0, 180.0, 64.0, 1973-09-11 00:00:00, 0.0
0.0, 23.0, 0.0, 50.0, 1973-09-12 00:00:00, 0.0
32.0, 23.5, 230.0, 44.0, 1973-09-13 00:00:00, 0.0
64.0, 21.0, 230.0, 30.0, 1973-09-14 00:00:00, 0.0
32.0, 20.0, 230.0, 43.0, 1973-09-15 00:00:00, 0.0
0.0, 19.5, 0.0, 34.0, 1973-09-16 00:00:00, 0.0
0.0, 15.5, 0.0, 73.0, 1973-09-17 00:00:00, 0.0
0.0, 15.0, 0.0, 83.0, 1973-09-18 00:00:00, 3.0
0.0, 23.0, 0.0, 50.0, 1973-09-19 00:00:00, 0.0
0.0, 14.5, 0.0, 83.0, 1973-09-20 00:00:00, 6.4
0.0, 14.5, 0.0, 89.0, 1973-09-21 00:00:00, 14.5
0.0, 20.0, 0.0, 43.0, 1973-09-22 00:00:00, 0.0
0.0, 15.0, 0.0, 78.0, 1973-09-23 00:00:00, 2.5
0.0, 15.5, 0.0, 68.0, 1973-09-24 00:00:00, 0.0
0.0, 14.0, 0.0, 99.0, 1973-09-25 00:00:00, 0.0
0.0, 11.5, 0.0, 99.0, 1973-09-26 00:00:00, 9.4
0.0, 10.0, 0.0, 99.0, 1973-09-27 00:00:00, 20.8
8.0, 18.0, 180.0, 75.0, 1973-09-28 00:00:00, 21.3
11.0, 21.0, 180.0, 44.0, 1973-09-29 00:00:00, 1.8
0.0, 16.5, 0.0, 60.0, 1973-09-30 00:00:00, 1.3
8.0, 16.5, 270.0, 64.0, 1975-05-01 00:00:00, 0.0
8.0, 16.5, 0.0, 64.0, 1975-05-02 00:00:00, 0.0
8.0, 16.5, 0.0, 64.0, 1975-05-03 00:00:00, 0.0
8.0, 16.5, 0.0, 64.0, 1975-05-04 00:00:00, 0.0
8.0, 16.5, 0.0, 64.0, 1975-05-05 00:00:00, 0.0
8.0, 16.5, 0.0, 64.0, 1975-05-06 00:00:00, 0.0
8.0, 16.5, 0.0, 64.0, 1975-05-07 00:00:00, 0.0
8.0, 16.5, 0.0, 64.0, 1975-05-08 00:00:00, 0.0
8.0, 10.0, 0.0, 50.0, 1975-05-09 00:00:00, 0.0
8.0, 20.0, 0.0, 72.0, 1975-05-10 00:00:00, 0.0
16.0, 20.0, 0.0, 76.0, 1975-05-11 00:00:00, 0.0
3.0, 15.5, 0.0, 99.0, 1975-05-12 00:00:00, 2.5
3.0, 20.0, 0.0, 72.0, 1975-05-13 00:00:00, 0.0
3.0, 21.0, 0.0, 73.0, 1975-05-14 00:00:00, 0.0
8.0, 17.0, 270.0, 60.0, 1975-05-15 00:00:00, 0.0
13.0, 14.0, 270.0, 88.0, 1975-05-16 00:00:00, 0.0
5.0, 11.0, 270.0, 87.0, 1975-05-17 00:00:00, 10.2
5.0, 14.5, 0.0, 79.0, 1975-05-18 00:00:00, 25.4
8.0, 14.5, 0.0, 67.0, 1975-05-19 00:00:00, 0.8
0.0, 18.0, 0.0, 67.0, 1975-05-20 00:00:00, 0.0
13.0, 15.5, 270.0, 70.0, 1975-05-21 00:00:00, 0.0
8.0, 13.0, 270.0, 61.0, 1975-05-22 00:00:00, 0.0
0.0, 11.0, 0.0, 76.0, 1975-05-23 00:00:00, 2.5
13.0, 14.5, 270.0, 58.0, 1975-05-24 00:00:00, 1.3
8.0, 20.0, 270.0, 64.0, 1975-05-25 00:00:00, 0.0
16.0, 21.0, 0.0, 48.0, 1975-05-26 00:00:00, 0.0
8.0, 19.5, 0.0, 46.0, 1975-05-27 00:00:00, 0.0
3.0, 11.5, 0.0, 99.0, 1975-05-28 00:00:00, 0.0
8.0, 21.0, 0.0, 48.0, 1975-05-29 00:00:00, 0.0
8.0, 25.5, 180.0, 34.0, 1975-05-30 00:00:00, 0.0
8.0, 24.5, 140.0, 48.0, 1975-05-31 00:00:00, 0.0
8.0, 25.5, 270.0, 34.0, 1975-06-01 00:00:00, 0.0
13.0, 21.0, 270.0, 56.0, 1975-06-02 00:00:00, 0.0
13.0, 13.0, 0.0, 95.0, 1975-06-03 00:00:00, 3.8
8.0, 12.0, 0.0, 99.0, 1975-06-04 00:00:00, 26.7
13.0, 16.5, 90.0, 69.0, 1975-06-05 00:00:00, 4.6
13.0, 18.0, 90.0, 52.0, 1975-06-06 00:00:00, 0.0
11.0, 19.0, 90.0, 58.0, 1975-06-07 00:00:00, 0.0
5.0, 12.0, 90.0, 99.0, 1975-06-08 00:00:00, 0.0
5.0, 21.0, 90.0, 48.0, 1975-06-09 00:00:00, 0.0
8.0, 23.5, 90.0, 44.0, 1975-06-10 00:00:00, 0.0
16.0, 20.0, 90.0, 55.0, 1975-06-11 00:00:00, 0.0
5.0, 20.0, 140.0, 85.0, 1975-06-12 00:00:00, 0.0
6.0, 18.0, 90.0, 90.0, 1975-06-13 00:00:00, 5.1
13.0, 15.5, 140.0, 88.0, 1975-06-14 00:00:00, 2.5
13.0, 18.5, 140.0, 57.0, 1975-06-15 00:00:00, 0.0
13.0, 21.0, 140.0, 56.0, 1975-06-16 00:00:00, 0.0
6.0, 24.0, 230.0, 59.0, 1975-06-17 00:00:00, 0.0
5.0, 25.0, 140.0, 53.0, 1975-06-18 00:00:00, 0.0
16.0, 24.5, 90.0, 67.0, 1975-06-19 00:00:00, 0.0
24.0, 25.0, 230.0, 49.0, 1975-06-20 00:00:00, 0.0
19.0, 18.5, 270.0, 71.0, 1975-06-21 00:00:00, 0.0
8.0, 14.5, 90.0, 83.0, 1975-06-22 00:00:00, 4.1
16.0, 16.5, 90.0, 69.0, 1975-06-23 00:00:00, 0.8
8.0, 23.0, 90.0, 50.0, 1975-06-24 00:00:00, 0.0
16.0, 18.0, 90.0, 85.0, 1975-06-25 00:00:00, 1.3
16.0, 18.5, 90.0, 53.0, 1975-06-26 00:00:00, 0.5
16.0, 18.5, 90.0, 53.0, 1975-06-27 00:00:00, 0.0
13.0, 17.0, 90.0, 60.0, 1975-06-28 00:00:00, 0.0
16.0, 20.0, 90.0, 55.0, 1975-06-29 00:00:00, 0.0
16.0, 23.0, 90.0, 58.0, 1975-06-30 00:00:00, 0.0
13.0, 26.5, 90.0, 30.0, 1975-07-01 00:00:00, 0.0
13.0, 28.0, 90.0, 37.0, 1975-07-02 00:00:00, 0.0
13.0, 24.0, 90.0, 52.0, 1975-07-03 00:00:00, 0.0
24.0, 26.0, 90.0, 26.0, 1975-07-04 00:00:00, 0.0
13.0, 28.5, 270.0, 19.0, 1975-07-05 00:00:00, 0.0
16.0, 29.0, 90.0, 33.0, 1975-07-06 00:00:00, 0.0
16.0, 33.5, 90.0, 25.0, 1975-07-07 00:00:00, 0.0
24.0, 29.0, 90.0, 51.0, 1975-07-08 00:00:00, 2.5
11.0, 31.0, 90.0, 36.0, 1975-07-09 00:00:00, 0.0
8.0, 26.5, 90.0, 51.0, 1975-07-10 00:00:00, 0.0
13.0, 24.0, 90.0, 55.0, 1975-07-11 00:00:00, 0.0
8.0, 25.5, 90.0, 43.0, 1975-07-12 00:00:00, 0.0
8.0, 25.5, 90.0, 50.0, 1975-07-13 00:00:00, 0.0
0.0, 21.0, 0.0, 56.0, 1975-07-14 00:00:00, 0.0
0.0, 18.0, 0.0, 52.0, 1975-07-15 00:00:00, 7.6
8.0, 20.0, 90.0, 63.0, 1975-07-16 00:00:00, 0.0
8.0, 16.5, 90.0, 74.0, 1975-07-17 00:00:00, 1.3
8.0, 16.5, 90.0, 89.0, 1975-07-18 00:00:00, 2.8
8.0, 15.5, 90.0, 88.0, 1975-07-19 00:00:00, 2.8
0.0, 19.5, 0.0, 67.0, 1975-07-20 00:00:00, 0.3
8.0, 19.5, 90.0, 63.0, 1975-07-21 00:00:00, 0.0
8.0, 24.0, 90.0, 41.0, 1975-07-22 00:00:00, 0.0
8.0, 26.5, 90.0, 38.0, 1975-07-23 00:00:00, 0.0
16.0, 21.0, 90.0, 64.0, 1975-07-24 00:00:00, 1.3
8.0, 18.0, 90.0, 70.0, 1975-07-25 00:00:00, 0.0
5.0, 26.5, 90.0, 44.0, 1975-07-26 00:00:00, 0.0
11.0, 17.0, 270.0, 90.0, 1975-07-27 00:00:00, 7.1
13.0, 19.5, 270.0, 63.0, 1975-07-28 00:00:00, 5.1
16.0, 21.0, 270.0, 56.0, 1975-07-29 00:00:00, 0.5
13.0, 23.5, 270.0, 44.0, 1975-07-30 00:00:00, 1.5
0.0, 22.0, 0.0, 53.0, 1975-07-31 00:00:00, 0.0
8.0, 16.0, 0.0, 81.0, 1975-08-01 00:00:00, 0.0
8.0, 18.0, 0.0, 67.0, 1975-08-02 00:00:00, 0.0
23.0, 16.5, 0.0, 75.0, 1975-08-03 00:00:00, 0.0
19.0, 20.5, 0.0, 52.0, 1975-08-04 00:00:00, 0.0
10.0, 18.0, 0.0, 52.0, 1975-08-05 00:00:00, 0.0
10.0, 18.0, 0.0, 56.0, 1975-08-06 00:00:00, 0.0
34.0, 15.0, 0.0, 80.0, 1975-08-07 00:00:00, 4.8
8.0, 15.5, 0.0, 64.0, 1975-08-08 00:00:00, 0.0
13.0, 18.0, 0.0, 56.0, 1975-08-09 00:00:00, 0.0
10.0, 16.5, 0.0, 72.0, 1975-08-10 00:00:00, 0.0
16.0, 16.5, 0.0, 67.0, 1975-08-11 00:00:00, 0.0
13.0, 18.0, 0.0, 67.0, 1975-08-12 00:00:00, 0.0
11.0, 20.5, 0.0, 61.0, 1975-08-13 00:00:00, 0.0
14.0, 24.0, 0.0, 46.0, 1975-08-14 00:00:00, 0.0
14.0, 20.5, 0.0, 61.0, 1975-08-15 00:00:00, 0.0
23.0, 15.5, 0.0, 89.0, 1975-08-16 00:00:00, 0.0
14.0, 18.0, 0.0, 83.0, 1975-08-17 00:00:00, 0.0
19.0, 19.0, 0.0, 67.0, 1975-08-18 00:00:00, 0.0
0.0, 18.0, 0.0, 78.0, 1975-08-19 00:00:00, 0.0
24.0, 16.5, 0.0, 77.0, 1975-08-20 00:00:00, 0.0
19.0, 18.0, 0.0, 70.0, 1975-08-21 00:00:00, 0.0
19.0, 13.0, 0.0, 77.0, 1975-08-22 00:00:00, 0.0
23.0, 16.5, 0.0, 67.0, 1975-08-23 00:00:00, 14.5
11.0, 14.0, 0.0, 80.0, 1975-08-24 00:00:00, 0.0
0.0, 14.0, 0.0, 80.0, 1975-08-25 00:00:00, 0.0
19.0, 13.0, 0.0, 93.0, 1975-08-26 00:00:00, 19.3
13.0, 15.0, 0.0, 93.0, 1975-08-27 00:00:00, 1.0
37.0, 14.0, 0.0, 93.0, 1975-08-28 00:00:00, 2.8
19.0, 13.0, 0.0, 86.0, 1975-08-29 00:00:00, 27.2
3.0, 15.5, 0.0, 69.0, 1975-08-30 00:00:00, 0.0
13.0, 15.5, 0.0, 72.0, 1975-08-31 00:00:00, 0.0
22.0, 8.0, 260.0, 46.0, 1977-05-01 00:00:00, 0.0
22.0, 8.0, 0.0, 46.0, 1977-05-02 00:00:00, 0.0
27.0, 10.0, 140.0, 93.0, 1977-05-03 00:00:00, 0.0
22.0, 10.0, 240.0, 71.0, 1977-05-04 00:00:00, 46.1
11.0, 8.0, 180.0, 81.0, 1977-05-05 00:00:00, 9.0
22.0, 11.0, 210.0, 66.0, 1977-05-06 00:00:00, 0.0
18.0, 13.0, 240.0, 62.0, 1977-05-07 00:00:00, 0.0
11.0, 14.0, 200.0, 72.0, 1977-05-08 00:00:00, 0.0
5.0, 10.0, 180.0, 81.0, 1977-05-09 00:00:00, 0.0
12.0, 12.0, 240.0, 82.0, 1977-05-10 00:00:00, 0.0
25.0, 10.0, 270.0, 71.0, 1977-05-11 00:00:00, 0.0
22.0, 11.0, 230.0, 62.0, 1977-05-12 00:00:00, 0.0
22.0, 9.0, 170.0, 71.0, 1977-05-13 00:00:00, 0.0
14.0, 11.0, 170.0, 71.0, 1977-05-14 00:00:00, 24.4
12.0, 10.0, 190.0, 71.0, 1977-05-15 00:00:00, 7.6
9.0, 12.0, 220.0, 62.0, 1977-05-16 00:00:00, 13.5
9.0, 12.0, 0.0, 62.0, 1977-05-17 00:00:00, 0.0
18.0, 10.0, 170.0, 87.0, 1977-05-18 00:00:00, 0.6
14.0, 13.0, 200.0, 71.0, 1977-05-19 00:00:00, 0.0
12.0, 12.0, 170.0, 76.0, 1977-05-20 00:00:00, 0.0
25.0, 11.0, 140.0, 93.0, 1977-05-21 00:00:00, 0.6
14.0, 12.0, 280.0, 58.0, 1977-05-22 00:00:00, 21.6
22.0, 12.0, 250.0, 71.0, 1977-05-23 00:00:00, 0.0
18.0, 10.0, 250.0, 81.0, 1977-05-24 00:00:00, 0.0
22.0, 11.0, 220.0, 58.0, 1977-05-25 00:00:00, 1.1
22.0, 11.0, 0.0, 58.0, 1977-05-26 00:00:00, 0.0
0.0, 13.5, 0.0, 58.0, 1977-05-27 00:00:00, 0.0
27.0, 6.0, 90.0, 93.0, 1977-05-28 00:00:00, 1.0
7.0, 12.0, 270.0, 62.0, 1977-05-29 00:00:00, 17.0
18.0, 12.0, 180.0, 71.0, 1977-05-30 00:00:00, 0.0
24.0, 13.0, 120.0, 62.0, 1977-05-31 00:00:00, 0.1
7.0, 11.0, 180.0, 81.0, 1977-06-01 00:00:00, 21.6
20.0, 12.0, 200.0, 71.0, 1977-06-02 00:00:00, 5.7
14.0, 12.0, 170.0, 71.0, 1977-06-03 00:00:00, 4.6
14.0, 11.0, 100.0, 76.0, 1977-06-04 00:00:00, 0.0
11.0, 12.0, 150.0, 99.0, 1977-06-05 00:00:00, 33.8
7.0, 15.0, 180.0, 82.0, 1977-06-06 00:00:00, 0.3
18.0, 18.0, 290.0, 68.0, 1977-06-07 00:00:00, 0.3
24.0, 13.0, 260.0, 87.0, 1977-06-08 00:00:00, 0.2
33.0, 13.0, 280.0, 62.0, 1977-06-09 00:00:00, 0.0
14.0, 18.0, 250.0, 42.0, 1977-06-10 00:00:00, 0.0
12.0, 15.0, 190.0, 72.0, 1977-06-11 00:00:00, 0.0
12.0, 14.0, 180.0, 72.0, 1977-06-12 00:00:00, 0.0
9.0, 12.0, 240.0, 87.0, 1977-06-13 00:00:00, 0.0
9.0, 13.0, 200.0, 87.0, 1977-06-14 00:00:00, 0.0
11.0, 13.0, 190.0, 87.0, 1977-06-15 00:00:00, 0.6
9.0, 15.0, 210.0, 77.0, 1977-06-16 00:00:00, 0.2
11.0, 14.0, 180.0, 77.0, 1977-06-17 00:00:00, 0.0
9.0, 21.0, 270.0, 60.0, 1977-06-18 00:00:00, 0.0
14.0, 12.0, 270.0, 87.0, 1977-06-19 00:00:00, 0.6
9.0, 12.0, 180.0, 87.0, 1977-06-20 00:00:00, 0.6
11.0, 14.0, 180.0, 87.0, 1977-06-21 00:00:00, 0.6
22.0, 13.0, 120.0, 94.0, 1977-06-22 00:00:00, 13.0
22.0, 15.0, 270.0, 67.0, 1977-06-23 00:00:00, 27.1
11.0, 14.0, 190.0, 77.0, 1977-06-24 00:00:00, 0.0
18.0, 13.0, 120.0, 93.0, 1977-06-25 00:00:00, 8.5
18.0, 15.0, 290.0, 67.0, 1977-06-26 00:00:00, 0.4
12.0, 12.0, 140.0, 94.0, 1977-06-27 00:00:00, 0.6
14.0, 14.0, 240.0, 72.0, 1977-06-28 00:00:00, 2.6
33.0, 15.0, 300.0, 68.0, 1977-06-29 00:00:00, 3.6
11.0, 16.0, 180.0, 63.0, 1977-06-30 00:00:00, 0.0
11.0, 16.0, 0.0, 63.0, 1977-07-01 00:00:00, 0.0
11.0, 12.0, 180.0, 82.0, 1977-07-02 00:00:00, 0.0
22.0, 14.0, 310.0, 67.0, 1977-07-03 00:00:00, 2.1
22.0, 12.0, 180.0, 82.0, 1977-07-04 00:00:00, 9.1
12.0, 14.0, 220.0, 72.0, 1977-07-05 00:00:00, 0.0
14.0, 14.0, 210.0, 77.0, 1977-07-06 00:00:00, 0.0
14.0, 15.0, 200.0, 72.0, 1977-07-07 00:00:00, 0.0
7.0, 17.0, 140.0, 59.0, 1977-07-08 00:00:00, 0.0
25.0, 15.0, 300.0, 67.0, 1977-07-09 00:00:00, 0.6
18.0, 15.0, 260.0, 82.0, 1977-07-10 00:00:00, 0.0
7.0, 12.0, 140.0, 93.0, 1977-07-11 00:00:00, 2.1
20.0, 13.0, 280.0, 76.0, 1977-07-12 00:00:00, 36.6
7.0, 16.0, 230.0, 77.0, 1977-07-13 00:00:00, 0.6
9.0, 13.0, 180.0, 70.0, 1977-07-14 00:00:00, 0.0
12.0, 14.0, 170.0, 93.0, 1977-07-15 00:00:00, 0.0
9.0, 15.0, 270.0, 82.0, 1977-07-16 00:00:00, 0.0
11.0, 13.0, 260.0, 99.0, 1977-07-17 00:00:00, 18.0
11.0, 15.0, 270.0, 63.0, 1977-07-18 00:00:00, 9.8
14.0, 15.0, 260.0, 72.0, 1977-07-19 00:00:00, 0.0
9.0, 16.0, 180.0, 72.0, 1977-07-20 00:00:00, 0.0
12.0, 15.0, 220.0, 87.0, 1977-07-21 00:00:00, 0.0
14.0, 16.0, 270.0, 72.0, 1977-07-22 00:00:00, 0.0
0.0, 28.5, 0.0, 42.0, 1977-07-23 00:00:00, 0.0
9.0, 19.0, 230.0, 68.0, 1977-07-24 00:00:00, 0.0
9.0, 20.0, 190.0, 64.0, 1977-07-25 00:00:00, 0.0
9.0, 15.0, 270.0, 82.0, 1977-07-26 00:00:00, 0.0
0.0, 31.0, 0.0, 34.0, 1977-07-27 00:00:00, 0.0
3.0, 14.0, 180.0, 87.0, 1977-07-28 00:00:00, 0.1
14.0, 14.0, 140.0, 90.0, 1977-07-29 00:00:00, 8.0
11.0, 15.0, 130.0, 87.0, 1977-07-30 00:00:00, 3.0
5.0, 15.0, 180.0, 93.0, 1977-07-31 00:00:00, 7.2
9.0, 20.0, 290.0, 73.0, 1977-08-01 00:00:00, 0.0
22.0, 20.0, 280.0, 60.0, 1977-08-02 00:00:00, 0.0
9.0, 16.0, 180.0, 82.0, 1977-08-03 00:00:00, 0.0
11.0, 14.0, 180.0, 93.0, 1977-08-04 00:00:00, 0.0
7.0, 13.0, 180.0, 93.0, 1977-08-05 00:00:00, 0.0
11.0, 13.0, 180.0, 93.0, 1977-08-06 00:00:00, 0.0
11.0, 13.0, 0.0, 93.0, 1977-08-07 00:00:00, 0.0
5.0, 14.0, 220.0, 93.0, 1977-08-08 00:00:00, 0.6
5.0, 13.0, 200.0, 93.0, 1977-08-09 00:00:00, 0.0
9.0, 18.0, 170.0, 82.0, 1977-08-10 00:00:00, 0.0
7.0, 22.0, 150.0, 56.0, 1977-08-11 00:00:00, 0.0
5.0, 21.0, 180.0, 68.0, 1977-08-12 00:00:00, 0.0
5.0, 20.0, 170.0, 68.0, 1977-08-13 00:00:00, 0.0
18.0, 16.0, 150.0, 82.0, 1977-08-14 00:00:00, 0.0
11.0, 16.0, 180.0, 82.0, 1977-08-15 00:00:00, 0.6
11.0, 16.0, 0.0, 82.0, 1977-08-16 00:00:00, 0.0
9.0, 21.0, 180.0, 68.0, 1977-08-17 00:00:00, 0.0
3.0, 19.0, 180.0, 72.0, 1977-08-18 00:00:00, 0.0
22.0, 16.0, 140.0, 82.0, 1977-08-19 00:00:00, 0.0
16.0, 18.0, 230.0, 68.0, 1977-08-20 00:00:00, 0.0
14.0, 12.0, 0.0, 67.0, 1977-08-21 00:00:00, 0.0
0.0, 21.0, 0.0, 80.0, 1977-08-22 00:00:00, 4.2
18.0, 16.0, 150.0, 77.0, 1977-08-23 00:00:00, 0.0
12.0, 15.0, 210.0, 87.0, 1977-08-24 00:00:00, 28.7
10.0, 17.0, 90.0, 65.0, 1977-08-25 00:00:00, 0.1
12.0, 14.0, 180.0, 87.0, 1977-08-26 00:00:00, 21.3
3.0, 19.0, 90.0, 66.0, 1977-08-27 00:00:00, 10.1
22.0, 16.0, 160.0, 82.0, 1977-08-28 00:00:00, 0.0
31.0, 15.0, 290.0, 93.0, 1977-08-29 00:00:00, 8.4
22.0, 14.0, 160.0, 87.0, 1977-08-30 00:00:00, 0.0
14.0, 14.0, 180.0, 87.0, 1977-08-31 00:00:00, 0.0
9.0, 17.0, 250.0, 77.0, 1977-09-01 00:00:00, 0.0
7.0, 13.0, 180.0, 87.0, 1977-09-02 00:00:00, 0.0
24.0, 13.0, 120.0, 93.0, 1977-09-03 00:00:00, 6.9
25.0, 16.0, 140.0, 82.0, 1977-09-04 00:00:00, 7.9
14.0, 16.0, 270.0, 82.0, 1977-09-05 00:00:00, 1.4
16.0, 15.0, 160.0, 87.0, 1977-09-06 00:00:00, 0.4
11.0, 15.0, 180.0, 87.0, 1977-09-07 00:00:00, 0.0
16.0, 15.0, 280.0, 77.0, 1977-09-08 00:00:00, 1.0
14.0, 15.0, 190.0, 82.0, 1977-09-09 00:00:00, 2.7
9.0, 17.0, 180.0, 67.0, 1977-09-10 00:00:00, 0.0
9.0, 18.0, 190.0, 63.0, 1977-09-11 00:00:00, 0.0
11.0, 17.0, 210.0, 67.0, 1977-09-12 00:00:00, 0.0
7.0, 21.0, 240.0, 52.0, 1977-09-13 00:00:00, 0.0
16.0, 22.0, 220.0, 49.0, 1977-09-14 00:00:00, 0.0
18.0, 16.0, 180.0, 67.0, 1977-09-15 00:00:00, 0.2
25.0, 15.0, 180.0, 77.0, 1977-09-16 00:00:00, 0.0
12.0, 15.0, 180.0, 77.0, 1977-09-17 00:00:00, 0.5
14.0, 15.0, 100.0, 72.0, 1977-09-18 00:00:00, 3.0
5.0, 14.0, 110.0, 82.0, 1977-09-19 00:00:00, 10.3
27.0, 14.0, 140.0, 93.0, 1977-09-20 00:00:00, 27.3
22.0, 13.0, 270.0, 76.0, 1977-09-21 00:00:00, 12.2
7.0, 12.0, 210.0, 82.0, 1977-09-22 00:00:00, 0.0
0.0, 11.0, 0.0, 71.0, 1977-09-23 00:00:00, 3.1
9.0, 13.0, 140.0, 82.0, 1977-09-24 00:00:00, 25.4
20.0, 13.0, 130.0, 76.0, 1977-09-25 00:00:00, 0.3
14.0, 16.0, 180.0, 67.0, 1977-09-26 00:00:00, 8.8
14.0, 13.0, 160.0, 82.0, 1977-09-27 00:00:00, 0.0
6.0, 11.0, 90.0, 74.0, 1977-09-28 00:00:00, 0.0
11.0, 15.0, 170.0, 72.0, 1977-09-29 00:00:00, 0.0
0.0, 13.0, 0.0, 76.0, 1977-09-30 00:00:00, 0.0
0.0, 0.0, 0.0, 0.0, 1987-05-20 00:00:00, 0.0
4.0, 14.7, 0.0, 44.0, 1987-05-21 00:00:00, 0.0
2.0, 12.7, 0.0, 73.0, 1987-05-22 00:00:00, 6.0
5.0, 14.4, 90.0, 76.0, 1987-05-23 00:00:00, 3.8
5.0, 17.4, 0.0, 55.0, 1987-05-24 00:00:00, 0.0
6.0, 17.9, 40.0, 49.0, 1987-05-25 00:00:00, 0.0
8.0, 16.2, 40.0, 69.0, 1987-05-26 00:00:00, 0.0
1.0, 11.4, 40.0, 86.0, 1987-05-27 00:00:00, 0.5
4.0, 9.5, 90.0, 82.0, 1987-05-28 00:00:00, 18.0
1.0, 9.3, 320.0, 87.0, 1987-05-29 00:00:00, 16.0
2.0, 8.4, 0.0, 87.0, 1987-05-30 00:00:00, 43.6
3.0, 9.8, 40.0, 88.0, 1987-05-31 00:00:00, 25.4
1.0, 9.0, 40.0, 87.0, 1987-06-01 00:00:00, 4.3
4.0, 14.9, 180.0, 50.0, 1987-06-02 00:00:00, 0.2
2.0, 20.5, 0.0, 40.0, 1987-06-03 00:00:00, 0.0
2.0, 22.6, 320.0, 40.0, 1987-06-04 00:00:00, 0.0
6.0, 14.4, 180.0, 70.0, 1987-06-05 00:00:00, 0.0
4.0, 15.7, 0.0, 67.0, 1987-06-06 00:00:00, 4.8
3.0, 20.7, 0.0, 38.0, 1987-06-07 00:00:00, 0.0
5.0, 20.7, 40.0, 51.0, 1987-06-08 00:00:00, 0.0
1.0, 12.1, 320.0, 83.0, 1987-06-09 00:00:00, 0.0
2.0, 10.2, 90.0, 84.0, 1987-06-10 00:00:00, 4.3
1.0, 9.1, 0.0, 87.0, 1987-06-11 00:00:00, 18.5
1.0, 11.4, 270.0, 84.0, 1987-06-12 00:00:00, 77.2
0.0, 14.4, 0.0, 79.0, 1987-06-13 00:00:00, 19.5
2.0, 16.8, 320.0, 70.0, 1987-06-14 00:00:00, 0.0
3.0, 14.1, 40.0, 70.0, 1987-06-15 00:00:00, 0.0
5.0, 12.8, 40.0, 70.0, 1987-06-16 00:00:00, 0.0
4.0, 16.6, 0.0, 58.0, 1987-06-17 00:00:00, 0.0
3.0, 18.3, 0.0, 58.0, 1987-06-18 00:00:00, 0.0
6.0, 20.6, 0.0, 56.0, 1987-06-19 00:00:00, 0.0
1.0, 13.9, 0.0, 81.0, 1987-06-20 00:00:00, 1.0
8.0, 10.3, 90.0, 84.0, 1987-06-21 00:00:00, 17.0
1.0, 11.4, 0.0, 83.0, 1987-06-22 00:00:00, 20.3
1.0, 16.5, 40.0, 60.0, 1987-06-23 00:00:00, 0.7
5.0, 20.2, 40.0, 48.0, 1987-06-24 00:00:00, 0.0
5.0, 23.9, 40.0, 38.0, 1987-06-25 00:00:00, 0.0
4.0, 24.0, 320.0, 40.0, 1987-06-26 00:00:00, 0.0
5.0, 24.4, 0.0, 41.0, 1987-06-27 00:00:00, 0.0
3.0, 27.5, 0.0, 33.0, 1987-06-28 00:00:00, 0.0
3.0, 31.5, 0.0, 18.0, 1987-06-29 00:00:00, 0.0
4.0, 27.9, 320.0, 31.0, 1987-06-30 00:00:00, 0.0
6.0, 24.6, 270.0, 53.0, 1987-07-01 00:00:00, 0.0
5.0, 19.0, 0.0, 76.0, 1987-07-02 00:00:00, 0.0
5.0, 17.7, 0.0, 78.0, 1987-07-03 00:00:00, 0.0
4.0, 17.5, 90.0, 76.0, 1987-07-04 00:00:00, 0.0
3.0, 12.9, 40.0, 84.0, 1987-07-05 00:00:00, 32.7
6.0, 13.1, 90.0, 83.0, 1987-07-06 00:00:00, 9.3
0.0, 11.6, 0.0, 82.0, 1987-07-07 00:00:00, 8.8
6.0, 12.1, 90.0, 82.0, 1987-07-08 00:00:00, 33.0
7.0, 15.5, 0.0, 78.0, 1987-07-09 00:00:00, 1.5
3.0, 20.9, 0.0, 63.0, 1987-07-10 00:00:00, 0.0
4.0, 21.4, 0.0, 63.0, 1987-07-11 00:00:00, 0.0
4.0, 24.2, 320.0, 45.0, 1987-07-12 00:00:00, 0.0
4.0, 24.2, 320.0, 45.0, 1987-07-13 00:00:00, 0.0
7.0, 21.7, 40.0, 59.0, 1987-07-14 00:00:00, 0.0
8.0, 17.0, 90.0, 59.0, 1987-07-15 00:00:00, 0.0
4.0, 16.0, 40.0, 67.0, 1987-07-16 00:00:00, 2.0
5.0, 24.5, 320.0, 20.0, 1987-07-17 00:00:00, 0.0
1.0, 21.6, 230.0, 30.0, 1987-07-18 00:00:00, 0.0
7.0, 21.3, 40.0, 52.0, 1987-07-19 00:00:00, 0.0
4.0, 20.5, 0.0, 65.0, 1987-07-20 00:00:00, 0.0
3.0, 24.3, 0.0, 40.0, 1987-07-21 00:00:00, 0.0
4.0, 21.4, 0.0, 60.0, 1987-07-22 00:00:00, 0.0
5.0, 19.8, 40.0, 72.0, 1987-07-23 00:00:00, 11.9
3.0, 22.4, 320.0, 65.0, 1987-07-24 00:00:00, 0.0
4.0, 16.6, 90.0, 82.0, 1987-07-25 00:00:00, 14.7
4.0, 18.5, 40.0, 69.0, 1987-07-26 00:00:00, 18.7
3.0, 15.2, 40.0, 81.0, 1987-07-27 00:00:00, 6.8
1.0, 18.3, 0.0, 66.0, 1987-07-28 00:00:00, 0.0
3.0, 17.4, 40.0, 70.0, 1987-07-29 00:00:00, 0.0
2.0, 16.6, 0.0, 71.0, 1987-07-30 00:00:00, 0.0
0.0, 12.3, 0.0, 82.0, 1987-07-31 00:00:00, 10.6
2.0, 14.3, 0.0, 80.0, 1987-08-01 00:00:00, 1.0
3.0, 18.5, 0.0, 61.0, 1987-08-02 00:00:00, 0.0
1.0, 22.1, 0.0, 50.0, 1987-08-03 00:00:00, 0.0
2.0, 22.7, 0.0, 49.0, 1987-08-04 00:00:00, 0.0
2.0, 19.9, 0.0, 68.0, 1987-08-05 00:00:00, 0.0
5.0, 20.7, 0.0, 69.0, 1987-08-06 00:00:00, 0.0
3.0, 22.0, 0.0, 66.0, 1987-08-07 00:00:00, 0.0
2.0, 22.8, 0.0, 63.0, 1987-08-08 00:00:00, 0.0
2.0, 22.3, 0.0, 66.0, 1987-08-09 00:00:00, 0.0
4.0, 16.1, 0.0, 82.0, 1987-08-10 00:00:00, 3.5
4.0, 19.5, 40.0, 70.0, 1987-08-11 00:00:00, 0.0
3.0, 19.1, 0.0, 71.0, 1987-08-12 00:00:00, 0.0
2.0, 13.8, 90.0, 83.0, 1987-08-13 00:00:00, 11.1
5.0, 17.0, 0.0, 77.0, 1987-08-14 00:00:00, 4.0
1.0, 15.8, 40.0, 73.0, 1987-08-15 00:00:00, 0.0
6.0, 15.0, 90.0, 71.0, 1987-08-16 00:00:00, 0.0
4.0, 16.9, 40.0, 66.0, 1987-08-17 00:00:00, 0.0
5.0, 18.3, 0.0, 61.0, 1987-08-18 00:00:00, 0.0
3.0, 16.3, 40.0, 74.0, 1987-08-19 00:00:00, 0.0
3.0, 14.6, 0.0, 72.0, 1987-08-20 00:00:00, 2.7
1.0, 17.9, 0.0, 51.0, 1987-08-21 00:00:00, 0.0
1.0, 22.1, 0.0, 37.0, 1987-08-22 00:00:00, 0.0
4.0, 27.9, 0.0, 15.0, 1987-08-23 00:00:00, 0.0
1.0, 26.4, 0.0, 19.0, 1987-08-24 00:00:00, 0.0
3.0, 23.3, 0.0, 35.0, 1987-08-25 00:00:00, 0.0
4.0, 24.6, 0.0, 39.0, 1987-08-26 00:00:00, 0.2
3.0, 20.2, 320.0, 57.0, 1987-08-27 00:00:00, 0.0
1.0, 17.0, 0.0, 76.0, 1987-08-28 00:00:00, 0.0
1.0, 19.4, 0.0, 65.0, 1987-08-29 00:00:00, 0.0
4.0, 25.0, 0.0, 39.0, 1987-08-30 00:00:00, 0.0
1.0, 28.0, 0.0, 30.0, 1987-08-31 00:00:00, 0.0
3.0, 25.5, 0.0, 31.0, 1987-09-01 00:00:00, 0.0
3.0, 17.1, 0.0, 71.0, 1987-09-02 00:00:00, 11.6
3.0, 16.6, 40.0, 71.0, 1987-09-03 00:00:00, 0.0
3.0, 19.0, 0.0, 66.0, 1987-09-04 00:00:00, 0.0
1.0, 21.4, 320.0, 56.0, 1987-09-05 00:00:00, 0.0
1.0, 27.6, 0.0, 19.0, 1987-09-06 00:00:00, 0.0
1.0, 23.5, 320.0, 23.0, 1987-09-07 00:00:00, 0.0
3.0, 22.4, 0.0, 39.0, 1987-09-08 00:00:00, 0.0
2.0, 21.1, 0.0, 50.0, 1987-09-09 00:00:00, 0.0
3.0, 22.9, 180.0, 46.0, 1987-09-10 00:00:00, 0.0
3.0, 20.7, 320.0, 67.0, 1987-09-11 00:00:00, 0.0
0.0, 12.6, 0.0, 82.0, 1987-09-12 00:00:00, 1.0
0.0, 13.1, 0.0, 81.0, 1987-09-13 00:00:00, 0.0
0.0, 11.8, 0.0, 81.0, 1987-09-14 00:00:00, 22.0
1.0, 10.4, 180.0, 83.0, 1987-09-15 00:00:00, 15.7
1.0, 14.1, 180.0, 65.0, 1987-09-16 00:00:00, 2.0
1.0, 14.0, 320.0, 65.0, 1987-09-17 00:00:00, 0.0
1.0, 14.5, 40.0, 65.0, 1987-09-18 00:00:00, 0.0
0.0, 13.0, 0.0, 79.0, 1987-09-19 00:00:00, 0.2
0.0, 14.9, 0.0, 80.0, 1987-09-20 00:00:00, 5.8
0.0, 24.4, 0.0, 50.0, 1987-09-21 00:00:00, 0.0
0.0, 25.5, 0.0, 34.0, 1987-09-22 00:00:00, 0.0
0.0, 26.7, 0.0, 21.0, 1987-09-23 00:00:00, 0.0
4.0, 20.8, 90.0, 38.0, 1987-09-24 00:00:00, 0.0
0.0, 12.7, 0.0, 82.0, 1987-09-25 00:00:00, 1.0
3.0, 15.0, 40.0, 70.0, 1987-09-26 00:00:00, 2.5
2.0, 13.2, 40.0, 73.0, 1987-09-27 00:00:00, 0.0
0.0, 18.6, 0.0, 56.0, 1987-09-28 00:00:00, 0.0
0.0, 23.4, 0.0, 44.0, 1987-09-29 00:00:00, 0.0
0.0, 23.5, 0.0, 34.0, 1987-09-30 00:00:00, 0.0
0.0, 26.1, 0.0, 26.0, 1987-10-01 00:00:00, 0.0
2.0, 16.9, 0.0, 63.0, 1987-10-02 00:00:00, 0.0
1.0, 15.0, 90.0, 77.0, 1987-10-03 00:00:00, 7.3
1.0, 12.8, 180.0, 68.0, 1987-10-04 00:00:00, 1.7
1.0, 17.5, 320.0, 57.0, 1987-10-05 00:00:00, 0.0
0.0, 21.3, 0.0, 44.0, 1987-10-06 00:00:00, 0.0
0.0, 17.9, 0.0, 45.0, 1987-10-07 00:00:00, 0.0
0.0, 19.5, 0.0, 44.0, 1987-10-08 00:00:00, 0.0
0.0, 17.2, 0.0, 33.0, 1987-10-09 00:00:00, 0.0
0.0, 17.9, 0.0, 32.0, 1987-10-10 00:00:00, 0.0
0.0, 18.1, 0.0, 29.0, 1987-10-11 00:00:00, 0.0
0.0, 16.2, 0.0, 37.0, 1987-10-12 00:00:00, 0.0
0.0, 14.7, 0.0, 50.0, 1987-10-13 00:00:00, 0.0
0.0, 8.9, 0.0, 82.0, 1987-10-14 00:00:00, 0.0
0.0, 8.1, 0.0, 80.0, 1987-10-15 00:00:00, 0.0
0.0, 10.1, 0.0, 71.0, 1987-10-16 00:00:00, 0.0
0.0, 8.6, 0.0, 74.0, 1987-10-17 00:00:00, 0.0
0.0, 10.0, 0.0, 74.0, 1987-10-18 00:00:00, 0.0
0.0, 12.6, 0.0, 56.0, 1987-10-19 00:00:00, 0.0
0.0, 13.9, 0.0, 50.0, 1987-10-20 00:00:00, 0.0
0.0, 12.5, 0.0, 66.0, 1987-10-21 00:00:00, 0.0
0.0, 12.1, 0.0, 56.0, 1987-10-22 00:00:00, 0.0
0.0, 13.1, 0.0, 53.0, 1987-10-23 00:00:00, 0.0
0.0, 7.8, 0.0, 80.0, 1987-10-24 00:00:00, 0.0
0.0, 8.9, 0.0, 82.0, 1987-10-25 00:00:00, 18.2
0.0, 7.4, 0.0, 82.0, 1987-10-26 00:00:00, 0.2
1.0, 9.9, 90.0, 64.0, 1987-10-27 00:00:00, 0.0
0.0, 10.4, 0.0, 81.0, 1987-10-28 00:00:00, 1.5
0.0, 9.8, 0.0, 82.0, 1987-10-29 00:00:00, 8.8
0.0, 10.3, 0.0, 82.0, 1987-10-30 00:00:00, 13.9
3.0, 11.1, 180.0, 41.0, 1988-04-20 00:00:00, 0.0
2.0, 9.2, 230.0, 72.0, 1988-04-21 00:00:00, 0.0
1.0, 8.4, 230.0, 78.0, 1988-04-22 00:00:00, 0.0
0.0, 2.8, 0.0, 97.0, 1988-04-23 00:00:00, 0.7
0.0, 2.5, 0.0, 97.0, 1988-04-24 00:00:00, 0.7
4.0, 8.9, 50.0, 86.0, 1988-04-25 00:00:00, 1.5
3.0, 12.5, 50.0, 64.0, 1988-04-26 00:00:00, 0.0
0.0, 10.2, 0.0, 83.0, 1988-04-27 00:00:00, 0.2
0.0, 10.0, 0.0, 99.0, 1988-04-28 00:00:00, 20.8
0.0, 6.3, 0.0, 97.0, 1988-04-29 00:00:00, 28.4
3.0, 5.8, 0.0, 98.0, 1988-04-30 00:00:00, 6.3
3.0, 6.5, 0.0, 77.0, 1988-05-01 00:00:00, 1.5
2.0, 4.4, 320.0, 99.0, 1988-05-02 00:00:00, 21.0
1.0, 8.5, 0.0, 73.0, 1988-05-03 00:00:00, 4.3
0.0, 9.2, 0.0, 81.0, 1988-05-04 00:00:00, 0.0
2.0, 12.5, 0.0, 66.0, 1988-05-05 00:00:00, 0.0
2.0, 9.7, 0.0, 92.0, 1988-05-06 00:00:00, 2.5
1.0, 15.9, 50.0, 50.0, 1988-05-07 00:00:00, 0.0
3.0, 18.2, 0.0, 45.0, 1988-05-08 00:00:00, 0.0
2.0, 11.4, 50.0, 72.0, 1988-05-09 00:00:00, 0.0
2.0, 13.9, 320.0, 61.0, 1988-05-10 00:00:00, 0.0
3.0, 23.3, 0.0, 40.0, 1988-05-11 00:00:00, 0.0
3.0, 22.1, 0.0, 42.0, 1988-05-12 00:00:00, 0.0
3.0, 9.4, 320.0, 96.0, 1988-05-13 00:00:00, 27.6
3.0, 9.6, 50.0, 99.0, 1988-05-14 00:00:00, 7.1
0.0, 8.0, 0.0, 97.0, 1988-05-15 00:00:00, 7.8
3.0, 7.6, 140.0, 91.0, 1988-05-16 00:00:00, 51.0
6.0, 7.3, 90.0, 97.0, 1988-05-17 00:00:00, 37.0
0.0, 5.9, 0.0, 98.0, 1988-05-18 00:00:00, 24.6
2.0, 9.9, 320.0, 97.0, 1988-05-19 00:00:00, 1.0
3.0, 15.0, 0.0, 55.0, 1988-05-20 00:00:00, 0.0
2.0, 21.4, 0.0, 26.0, 1988-05-21 00:00:00, 2.2
0.0, 15.0, 0.0, 68.0, 1988-05-22 00:00:00, 0.0
3.0, 10.8, 50.0, 70.0, 1988-05-23 00:00:00, 25.6
3.0, 14.3, 0.0, 56.0, 1988-05-24 00:00:00, 0.0
3.0, 11.2, 0.0, 86.0, 1988-05-25 00:00:00, 3.0
3.0, 12.3, 320.0, 81.0, 1988-05-26 00:00:00, 0.0
1.0, 9.5, 0.0, 99.0, 1988-05-27 00:00:00, 21.3
3.0, 8.0, 90.0, 97.0, 1988-05-28 00:00:00, 44.1
1.0, 8.4, 230.0, 84.0, 1988-05-29 00:00:00, 2.7
0.0, 9.8, 0.0, 80.0, 1988-05-30 00:00:00, 0.5
0.0, 5.8, 0.0, 97.0, 1988-05-31 00:00:00, 16.2
4.0, 6.5, 50.0, 98.0, 1988-06-01 00:00:00, 11.4
7.0, 9.1, 230.0, 72.0, 1988-06-02 00:00:00, 12.6
5.0, 9.4, 90.0, 81.0, 1988-06-03 00:00:00, 16.5
3.0, 13.1, 50.0, 68.0, 1988-06-04 00:00:00, 0.2
0.0, 15.0, 0.0, 60.0, 1988-06-05 00:00:00, 0.7
1.0, 9.1, 90.0, 99.0, 1988-06-06 00:00:00, 1.5
2.0, 11.4, 50.0, 91.0, 1988-06-07 00:00:00, 0.5
1.0, 10.6, 0.0, 99.0, 1988-06-08 00:00:00, 5.0
3.0, 17.6, 0.0, 46.0, 1988-06-09 00:00:00, 0.2
3.0, 9.9, 50.0, 99.0, 1988-06-10 00:00:00, 14.4
2.0, 11.9, 0.0, 95.0, 1988-06-11 00:00:00, 6.6
4.0, 17.3, 0.0, 62.0, 1988-06-12 00:00:00, 0.0
3.0, 21.1, 0.0, 43.0, 1988-06-13 00:00:00, 0.0
3.0, 25.4, 0.0, 30.0, 1988-06-14 00:00:00, 0.0
4.0, 21.9, 90.0, 45.0, 1988-06-15 00:00:00, 0.0
2.0, 18.6, 320.0, 61.0, 1988-06-16 00:00:00, 0.0
0.0, 11.9, 0.0, 99.0, 1988-06-17 00:00:00, 4.8
2.0, 13.8, 320.0, 95.0, 1988-06-18 00:00:00, 27.6
3.0, 16.2, 320.0, 60.0, 1988-06-19 00:00:00, 0.0
4.0, 17.8, 50.0, 64.0, 1988-06-20 00:00:00, 0.0
3.0, 17.1, 320.0, 65.0, 1988-06-21 00:00:00, 0.0
4.0, 15.9, 90.0, 93.0, 1988-06-22 00:00:00, 7.6
4.0, 14.6, 50.0, 85.0, 1988-06-23 00:00:00, 0.0
4.0, 18.4, 0.0, 50.0, 1988-06-24 00:00:00, 0.0
4.0, 23.4, 90.0, 42.0, 1988-06-25 00:00:00, 0.0
5.0, 16.3, 90.0, 74.0, 1988-06-26 00:00:00, 0.0
4.0, 13.9, 50.0, 79.0, 1988-06-27 00:00:00, 0.0
3.0, 13.0, 320.0, 82.0, 1988-06-28 00:00:00, 0.0
2.0, 12.2, 90.0, 85.0, 1988-06-29 00:00:00, 0.0
0.0, 11.8, 0.0, 90.0, 1988-06-30 00:00:00, 0.2
1.0, 14.6, 270.0, 99.0, 1988-07-01 00:00:00, 8.3
0.0, 13.9, 0.0, 98.0, 1988-07-02 00:00:00, 17.0
2.0, 11.6, 0.0, 97.0, 1988-07-03 00:00:00, 11.7
2.0, 14.7, 320.0, 86.0, 1988-07-04 00:00:00, 11.5
1.0, 11.1, 50.0, 96.0, 1988-07-05 00:00:00, 0.2
3.0, 13.0, 50.0, 93.0, 1988-07-06 00:00:00, 2.7
4.0, 18.6, 0.0, 61.0, 1988-07-07 00:00:00, 0.2
4.0, 23.1, 50.0, 43.0, 1988-07-08 00:00:00, 0.0
5.0, 23.2, 0.0, 39.0, 1988-07-09 00:00:00, 0.0
2.0, 20.3, 0.0, 62.0, 1988-07-10 00:00:00, 0.0
1.0, 11.9, 320.0, 97.0, 1988-07-11 00:00:00, 12.9
1.0, 11.1, 0.0, 97.0, 1988-07-12 00:00:00, 12.1
1.0, 13.5, 0.0, 93.0, 1988-07-13 00:00:00, 18.2
3.0, 14.8, 50.0, 78.0, 1988-07-14 00:00:00, 1.2
4.0, 15.0, 50.0, 72.0, 1988-07-15 00:00:00, 0.0
3.0, 18.3, 50.0, 68.0, 1988-07-16 00:00:00, 0.2
4.0, 20.6, 50.0, 57.0, 1988-07-17 00:00:00, 0.0
1.0, 25.2, 0.0, 29.0, 1988-07-18 00:00:00, 0.0
4.0, 30.0, 0.0, 20.0, 1988-07-19 00:00:00, 0.0
3.0, 29.1, 0.0, 24.0, 1988-07-20 00:00:00, 0.0
4.0, 28.2, 0.0, 23.0, 1988-07-21 00:00:00, 0.0
4.0, 28.0, 0.0, 63.0, 1988-07-22 00:00:00, 0.0
4.0, 28.3, 50.0, 37.0, 1988-07-23 00:00:00, 0.0
3.0, 23.4, 320.0, 48.0, 1988-07-24 00:00:00, 0.0
3.0, 27.2, 0.0, 38.0, 1988-07-25 00:00:00, 0.0
2.0, 26.4, 0.0, 40.0, 1988-07-26 00:00:00, 0.0
3.0, 23.7, 320.0, 38.0, 1988-07-27 00:00:00, 0.0
0.0, 16.3, 0.0, 81.0, 1988-07-28 00:00:00, 0.0
3.0, 19.3, 0.0, 74.0, 1988-07-29 00:00:00, 2.0
4.0, 21.3, 50.0, 65.0, 1988-07-30 00:00:00, 0.0
4.0, 20.2, 50.0, 68.0, 1988-07-31 00:00:00, 0.0
2.0, 21.5, 0.0, 45.0, 1988-08-01 00:00:00, 0.0
3.0, 26.0, 0.0, 26.0, 1988-08-02 00:00:00, 0.0
3.0, 25.4, 320.0, 38.0, 1988-08-03 00:00:00, 0.0
7.0, 22.8, 90.0, 53.0, 1988-08-04 00:00:00, 0.0
1.0, 16.6, 0.0, 93.0, 1988-08-05 00:00:00, 6.3
1.0, 13.7, 320.0, 95.0, 1988-08-06 00:00:00, 6.8
1.0, 17.2, 0.0, 82.0, 1988-08-07 00:00:00, 0.0
0.0, 13.2, 0.0, 98.0, 1988-08-08 00:00:00, 6.6
2.0, 15.3, 0.0, 99.0, 1988-08-09 00:00:00, 5.5
2.0, 16.5, 0.0, 90.0, 1988-08-10 00:00:00, 0.0
2.0, 20.6, 0.0, 60.0, 1988-08-11 00:00:00, 0.0
3.0, 20.2, 0.0, 75.0, 1988-08-12 00:00:00, 0.0
4.0, 17.6, 50.0, 83.0, 1988-08-13 00:00:00, 0.0
6.0, 19.7, 50.0, 75.0, 1988-08-14 00:00:00, 0.0
2.0, 13.1, 50.0, 99.0, 1988-08-15 00:00:00, 10.9
2.0, 14.6, 50.0, 87.0, 1988-08-16 00:00:00, 21.5
3.0, 14.0, 50.0, 95.0, 1988-08-17 00:00:00, 4.8
2.0, 14.1, 0.0, 94.0, 1988-08-18 00:00:00, 2.2
0.0, 13.8, 0.0, 95.0, 1988-08-19 00:00:00, 8.6
0.0, 15.3, 0.0, 91.0, 1988-08-20 00:00:00, 1.2
3.0, 17.9, 50.0, 73.0, 1988-08-21 00:00:00, 0.0
2.0, 21.5, 320.0, 53.0, 1988-08-22 00:00:00, 0.0
1.0, 25.2, 50.0, 36.0, 1988-08-23 00:00:00, 0.0
1.0, 31.2, 50.0, 20.0, 1988-08-24 00:00:00, 0.0
1.0, 15.0, 180.0, 94.0, 1988-08-25 00:00:00, 14.7
1.0, 19.6, 320.0, 82.0, 1988-08-26 00:00:00, 1.0
3.0, 22.3, 0.0, 72.0, 1988-08-27 00:00:00, 0.0
3.0, 25.2, 50.0, 40.0, 1988-08-28 00:00:00, 0.0
6.0, 20.4, 320.0, 49.0, 1988-08-29 00:00:00, 0.0
2.0, 16.5, 320.0, 77.0, 1988-08-30 00:00:00, 0.0
3.0, 19.3, 0.0, 56.0, 1988-08-31 00:00:00, 0.0
1.0, 24.9, 50.0, 41.0, 1988-09-01 00:00:00, 0.0
1.0, 28.4, 50.0, 23.0, 1988-09-02 00:00:00, 0.0
1.0, 33.5, 0.0, 14.0, 1988-09-03 00:00:00, 0.0
2.0, 20.9, 320.0, 71.0, 1988-09-04 00:00:00, 0.0
3.0, 22.7, 320.0, 67.0, 1988-09-05 00:00:00, 0.0
1.0, 13.9, 140.0, 95.0, 1988-09-06 00:00:00, 0.2
4.0, 14.4, 50.0, 88.0, 1988-09-07 00:00:00, 10.1
2.0, 13.5, 0.0, 85.0, 1988-09-08 00:00:00, 0.0
3.0, 12.6, 0.0, 92.0, 1988-09-09 00:00:00, 3.0
1.0, 17.8, 320.0, 23.0, 1988-09-10 00:00:00, 0.0
2.0, 18.2, 0.0, 40.0, 1988-09-11 00:00:00, 0.0
1.0, 21.4, 140.0, 41.0, 1988-09-12 00:00:00, 0.0
2.0, 23.5, 0.0, 39.0, 1988-09-13 00:00:00, 0.0
2.0, 22.9, 0.0, 45.0, 1988-09-14 00:00:00, 0.0
3.0, 13.7, 0.0, 86.0, 1988-09-15 00:00:00, 0.0
17.0, 11.6, 0.0, 69.0, 1988-09-16 00:00:00, 0.0
2.0, 14.9, 50.0, 42.0, 1988-09-17 00:00:00, 0.0
3.0, 8.6, 90.0, 85.0, 1988-09-18 00:00:00, 2.0
1.0, 11.6, 50.0, 87.0, 1988-09-19 00:00:00, 32.2
1.0, 12.7, 320.0, 74.0, 1988-09-20 00:00:00, 0.0
1.0, 11.7, 50.0, 83.0, 1988-09-21 00:00:00, 0.0
2.0, 10.8, 0.0, 96.0, 1988-09-22 00:00:00, 0.0
0.0, 8.1, 0.0, 97.0, 1988-09-23 00:00:00, 20.0
2.0, 8.9, 50.0, 91.0, 1988-09-24 00:00:00, 0.0
1.0, 10.8, 50.0, 88.0, 1988-09-25 00:00:00, 9.1
0.0, 8.0, 0.0, 98.0, 1988-09-26 00:00:00, 8.3
2.0, 9.2, 320.0, 97.0, 1988-09-27 00:00:00, 23.3
0.0, 8.1, 0.0, 98.0, 1988-09-28 00:00:00, 13.2
0.0, 13.6, 0.0, 91.0, 1988-09-29 00:00:00, 1.0
0.0, 17.0, 0.0, 75.0, 1988-09-30 00:00:00, 0.0
0.0, 19.1, 0.0, 57.0, 1988-10-01 00:00:00, 0.0
0.0, 21.4, 0.0, 55.0, 1988-10-02 00:00:00, 0.0
0.0, 17.3, 0.0, 79.0, 1988-10-03 00:00:00, 0.0
0.0, 11.8, 0.0, 99.0, 1988-10-04 00:00:00, 0.0
0.0, 13.2, 0.0, 97.0, 1988-10-05 00:00:00, 5.5
0.0, 14.0, 0.0, 85.0, 1988-10-06 00:00:00, 0.0
1.0, 15.2, 180.0, 72.0, 1988-10-07 00:00:00, 0.2
0.0, 0.0, 0.0, 0.0, 1989-04-15 00:00:00, 0.0
1.0, 10.6, 180.0, 62.0, 1989-04-16 00:00:00, 0.0
0.0, 12.9, 0.0, 46.0, 1989-04-17 00:00:00, 0.0
0.0, 16.4, 0.0, 32.0, 1989-04-18 00:00:00, 0.0
0.0, 9.4, 0.0, 92.0, 1989-04-19 00:00:00, 1.7
4.0, 7.9, 320.0, 93.0, 1989-04-20 00:00:00, 28.9
0.0, 8.5, 0.0, 89.0, 1989-04-21 00:00:00, 5.0
0.0, 8.8, 0.0, 84.0, 1989-04-22 00:00:00, 0.0
0.0, 14.0, 0.0, 41.0, 1989-04-23 00:00:00, 0.0
2.0, 17.2, 230.0, 34.0, 1989-04-24 00:00:00, 0.0
0.0, 17.8, 0.0, 24.0, 1989-04-25 00:00:00, 0.0
0.0, 13.6, 0.0, 47.0, 1989-04-26 00:00:00, 0.0
1.0, 13.9, 180.0, 69.0, 1989-04-27 00:00:00, 0.0
0.0, 19.9, 0.0, 37.0, 1989-04-28 00:00:00, 0.0
0.0, 21.5, 0.0, 30.0, 1989-04-29 00:00:00, 0.0
0.0, 20.8, 0.0, 30.0, 1989-04-30 00:00:00, 0.0
2.0, 18.4, 230.0, 47.0, 1989-05-01 00:00:00, 0.0
2.0, 14.4, 180.0, 78.0, 1989-05-02 00:00:00, 0.0
2.0, 15.9, 230.0, 65.0, 1989-05-03 00:00:00, 0.0
1.0, 18.6, 180.0, 54.0, 1989-05-04 00:00:00, 0.0
2.0, 15.2, 0.0, 70.0, 1989-05-05 00:00:00, 0.0
3.0, 17.2, 230.0, 73.0, 1989-05-06 00:00:00, 1.5
1.0, 16.4, 180.0, 66.0, 1989-05-07 00:00:00, 0.0
0.0, 18.1, 0.0, 62.0, 1989-05-08 00:00:00, 0.0
1.0, 15.9, 180.0, 63.0, 1989-05-09 00:00:00, 0.0
0.0, 9.4, 0.0, 92.0, 1989-05-10 00:00:00, 1.7
0.0, 9.3, 0.0, 85.0, 1989-05-11 00:00:00, 12.6
0.0, 11.7, 0.0, 64.0, 1989-05-12 00:00:00, 0.0
0.0, 17.3, 0.0, 37.0, 1989-05-13 00:00:00, 0.0
3.0, 21.7, 230.0, 31.0, 1989-05-14 00:00:00, 0.0
0.0, 18.6, 0.0, 43.0, 1989-05-15 00:00:00, 0.0
3.0, 16.2, 180.0, 66.0, 1989-05-16 00:00:00, 0.0
0.0, 6.3, 0.0, 95.0, 1989-05-17 00:00:00, 16.0
1.0, 6.8, 230.0, 94.0, 1989-05-18 00:00:00, 9.3
1.0, 9.9, 180.0, 71.0, 1989-05-19 00:00:00, 0.7
3.0, 12.8, 230.0, 57.0, 1989-05-20 00:00:00, 0.0
0.0, 12.1, 0.0, 63.0, 1989-05-21 00:00:00, 0.0
0.0, 13.1, 0.0, 62.0, 1989-05-22 00:00:00, 0.0
8.0, 6.4, 270.0, 94.0, 1989-05-23 00:00:00, 7.6
0.0, 9.6, 0.0, 93.0, 1989-05-24 00:00:00, 9.6
0.0, 9.9, 0.0, 91.0, 1989-05-25 00:00:00, 1.0
0.0, 5.9, 0.0, 97.0, 1989-05-26 00:00:00, 32.2
0.0, 9.2, 0.0, 94.0, 1989-05-27 00:00:00, 16.5
0.0, 18.8, 0.0, 32.0, 1989-05-28 00:00:00, 0.0
4.0, 13.2, 230.0, 87.0, 1989-05-29 00:00:00, 0.0
0.0, 13.7, 0.0, 85.0, 1989-05-30 00:00:00, 0.0
0.0, 18.1, 0.0, 72.0, 1989-05-31 00:00:00, 0.0
0.0, 21.6, 0.0, 61.0, 1989-06-01 00:00:00, 0.0
0.0, 23.2, 0.0, 50.0, 1989-06-02 00:00:00, 0.0
1.0, 28.0, 230.0, 19.0, 1989-06-03 00:00:00, 0.0
0.0, 27.7, 0.0, 20.0, 1989-06-04 00:00:00, 0.0
1.0, 24.3, 180.0, 42.0, 1989-06-05 00:00:00, 0.0
2.0, 19.2, 180.0, 60.0, 1989-06-06 00:00:00, 0.0
1.0, 20.9, 180.0, 59.0, 1989-06-07 00:00:00, 0.0
0.0, 18.7, 0.0, 69.0, 1989-06-08 00:00:00, 0.5
4.0, 19.8, 180.0, 63.0, 1989-06-09 00:00:00, 0.0
1.0, 19.3, 140.0, 66.0, 1989-06-10 00:00:00, 0.0
0.0, 22.8, 0.0, 56.0, 1989-06-11 00:00:00, 0.0
1.0, 23.4, 140.0, 50.0, 1989-06-12 00:00:00, 0.0
0.0, 15.3, 0.0, 93.0, 1989-06-13 00:00:00, 1.0
6.0, 16.7, 180.0, 87.0, 1989-06-14 00:00:00, 23.6
0.0, 13.1, 0.0, 86.0, 1989-06-15 00:00:00, 3.3
0.0, 11.1, 0.0, 92.0, 1989-06-16 00:00:00, 4.5
0.0, 9.1, 0.0, 91.0, 1989-06-17 00:00:00, 7.1
0.0, 11.4, 0.0, 89.0, 1989-06-18 00:00:00, 10.6
0.0, 7.1, 0.0, 91.0, 1989-06-19 00:00:00, 21.8
2.0, 13.0, 180.0, 88.0, 1989-06-20 00:00:00, 1.0
0.0, 14.6, 0.0, 79.0, 1989-06-21 00:00:00, 0.0
0.0, 20.8, 0.0, 48.0, 1989-06-22 00:00:00, 0.2
1.0, 27.2, 180.0, 28.0, 1989-06-23 00:00:00, 0.0
0.0, 27.7, 0.0, 29.0, 1989-06-24 00:00:00, 0.0
0.0, 25.5, 0.0, 47.0, 1989-06-25 00:00:00, 0.0
6.0, 13.7, 0.0, 50.0, 1989-06-26 00:00:00, 0.0
1.0, 9.8, 180.0, 93.0, 1989-06-27 00:00:00, 3.8
0.0, 11.9, 0.0, 92.0, 1989-06-28 00:00:00, 1.5
0.0, 13.8, 0.0, 85.0, 1989-06-29 00:00:00, 0.5
0.0, 11.8, 0.0, 94.0, 1989-06-30 00:00:00, 9.9
0.0, 11.4, 0.0, 94.0, 1989-07-01 00:00:00, 11.1
1.0, 15.5, 230.0, 76.0, 1989-07-02 00:00:00, 4.0
0.0, 13.0, 0.0, 92.0, 1989-07-03 00:00:00, 8.1
0.0, 12.1, 0.0, 95.0, 1989-07-04 00:00:00, 9.9
0.0, 14.5, 0.0, 81.0, 1989-07-05 00:00:00, 2.0
1.0, 18.9, 140.0, 65.0, 1989-07-06 00:00:00, 0.2
1.0, 17.2, 270.0, 63.0, 1989-07-07 00:00:00, 0.0
0.0, 13.6, 0.0, 92.0, 1989-07-08 00:00:00, 1.7
2.0, 18.8, 230.0, 72.0, 1989-07-09 00:00:00, 1.0
0.0, 17.7, 0.0, 81.0, 1989-07-10 00:00:00, 0.0
1.0, 21.1, 180.0, 71.0, 1989-07-11 00:00:00, 1.5
0.0, 23.7, 0.0, 52.0, 1989-07-12 00:00:00, 0.0
1.0, 18.8, 140.0, 86.0, 1989-07-13 00:00:00, 0.7
0.0, 20.8, 0.0, 73.0, 1989-07-14 00:00:00, 0.0
3.0, 19.5, 230.0, 71.0, 1989-07-15 00:00:00, 0.0
0.0, 13.6, 0.0, 93.0, 1989-07-16 00:00:00, 6.3
1.0, 14.8, 230.0, 93.0, 1989-07-17 00:00:00, 4.8
0.0, 17.8, 0.0, 82.0, 1989-07-18 00:00:00, 0.2
0.0, 17.9, 0.0, 85.0, 1989-07-19 00:00:00, 0.0
1.0, 17.0, 230.0, 83.0, 1989-07-20 00:00:00, 0.0
0.0, 13.7, 0.0, 90.0, 1989-07-21 00:00:00, 5.8
0.0, 20.4, 0.0, 46.0, 1989-07-22 00:00:00, 0.0
1.0, 19.4, 140.0, 69.0, 1989-07-23 00:00:00, 0.0
2.0, 21.6, 230.0, 51.0, 1989-07-24 00:00:00, 0.0
2.0, 23.2, 230.0, 51.0, 1989-07-25 00:00:00, 0.0
0.0, 24.2, 0.0, 47.0, 1989-07-26 00:00:00, 0.0
2.0, 18.0, 230.0, 78.0, 1989-07-27 00:00:00, 0.0
0.0, 18.5, 0.0, 74.0, 1989-07-28 00:00:00, 0.0
0.0, 20.3, 0.0, 71.0, 1989-07-29 00:00:00, 0.0
2.0, 21.6, 180.0, 68.0, 1989-07-30 00:00:00, 0.0
4.0, 22.2, 180.0, 69.0, 1989-07-31 00:00:00, 0.0
1.0, 13.7, 180.0, 93.0, 1989-08-01 00:00:00, 24.6
0.0, 14.8, 0.0, 91.0, 1989-08-02 00:00:00, 0.0
1.0, 16.6, 180.0, 88.0, 1989-08-03 00:00:00, 2.0
0.0, 18.4, 0.0, 80.0, 1989-08-04 00:00:00, 0.0
0.0, 21.0, 0.0, 71.0, 1989-08-05 00:00:00, 0.0
1.0, 24.4, 180.0, 59.0, 1989-08-06 00:00:00, 0.0
3.0, 26.5, 180.0, 47.0, 1989-08-07 00:00:00, 0.0
4.0, 27.4, 180.0, 43.0, 1989-08-08 00:00:00, 0.0
3.0, 18.6, 230.0, 74.0, 1989-08-09 00:00:00, 2.0
1.0, 12.2, 90.0, 89.0, 1989-08-10 00:00:00, 12.4
0.0, 15.6, 0.0, 79.0, 1989-08-11 00:00:00, 10.4
1.0, 20.1, 230.0, 56.0, 1989-08-12 00:00:00, 0.0
0.0, 16.4, 0.0, 81.0, 1989-08-13 00:00:00, 0.0
0.0, 11.5, 0.0, 93.0, 1989-08-14 00:00:00, 22.3
0.0, 13.5, 0.0, 89.0, 1989-08-15 00:00:00, 0.5
0.0, 15.5, 0.0, 90.0, 1989-08-16 00:00:00, 2.5
1.0, 19.7, 180.0, 79.0, 1989-08-17 00:00:00, 0.0
4.0, 21.2, 180.0, 78.0, 1989-08-18 00:00:00, 0.0
0.0, 18.2, 0.0, 88.0, 1989-08-19 00:00:00, 0.0
0.0, 15.1, 0.0, 93.0, 1989-08-20 00:00:00, 1.7
0.0, 14.7, 0.0, 94.0, 1989-08-21 00:00:00, 3.6
0.0, 13.7, 0.0, 89.0, 1989-08-22 00:00:00, 9.9
8.0, 16.6, 230.0, 79.0, 1989-08-23 00:00:00, 0.1
2.0, 14.8, 320.0, 90.0, 1989-08-24 00:00:00, 0.0
0.0, 16.7, 0.0, 84.0, 1989-08-25 00:00:00, 0.0
0.0, 21.7, 0.0, 56.0, 1989-08-26 00:00:00, 0.0
1.0, 22.1, 180.0, 53.0, 1989-08-27 00:00:00, 0.0
1.0, 19.0, 180.0, 79.0, 1989-08-28 00:00:00, 0.0
0.0, 20.6, 0.0, 63.0, 1989-08-29 00:00:00, 0.0
6.0, 18.7, 230.0, 80.0, 1989-08-30 00:00:00, 0.0
0.0, 13.3, 0.0, 93.0, 1989-08-31 00:00:00, 0.7
1.0, 15.2, 180.0, 88.0, 1989-09-01 00:00:00, 0.2
0.0, 15.1, 0.0, 85.0, 1989-09-02 00:00:00, 0.0
2.0, 17.0, 320.0, 73.0, 1989-09-03 00:00:00, 0.0
0.0, 13.6, 0.0, 93.0, 1989-09-04 00:00:00, 2.7
5.0, 17.5, 180.0, 72.0, 1989-09-05 00:00:00, 0.0
0.0, 20.8, 0.0, 41.0, 1989-09-06 00:00:00, 0.0
0.0, 25.8, 0.0, 35.0, 1989-09-07 00:00:00, 0.0
5.0, 25.7, 320.0, 16.0, 1989-09-08 00:00:00, 0.0
0.0, 24.1, 0.0, 14.0, 1989-09-09 00:00:00, 0.0
0.0, 22.5, 0.0, 26.0, 1989-09-10 00:00:00, 0.0
0.0, 21.9, 0.0, 32.0, 1989-09-11 00:00:00, 0.0
0.0, 21.8, 0.0, 38.0, 1989-09-12 00:00:00, 0.0
0.0, 21.7, 0.0, 49.0, 1989-09-13 00:00:00, 0.0
0.0, 20.8, 0.0, 57.0, 1989-09-14 00:00:00, 0.0
0.0, 17.6, 0.0, 74.0, 1989-09-15 00:00:00, 0.0
1.0, 12.1, 140.0, 93.0, 1989-09-16 00:00:00, 7.6
0.0, 12.3, 0.0, 77.0, 1989-09-17 00:00:00, 14.4
0.0, 14.4, 0.0, 77.0, 1989-09-18 00:00:00, 0.2
0.0, 15.0, 0.0, 82.0, 1989-09-19 00:00:00, 0.0
0.0, 16.9, 0.0, 66.0, 1989-09-20 00:00:00, 0.0
0.0, 20.6, 0.0, 51.0, 1989-09-21 00:00:00, 0.0
0.0, 23.0, 0.0, 40.0, 1989-09-22 00:00:00, 0.0
0.0, 22.8, 0.0, 40.0, 1989-09-23 00:00:00, 0.0
0.0, 22.3, 0.0, 39.0, 1989-09-24 00:00:00, 0.0
0.0, 24.7, 0.0, 32.0, 1989-09-25 00:00:00, 0.0
0.0, 12.6, 0.0, 94.0, 1989-09-26 00:00:00, 6.6
0.0, 12.0, 0.0, 93.0, 1989-09-27 00:00:00, 1.5
0.0, 18.5, 0.0, 76.0, 1989-09-28 00:00:00, 0.0
0.0, 20.4, 0.0, 62.0, 1989-09-29 00:00:00, 0.0
0.0, 13.7, 0.0, 81.0, 1989-09-30 00:00:00, 0.0
0.0, 14.4, 0.0, 81.0, 1989-10-01 00:00:00, 0.0
0.0, 14.6, 0.0, 50.0, 1989-10-02 00:00:00, 0.0
0.0, 14.1, 0.0, 49.0, 1989-10-03 00:00:00, 0.0
0.0, 10.0, 0.0, 89.0, 1989-10-04 00:00:00, 0.0
0.0, 13.1, 0.0, 90.0, 1989-10-05 00:00:00, 3.0
5.0, 15.3, 50.0, 75.0, 1989-10-06 00:00:00, 0.0
0.0, 12.5, 0.0, 90.0, 1989-10-07 00:00:00, 0.5
0.0, 13.6, 0.0, 83.0, 1989-10-08 00:00:00, 0.0
0.0, 12.7, 0.0, 87.0, 1989-10-09 00:00:00, 0.0
1.0, 11.9, 180.0, 86.0, 1989-10-10 00:00:00, 8.1
0.0, 7.2, 0.0, 94.0, 1989-10-11 00:00:00, 25.3
1.0, 9.4, 140.0, 88.0, 1989-10-12 00:00:00, 21.8
1.0, 8.3, 180.0, 93.0, 1989-10-13 00:00:00, 3.5
0.0, 6.0, 0.0, 87.0, 1989-10-14 00:00:00, 6.0
0.0, 8.0, 0.0, 71.0, 1989-10-15 00:00:00, 0.0
0.0, 11.2, 140.0, 92.0, 1990-06-01 00:00:00, 11.9
0.0, 14.3, 230.0, 73.0, 1990-06-02 00:00:00, 0.5
0.0, 9.6, 180.0, 99.0, 1990-06-03 00:00:00, 42.1
1.0, 10.2, 230.0, 99.0, 1990-06-04 00:00:00, 8.3
0.0, 13.5, 180.0, 75.0, 1990-06-05 00:00:00, 2.2
0.0, 10.9, 0.0, 95.0, 1990-06-06 00:00:00, 4.8
0.0, 10.5, 0.0, 99.0, 1990-06-07 00:00:00, 13.9
0.0, 10.8, 0.0, 97.0, 1990-06-08 00:00:00, 5.8
0.0, 12.9, 0.0, 95.0, 1990-06-09 00:00:00, 5.8
4.0, 10.6, 270.0, 99.0, 1990-06-10 00:00:00, 10.9
4.0, 13.4, 140.0, 82.0, 1990-06-11 00:00:00, 1.0
0.0, 12.0, 0.0, 87.0, 1990-06-12 00:00:00, 1.2
2.0, 15.8, 180.0, 77.0, 1990-06-13 00:00:00, 0.5
0.0, 21.6, 180.0, 45.0, 1990-06-14 00:00:00, 0.0
5.0, 20.6, 230.0, 60.0, 1990-06-15 00:00:00, 0.0
3.0, 11.6, 230.0, 99.0, 1990-06-16 00:00:00, 1.2
1.0, 14.7, 140.0, 94.0, 1990-06-17 00:00:00, 0.2
1.0, 17.0, 180.0, 77.0, 1990-06-18 00:00:00, 0.0
3.0, 13.5, 180.0, 99.0, 1990-06-19 00:00:00, 3.0
4.0, 20.0, 180.0, 66.0, 1990-06-20 00:00:00, 0.5
2.0, 26.7, 180.0, 36.0, 1990-06-21 00:00:00, 0.0
6.0, 27.6, 140.0, 42.0, 1990-06-22 00:00:00, 0.0
8.0, 20.0, 230.0, 66.0, 1990-06-23 00:00:00, 0.0
2.0, 19.3, 140.0, 71.0, 1990-06-24 00:00:00, 0.0
2.0, 18.0, 140.0, 78.0, 1990-06-25 00:00:00, 0.0
1.0, 12.9, 90.0, 99.0, 1990-06-26 00:00:00, 1.5
1.0, 17.0, 180.0, 70.0, 1990-06-27 00:00:00, 0.0
1.0, 14.2, 180.0, 99.0, 1990-06-28 00:00:00, 4.8
0.0, 14.1, 0.0, 99.0, 1990-06-29 00:00:00, 3.5
3.0, 15.4, 270.0, 99.0, 1990-06-30 00:00:00, 32.5
1.0, 14.9, 180.0, 83.0, 1990-07-01 00:00:00, 1.7
3.0, 13.3, 140.0, 99.0, 1990-07-02 00:00:00, 1.2
3.0, 14.7, 140.0, 88.0, 1990-07-03 00:00:00, 1.1
2.0, 20.6, 140.0, 56.0, 1990-07-04 00:00:00, 0.0
6.0, 18.3, 90.0, 68.0, 1990-07-05 00:00:00, 0.0
0.0, 13.3, 0.0, 99.0, 1990-07-06 00:00:00, 3.5
0.0, 16.4, 140.0, 95.0, 1990-07-07 00:00:00, 0.7
0.0, 19.7, 0.0, 76.0, 1990-07-08 00:00:00, 0.0
2.0, 21.7, 140.0, 68.0, 1990-07-09 00:00:00, 0.0
2.0, 25.3, 140.0, 46.0, 1990-07-10 00:00:00, 0.0
1.0, 28.3, 180.0, 40.0, 1990-07-11 00:00:00, 0.0
5.0, 27.6, 90.0, 51.0, 1990-07-12 00:00:00, 0.0
5.0, 24.3, 180.0, 65.0, 1990-07-13 00:00:00, 0.0
3.0, 25.5, 180.0, 47.0, 1990-07-14 00:00:00, 0.0
4.0, 24.2, 140.0, 64.0, 1990-07-15 00:00:00, 0.0
8.0, 20.3, 230.0, 65.0, 1990-07-16 00:00:00, 0.0
1.0, 18.7, 140.0, 68.0, 1990-07-17 00:00:00, 0.0
5.0, 21.3, 180.0, 63.0, 1990-07-18 00:00:00, 0.0
5.0, 26.7, 180.0, 35.0, 1990-07-19 00:00:00, 0.0
5.0, 29.2, 180.0, 28.0, 1990-07-20 00:00:00, 0.0
4.0, 30.9, 180.0, 23.0, 1990-07-21 00:00:00, 0.0
3.0, 28.9, 180.0, 34.0, 1990-07-22 00:00:00, 0.0
7.0, 21.4, 230.0, 67.0, 1990-07-23 00:00:00, 0.0
2.0, 19.3, 140.0, 71.0, 1990-07-24 00:00:00, 0.0
1.0, 17.9, 140.0, 95.0, 1990-07-25 00:00:00, 3.0
4.0, 17.4, 230.0, 96.0, 1990-07-26 00:00:00, 2.0
5.0, 20.0, 230.0, 76.0, 1990-07-27 00:00:00, 0.0
1.0, 24.4, 140.0, 61.0, 1990-07-28 00:00:00, 0.0
1.0, 30.6, 90.0, 28.0, 1990-07-29 00:00:00, 0.0
2.0, 29.0, 180.0, 38.0, 1990-07-30 00:00:00, 0.0
6.0, 24.0, 180.0, 67.0, 1990-07-31 00:00:00, 0.0
4.0, 21.0, 180.0, 72.0, 1990-08-01 00:00:00, 0.2
4.0, 21.0, 140.0, 70.0, 1990-08-02 00:00:00, 0.0
3.0, 23.0, 140.0, 65.0, 1990-08-03 00:00:00, 0.0
4.0, 26.0, 140.0, 56.0, 1990-08-04 00:00:00, 0.0
4.0, 27.0, 90.0, 50.0, 1990-08-05 00:00:00, 0.0
4.0, 23.0, 230.0, 55.0, 1990-08-06 00:00:00, 0.0
8.0, 22.2, 270.0, 50.0, 1990-08-07 00:00:00, 0.0
0.0, 19.7, 180.0, 76.0, 1990-08-08 00:00:00, 0.0
2.0, 21.7, 140.0, 68.0, 1990-08-09 00:00:00, 0.0
0.0, 30.8, 0.0, 34.0, 1990-08-10 00:00:00, 0.0
0.0, 26.9, 90.0, 47.0, 1990-08-11 00:00:00, 0.0
0.0, 30.1, 180.0, 34.0, 1990-08-12 00:00:00, 0.0
2.0, 21.8, 180.0, 68.0, 1990-08-13 00:00:00, 0.0
1.0, 21.2, 140.0, 71.0, 1990-08-14 00:00:00, 0.0
1.0, 17.5, 180.0, 81.0, 1990-08-15 00:00:00, 0.0
4.0, 15.7, 230.0, 99.0, 1990-08-16 00:00:00, 5.0
3.0, 20.8, 230.0, 73.0, 1990-08-17 00:00:00, 0.0
2.0, 20.2, 140.0, 85.0, 1990-08-18 00:00:00, 1.5
5.0, 21.5, 230.0, 80.0, 1990-08-19 00:00:00, 1.5
1.0, 19.9, 180.0, 92.0, 1990-08-20 00:00:00, 0.0
0.0, 19.5, 90.0, 91.0, 1990-08-21 00:00:00, 0.0
6.0, 21.1, 270.0, 65.0, 1990-08-22 00:00:00, 0.0
7.0, 21.4, 230.0, 67.0, 1990-08-23 00:00:00, 0.0
1.0, 15.7, 180.0, 94.0, 1990-08-24 00:00:00, 0.0
4.0, 17.4, 230.0, 81.0, 1990-08-25 00:00:00, 0.0
3.0, 17.5, 230.0, 79.0, 1990-08-26 00:00:00, 23.6
0.0, 18.7, 270.0, 62.0, 1990-08-27 00:00:00, 0.0
2.0, 22.2, 140.0, 49.0, 1990-08-28 00:00:00, 0.0
0.0, 15.5, 320.0, 90.0, 1990-08-29 00:00:00, 0.5
0.0, 13.6, 230.0, 99.0, 1990-08-30 00:00:00, 18.7
0.0, 13.0, 0.0, 99.0, 1990-08-31 00:00:00, 24.8
0.0, 14.1, 0.0, 99.0, 1990-09-01 00:00:00, 11.9
1.0, 14.8, 320.0, 91.0, 1990-09-02 00:00:00, 0.0
0.0, 22.3, 0.0, 40.0, 1990-09-03 00:00:00, 0.0
0.0, 24.4, 0.0, 32.0, 1990-09-04 00:00:00, 0.0
0.0, 22.3, 0.0, 39.0, 1990-09-05 00:00:00, 0.0
0.0, 24.7, 0.0, 43.0, 1990-09-06 00:00:00, 0.0
0.0, 25.9, 0.0, 37.0, 1990-09-07 00:00:00, 0.0
4.0, 20.1, 180.0, 79.0, 1990-09-08 00:00:00, 0.0
1.0, 15.9, 180.0, 99.0, 1990-09-09 00:00:00, 0.0
1.0, 20.0, 180.0, 50.0, 1990-09-10 00:00:00, 0.0
2.0, 20.5, 180.0, 70.0, 1990-09-11 00:00:00, 0.0
1.0, 16.1, 230.0, 94.0, 1990-09-12 00:00:00, 0.0
1.0, 20.5, 50.0, 64.0, 1990-09-13 00:00:00, 0.0
0.0, 24.3, 0.0, 38.0, 1990-09-14 00:00:00, 0.0
1.0, 17.1, 140.0, 78.0, 1990-09-15 00:00:00, 0.0
0.0, 14.8, 0.0, 99.0, 1990-09-16 00:00:00, 0.2
0.0, 15.9, 0.0, 84.0, 1990-09-17 00:00:00, 0.0
0.0, 17.1, 0.0, 81.0, 1990-09-18 00:00:00, 0.0
0.0, 18.4, 0.0, 74.0, 1990-09-19 00:00:00, 0.2
0.0, 19.6, 0.0, 58.0, 1990-09-20 00:00:00, 0.0
0.0, 22.7, 0.0, 48.0, 1990-09-21 00:00:00, 0.0
0.0, 26.9, 0.0, 38.0, 1990-09-22 00:00:00, 0.0
0.0, 23.3, 0.0, 53.0, 1990-09-23 00:00:00, 0.0
0.0, 19.0, 320.0, 81.0, 1990-09-24 00:00:00, 0.0
0.0, 13.9, 320.0, 99.0, 1990-09-25 00:00:00, 0.0
1.0, 15.5, 90.0, 94.0, 1990-09-26 00:00:00, 0.0
0.0, 18.2, 180.0, 78.0, 1990-09-27 00:00:00, 0.0
0.0, 17.3, 0.0, 73.0, 1990-09-28 00:00:00, 0.0
3.0, 16.1, 230.0, 89.0, 1990-09-29 00:00:00, 0.0
0.0, 14.0, 0.0, 67.0, 1990-09-30 00:00:00, 0.0
2.0, 9.8, 50.0, 99.0, 1990-10-01 00:00:00, 14.2
0.0, 8.8, 0.0, 99.0, 1990-10-02 00:00:00, 8.0
0.0, 5.7, 0.0, 99.0, 1990-10-03 00:00:00, 16.7
1.0, 11.7, 180.0, 87.0, 1990-10-04 00:00:00, 57.6
1.0, 10.8, 270.0, 91.0, 1990-10-05 00:00:00, 4.0
