station_observations
wind_speed, temperature, wind_direction, relative_humidity, time, precipitation
0.0, 0.0, 0.0, 0.0, 1995-05-14 00:00:00, 0.0
8.0, 16.9, 140.0, 66.0, 1995-05-15 00:00:00, 0.5
1.0, 11.9, 180.0, 68.0, 1995-05-16 00:00:00, 0.0
3.0, 11.6, 140.0, 88.0, 1995-05-17 00:00:00, 5.8
17.0, 13.8, 180.0, 36.0, 1995-05-18 00:00:00, 1.5
10.0, 13.3, 90.0, 35.0, 1995-05-19 00:00:00, 0.0
12.0, 13.0, 90.0, 42.0, 1995-05-20 00:00:00, 0.0
9.0, 13.5, 90.0, 38.0, 1995-05-21 00:00:00, 3.8
8.0, 15.9, 90.0, 39.0, 1995-05-22 00:00:00, 0.0
8.0, 18.2, 140.0, 37.0, 1995-05-23 00:00:00, 0.0
8.0, 19.3, 140.0, 37.0, 1995-05-24 00:00:00, 0.0
7.0, 14.6, 90.0, 45.0, 1995-05-25 00:00:00, 4.5
8.0, 15.6, 90.0, 37.0, 1995-05-26 00:00:00, 0.0
8.0, 18.5, 140.0, 37.0, 1995-05-27 00:00:00, 0.0
8.0, 21.5, 140.0, 35.0, 1995-05-28 00:00:00, 0.0
6.0, 22.6, 140.0, 32.0, 1995-05-29 00:00:00, 0.0
7.0, 23.6, 140.0, 39.0, 1995-05-30 00:00:00, 0.0
7.0, 21.5, 140.0, 41.0, 1995-05-31 00:00:00, 0.0
8.0, 23.1, 90.0, 36.0, 1995-06-01 00:00:00, 0.0
6.0, 22.5, 140.0, 42.0, 1995-06-02 00:00:00, 0.0
7.0, 21.0, 90.0, 32.0, 1995-06-03 00:00:00, 0.7
5.0, 19.8, 140.0, 37.0, 1995-06-04 00:00:00, 0.0
8.0, 15.0, 90.0, 88.0, 1995-06-05 00:00:00, 6.6
7.0, 17.3, 140.0, 58.0, 1995-06-06 00:00:00, 0.5
7.0, 20.0, 90.0, 25.0, 1995-06-07 00:00:00, 0.0
9.0, 19.2, 140.0, 36.0, 1995-06-08 00:00:00, 0.0
7.0, 20.7, 90.0, 24.0, 1995-06-09 00:00:00, 0.0
5.0, 20.4, 140.0, 35.0, 1995-06-10 00:00:00, 0.0
8.0, 16.5, 50.0, 57.0, 1995-06-11 00:00:00, 0.0
4.0, 17.6, 90.0, 60.0, 1995-06-12 00:00:00, 2.0
6.0, 16.2, 140.0, 56.0, 1995-06-13 00:00:00, 1.5
4.0, 12.3, 180.0, 73.0, 1995-06-14 00:00:00, 0.0
5.0, 16.8, 140.0, 72.0, 1995-06-15 00:00:00, 1.7
1.0, 13.4, 140.0, 81.0, 1995-06-16 00:00:00, 0.7
5.0, 16.6, 140.0, 77.0, 1995-06-17 00:00:00, 4.0
2.0, 13.1, 140.0, 83.0, 1995-06-18 00:00:00, 0.0
4.0, 13.1, 140.0, 87.0, 1995-06-19 00:00:00, 4.5
4.0, 12.2, 90.0, 91.0, 1995-06-20 00:00:00, 1.5
6.0, 13.7, 140.0, 89.0, 1995-06-21 00:00:00, 3.8
6.0, 19.4, 140.0, 65.0, 1995-06-22 00:00:00, 0.0
7.0, 22.8, 140.0, 53.0, 1995-06-23 00:00:00, 0.0
3.0, 20.4, 90.0, 58.0, 1995-06-24 00:00:00, 0.0
7.0, 22.5, 140.0, 55.0, 1995-06-25 00:00:00, 0.0
13.0, 19.8, 180.0, 27.0, 1995-06-26 00:00:00, 0.0
4.0, 18.4, 140.0, 45.0, 1995-06-27 00:00:00, 0.0
6.0, 21.9, 90.0, 38.0, 1995-06-28 00:00:00, 0.0
7.0, 22.0, 140.0, 47.0, 1995-06-29 00:00:00, 0.0
5.0, 20.8, 90.0, 53.0, 1995-06-30 00:00:00, 0.0
2.0, 20.0, 140.0, 50.0, 1995-07-01 00:00:00, 0.0
1.0, 15.4, 140.0, 96.0, 1995-07-02 00:00:00, 5.0
24.0, 11.8, 230.0, 89.0, 1995-07-03 00:00:00, 20.5
5.0, 14.9, 50.0, 87.0, 1995-07-04 00:00:00, 7.6
5.0, 16.1, 230.0, 84.0, 1995-07-05 00:00:00, 5.3
4.0, 17.7, 140.0, 76.0, 1995-07-06 00:00:00, 0.7
6.0, 15.1, 140.0, 96.0, 1995-07-07 00:00:00, 3.5
5.0, 16.2, 180.0, 88.0, 1995-07-08 00:00:00, 0.2
4.0, 20.1, 180.0, 66.0, 1995-07-09 00:00:00, 0.0
5.0, 17.8, 180.0, 86.0, 1995-07-10 00:00:00, 9.3
5.0, 16.8, 140.0, 64.0, 1995-07-11 00:00:00, 2.7
1.0, 14.5, 140.0, 81.0, 1995-07-12 00:00:00, 0.7
4.0, 18.5, 140.0, 65.0, 1995-07-13 00:00:00, 0.0
4.0, 17.5, 140.0, 73.0, 1995-07-14 00:00:00, 0.0
4.0, 19.5, 140.0, 59.0, 1995-07-15 00:00:00, 0.0
5.0, 22.0, 180.0, 47.0, 1995-07-16 00:00:00, 0.2
7.0, 22.0, 90.0, 52.0, 1995-07-17 00:00:00, 0.0
5.0, 22.5, 140.0, 44.0, 1995-07-18 00:00:00, 0.0
5.0, 22.2, 140.0, 50.0, 1995-07-19 00:00:00, 0.0
5.0, 19.8, 140.0, 73.0, 1995-07-20 00:00:00, 0.2
4.0, 18.1, 140.0, 73.0, 1995-07-21 00:00:00, 2.5
6.0, 19.9, 50.0, 65.0, 1995-07-22 00:00:00, 0.0
3.0, 16.6, 180.0, 88.0, 1995-07-23 00:00:00, 2.7
3.0, 17.0, 140.0, 71.0, 1995-07-24 00:00:00, 0.0
3.0, 16.6, 180.0, 88.0, 1995-07-25 00:00:00, 1.2
6.0, 15.3, 90.0, 83.0, 1995-07-26 00:00:00, 2.5
9.0, 13.3, 90.0, 86.0, 1995-07-27 00:00:00, 44.1
6.0, 15.4, 90.0, 71.0, 1995-07-28 00:00:00, 1.5
8.0, 13.0, 180.0, 71.0, 1995-07-29 00:00:00, 4.8
3.0, 15.7, 90.0, 64.0, 1995-07-30 00:00:00, 4.8
3.0, 15.6, 140.0, 79.0, 1995-07-31 00:00:00, 0.5
4.0, 13.7, 230.0, 96.0, 1995-08-01 00:00:00, 4.0
7.0, 18.8, 140.0, 70.0, 1995-08-02 00:00:00, 0.5
2.0, 17.4, 90.0, 70.0, 1995-08-03 00:00:00, 0.0
7.0, 21.2, 140.0, 69.0, 1995-08-04 00:00:00, 0.0
0.0, 15.6, 90.0, 96.0, 1995-08-05 00:00:00, 1.7
2.0, 11.6, 90.0, 96.0, 1995-08-06 00:00:00, 5.3
4.0, 11.4, 90.0, 98.0, 1995-08-07 00:00:00, 4.3
4.0, 12.5, 140.0, 90.0, 1995-08-08 00:00:00, 2.0
5.0, 15.1, 90.0, 77.0, 1995-08-09 00:00:00, 0.0
7.0, 17.5, 140.0, 66.0, 1995-08-10 00:00:00, 0.0
2.0, 14.3, 270.0, 91.0, 1995-08-11 00:00:00, 1.7
4.0, 12.2, 90.0, 83.0, 1995-08-12 00:00:00, 3.3
6.0, 14.2, 50.0, 82.0, 1995-08-13 00:00:00, 1.0
0.0, 10.2, 0.0, 95.0, 1995-08-14 00:00:00, 1.7
1.0, 12.0, 140.0, 88.0, 1995-08-15 00:00:00, 0.7
2.0, 10.6, 180.0, 95.0, 1995-08-16 00:00:00, 5.3
5.0, 11.2, 90.0, 86.0, 1995-08-17 00:00:00, 1.0
5.0, 10.6, 50.0, 87.0, 1995-08-18 00:00:00, 2.5
7.0, 12.0, 50.0, 87.0, 1995-08-19 00:00:00, 1.0
2.0, 14.3, 140.0, 81.0, 1995-08-20 00:00:00, 0.0
5.0, 17.3, 140.0, 74.0, 1995-08-21 00:00:00, 0.2
4.0, 15.6, 180.0, 84.0, 1995-08-22 00:00:00, 3.3
6.0, 17.0, 140.0, 68.0, 1995-08-23 00:00:00, 0.0
25.0, 9.7, 230.0, 74.0, 1995-08-24 00:00:00, 1.2
7.0, 15.1, 140.0, 66.0, 1995-08-25 00:00:00, 1.0
8.0, 14.6, 90.0, 71.0, 1995-08-26 00:00:00, 0.0
6.0, 12.1, 90.0, 89.0, 1995-08-27 00:00:00, 2.5
5.0, 17.8, 180.0, 65.0, 1995-08-28 00:00:00, 0.2
7.0, 11.1, 180.0, 95.0, 1995-08-29 00:00:00, 8.6
7.0, 14.1, 180.0, 83.0, 1995-08-30 00:00:00, 1.5
6.0, 14.9, 140.0, 76.0, 1995-08-31 00:00:00, 0.0
6.0, 16.7, 140.0, 69.0, 1995-09-01 00:00:00, 0.0
7.0, 18.1, 140.0, 62.0, 1995-09-02 00:00:00, 0.0
4.0, 18.6, 90.0, 59.0, 1995-09-03 00:00:00, 0.0
5.0, 18.8, 140.0, 57.0, 1995-09-04 00:00:00, 0.0
4.0, 16.4, 140.0, 93.0, 1995-09-05 00:00:00, 2.0
1.0, 13.4, 320.0, 97.0, 1995-09-06 00:00:00, 34.7
6.0, 13.5, 140.0, 92.0, 1995-09-07 00:00:00, 0.2
5.0, 17.5, 140.0, 83.0, 1995-09-08 00:00:00, 0.0
5.0, 17.6, 140.0, 73.0, 1995-09-09 00:00:00, 0.0
5.0, 17.6, 140.0, 78.0, 1995-09-10 00:00:00, 0.0
3.0, 16.6, 140.0, 84.0, 1995-09-11 00:00:00, 0.0
7.0, 18.7, 140.0, 66.0, 1995-09-12 00:00:00, 0.0
5.0, 18.0, 140.0, 62.0, 1995-09-13 00:00:00, 0.0
4.0, 17.1, 140.0, 62.0, 1995-09-14 00:00:00, 0.0
7.0, 19.0, 90.0, 63.0, 1995-09-15 00:00:00, 0.0
7.0, 17.6, 140.0, 39.0, 1995-09-16 00:00:00, 0.0
7.0, 17.1, 140.0, 67.0, 1995-09-17 00:00:00, 0.0
8.0, 14.3, 50.0, 46.0, 1995-09-18 00:00:00, 0.0
9.0, 13.2, 90.0, 61.0, 1995-09-19 00:00:00, 0.0
8.0, 14.0, 140.0, 52.0, 1995-09-20 00:00:00, 0.0
7.0, 11.6, 140.0, 48.0, 1995-09-21 00:00:00, 0.0
5.0, 10.1, 90.0, 78.0, 1995-09-22 00:00:00, 0.0
5.0, 13.7, 140.0, 69.0, 1995-09-23 00:00:00, 0.0
