station_observations
wind_speed, temperature, wind_direction, relative_humidity, time, precipitation
0.0, 0.0, 0.0, 0.0, 1997-06-02 00:00:00, 0.0
4.0, 18.2, 50.0, 30.0, 1997-06-03 00:00:00, 0.0
0.0, 10.2, 0.0, 97.0, 1997-06-04 00:00:00, 8.1
4.0, 10.2, 140.0, 89.0, 1997-06-05 00:00:00, 10.9
9.0, 15.8, 90.0, 42.0, 1997-06-06 00:00:00, 0.0
8.0, 17.6, 90.0, 42.0, 1997-06-07 00:00:00, 0.0
5.0, 9.7, 0.0, 89.0, 1997-06-08 00:00:00, 3.6
9.0, 18.1, 90.0, 27.0, 1997-06-09 00:00:00, 0.0
4.0, 22.4, 320.0, 25.0, 1997-06-10 00:00:00, 0.0
14.0, 24.6, 140.0, 24.0, 1997-06-11 00:00:00, 0.0
7.0, 16.4, 140.0, 66.0, 1997-06-12 00:00:00, 4.6
10.0, 23.0, 90.0, 40.0, 1997-06-13 00:00:00, 0.0
5.0, 19.8, 180.0, 34.0, 1997-06-14 00:00:00, 0.0
11.0, 22.7, 90.0, 34.0, 1997-06-15 00:00:00, 0.0
13.0, 17.7, 90.0, 73.0, 1997-06-16 00:00:00, 19.1
3.0, 13.1, 180.0, 90.0, 1997-06-17 00:00:00, 1.0
7.0, 12.4, 90.0, 82.0, 1997-06-18 00:00:00, 16.0
9.0, 13.6, 90.0, 63.0, 1997-06-19 00:00:00, 0.8
4.0, 9.4, 140.0, 82.0, 1997-06-20 00:00:00, 0.0
7.0, 14.8, 90.0, 54.0, 1997-06-21 00:00:00, 0.0
9.0, 6.4, 140.0, 95.0, 1997-06-22 00:00:00, 8.1
4.0, 7.8, 90.0, 89.0, 1997-06-23 00:00:00, 9.4
4.0, 14.1, 140.0, 61.0, 1997-06-24 00:00:00, 2.8
14.0, 19.5, 90.0, 46.0, 1997-06-25 00:00:00, 0.0
5.0, 11.5, 180.0, 79.0, 1997-06-26 00:00:00, 4.3
8.0, 13.0, 90.0, 46.0, 1997-06-27 00:00:00, 0.0
6.0, 14.3, 90.0, 62.0, 1997-06-28 00:00:00, 0.0
7.0, 16.9, 320.0, 41.0, 1997-06-29 00:00:00, 0.5
5.0, 12.9, 140.0, 72.0, 1997-06-30 00:00:00, 0.0
12.0, 21.1, 90.0, 48.0, 1997-07-01 00:00:00, 0.5
4.0, 15.7, 140.0, 69.0, 1997-07-02 00:00:00, 1.5
1.0, 13.9, 90.0, 82.0, 1997-07-03 00:00:00, 3.3
4.0, 21.4, 140.0, 36.0, 1997-07-04 00:00:00, 0.3
4.0, 23.5, 50.0, 39.0, 1997-07-05 00:00:00, 0.0
0.0, 14.8, 0.0, 88.0, 1997-07-06 00:00:00, 4.8
0.0, 13.7, 0.0, 80.0, 1997-07-07 00:00:00, 0.0
0.0, 13.8, 0.0, 81.0, 1997-07-08 00:00:00, 0.0
0.0, 17.2, 0.0, 78.0, 1997-07-09 00:00:00, 0.0
9.0, 10.9, 140.0, 90.0, 1997-07-10 00:00:00, 0.3
2.0, 5.5, 50.0, 99.0, 1997-07-11 00:00:00, 12.7
3.0, 6.5, 50.0, 98.0, 1997-07-12 00:00:00, 2.3
6.0, 10.2, 0.0, 95.0, 1997-07-13 00:00:00, 1.0
4.0, 16.0, 90.0, 64.0, 1997-07-14 00:00:00, 0.5
2.0, 15.8, 50.0, 76.0, 1997-07-15 00:00:00, 2.3
1.0, 15.3, 50.0, 86.0, 1997-07-16 00:00:00, 4.0
5.0, 19.0, 90.0, 48.0, 1997-07-17 00:00:00, 0.0
2.0, 16.1, 90.0, 73.0, 1997-07-18 00:00:00, 1.0
5.0, 23.3, 50.0, 29.0, 1997-07-19 00:00:00, 0.0
6.0, 25.5, 140.0, 30.0, 1997-07-20 00:00:00, 0.0
4.0, 25.6, 270.0, 37.0, 1997-07-21 00:00:00, 0.0
5.0, 12.5, 50.0, 91.0, 1997-07-22 00:00:00, 5.0
2.0, 15.2, 50.0, 72.0, 1997-07-23 00:00:00, 0.0
11.0, 13.0, 140.0, 77.0, 1997-07-24 00:00:00, 1.5
12.0, 17.1, 90.0, 56.0, 1997-07-25 00:00:00, 2.8
9.0, 14.8, 90.0, 68.0, 1997-07-26 00:00:00, 0.3
7.0, 21.2, 90.0, 32.0, 1997-07-27 00:00:00, 0.3
5.0, 24.2, 90.0, 35.0, 1997-07-28 00:00:00, 0.0
4.0, 26.1, 0.0, 34.0, 1997-07-29 00:00:00, 0.0
5.0, 15.2, 140.0, 96.0, 1997-07-30 00:00:00, 0.5
5.0, 18.8, 140.0, 60.0, 1997-07-31 00:00:00, 2.5
9.0, 15.5, 320.0, 84.0, 1997-08-01 00:00:00, 1.8
3.0, 12.4, 230.0, 98.0, 1997-08-02 00:00:00, 5.1
5.0, 20.9, 50.0, 57.0, 1997-08-03 00:00:00, 8.9
8.0, 24.7, 90.0, 41.0, 1997-08-04 00:00:00, 1.8
5.0, 27.5, 90.0, 29.0, 1997-08-05 00:00:00, 0.0
5.0, 28.0, 50.0, 35.0, 1997-08-06 00:00:00, 0.0
4.0, 16.1, 270.0, 81.0, 1997-08-07 00:00:00, 1.5
11.0, 17.2, 90.0, 58.0, 1997-08-08 00:00:00, 5.3
5.0, 17.8, 140.0, 29.0, 1997-08-09 00:00:00, 0.3
6.0, 20.5, 50.0, 36.0, 1997-08-10 00:00:00, 0.0
6.0, 23.5, 50.0, 34.0, 1997-08-11 00:00:00, 0.0
0.0, 19.6, 0.0, 54.0, 1997-08-12 00:00:00, 13.5
2.0, 17.4, 140.0, 68.0, 1997-08-13 00:00:00, 2.3
6.0, 22.2, 140.0, 58.0, 1997-08-14 00:00:00, 0.0
18.0, 19.2, 270.0, 38.0, 1997-08-15 00:00:00, 0.0
1.0, 16.0, 320.0, 64.0, 1997-08-16 00:00:00, 0.0
2.0, 16.4, 140.0, 68.0, 1997-08-17 00:00:00, 2.3
7.0, 16.6, 270.0, 56.0, 1997-08-18 00:00:00, 0.0
2.0, 19.1, 180.0, 55.0, 1997-08-19 00:00:00, 7.9
2.0, 23.1, 140.0, 46.0, 1997-08-20 00:00:00, 0.0
1.0, 17.9, 140.0, 77.0, 1997-08-21 00:00:00, 0.8
5.0, 19.9, 140.0, 67.0, 1997-08-22 00:00:00, 0.0
3.0, 11.1, 50.0, 99.0, 1997-08-23 00:00:00, 2.3
4.0, 14.3, 140.0, 82.0, 1997-08-24 00:00:00, 7.4
5.0, 18.4, 270.0, 59.0, 1997-08-25 00:00:00, 0.3
6.0, 18.3, 140.0, 65.0, 1997-08-26 00:00:00, 1.8
9.0, 19.7, 140.0, 68.0, 1997-08-27 00:00:00, 1.3
5.0, 14.5, 90.0, 75.0, 1997-08-28 00:00:00, 1.0
0.0, 11.2, 0.0, 93.0, 1997-08-29 00:00:00, 3.6
9.0, 15.1, 140.0, 72.0, 1997-08-30 00:00:00, 0.0
4.0, 16.6, 270.0, 66.0, 1997-08-31 00:00:00, 0.8
2.0, 20.2, 0.0, 48.0, 1997-09-01 00:00:00, 0.0
4.0, 22.6, 140.0, 57.0, 1997-09-02 00:00:00, 0.8
3.0, 20.5, 270.0, 62.0, 1997-09-03 00:00:00, 1.8
0.0, 14.4, 0.0, 93.0, 1997-09-04 00:00:00, 13.7
3.0, 17.6, 180.0, 66.0, 1997-09-05 00:00:00, 0.3
1.0, 11.5, 180.0, 95.0, 1997-09-06 00:00:00, 10.9
0.0, 13.0, 0.0, 70.0, 1997-09-07 00:00:00, 1.0
1.0, 17.8, 180.0, 50.0, 1997-09-08 00:00:00, 0.0
4.0, 18.7, 140.0, 46.0, 1997-09-09 00:00:00, 0.0
6.0, 20.2, 140.0, 53.0, 1997-09-10 00:00:00, 0.0
5.0, 15.1, 270.0, 86.0, 1997-09-11 00:00:00, 0.5
2.0, 11.0, 50.0, 93.0, 1997-09-12 00:00:00, 11.7
4.0, 12.3, 180.0, 74.0, 1997-09-13 00:00:00, 13.5
0.0, 9.1, 0.0, 98.0, 1997-09-14 00:00:00, 5.8
2.0, 10.3, 0.0, 97.0, 1997-09-15 00:00:00, 12.4
7.0, 12.2, 270.0, 79.0, 1997-09-16 00:00:00, 6.6
0.0, 7.8, 0.0, 97.0, 1997-09-17 00:00:00, 7.1
0.0, 9.2, 0.0, 83.0, 1997-09-18 00:00:00, 19.8
2.0, 13.5, 230.0, 56.0, 1997-09-19 00:00:00, 0.0
4.0, 15.2, 90.0, 62.0, 1997-09-20 00:00:00, 0.3
3.0, 17.7, 180.0, 59.0, 1997-09-21 00:00:00, 0.0
3.0, 18.6, 180.0, 51.0, 1997-09-22 00:00:00, 0.0
50.0, 19.5, 180.0, 55.0, 1997-09-23 00:00:00, 0.0
4.0, 18.5, 180.0, 56.0, 1997-09-24 00:00:00, 0.0
2.0, 18.7, 230.0, 54.0, 1997-09-25 00:00:00, 0.3
8.0, 11.5, 140.0, 90.0, 1997-09-26 00:00:00, 16.3
1.0, 10.1, 230.0, 91.0, 1997-09-27 00:00:00, 0.8
1.0, 9.7, 50.0, 95.0, 1997-09-28 00:00:00, 0.8
5.0, 12.9, 50.0, 75.0, 1997-09-29 00:00:00, 2.5
4.0, 12.9, 270.0, 89.0, 1998-05-14 00:00:00, 4.6
2.0, 8.1, 135.0, 88.0, 1998-05-15 00:00:00, 4.1
0.0, 8.6, 180.0, 81.0, 1998-05-16 00:00:00, 6.1
4.0, 17.2, 90.0, 45.0, 1998-05-17 00:00:00, 0.0
5.0, 18.3, 135.0, 47.0, 1998-05-18 00:00:00, 0.0
6.0, 14.8, 135.0, 55.0, 1998-05-19 00:00:00, 0.8
4.0, 20.7, 270.0, 28.0, 1998-05-20 00:00:00, 0.5
2.0, 13.7, 90.0, 68.0, 1998-05-21 00:00:00, 0.0
8.0, 23.5, 0.0, 28.0, 1998-05-22 00:00:00, 0.3
2.0, 17.6, 180.0, 62.0, 1998-05-23 00:00:00, 0.8
5.0, 18.7, 180.0, 65.0, 1998-05-24 00:00:00, 0.5
3.0, 18.6, 180.0, 52.0, 1998-05-25 00:00:00, 2.3
12.0, 20.1, 0.0, 50.0, 1998-05-26 00:00:00, 0.0
4.0, 20.6, 315.0, 43.0, 1998-05-27 00:00:00, 0.0
