station_observations
wind_speed, temperature, wind_direction, relative_humidity, time, precipitation
0.0, 0.0, 0.0, 0.0, 1997-05-23 00:00:00, 0.0
5.0, 16.0, 270.0, 58.0, 1997-05-24 00:00:00, 0.0
3.0, 21.2, 270.0, 40.0, 1997-05-25 00:00:00, 0.0
2.0, 17.5, 230.0, 57.0, 1997-05-26 00:00:00, 1.5
1.0, 13.7, 230.0, 81.0, 1997-05-27 00:00:00, 2.2
0.0, 17.9, 0.0, 55.0, 1997-05-28 00:00:00, 0.0
4.0, 17.2, 230.0, 55.0, 1997-05-29 00:00:00, 0.0
3.0, 16.5, 230.0, 78.0, 1997-05-30 00:00:00, 1.7
2.0, 14.9, 180.0, 89.0, 1997-05-31 00:00:00, 4.5
0.0, 15.6, 0.0, 50.0, 1997-06-01 00:00:00, 2.2
0.0, 17.1, 0.0, 43.0, 1997-06-02 00:00:00, 0.2
0.0, 21.7, 0.0, 26.0, 1997-06-03 00:00:00, 0.0
1.0, 12.9, 270.0, 94.0, 1997-06-04 00:00:00, 4.3
0.0, 15.1, 0.0, 78.0, 1997-06-05 00:00:00, 3.0
1.0, 17.3, 230.0, 56.0, 1997-06-06 00:00:00, 0.0
7.0, 17.7, 230.0, 56.0, 1997-06-07 00:00:00, 0.0
1.0, 14.7, 50.0, 77.0, 1997-06-08 00:00:00, 4.8
0.0, 20.6, 0.0, 35.0, 1997-06-09 00:00:00, 0.0
0.0, 23.4, 0.0, 35.0, 1997-06-10 00:00:00, 0.0
8.0, 23.6, 230.0, 39.0, 1997-06-11 00:00:00, 0.0
0.0, 18.0, 0.0, 68.0, 1997-06-12 00:00:00, 2.5
0.0, 23.8, 0.0, 46.0, 1997-06-13 00:00:00, 0.0
0.0, 22.1, 0.0, 36.0, 1997-06-14 00:00:00, 0.0
0.0, 24.3, 0.0, 39.0, 1997-06-15 00:00:00, 0.0
0.0, 19.0, 230.0, 62.0, 1997-06-16 00:00:00, 8.8
1.0, 14.7, 180.0, 89.0, 1997-06-17 00:00:00, 0.2
3.0, 12.1, 270.0, 89.0, 1997-06-18 00:00:00, 1.0
13.0, 17.5, 230.0, 53.0, 1997-06-19 00:00:00, 0.0
0.0, 13.6, 270.0, 59.0, 1997-06-20 00:00:00, 0.0
6.0, 15.6, 230.0, 57.0, 1997-06-21 00:00:00, 0.0
2.0, 10.2, 90.0, 90.0, 1997-06-22 00:00:00, 5.8
5.0, 10.3, 230.0, 89.0, 1997-06-23 00:00:00, 14.2
0.0, 17.2, 0.0, 68.0, 1997-06-24 00:00:00, 0.5
0.0, 18.5, 0.0, 55.0, 1997-06-25 00:00:00, 0.0
2.0, 13.6, 230.0, 89.0, 1997-06-26 00:00:00, 3.5
1.0, 14.4, 230.0, 63.0, 1997-06-27 00:00:00, 0.0
0.0, 17.9, 0.0, 55.0, 1997-06-28 00:00:00, 0.0
5.0, 17.4, 230.0, 58.0, 1997-06-29 00:00:00, 0.0
3.0, 17.0, 230.0, 69.0, 1997-06-30 00:00:00, 0.0
9.0, 21.4, 270.0, 52.0, 1997-07-01 00:00:00, 0.0
2.0, 18.4, 230.0, 68.0, 1997-07-02 00:00:00, 0.0
3.0, 16.0, 90.0, 87.0, 1997-07-03 00:00:00, 0.0
1.0, 12.9, 270.0, 94.0, 1997-07-04 00:00:00, 4.3
4.0, 25.4, 270.0, 42.0, 1997-07-05 00:00:00, 0.0
3.0, 15.9, 180.0, 86.0, 1997-07-06 00:00:00, 0.0
1.0, 15.9, 50.0, 81.0, 1997-07-07 00:00:00, 0.0
3.0, 15.1, 230.0, 87.0, 1997-07-08 00:00:00, 0.0
6.0, 16.1, 230.0, 83.0, 1997-07-09 00:00:00, 0.0
3.0, 14.4, 90.0, 85.0, 1997-07-10 00:00:00, 11.1
1.0, 9.2, 180.0, 96.0, 1997-07-11 00:00:00, 9.1
0.0, 9.6, 0.0, 97.0, 1997-07-12 00:00:00, 24.3
2.0, 15.8, 230.0, 88.0, 1997-07-13 00:00:00, 3.5
1.0, 13.9, 320.0, 88.0, 1997-07-14 00:00:00, 0.0
5.0, 17.5, 270.0, 81.0, 1997-07-15 00:00:00, 0.0
2.0, 16.9, 90.0, 81.0, 1997-07-16 00:00:00, 9.1
1.0, 19.4, 140.0, 58.0, 1997-07-17 00:00:00, 0.0
1.0, 18.8, 230.0, 72.0, 1997-07-18 00:00:00, 0.0
3.0, 22.7, 230.0, 47.0, 1997-07-19 00:00:00, 0.0
2.0, 24.6, 270.0, 43.0, 1997-07-20 00:00:00, 0.0
6.0, 26.8, 270.0, 48.0, 1997-07-21 00:00:00, 0.0
1.0, 16.5, 180.0, 90.0, 1997-07-22 00:00:00, 0.2
3.0, 14.2, 270.0, 87.0, 1997-07-23 00:00:00, 0.0
3.0, 16.4, 230.0, 67.0, 1997-07-24 00:00:00, 0.0
6.0, 15.8, 230.0, 65.0, 1997-07-25 00:00:00, 0.0
1.0, 16.4, 270.0, 68.0, 1997-07-26 00:00:00, 0.0
0.0, 20.6, 0.0, 50.0, 1997-07-27 00:00:00, 0.0
0.0, 23.4, 0.0, 42.0, 1997-07-28 00:00:00, 0.0
0.0, 25.4, 0.0, 45.0, 1997-07-29 00:00:00, 0.0
3.0, 16.1, 0.0, 96.0, 1997-07-30 00:00:00, 0.0
0.0, 20.8, 0.0, 69.0, 1997-07-31 00:00:00, 0.0
0.0, 18.6, 0.0, 83.0, 1997-08-01 00:00:00, 0.0
12.0, 16.0, 50.0, 88.0, 1997-08-02 00:00:00, 0.2
4.0, 21.2, 270.0, 65.0, 1997-08-03 00:00:00, 0.0
5.0, 24.9, 230.0, 53.0, 1997-08-04 00:00:00, 0.0
0.0, 26.4, 230.0, 45.0, 1997-08-05 00:00:00, 0.0
3.0, 26.9, 230.0, 47.0, 1997-08-06 00:00:00, 0.0
1.0, 18.2, 180.0, 90.0, 1997-08-07 00:00:00, 8.0
7.0, 15.9, 270.0, 62.0, 1997-08-08 00:00:00, 0.8
0.0, 17.7, 0.0, 45.0, 1997-08-09 00:00:00, 0.0
0.0, 20.3, 0.0, 48.0, 1997-08-10 00:00:00, 0.0
0.0, 23.0, 0.0, 48.0, 1997-08-11 00:00:00, 0.0
30.0, 17.7, 230.0, 89.0, 1997-08-12 00:00:00, 15.0
0.0, 18.2, 0.0, 83.0, 1997-08-13 00:00:00, 4.0
3.0, 22.8, 230.0, 67.0, 1997-08-14 00:00:00, 0.0
2.0, 18.8, 320.0, 57.0, 1997-08-15 00:00:00, 0.0
2.0, 13.9, 180.0, 84.0, 1997-08-16 00:00:00, 0.0
3.0, 18.2, 230.0, 66.0, 1997-08-17 00:00:00, 6.5
2.0, 16.7, 270.0, 62.0, 1997-08-18 00:00:00, 1.0
0.0, 18.3, 0.0, 71.0, 1997-08-19 00:00:00, 3.8
3.0, 21.1, 90.0, 59.0, 1997-08-20 00:00:00, 1.5
0.0, 16.8, 0.0, 92.0, 1997-08-21 00:00:00, 2.7
2.0, 17.4, 270.0, 85.0, 1997-08-22 00:00:00, 2.2
2.0, 17.0, 270.0, 75.0, 1997-08-23 00:00:00, 6.7
6.0, 16.6, 230.0, 78.0, 1997-08-24 00:00:00, 2.5
2.0, 17.0, 230.0, 75.0, 1997-08-25 00:00:00, 1.0
2.0, 18.6, 50.0, 74.0, 1997-08-26 00:00:00, 1.5
4.0, 18.6, 230.0, 60.0, 1997-08-27 00:00:00, 5.3
4.0, 15.9, 270.0, 84.0, 1997-08-28 00:00:00, 1.7
1.0, 12.7, 230.0, 91.0, 1997-08-29 00:00:00, 6.8
1.0, 14.0, 230.0, 81.0, 1997-08-30 00:00:00, 0.2
3.0, 19.5, 140.0, 64.0, 1997-08-31 00:00:00, 5.0
4.0, 19.4, 270.0, 56.0, 1997-09-01 00:00:00, 0.0
2.0, 19.1, 270.0, 86.0, 1997-09-02 00:00:00, 0.0
1.0, 18.1, 230.0, 86.0, 1997-09-03 00:00:00, 3.0
1.0, 15.2, 140.0, 94.0, 1997-09-04 00:00:00, 4.3
0.0, 13.7, 0.0, 89.0, 1997-09-05 00:00:00, 0.0
5.0, 14.5, 50.0, 76.0, 1997-09-06 00:00:00, 7.1
2.0, 14.6, 230.0, 72.0, 1997-09-07 00:00:00, 0.0
3.0, 16.3, 180.0, 63.0, 1997-09-08 00:00:00, 0.0
3.0, 18.1, 140.0, 55.0, 1997-09-09 00:00:00, 0.0
0.0, 18.8, 0.0, 58.0, 1997-09-10 00:00:00, 0.0
0.0, 13.8, 0.0, 97.0, 1997-09-11 00:00:00, 1.5
0.0, 11.7, 0.0, 98.0, 1997-09-12 00:00:00, 4.3
0.0, 12.4, 0.0, 85.0, 1997-09-13 00:00:00, 8.8
0.0, 10.4, 0.0, 98.0, 1997-09-14 00:00:00, 1.5
1.0, 11.9, 0.0, 95.0, 1997-09-15 00:00:00, 11.1
1.0, 10.9, 270.0, 90.0, 1997-09-16 00:00:00, 7.3
0.0, 8.6, 0.0, 99.0, 1997-09-17 00:00:00, 5.0
1.0, 7.6, 270.0, 93.0, 1997-09-18 00:00:00, 17.2
0.0, 11.9, 0.0, 70.0, 1997-09-19 00:00:00, 0.0
2.0, 14.0, 180.0, 70.0, 1997-09-20 00:00:00, 0.5
0.0, 15.9, 0.0, 69.0, 1997-09-21 00:00:00, 0.0
0.0, 16.8, 0.0, 66.0, 1997-09-22 00:00:00, 0.0
0.0, 17.7, 0.0, 67.0, 1997-09-23 00:00:00, 0.0
