station_observations
wind_speed, temperature, wind_direction, relative_humidity, time, precipitation
6.0, 13.0, 180.0, 40.0, 1990-04-03 00:00:00, 0.0
12.0, 11.2, 270.0, 53.0, 1990-04-04 00:00:00, 0.0
3.0, 8.3, 320.0, 87.0, 1990-04-05 00:00:00, 0.0
3.0, 13.8, 270.0, 67.0, 1990-04-06 00:00:00, 0.0
11.0, 11.9, 320.0, 74.0, 1990-04-07 00:00:00, 0.0
5.0, 16.1, 320.0, 66.0, 1990-04-08 00:00:00, 0.0
11.0, 14.1, 320.0, 68.0, 1990-04-09 00:00:00, 0.0
15.0, 10.2, 140.0, 93.0, 1990-04-10 00:00:00, 5.1
8.0, 6.7, 140.0, 90.0, 1990-04-11 00:00:00, 3.3
3.0, 9.5, 320.0, 94.0, 1990-04-12 00:00:00, 13.5
5.0, 6.4, 0.0, 95.0, 1990-04-13 00:00:00, 3.3
2.0, 6.1, 320.0, 93.0, 1990-04-14 00:00:00, 3.3
0.0, 7.4, 230.0, 72.0, 1990-04-15 00:00:00, 0.5
3.0, 7.5, 320.0, 65.0, 1990-04-16 00:00:00, 0.0
0.0, 4.5, 320.0, 84.0, 1990-04-17 00:00:00, 0.3
11.0, 7.8, 320.0, 80.0, 1990-04-18 00:00:00, 0.0
7.0, 14.4, 90.0, 55.0, 1990-04-19 00:00:00, 0.0
6.0, 11.4, 140.0, 79.0, 1990-04-20 00:00:00, 0.0
5.0, 10.4, 90.0, 81.0, 1990-04-21 00:00:00, 0.0
21.0, 9.5, 0.0, 80.0, 1990-04-22 00:00:00, 0.8
5.0, 8.7, 0.0, 93.0, 1990-04-23 00:00:00, 3.3
2.0, 10.8, 90.0, 68.0, 1990-04-24 00:00:00, 2.8
14.0, 0.3, 0.0, 89.0, 1990-04-25 00:00:00, 0.3
13.0, 6.7, 0.0, 79.0, 1990-04-26 00:00:00, 1.8
4.0, 5.1, 0.0, 88.0, 1990-04-27 00:00:00, 13.7
6.0, 8.1, 140.0, 46.0, 1990-04-28 00:00:00, 3.6
8.0, 5.6, 0.0, 71.0, 1990-04-29 00:00:00, 0.3
14.0, 11.5, 0.0, 43.0, 1990-04-30 00:00:00, 0.0
13.0, 10.4, 0.0, 60.0, 1990-05-01 00:00:00, 0.0
9.0, 12.0, 0.0, 67.0, 1990-05-02 00:00:00, 0.0
10.0, 17.6, 0.0, 45.0, 1990-05-03 00:00:00, 0.0
14.0, 19.7, 0.0, 42.0, 1990-05-04 00:00:00, 0.0
9.0, 20.7, 0.0, 44.0, 1990-05-05 00:00:00, 0.0
13.0, 8.0, 90.0, 35.0, 1990-05-06 00:00:00, 0.0
9.0, 8.1, 50.0, 54.0, 1990-05-07 00:00:00, 0.0
8.0, 9.4, 0.0, 48.0, 1990-05-08 00:00:00, 0.0
9.0, 9.1, 0.0, 68.0, 1990-05-09 00:00:00, 0.0
15.0, 10.9, 140.0, 59.0, 1990-05-10 00:00:00, 0.0
8.0, 8.7, 0.0, 89.0, 1990-05-11 00:00:00, 5.6
14.0, 12.1, 140.0, 46.0, 1990-05-12 00:00:00, 5.3
13.0, 8.2, 0.0, 80.0, 1990-05-13 00:00:00, 0.0
5.0, 6.2, 140.0, 92.0, 1990-05-14 00:00:00, 8.1
10.0, 10.1, 180.0, 60.0, 1990-05-15 00:00:00, 5.3
14.0, 13.3, 0.0, 57.0, 1990-05-16 00:00:00, 0.0
13.0, 13.9, 50.0, 59.0, 1990-05-17 00:00:00, 0.0
8.0, 9.8, 0.0, 80.0, 1990-05-18 00:00:00, 1.0
4.0, 11.0, 180.0, 72.0, 1990-05-19 00:00:00, 3.6
9.0, 8.1, 0.0, 86.0, 1990-05-20 00:00:00, 2.0
10.0, 12.0, 50.0, 67.0, 1990-05-21 00:00:00, 2.0
9.0, 16.0, 0.0, 55.0, 1990-05-22 00:00:00, 0.0
9.0, 12.2, 320.0, 89.0, 1990-05-23 00:00:00, 5.8
7.0, 9.6, 0.0, 93.0, 1990-05-24 00:00:00, 5.8
1.0, 6.8, 90.0, 93.0, 1990-05-25 00:00:00, 13.5
6.0, 10.4, 50.0, 85.0, 1990-05-26 00:00:00, 4.1
12.0, 18.2, 0.0, 52.0, 1990-05-27 00:00:00, 0.0
1.0, 12.8, 90.0, 90.0, 1990-05-28 00:00:00, 0.5
1.0, 12.1, 50.0, 92.0, 1990-05-29 00:00:00, 5.3
8.0, 9.9, 0.0, 96.0, 1990-05-30 00:00:00, 12.2
6.0, 11.7, 140.0, 83.0, 1990-05-31 00:00:00, 1.3
6.0, 2.4, 140.0, 94.0, 1990-06-01 00:00:00, 34.8
7.0, 9.1, 0.0, 85.0, 1990-06-02 00:00:00, 7.4
4.0, 10.8, 270.0, 85.0, 1990-06-03 00:00:00, 0.5
13.0, 8.6, 140.0, 75.0, 1990-06-04 00:00:00, 6.9
8.0, 13.4, 0.0, 46.0, 1990-06-05 00:00:00, 0.8
18.0, 15.2, 50.0, 50.0, 1990-06-06 00:00:00, 0.0
7.0, 12.3, 140.0, 66.0, 1990-06-07 00:00:00, 4.6
13.0, 11.2, 0.0, 79.0, 1990-06-08 00:00:00, 0.0
14.0, 18.5, 0.0, 46.0, 1990-06-09 00:00:00, 0.0
0.0, 10.8, 0.0, 92.0, 1990-06-10 00:00:00, 14.5
1.0, 4.9, 140.0, 93.0, 1990-06-11 00:00:00, 7.4
0.0, 8.1, 0.0, 87.0, 1990-06-12 00:00:00, 10.7
9.0, 12.6, 320.0, 74.0, 1990-06-13 00:00:00, 0.5
6.0, 18.6, 50.0, 36.0, 1990-06-14 00:00:00, 0.0
15.0, 20.4, 0.0, 39.0, 1990-06-15 00:00:00, 0.0
6.0, 16.4, 0.0, 54.0, 1990-06-16 00:00:00, 0.0
10.0, 17.0, 0.0, 64.0, 1990-06-17 00:00:00, 0.0
12.0, 16.1, 320.0, 71.0, 1990-06-18 00:00:00, 0.0
6.0, 19.1, 90.0, 44.0, 1990-06-19 00:00:00, 0.0
16.0, 16.7, 90.0, 51.0, 1990-06-20 00:00:00, 3.6
11.0, 22.4, 0.0, 35.0, 1990-06-21 00:00:00, 0.0
6.0, 23.8, 0.0, 38.0, 1990-06-22 00:00:00, 0.0
8.0, 22.9, 90.0, 51.0, 1990-06-23 00:00:00, 3.3
5.0, 21.8, 320.0, 64.0, 1990-06-24 00:00:00, 0.0
10.0, 23.5, 0.0, 47.0, 1990-06-25 00:00:00, 0.8
11.0, 21.3, 0.0, 44.0, 1990-06-26 00:00:00, 0.0
17.0, 21.4, 0.0, 48.0, 1990-06-27 00:00:00, 0.5
11.0, 17.3, 320.0, 63.0, 1990-06-28 00:00:00, 0.0
11.0, 22.1, 0.0, 48.0, 1990-06-29 00:00:00, 4.3
17.0, 19.4, 140.0, 61.0, 1990-06-30 00:00:00, 3.0
0.0, 13.5, 140.0, 89.0, 1990-07-01 00:00:00, 1.0
0.0, 16.4, 0.0, 69.0, 1990-07-02 00:00:00, 0.3
0.0, 14.6, 0.0, 60.0, 1990-07-03 00:00:00, 2.5
0.0, 20.3, 0.0, 42.0, 1990-07-04 00:00:00, 0.0
10.0, 23.3, 320.0, 43.0, 1990-07-05 00:00:00, 0.0
0.0, 12.8, 0.0, 92.0, 1990-07-06 00:00:00, 6.1
0.0, 16.7, 0.0, 64.0, 1990-07-07 00:00:00, 3.6
0.0, 22.9, 0.0, 47.0, 1990-07-08 00:00:00, 0.0
9.0, 25.4, 0.0, 42.0, 1990-07-09 00:00:00, 0.0
12.0, 27.6, 0.0, 31.0, 1990-07-10 00:00:00, 0.0
12.0, 28.6, 320.0, 29.0, 1990-07-11 00:00:00, 0.0
2.0, 28.0, 90.0, 36.0, 1990-07-12 00:00:00, 0.0
5.0, 27.8, 50.0, 35.0, 1990-07-13 00:00:00, 4.3
4.0, 27.9, 0.0, 18.0, 1990-07-14 00:00:00, 0.0
10.0, 26.7, 0.0, 21.0, 1990-07-15 00:00:00, 0.0
13.0, 25.5, 90.0, 24.0, 1990-07-16 00:00:00, 0.0
11.0, 23.1, 90.0, 28.0, 1990-07-17 00:00:00, 0.0
7.0, 25.6, 90.0, 25.0, 1990-07-18 00:00:00, 0.0
3.0, 22.7, 90.0, 31.0, 1990-07-19 00:00:00, 0.0
14.0, 23.9, 0.0, 34.0, 1990-07-20 00:00:00, 0.0
13.0, 24.8, 0.0, 35.0, 1990-07-21 00:00:00, 0.0
10.0, 23.6, 320.0, 39.0, 1990-07-22 00:00:00, 0.0
6.0, 21.3, 140.0, 53.0, 1990-07-23 00:00:00, 0.0
12.0, 23.2, 0.0, 51.0, 1990-07-24 00:00:00, 0.8
1.0, 16.0, 140.0, 90.0, 1990-07-25 00:00:00, 4.6
0.0, 13.9, 320.0, 89.0, 1990-07-26 00:00:00, 6.9
0.0, 19.2, 0.0, 78.0, 1990-07-27 00:00:00, 4.8
0.0, 23.4, 320.0, 57.0, 1990-07-28 00:00:00, 0.0
15.0, 26.8, 0.0, 40.0, 1990-07-29 00:00:00, 0.0
12.0, 27.2, 320.0, 41.0, 1990-07-30 00:00:00, 0.0
9.0, 25.1, 0.0, 51.0, 1990-07-31 00:00:00, 1.0
13.0, 23.0, 0.0, 56.0, 1990-08-01 00:00:00, 0.0
13.0, 12.8, 320.0, 62.0, 1990-08-02 00:00:00, 0.0
6.0, 24.6, 0.0, 35.0, 1990-08-03 00:00:00, 0.0
16.0, 25.2, 320.0, 37.0, 1990-08-04 00:00:00, 0.0
10.0, 26.1, 270.0, 40.0, 1990-08-05 00:00:00, 0.0
10.0, 26.9, 0.0, 44.0, 1990-08-06 00:00:00, 0.0
11.0, 26.6, 0.0, 32.0, 1990-08-07 00:00:00, 0.0
6.0, 26.4, 0.0, 32.0, 1990-08-08 00:00:00, 0.0
5.0, 29.8, 0.0, 19.0, 1990-08-09 00:00:00, 0.0
15.0, 29.5, 320.0, 36.0, 1990-08-10 00:00:00, 0.0
14.0, 28.4, 0.0, 36.0, 1990-08-11 00:00:00, 0.5
8.0, 27.5, 0.0, 45.0, 1990-08-12 00:00:00, 0.0
10.0, 28.3, 0.0, 39.0, 1990-08-13 00:00:00, 0.0
11.0, 27.4, 320.0, 42.0, 1990-08-14 00:00:00, 0.0
2.0, 26.0, 140.0, 50.0, 1990-08-15 00:00:00, 0.0
2.0, 20.0, 140.0, 65.0, 1990-08-16 00:00:00, 0.0
12.0, 21.1, 320.0, 61.0, 1990-08-17 00:00:00, 0.0
0.0, 14.6, 0.0, 80.0, 1990-08-18 00:00:00, 2.0
0.0, 20.4, 0.0, 63.0, 1990-08-19 00:00:00, 1.8
8.0, 26.6, 50.0, 45.0, 1990-08-20 00:00:00, 0.0
5.0, 16.9, 0.0, 79.0, 1990-08-21 00:00:00, 2.5
3.0, 13.8, 90.0, 89.0, 1990-08-22 00:00:00, 4.6
8.0, 15.6, 140.0, 43.0, 1990-08-23 00:00:00, 7.7
7.0, 20.0, 320.0, 31.0, 1990-08-24 00:00:00, 0.0
9.0, 9.6, 140.0, 90.0, 1990-08-25 00:00:00, 7.4
9.0, 16.9, 0.0, 64.0, 1990-08-26 00:00:00, 1.3
9.0, 16.2, 320.0, 65.0, 1990-08-27 00:00:00, 0.0
10.0, 21.0, 0.0, 54.0, 1990-08-28 00:00:00, 0.0
8.0, 21.8, 320.0, 52.0, 1990-08-29 00:00:00, 0.0
6.0, 11.8, 320.0, 89.0, 1990-08-30 00:00:00, 6.1
1.0, 13.9, 230.0, 84.0, 1990-08-31 00:00:00, 3.0
0.0, 14.6, 320.0, 83.0, 1990-09-01 00:00:00, 2.3
0.0, 18.1, 320.0, 66.0, 1990-09-02 00:00:00, 0.0
0.0, 21.3, 0.0, 36.0, 1990-09-03 00:00:00, 0.0
7.0, 21.5, 0.0, 43.0, 1990-09-04 00:00:00, 0.0
2.0, 21.4, 0.0, 43.0, 1990-09-05 00:00:00, 0.0
9.0, 23.4, 0.0, 35.0, 1990-09-06 00:00:00, 0.0
9.0, 23.0, 0.0, 36.0, 1990-09-07 00:00:00, 0.0
12.0, 22.2, 320.0, 32.0, 1990-09-08 00:00:00, 0.0
10.0, 23.0, 320.0, 37.0, 1990-09-09 00:00:00, 0.0
11.0, 23.1, 0.0, 36.0, 1990-09-10 00:00:00, 0.0
11.0, 22.5, 320.0, 42.0, 1990-09-11 00:00:00, 0.0
9.0, 21.1, 320.0, 43.0, 1990-09-12 00:00:00, 0.0
7.0, 18.6, 180.0, 37.0, 1990-09-13 00:00:00, 0.0
12.0, 20.2, 320.0, 37.0, 1990-09-14 00:00:00, 0.0
5.0, 21.9, 320.0, 32.0, 1990-09-15 00:00:00, 0.0
4.0, 13.1, 180.0, 76.0, 1990-09-16 00:00:00, 3.8
3.0, 14.4, 320.0, 78.0, 1990-09-17 00:00:00, 1.0
6.0, 17.6, 0.0, 58.0, 1990-09-18 00:00:00, 0.0
8.0, 20.1, 90.0, 35.0, 1990-09-19 00:00:00, 0.0
4.0, 18.1, 0.0, 35.0, 1990-09-20 00:00:00, 0.0
6.0, 20.4, 320.0, 40.0, 1990-09-21 00:00:00, 0.0
4.0, 19.8, 0.0, 47.0, 1990-09-22 00:00:00, 0.0
8.0, 21.4, 0.0, 39.0, 1990-09-23 00:00:00, 0.0
5.0, 22.2, 0.0, 38.0, 1990-09-24 00:00:00, 0.0
5.0, 20.8, 0.0, 42.0, 1990-09-25 00:00:00, 0.0
6.0, 19.1, 90.0, 38.0, 1990-09-26 00:00:00, 0.0
8.0, 20.8, 0.0, 26.0, 1990-09-27 00:00:00, 0.0
5.0, 17.0, 0.0, 31.0, 1990-09-28 00:00:00, 0.0
9.0, 18.8, 320.0, 50.0, 1990-09-29 00:00:00, 0.0
5.0, 15.0, 0.0, 41.0, 1990-09-30 00:00:00, 0.0
3.0, 9.5, 320.0, 86.0, 1990-10-01 00:00:00, 0.0
6.0, 7.0, 140.0, 69.0, 1990-10-02 00:00:00, 3.8
1.0, 3.7, 50.0, 90.0, 1990-10-03 00:00:00, 3.0
4.0, 8.5, 140.0, 88.0, 1990-10-04 00:00:00, 6.6
5.0, 6.5, 0.0, 50.0, 1990-10-05 00:00:00, 10.9
6.0, 5.0, 140.0, 42.0, 1990-10-06 00:00:00, 0.0
8.0, 6.6, 0.0, 56.0, 1990-10-07 00:00:00, 0.0
6.0, 8.1, 140.0, 68.0, 1990-10-08 00:00:00, 0.0
5.0, 6.3, 180.0, 83.0, 1990-10-09 00:00:00, 0.3
8.0, 5.6, 140.0, 57.0, 1990-10-10 00:00:00, 14.5
7.0, 6.1, 0.0, 62.0, 1990-10-11 00:00:00, 0.0
8.0, 2.7, 140.0, 88.0, 1990-10-12 00:00:00, 12.2
