station_observations
wind_speed, temperature, wind_direction, relative_humidity, time, precipitation
0.0, 0.0, 0.0, 0.0, 1989-07-13 00:00:00, 0.0
3.0, 31.8, 270.0, 34.0, 1989-07-14 00:00:00, 0.0
4.0, 23.5, 0.0, 58.0, 1989-07-15 00:00:00, 2.2
1.0, 20.6, 140.0, 57.0, 1989-07-16 00:00:00, 0.2
1.0, 22.1, 230.0, 48.0, 1989-07-17 00:00:00, 4.0
2.0, 27.1, 180.0, 37.0, 1989-07-18 00:00:00, 0.5
4.0, 32.0, 180.0, 32.0, 1989-07-19 00:00:00, 0.0
5.0, 33.3, 140.0, 29.0, 1989-07-20 00:00:00, 0.0
1.0, 22.8, 180.0, 33.0, 1989-07-21 00:00:00, 0.0
3.0, 26.3, 180.0, 24.0, 1989-07-22 00:00:00, 0.0
2.0, 30.8, 140.0, 26.0, 1989-07-23 00:00:00, 0.0
4.0, 28.1, 0.0, 24.0, 1989-07-24 00:00:00, 0.0
1.0, 30.9, 230.0, 14.0, 1989-07-25 00:00:00, 0.0
1.0, 29.3, 180.0, 30.0, 1989-07-26 00:00:00, 0.0
5.0, 31.8, 230.0, 26.0, 1989-07-27 00:00:00, 0.0
7.0, 29.7, 50.0, 20.0, 1989-07-28 00:00:00, 0.0
4.0, 32.7, 230.0, 16.0, 1989-07-29 00:00:00, 0.0
2.0, 33.4, 140.0, 21.0, 1989-07-30 00:00:00, 0.0
5.0, 34.4, 180.0, 19.0, 1989-07-31 00:00:00, 0.0
4.0, 26.3, 140.0, 26.0, 1989-08-01 00:00:00, 0.0
0.0, 12.4, 0.0, 88.0, 1989-08-02 00:00:00, 2.2
1.0, 18.0, 0.0, 64.0, 1989-08-03 00:00:00, 0.0
1.0, 24.5, 0.0, 36.0, 1989-08-04 00:00:00, 0.0
1.0, 27.6, 0.0, 34.0, 1989-08-05 00:00:00, 0.0
5.0, 28.8, 50.0, 17.0, 1989-08-06 00:00:00, 0.0
3.0, 26.5, 180.0, 37.0, 1989-08-07 00:00:00, 0.0
2.0, 29.2, 0.0, 20.0, 1989-08-08 00:00:00, 0.0
2.0, 21.4, 0.0, 70.0, 1989-08-09 00:00:00, 2.5
10.0, 20.0, 0.0, 47.0, 1989-08-10 00:00:00, 0.0
12.0, 24.5, 0.0, 27.0, 1989-08-11 00:00:00, 0.0
2.0, 28.0, 230.0, 21.0, 1989-08-12 00:00:00, 0.0
13.0, 25.4, 0.0, 30.0, 1989-08-13 00:00:00, 0.0
0.0, 22.7, 0.0, 41.0, 1989-08-14 00:00:00, 0.0
1.0, 12.7, 230.0, 89.0, 1989-08-15 00:00:00, 8.6
2.0, 15.5, 180.0, 74.0, 1989-08-16 00:00:00, 5.8
1.0, 20.6, 50.0, 53.0, 1989-08-17 00:00:00, 0.5
2.0, 26.8, 180.0, 37.0, 1989-08-18 00:00:00, 0.0
1.0, 22.6, 180.0, 63.0, 1989-08-19 00:00:00, 4.5
2.0, 21.3, 0.0, 59.0, 1989-08-20 00:00:00, 1.7
1.0, 21.5, 50.0, 55.0, 1989-08-21 00:00:00, 4.0
2.0, 18.8, 0.0, 59.0, 1989-08-22 00:00:00, 1.2
4.0, 20.8, 0.0, 45.0, 1989-08-23 00:00:00, 14.4
6.0, 23.7, 0.0, 40.0, 1989-08-24 00:00:00, 0.0
1.0, 21.9, 180.0, 43.0, 1989-08-25 00:00:00, 0.0
2.0, 20.0, 0.0, 50.0, 1989-08-26 00:00:00, 2.0
1.0, 19.8, 140.0, 53.0, 1989-08-27 00:00:00, 0.0
1.0, 16.9, 140.0, 66.0, 1989-08-28 00:00:00, 3.5
2.0, 23.2, 180.0, 39.0, 1989-08-29 00:00:00, 0.0
3.0, 22.5, 0.0, 36.0, 1989-08-30 00:00:00, 0.0
5.0, 19.3, 0.0, 49.0, 1989-08-31 00:00:00, 0.0
1.0, 18.6, 140.0, 61.0, 1989-09-01 00:00:00, 0.0
0.0, 10.6, 0.0, 96.0, 1989-09-02 00:00:00, 10.4
1.0, 19.1, 230.0, 54.0, 1989-09-03 00:00:00, 0.0
1.0, 18.7, 180.0, 57.0, 1989-09-04 00:00:00, 0.0
8.0, 15.9, 0.0, 48.0, 1989-09-05 00:00:00, 2.7
1.0, 21.2, 0.0, 40.0, 1989-09-06 00:00:00, 0.0
3.0, 24.1, 0.0, 36.0, 1989-09-07 00:00:00, 0.0
9.0, 21.2, 0.0, 47.0, 1989-09-08 00:00:00, 0.0
2.0, 19.7, 0.0, 34.0, 1989-09-09 00:00:00, 0.0
1.0, 20.2, 90.0, 31.0, 1989-09-10 00:00:00, 0.0
2.0, 20.1, 180.0, 34.0, 1989-09-11 00:00:00, 0.0
1.0, 20.9, 140.0, 38.0, 1989-09-12 00:00:00, 0.0
2.0, 23.0, 180.0, 38.0, 1989-09-13 00:00:00, 0.0
1.0, 23.8, 90.0, 34.0, 1989-09-14 00:00:00, 0.0
1.0, 23.1, 180.0, 24.0, 1989-09-15 00:00:00, 0.0
1.0, 14.8, 140.0, 50.0, 1989-09-16 00:00:00, 0.0
6.0, 16.7, 0.0, 43.0, 1989-09-17 00:00:00, 0.0
2.0, 17.4, 180.0, 36.0, 1989-09-18 00:00:00, 0.0
7.0, 18.9, 0.0, 36.0, 1989-09-19 00:00:00, 0.0
2.0, 21.6, 320.0, 33.0, 1989-09-20 00:00:00, 0.0
1.0, 21.2, 230.0, 42.0, 1989-09-21 00:00:00, 0.0
2.0, 22.6, 140.0, 38.0, 1989-09-22 00:00:00, 0.0
1.0, 23.0, 230.0, 36.0, 1989-09-23 00:00:00, 0.0
1.0, 23.8, 270.0, 29.0, 1989-09-24 00:00:00, 0.0
1.0, 22.2, 50.0, 36.0, 1989-09-25 00:00:00, 0.0
0.0, 4.4, 0.0, 92.0, 1990-03-14 00:00:00, 2.5
0.0, 6.6, 0.0, 64.0, 1990-03-15 00:00:00, 0.7
0.0, 7.8, 0.0, 48.0, 1990-03-16 00:00:00, 0.0
0.0, 5.7, 0.0, 62.0, 1990-03-17 00:00:00, 0.0
0.0, 3.9, 0.0, 93.0, 1990-03-18 00:00:00, 0.0
0.0, 2.8, 0.0, 95.0, 1990-03-19 00:00:00, 0.2
0.0, 4.3, 0.0, 99.0, 1990-03-20 00:00:00, 0.0
0.0, 8.9, 0.0, 96.0, 1990-03-21 00:00:00, 3.0
5.0, 12.4, 140.0, 63.0, 1990-03-22 00:00:00, 3.3
0.0, 8.7, 0.0, 98.0, 1990-03-23 00:00:00, 7.8
2.0, 11.7, 180.0, 59.0, 1990-03-24 00:00:00, 6.0
1.0, 4.0, 140.0, 93.0, 1990-03-25 00:00:00, 0.0
2.0, 5.5, 230.0, 97.0, 1990-03-26 00:00:00, 0.0
0.0, 5.0, 0.0, 91.0, 1990-03-27 00:00:00, 10.1
0.0, 9.0, 0.0, 8.0, 1990-03-28 00:00:00, 0.0
0.0, 7.6, 0.0, 46.0, 1990-03-29 00:00:00, 0.0
1.0, 11.0, 180.0, 37.0, 1990-03-30 00:00:00, 0.0
1.0, 12.8, 140.0, 38.0, 1990-03-31 00:00:00, 0.0
6.0, 16.4, 0.0, 36.0, 1990-04-01 00:00:00, 0.0
1.0, 14.3, 90.0, 57.0, 1990-04-02 00:00:00, 0.0
4.0, 17.3, 0.0, 41.0, 1990-04-03 00:00:00, 0.0
10.0, 14.3, 0.0, 32.0, 1990-04-04 00:00:00, 0.0
2.0, 12.3, 50.0, 38.0, 1990-04-05 00:00:00, 0.0
2.0, 13.3, 140.0, 38.0, 1990-04-06 00:00:00, 0.0
3.0, 14.5, 140.0, 37.0, 1990-04-07 00:00:00, 0.0
2.0, 14.6, 180.0, 39.0, 1990-04-08 00:00:00, 0.0
5.0, 15.8, 50.0, 34.0, 1990-04-09 00:00:00, 0.0
4.0, 8.6, 320.0, 39.0, 1990-04-10 00:00:00, 0.0
1.0, 7.4, 50.0, 54.0, 1990-04-11 00:00:00, 0.0
1.0, 10.7, 90.0, 74.0, 1990-04-12 00:00:00, 4.0
0.0, 9.2, 90.0, 67.0, 1990-04-13 00:00:00, 0.0
1.0, 14.9, 90.0, 47.0, 1990-04-14 00:00:00, 0.2
0.0, 9.4, 140.0, 65.0, 1990-04-15 00:00:00, 0.0
2.0, 17.8, 140.0, 35.0, 1990-04-16 00:00:00, 0.0
2.0, 16.7, 180.0, 24.0, 1990-04-17 00:00:00, 0.0
4.0, 16.7, 230.0, 38.0, 1990-04-18 00:00:00, 0.0
1.0, 14.5, 140.0, 45.0, 1990-04-19 00:00:00, 0.0
2.0, 12.7, 0.0, 84.0, 1990-04-20 00:00:00, 0.5
1.0, 17.0, 180.0, 58.0, 1990-04-21 00:00:00, 0.0
0.0, 9.3, 0.0, 88.0, 1990-04-22 00:00:00, 4.5
0.0, 9.1, 0.0, 88.0, 1990-04-23 00:00:00, 11.9
1.0, 12.1, 320.0, 39.0, 1990-04-24 00:00:00, 1.5
0.0, 1.7, 0.0, 99.0, 1990-04-25 00:00:00, 0.0
2.0, 9.9, 230.0, 60.0, 1990-04-26 00:00:00, 0.0
3.0, 5.7, 50.0, 83.0, 1990-04-27 00:00:00, 0.0
0.0, 6.7, 0.0, 93.0, 1990-04-28 00:00:00, 0.0
6.0, 9.0, 0.0, 57.0, 1990-04-29 00:00:00, 0.0
3.0, 14.2, 0.0, 27.0, 1990-04-30 00:00:00, 0.0
3.0, 15.2, 180.0, 35.0, 1990-05-01 00:00:00, 0.0
6.0, 16.5, 0.0, 44.0, 1990-05-02 00:00:00, 0.0
2.0, 16.7, 140.0, 45.0, 1990-05-03 00:00:00, 0.0
3.0, 21.6, 140.0, 35.0, 1990-05-04 00:00:00, 0.0
1.0, 22.3, 140.0, 44.0, 1990-05-05 00:00:00, 0.0
7.0, 10.6, 0.0, 30.0, 1990-05-06 00:00:00, 0.0
2.0, 7.4, 0.0, 68.0, 1990-05-07 00:00:00, 0.0
2.0, 13.8, 50.0, 38.0, 1990-05-08 00:00:00, 0.0
0.0, 14.6, 140.0, 39.0, 1990-05-09 00:00:00, 0.0
5.0, 17.6, 230.0, 32.0, 1990-05-10 00:00:00, 0.0
0.0, 9.4, 0.0, 87.0, 1990-05-11 00:00:00, 0.0
5.0, 14.7, 0.0, 39.0, 1990-05-12 00:00:00, 0.0
1.0, 11.2, 320.0, 65.0, 1990-05-13 00:00:00, 0.0
0.0, 7.3, 0.0, 95.0, 1990-05-14 00:00:00, 11.9
2.0, 15.8, 0.0, 46.0, 1990-05-15 00:00:00, 5.0
4.0, 15.7, 140.0, 51.0, 1990-05-16 00:00:00, 0.2
1.0, 14.3, 320.0, 62.0, 1990-05-17 00:00:00, 0.2
0.0, 11.3, 230.0, 83.0, 1990-05-18 00:00:00, 0.0
2.0, 14.8, 180.0, 61.0, 1990-05-19 00:00:00, 0.5
0.0, 7.3, 140.0, 97.0, 1990-05-20 00:00:00, 0.0
4.0, 15.1, 180.0, 43.0, 1990-05-21 00:00:00, 0.0
0.0, 12.5, 50.0, 83.0, 1990-05-22 00:00:00, 0.0
1.0, 12.6, 0.0, 82.0, 1990-05-23 00:00:00, 3.0
0.0, 6.7, 0.0, 96.0, 1990-05-24 00:00:00, 0.5
0.0, 8.9, 0.0, 93.0, 1990-05-25 00:00:00, 0.0
3.0, 17.9, 180.0, 44.0, 1990-05-26 00:00:00, 0.0
0.0, 14.1, 270.0, 68.0, 1990-05-27 00:00:00, 0.0
0.0, 13.4, 0.0, 94.0, 1990-05-28 00:00:00, 0.0
0.0, 13.1, 0.0, 94.0, 1990-05-29 00:00:00, 10.9
2.0, 17.1, 180.0, 64.0, 1990-05-30 00:00:00, 0.0
0.0, 13.1, 90.0, 90.0, 1990-05-31 00:00:00, 10.6
10.0, 14.0, 0.0, 80.0, 1990-06-01 00:00:00, 0.0
10.0, 15.0, 0.0, 75.0, 1990-06-02 00:00:00, 0.0
10.0, 17.0, 0.0, 55.0, 1990-06-03 00:00:00, 0.0
10.0, 18.0, 0.0, 55.0, 1990-06-04 00:00:00, 0.0
1.0, 18.4, 140.0, 36.0, 1990-07-03 00:00:00, 0.0
1.0, 22.2, 140.0, 38.0, 1990-07-04 00:00:00, 0.0
2.0, 21.1, 50.0, 52.0, 1990-07-05 00:00:00, 0.0
0.0, 15.5, 180.0, 90.0, 1990-07-06 00:00:00, 9.3
3.0, 16.3, 90.0, 50.0, 1990-07-07 00:00:00, 8.8
1.0, 23.5, 230.0, 42.0, 1990-07-08 00:00:00, 0.0
1.0, 26.5, 230.0, 30.0, 1990-07-09 00:00:00, 0.0
1.0, 27.2, 180.0, 29.0, 1990-07-10 00:00:00, 0.0
1.0, 28.8, 180.0, 37.0, 1990-07-11 00:00:00, 0.0
0.0, 27.8, 50.0, 39.0, 1990-07-12 00:00:00, 0.0
2.0, 28.4, 0.0, 27.0, 1990-07-13 00:00:00, 0.0
5.0, 28.2, 0.0, 16.0, 1990-07-14 00:00:00, 0.0
0.0, 27.2, 180.0, 27.0, 1990-07-15 00:00:00, 0.0
2.0, 25.8, 180.0, 33.0, 1990-07-16 00:00:00, 0.0
2.0, 23.9, 0.0, 33.0, 1990-07-17 00:00:00, 0.0
3.0, 25.4, 0.0, 30.0, 1990-07-18 00:00:00, 0.0
5.0, 25.1, 0.0, 28.0, 1990-07-19 00:00:00, 0.0
1.0, 28.0, 140.0, 28.0, 1990-07-20 00:00:00, 0.0
0.0, 26.7, 230.0, 19.0, 1990-07-21 00:00:00, 0.0
1.0, 26.4, 140.0, 35.0, 1990-07-22 00:00:00, 0.0
0.0, 18.3, 140.0, 78.0, 1990-07-23 00:00:00, 0.0
0.0, 22.8, 180.0, 56.0, 1990-07-24 00:00:00, 0.0
0.0, 17.8, 50.0, 91.0, 1990-07-25 00:00:00, 0.2
0.0, 18.8, 230.0, 90.0, 1990-07-26 00:00:00, 0.7
1.0, 25.5, 0.0, 38.0, 1990-07-27 00:00:00, 0.0
0.0, 24.6, 140.0, 38.0, 1990-07-28 00:00:00, 0.0
0.0, 25.3, 90.0, 45.0, 1990-07-29 00:00:00, 0.0
0.0, 27.8, 180.0, 40.0, 1990-07-30 00:00:00, 0.0
1.0, 27.0, 270.0, 40.0, 1990-07-31 00:00:00, 0.0
5.0, 25.7, 50.0, 40.0, 1990-08-01 00:00:00, 0.0
5.0, 23.9, 50.0, 37.0, 1990-08-02 00:00:00, 0.0
3.0, 27.1, 180.0, 22.0, 1990-08-03 00:00:00, 0.5
2.0, 29.6, 180.0, 30.0, 1990-08-04 00:00:00, 0.0
0.0, 29.0, 50.0, 35.0, 1990-08-05 00:00:00, 0.0
5.0, 31.2, 0.0, 16.0, 1990-08-06 00:00:00, 0.0
2.0, 29.5, 50.0, 9.0, 1990-08-07 00:00:00, 0.0
0.0, 20.6, 180.0, 50.0, 1990-08-08 00:00:00, 0.0
1.0, 29.2, 230.0, 28.0, 1990-08-09 00:00:00, 0.0
0.0, 24.6, 90.0, 40.0, 1990-08-10 00:00:00, 0.0
0.0, 24.7, 50.0, 59.0, 1990-08-11 00:00:00, 0.5
1.0, 30.5, 90.0, 35.0, 1990-08-12 00:00:00, 0.0
2.0, 31.0, 180.0, 34.0, 1990-08-13 00:00:00, 0.0
0.0, 29.3, 140.0, 36.0, 1990-08-14 00:00:00, 0.0
0.0, 25.0, 90.0, 38.0, 1990-08-15 00:00:00, 0.0
1.0, 25.3, 50.0, 34.0, 1990-08-16 00:00:00, 0.0
2.0, 26.7, 180.0, 32.0, 1990-08-17 00:00:00, 0.0
1.0, 19.0, 50.0, 68.0, 1990-08-18 00:00:00, 3.0
0.0, 20.6, 90.0, 68.0, 1990-08-19 00:00:00, 0.0
0.0, 19.2, 140.0, 84.0, 1990-08-20 00:00:00, 0.0
1.0, 20.9, 140.0, 68.0, 1990-08-21 00:00:00, 0.0
0.0, 20.4, 50.0, 65.0, 1990-08-22 00:00:00, 0.0
2.0, 18.3, 0.0, 34.0, 1990-08-23 00:00:00, 0.0
2.0, 22.3, 140.0, 30.0, 1990-08-24 00:00:00, 0.0
0.0, 10.1, 0.0, 95.0, 1990-08-25 00:00:00, 0.0
1.0, 19.0, 140.0, 41.0, 1990-08-26 00:00:00, 0.0
3.0, 22.1, 180.0, 37.0, 1990-08-27 00:00:00, 0.0
1.0, 24.7, 140.0, 33.0, 1990-08-28 00:00:00, 0.0
1.0, 22.7, 50.0, 43.0, 1990-08-29 00:00:00, 0.0
4.0, 22.2, 230.0, 44.0, 1990-08-30 00:00:00, 0.0
3.0, 20.0, 180.0, 48.0, 1990-08-31 00:00:00, 0.0
1.0, 19.9, 140.0, 54.0, 1990-09-01 00:00:00, 0.0
1.0, 22.0, 50.0, 36.0, 1990-09-02 00:00:00, 0.0
1.0, 23.8, 180.0, 27.0, 1990-09-03 00:00:00, 0.0
1.0, 24.5, 180.0, 27.0, 1990-09-04 00:00:00, 0.0
0.0, 24.5, 0.0, 30.0, 1990-09-05 00:00:00, 0.0
1.0, 25.3, 140.0, 25.0, 1990-09-06 00:00:00, 0.0
1.0, 25.5, 140.0, 27.0, 1990-09-07 00:00:00, 0.0
0.0, 26.1, 0.0, 25.0, 1990-09-08 00:00:00, 0.0
0.0, 25.5, 0.0, 29.0, 1990-09-09 00:00:00, 0.0
1.0, 25.6, 140.0, 32.0, 1990-09-10 00:00:00, 0.0
1.0, 25.7, 140.0, 29.0, 1990-09-11 00:00:00, 0.0
6.0, 23.6, 0.0, 24.0, 1990-09-12 00:00:00, 0.0
2.0, 21.9, 50.0, 25.0, 1990-09-13 00:00:00, 0.0
1.0, 22.3, 50.0, 27.0, 1990-09-14 00:00:00, 0.0
2.0, 16.4, 180.0, 49.0, 1990-09-15 00:00:00, 0.0
0.0, 13.3, 0.0, 92.0, 1990-09-16 00:00:00, 0.0
3.0, 20.3, 0.0, 38.0, 1990-09-17 00:00:00, 0.0
1.0, 20.5, 180.0, 43.0, 1990-09-18 00:00:00, 0.0
8.0, 21.6, 0.0, 23.0, 1990-09-19 00:00:00, 0.0
6.0, 21.2, 0.0, 20.0, 1990-09-20 00:00:00, 0.0
5.0, 24.7, 0.0, 30.0, 1990-09-21 00:00:00, 0.0
1.0, 23.3, 180.0, 36.0, 1990-09-22 00:00:00, 0.0
1.0, 23.3, 140.0, 29.0, 1990-09-23 00:00:00, 0.0
1.0, 22.9, 50.0, 27.0, 1990-09-24 00:00:00, 0.0
0.0, 22.8, 0.0, 28.0, 1990-09-25 00:00:00, 0.0
0.0, 22.3, 0.0, 26.0, 1990-09-26 00:00:00, 0.0
0.0, 21.4, 140.0, 23.0, 1990-09-27 00:00:00, 0.0
0.0, 17.2, 0.0, 24.0, 1990-09-28 00:00:00, 0.0
0.0, 23.8, 230.0, 28.0, 1990-09-29 00:00:00, 0.0
