station_observations
wind_speed, temperature, wind_direction, relative_humidity, time, precipitation
0.0, 12.3, 0.0, 46.0, 1989-06-03 00:00:00, 0.0
0.0, 19.6, 0.0, 32.0, 1989-06-04 00:00:00, 0.0
0.0, 23.7, 0.0, 24.0, 1989-06-05 00:00:00, 0.0
0.0, 21.9, 0.0, 32.0, 1989-06-06 00:00:00, 0.0
0.0, 20.1, 0.0, 25.0, 1989-06-07 00:00:00, 0.0
0.0, 18.3, 0.0, 28.0, 1989-06-08 00:00:00, 0.0
0.0, 13.6, 0.0, 82.0, 1989-06-09 00:00:00, 12.1
0.0, 14.5, 0.0, 59.0, 1989-06-10 00:00:00, 1.5
0.0, 17.0, 0.0, 47.0, 1989-06-11 00:00:00, 0.0
0.0, 21.1, 0.0, 42.0, 1989-06-12 00:00:00, 0.2
0.0, 24.7, 0.0, 36.0, 1989-06-13 00:00:00, 0.0
0.0, 14.3, 0.0, 70.0, 1989-06-14 00:00:00, 0.0
0.0, 13.6, 0.0, 74.0, 1989-06-15 00:00:00, 0.0
0.0, 9.4, 0.0, 90.0, 1989-06-16 00:00:00, 21.5
0.0, 10.9, 0.0, 72.0, 1989-06-17 00:00:00, 18.5
0.0, 13.2, 0.0, 52.0, 1989-06-18 00:00:00, 0.0
0.0, 10.0, 0.0, 64.0, 1989-06-19 00:00:00, 0.0
0.0, 8.9, 0.0, 62.0, 1989-06-20 00:00:00, 7.8
0.0, 10.9, 0.0, 57.0, 1989-06-21 00:00:00, 0.0
0.0, 13.0, 0.0, 53.0, 1989-06-22 00:00:00, 0.0
0.0, 15.7, 0.0, 70.0, 1989-06-23 00:00:00, 0.0
0.0, 15.3, 0.0, 49.0, 1989-06-24 00:00:00, 0.0
0.0, 14.4, 0.0, 43.0, 1989-06-25 00:00:00, 10.6
0.0, 13.7, 0.0, 78.0, 1989-06-26 00:00:00, 2.0
0.0, 14.2, 0.0, 52.0, 1989-06-27 00:00:00, 8.7
0.0, 14.4, 0.0, 42.0, 1989-06-28 00:00:00, 0.0
0.0, 18.4, 0.0, 46.0, 1989-06-29 00:00:00, 0.0
0.0, 19.4, 0.0, 54.0, 1989-06-30 00:00:00, 1.0
0.0, 12.2, 0.0, 53.0, 1989-07-01 00:00:00, 1.2
0.0, 11.6, 0.0, 58.0, 1989-07-02 00:00:00, 0.0
0.0, 14.0, 0.0, 50.0, 1989-07-03 00:00:00, 0.0
0.0, 20.1, 0.0, 41.0, 1989-07-04 00:00:00, 0.0
0.0, 18.2, 0.0, 34.0, 1989-07-05 00:00:00, 0.0
0.0, 21.6, 0.0, 32.0, 1989-07-06 00:00:00, 0.0
0.0, 25.7, 0.0, 23.0, 1989-07-07 00:00:00, 0.0
0.0, 10.8, 0.0, 68.0, 1989-07-08 00:00:00, 0.7
0.0, 16.2, 0.0, 45.0, 1989-07-09 00:00:00, 0.0
0.0, 7.9, 0.0, 98.0, 1989-07-10 00:00:00, 5.3
0.0, 12.8, 0.0, 82.0, 1989-07-11 00:00:00, 4.6
0.0, 22.7, 0.0, 40.0, 1989-07-12 00:00:00, 0.0
0.0, 16.1, 0.0, 72.0, 1989-07-13 00:00:00, 0.0
0.0, 23.2, 0.0, 50.0, 1989-07-14 00:00:00, 0.0
0.0, 27.1, 0.0, 38.0, 1989-07-15 00:00:00, 0.0
0.0, 18.1, 0.0, 61.0, 1989-07-16 00:00:00, 0.0
0.0, 11.1, 0.0, 94.0, 1989-07-17 00:00:00, 6.3
0.0, 19.2, 0.0, 52.0, 1989-07-18 00:00:00, 1.0
0.0, 26.3, 0.0, 40.0, 1989-07-19 00:00:00, 0.0
0.0, 28.7, 0.0, 40.0, 1989-07-20 00:00:00, 0.0
0.0, 21.8, 0.0, 24.0, 1989-07-21 00:00:00, 2.3
0.0, 18.8, 0.0, 34.0, 1989-07-22 00:00:00, 0.0
0.0, 24.5, 0.0, 29.0, 1989-07-23 00:00:00, 0.0
0.0, 22.7, 0.0, 25.0, 1989-07-24 00:00:00, 0.0
0.0, 22.5, 0.0, 31.0, 1989-07-25 00:00:00, 0.0
0.0, 26.4, 0.0, 27.0, 1989-07-26 00:00:00, 0.0
0.0, 25.8, 0.0, 26.0, 1989-07-27 00:00:00, 0.0
0.0, 22.2, 0.0, 43.0, 1989-07-28 00:00:00, 6.9
0.0, 26.6, 0.0, 22.0, 1989-07-29 00:00:00, 0.0
0.0, 28.4, 0.0, 30.0, 1989-07-30 00:00:00, 0.0
0.0, 27.3, 0.0, 33.0, 1989-07-31 00:00:00, 0.0
0.0, 24.0, 0.0, 42.0, 1989-08-01 00:00:00, 0.8
0.0, 7.8, 0.0, 79.0, 1989-08-02 00:00:00, 0.0
0.0, 9.7, 0.0, 93.0, 1989-08-03 00:00:00, 8.6
0.0, 16.2, 0.0, 66.0, 1989-08-04 00:00:00, 0.0
0.0, 19.3, 0.0, 58.0, 1989-08-05 00:00:00, 0.0
0.0, 26.4, 0.0, 39.0, 1989-08-06 00:00:00, 0.0
0.0, 28.0, 0.0, 34.0, 1989-08-07 00:00:00, 0.0
0.0, 25.2, 0.0, 34.0, 1989-08-08 00:00:00, 0.0
0.0, 12.2, 0.0, 98.0, 1989-08-09 00:00:00, 12.7
0.0, 18.8, 0.0, 58.0, 1989-08-10 00:00:00, 1.0
0.0, 23.6, 0.0, 32.0, 1989-08-11 00:00:00, 0.0
0.0, 25.3, 0.0, 29.0, 1989-08-12 00:00:00, 0.0
0.0, 20.2, 0.0, 66.0, 1989-08-13 00:00:00, 2.5
0.0, 20.9, 0.0, 46.0, 1989-08-14 00:00:00, 0.0
0.0, 12.8, 0.0, 59.0, 1989-08-15 00:00:00, 5.6
0.0, 5.3, 0.0, 97.0, 1989-08-16 00:00:00, 12.7
0.0, 8.4, 0.0, 92.0, 1989-08-17 00:00:00, 7.1
1.0, 17.8, 90.0, 54.0, 1989-08-18 00:00:00, 0.3
0.0, 11.8, 0.0, 94.0, 1989-08-19 00:00:00, 1.0
0.0, 15.7, 0.0, 70.0, 1989-08-20 00:00:00, 4.1
1.0, 12.6, 230.0, 87.0, 1989-08-21 00:00:00, 13.2
0.0, 13.0, 0.0, 82.0, 1989-08-22 00:00:00, 3.3
0.0, 10.3, 0.0, 94.0, 1989-08-23 00:00:00, 10.2
0.0, 12.6, 0.0, 76.0, 1989-08-24 00:00:00, 2.0
0.0, 15.0, 0.0, 57.0, 1989-08-25 00:00:00, 0.8
0.0, 5.4, 0.0, 98.0, 1989-08-26 00:00:00, 27.9
0.0, 5.4, 0.0, 98.0, 1989-08-27 00:00:00, 15.0
0.0, 8.6, 0.0, 90.0, 1989-08-28 00:00:00, 8.9
0.0, 10.9, 0.0, 77.0, 1989-08-29 00:00:00, 1.8
0.0, 9.4, 0.0, 79.0, 1989-08-30 00:00:00, 0.8
1.0, 12.8, 140.0, 66.0, 1989-08-31 00:00:00, 0.5
0.0, 14.3, 0.0, 64.0, 1989-09-01 00:00:00, 8.1
1.0, 5.9, 230.0, 94.0, 1989-09-02 00:00:00, 9.9
0.0, 11.8, 0.0, 76.0, 1989-09-03 00:00:00, 10.9
2.0, 14.4, 90.0, 57.0, 1989-09-04 00:00:00, 0.0
0.0, 6.1, 0.0, 93.0, 1989-09-05 00:00:00, 15.2
0.0, 13.1, 0.0, 58.0, 1989-09-06 00:00:00, 0.3
0.0, 14.6, 0.0, 56.0, 1989-09-07 00:00:00, 0.0
2.0, 11.0, 180.0, 50.0, 1989-09-08 00:00:00, 2.8
0.0, 11.2, 0.0, 51.0, 1989-09-09 00:00:00, 0.0
0.0, 9.6, 0.0, 44.0, 1989-09-10 00:00:00, 0.0
0.0, 12.9, 0.0, 46.0, 1989-09-11 00:00:00, 0.0
0.0, 16.8, 0.0, 42.0, 1989-09-12 00:00:00, 0.0
0.0, 20.0, 0.0, 44.0, 1989-09-13 00:00:00, 0.0
1.0, 18.0, 90.0, 46.0, 1989-09-14 00:00:00, 0.0
2.0, 14.0, 0.0, 40.0, 1989-09-15 00:00:00, 0.0
0.0, 15.5, 0.0, 31.0, 1989-09-16 00:00:00, 0.1
0.0, 6.2, 0.0, 94.0, 1989-09-17 00:00:00, 7.1
0.0, 4.7, 0.0, 96.0, 1989-09-18 00:00:00, 4.1
1.0, 6.6, 230.0, 81.0, 1989-09-19 00:00:00, 0.0
0.0, 13.1, 0.0, 54.0, 1989-09-20 00:00:00, 0.0
0.0, 14.4, 0.0, 47.0, 1989-09-21 00:00:00, 0.0
8.0, 17.0, 0.0, 50.0, 1989-09-22 00:00:00, 0.0
8.0, 17.0, 0.0, 50.0, 1989-09-23 00:00:00, 0.0
3.0, 17.0, 0.0, 50.0, 1989-09-24 00:00:00, 0.0
5.0, 17.0, 0.0, 50.0, 1989-09-25 00:00:00, 0.0
0.0, 0.0, 0.0, 0.0, 1996-07-31 00:00:00, 0.0
8.0, 21.4, 0.0, 21.0, 1996-08-01 00:00:00, 0.0
3.0, 15.8, 180.0, 26.0, 1996-08-02 00:00:00, 0.0
0.0, 6.8, 0.0, 85.0, 1996-08-03 00:00:00, 12.9
5.0, 8.7, 50.0, 77.0, 1996-08-04 00:00:00, 5.8
2.0, 9.9, 90.0, 74.0, 1996-08-05 00:00:00, 5.8
1.0, 12.2, 320.0, 66.0, 1996-08-06 00:00:00, 0.6
3.0, 17.9, 270.0, 41.0, 1996-08-07 00:00:00, 0.0
8.0, 20.5, 320.0, 35.0, 1996-08-08 00:00:00, 0.0
7.0, 23.4, 90.0, 21.0, 1996-08-09 00:00:00, 0.0
9.0, 25.2, 0.0, 15.0, 1996-08-10 00:00:00, 0.0
8.0, 27.7, 90.0, 14.0, 1996-08-11 00:00:00, 0.0
7.0, 20.2, 320.0, 16.0, 1996-08-12 00:00:00, 0.0
5.0, 23.1, 0.0, 22.0, 1996-08-13 00:00:00, 0.0
3.0, 25.4, 270.0, 14.0, 1996-08-14 00:00:00, 0.0
7.0, 23.9, 270.0, 36.0, 1996-08-15 00:00:00, 0.7
7.0, 20.8, 90.0, 23.0, 1996-08-16 00:00:00, 0.0
5.0, 15.0, 180.0, 33.0, 1996-08-17 00:00:00, 4.5
1.0, 12.4, 270.0, 35.0, 1996-08-18 00:00:00, 0.0
11.0, 13.9, 50.0, 32.0, 1996-08-19 00:00:00, 0.0
0.0, 14.4, 0.0, 37.0, 1996-08-20 00:00:00, 1.0
6.0, 13.6, 50.0, 40.0, 1996-08-21 00:00:00, 2.5
4.0, 18.3, 270.0, 37.0, 1996-08-22 00:00:00, 0.0
3.0, 23.5, 180.0, 28.0, 1996-08-23 00:00:00, 0.0
3.0, 24.8, 90.0, 19.0, 1996-08-24 00:00:00, 0.0
6.0, 26.1, 270.0, 4.0, 1996-08-25 00:00:00, 0.0
5.0, 26.6, 320.0, 4.0, 1996-08-26 00:00:00, 0.0
3.0, 26.6, 320.0, 15.0, 1996-08-27 00:00:00, 0.0
0.0, 24.9, 0.0, 24.0, 1996-08-28 00:00:00, 0.0
2.0, 24.2, 0.0, 33.0, 1996-08-29 00:00:00, 0.0
5.0, 25.3, 140.0, 24.0, 1996-08-30 00:00:00, 0.0
1.0, 7.4, 180.0, 85.0, 1996-08-31 00:00:00, 6.6
6.0, 10.3, 270.0, 52.0, 1996-09-01 00:00:00, 2.3
6.0, 11.2, 270.0, 40.0, 1996-09-02 00:00:00, 0.0
1.0, 11.3, 50.0, 54.0, 1996-09-03 00:00:00, 0.0
13.0, 7.5, 50.0, 80.0, 1996-09-04 00:00:00, 0.8
6.0, 6.9, 90.0, 58.0, 1996-09-05 00:00:00, 9.1
8.0, 8.4, 0.0, 49.0, 1996-09-06 00:00:00, 1.2
4.0, 9.3, 270.0, 63.0, 1996-09-07 00:00:00, 0.0
0.0, 10.9, 140.0, 75.0, 1996-09-08 00:00:00, 1.2
3.0, 12.1, 320.0, 68.0, 1996-09-09 00:00:00, 0.0
3.0, 17.9, 270.0, 46.0, 1996-09-10 00:00:00, 0.0
6.0, 21.2, 320.0, 36.0, 1996-09-11 00:00:00, 0.0
3.0, 22.9, 320.0, 24.0, 1996-09-12 00:00:00, 0.0
7.0, 18.5, 320.0, 40.0, 1996-09-13 00:00:00, 0.0
2.0, 12.1, 270.0, 57.0, 1996-09-14 00:00:00, 0.0
1.0, 8.1, 320.0, 82.0, 1996-09-15 00:00:00, 1.3
4.0, 6.9, 270.0, 64.0, 1996-09-16 00:00:00, 5.8
4.0, 6.5, 0.0, 75.0, 1996-09-17 00:00:00, 0.8
3.0, 7.3, 320.0, 82.0, 1996-09-18 00:00:00, 4.8
0.0, 5.8, 270.0, 84.0, 1996-09-19 00:00:00, 4.8
0.0, 4.4, 180.0, 83.0, 1996-09-20 00:00:00, 3.8
0.0, 4.3, 320.0, 81.0, 1996-09-21 00:00:00, 8.4
1.0, 0.8, 230.0, 83.0, 1996-09-22 00:00:00, 1.0
1.0, 4.7, 230.0, 61.0, 1996-09-23 00:00:00, 4.8
0.0, 7.8, 320.0, 46.0, 1996-09-24 00:00:00, 0.0
5.0, 5.4, 50.0, 51.0, 1996-09-25 00:00:00, 0.3
0.0, 4.4, 320.0, 72.0, 1996-09-26 00:00:00, 0.0
0.0, 10.2, 270.0, 66.0, 1996-09-27 00:00:00, 0.3
1.0, 12.3, 320.0, 62.0, 1996-09-28 00:00:00, 0.0
8.0, 13.7, 90.0, 48.0, 1996-09-29 00:00:00, 0.0
2.0, 9.4, 320.0, 69.0, 1996-09-30 00:00:00, 0.0
8.0, 3.9, 320.0, 56.0, 1996-10-01 00:00:00, 0.0
1.0, 9.1, 320.0, 48.0, 1996-10-02 00:00:00, 0.0
4.0, 14.3, 320.0, 42.0, 1996-10-03 00:00:00, 0.0
1.0, 13.9, 140.0, 49.0, 1996-10-04 00:00:00, 0.0
0.0, 7.4, 270.0, 83.0, 1996-10-05 00:00:00, 18.0
5.0, 5.8, 0.0, 75.0, 1996-10-06 00:00:00, 0.8
4.0, 11.7, 320.0, 62.0, 1996-10-07 00:00:00, 0.0
4.0, 13.1, 230.0, 44.0, 1996-10-08 00:00:00, 0.0
0.0, 12.7, 50.0, 53.0, 1996-10-09 00:00:00, 0.0
0.0, 0.0, 0.0, 0.0, 1997-05-03 00:00:00, 0.0
1.0, 13.9, 140.0, 49.0, 1997-05-04 00:00:00, 0.0
0.0, 7.4, 0.0, 83.0, 1997-05-05 00:00:00, 18.0
5.0, 5.8, 0.0, 75.0, 1997-05-06 00:00:00, 0.8
4.0, 11.3, 320.0, 62.0, 1997-05-07 00:00:00, 0.0
4.0, 13.1, 230.0, 44.0, 1997-05-08 00:00:00, 0.0
0.0, 12.7, 0.0, 53.0, 1997-05-09 00:00:00, 0.0
0.0, 11.0, 0.0, 82.0, 1997-05-10 00:00:00, 4.1
0.0, 12.1, 0.0, 68.0, 1997-05-11 00:00:00, 0.3
0.0, 7.0, 0.0, 83.0, 1997-05-12 00:00:00, 23.6
0.0, 7.3, 0.0, 72.0, 1997-05-13 00:00:00, 0.0
0.0, 2.9, 0.0, 81.0, 1997-05-14 00:00:00, 4.6
0.0, -0.4, 0.0, 83.0, 1997-05-15 00:00:00, 1.5
0.0, -2.1, 0.0, 75.0, 1997-05-16 00:00:00, 0.3
0.0, -1.3, 0.0, 68.0, 1997-05-17 00:00:00, 0.0
0.0, 0.6, 0.0, 84.0, 1997-05-18 00:00:00, 0.0
0.0, -3.5, 0.0, 84.0, 1997-05-19 00:00:00, 0.0
0.0, -1.4, 0.0, 61.0, 1997-05-20 00:00:00, 0.0
0.0, -1.1, 0.0, 71.0, 1997-05-21 00:00:00, 0.0
0.0, -0.9, 0.0, 83.0, 1997-05-22 00:00:00, 0.0
1.0, 4.7, 230.0, 61.0, 1997-05-23 00:00:00, 4.8
0.0, 7.8, 0.0, 46.0, 1997-05-24 00:00:00, 0.0
5.0, 5.4, 50.0, 51.0, 1997-05-25 00:00:00, 0.3
0.0, 4.4, 0.0, 72.0, 1997-05-26 00:00:00, 0.0
0.0, 10.2, 0.0, 66.0, 1997-05-27 00:00:00, 0.3
1.0, 12.3, 320.0, 63.0, 1997-05-28 00:00:00, 0.0
8.0, 13.7, 90.0, 48.0, 1997-05-29 00:00:00, 0.0
2.0, 9.4, 320.0, 69.0, 1997-05-30 00:00:00, 0.0
1.0, 7.4, 180.0, 85.0, 1997-05-31 00:00:00, 6.6
8.0, 3.9, 320.0, 56.0, 1997-06-01 00:00:00, 0.0
2.0, 10.8, 50.0, 51.0, 1997-06-02 00:00:00, 4.8
5.0, 17.9, 0.0, 38.0, 1997-06-03 00:00:00, 0.0
0.0, 11.1, 270.0, 96.0, 1997-06-04 00:00:00, 6.6
5.0, 13.2, 90.0, 68.0, 1997-06-05 00:00:00, 1.3
5.0, 16.2, 320.0, 42.0, 1997-06-06 00:00:00, 0.0
2.0, 15.3, 50.0, 36.0, 1997-06-07 00:00:00, 0.0
8.0, 16.6, 0.0, 42.0, 1997-06-08 00:00:00, 0.0
3.0, 19.6, 0.0, 36.0, 1997-06-09 00:00:00, 0.0
4.0, 22.5, 320.0, 23.0, 1997-06-10 00:00:00, 0.0
0.0, 11.7, 90.0, 51.0, 1997-06-11 00:00:00, 0.0
2.0, 14.5, 270.0, 74.0, 1997-06-12 00:00:00, 3.6
2.0, 18.2, 320.0, 58.0, 1997-06-13 00:00:00, 0.0
5.0, 19.5, 0.0, 37.0, 1997-06-14 00:00:00, 0.0
8.0, 21.1, 270.0, 33.0, 1997-06-15 00:00:00, 0.0
5.0, 15.7, 0.0, 47.0, 1997-06-16 00:00:00, 0.0
6.0, 15.6, 90.0, 61.0, 1997-06-17 00:00:00, 0.3
9.0, 8.7, 90.0, 91.0, 1997-06-18 00:00:00, 8.2
4.0, 11.4, 50.0, 67.0, 1997-06-19 00:00:00, 6.4
7.0, 9.6, 320.0, 55.0, 1997-06-20 00:00:00, 0.0
3.0, 12.4, 320.0, 49.0, 1997-06-21 00:00:00, 1.5
7.0, 7.5, 90.0, 68.0, 1997-06-22 00:00:00, 2.8
1.0, 5.6, 320.0, 85.0, 1997-06-23 00:00:00, 3.3
2.0, 9.1, 320.0, 83.0, 1997-06-24 00:00:00, 13.0
6.0, 17.5, 90.0, 46.0, 1997-06-25 00:00:00, 0.0
11.0, 12.8, 90.0, 59.0, 1997-06-26 00:00:00, 4.6
2.0, 13.4, 0.0, 48.0, 1997-06-27 00:00:00, 2.1
5.0, 15.9, 320.0, 40.0, 1997-06-28 00:00:00, 0.1
0.0, 8.0, 90.0, 85.0, 1997-06-29 00:00:00, 0.8
0.0, 12.7, 270.0, 69.0, 1997-06-30 00:00:00, 3.6
4.0, 16.5, 0.0, 51.0, 1997-07-01 00:00:00, 0.1
4.0, 14.8, 320.0, 62.0, 1997-07-02 00:00:00, 0.8
2.0, 15.1, 50.0, 53.0, 1997-07-03 00:00:00, 7.1
6.0, 20.7, 320.0, 39.0, 1997-07-04 00:00:00, 0.0
6.0, 23.6, 320.0, 37.0, 1997-07-05 00:00:00, 0.0
0.0, 10.0, 140.0, 97.0, 1997-07-06 00:00:00, 12.2
3.0, 14.3, 90.0, 57.0, 1997-07-07 00:00:00, 0.1
6.0, 18.1, 50.0, 58.0, 1997-07-08 00:00:00, 0.0
4.0, 14.8, 320.0, 75.0, 1997-07-09 00:00:00, 19.6
5.0, 13.2, 0.0, 62.0, 1997-07-10 00:00:00, 1.8
4.0, 8.7, 90.0, 76.0, 1997-07-11 00:00:00, 4.8
0.0, 10.6, 50.0, 89.0, 1997-07-12 00:00:00, 5.3
6.0, 16.2, 320.0, 60.0, 1997-07-13 00:00:00, 0.3
5.0, 18.4, 0.0, 59.0, 1997-07-14 00:00:00, 0.5
8.0, 20.8, 90.0, 46.0, 1997-07-15 00:00:00, 0.0
5.0, 20.8, 0.0, 45.0, 1997-07-16 00:00:00, 0.0
2.0, 21.2, 320.0, 45.0, 1997-07-17 00:00:00, 0.0
4.0, 19.2, 0.0, 46.0, 1997-07-18 00:00:00, 4.6
7.0, 23.1, 320.0, 37.0, 1997-07-19 00:00:00, 0.0
0.0, 22.1, 180.0, 38.0, 1997-07-20 00:00:00, 0.0
4.0, 25.3, 50.0, 41.0, 1997-07-21 00:00:00, 0.0
5.0, 16.5, 50.0, 75.0, 1997-07-22 00:00:00, 12.7
2.0, 17.0, 0.0, 45.0, 1997-07-23 00:00:00, 2.3
0.0, 15.6, 50.0, 47.0, 1997-07-24 00:00:00, 2.8
1.0, 14.6, 90.0, 55.0, 1997-07-25 00:00:00, 3.0
3.0, 15.0, 320.0, 43.0, 1997-07-26 00:00:00, 0.0
7.0, 20.1, 320.0, 38.0, 1997-07-27 00:00:00, 0.0
1.0, 22.1, 0.0, 41.0, 1997-07-28 00:00:00, 0.0
1.0, 25.4, 0.0, 37.0, 1997-07-29 00:00:00, 0.0
0.0, 12.7, 270.0, 69.0, 1997-07-30 00:00:00, 3.6
1.0, 7.4, 180.0, 85.0, 1997-07-31 00:00:00, 6.6
4.0, 16.5, 0.0, 51.0, 1997-08-01 00:00:00, 0.3
4.0, 14.8, 320.0, 62.0, 1997-08-02 00:00:00, 0.8
2.0, 15.1, 50.0, 53.0, 1997-08-03 00:00:00, 7.1
6.0, 20.7, 320.0, 39.0, 1997-08-04 00:00:00, 0.0
6.0, 23.6, 320.0, 37.0, 1997-08-05 00:00:00, 0.0
0.0, 10.0, 140.0, 97.0, 1997-08-06 00:00:00, 12.2
2.0, 23.5, 0.0, 45.0, 1997-08-07 00:00:00, 0.0
5.0, 11.4, 0.0, 54.0, 1997-08-08 00:00:00, 0.3
5.0, 14.4, 320.0, 46.0, 1997-08-09 00:00:00, 1.8
7.0, 20.2, 320.0, 27.0, 1997-08-10 00:00:00, 0.0
6.0, 23.1, 320.0, 31.0, 1997-08-11 00:00:00, 0.0
6.0, 22.8, 320.0, 38.0, 1997-08-12 00:00:00, 0.0
0.0, 14.3, 230.0, 81.0, 1997-08-13 00:00:00, 0.3
8.0, 20.6, 270.0, 44.0, 1997-08-14 00:00:00, 0.0
0.0, 9.5, 270.0, 89.0, 1997-08-15 00:00:00, 2.1
6.0, 11.9, 320.0, 71.0, 1997-08-16 00:00:00, 2.8
2.0, 14.4, 320.0, 51.0, 1997-08-17 00:00:00, 0.8
1.0, 16.1, 270.0, 48.0, 1997-08-18 00:00:00, 0.0
2.0, 19.3, 0.0, 41.0, 1997-08-19 00:00:00, 0.0
6.0, 22.7, 320.0, 37.0, 1997-08-20 00:00:00, 0.0
2.0, 16.5, 320.0, 75.0, 1997-08-21 00:00:00, 0.5
6.0, 21.4, 0.0, 37.0, 1997-08-22 00:00:00, 0.0
4.0, 23.7, 320.0, 29.0, 1997-08-23 00:00:00, 0.0
0.0, 10.8, 270.0, 97.0, 1997-08-24 00:00:00, 3.3
3.0, 14.1, 320.0, 79.0, 1997-08-25 00:00:00, 8.1
3.0, 20.8, 320.0, 46.0, 1997-08-26 00:00:00, 0.0
9.0, 18.6, 90.0, 42.0, 1997-08-27 00:00:00, 6.1
9.0, 16.1, 90.0, 45.0, 1997-08-28 00:00:00, 0.0
1.0, 12.3, 0.0, 70.0, 1997-08-29 00:00:00, 10.7
1.0, 15.4, 90.0, 56.0, 1997-08-30 00:00:00, 0.5
3.0, 16.6, 320.0, 49.0, 1997-08-31 00:00:00, 0.0
4.0, 20.2, 320.0, 49.0, 1997-09-01 00:00:00, 0.0
3.0, 23.7, 320.0, 43.0, 1997-09-02 00:00:00, 0.0
0.0, 12.7, 180.0, 94.0, 1997-09-03 00:00:00, 3.0
1.0, 12.7, 0.0, 91.0, 1997-09-04 00:00:00, 22.6
1.0, 12.7, 270.0, 69.0, 1997-09-05 00:00:00, 0.0
6.0, 11.5, 0.0, 71.0, 1997-09-06 00:00:00, 6.1
2.0, 12.7, 320.0, 46.0, 1997-09-07 00:00:00, 0.0
5.0, 16.0, 320.0, 42.0, 1997-09-08 00:00:00, 0.0
0.0, 18.7, 320.0, 35.0, 1997-09-09 00:00:00, 0.0
0.0, 20.9, 320.0, 39.0, 1997-09-10 00:00:00, 0.0
1.0, 19.6, 50.0, 49.0, 1997-09-11 00:00:00, 0.0
6.0, 6.6, 140.0, 91.0, 1997-09-12 00:00:00, 27.2
3.0, 10.9, 320.0, 63.0, 1997-09-13 00:00:00, 1.3
5.0, 14.3, 0.0, 66.0, 1997-09-14 00:00:00, 0.8
4.0, 9.5, 90.0, 74.0, 1997-09-15 00:00:00, 18.1
4.0, 7.7, 90.0, 82.0, 1997-09-16 00:00:00, 8.0
0.0, 6.5, 320.0, 97.0, 1997-09-17 00:00:00, 4.6
0.0, 5.0, 270.0, 93.0, 1997-09-18 00:00:00, 10.7
3.0, 9.9, 320.0, 69.0, 1997-09-19 00:00:00, 2.1
0.0, 14.1, 320.0, 62.0, 1997-09-20 00:00:00, 0.0
0.0, 17.3, 270.0, 46.0, 1997-09-21 00:00:00, 0.0
0.0, 18.9, 270.0, 43.0, 1997-09-22 00:00:00, 0.0
