station_observations
wind_speed, temperature, wind_direction, relative_humidity, time, precipitation
6.0, 25.9, 270.0, 10.0, 1989-07-24 00:00:00, 0.0
1.0, 23.9, 140.0, 25.0, 1989-07-25 00:00:00, 0.0
9.0, 26.3, 140.0, 27.0, 1989-07-26 00:00:00, 0.0
12.0, 27.8, 90.0, 22.0, 1989-07-27 00:00:00, 0.0
4.0, 25.7, 320.0, 20.0, 1989-07-28 00:00:00, 0.0
14.0, 27.4, 140.0, 15.0, 1989-07-29 00:00:00, 0.0
6.0, 29.0, 90.0, 26.0, 1989-07-30 00:00:00, 0.5
3.0, 27.3, 140.0, 27.0, 1989-07-31 00:00:00, 0.0
8.0, 24.5, 90.0, 31.0, 1989-08-01 00:00:00, 0.0
5.0, 10.9, 320.0, 66.0, 1989-08-02 00:00:00, 2.5
8.0, 14.4, 320.0, 66.0, 1989-08-03 00:00:00, 2.5
0.0, 17.6, 0.0, 65.0, 1989-08-04 00:00:00, 0.0
6.0, 25.2, 0.0, 31.0, 1989-08-05 00:00:00, 0.0
0.0, 22.2, 0.0, 45.0, 1989-08-06 00:00:00, 0.0
1.0, 17.3, 140.0, 95.0, 1989-08-07 00:00:00, 8.4
10.0, 26.3, 140.0, 29.0, 1989-08-08 00:00:00, 0.3
9.0, 15.8, 180.0, 95.0, 1989-08-09 00:00:00, 17.8
2.0, 20.7, 270.0, 45.0, 1989-08-10 00:00:00, 4.8
6.0, 25.3, 90.0, 24.0, 1989-08-11 00:00:00, 0.0
12.0, 26.5, 140.0, 19.0, 1989-08-12 00:00:00, 0.0
14.0, 20.8, 140.0, 62.0, 1989-08-13 00:00:00, 9.4
8.0, 20.6, 90.0, 38.0, 1989-08-14 00:00:00, 1.0
6.0, 14.9, 320.0, 54.0, 1989-08-15 00:00:00, 8.6
3.0, 12.7, 90.0, 63.0, 1989-08-16 00:00:00, 0.3
9.0, 13.0, 140.0, 75.0, 1989-08-17 00:00:00, 3.3
7.0, 19.0, 140.0, 42.0, 1989-08-18 00:00:00, 0.0
2.0, 16.2, 140.0, 81.0, 1989-08-19 00:00:00, 0.3
3.0, 18.8, 320.0, 58.0, 1989-08-20 00:00:00, 3.3
0.0, 14.9, 0.0, 93.0, 1989-08-21 00:00:00, 9.1
12.0, 14.1, 90.0, 70.0, 1989-08-22 00:00:00, 11.9
12.0, 15.3, 140.0, 56.0, 1989-08-23 00:00:00, 6.1
0.0, 11.5, 0.0, 95.0, 1989-08-24 00:00:00, 9.9
1.0, 10.0, 140.0, 95.0, 1989-08-25 00:00:00, 3.0
0.0, 9.6, 0.0, 97.0, 1989-08-26 00:00:00, 15.5
8.0, 9.9, 90.0, 97.0, 1989-08-27 00:00:00, 7.9
1.0, 12.5, 180.0, 76.0, 1989-08-28 00:00:00, 2.8
3.0, 13.2, 140.0, 78.0, 1989-08-29 00:00:00, 0.5
1.0, 14.4, 140.0, 61.0, 1989-08-30 00:00:00, 0.0
9.0, 13.6, 140.0, 66.0, 1989-08-31 00:00:00, 9.0
3.0, 16.6, 140.0, 55.0, 1989-09-01 00:00:00, 3.0
0.0, 9.2, 0.0, 93.0, 1989-09-02 00:00:00, 8.1
7.0, 16.0, 320.0, 44.0, 1989-09-03 00:00:00, 0.0
4.0, 18.9, 270.0, 39.0, 1989-09-04 00:00:00, 0.0
3.0, 12.7, 270.0, 51.0, 1989-09-05 00:00:00, 3.8
1.0, 12.8, 270.0, 61.0, 1989-09-06 00:00:00, 0.0
4.0, 16.1, 140.0, 53.0, 1989-09-07 00:00:00, 0.0
3.0, 8.3, 270.0, 81.0, 1989-09-08 00:00:00, 5.5
5.0, 14.0, 270.0, 37.0, 1989-09-09 00:00:00, 2.0
5.0, 12.6, 140.0, 42.0, 1989-09-10 00:00:00, 0.0
0.0, 12.3, 0.0, 49.0, 1989-09-11 00:00:00, 0.0
1.0, 15.3, 180.0, 56.0, 1989-09-12 00:00:00, 0.0
3.0, 19.2, 270.0, 42.0, 1989-09-13 00:00:00, 0.0
5.0, 19.7, 270.0, 26.0, 1989-09-14 00:00:00, 0.0
3.0, 19.2, 270.0, 15.0, 1989-09-15 00:00:00, 0.0
7.0, 15.7, 0.0, 23.0, 1989-09-16 00:00:00, 0.0
1.0, 8.4, 0.0, 94.0, 1989-09-17 00:00:00, 1.2
5.0, 12.2, 270.0, 49.0, 1989-09-18 00:00:00, 0.7
3.0, 12.6, 270.0, 49.0, 1989-09-19 00:00:00, 0.0
3.0, 18.8, 0.0, 52.0, 1989-09-20 00:00:00, 3.3
7.0, 12.3, 140.0, 69.0, 1989-09-21 00:00:00, 0.0
3.0, 11.1, 140.0, 76.0, 1989-09-22 00:00:00, 0.0
3.0, 11.5, 180.0, 71.0, 1989-09-23 00:00:00, 0.0
4.0, 12.7, 90.0, 61.0, 1989-09-24 00:00:00, 0.0
3.0, 12.1, 140.0, 68.0, 1989-09-25 00:00:00, 0.0
3.0, 14.6, 140.0, 69.0, 1989-09-26 00:00:00, 0.0
1.0, 12.0, 270.0, 77.0, 1989-09-27 00:00:00, 0.0
1.0, 11.2, 270.0, 71.0, 1989-09-28 00:00:00, 0.0
1.0, 10.8, 0.0, 71.0, 1989-09-29 00:00:00, 0.0
7.0, 14.9, 0.0, 42.0, 1989-09-30 00:00:00, 0.0
13.0, 2.5, 0.0, 85.0, 1989-10-01 00:00:00, 0.5
5.0, 1.7, 0.0, 77.0, 1989-10-02 00:00:00, 0.0
0.0, 0.0, 0.0, 0.0, 1992-06-30 00:00:00, 0.0
0.0, 14.9, 180.0, 61.0, 1992-07-01 00:00:00, 1.0
0.0, 11.4, 270.0, 92.0, 1992-07-02 00:00:00, 13.5
1.0, 15.6, 270.0, 83.0, 1992-07-03 00:00:00, 3.3
5.0, 21.3, 230.0, 54.0, 1992-07-04 00:00:00, 0.1
15.0, 18.6, 0.0, 49.0, 1992-07-05 00:00:00, 5.6
9.0, 15.9, 0.0, 62.0, 1992-07-06 00:00:00, 1.0
4.0, 12.4, 0.0, 92.0, 1992-07-07 00:00:00, 3.3
9.0, 13.8, 180.0, 82.0, 1992-07-08 00:00:00, 3.8
0.0, 11.5, 180.0, 92.0, 1992-07-09 00:00:00, 1.3
1.0, 17.1, 320.0, 66.0, 1992-07-10 00:00:00, 0.1
3.0, 19.1, 180.0, 41.0, 1992-07-11 00:00:00, 6.3
5.0, 20.2, 230.0, 49.0, 1992-07-12 00:00:00, 0.0
22.0, 20.3, 0.0, 49.0, 1992-07-13 00:00:00, 0.0
12.0, 18.9, 0.0, 38.0, 1992-07-14 00:00:00, 0.0
3.0, 20.5, 270.0, 31.0, 1992-07-15 00:00:00, 0.0
3.0, 23.5, 270.0, 34.0, 1992-07-16 00:00:00, 0.0
1.0, 23.7, 180.0, 40.0, 1992-07-17 00:00:00, 0.0
1.0, 27.6, 180.0, 34.0, 1992-07-18 00:00:00, 0.0
1.0, 21.2, 230.0, 43.0, 1992-07-19 00:00:00, 0.0
1.0, 22.4, 180.0, 35.0, 1992-07-20 00:00:00, 0.0
1.0, 25.3, 320.0, 26.0, 1992-07-21 00:00:00, 0.0
0.0, 25.0, 0.0, 34.0, 1992-07-22 00:00:00, 9.1
6.0, 17.5, 270.0, 77.0, 1992-07-23 00:00:00, 11.2
9.0, 19.1, 0.0, 67.0, 1992-07-24 00:00:00, 19.6
7.0, 23.8, 0.0, 48.0, 1992-07-25 00:00:00, 0.0
18.0, 23.3, 0.0, 38.0, 1992-07-26 00:00:00, 0.0
2.0, 24.8, 0.0, 36.0, 1992-07-27 00:00:00, 0.0
1.0, 23.0, 270.0, 39.0, 1992-07-28 00:00:00, 0.0
2.0, 22.4, 180.0, 36.0, 1992-07-29 00:00:00, 0.3
1.0, 26.9, 270.0, 30.0, 1992-07-30 00:00:00, 0.0
12.0, 29.7, 0.0, 28.0, 1992-07-31 00:00:00, 0.0
6.0, 31.0, 230.0, 27.0, 1992-08-01 00:00:00, 0.0
6.0, 29.6, 320.0, 18.0, 1992-08-02 00:00:00, 0.0
3.0, 26.2, 230.0, 32.0, 1992-08-03 00:00:00, 0.0
0.0, 26.8, 0.0, 31.0, 1992-08-04 00:00:00, 1.5
17.0, 25.2, 0.0, 26.0, 1992-08-05 00:00:00, 0.0
14.0, 24.0, 0.0, 32.0, 1992-08-06 00:00:00, 0.0
8.0, 16.4, 0.0, 83.0, 1992-08-07 00:00:00, 2.8
10.0, 18.1, 0.0, 45.0, 1992-08-08 00:00:00, 1.5
16.0, 19.3, 0.0, 30.0, 1992-08-09 00:00:00, 0.0
2.0, 22.5, 270.0, 31.0, 1992-08-10 00:00:00, 0.0
6.0, 24.7, 230.0, 29.0, 1992-08-11 00:00:00, 0.0
1.0, 26.9, 270.0, 28.0, 1992-08-12 00:00:00, 0.0
0.0, 23.4, 230.0, 44.0, 1992-08-13 00:00:00, 0.0
12.0, 32.0, 0.0, 22.0, 1992-08-14 00:00:00, 0.0
15.0, 30.9, 0.0, 11.0, 1992-08-15 00:00:00, 0.0
1.0, 28.8, 320.0, 17.0, 1992-08-16 00:00:00, 0.0
8.0, 31.0, 0.0, 17.0, 1992-08-17 00:00:00, 0.0
11.0, 31.4, 0.0, 10.0, 1992-08-18 00:00:00, 0.0
13.0, 29.1, 0.0, 5.0, 1992-08-19 00:00:00, 0.0
0.0, 20.8, 230.0, 26.0, 1992-08-20 00:00:00, 0.0
0.0, 20.6, 0.0, 46.0, 1992-08-21 00:00:00, 2.0
7.0, 4.2, 180.0, 61.0, 1992-08-22 00:00:00, 0.0
0.0, 6.2, 270.0, 58.0, 1992-08-23 00:00:00, 2.0
11.0, 13.5, 0.0, 42.0, 1992-08-24 00:00:00, 0.2
1.0, 14.3, 180.0, 61.0, 1992-08-25 00:00:00, 4.5
12.0, 19.4, 0.0, 36.0, 1992-08-26 00:00:00, 0.0
9.0, 22.8, 0.0, 30.0, 1992-08-27 00:00:00, 0.0
12.0, 16.9, 0.0, 25.0, 1992-08-28 00:00:00, 0.0
2.0, 16.5, 180.0, 31.0, 1992-08-29 00:00:00, 0.0
2.0, 23.4, 320.0, 18.0, 1992-08-30 00:00:00, 0.0
4.0, 22.3, 270.0, 31.0, 1992-08-31 00:00:00, 0.0
20.0, 22.4, 0.0, 33.0, 1992-09-01 00:00:00, 0.0
17.0, 22.2, 0.0, 31.0, 1992-09-02 00:00:00, 0.0
12.0, 23.2, 0.0, 29.0, 1992-09-03 00:00:00, 0.0
13.0, 18.6, 0.0, 37.0, 1992-09-04 00:00:00, 0.3
14.0, 11.9, 0.0, 38.0, 1992-09-05 00:00:00, 8.6
1.0, 8.3, 230.0, 56.0, 1992-09-06 00:00:00, 1.3
16.0, 13.2, 0.0, 37.0, 1992-09-07 00:00:00, 0.0
5.0, 12.7, 0.0, 44.0, 1992-09-08 00:00:00, 12.0
7.0, 16.4, 0.0, 32.0, 1992-09-09 00:00:00, 0.0
13.0, 19.0, 0.0, 31.0, 1992-09-10 00:00:00, 0.0
11.0, 21.9, 0.0, 29.0, 1992-09-11 00:00:00, 0.0
20.0, 13.4, 0.0, 56.0, 1992-09-12 00:00:00, 1.2
14.0, 8.2, 0.0, 48.0, 1992-09-13 00:00:00, 2.3
3.0, 8.8, 320.0, 44.0, 1992-09-14 00:00:00, 0.3
1.0, 7.8, 180.0, 63.0, 1992-09-15 00:00:00, 0.0
18.0, 8.8, 0.0, 61.0, 1992-09-16 00:00:00, 0.0
4.0, 12.1, 230.0, 29.0, 1992-09-17 00:00:00, 0.0
15.0, 17.2, 0.0, 18.0, 1992-09-18 00:00:00, 0.0
15.0, 19.6, 0.0, 24.0, 1992-09-19 00:00:00, 0.0
17.0, 17.3, 0.0, 48.0, 1992-09-20 00:00:00, 0.0
14.0, 20.1, 0.0, 44.0, 1992-09-21 00:00:00, 0.0
6.0, 23.4, 270.0, 35.0, 1992-09-22 00:00:00, 0.0
17.0, 21.4, 0.0, 42.0, 1992-09-23 00:00:00, 0.5
1.0, 8.6, 320.0, 94.0, 1992-09-24 00:00:00, 19.8
19.0, 9.9, 0.0, 75.0, 1992-09-25 00:00:00, 0.3
9.0, 7.0, 0.0, 85.0, 1992-09-26 00:00:00, 1.0
2.0, 10.6, 230.0, 65.0, 1992-09-27 00:00:00, 6.3
2.0, 13.9, 230.0, 47.0, 1992-09-28 00:00:00, 0.0
0.0, 18.4, 0.0, 40.0, 1992-09-29 00:00:00, 0.0
0.0, 21.7, 0.0, 36.0, 1992-09-30 00:00:00, 0.0
0.0, 21.4, 0.0, 34.0, 1992-10-01 00:00:00, 0.0
4.0, 23.1, 230.0, 28.0, 1992-10-02 00:00:00, 0.0
