station_observations
wind_speed, temperature, wind_direction, relative_humidity, time, precipitation
0.0, 0.0, 0.0, 0.0, 1990-05-20 00:00:00, 0.0
12.0, 9.9, 180.0, 42.0, 1990-05-21 00:00:00, 0.0
3.0, 12.7, 90.0, 46.0, 1990-05-22 00:00:00, 0.0
2.0, 12.2, 90.0, 73.0, 1990-05-23 00:00:00, 0.0
2.0, 8.2, 180.0, 99.0, 1990-05-24 00:00:00, 0.3
2.0, 6.6, 180.0, 85.0, 1990-05-25 00:00:00, 0.3
9.0, 11.1, 0.0, 69.0, 1990-05-26 00:00:00, 0.3
5.0, 13.3, 90.0, 52.0, 1990-05-27 00:00:00, 0.0
0.0, 10.0, 230.0, 88.0, 1990-05-28 00:00:00, 0.0
0.0, 10.9, 0.0, 98.0, 1990-05-29 00:00:00, 0.0
5.0, 9.6, 180.0, 84.0, 1990-05-30 00:00:00, 0.3
2.0, 9.4, 230.0, 81.0, 1990-05-31 00:00:00, 0.0
2.0, 4.4, 140.0, 87.0, 1990-06-01 00:00:00, 0.3
2.0, 6.5, 140.0, 84.0, 1990-06-02 00:00:00, 0.5
6.0, 13.4, 50.0, 53.0, 1990-06-03 00:00:00, 0.0
11.0, 6.1, 230.0, 65.0, 1990-06-04 00:00:00, 0.3
13.0, 10.5, 180.0, 30.0, 1990-06-05 00:00:00, 0.0
6.0, 14.0, 230.0, 31.0, 1990-06-06 00:00:00, 0.0
10.0, 8.1, 180.0, 68.0, 1990-06-07 00:00:00, 0.0
10.0, 12.2, 180.0, 41.0, 1990-06-08 00:00:00, 0.0
4.0, 15.0, 90.0, 39.0, 1990-06-09 00:00:00, 0.8
3.0, 11.2, 0.0, 94.0, 1990-06-10 00:00:00, 0.0
9.0, 2.3, 230.0, 87.0, 1990-06-11 00:00:00, 0.3
10.0, 7.9, 180.0, 61.0, 1990-06-12 00:00:00, 0.0
5.0, 10.7, 0.0, 65.0, 1990-06-13 00:00:00, 0.8
8.0, 15.6, 0.0, 41.0, 1990-06-14 00:00:00, 0.0
2.0, 18.5, 0.0, 32.0, 1990-06-15 00:00:00, 0.0
2.0, 14.4, 50.0, 49.0, 1990-06-16 00:00:00, 0.0
16.0, 15.9, 180.0, 40.0, 1990-06-17 00:00:00, 0.0
6.0, 16.1, 230.0, 45.0, 1990-06-18 00:00:00, 0.0
12.0, 15.7, 180.0, 37.0, 1990-06-19 00:00:00, 0.0
8.0, 14.5, 180.0, 48.0, 1990-06-20 00:00:00, 0.0
7.0, 19.2, 180.0, 28.0, 1990-06-21 00:00:00, 0.0
3.0, 23.8, 140.0, 32.0, 1990-06-22 00:00:00, 0.0
7.0, 19.6, 180.0, 48.0, 1990-06-23 00:00:00, 0.0
4.0, 20.8, 90.0, 44.0, 1990-06-24 00:00:00, 0.0
9.0, 22.3, 230.0, 21.0, 1990-06-25 00:00:00, 0.0
10.0, 21.9, 180.0, 25.0, 1990-06-26 00:00:00, 10.2
9.0, 17.8, 180.0, 36.0, 1990-06-27 00:00:00, 0.0
4.0, 15.6, 140.0, 45.0, 1990-06-28 00:00:00, 5.1
3.0, 19.0, 90.0, 44.0, 1990-06-29 00:00:00, 0.0
6.0, 20.4, 180.0, 47.0, 1990-06-30 00:00:00, 0.0
2.0, 13.3, 180.0, 71.0, 1990-07-01 00:00:00, 0.0
5.0, 17.0, 0.0, 57.0, 1990-07-02 00:00:00, 0.0
9.0, 10.8, 180.0, 58.0, 1990-07-03 00:00:00, 0.0
4.0, 14.8, 0.0, 52.0, 1990-07-04 00:00:00, 0.0
5.0, 20.7, 50.0, 39.0, 1990-07-05 00:00:00, 2.0
6.0, 10.7, 0.0, 87.0, 1990-07-06 00:00:00, 0.0
4.0, 14.8, 140.0, 69.0, 1990-07-07 00:00:00, 0.0
4.0, 19.5, 50.0, 45.0, 1990-07-08 00:00:00, 0.0
8.0, 22.1, 230.0, 31.0, 1990-07-09 00:00:00, 0.0
8.0, 24.5, 180.0, 20.0, 1990-07-10 00:00:00, 0.0
5.0, 27.1, 50.0, 28.0, 1990-07-11 00:00:00, 0.0
4.0, 29.1, 180.0, 26.0, 1990-07-12 00:00:00, 0.0
14.0, 27.1, 230.0, 32.0, 1990-07-13 00:00:00, 1.3
7.0, 23.6, 140.0, 28.0, 1990-07-14 00:00:00, 0.0
11.0, 23.5, 180.0, 23.0, 1990-07-15 00:00:00, 0.0
10.0, 21.3, 180.0, 29.0, 1990-07-16 00:00:00, 0.0
7.0, 19.6, 180.0, 33.0, 1990-07-17 00:00:00, 0.0
6.0, 21.8, 180.0, 31.0, 1990-07-18 00:00:00, 0.5
7.0, 17.4, 0.0, 50.0, 1990-07-19 00:00:00, 0.0
5.0, 19.7, 140.0, 40.0, 1990-07-20 00:00:00, 0.0
6.0, 21.6, 90.0, 41.0, 1990-07-21 00:00:00, 0.0
11.0, 24.4, 180.0, 25.0, 1990-07-22 00:00:00, 0.0
5.0, 20.2, 0.0, 42.0, 1990-07-23 00:00:00, 0.0
6.0, 16.0, 0.0, 81.0, 1990-07-24 00:00:00, 1.0
0.0, 13.1, 0.0, 99.0, 1990-07-25 00:00:00, 10.9
2.0, 12.3, 90.0, 99.0, 1990-07-26 00:00:00, 8.1
5.0, 17.7, 0.0, 68.0, 1990-07-27 00:00:00, 2.0
2.0, 18.0, 50.0, 63.0, 1990-07-28 00:00:00, 0.5
4.0, 22.6, 140.0, 49.0, 1990-07-29 00:00:00, 0.0
2.0, 23.0, 50.0, 45.0, 1990-07-30 00:00:00, 0.0
9.0, 22.5, 180.0, 40.0, 1990-07-31 00:00:00, 1.3
6.0, 19.4, 140.0, 60.0, 1990-08-01 00:00:00, 0.5
1.0, 14.9, 0.0, 74.0, 1990-08-02 00:00:00, 0.8
4.0, 20.4, 50.0, 40.0, 1990-08-03 00:00:00, 1.0
3.0, 23.8, 90.0, 33.0, 1990-08-04 00:00:00, 0.0
5.0, 26.0, 50.0, 32.0, 1990-08-05 00:00:00, 0.0
10.0, 28.1, 180.0, 14.0, 1990-08-06 00:00:00, 0.0
7.0, 25.4, 230.0, 18.0, 1990-08-07 00:00:00, 0.0
5.0, 24.3, 90.0, 30.0, 1990-08-08 00:00:00, 0.0
5.0, 26.5, 140.0, 23.0, 1990-08-09 00:00:00, 0.0
5.0, 26.5, 140.0, 32.0, 1990-08-10 00:00:00, 0.0
0.0, 22.7, 0.0, 56.0, 1990-08-11 00:00:00, 0.0
4.0, 22.3, 0.0, 48.0, 1990-08-12 00:00:00, 1.3
4.0, 26.4, 50.0, 40.0, 1990-08-13 00:00:00, 2.3
5.0, 27.0, 0.0, 36.0, 1990-08-14 00:00:00, 0.0
4.0, 26.2, 90.0, 28.0, 1990-08-15 00:00:00, 0.0
3.0, 19.0, 0.0, 52.0, 1990-08-16 00:00:00, 0.8
2.0, 18.5, 50.0, 54.0, 1990-08-17 00:00:00, 0.0
5.0, 16.3, 0.0, 59.0, 1990-08-18 00:00:00, 1.5
1.0, 17.9, 0.0, 64.0, 1990-08-19 00:00:00, 15.2
4.0, 21.1, 0.0, 54.0, 1990-08-20 00:00:00, 0.0
5.0, 17.7, 0.0, 58.0, 1990-08-21 00:00:00, 0.0
11.0, 17.0, 180.0, 64.0, 1990-08-22 00:00:00, 1.0
11.0, 13.8, 180.0, 41.0, 1990-08-23 00:00:00, 4.3
0.0, 11.5, 50.0, 55.0, 1990-08-24 00:00:00, 0.0
0.0, 6.5, 0.0, 99.0, 1990-08-25 00:00:00, 8.1
5.0, 13.1, 140.0, 54.0, 1990-08-26 00:00:00, 2.5
9.0, 15.4, 180.0, 35.0, 1990-08-27 00:00:00, 0.0
9.0, 18.9, 180.0, 29.0, 1990-08-28 00:00:00, 0.0
8.0, 21.5, 180.0, 32.0, 1990-08-29 00:00:00, 0.0
7.0, 12.8, 180.0, 52.0, 1990-08-30 00:00:00, 2.3
8.0, 15.0, 180.0, 49.0, 1990-08-31 00:00:00, 1.3
3.0, 15.9, 50.0, 50.0, 1990-09-01 00:00:00, 2.0
2.0, 16.9, 140.0, 51.0, 1990-09-02 00:00:00, 0.0
3.0, 18.0, 90.0, 44.0, 1990-09-03 00:00:00, 0.0
4.0, 20.0, 180.0, 34.0, 1990-09-04 00:00:00, 0.0
6.0, 22.5, 140.0, 25.0, 1990-09-05 00:00:00, 0.0
9.0, 22.4, 180.0, 11.0, 1990-09-06 00:00:00, 0.0
12.0, 23.1, 180.0, 17.0, 1990-09-07 00:00:00, 0.3
14.0, 22.4, 180.0, 19.0, 1990-09-08 00:00:00, 0.0
15.0, 22.2, 180.0, 24.0, 1990-09-09 00:00:00, 0.0
9.0, 22.3, 180.0, 21.0, 1990-09-10 00:00:00, 0.0
8.0, 23.7, 180.0, 19.0, 1990-09-11 00:00:00, 0.0
11.0, 20.4, 180.0, 19.0, 1990-09-12 00:00:00, 0.0
5.0, 16.0, 140.0, 38.0, 1990-09-13 00:00:00, 0.8
5.0, 20.2, 140.0, 29.0, 1990-09-14 00:00:00, 0.0
0.0, 21.1, 140.0, 28.0, 1990-09-15 00:00:00, 0.0
7.0, 13.3, 180.0, 60.0, 1990-09-16 00:00:00, 5.6
1.0, 13.8, 90.0, 51.0, 1990-09-17 00:00:00, 0.0
5.0, 15.9, 140.0, 41.0, 1990-09-18 00:00:00, 0.0
6.0, 16.7, 180.0, 35.0, 1990-09-19 00:00:00, 0.0
3.0, 15.3, 140.0, 31.0, 1990-09-20 00:00:00, 0.0
4.0, 18.3, 140.0, 35.0, 1990-09-21 00:00:00, 0.0
6.0, 18.5, 50.0, 39.0, 1990-09-22 00:00:00, 0.0
5.0, 20.3, 50.0, 29.0, 1990-09-23 00:00:00, 0.0
5.0, 21.5, 90.0, 28.0, 1990-09-24 00:00:00, 0.0
7.0, 21.3, 180.0, 27.0, 1990-09-25 00:00:00, 0.0
4.0, 15.7, 50.0, 41.0, 1990-09-26 00:00:00, 0.0
5.0, 16.7, 90.0, 26.0, 1990-09-27 00:00:00, 0.0
5.0, 14.4, 50.0, 29.0, 1990-09-28 00:00:00, 0.0
9.0, 19.6, 180.0, 27.0, 1990-09-29 00:00:00, 0.0
5.0, 13.9, 140.0, 28.0, 1990-09-30 00:00:00, 0.0
3.0, 10.0, 0.0, 67.0, 1990-10-01 00:00:00, 0.3
5.0, 4.8, 230.0, 48.0, 1990-10-02 00:00:00, 3.8
6.0, 3.2, 180.0, 65.0, 1990-10-03 00:00:00, 0.0
7.0, 7.2, 0.0, 99.0, 1990-10-04 00:00:00, 33.0
7.0, 1.7, 180.0, 82.0, 1990-10-05 00:00:00, 33.5
1.0, 1.6, 230.0, 41.0, 1990-10-06 00:00:00, 0.0
2.0, 3.6, 180.0, 38.0, 1990-10-07 00:00:00, 0.0
3.0, 3.9, 140.0, 60.0, 1990-10-08 00:00:00, 0.0
8.0, 8.3, 180.0, 45.0, 1990-10-09 00:00:00, 0.0
7.0, 4.0, 180.0, 50.0, 1990-10-10 00:00:00, 10.4
11.0, 3.1, 180.0, 41.0, 1990-10-11 00:00:00, 0.0
4.0, 2.3, 230.0, 77.0, 1990-10-12 00:00:00, 0.3
7.0, 1.6, 180.0, 67.0, 1990-10-13 00:00:00, 5.3
3.0, 0.4, 180.0, 57.0, 1990-10-14 00:00:00, 3.3
0.0, 0.6, 90.0, 76.0, 1990-10-15 00:00:00, 0.3
1.0, 1.5, 50.0, 92.0, 1990-10-16 00:00:00, 0.0
0.0, 0.4, 230.0, 51.0, 1990-10-17 00:00:00, 3.5
0.0, 1.4, 320.0, 95.0, 1990-10-18 00:00:00, 1.0
