station_observations
wind_speed, temperature, wind_direction, relative_humidity, time, precipitation
0.0, 0.0, 0.0, 0.0, 1990-05-09 00:00:00, 0.0
5.0, 8.6, 270.0, 62.0, 1990-05-10 00:00:00, 0.0
9.0, 7.3, 140.0, 72.0, 1990-05-11 00:00:00, 6.6
0.0, 8.2, 90.0, 72.0, 1990-05-12 00:00:00, 2.5
9.0, 6.3, 90.0, 79.0, 1990-05-13 00:00:00, 2.0
6.0, 8.0, 90.0, 76.0, 1990-05-14 00:00:00, 5.8
0.0, 6.5, 270.0, 73.0, 1990-05-15 00:00:00, 14.5
9.0, 9.4, 140.0, 63.0, 1990-05-16 00:00:00, 0.0
9.0, 10.4, 140.0, 60.0, 1990-05-17 00:00:00, 0.0
5.0, 4.8, 140.0, 94.0, 1990-05-18 00:00:00, 7.9
0.0, 8.2, 90.0, 79.0, 1990-05-19 00:00:00, 2.5
0.0, 8.2, 140.0, 71.0, 1990-05-20 00:00:00, 0.0
0.0, 9.3, 140.0, 62.0, 1990-05-21 00:00:00, 0.8
0.0, 12.2, 140.0, 51.0, 1990-05-22 00:00:00, 0.0
0.0, 10.4, 140.0, 91.0, 1990-05-23 00:00:00, 0.5
0.0, 8.3, 140.0, 97.0, 1990-05-24 00:00:00, 4.6
0.0, 2.4, 90.0, 99.0, 1990-05-25 00:00:00, 20.7
0.0, 7.3, 180.0, 94.0, 1990-05-26 00:00:00, 11.7
0.0, 14.6, 0.0, 58.0, 1990-05-27 00:00:00, 3.3
0.0, 11.3, 180.0, 72.0, 1990-05-28 00:00:00, 0.3
0.0, 12.1, 140.0, 92.0, 1990-05-29 00:00:00, 2.0
3.0, 6.2, 140.0, 99.0, 1990-05-30 00:00:00, 27.4
0.0, 10.5, 90.0, 83.0, 1990-05-31 00:00:00, 1.0
0.0, 1.3, 90.0, 98.0, 1990-06-01 00:00:00, 13.7
7.0, 4.2, 90.0, 90.0, 1990-06-02 00:00:00, 30.2
9.0, 9.8, 140.0, 68.0, 1990-06-03 00:00:00, 2.0
11.0, 8.4, 140.0, 57.0, 1990-06-04 00:00:00, 4.6
6.0, 10.4, 270.0, 50.0, 1990-06-05 00:00:00, 0.0
8.0, 12.3, 0.0, 44.0, 1990-06-06 00:00:00, 0.0
9.0, 6.9, 140.0, 99.0, 1990-06-07 00:00:00, 13.0
13.0, 11.3, 90.0, 59.0, 1990-06-08 00:00:00, 0.0
7.0, 13.1, 90.0, 57.0, 1990-06-09 00:00:00, 0.0
1.0, 11.0, 50.0, 97.0, 1990-06-10 00:00:00, 8.4
17.0, 2.2, 140.0, 91.0, 1990-06-11 00:00:00, 1.8
13.0, 5.4, 90.0, 83.0, 1990-06-12 00:00:00, 0.0
6.0, 8.3, 270.0, 73.0, 1990-06-13 00:00:00, 3.3
0.0, 11.9, 180.0, 52.0, 1990-06-14 00:00:00, 1.3
3.0, 16.3, 140.0, 46.0, 1990-06-15 00:00:00, 0.0
11.0, 17.0, 90.0, 48.0, 1990-06-16 00:00:00, 0.0
2.0, 14.9, 140.0, 61.0, 1990-06-17 00:00:00, 0.3
4.0, 15.2, 90.0, 61.0, 1990-06-18 00:00:00, 0.0
1.0, 17.2, 180.0, 41.0, 1990-06-19 00:00:00, 4.6
0.0, 13.8, 0.0, 60.0, 1990-06-20 00:00:00, 2.0
5.0, 17.0, 140.0, 45.0, 1990-06-21 00:00:00, 1.0
7.0, 22.5, 90.0, 36.0, 1990-06-22 00:00:00, 0.0
2.0, 19.4, 140.0, 58.0, 1990-06-23 00:00:00, 0.0
4.0, 20.1, 140.0, 57.0, 1990-06-24 00:00:00, 0.0
13.0, 22.1, 140.0, 41.0, 1990-06-25 00:00:00, 0.0
11.0, 19.0, 90.0, 43.0, 1990-06-26 00:00:00, 6.6
12.0, 18.3, 140.0, 45.0, 1990-06-27 00:00:00, 0.0
0.0, 13.6, 270.0, 67.0, 1990-06-28 00:00:00, 0.0
11.0, 18.4, 90.0, 51.0, 1990-06-29 00:00:00, 0.0
0.0, 21.8, 0.0, 52.0, 1990-06-30 00:00:00, 0.0
6.0, 17.9, 270.0, 43.0, 1990-07-01 00:00:00, 0.0
2.0, 16.6, 140.0, 59.0, 1990-07-02 00:00:00, 0.0
1.0, 12.2, 140.0, 51.0, 1990-07-03 00:00:00, 0.0
7.0, 16.6, 140.0, 51.0, 1990-07-04 00:00:00, 0.0
6.0, 10.4, 270.0, 50.0, 1990-07-05 00:00:00, 0.0
8.0, 12.3, 0.0, 44.0, 1990-07-06 00:00:00, 0.0
9.0, 6.9, 140.0, 99.0, 1990-07-07 00:00:00, 13.0
13.0, 11.3, 90.0, 59.0, 1990-07-08 00:00:00, 0.0
7.0, 13.1, 90.0, 57.0, 1990-07-09 00:00:00, 0.0
1.0, 11.0, 50.0, 97.0, 1990-07-10 00:00:00, 8.4
0.0, 26.7, 140.0, 31.0, 1990-07-11 00:00:00, 0.0
0.0, 27.5, 90.0, 35.0, 1990-07-12 00:00:00, 0.5
0.0, 24.6, 140.0, 42.0, 1990-07-13 00:00:00, 0.0
0.0, 23.7, 230.0, 28.0, 1990-07-14 00:00:00, 0.0
0.0, 24.2, 230.0, 22.0, 1990-07-15 00:00:00, 0.0
0.0, 22.4, 0.0, 36.0, 1990-07-16 00:00:00, 1.3
0.0, 21.1, 0.0, 36.0, 1990-07-17 00:00:00, 0.0
0.0, 21.6, 270.0, 38.0, 1990-07-18 00:00:00, 0.0
0.0, 15.8, 270.0, 55.0, 1990-07-19 00:00:00, 0.0
0.0, 16.6, 320.0, 44.0, 1990-07-20 00:00:00, 0.0
0.0, 19.8, 140.0, 39.0, 1990-07-21 00:00:00, 0.0
0.0, 22.7, 140.0, 39.0, 1990-07-22 00:00:00, 0.0
2.0, 22.7, 140.0, 36.0, 1990-07-23 00:00:00, 0.0
1.0, 17.5, 230.0, 66.0, 1990-07-24 00:00:00, 0.0
0.0, 13.5, 320.0, 96.0, 1990-07-25 00:00:00, 0.3
5.0, 9.7, 90.0, 99.0, 1990-07-26 00:00:00, 0.5
0.0, 15.2, 230.0, 91.0, 1990-07-27 00:00:00, 0.0
0.0, 20.8, 140.0, 58.0, 1990-07-28 00:00:00, 0.3
2.0, 22.6, 270.0, 47.0, 1990-07-29 00:00:00, 0.0
7.0, 24.1, 180.0, 44.0, 1990-07-30 00:00:00, 0.0
7.0, 21.1, 140.0, 55.0, 1990-07-31 00:00:00, 0.0
6.0, 18.1, 140.0, 66.0, 1990-08-01 00:00:00, 0.0
4.0, 18.5, 230.0, 60.0, 1990-08-02 00:00:00, 0.0
2.0, 20.0, 140.0, 46.0, 1990-08-03 00:00:00, 0.0
6.0, 23.5, 140.0, 36.0, 1990-08-04 00:00:00, 0.3
5.0, 25.3, 140.0, 39.0, 1990-08-05 00:00:00, 3.8
19.0, 25.4, 140.0, 35.0, 1990-08-06 00:00:00, 0.0
19.0, 24.7, 140.0, 28.0, 1990-08-07 00:00:00, 0.0
6.0, 23.5, 140.0, 28.0, 1990-08-08 00:00:00, 0.0
2.0, 25.6, 270.0, 26.0, 1990-08-09 00:00:00, 0.0
2.0, 26.3, 320.0, 33.0, 1990-08-10 00:00:00, 0.3
1.0, 25.6, 140.0, 40.0, 1990-08-11 00:00:00, 0.0
6.0, 24.4, 140.0, 46.0, 1990-08-12 00:00:00, 0.0
4.0, 25.9, 180.0, 42.0, 1990-08-13 00:00:00, 0.0
14.0, 25.3, 140.0, 35.0, 1990-08-14 00:00:00, 0.0
0.0, 23.4, 140.0, 40.0, 1990-08-15 00:00:00, 0.0
6.0, 18.4, 140.0, 58.0, 1990-08-16 00:00:00, 0.0
7.0, 20.9, 140.0, 41.0, 1990-08-17 00:00:00, 0.0
1.0, 16.7, 140.0, 61.0, 1990-08-18 00:00:00, 0.0
1.0, 18.4, 270.0, 68.0, 1990-08-19 00:00:00, 0.0
4.0, 22.0, 270.0, 47.0, 1990-08-20 00:00:00, 0.0
15.0, 12.7, 140.0, 92.0, 1990-08-21 00:00:00, 0.0
0.0, 15.3, 140.0, 82.0, 1990-08-22 00:00:00, 0.0
1.0, 15.0, 270.0, 50.0, 1990-08-23 00:00:00, 0.0
3.0, 15.0, 180.0, 48.0, 1990-08-24 00:00:00, 0.0
9.0, 6.1, 180.0, 98.0, 1990-08-25 00:00:00, 0.0
2.0, 13.5, 180.0, 51.0, 1990-08-26 00:00:00, 0.0
7.0, 14.0, 140.0, 59.0, 1990-08-27 00:00:00, 0.0
6.0, 18.4, 140.0, 43.0, 1990-08-28 00:00:00, 0.0
11.0, 19.8, 140.0, 45.0, 1990-08-29 00:00:00, 0.0
14.0, 10.9, 180.0, 89.0, 1990-08-30 00:00:00, 0.0
12.0, 13.9, 180.0, 64.0, 1990-08-31 00:00:00, 0.0
9.0, 14.6, 180.0, 57.0, 1990-09-01 00:00:00, 0.0
1.0, 16.1, 0.0, 50.0, 1990-09-02 00:00:00, 0.0
3.0, 18.1, 270.0, 43.0, 1990-09-03 00:00:00, 0.0
1.0, 19.5, 230.0, 34.0, 1990-09-04 00:00:00, 0.0
12.0, 20.4, 140.0, 30.0, 1990-09-05 00:00:00, 0.0
3.0, 22.0, 140.0, 33.0, 1990-09-06 00:00:00, 0.0
0.0, 21.7, 180.0, 22.0, 1990-09-07 00:00:00, 0.0
0.0, 21.1, 180.0, 21.0, 1990-09-08 00:00:00, 0.0
0.0, 21.5, 180.0, 28.0, 1990-09-09 00:00:00, 0.0
0.0, 21.2, 180.0, 27.0, 1990-09-10 00:00:00, 0.0
0.0, 22.5, 180.0, 29.0, 1990-09-11 00:00:00, 0.0
0.0, 21.4, 140.0, 27.0, 1990-09-12 00:00:00, 0.0
0.0, 16.6, 270.0, 41.0, 1990-09-13 00:00:00, 0.0
