station_observations
wind_speed, temperature, wind_direction, relative_humidity, time, precipitation
0.0, 0.0, 0.0, 0.0, 1990-06-04 00:00:00, 0.0
4.0, 7.6, 270.0, 79.0, 1990-06-05 00:00:00, 1.5
7.0, 13.3, 180.0, 47.0, 1990-06-06 00:00:00, 0.2
2.0, 7.6, 90.0, 96.0, 1990-06-07 00:00:00, 10.4
7.0, 13.6, 140.0, 52.0, 1990-06-08 00:00:00, 2.5
10.0, 14.9, 180.0, 53.0, 1990-06-09 00:00:00, 0.0
0.0, 12.1, 230.0, 99.0, 1990-06-10 00:00:00, 8.8
7.0, 3.0, 270.0, 96.0, 1990-06-11 00:00:00, 17.0
5.0, 7.4, 180.0, 92.0, 1990-06-12 00:00:00, 17.0
2.0, 8.1, 50.0, 91.0, 1990-06-13 00:00:00, 3.5
8.0, 16.3, 50.0, 40.0, 1990-06-14 00:00:00, 0.7
9.0, 19.4, 180.0, 39.0, 1990-06-15 00:00:00, 0.0
5.0, 20.9, 270.0, 41.0, 1990-06-16 00:00:00, 0.0
9.0, 14.7, 180.0, 68.0, 1990-06-17 00:00:00, 1.5
6.0, 15.5, 140.0, 61.0, 1990-06-18 00:00:00, 0.5
1.0, 17.3, 0.0, 42.0, 1990-06-19 00:00:00, 0.0
4.0, 14.3, 270.0, 68.0, 1990-06-20 00:00:00, 5.0
10.0, 19.6, 180.0, 43.0, 1990-06-21 00:00:00, 1.0
8.0, 24.7, 180.0, 37.0, 1990-06-22 00:00:00, 0.0
3.0, 19.3, 180.0, 70.0, 1990-06-23 00:00:00, 2.5
1.0, 18.3, 140.0, 72.0, 1990-06-24 00:00:00, 7.3
6.0, 23.9, 180.0, 39.0, 1990-06-25 00:00:00, 6.0
9.0, 22.5, 230.0, 33.0, 1990-06-26 00:00:00, 0.0
0.0, 16.1, 140.0, 75.0, 1990-06-27 00:00:00, 7.6
6.0, 15.6, 230.0, 63.0, 1990-06-28 00:00:00, 0.5
5.0, 21.0, 180.0, 47.0, 1990-06-29 00:00:00, 3.0
10.0, 22.6, 180.0, 55.0, 1990-06-30 00:00:00, 4.3
2.0, 13.2, 0.0, 92.0, 1990-07-01 00:00:00, 2.0
9.0, 18.5, 180.0, 65.0, 1990-07-02 00:00:00, 0.0
3.0, 12.0, 180.0, 75.0, 1990-07-03 00:00:00, 10.6
6.0, 17.6, 140.0, 55.0, 1990-07-04 00:00:00, 0.0
3.0, 24.1, 230.0, 37.0, 1990-07-05 00:00:00, 0.0
5.0, 13.7, 180.0, 88.0, 1990-07-06 00:00:00, 2.5
0.0, 14.0, 90.0, 78.0, 1990-07-07 00:00:00, 17.2
0.0, 20.0, 320.0, 52.0, 1990-07-08 00:00:00, 1.0
5.0, 23.0, 180.0, 41.0, 1990-07-09 00:00:00, 0.2
9.0, 25.5, 180.0, 31.0, 1990-07-10 00:00:00, 0.0
0.0, 27.6, 230.0, 31.0, 1990-07-11 00:00:00, 0.0
10.0, 27.7, 180.0, 40.0, 1990-07-12 00:00:00, 0.0
9.0, 25.5, 180.0, 32.0, 1990-07-13 00:00:00, 0.0
9.0, 25.3, 180.0, 28.0, 1990-07-14 00:00:00, 0.0
9.0, 25.3, 180.0, 26.0, 1990-07-15 00:00:00, 0.0
6.0, 21.1, 50.0, 35.0, 1990-07-16 00:00:00, 0.0
11.0, 19.8, 180.0, 40.0, 1990-07-17 00:00:00, 0.0
2.0, 20.4, 140.0, 36.0, 1990-07-18 00:00:00, 0.0
11.0, 17.6, 0.0, 48.0, 1990-07-19 00:00:00, 0.0
9.0, 17.8, 50.0, 44.0, 1990-07-20 00:00:00, 0.0
8.0, 21.7, 180.0, 42.0, 1990-07-21 00:00:00, 0.0
12.0, 25.1, 140.0, 32.0, 1990-07-22 00:00:00, 0.0
5.0, 22.7, 140.0, 42.0, 1990-07-23 00:00:00, 0.0
0.0, 15.4, 180.0, 97.0, 1990-07-24 00:00:00, 3.3
6.0, 15.4, 230.0, 94.0, 1990-07-25 00:00:00, 2.3
7.0, 13.8, 180.0, 99.0, 1990-07-26 00:00:00, 4.3
10.0, 19.3, 140.0, 69.0, 1990-07-27 00:00:00, 0.2
0.0, 16.9, 180.0, 82.0, 1990-07-28 00:00:00, 0.8
7.0, 23.9, 180.0, 48.0, 1990-07-29 00:00:00, 0.0
9.0, 25.5, 180.0, 46.0, 1990-07-30 00:00:00, 0.0
4.0, 22.0, 180.0, 55.0, 1990-07-31 00:00:00, 0.0
3.0, 20.6, 180.0, 56.0, 1990-08-01 00:00:00, 0.0
1.0, 17.2, 180.0, 71.0, 1990-08-02 00:00:00, 0.0
3.0, 20.7, 180.0, 43.0, 1990-08-03 00:00:00, 0.0
7.0, 24.1, 180.0, 39.0, 1990-08-04 00:00:00, 0.0
10.0, 26.3, 180.0, 40.0, 1990-08-05 00:00:00, 0.0
14.0, 29.0, 140.0, 27.0, 1990-08-06 00:00:00, 0.0
12.0, 26.8, 180.0, 26.0, 1990-08-07 00:00:00, 0.0
12.0, 25.5, 230.0, 32.0, 1990-08-08 00:00:00, 0.0
3.0, 26.8, 180.0, 28.0, 1990-08-09 00:00:00, 0.0
6.0, 27.7, 140.0, 35.0, 1990-08-10 00:00:00, 0.0
13.0, 26.3, 180.0, 44.0, 1990-08-11 00:00:00, 0.0
9.0, 27.1, 180.0, 41.0, 1990-08-12 00:00:00, 0.0
7.0, 25.9, 230.0, 43.0, 1990-08-13 00:00:00, 0.0
5.0, 27.8, 180.0, 36.0, 1990-08-14 00:00:00, 0.0
3.0, 26.1, 180.0, 44.0, 1990-08-15 00:00:00, 0.0
5.0, 19.3, 230.0, 66.0, 1990-08-16 00:00:00, 1.0
1.0, 18.9, 0.0, 69.0, 1990-08-17 00:00:00, 1.7
7.0, 20.8, 140.0, 55.0, 1990-08-18 00:00:00, 0.0
1.0, 16.8, 180.0, 85.0, 1990-08-19 00:00:00, 0.5
6.0, 23.2, 180.0, 53.0, 1990-08-20 00:00:00, 0.0
12.0, 22.1, 140.0, 56.0, 1990-08-21 00:00:00, 0.0
2.0, 12.9, 140.0, 99.0, 1990-08-22 00:00:00, 10.9
8.0, 14.6, 270.0, 43.0, 1990-08-23 00:00:00, 2.0
13.0, 14.9, 180.0, 57.0, 1990-08-24 00:00:00, 0.0
6.0, 9.9, 180.0, 96.0, 1990-08-25 00:00:00, 7.1
0.0, 12.5, 230.0, 74.0, 1990-08-26 00:00:00, 3.5
8.0, 14.6, 270.0, 43.0, 1990-08-27 00:00:00, 2.0
14.0, 19.5, 90.0, 37.0, 1990-08-28 00:00:00, 0.0
5.0, 20.5, 140.0, 42.0, 1990-08-29 00:00:00, 0.0
3.0, 13.1, 0.0, 72.0, 1990-08-30 00:00:00, 6.6
10.0, 14.8, 180.0, 62.0, 1990-08-31 00:00:00, 2.5
6.0, 16.3, 230.0, 64.0, 1990-09-01 00:00:00, 2.7
0.0, 13.9, 230.0, 70.0, 1990-09-02 00:00:00, 0.0
7.0, 18.7, 140.0, 37.0, 1990-09-03 00:00:00, 0.7
5.0, 19.2, 140.0, 44.0, 1990-09-04 00:00:00, 0.0
2.0, 20.5, 140.0, 39.0, 1990-09-05 00:00:00, 0.0
10.0, 23.9, 180.0, 23.0, 1990-09-06 00:00:00, 0.0
6.0, 22.2, 270.0, 31.0, 1990-09-07 00:00:00, 0.0
13.0, 23.2, 180.0, 27.0, 1990-09-08 00:00:00, 0.0
7.0, 22.9, 180.0, 27.0, 1990-09-09 00:00:00, 0.0
8.0, 22.9, 140.0, 26.0, 1990-09-10 00:00:00, 0.0
7.0, 22.7, 230.0, 37.0, 1990-09-11 00:00:00, 0.0
9.0, 19.8, 270.0, 27.0, 1990-09-12 00:00:00, 0.0
8.0, 15.8, 180.0, 51.0, 1990-09-13 00:00:00, 1.5
6.0, 19.4, 180.0, 38.0, 1990-09-14 00:00:00, 0.0
2.0, 22.6, 180.0, 37.0, 1990-09-15 00:00:00, 0.0
1.0, 11.6, 270.0, 82.0, 1990-09-16 00:00:00, 6.3
2.0, 12.4, 180.0, 83.0, 1990-09-17 00:00:00, 4.5
9.0, 15.9, 180.0, 56.0, 1990-09-18 00:00:00, 0.0
1.0, 15.7, 180.0, 57.0, 1990-09-19 00:00:00, 0.0
7.0, 15.3, 180.0, 38.0, 1990-09-20 00:00:00, 0.0
9.0, 17.4, 180.0, 45.0, 1990-09-21 00:00:00, 0.0
5.0, 18.8, 180.0, 45.0, 1990-09-22 00:00:00, 0.0
6.0, 19.5, 180.0, 40.0, 1990-09-23 00:00:00, 0.0
3.0, 20.7, 180.0, 39.0, 1990-09-24 00:00:00, 0.0
4.0, 20.9, 140.0, 39.0, 1990-09-25 00:00:00, 0.0
9.0, 19.4, 140.0, 40.0, 1990-09-26 00:00:00, 0.0
5.0, 17.1, 180.0, 35.0, 1990-09-27 00:00:00, 0.0
2.0, 14.8, 230.0, 42.0, 1990-09-28 00:00:00, 0.0
14.0, 20.1, 180.0, 34.0, 1990-09-29 00:00:00, 0.0
8.0, 15.7, 180.0, 25.0, 1990-09-30 00:00:00, 0.0
0.0, 10.9, 90.0, 49.0, 1990-10-01 00:00:00, 0.0
9.0, 6.1, 320.0, 53.0, 1990-10-02 00:00:00, 5.5
8.0, 4.5, 140.0, 74.0, 1990-10-03 00:00:00, 0.5
0.0, 7.4, 230.0, 99.0, 1990-10-04 00:00:00, 26.4
12.0, 2.8, 0.0, 95.0, 1990-10-05 00:00:00, 44.4
4.0, 2.6, 180.0, 73.0, 1990-10-06 00:00:00, 1.5
6.0, 3.6, 180.0, 62.0, 1990-10-07 00:00:00, 0.0
6.0, 3.2, 180.0, 62.0, 1990-10-08 00:00:00, 0.0
8.0, 8.4, 180.0, 63.0, 1990-10-09 00:00:00, 0.0
1.0, 4.5, 270.0, 78.0, 1990-10-10 00:00:00, 8.3
9.0, 3.0, 180.0, 69.0, 1990-10-11 00:00:00, 0.2
0.0, 0.0, 0.0, 0.0, 1991-06-04 00:00:00, 0.0
22.0, 13.8, 140.0, 32.0, 1991-06-05 00:00:00, 0.0
16.0, 12.5, 140.0, 51.0, 1991-06-06 00:00:00, 0.0
1.0, 8.8, 270.0, 90.0, 1991-06-07 00:00:00, 1.2
2.0, 10.7, 270.0, 87.0, 1991-06-08 00:00:00, 17.5
12.0, 14.3, 230.0, 52.0, 1991-06-09 00:00:00, 3.0
8.0, 18.3, 320.0, 48.0, 1991-06-10 00:00:00, 0.0
3.0, 13.2, 140.0, 73.0, 1991-06-11 00:00:00, 0.5
18.0, 8.0, 230.0, 61.0, 1991-06-12 00:00:00, 7.8
15.0, 8.5, 270.0, 57.0, 1991-06-13 00:00:00, 2.7
6.0, 6.2, 50.0, 83.0, 1991-06-14 00:00:00, 4.0
6.0, 10.0, 140.0, 61.0, 1991-06-15 00:00:00, 2.0
35.0, 7.1, 230.0, 74.0, 1991-06-16 00:00:00, 0.7
3.0, 5.5, 270.0, 93.0, 1991-06-17 00:00:00, 8.6
4.0, 14.3, 50.0, 48.0, 1991-06-18 00:00:00, 0.0
11.0, 12.9, 140.0, 60.0, 1991-06-19 00:00:00, 1.0
19.0, 11.1, 140.0, 58.0, 1991-06-20 00:00:00, 0.5
2.0, 7.3, 180.0, 93.0, 1991-06-21 00:00:00, 20.8
6.0, 11.2, 270.0, 77.0, 1991-06-22 00:00:00, 0.2
3.0, 15.3, 230.0, 50.0, 1991-06-23 00:00:00, 0.0
3.0, 15.7, 90.0, 48.0, 1991-06-24 00:00:00, 0.0
4.0, 14.8, 230.0, 70.0, 1991-06-25 00:00:00, 14.9
14.0, 14.9, 180.0, 68.0, 1991-06-26 00:00:00, 0.0
6.0, 15.2, 230.0, 66.0, 1991-06-27 00:00:00, 7.6
5.0, 19.2, 230.0, 47.0, 1991-06-28 00:00:00, 3.5
7.0, 20.7, 140.0, 47.0, 1991-06-29 00:00:00, 0.0
2.0, 11.4, 140.0, 95.0, 1991-06-30 00:00:00, 0.0
5.0, 15.9, 270.0, 64.0, 1991-07-01 00:00:00, 0.0
10.0, 21.4, 180.0, 44.0, 1991-07-02 00:00:00, 0.0
19.0, 24.9, 180.0, 37.0, 1991-07-03 00:00:00, 1.0
20.0, 23.8, 230.0, 38.0, 1991-07-04 00:00:00, 0.2
4.0, 21.9, 180.0, 29.0, 1991-07-05 00:00:00, 0.0
6.0, 11.0, 0.0, 52.0, 1991-07-06 00:00:00, 0.0
6.0, 17.6, 90.0, 43.0, 1991-07-07 00:00:00, 0.0
15.0, 20.9, 230.0, 35.0, 1991-07-08 00:00:00, 0.0
16.0, 21.3, 230.0, 34.0, 1991-07-09 00:00:00, 0.0
0.0, 12.0, 140.0, 94.0, 1991-07-10 00:00:00, 9.4
5.0, 18.3, 180.0, 61.0, 1991-07-11 00:00:00, 0.0
13.0, 22.9, 180.0, 41.0, 1991-07-12 00:00:00, 0.0
18.0, 24.7, 180.0, 39.0, 1991-07-13 00:00:00, 0.0
11.0, 17.3, 320.0, 51.0, 1991-07-14 00:00:00, 0.0
14.0, 18.4, 230.0, 39.0, 1991-07-15 00:00:00, 0.0
11.0, 20.1, 180.0, 42.0, 1991-07-16 00:00:00, 0.0
9.0, 9.1, 0.0, 89.0, 1991-07-17 00:00:00, 2.3
1.0, 12.7, 180.0, 82.0, 1991-07-18 00:00:00, 1.5
2.0, 14.2, 140.0, 60.0, 1991-07-19 00:00:00, 0.0
20.0, 17.7, 270.0, 46.0, 1991-07-20 00:00:00, 1.3
24.0, 15.3, 0.0, 54.0, 1991-07-21 00:00:00, 0.0
7.0, 19.8, 0.0, 37.0, 1991-07-22 00:00:00, 0.0
11.0, 23.0, 140.0, 39.0, 1991-07-23 00:00:00, 0.0
3.0, 24.6, 140.0, 32.0, 1991-07-24 00:00:00, 0.0
13.0, 21.6, 230.0, 60.0, 1991-07-25 00:00:00, 0.2
13.0, 18.0, 230.0, 54.0, 1991-07-26 00:00:00, 3.5
8.0, 18.1, 270.0, 52.0, 1991-07-27 00:00:00, 0.5
17.0, 20.5, 180.0, 44.0, 1991-07-28 00:00:00, 0.0
13.0, 18.7, 320.0, 47.0, 1991-07-29 00:00:00, 1.5
13.0, 19.1, 180.0, 37.0, 1991-07-30 00:00:00, 0.5
7.0, 22.0, 180.0, 34.0, 1991-07-31 00:00:00, 0.0
4.0, 13.2, 230.0, 88.0, 1991-08-01 00:00:00, 0.7
1.0, 17.6, 230.0, 71.0, 1991-08-02 00:00:00, 7.3
8.0, 23.1, 230.0, 39.0, 1991-08-03 00:00:00, 2.5
6.0, 25.1, 180.0, 33.0, 1991-08-04 00:00:00, 0.0
7.0, 26.7, 90.0, 33.0, 1991-08-05 00:00:00, 0.0
0.0, 21.1, 270.0, 56.0, 1991-08-06 00:00:00, 0.0
1.0, 19.9, 230.0, 67.0, 1991-08-07 00:00:00, 4.8
21.0, 25.7, 180.0, 32.0, 1991-08-08 00:00:00, 0.5
0.0, 24.7, 230.0, 41.0, 1991-08-09 00:00:00, 0.0
5.0, 20.8, 270.0, 66.0, 1991-08-10 00:00:00, 1.2
0.0, 17.8, 140.0, 63.0, 1991-08-11 00:00:00, 0.2
14.0, 21.3, 140.0, 44.0, 1991-08-12 00:00:00, 0.0
9.0, 18.7, 270.0, 44.0, 1991-08-13 00:00:00, 0.0
5.0, 11.5, 90.0, 92.0, 1991-08-14 00:00:00, 0.0
0.0, 12.2, 140.0, 94.0, 1991-08-15 00:00:00, 0.0
1.0, 23.1, 230.0, 54.0, 1991-08-16 00:00:00, 0.0
2.0, 22.4, 230.0, 52.0, 1991-08-17 00:00:00, 0.0
1.0, 12.7, 180.0, 82.0, 1991-08-18 00:00:00, 0.0
2.0, 14.2, 140.0, 60.0, 1991-08-19 00:00:00, 0.0
20.0, 17.7, 270.0, 46.0, 1991-08-20 00:00:00, 0.0
24.0, 15.3, 0.0, 54.0, 1991-08-21 00:00:00, 0.0
7.0, 19.8, 0.0, 37.0, 1991-08-22 00:00:00, 0.0
11.0, 23.0, 140.0, 39.0, 1991-08-23 00:00:00, 0.0
18.0, 19.7, 230.0, 26.0, 1991-08-24 00:00:00, 0.0
15.0, 17.6, 180.0, 42.0, 1991-08-25 00:00:00, 0.0
13.0, 18.0, 230.0, 54.0, 1991-08-26 00:00:00, 3.5
9.0, 20.4, 90.0, 21.0, 1991-08-27 00:00:00, 0.0
5.0, 14.4, 180.0, 62.0, 1991-08-28 00:00:00, 0.0
7.0, 15.6, 270.0, 62.0, 1991-08-29 00:00:00, 0.0
6.0, 24.8, 230.0, 35.0, 1991-08-30 00:00:00, 0.0
9.0, 28.0, 230.0, 21.0, 1991-08-31 00:00:00, 0.0
10.0, 15.7, 140.0, 54.0, 1991-09-01 00:00:00, 0.0
8.0, 11.7, 230.0, 36.0, 1991-09-02 00:00:00, 0.0
4.0, 16.6, 270.0, 28.0, 1991-09-03 00:00:00, 0.0
1.0, 21.1, 230.0, 30.0, 1991-09-04 00:00:00, 0.0
2.0, 22.2, 180.0, 34.0, 1991-09-05 00:00:00, 0.0
11.0, 22.3, 180.0, 34.0, 1991-09-06 00:00:00, 0.0
8.0, 20.1, 0.0, 38.0, 1991-09-07 00:00:00, 0.0
2.0, 8.5, 270.0, 82.0, 1991-09-08 00:00:00, 20.8
5.0, 12.7, 230.0, 51.0, 1991-09-09 00:00:00, 0.0
1.0, 15.5, 230.0, 53.0, 1991-09-10 00:00:00, 0.0
1.0, 16.9, 230.0, 47.0, 1991-09-11 00:00:00, 0.0
1.0, 17.3, 320.0, 55.0, 1991-09-12 00:00:00, 0.0
15.0, 17.5, 180.0, 39.0, 1991-09-13 00:00:00, 0.3
5.0, 8.7, 270.0, 88.0, 1991-09-14 00:00:00, 10.6
0.0, 9.3, 230.0, 84.0, 1991-09-15 00:00:00, 0.0
5.0, 11.0, 230.0, 84.0, 1991-09-16 00:00:00, 3.3
