station_observations
wind_speed, temperature, wind_direction, relative_humidity, time, precipitation
18.0, 28.0, 230.0, 33.0, 1978-06-01 00:00:00, 0.0
20.0, 29.0, 180.0, 31.0, 1978-06-02 00:00:00, 0.0
14.0, 27.5, 270.0, 42.0, 1978-06-03 00:00:00, 0.0
12.0, 30.0, 270.0, 40.0, 1978-06-04 00:00:00, 0.0
18.0, 29.0, 270.0, 22.0, 1978-06-05 00:00:00, 0.0
20.0, 23.0, 230.0, 42.0, 1978-06-06 00:00:00, 0.0
25.0, 20.0, 230.0, 55.0, 1978-06-07 00:00:00, 0.0
20.0, 14.0, 230.0, 70.0, 1978-06-08 00:00:00, 0.0
22.0, 10.5, 270.0, 94.0, 1978-06-09 00:00:00, 15.0
10.0, 14.5, 270.0, 75.0, 1978-06-10 00:00:00, 14.0
18.0, 13.5, 230.0, 79.0, 1978-06-11 00:00:00, 10.0
28.0, 14.5, 230.0, 75.0, 1978-06-12 00:00:00, 5.0
15.0, 11.5, 40.0, 89.0, 1978-06-13 00:00:00, 37.0
10.0, 14.5, 270.0, 70.0, 1978-06-14 00:00:00, 11.0
10.0, 14.5, 180.0, 66.0, 1978-06-15 00:00:00, 0.0
5.0, 16.0, 230.0, 67.0, 1978-06-16 00:00:00, 0.0
28.0, 18.5, 180.0, 69.0, 1978-06-17 00:00:00, 0.0
25.0, 23.0, 320.0, 33.0, 1978-06-18 00:00:00, 0.0
12.0, 19.5, 320.0, 58.0, 1978-06-19 00:00:00, 0.0
26.0, 22.5, 230.0, 51.0, 1978-06-20 00:00:00, 0.0
18.0, 18.5, 180.0, 61.0, 1978-06-21 00:00:00, 0.0
12.0, 15.0, 180.0, 62.0, 1978-06-22 00:00:00, 0.0
12.0, 15.0, 180.0, 75.0, 1978-06-23 00:00:00, 0.0
22.0, 16.0, 270.0, 63.0, 1978-06-24 00:00:00, 0.0
6.0, 15.5, 270.0, 80.0, 1978-06-25 00:00:00, 0.0
18.0, 21.0, 230.0, 56.0, 1978-06-26 00:00:00, 0.0
15.0, 26.0, 230.0, 45.0, 1978-06-27 00:00:00, 0.0
20.0, 29.0, 230.0, 41.0, 1978-06-28 00:00:00, 0.0
10.0, 16.5, 270.0, 72.0, 1978-06-29 00:00:00, 0.0
12.0, 16.5, 230.0, 68.0, 1978-06-30 00:00:00, 0.0
20.0, 18.5, 230.0, 69.0, 1978-07-01 00:00:00, 0.0
22.0, 21.0, 230.0, 56.0, 1978-07-02 00:00:00, 0.0
18.0, 16.0, 230.0, 72.0, 1978-07-03 00:00:00, 0.0
12.0, 15.5, 230.0, 71.0, 1978-07-04 00:00:00, 0.0
14.0, 18.0, 270.0, 69.0, 1978-07-05 00:00:00, 0.0
15.0, 19.5, 270.0, 62.0, 1978-07-06 00:00:00, 0.0
10.0, 20.0, 270.0, 59.0, 1978-07-07 00:00:00, 0.0
12.0, 15.5, 40.0, 76.0, 1978-07-08 00:00:00, 0.0
22.0, 13.0, 270.0, 89.0, 1978-07-09 00:00:00, 2.0
11.0, 14.0, 230.0, 75.0, 1978-07-10 00:00:00, 0.0
15.0, 15.5, 270.0, 76.0, 1978-07-11 00:00:00, 3.8
18.0, 21.5, 230.0, 61.0, 1978-07-12 00:00:00, 0.0
12.0, 20.5, 270.0, 67.0, 1978-07-13 00:00:00, 0.0
17.0, 22.5, 270.0, 58.0, 1978-07-14 00:00:00, 0.0
15.0, 17.5, 230.0, 77.0, 1978-07-15 00:00:00, 0.0
12.0, 15.5, 320.0, 76.0, 1978-07-16 00:00:00, 0.0
15.0, 18.5, 230.0, 69.0, 1978-07-17 00:00:00, 0.0
20.0, 20.5, 270.0, 60.0, 1978-07-18 00:00:00, 0.0
19.0, 26.0, 230.0, 46.0, 1978-07-19 00:00:00, 0.0
18.0, 30.5, 230.0, 33.0, 1978-07-20 00:00:00, 0.0
16.0, 32.0, 230.0, 22.0, 1978-07-21 00:00:00, 0.0
18.0, 31.5, 230.0, 32.0, 1978-07-22 00:00:00, 0.0
18.0, 25.5, 270.0, 51.0, 1978-07-23 00:00:00, 0.0
20.0, 21.0, 270.0, 60.0, 1978-07-24 00:00:00, 0.0
20.0, 28.5, 40.0, 43.0, 1978-07-25 00:00:00, 0.0
16.0, 16.5, 90.0, 96.0, 1978-07-26 00:00:00, 0.3
5.0, 18.0, 40.0, 73.0, 1978-07-27 00:00:00, 0.1
28.0, 21.0, 140.0, 60.0, 1978-07-28 00:00:00, 0.0
20.0, 22.0, 270.0, 57.0, 1978-07-29 00:00:00, 0.0
25.0, 22.0, 230.0, 51.0, 1978-07-30 00:00:00, 0.0
18.0, 19.0, 270.0, 70.0, 1978-07-31 00:00:00, 0.0
17.0, 19.5, 270.0, 66.0, 1978-08-01 00:00:00, 0.0
15.0, 22.0, 270.0, 61.0, 1978-08-02 00:00:00, 0.0
31.0, 21.0, 230.0, 60.0, 1978-08-03 00:00:00, 0.0
30.0, 19.5, 230.0, 62.0, 1978-08-04 00:00:00, 0.0
28.0, 20.0, 230.0, 59.0, 1978-08-05 00:00:00, 0.0
22.0, 22.0, 230.0, 65.0, 1978-08-06 00:00:00, 0.0
18.0, 30.0, 270.0, 38.0, 1978-08-07 00:00:00, 0.0
26.0, 32.0, 270.0, 26.0, 1978-08-08 00:00:00, 0.0
30.0, 18.5, 230.0, 65.0, 1978-08-09 00:00:00, 0.0
22.0, 15.0, 230.0, 90.0, 1978-08-10 00:00:00, 6.0
16.0, 14.0, 230.0, 80.0, 1978-08-11 00:00:00, 12.0
12.0, 15.0, 0.0, 95.0, 1978-08-12 00:00:00, 55.0
28.0, 19.0, 230.0, 66.0, 1978-08-13 00:00:00, 0.0
6.0, 15.0, 270.0, 90.0, 1978-08-14 00:00:00, 18.0
12.0, 18.0, 230.0, 73.0, 1978-08-15 00:00:00, 17.0
20.0, 17.0, 270.0, 72.0, 1978-08-16 00:00:00, 0.0
22.0, 17.5, 270.0, 69.0, 1978-08-17 00:00:00, 0.0
14.0, 17.0, 230.0, 82.0, 1978-08-18 00:00:00, 7.5
12.0, 16.0, 270.0, 72.0, 1978-08-19 00:00:00, 0.0
15.0, 21.0, 320.0, 53.0, 1978-08-20 00:00:00, 0.0
20.0, 21.0, 230.0, 60.0, 1978-08-21 00:00:00, 0.0
12.0, 15.5, 180.0, 71.0, 1978-08-22 00:00:00, 0.0
8.0, 13.5, 320.0, 95.0, 1978-08-23 00:00:00, 20.0
24.0, 16.5, 270.0, 86.0, 1978-08-24 00:00:00, 21.0
18.0, 12.5, 270.0, 99.0, 1978-08-25 00:00:00, 85.0
15.0, 15.0, 230.0, 85.0, 1978-08-26 00:00:00, 73.0
12.0, 18.0, 180.0, 74.0, 1978-08-27 00:00:00, 0.0
15.0, 18.0, 270.0, 82.0, 1978-08-28 00:00:00, 0.0
10.0, 24.0, 320.0, 63.0, 1978-08-29 00:00:00, 0.0
29.0, 22.0, 230.0, 61.0, 1978-08-30 00:00:00, 0.0
22.0, 16.5, 270.0, 86.0, 1978-08-31 00:00:00, 14.0
18.0, 14.5, 270.0, 85.0, 1978-09-01 00:00:00, 12.0
25.0, 14.5, 230.0, 95.0, 1978-09-02 00:00:00, 38.0
10.0, 15.0, 270.0, 85.0, 1978-09-03 00:00:00, 0.0
18.0, 17.0, 230.0, 64.0, 1978-09-04 00:00:00, 13.0
26.0, 18.5, 230.0, 61.0, 1978-09-05 00:00:00, 0.0
18.0, 15.5, 230.0, 67.0, 1978-09-06 00:00:00, 0.0
20.0, 18.5, 230.0, 65.0, 1978-09-07 00:00:00, 0.0
16.0, 16.0, 230.0, 72.0, 1978-09-08 00:00:00, 0.0
18.0, 14.5, 90.0, 95.0, 1978-09-09 00:00:00, 7.2
8.0, 13.5, 140.0, 95.0, 1978-09-10 00:00:00, 5.0
15.0, 16.0, 270.0, 85.0, 1978-09-11 00:00:00, 2.8
12.0, 19.0, 270.0, 66.0, 1978-09-12 00:00:00, 0.0
10.0, 14.0, 180.0, 85.0, 1978-09-13 00:00:00, 7.5
14.0, 15.0, 270.0, 90.0, 1978-09-14 00:00:00, 12.0
15.0, 15.0, 230.0, 81.0, 1978-09-15 00:00:00, 0.0
12.0, 10.0, 180.0, 94.0, 1978-09-16 00:00:00, 14.0
10.0, 13.5, 180.0, 80.0, 1978-09-17 00:00:00, 6.0
18.0, 17.5, 230.0, 56.0, 1978-09-18 00:00:00, 0.0
16.0, 15.5, 270.0, 62.0, 1978-09-19 00:00:00, 0.0
15.0, 14.5, 270.0, 75.0, 1978-09-20 00:00:00, 2.3
12.0, 11.5, 270.0, 94.0, 1978-09-21 00:00:00, 5.5
19.0, 11.5, 230.0, 89.0, 1978-09-22 00:00:00, 11.0
15.0, 12.5, 40.0, 79.0, 1978-09-23 00:00:00, 19.0
12.0, 19.0, 270.0, 74.0, 1978-09-24 00:00:00, 0.0
18.0, 21.5, 90.0, 64.0, 1978-09-25 00:00:00, 0.0
15.0, 15.5, 140.0, 80.0, 1978-09-26 00:00:00, 0.0
10.0, 13.5, 270.0, 89.0, 1978-09-27 00:00:00, 50.0
16.0, 12.5, 230.0, 99.0, 1978-09-28 00:00:00, 25.0
8.0, 13.5, 230.0, 89.0, 1978-09-29 00:00:00, 8.0
35.0, 13.5, 230.0, 79.0, 1978-09-30 00:00:00, 3.0
2.0, 13.5, 230.0, 79.0, 1979-05-01 00:00:00, 0.0
20.0, 12.5, 230.0, 79.0, 1979-05-02 00:00:00, 0.0
12.0, 12.0, 230.0, 84.0, 1979-05-03 00:00:00, 6.5
10.0, 11.5, 180.0, 78.0, 1979-05-04 00:00:00, 5.5
18.0, 9.5, 270.0, 83.0, 1979-05-05 00:00:00, 30.0
5.0, 8.5, 90.0, 94.0, 1979-05-06 00:00:00, 32.0
10.0, 11.0, 180.0, 85.0, 1979-05-07 00:00:00, 20.0
18.0, 14.0, 180.0, 75.0, 1979-05-08 00:00:00, 0.0
15.0, 15.0, 230.0, 62.0, 1979-05-09 00:00:00, 0.0
12.0, 12.0, 230.0, 84.0, 1979-05-10 00:00:00, 0.0
15.0, 14.0, 270.0, 70.0, 1979-05-11 00:00:00, 0.0
8.0, 9.5, 270.0, 94.0, 1979-05-12 00:00:00, 0.0
18.0, 14.5, 230.0, 75.0, 1979-05-13 00:00:00, 6.0
16.0, 18.5, 320.0, 57.0, 1979-05-14 00:00:00, 0.0
25.0, 13.5, 270.0, 69.0, 1979-05-15 00:00:00, 0.0
22.0, 13.0, 230.0, 74.0, 1979-05-16 00:00:00, 2.5
15.0, 9.0, 230.0, 99.0, 1979-05-17 00:00:00, 3.0
22.0, 17.0, 230.0, 56.0, 1979-05-18 00:00:00, 0.0
15.0, 18.5, 230.0, 50.0, 1979-05-19 00:00:00, 0.0
12.0, 14.5, 230.0, 68.0, 1979-05-20 00:00:00, 0.0
10.0, 19.0, 270.0, 58.0, 1979-05-21 00:00:00, 0.0
8.0, 15.0, 270.0, 71.0, 1979-05-22 00:00:00, 0.0
5.0, 12.5, 140.0, 95.0, 1979-05-23 00:00:00, 8.0
22.0, 13.0, 230.0, 89.0, 1979-05-24 00:00:00, 10.0
14.0, 22.0, 230.0, 47.0, 1979-05-25 00:00:00, 0.0
35.0, 12.5, 230.0, 64.0, 1979-05-26 00:00:00, 5.0
30.0, 9.0, 230.0, 82.0, 1979-05-27 00:00:00, 7.0
25.0, 15.0, 230.0, 62.0, 1979-05-28 00:00:00, 0.0
15.0, 16.5, 230.0, 59.0, 1979-05-29 00:00:00, 0.0
18.0, 18.0, 230.0, 61.0, 1979-05-30 00:00:00, 0.0
22.0, 22.5, 270.0, 45.0, 1979-05-31 00:00:00, 0.0
5.0, 24.0, 270.0, 43.0, 1979-06-01 00:00:00, 0.0
18.0, 21.5, 230.0, 50.0, 1979-06-02 00:00:00, 0.0
20.0, 17.0, 230.0, 72.0, 1979-06-03 00:00:00, 0.0
8.0, 15.0, 270.0, 84.0, 1979-06-04 00:00:00, 0.0
28.0, 14.5, 270.0, 70.0, 1979-06-05 00:00:00, 38.0
25.0, 15.5, 270.0, 58.0, 1979-06-06 00:00:00, 0.0
25.0, 19.5, 270.0, 47.0, 1979-06-07 00:00:00, 0.0
22.0, 20.5, 230.0, 49.0, 1979-06-08 00:00:00, 0.0
18.0, 17.5, 230.0, 60.0, 1979-06-09 00:00:00, 0.0
20.0, 16.0, 230.0, 63.0, 1979-06-10 00:00:00, 0.0
10.0, 11.0, 270.0, 78.0, 1979-06-11 00:00:00, 0.0
15.0, 15.0, 270.0, 53.0, 1979-06-12 00:00:00, 0.0
16.0, 14.5, 320.0, 70.0, 1979-06-13 00:00:00, 7.0
16.0, 15.5, 230.0, 58.0, 1979-06-14 00:00:00, 0.0
15.0, 14.0, 230.0, 75.0, 1979-06-15 00:00:00, 7.0
8.0, 14.0, 40.0, 70.0, 1979-06-16 00:00:00, 7.5
18.0, 19.5, 230.0, 62.0, 1979-06-17 00:00:00, 0.0
15.0, 13.0, 230.0, 89.0, 1979-06-18 00:00:00, 0.0
16.0, 11.0, 270.0, 89.0, 1979-06-19 00:00:00, 0.5
14.0, 12.0, 230.0, 78.0, 1979-06-20 00:00:00, 0.0
26.0, 13.0, 230.0, 79.0, 1979-06-21 00:00:00, 0.0
13.0, 15.5, 270.0, 67.0, 1979-06-22 00:00:00, 0.0
15.0, 15.0, 270.0, 80.0, 1979-06-23 00:00:00, 5.0
16.0, 21.5, 270.0, 53.0, 1979-06-24 00:00:00, 0.0
18.0, 23.0, 230.0, 49.0, 1979-06-25 00:00:00, 0.0
12.0, 20.0, 270.0, 59.0, 1979-06-26 00:00:00, 0.0
14.0, 16.5, 270.0, 68.0, 1979-06-27 00:00:00, 0.0
20.0, 19.0, 40.0, 62.0, 1979-06-28 00:00:00, 0.0
20.0, 14.0, 270.0, 65.0, 1979-06-29 00:00:00, 0.0
10.0, 14.5, 230.0, 80.0, 1979-06-30 00:00:00, 13.0
15.0, 14.0, 230.0, 70.0, 1979-07-01 00:00:00, 4.0
14.0, 12.0, 230.0, 84.0, 1979-07-02 00:00:00, 2.0
12.0, 18.5, 180.0, 54.0, 1979-07-03 00:00:00, 0.0
10.0, 18.0, 230.0, 69.0, 1979-07-04 00:00:00, 1.0
20.0, 20.0, 230.0, 55.0, 1979-07-05 00:00:00, 1.5
18.0, 20.0, 230.0, 59.0, 1979-07-06 00:00:00, 0.0
8.0, 15.5, 40.0, 85.0, 1979-07-07 00:00:00, 0.0
22.0, 14.5, 270.0, 99.0, 1979-07-08 00:00:00, 0.0
15.0, 20.0, 270.0, 83.0, 1979-07-09 00:00:00, 9.0
20.0, 14.0, 180.0, 99.0, 1979-07-10 00:00:00, 64.0
18.0, 13.5, 230.0, 95.0, 1979-07-11 00:00:00, 50.0
12.0, 17.0, 230.0, 81.0, 1979-07-12 00:00:00, 18.0
21.0, 15.0, 230.0, 80.0, 1979-07-13 00:00:00, 0.0
22.0, 22.0, 230.0, 51.0, 1979-07-14 00:00:00, 0.0
18.0, 25.5, 230.0, 34.0, 1979-07-15 00:00:00, 0.0
22.0, 32.0, 230.0, 35.0, 1979-07-16 00:00:00, 0.0
12.0, 29.0, 230.0, 46.0, 1979-07-17 00:00:00, 0.0
20.0, 27.0, 230.0, 53.0, 1979-07-18 00:00:00, 0.0
12.0, 24.0, 230.0, 63.0, 1979-07-19 00:00:00, 0.0
20.0, 21.0, 230.0, 75.0, 1979-07-20 00:00:00, 0.0
22.0, 21.0, 230.0, 60.0, 1979-07-21 00:00:00, 0.0
35.0, 20.0, 230.0, 59.0, 1979-07-22 00:00:00, 0.0
22.0, 21.0, 230.0, 64.0, 1979-07-23 00:00:00, 0.0
18.0, 23.0, 230.0, 62.0, 1979-07-24 00:00:00, 0.0
20.0, 22.0, 230.0, 61.0, 1979-07-25 00:00:00, 0.0
22.0, 21.0, 230.0, 60.0, 1979-07-26 00:00:00, 0.0
16.0, 20.0, 230.0, 63.0, 1979-07-27 00:00:00, 0.0
20.0, 20.0, 230.0, 49.0, 1979-07-28 00:00:00, 0.0
15.0, 19.0, 230.0, 62.0, 1979-07-29 00:00:00, 0.0
18.0, 22.5, 230.0, 65.0, 1979-07-30 00:00:00, 0.0
10.0, 20.0, 40.0, 83.0, 1979-07-31 00:00:00, 0.0
22.0, 20.5, 270.0, 63.0, 1979-08-01 00:00:00, 0.0
18.0, 19.0, 230.0, 70.0, 1979-08-02 00:00:00, 0.0
20.0, 20.0, 270.0, 67.0, 1979-08-03 00:00:00, 0.0
28.0, 21.0, 230.0, 60.0, 1979-08-04 00:00:00, 0.0
12.0, 18.0, 230.0, 65.0, 1979-08-05 00:00:00, 0.0
22.0, 21.0, 230.0, 60.0, 1979-08-06 00:00:00, 0.0
16.0, 20.0, 230.0, 63.0, 1979-08-07 00:00:00, 0.0
12.0, 21.5, 230.0, 57.0, 1979-08-08 00:00:00, 0.0
18.0, 22.5, 270.0, 58.0, 1979-08-09 00:00:00, 0.0
21.0, 15.0, 230.0, 90.0, 1979-08-10 00:00:00, 0.0
24.0, 20.0, 230.0, 59.0, 1979-08-11 00:00:00, 0.0
15.0, 23.0, 230.0, 62.0, 1979-08-12 00:00:00, 0.0
12.0, 18.0, 270.0, 73.0, 1979-08-13 00:00:00, 0.0
8.0, 17.0, 320.0, 81.0, 1979-08-14 00:00:00, 0.0
10.0, 16.0, 230.0, 85.0, 1979-08-15 00:00:00, 0.0
18.0, 23.5, 270.0, 59.0, 1979-08-16 00:00:00, 0.0
8.0, 17.5, 230.0, 82.0, 1979-08-17 00:00:00, 0.0
18.0, 17.0, 230.0, 90.0, 1979-08-18 00:00:00, 10.5
10.0, 19.5, 270.0, 78.0, 1979-08-19 00:00:00, 9.5
20.0, 19.0, 230.0, 82.0, 1979-08-20 00:00:00, 0.0
18.0, 24.5, 230.0, 67.0, 1979-08-21 00:00:00, 2.0
12.0, 21.5, 270.0, 61.0, 1979-08-22 00:00:00, 8.0
26.0, 23.0, 180.0, 49.0, 1979-08-23 00:00:00, 0.0
12.0, 23.5, 230.0, 52.0, 1979-08-24 00:00:00, 0.0
23.0, 23.5, 230.0, 59.0, 1979-08-25 00:00:00, 0.0
20.0, 21.0, 230.0, 71.0, 1979-08-26 00:00:00, 0.0
8.0, 17.0, 230.0, 81.0, 1979-08-27 00:00:00, 0.0
18.0, 20.0, 230.0, 75.0, 1979-08-28 00:00:00, 0.0
12.0, 17.5, 230.0, 77.0, 1979-08-29 00:00:00, 0.0
5.0, 17.0, 230.0, 77.0, 1979-08-30 00:00:00, 0.0
14.0, 21.0, 270.0, 60.0, 1979-08-31 00:00:00, 0.0
15.0, 16.5, 40.0, 95.0, 1979-09-01 00:00:00, 10.0
18.0, 14.0, 40.0, 99.0, 1979-09-02 00:00:00, 38.0
15.0, 17.0, 230.0, 77.0, 1979-09-03 00:00:00, 46.0
28.0, 14.5, 180.0, 85.0, 1979-09-04 00:00:00, 26.0
26.0, 13.0, 180.0, 89.0, 1979-09-05 00:00:00, 40.0
10.0, 16.5, 140.0, 76.0, 1979-09-06 00:00:00, 14.0
12.0, 17.0, 0.0, 81.0, 1979-09-07 00:00:00, 10.0
26.0, 15.0, 230.0, 90.0, 1979-09-08 00:00:00, 80.0
12.0, 15.0, 230.0, 95.0, 1979-09-09 00:00:00, 6.5
15.0, 19.5, 230.0, 66.0, 1979-09-10 00:00:00, 0.0
10.0, 20.5, 140.0, 56.0, 1979-09-11 00:00:00, 0.0
8.0, 24.5, 90.0, 41.0, 1979-09-12 00:00:00, 0.0
5.0, 29.0, 140.0, 39.0, 1979-09-13 00:00:00, 0.0
14.0, 31.0, 0.0, 23.0, 1979-09-14 00:00:00, 0.0
15.0, 17.0, 140.0, 75.0, 1979-09-15 00:00:00, 0.0
18.0, 20.0, 180.0, 67.0, 1979-09-16 00:00:00, 0.0
19.0, 24.0, 230.0, 50.0, 1979-09-17 00:00:00, 0.0
8.0, 26.0, 270.0, 49.0, 1979-09-18 00:00:00, 0.0
12.0, 19.0, 230.0, 74.0, 1979-09-19 00:00:00, 0.0
2.0, 16.0, 180.0, 90.0, 1979-09-20 00:00:00, 0.0
25.0, 17.0, 230.0, 90.0, 1979-09-21 00:00:00, 0.0
10.0, 17.5, 230.0, 82.0, 1979-09-22 00:00:00, 0.0
12.0, 21.0, 230.0, 60.0, 1979-09-23 00:00:00, 0.0
6.0, 22.5, 270.0, 51.0, 1979-09-24 00:00:00, 0.0
15.0, 25.0, 230.0, 45.0, 1979-09-25 00:00:00, 0.0
13.0, 15.0, 230.0, 95.0, 1979-09-26 00:00:00, 2.0
15.0, 11.0, 230.0, 99.0, 1979-09-27 00:00:00, 13.0
10.0, 13.0, 40.0, 89.0, 1979-09-28 00:00:00, 0.0
8.0, 13.5, 40.0, 89.0, 1979-09-29 00:00:00, 6.5
6.0, 15.5, 140.0, 85.0, 1979-09-30 00:00:00, 11.0
12.0, 15.5, 270.0, 71.0, 1980-05-01 00:00:00, 0.0
12.0, 13.5, 180.0, 56.0, 1980-05-02 00:00:00, 5.0
16.0, 18.0, 230.0, 49.0, 1980-05-03 00:00:00, 0.0
18.0, 21.5, 230.0, 43.0, 1980-05-04 00:00:00, 0.0
8.0, 18.0, 270.0, 57.0, 1980-05-05 00:00:00, 0.0
15.0, 11.5, 230.0, 73.0, 1980-05-06 00:00:00, 8.0
16.0, 15.0, 230.0, 57.0, 1980-05-07 00:00:00, 0.0
14.0, 12.0, 320.0, 89.0, 1980-05-08 00:00:00, 0.0
12.0, 13.0, 0.0, 69.0, 1980-05-09 00:00:00, 5.0
15.0, 20.5, 230.0, 56.0, 1980-05-10 00:00:00, 0.0
25.0, 18.0, 230.0, 65.0, 1980-05-11 00:00:00, 0.0
12.0, 10.5, 230.0, 83.0, 1980-05-12 00:00:00, 1.0
10.0, 12.5, 270.0, 68.0, 1980-05-13 00:00:00, 0.0
12.0, 11.0, 270.0, 78.0, 1980-05-14 00:00:00, 2.0
18.0, 12.0, 180.0, 68.0, 1980-05-15 00:00:00, 0.0
24.0, 15.5, 230.0, 62.0, 1980-05-16 00:00:00, 0.0
22.0, 17.5, 230.0, 60.0, 1980-05-17 00:00:00, 0.0
20.0, 18.0, 230.0, 61.0, 1980-05-18 00:00:00, 0.0
16.0, 9.0, 270.0, 94.0, 1980-05-19 00:00:00, 5.0
12.0, 11.5, 230.0, 99.0, 1980-05-20 00:00:00, 32.0
16.0, 12.0, 230.0, 63.0, 1980-05-21 00:00:00, 2.5
0.0, 8.0, 0.0, 94.0, 1980-05-22 00:00:00, 12.0
23.0, 14.0, 180.0, 61.0, 1980-05-23 00:00:00, 0.0
24.0, 15.0, 180.0, 62.0, 1980-05-24 00:00:00, 0.0
18.0, 13.0, 230.0, 84.0, 1980-05-25 00:00:00, 0.0
26.0, 11.0, 140.0, 83.0, 1980-05-26 00:00:00, 0.0
12.0, 13.0, 230.0, 84.0, 1980-05-27 00:00:00, 5.0
5.0, 16.5, 230.0, 63.0, 1980-05-28 00:00:00, 0.0
10.0, 17.0, 230.0, 60.0, 1980-05-29 00:00:00, 0.0
12.0, 17.5, 230.0, 60.0, 1980-05-30 00:00:00, 0.0
5.0, 15.0, 40.0, 76.0, 1980-05-31 00:00:00, 0.0
25.0, 15.5, 230.0, 58.0, 1980-06-01 00:00:00, 5.0
8.0, 12.0, 180.0, 68.0, 1980-06-02 00:00:00, 0.0
10.0, 10.5, 140.0, 88.0, 1980-06-03 00:00:00, 0.0
10.0, 10.5, 270.0, 94.0, 1980-06-04 00:00:00, 3.5
9.0, 11.0, 230.0, 94.0, 1980-06-05 00:00:00, 0.3
5.0, 15.0, 40.0, 80.0, 1980-06-06 00:00:00, 0.0
8.0, 16.0, 230.0, 76.0, 1980-06-07 00:00:00, 2.0
6.0, 13.5, 270.0, 99.0, 1980-06-08 00:00:00, 12.0
12.0, 13.0, 140.0, 79.0, 1980-06-09 00:00:00, 12.5
5.0, 12.0, 270.0, 89.0, 1980-06-10 00:00:00, 3.5
18.0, 15.5, 230.0, 71.0, 1980-06-11 00:00:00, 0.0
34.0, 13.5, 230.0, 84.0, 1980-06-12 00:00:00, 0.0
26.0, 12.5, 230.0, 89.0, 1980-06-13 00:00:00, 0.1
24.0, 14.0, 230.0, 80.0, 1980-06-14 00:00:00, 0.0
16.0, 13.5, 230.0, 84.0, 1980-06-15 00:00:00, 0.5
14.0, 13.5, 230.0, 79.0, 1980-06-16 00:00:00, 0.0
32.0, 15.5, 230.0, 67.0, 1980-06-17 00:00:00, 0.0
20.0, 18.0, 230.0, 61.0, 1980-06-18 00:00:00, 0.0
24.0, 18.0, 230.0, 65.0, 1980-06-19 00:00:00, 0.0
14.0, 18.0, 230.0, 65.0, 1980-06-20 00:00:00, 0.0
22.0, 18.5, 230.0, 61.0, 1980-06-21 00:00:00, 0.0
6.0, 14.0, 320.0, 80.0, 1980-06-22 00:00:00, 0.0
10.0, 16.0, 270.0, 72.0, 1980-06-23 00:00:00, 0.0
8.0, 18.0, 90.0, 61.0, 1980-06-24 00:00:00, 1.5
6.0, 12.5, 230.0, 95.0, 1980-06-25 00:00:00, 12.0
12.0, 11.5, 230.0, 94.0, 1980-06-26 00:00:00, 16.2
25.0, 14.0, 230.0, 85.0, 1980-06-27 00:00:00, 11.0
10.0, 14.0, 270.0, 75.0, 1980-06-28 00:00:00, 0.0
12.0, 18.0, 230.0, 57.0, 1980-06-29 00:00:00, 0.0
24.0, 20.5, 230.0, 63.0, 1980-06-30 00:00:00, 0.0
28.0, 18.0, 230.0, 65.0, 1980-07-01 00:00:00, 0.0
5.0, 12.5, 90.0, 95.0, 1980-07-02 00:00:00, 0.0
7.0, 12.0, 230.0, 99.0, 1980-07-03 00:00:00, 82.0
14.0, 12.0, 230.0, 89.0, 1980-07-04 00:00:00, 27.5
16.0, 12.0, 230.0, 78.0, 1980-07-05 00:00:00, 7.0
15.0, 20.0, 230.0, 83.0, 1980-07-06 00:00:00, 0.0
16.0, 22.5, 230.0, 80.0, 1980-07-07 00:00:00, 3.0
20.0, 18.0, 230.0, 82.0, 1980-07-08 00:00:00, 0.0
15.0, 18.0, 230.0, 73.0, 1980-07-09 00:00:00, 0.0
26.0, 13.0, 180.0, 89.0, 1980-07-10 00:00:00, 0.1
15.0, 18.5, 230.0, 74.0, 1980-07-11 00:00:00, 25.0
24.0, 19.0, 230.0, 82.0, 1980-07-12 00:00:00, 0.0
10.0, 15.0, 180.0, 90.0, 1980-07-13 00:00:00, 0.0
17.0, 17.5, 140.0, 69.0, 1980-07-14 00:00:00, 1.3
14.0, 13.5, 230.0, 99.0, 1980-07-15 00:00:00, 5.0
17.0, 15.0, 230.0, 80.0, 1980-07-16 00:00:00, 1.5
20.0, 21.0, 230.0, 64.0, 1980-07-17 00:00:00, 0.0
20.0, 17.5, 230.0, 77.0, 1980-07-18 00:00:00, 0.0
15.0, 16.0, 230.0, 86.0, 1980-07-19 00:00:00, 2.1
17.0, 22.0, 40.0, 66.0, 1980-07-20 00:00:00, 0.0
12.0, 30.0, 0.0, 40.0, 1980-07-21 00:00:00, 0.0
5.0, 19.5, 40.0, 70.0, 1980-07-22 00:00:00, 0.0
25.0, 17.0, 230.0, 72.0, 1980-07-23 00:00:00, 0.0
22.0, 22.0, 230.0, 57.0, 1980-07-24 00:00:00, 0.0
30.0, 20.0, 230.0, 71.0, 1980-07-25 00:00:00, 0.0
6.0, 23.0, 270.0, 62.0, 1980-07-26 00:00:00, 0.0
25.0, 22.0, 230.0, 61.0, 1980-07-27 00:00:00, 0.0
28.0, 21.0, 230.0, 53.0, 1980-07-28 00:00:00, 0.0
26.0, 20.0, 230.0, 59.0, 1980-07-29 00:00:00, 0.0
15.0, 21.0, 270.0, 60.0, 1980-07-30 00:00:00, 0.0
35.0, 18.0, 230.0, 73.0, 1980-07-31 00:00:00, 0.0
30.0, 14.0, 230.0, 0.0, 1980-08-01 00:00:00, 2.5
16.0, 15.0, 230.0, 90.0, 1980-08-02 00:00:00, 2.0
23.0, 19.0, 230.0, 66.0, 1980-08-03 00:00:00, 0.0
22.0, 18.0, 230.0, 65.0, 1980-08-04 00:00:00, 0.0
12.0, 20.0, 230.0, 63.0, 1980-08-05 00:00:00, 0.0
26.0, 18.5, 230.0, 65.0, 1980-08-06 00:00:00, 0.0
26.0, 23.3, 230.0, 62.0, 1980-08-07 00:00:00, 0.0
32.0, 26.5, 230.0, 35.0, 1980-08-08 00:00:00, 0.0
12.0, 25.0, 230.0, 51.0, 1980-08-09 00:00:00, 0.0
14.0, 29.0, 230.0, 41.0, 1980-08-10 00:00:00, 0.0
12.0, 22.0, 0.0, 61.0, 1980-08-11 00:00:00, 0.0
10.0, 17.0, 230.0, 72.0, 1980-08-12 00:00:00, 0.0
8.0, 17.0, 270.0, 81.0, 1980-08-13 00:00:00, 0.0
24.0, 16.0, 270.0, 76.0, 1980-08-14 00:00:00, 0.0
20.0, 18.0, 230.0, 73.0, 1980-08-15 00:00:00, 0.0
16.0, 18.0, 230.0, 73.0, 1980-08-16 00:00:00, 0.0
35.0, 14.0, 230.0, 99.0, 1980-08-17 00:00:00, 23.0
15.0, 20.0, 270.0, 67.0, 1980-08-18 00:00:00, 4.0
18.0, 17.0, 270.0, 72.0, 1980-08-19 00:00:00, 0.0
14.0, 17.5, 230.0, 73.0, 1980-08-20 00:00:00, 0.0
23.0, 20.0, 230.0, 63.0, 1980-08-21 00:00:00, 0.0
5.0, 16.5, 230.0, 76.0, 1980-08-22 00:00:00, 0.0
12.0, 16.0, 230.0, 85.0, 1980-08-23 00:00:00, 0.5
8.0, 21.0, 320.0, 43.0, 1980-08-24 00:00:00, 0.0
25.0, 19.0, 230.0, 66.0, 1980-08-25 00:00:00, 0.0
10.0, 14.0, 230.0, 95.0, 1980-08-26 00:00:00, 15.0
20.0, 12.5, 270.0, 95.0, 1980-08-27 00:00:00, 5.0
10.0, 16.0, 230.0, 67.0, 1980-08-28 00:00:00, 0.0
8.0, 16.0, 320.0, 54.0, 1980-08-29 00:00:00, 0.0
12.0, 15.5, 270.0, 85.0, 1980-08-30 00:00:00, 0.5
12.0, 14.0, 230.0, 85.0, 1980-08-31 00:00:00, 0.0
25.0, 12.5, 0.0, 99.0, 1980-09-01 00:00:00, 45.0
20.0, 13.5, 230.0, 84.0, 1980-09-02 00:00:00, 5.0
5.0, 14.0, 180.0, 80.0, 1980-09-03 00:00:00, 0.0
0.0, 14.0, 0.0, 90.0, 1980-09-04 00:00:00, 5.0
0.0, 16.0, 0.0, 85.0, 1980-09-05 00:00:00, 0.0
15.0, 14.0, 230.0, 99.0, 1980-09-06 00:00:00, 35.0
12.0, 18.0, 0.0, 73.0, 1980-09-07 00:00:00, 15.0
15.0, 21.0, 230.0, 60.0, 1980-09-08 00:00:00, 0.0
14.0, 24.0, 230.0, 47.0, 1980-09-09 00:00:00, 0.0
16.0, 23.0, 230.0, 43.0, 1980-09-10 00:00:00, 0.0
24.0, 17.0, 230.0, 72.0, 1980-09-11 00:00:00, 0.0
14.0, 18.0, 270.0, 65.0, 1980-09-12 00:00:00, 0.0
28.0, 21.0, 40.0, 39.0, 1980-09-13 00:00:00, 0.0
24.0, 25.0, 230.0, 42.0, 1980-09-14 00:00:00, 0.0
20.0, 23.0, 230.0, 49.0, 1980-09-15 00:00:00, 0.0
18.0, 18.0, 230.0, 73.0, 1980-09-16 00:00:00, 0.0
12.0, 16.0, 230.0, 72.0, 1980-09-17 00:00:00, 0.0
5.0, 14.0, 180.0, 85.0, 1980-09-18 00:00:00, 0.0
26.0, 12.0, 230.0, 99.0, 1980-09-19 00:00:00, 15.0
22.0, 13.5, 230.0, 84.0, 1980-09-20 00:00:00, 7.5
20.0, 16.0, 230.0, 72.0, 1980-09-21 00:00:00, 0.0
5.0, 14.0, 0.0, 95.0, 1980-09-22 00:00:00, 4.0
6.0, 13.0, 40.0, 95.0, 1980-09-23 00:00:00, 1.5
10.0, 19.0, 320.0, 66.0, 1980-09-24 00:00:00, 0.0
16.0, 20.0, 0.0, 55.0, 1980-09-25 00:00:00, 0.0
10.0, 23.0, 0.0, 49.0, 1980-09-26 00:00:00, 0.0
8.0, 15.0, 40.0, 80.0, 1980-09-27 00:00:00, 0.0
25.0, 13.0, 180.0, 95.0, 1980-09-28 00:00:00, 15.0
28.0, 14.0, 270.0, 99.0, 1980-09-29 00:00:00, 13.0
10.0, 14.5, 180.0, 85.0, 1980-09-30 00:00:00, 5.0
26.0, 9.5, 230.0, 76.0, 1981-05-01 00:00:00, 12.0
10.0, 8.0, 270.0, 94.0, 1981-05-02 00:00:00, 20.0
12.0, 7.0, 230.0, 87.0, 1981-05-03 00:00:00, 22.0
5.0, 7.0, 180.0, 87.0, 1981-05-04 00:00:00, 8.0
8.0, 10.0, 230.0, 77.0, 1981-05-05 00:00:00, 2.0
5.0, 10.0, 270.0, 88.0, 1981-05-06 00:00:00, 1.0
10.0, 8.0, 230.0, 87.0, 1981-05-07 00:00:00, 5.0
0.0, 12.5, 0.0, 74.0, 1981-05-08 00:00:00, 0.0
28.0, 11.5, 230.0, 62.0, 1981-05-09 00:00:00, 2.5
16.0, 12.5, 230.0, 68.0, 1981-05-10 00:00:00, 0.0
22.0, 14.5, 230.0, 61.0, 1981-05-11 00:00:00, 0.0
20.0, 17.0, 230.0, 64.0, 1981-05-12 00:00:00, 0.0
5.0, 15.5, 40.0, 67.0, 1981-05-13 00:00:00, 0.0
15.0, 10.5, 230.0, 83.0, 1981-05-14 00:00:00, 1.0
15.0, 14.5, 230.0, 57.0, 1981-05-15 00:00:00, 0.0
14.0, 13.5, 230.0, 55.0, 1981-05-16 00:00:00, 0.0
10.0, 11.5, 230.0, 83.0, 1981-05-17 00:00:00, 7.6
14.0, 15.0, 230.0, 80.0, 1981-05-18 00:00:00, 3.8
10.0, 13.0, 230.0, 84.0, 1981-05-19 00:00:00, 11.0
20.0, 13.5, 230.0, 84.0, 1981-05-20 00:00:00, 0.0
5.0, 12.5, 230.0, 68.0, 1981-05-21 00:00:00, 0.0
0.0, 17.0, 0.0, 64.0, 1981-05-22 00:00:00, 0.0
10.0, 18.0, 270.0, 57.0, 1981-05-23 00:00:00, 0.0
20.0, 15.5, 270.0, 80.0, 1981-05-24 00:00:00, 18.0
12.0, 14.0, 230.0, 70.0, 1981-05-25 00:00:00, 15.0
8.0, 12.5, 230.0, 79.0, 1981-05-26 00:00:00, 2.0
15.0, 16.5, 230.0, 63.0, 1981-05-27 00:00:00, 0.0
8.0, 22.5, 230.0, 38.0, 1981-05-28 00:00:00, 0.0
10.0, 15.0, 270.0, 80.0, 1981-05-29 00:00:00, 0.0
12.0, 13.0, 270.0, 79.0, 1981-05-30 00:00:00, 2.0
18.0, 17.0, 230.0, 56.0, 1981-05-31 00:00:00, 0.0
24.0, 15.5, 230.0, 62.0, 1981-06-01 00:00:00, 0.0
12.0, 14.0, 180.0, 80.0, 1981-06-02 00:00:00, 1.0
15.0, 12.5, 270.0, 84.0, 1981-06-03 00:00:00, 30.0
0.0, 12.5, 0.0, 95.0, 1981-06-04 00:00:00, 9.5
15.0, 12.5, 140.0, 89.0, 1981-06-05 00:00:00, 26.0
18.0, 11.5, 230.0, 78.0, 1981-06-06 00:00:00, 7.5
16.0, 14.0, 230.0, 66.0, 1981-06-07 00:00:00, 0.0
8.0, 13.5, 40.0, 69.0, 1981-06-08 00:00:00, 0.0
2.0, 14.0, 180.0, 95.0, 1981-06-09 00:00:00, 12.0
3.0, 10.5, 140.0, 94.0, 1981-06-10 00:00:00, 20.0
0.0, 15.0, 0.0, 53.0, 1981-06-11 00:00:00, 2.5
20.0, 16.0, 230.0, 54.0, 1981-06-12 00:00:00, 0.0
18.0, 14.5, 230.0, 66.0, 1981-06-13 00:00:00, 0.0
15.0, 17.5, 230.0, 56.0, 1981-06-14 00:00:00, 0.0
8.0, 11.0, 140.0, 94.0, 1981-06-15 00:00:00, 2.0
24.0, 13.0, 230.0, 69.0, 1981-06-16 00:00:00, 13.0
20.0, 12.5, 180.0, 74.0, 1981-06-17 00:00:00, 22.0
20.0, 11.5, 230.0, 89.0, 1981-06-18 00:00:00, 28.0
18.0, 13.0, 230.0, 84.0, 1981-06-19 00:00:00, 12.0
10.0, 12.5, 270.0, 84.0, 1981-06-20 00:00:00, 11.0
5.0, 11.0, 180.0, 89.0, 1981-06-21 00:00:00, 7.5
16.0, 12.5, 230.0, 79.0, 1981-06-22 00:00:00, 11.0
5.0, 15.0, 230.0, 71.0, 1981-06-23 00:00:00, 22.0
16.0, 20.0, 180.0, 52.0, 1981-06-24 00:00:00, 0.0
26.0, 19.0, 230.0, 58.0, 1981-06-25 00:00:00, 0.0
20.0, 19.0, 180.0, 54.0, 1981-06-26 00:00:00, 0.0
22.0, 19.0, 230.0, 62.0, 1981-06-27 00:00:00, 0.0
15.0, 14.0, 270.0, 80.0, 1981-06-28 00:00:00, 0.0
16.0, 15.0, 230.0, 90.0, 1981-06-29 00:00:00, 10.0
16.0, 12.5, 230.0, 95.0, 1981-06-30 00:00:00, 5.0
12.0, 16.0, 230.0, 76.0, 1981-07-01 00:00:00, 1.0
18.0, 22.0, 230.0, 61.0, 1981-07-02 00:00:00, 0.0
24.0, 21.5, 230.0, 61.0, 1981-07-03 00:00:00, 0.0
26.0, 22.0, 230.0, 55.0, 1981-07-04 00:00:00, 0.0
29.0, 18.0, 230.0, 57.0, 1981-07-05 00:00:00, 0.0
25.0, 15.5, 230.0, 28.0, 1981-07-06 00:00:00, 0.0
20.0, 15.5, 230.0, 62.0, 1981-07-07 00:00:00, 0.0
0.0, 14.5, 0.0, 66.0, 1981-07-08 00:00:00, 4.0
22.0, 17.5, 230.0, 64.0, 1981-07-09 00:00:00, 1.0
0.0, 12.0, 0.0, 94.0, 1981-07-10 00:00:00, 20.0
10.0, 17.5, 230.0, 64.0, 1981-07-11 00:00:00, 13.0
30.0, 19.0, 230.0, 62.0, 1981-07-12 00:00:00, 0.0
12.0, 15.0, 230.0, 80.0, 1981-07-13 00:00:00, 0.0
14.0, 14.0, 230.0, 85.0, 1981-07-14 00:00:00, 0.0
14.0, 23.0, 230.0, 58.0, 1981-07-15 00:00:00, 0.0
14.0, 23.5, 230.0, 62.0, 1981-07-16 00:00:00, 0.0
10.0, 19.0, 320.0, 74.0, 1981-07-17 00:00:00, 0.0
20.0, 16.5, 230.0, 81.0, 1981-07-18 00:00:00, 21.0
15.0, 16.5, 230.0, 86.0, 1981-07-19 00:00:00, 2.5
10.0, 15.0, 230.0, 90.0, 1981-07-20 00:00:00, 0.0
12.0, 17.5, 230.0, 77.0, 1981-07-21 00:00:00, 0.0
12.0, 16.5, 230.0, 81.0, 1981-07-22 00:00:00, 0.0
20.0, 20.0, 230.0, 71.0, 1981-07-23 00:00:00, 0.0
14.0, 21.5, 230.0, 61.0, 1981-07-24 00:00:00, 0.0
12.0, 26.0, 230.0, 58.0, 1981-07-25 00:00:00, 0.0
18.0, 27.5, 230.0, 56.0, 1981-07-26 00:00:00, 0.0
23.0, 27.5, 230.0, 50.0, 1981-07-27 00:00:00, 0.0
11.0, 14.5, 230.0, 80.0, 1981-07-28 00:00:00, 0.0
12.0, 19.0, 230.0, 66.0, 1981-07-29 00:00:00, 0.0
6.0, 15.5, 230.0, 80.0, 1981-07-30 00:00:00, 0.0
12.0, 20.5, 230.0, 67.0, 1981-07-31 00:00:00, 0.0
20.0, 18.5, 230.0, 69.0, 1981-08-01 00:00:00, 0.0
12.0, 17.0, 230.0, 72.0, 1981-08-02 00:00:00, 0.0
12.0, 15.0, 230.0, 80.0, 1981-08-03 00:00:00, 0.0
20.0, 18.5, 230.0, 65.0, 1981-08-04 00:00:00, 0.0
22.0, 24.5, 230.0, 57.0, 1981-08-05 00:00:00, 0.0
13.0, 30.0, 230.0, 45.0, 1981-08-06 00:00:00, 0.0
12.0, 33.0, 230.0, 38.0, 1981-08-07 00:00:00, 0.0
12.0, 35.0, 230.0, 36.0, 1981-08-08 00:00:00, 0.0
14.0, 35.0, 270.0, 38.0, 1981-08-09 00:00:00, 0.0
12.0, 35.0, 230.0, 40.0, 1981-08-10 00:00:00, 0.0
12.0, 30.5, 230.0, 51.0, 1981-08-11 00:00:00, 0.0
12.0, 25.0, 230.0, 64.0, 1981-08-12 00:00:00, 0.0
0.0, 22.0, 0.0, 68.0, 1981-08-13 00:00:00, 0.0
13.0, 21.0, 230.0, 67.0, 1981-08-14 00:00:00, 0.0
12.0, 23.0, 230.0, 62.0, 1981-08-15 00:00:00, 0.0
12.0, 19.0, 230.0, 62.0, 1981-08-16 00:00:00, 0.0
12.0, 25.0, 230.0, 57.0, 1981-08-17 00:00:00, 0.0
10.0, 24.0, 230.0, 56.0, 1981-08-18 00:00:00, 0.0
10.0, 17.0, 230.0, 72.0, 1981-08-19 00:00:00, 0.0
5.0, 15.5, 270.0, 76.0, 1981-08-20 00:00:00, 0.0
10.0, 19.0, 230.0, 58.0, 1981-08-21 00:00:00, 0.0
22.0, 22.5, 230.0, 58.0, 1981-08-22 00:00:00, 0.0
12.0, 20.0, 230.0, 45.0, 1981-08-23 00:00:00, 0.0
10.0, 18.0, 0.0, 69.0, 1981-08-24 00:00:00, 0.1
0.0, 14.0, 0.0, 85.0, 1981-08-25 00:00:00, 6.0
0.0, 19.0, 0.0, 62.0, 1981-08-26 00:00:00, 1.5
28.0, 14.0, 230.0, 85.0, 1981-08-27 00:00:00, 8.0
0.0, 17.0, 0.0, 81.0, 1981-08-28 00:00:00, 2.5
20.0, 15.0, 270.0, 90.0, 1981-08-29 00:00:00, 5.0
20.0, 15.0, 270.0, 80.0, 1981-08-30 00:00:00, 5.0
25.0, 13.0, 270.0, 99.0, 1981-08-31 00:00:00, 5.0
26.0, 16.0, 230.0, 81.0, 1981-09-01 00:00:00, 25.0
18.0, 21.0, 230.0, 64.0, 1981-09-02 00:00:00, 0.0
12.0, 15.0, 230.0, 90.0, 1981-09-03 00:00:00, 0.0
10.0, 16.5, 230.0, 76.0, 1981-09-04 00:00:00, 0.0
18.0, 20.0, 230.0, 67.0, 1981-09-05 00:00:00, 0.0
16.0, 24.0, 40.0, 50.0, 1981-09-06 00:00:00, 0.0
10.0, 30.0, 270.0, 40.0, 1981-09-07 00:00:00, 0.0
10.0, 22.0, 230.0, 65.0, 1981-09-08 00:00:00, 0.0
6.0, 14.0, 320.0, 99.0, 1981-09-09 00:00:00, 5.0
12.0, 17.0, 230.0, 81.0, 1981-09-10 00:00:00, 0.1
12.0, 21.0, 230.0, 67.0, 1981-09-11 00:00:00, 0.0
16.0, 22.0, 230.0, 54.0, 1981-09-12 00:00:00, 0.0
15.0, 23.0, 230.0, 49.0, 1981-09-13 00:00:00, 0.0
5.0, 26.0, 230.0, 40.0, 1981-09-14 00:00:00, 0.0
5.0, 30.0, 230.0, 37.0, 1981-09-15 00:00:00, 0.0
5.0, 21.5, 230.0, 68.0, 1981-09-16 00:00:00, 0.0
5.0, 17.0, 230.0, 77.0, 1981-09-17 00:00:00, 0.0
3.0, 15.0, 140.0, 99.0, 1981-09-18 00:00:00, 2.5
22.0, 14.0, 230.0, 70.0, 1981-09-19 00:00:00, 10.0
20.0, 11.0, 40.0, 89.0, 1981-09-20 00:00:00, 2.0
12.0, 10.5, 230.0, 99.0, 1981-09-21 00:00:00, 99.9
8.0, 11.5, 270.0, 89.0, 1981-09-22 00:00:00, 16.0
18.0, 11.5, 40.0, 78.0, 1981-09-23 00:00:00, 5.0
0.0, 13.5, 0.0, 69.0, 1981-09-24 00:00:00, 14.0
0.0, 13.0, 0.0, 79.0, 1981-09-25 00:00:00, 2.0
32.0, 14.5, 40.0, 52.0, 1981-09-26 00:00:00, 0.0
25.0, 13.0, 180.0, 89.0, 1981-09-27 00:00:00, 29.0
18.0, 13.0, 230.0, 84.0, 1981-09-28 00:00:00, 25.0
10.0, 11.5, 230.0, 83.0, 1981-09-29 00:00:00, 0.0
35.0, 13.0, 230.0, 95.0, 1981-09-30 00:00:00, 32.0
11.0, 9.2, 180.0, 99.0, 1982-05-01 00:00:00, 6.0
16.0, 5.5, 230.0, 99.0, 1982-05-02 00:00:00, 20.8
20.0, 9.0, 230.0, 79.0, 1982-05-03 00:00:00, 10.0
18.0, 13.0, 230.0, 79.0, 1982-05-04 00:00:00, 5.0
18.0, 13.5, 230.0, 86.0, 1982-05-05 00:00:00, 0.0
21.0, 12.0, 230.0, 80.0, 1982-05-06 00:00:00, 0.0
19.0, 13.8, 230.0, 75.0, 1982-05-07 00:00:00, 2.2
17.0, 14.9, 230.0, 63.0, 1982-05-08 00:00:00, 0.0
16.0, 15.2, 230.0, 76.0, 1982-05-09 00:00:00, 0.0
21.0, 14.5, 230.0, 77.0, 1982-05-10 00:00:00, 0.0
7.0, 11.9, 230.0, 83.0, 1982-05-11 00:00:00, 0.0
18.0, 10.9, 230.0, 93.0, 1982-05-12 00:00:00, 1.7
9.0, 10.0, 230.0, 98.0, 1982-05-13 00:00:00, 0.0
5.0, 10.5, 270.0, 95.0, 1982-05-14 00:00:00, 2.2
13.0, 16.2, 230.0, 69.0, 1982-05-15 00:00:00, 0.0
7.0, 12.0, 230.0, 97.0, 1982-05-16 00:00:00, 0.5
19.0, 10.8, 230.0, 91.0, 1982-05-17 00:00:00, 8.0
15.0, 10.6, 230.0, 83.0, 1982-05-18 00:00:00, 0.0
15.0, 15.7, 230.0, 71.0, 1982-05-19 00:00:00, 0.0
7.0, 16.4, 90.0, 35.0, 1982-05-20 00:00:00, 0.0
17.0, 14.8, 230.0, 85.0, 1982-05-21 00:00:00, 0.0
9.0, 13.0, 230.0, 83.0, 1982-05-22 00:00:00, 0.7
15.0, 14.2, 230.0, 79.0, 1982-05-23 00:00:00, 0.5
19.0, 22.0, 230.0, 67.0, 1982-05-24 00:00:00, 0.0
18.0, 15.0, 230.0, 66.0, 1982-05-25 00:00:00, 0.0
8.0, 17.0, 40.0, 48.0, 1982-05-26 00:00:00, 0.0
22.0, 20.7, 230.0, 53.0, 1982-05-27 00:00:00, 0.0
18.0, 20.5, 230.0, 56.0, 1982-05-28 00:00:00, 0.0
13.0, 22.7, 230.0, 45.0, 1982-05-29 00:00:00, 0.0
14.0, 19.8, 230.0, 67.0, 1982-05-30 00:00:00, 0.0
12.0, 19.5, 270.0, 58.0, 1982-05-31 00:00:00, 0.0
9.0, 10.7, 270.0, 90.0, 1982-06-01 00:00:00, 0.0
8.0, 10.7, 230.0, 98.0, 1982-06-02 00:00:00, 3.3
20.0, 14.8, 230.0, 81.0, 1982-06-03 00:00:00, 0.0
18.0, 12.3, 230.0, 91.0, 1982-06-04 00:00:00, 0.0
14.0, 12.6, 230.0, 95.0, 1982-06-05 00:00:00, 3.0
14.0, 17.7, 230.0, 70.0, 1982-06-06 00:00:00, 0.0
13.0, 16.7, 230.0, 80.0, 1982-06-07 00:00:00, 0.0
12.0, 15.7, 270.0, 90.0, 1982-06-08 00:00:00, 0.0
16.0, 22.0, 230.0, 59.0, 1982-06-09 00:00:00, 0.0
18.0, 24.3, 230.0, 49.0, 1982-06-10 00:00:00, 0.0
10.0, 23.5, 270.0, 59.0, 1982-06-11 00:00:00, 0.0
11.0, 21.4, 230.0, 72.0, 1982-06-12 00:00:00, 0.0
4.0, 14.8, 320.0, 95.0, 1982-06-13 00:00:00, 0.0
19.0, 19.9, 230.0, 78.0, 1982-06-14 00:00:00, 0.0
19.0, 21.8, 230.0, 73.0, 1982-06-15 00:00:00, 0.0
17.0, 23.0, 230.0, 65.0, 1982-06-16 00:00:00, 0.0
13.0, 27.5, 270.0, 50.0, 1982-06-17 00:00:00, 0.0
12.0, 34.1, 230.0, 28.0, 1982-06-18 00:00:00, 0.0
12.0, 26.2, 270.0, 58.0, 1982-06-19 00:00:00, 0.0
14.0, 22.6, 230.0, 72.0, 1982-06-20 00:00:00, 0.0
17.0, 19.0, 230.0, 79.0, 1982-06-21 00:00:00, 0.0
16.0, 19.5, 230.0, 76.0, 1982-06-22 00:00:00, 0.0
12.0, 22.8, 270.0, 67.0, 1982-06-23 00:00:00, 0.0
23.0, 29.2, 140.0, 38.0, 1982-06-24 00:00:00, 0.0
5.0, 15.6, 230.0, 94.0, 1982-06-25 00:00:00, 0.0
5.0, 15.7, 230.0, 99.0, 1982-06-26 00:00:00, 38.0
0.0, 14.0, 0.0, 99.0, 1982-06-27 00:00:00, 18.0
0.0, 18.0, 0.0, 94.0, 1982-06-28 00:00:00, 23.3
0.0, 22.3, 0.0, 85.0, 1982-06-29 00:00:00, 0.0
0.0, 16.2, 0.0, 93.0, 1982-06-30 00:00:00, 0.0
0.0, 13.6, 0.0, 99.0, 1982-07-01 00:00:00, 0.0
0.0, 15.7, 0.0, 98.0, 1982-07-02 00:00:00, 6.1
0.0, 12.1, 0.0, 99.0, 1982-07-03 00:00:00, 22.0
0.0, 14.5, 0.0, 92.0, 1982-07-04 00:00:00, 2.0
8.0, 14.4, 230.0, 89.0, 1982-07-05 00:00:00, 10.0
0.0, 14.4, 0.0, 89.0, 1982-07-06 00:00:00, 9.6
8.0, 16.5, 230.0, 79.0, 1982-07-07 00:00:00, 0.0
7.0, 17.2, 230.0, 68.0, 1982-07-08 00:00:00, 0.0
16.0, 21.3, 230.0, 35.0, 1982-07-09 00:00:00, 0.0
15.0, 19.5, 230.0, 79.0, 1982-07-10 00:00:00, 0.0
16.0, 18.5, 230.0, 73.0, 1982-07-11 00:00:00, 0.0
22.0, 21.4, 230.0, 70.0, 1982-07-12 00:00:00, 0.0
4.0, 15.1, 40.0, 99.0, 1982-07-13 00:00:00, 3.8
19.0, 13.1, 270.0, 90.0, 1982-07-14 00:00:00, 13.9
0.0, 16.6, 0.0, 83.0, 1982-07-15 00:00:00, 1.7
11.0, 16.6, 230.0, 93.0, 1982-07-16 00:00:00, 0.0
21.0, 19.5, 270.0, 75.0, 1982-07-17 00:00:00, 0.0
12.0, 20.4, 230.0, 86.0, 1982-07-18 00:00:00, 0.0
15.0, 17.4, 270.0, 86.0, 1982-07-19 00:00:00, 0.7
14.0, 15.7, 230.0, 79.0, 1982-07-20 00:00:00, 0.0
17.0, 14.4, 270.0, 85.0, 1982-07-21 00:00:00, 0.2
22.0, 17.6, 270.0, 80.0, 1982-07-22 00:00:00, 0.0
18.0, 21.9, 230.0, 69.0, 1982-07-23 00:00:00, 0.0
17.0, 24.5, 230.0, 64.0, 1982-07-24 00:00:00, 0.0
12.0, 24.4, 270.0, 66.0, 1982-07-25 00:00:00, 0.0
11.0, 24.4, 230.0, 74.0, 1982-07-26 00:00:00, 0.2
11.0, 22.1, 270.0, 79.0, 1982-07-27 00:00:00, 0.0
16.0, 17.2, 230.0, 95.0, 1982-07-28 00:00:00, 0.0
19.0, 15.7, 230.0, 99.0, 1982-07-29 00:00:00, 7.3
17.0, 13.9, 270.0, 99.0, 1982-07-30 00:00:00, 0.0
1.0, 13.6, 270.0, 99.0, 1982-07-31 00:00:00, 0.5
13.0, 14.9, 270.0, 95.0, 1982-08-01 00:00:00, 0.2
6.0, 15.7, 230.0, 96.0, 1982-08-02 00:00:00, 7.8
10.0, 14.9, 270.0, 86.0, 1982-08-03 00:00:00, 0.7
14.0, 16.1, 230.0, 82.0, 1982-08-04 00:00:00, 0.0
9.0, 13.9, 90.0, 89.0, 1982-08-05 00:00:00, 0.2
6.0, 22.0, 0.0, 87.0, 1982-08-06 00:00:00, 14.7
11.0, 27.1, 230.0, 61.0, 1982-08-07 00:00:00, 0.0
13.0, 18.3, 230.0, 96.0, 1982-08-08 00:00:00, 0.0
6.0, 15.4, 230.0, 98.0, 1982-08-09 00:00:00, 0.2
10.0, 14.5, 320.0, 97.0, 1982-08-10 00:00:00, 0.0
22.0, 17.4, 270.0, 87.0, 1982-08-11 00:00:00, 5.8
9.0, 13.5, 230.0, 98.0, 1982-08-12 00:00:00, 1.2
16.0, 14.0, 320.0, 95.0, 1982-08-13 00:00:00, 18.0
15.0, 16.2, 270.0, 90.0, 1982-08-14 00:00:00, 0.2
20.0, 18.3, 270.0, 85.0, 1982-08-15 00:00:00, 0.0
14.0, 20.6, 270.0, 66.0, 1982-08-16 00:00:00, 0.0
17.0, 20.1, 270.0, 66.0, 1982-08-17 00:00:00, 0.2
14.0, 22.3, 230.0, 62.0, 1982-08-18 00:00:00, 0.0
12.0, 24.8, 230.0, 52.0, 1982-08-19 00:00:00, 0.0
13.0, 25.3, 230.0, 58.0, 1982-08-20 00:00:00, 0.0
18.0, 22.9, 230.0, 73.0, 1982-08-21 00:00:00, 0.0
19.0, 24.3, 230.0, 61.0, 1982-08-22 00:00:00, 0.0
12.0, 27.4, 230.0, 53.0, 1982-08-23 00:00:00, 0.0
8.0, 30.0, 270.0, 41.0, 1982-08-24 00:00:00, 0.0
15.0, 24.4, 270.0, 67.0, 1982-08-25 00:00:00, 0.0
4.0, 16.7, 230.0, 96.0, 1982-08-26 00:00:00, 0.0
5.0, 16.7, 320.0, 98.0, 1982-08-27 00:00:00, 0.0
7.0, 17.5, 40.0, 98.0, 1982-08-28 00:00:00, 3.5
13.0, 17.7, 270.0, 94.0, 1982-08-29 00:00:00, 0.2
2.0, 17.5, 230.0, 94.0, 1982-08-30 00:00:00, 4.8
13.0, 17.4, 230.0, 88.0, 1982-08-31 00:00:00, 0.7
5.0, 24.1, 270.0, 72.0, 1982-09-01 00:00:00, 0.0
12.0, 27.3, 230.0, 65.0, 1982-09-02 00:00:00, 0.0
9.0, 15.9, 270.0, 98.0, 1982-09-03 00:00:00, 0.0
10.0, 16.1, 230.0, 99.0, 1982-09-04 00:00:00, 8.3
5.0, 21.4, 230.0, 83.0, 1982-09-05 00:00:00, 0.0
9.0, 17.7, 270.0, 91.0, 1982-09-06 00:00:00, 0.2
11.0, 16.7, 270.0, 99.0, 1982-09-07 00:00:00, 2.7
10.0, 15.4, 0.0, 98.0, 1982-09-08 00:00:00, 4.5
14.0, 14.2, 270.0, 93.0, 1982-09-09 00:00:00, 42.9
17.0, 15.3, 270.0, 81.0, 1982-09-10 00:00:00, 3.5
19.0, 14.1, 270.0, 99.0, 1982-09-11 00:00:00, 17.2
9.0, 17.0, 40.0, 70.0, 1982-09-12 00:00:00, 0.2
12.0, 20.6, 230.0, 75.0, 1982-09-13 00:00:00, 0.2
12.0, 21.5, 0.0, 43.0, 1982-09-14 00:00:00, 0.0
9.0, 23.1, 230.0, 44.0, 1982-09-15 00:00:00, 0.0
7.0, 24.3, 230.0, 55.0, 1982-09-16 00:00:00, 0.0
6.0, 27.5, 270.0, 39.0, 1982-09-17 00:00:00, 0.0
8.0, 24.0, 230.0, 62.0, 1982-09-18 00:00:00, 0.0
16.0, 19.7, 230.0, 79.0, 1982-09-19 00:00:00, 0.0
5.0, 16.7, 0.0, 96.0, 1982-09-20 00:00:00, 0.0
10.0, 16.0, 230.0, 96.0, 1982-09-21 00:00:00, 0.0
8.0, 20.8, 230.0, 77.0, 1982-09-22 00:00:00, 0.0
5.0, 23.0, 270.0, 68.0, 1982-09-23 00:00:00, 0.0
10.0, 15.5, 270.0, 98.0, 1982-09-24 00:00:00, 0.7
5.0, 13.8, 270.0, 96.0, 1982-09-25 00:00:00, 16.2
8.0, 17.6, 230.0, 80.0, 1982-09-26 00:00:00, 5.8
5.0, 13.7, 320.0, 97.0, 1982-09-27 00:00:00, 0.2
7.0, 15.3, 270.0, 67.0, 1982-09-28 00:00:00, 0.2
9.0, 20.2, 230.0, 49.0, 1982-09-29 00:00:00, 0.0
16.0, 19.4, 230.0, 50.0, 1982-09-30 00:00:00, 0.0
6.0, 10.0, 40.0, 93.0, 1983-05-01 00:00:00, 0.0
4.0, 11.8, 40.0, 96.0, 1983-05-02 00:00:00, 3.5
14.0, 11.5, 40.0, 91.0, 1983-05-03 00:00:00, 3.8
8.0, 12.6, 40.0, 65.0, 1983-05-04 00:00:00, 0.0
11.0, 12.0, 320.0, 79.0, 1983-05-05 00:00:00, 0.0
15.0, 10.9, 320.0, 91.0, 1983-05-06 00:00:00, 8.3
5.0, 7.3, 320.0, 99.0, 1983-05-07 00:00:00, 64.0
9.0, 7.5, 230.0, 99.0, 1983-05-08 00:00:00, 15.7
9.0, 11.4, 320.0, 82.0, 1983-05-09 00:00:00, 2.5
5.0, 15.0, 270.0, 75.0, 1983-05-10 00:00:00, 0.0
5.0, 16.1, 320.0, 77.0, 1983-05-11 00:00:00, 0.0
2.0, 17.7, 320.0, 64.0, 1983-05-12 00:00:00, 0.0
24.0, 16.7, 320.0, 76.0, 1983-05-13 00:00:00, 0.0
4.0, 8.0, 320.0, 99.0, 1983-05-14 00:00:00, 12.9
15.0, 15.8, 320.0, 63.0, 1983-05-15 00:00:00, 14.7
12.0, 11.3, 320.0, 96.0, 1983-05-16 00:00:00, 0.2
1.0, 10.6, 270.0, 99.0, 1983-05-17 00:00:00, 3.0
10.0, 16.6, 270.0, 77.0, 1983-05-18 00:00:00, 2.5
14.0, 18.7, 320.0, 71.0, 1983-05-19 00:00:00, 0.0
14.0, 14.1, 320.0, 93.0, 1983-05-20 00:00:00, 0.0
18.0, 17.8, 320.0, 76.0, 1983-05-21 00:00:00, 0.0
13.0, 22.0, 320.0, 56.0, 1983-05-22 00:00:00, 0.0
13.0, 25.0, 320.0, 44.0, 1983-05-23 00:00:00, 0.0
10.0, 25.5, 320.0, 37.0, 1983-05-24 00:00:00, 0.0
13.0, 14.9, 270.0, 86.0, 1983-05-25 00:00:00, 0.0
19.0, 17.3, 320.0, 64.0, 1983-05-26 00:00:00, 0.0
11.0, 24.3, 320.0, 47.0, 1983-05-27 00:00:00, 0.0
10.0, 34.0, 320.0, 28.0, 1983-05-28 00:00:00, 0.0
15.0, 23.0, 320.0, 64.0, 1983-05-29 00:00:00, 0.0
4.0, 14.8, 320.0, 87.0, 1983-05-30 00:00:00, 0.0
10.0, 16.9, 270.0, 82.0, 1983-05-31 00:00:00, 0.2
7.0, 15.0, 230.0, 89.0, 1983-06-01 00:00:00, 0.0
10.0, 11.9, 320.0, 92.0, 1983-06-02 00:00:00, 0.0
10.0, 13.1, 320.0, 88.0, 1983-06-03 00:00:00, 0.0
12.0, 12.8, 320.0, 83.0, 1983-06-04 00:00:00, 0.0
15.0, 14.4, 320.0, 95.0, 1983-06-05 00:00:00, 6.8
21.0, 16.9, 320.0, 79.0, 1983-06-06 00:00:00, 0.0
16.0, 23.3, 320.0, 58.0, 1983-06-07 00:00:00, 0.0
15.0, 13.6, 270.0, 91.0, 1983-06-08 00:00:00, 0.0
10.0, 12.3, 270.0, 96.0, 1983-06-09 00:00:00, 17.5
18.0, 11.7, 320.0, 94.0, 1983-06-10 00:00:00, 74.9
10.0, 11.3, 90.0, 96.0, 1983-06-11 00:00:00, 22.8
13.0, 15.3, 230.0, 87.0, 1983-06-12 00:00:00, 3.5
17.0, 18.2, 320.0, 59.0, 1983-06-13 00:00:00, 0.2
14.0, 18.3, 320.0, 67.0, 1983-06-14 00:00:00, 0.0
13.0, 12.9, 320.0, 89.0, 1983-06-15 00:00:00, 20.3
7.0, 11.6, 90.0, 94.0, 1983-06-16 00:00:00, 2.7
18.0, 12.6, 320.0, 90.0, 1983-06-17 00:00:00, 19.3
14.0, 22.0, 320.0, 79.0, 1983-06-18 00:00:00, 1.2
15.0, 19.0, 320.0, 86.0, 1983-06-19 00:00:00, 3.3
16.0, 15.3, 320.0, 68.0, 1983-06-20 00:00:00, 0.0
9.0, 15.8, 320.0, 62.0, 1983-06-21 00:00:00, 0.0
18.0, 14.8, 320.0, 77.0, 1983-06-22 00:00:00, 0.0
12.0, 13.7, 230.0, 92.0, 1983-06-23 00:00:00, 16.2
7.0, 13.0, 320.0, 90.0, 1983-06-24 00:00:00, 3.8
3.0, 13.2, 230.0, 96.0, 1983-06-25 00:00:00, 5.8
12.0, 16.5, 230.0, 89.0, 1983-06-26 00:00:00, 5.8
8.0, 19.6, 230.0, 79.0, 1983-06-27 00:00:00, 0.0
1.0, 15.4, 0.0, 93.0, 1983-06-28 00:00:00, 0.7
14.0, 14.7, 320.0, 91.0, 1983-06-29 00:00:00, 1.2
13.0, 15.3, 320.0, 62.0, 1983-06-30 00:00:00, 0.0
2.0, 14.4, 180.0, 93.0, 1983-07-01 00:00:00, 5.7
12.0, 14.3, 270.0, 81.0, 1983-07-02 00:00:00, 4.3
5.0, 16.9, 230.0, 66.0, 1983-07-03 00:00:00, 0.7
10.0, 15.3, 320.0, 92.0, 1983-07-04 00:00:00, 2.2
17.0, 16.7, 320.0, 67.0, 1983-07-05 00:00:00, 0.0
20.0, 13.4, 320.0, 81.0, 1983-07-06 00:00:00, 0.0
10.0, 16.0, 320.0, 73.0, 1983-07-07 00:00:00, 3.3
18.0, 15.0, 320.0, 80.0, 1983-07-08 00:00:00, 0.7
15.0, 16.6, 320.0, 73.0, 1983-07-09 00:00:00, 8.0
8.0, 14.7, 320.0, 93.0, 1983-07-10 00:00:00, 4.3
13.0, 14.4, 270.0, 99.0, 1983-07-11 00:00:00, 66.6
6.0, 16.4, 270.0, 80.0, 1983-07-12 00:00:00, 66.5
22.0, 13.6, 270.0, 93.0, 1983-07-13 00:00:00, 25.0
14.0, 13.2, 320.0, 93.0, 1983-07-14 00:00:00, 8.6
3.0, 14.3, 90.0, 89.0, 1983-07-15 00:00:00, 0.2
20.0, 19.7, 320.0, 73.0, 1983-07-16 00:00:00, 0.0
8.0, 27.4, 320.0, 53.0, 1983-07-17 00:00:00, 0.0
5.0, 20.0, 320.0, 78.0, 1983-07-18 00:00:00, 0.0
3.0, 16.4, 320.0, 88.0, 1983-07-19 00:00:00, 0.0
4.0, 14.4, 320.0, 93.0, 1983-07-20 00:00:00, 1.0
4.0, 19.5, 320.0, 69.0, 1983-07-21 00:00:00, 2.0
16.0, 21.7, 320.0, 73.0, 1983-07-22 00:00:00, 0.0
10.0, 19.0, 270.0, 76.0, 1983-07-23 00:00:00, 0.0
12.0, 20.0, 270.0, 74.0, 1983-07-24 00:00:00, 0.0
17.0, 16.8, 320.0, 78.0, 1983-07-25 00:00:00, 0.0
0.0, 13.6, 0.0, 96.0, 1983-07-26 00:00:00, 0.7
9.0, 14.7, 320.0, 95.0, 1983-07-27 00:00:00, 28.0
5.0, 16.1, 40.0, 90.0, 1983-07-28 00:00:00, 2.2
12.0, 20.8, 40.0, 77.0, 1983-07-29 00:00:00, 0.2
8.0, 27.0, 230.0, 55.0, 1983-07-30 00:00:00, 0.0
2.0, 17.0, 230.0, 81.0, 1983-07-31 00:00:00, 0.0
16.0, 18.8, 320.0, 68.0, 1983-08-01 00:00:00, 0.0
13.0, 14.4, 230.0, 94.0, 1983-08-02 00:00:00, 11.6
3.0, 16.0, 230.0, 80.0, 1983-08-03 00:00:00, 1.2
3.0, 20.0, 40.0, 53.0, 1983-08-04 00:00:00, 0.0
15.0, 20.1, 270.0, 63.0, 1983-08-05 00:00:00, 0.0
7.0, 21.0, 320.0, 72.0, 1983-08-06 00:00:00, 0.0
8.0, 28.0, 320.0, 40.0, 1983-08-07 00:00:00, 0.0
9.0, 23.0, 320.0, 59.0, 1983-08-08 00:00:00, 0.0
15.0, 21.0, 320.0, 68.0, 1983-08-09 00:00:00, 0.0
11.0, 20.0, 230.0, 75.0, 1983-08-10 00:00:00, 0.0
16.0, 18.8, 320.0, 79.0, 1983-08-11 00:00:00, 0.0
9.0, 21.8, 320.0, 71.0, 1983-08-12 00:00:00, 0.0
16.0, 23.0, 320.0, 69.0, 1983-08-13 00:00:00, 0.0
10.0, 21.0, 320.0, 72.0, 1983-08-14 00:00:00, 0.0
12.0, 17.8, 230.0, 78.0, 1983-08-15 00:00:00, 0.0
16.0, 18.0, 230.0, 77.0, 1983-08-16 00:00:00, 0.0
17.0, 22.0, 180.0, 70.0, 1983-08-17 00:00:00, 0.0
11.0, 22.7, 230.0, 67.0, 1983-08-18 00:00:00, 0.0
17.0, 21.2, 270.0, 67.0, 1983-08-19 00:00:00, 0.0
15.0, 22.3, 180.0, 63.0, 1983-08-20 00:00:00, 0.0
11.0, 22.9, 230.0, 56.0, 1983-08-21 00:00:00, 0.0
8.0, 24.0, 230.0, 59.0, 1983-08-22 00:00:00, 0.0
10.0, 18.4, 230.0, 78.0, 1983-08-23 00:00:00, 0.0
3.0, 15.9, 230.0, 81.0, 1983-08-24 00:00:00, 0.0
4.0, 20.0, 230.0, 67.0, 1983-08-25 00:00:00, 0.0
12.0, 20.2, 180.0, 65.0, 1983-08-26 00:00:00, 0.0
8.0, 21.6, 230.0, 60.0, 1983-08-27 00:00:00, 0.0
4.0, 14.2, 270.0, 95.0, 1983-08-28 00:00:00, 59.1
8.0, 17.8, 40.0, 85.0, 1983-08-29 00:00:00, 4.3
3.0, 18.6, 40.0, 87.0, 1983-08-30 00:00:00, 5.0
8.0, 23.7, 0.0, 68.0, 1983-08-31 00:00:00, 2.0
10.0, 14.9, 230.0, 94.0, 1983-09-01 00:00:00, 10.4
0.0, 16.2, 0.0, 91.0, 1983-09-02 00:00:00, 5.0
0.0, 17.2, 0.0, 92.0, 1983-09-03 00:00:00, 4.8
15.0, 20.8, 320.0, 66.0, 1983-09-04 00:00:00, 0.2
15.0, 20.1, 270.0, 63.0, 1983-09-05 00:00:00, 0.0
14.0, 15.5, 230.0, 79.0, 1983-09-06 00:00:00, 17.5
3.0, 14.0, 230.0, 75.0, 1983-09-07 00:00:00, 2.2
4.0, 11.4, 180.0, 94.0, 1983-09-08 00:00:00, 2.7
3.0, 14.4, 90.0, 74.0, 1983-09-09 00:00:00, 2.2
5.0, 13.8, 40.0, 96.0, 1983-09-10 00:00:00, 24.6
3.0, 14.1, 40.0, 92.0, 1983-09-11 00:00:00, 9.0
5.0, 17.7, 320.0, 75.0, 1983-09-12 00:00:00, 0.2
9.0, 17.8, 230.0, 79.0, 1983-09-13 00:00:00, 0.0
10.0, 16.2, 180.0, 79.0, 1983-09-14 00:00:00, 1.0
10.0, 15.3, 230.0, 77.0, 1983-09-15 00:00:00, 0.0
15.0, 13.5, 230.0, 82.0, 1983-09-16 00:00:00, 9.6
12.0, 13.3, 230.0, 70.0, 1983-09-17 00:00:00, 0.0
17.0, 13.3, 40.0, 63.0, 1983-09-18 00:00:00, 12.9
4.0, 16.8, 230.0, 40.0, 1983-09-19 00:00:00, 0.0
14.0, 17.6, 40.0, 41.0, 1983-09-20 00:00:00, 0.0
8.0, 22.6, 140.0, 46.0, 1983-09-21 00:00:00, 0.0
3.0, 23.2, 230.0, 54.0, 1983-09-22 00:00:00, 0.0
6.0, 14.7, 230.0, 82.0, 1983-09-23 00:00:00, 0.0
8.0, 15.7, 230.0, 68.0, 1983-09-24 00:00:00, 0.0
0.0, 13.0, 0.0, 87.0, 1983-09-25 00:00:00, 0.0
4.0, 12.9, 180.0, 92.0, 1983-09-26 00:00:00, 5.8
5.0, 13.2, 230.0, 59.0, 1983-09-27 00:00:00, 1.5
3.0, 13.0, 40.0, 49.0, 1983-09-28 00:00:00, 0.0
2.0, 15.4, 230.0, 49.0, 1983-09-29 00:00:00, 0.0
7.0, 17.5, 0.0, 37.0, 1983-09-30 00:00:00, 0.0
13.0, 8.7, 140.0, 97.0, 1984-05-01 00:00:00, 19.8
15.0, 8.6, 180.0, 81.0, 1984-05-02 00:00:00, 19.8
18.0, 9.6, 180.0, 73.0, 1984-05-03 00:00:00, 2.7
1.0, 7.5, 90.0, 88.0, 1984-05-04 00:00:00, 2.7
18.0, 9.7, 140.0, 89.0, 1984-05-05 00:00:00, 3.8
3.0, 12.3, 180.0, 76.0, 1984-05-06 00:00:00, 2.0
13.0, 16.8, 140.0, 50.0, 1984-05-07 00:00:00, 0.0
14.0, 10.6, 140.0, 83.0, 1984-05-08 00:00:00, 23.8
10.0, 7.0, 140.0, 98.0, 1984-05-09 00:00:00, 22.5
3.0, 9.5, 230.0, 94.0, 1984-05-10 00:00:00, 19.3
9.0, 10.4, 140.0, 99.0, 1984-05-11 00:00:00, 29.9
1.0, 9.7, 90.0, 83.0, 1984-05-12 00:00:00, 9.1
2.0, 10.0, 180.0, 99.0, 1984-05-13 00:00:00, 9.0
8.0, 8.6, 140.0, 98.0, 1984-05-14 00:00:00, 24.2
10.0, 11.5, 140.0, 74.0, 1984-05-15 00:00:00, 1.0
5.0, 8.9, 180.0, 91.0, 1984-05-16 00:00:00, 3.0
6.0, 10.4, 140.0, 82.0, 1984-05-17 00:00:00, 0.0
0.0, 10.7, 0.0, 99.0, 1984-05-18 00:00:00, 18.5
16.0, 9.5, 140.0, 99.0, 1984-05-19 00:00:00, 10.5
14.0, 9.5, 180.0, 92.0, 1984-05-20 00:00:00, 14.2
14.0, 10.5, 180.0, 74.0, 1984-05-21 00:00:00, 15.5
16.0, 9.7, 180.0, 98.0, 1984-05-22 00:00:00, 19.0
11.0, 9.8, 140.0, 93.0, 1984-05-23 00:00:00, 16.5
0.0, 8.9, 0.0, 95.0, 1984-05-24 00:00:00, 6.0
10.0, 8.2, 320.0, 98.0, 1984-05-25 00:00:00, 5.3
12.0, 15.8, 140.0, 69.0, 1984-05-26 00:00:00, 15.4
13.0, 17.2, 140.0, 71.0, 1984-05-27 00:00:00, 0.0
11.0, 22.0, 230.0, 48.0, 1984-05-28 00:00:00, 0.0
22.0, 14.5, 140.0, 89.0, 1984-05-29 00:00:00, 0.0
16.0, 10.0, 140.0, 84.0, 1984-05-30 00:00:00, 0.0
21.0, 12.8, 140.0, 72.0, 1984-05-31 00:00:00, 0.0
6.0, 12.4, 140.0, 74.0, 1984-06-01 00:00:00, 0.0
19.0, 14.2, 140.0, 70.0, 1984-06-02 00:00:00, 0.0
7.0, 10.3, 140.0, 96.0, 1984-06-03 00:00:00, 4.0
5.0, 12.9, 270.0, 92.0, 1984-06-04 00:00:00, 10.0
5.0, 11.4, 90.0, 87.0, 1984-06-05 00:00:00, 5.5
11.0, 15.3, 140.0, 76.0, 1984-06-06 00:00:00, 0.7
22.0, 13.2, 230.0, 86.0, 1984-06-07 00:00:00, 1.0
0.0, 10.6, 0.0, 95.0, 1984-06-08 00:00:00, 0.2
8.0, 15.8, 180.0, 79.0, 1984-06-09 00:00:00, 5.3
14.0, 13.6, 140.0, 87.0, 1984-06-10 00:00:00, 0.0
19.0, 15.5, 140.0, 82.0, 1984-06-11 00:00:00, 0.0
11.0, 19.3, 140.0, 78.0, 1984-06-12 00:00:00, 0.0
12.0, 20.0, 140.0, 75.0, 1984-06-13 00:00:00, 0.0
11.0, 16.0, 230.0, 82.0, 1984-06-14 00:00:00, 0.0
15.0, 11.6, 140.0, 92.0, 1984-06-15 00:00:00, 0.2
12.0, 16.2, 180.0, 67.0, 1984-06-16 00:00:00, 0.0
19.0, 13.6, 140.0, 76.0, 1984-06-17 00:00:00, 0.0
19.0, 13.0, 180.0, 70.0, 1984-06-18 00:00:00, 0.0
13.0, 15.5, 140.0, 81.0, 1984-06-19 00:00:00, 0.0
9.0, 18.7, 180.0, 78.0, 1984-06-20 00:00:00, 1.7
12.0, 15.9, 140.0, 81.0, 1984-06-21 00:00:00, 0.0
0.0, 13.5, 0.0, 83.0, 1984-06-22 00:00:00, 0.0
6.0, 22.0, 90.0, 53.0, 1984-06-23 00:00:00, 0.0
21.0, 16.3, 230.0, 81.0, 1984-06-24 00:00:00, 1.5
15.0, 20.8, 180.0, 45.0, 1984-06-25 00:00:00, 0.0
15.0, 14.5, 140.0, 93.0, 1984-06-26 00:00:00, 23.0
5.0, 11.5, 140.0, 96.0, 1984-06-27 00:00:00, 3.5
5.0, 13.0, 180.0, 96.0, 1984-06-28 00:00:00, 21.5
18.0, 14.0, 270.0, 79.0, 1984-06-29 00:00:00, 1.7
3.0, 11.0, 270.0, 98.0, 1984-06-30 00:00:00, 10.7
11.0, 14.5, 180.0, 93.0, 1984-07-01 00:00:00, 21.0
9.0, 19.0, 180.0, 79.0, 1984-07-02 00:00:00, 0.0
10.0, 19.5, 140.0, 80.0, 1984-07-03 00:00:00, 0.0
0.0, 14.2, 0.0, 93.0, 1984-07-04 00:00:00, 1.2
18.0, 14.3, 140.0, 83.0, 1984-07-05 00:00:00, 4.3
16.0, 15.5, 270.0, 79.0, 1984-07-06 00:00:00, 0.0
15.0, 17.5, 180.0, 74.0, 1984-07-07 00:00:00, 0.0
14.0, 18.0, 270.0, 79.0, 1984-07-08 00:00:00, 0.0
11.0, 15.5, 230.0, 80.0, 1984-07-09 00:00:00, 0.0
13.0, 17.0, 230.0, 76.0, 1984-07-10 00:00:00, 0.0
14.0, 18.0, 230.0, 54.0, 1984-07-11 00:00:00, 0.0
11.0, 15.5, 230.0, 85.0, 1984-07-12 00:00:00, 0.0
16.0, 17.0, 140.0, 74.0, 1984-07-13 00:00:00, 0.0
10.0, 23.5, 230.0, 56.0, 1984-07-14 00:00:00, 0.0
11.0, 27.5, 270.0, 46.0, 1984-07-15 00:00:00, 0.0
12.0, 27.5, 230.0, 51.0, 1984-07-16 00:00:00, 0.0
7.0, 24.5, 180.0, 63.0, 1984-07-17 00:00:00, 0.0
13.0, 19.5, 140.0, 68.0, 1984-07-18 00:00:00, 0.2
18.0, 17.9, 140.0, 69.0, 1984-07-19 00:00:00, 0.0
10.0, 17.0, 140.0, 78.0, 1984-07-20 00:00:00, 0.0
18.0, 20.0, 140.0, 66.0, 1984-07-21 00:00:00, 0.0
8.0, 27.0, 180.0, 43.0, 1984-07-22 00:00:00, 0.0
14.0, 29.5, 180.0, 35.0, 1984-07-23 00:00:00, 0.0
10.0, 29.0, 140.0, 40.0, 1984-07-24 00:00:00, 0.0
0.0, 18.0, 0.0, 84.0, 1984-07-25 00:00:00, 0.0
2.0, 19.0, 230.0, 70.0, 1984-07-26 00:00:00, 7.8
16.0, 19.5, 140.0, 77.0, 1984-07-27 00:00:00, 0.0
19.0, 19.5, 180.0, 78.0, 1984-07-28 00:00:00, 0.0
9.0, 19.0, 180.0, 85.0, 1984-07-29 00:00:00, 0.0
6.0, 21.5, 180.0, 76.0, 1984-07-30 00:00:00, 0.0
15.0, 20.5, 140.0, 78.0, 1984-07-31 00:00:00, 0.7
22.0, 19.0, 140.0, 73.0, 1984-08-01 00:00:00, 0.0
16.0, 19.0, 140.0, 70.0, 1984-08-02 00:00:00, 0.0
10.0, 18.3, 140.0, 76.0, 1984-08-03 00:00:00, 0.0
7.0, 21.4, 140.0, 67.0, 1984-08-04 00:00:00, 0.0
9.0, 15.1, 140.0, 93.0, 1984-08-05 00:00:00, 2.0
11.0, 17.0, 140.0, 75.0, 1984-08-06 00:00:00, 4.3
3.0, 15.7, 270.0, 94.0, 1984-08-07 00:00:00, 10.0
8.0, 22.2, 230.0, 83.0, 1984-08-08 00:00:00, 2.7
1.0, 22.0, 180.0, 79.0, 1984-08-09 00:00:00, 0.0
8.0, 20.0, 180.0, 80.0, 1984-08-10 00:00:00, 0.0
12.0, 17.5, 180.0, 81.0, 1984-08-11 00:00:00, 0.0
8.0, 14.5, 140.0, 92.0, 1984-08-12 00:00:00, 9.6
7.0, 16.0, 180.0, 83.0, 1984-08-13 00:00:00, 4.0
7.0, 18.0, 180.0, 70.0, 1984-08-14 00:00:00, 0.5
10.0, 22.0, 180.0, 60.0, 1984-08-15 00:00:00, 5.3
17.0, 9.0, 140.0, 81.0, 1984-08-16 00:00:00, 0.0
18.0, 18.0, 90.0, 81.0, 1984-08-17 00:00:00, 0.0
15.0, 18.5, 140.0, 80.0, 1984-08-18 00:00:00, 0.0
15.0, 19.5, 180.0, 70.0, 1984-08-19 00:00:00, 0.0
7.0, 21.5, 180.0, 67.0, 1984-08-20 00:00:00, 0.0
7.0, 23.0, 180.0, 65.0, 1984-08-21 00:00:00, 0.0
9.0, 18.5, 180.0, 81.0, 1984-08-22 00:00:00, 0.0
6.0, 15.0, 180.0, 86.0, 1984-08-23 00:00:00, 0.0
18.0, 20.0, 140.0, 75.0, 1984-08-24 00:00:00, 0.0
10.0, 22.5, 180.0, 69.0, 1984-08-25 00:00:00, 0.0
9.0, 16.0, 180.0, 94.0, 1984-08-26 00:00:00, 0.0
15.0, 15.0, 180.0, 77.0, 1984-08-27 00:00:00, 10.5
5.0, 14.0, 180.0, 87.0, 1984-08-28 00:00:00, 0.0
8.0, 18.0, 140.0, 72.0, 1984-08-29 00:00:00, 1.0
8.0, 18.0, 140.0, 72.0, 1984-08-30 00:00:00, 1.7
0.0, 14.5, 0.0, 93.0, 1984-08-31 00:00:00, 0.2
8.0, 17.0, 180.0, 63.0, 1984-09-01 00:00:00, 6.8
6.0, 19.5, 230.0, 55.0, 1984-09-02 00:00:00, 0.0
5.0, 19.0, 180.0, 58.0, 1984-09-03 00:00:00, 0.0
4.0, 16.0, 230.0, 90.0, 1984-09-04 00:00:00, 1.7
3.0, 13.0, 180.0, 93.0, 1984-09-05 00:00:00, 34.0
10.0, 16.0, 90.0, 72.0, 1984-09-06 00:00:00, 4.3
1.0, 14.5, 270.0, 79.0, 1984-09-07 00:00:00, 0.0
11.0, 14.0, 180.0, 90.0, 1984-09-08 00:00:00, 14.2
8.0, 13.5, 180.0, 92.0, 1984-09-09 00:00:00, 0.0
5.0, 13.5, 180.0, 89.0, 1984-09-10 00:00:00, 1.7
7.0, 14.0, 140.0, 81.0, 1984-09-11 00:00:00, 7.1
10.0, 12.5, 0.0, 88.0, 1984-09-12 00:00:00, 17.7
12.0, 18.3, 320.0, 60.0, 1984-09-13 00:00:00, 0.7
19.0, 22.7, 320.0, 34.0, 1984-09-14 00:00:00, 0.0
13.0, 16.9, 140.0, 71.0, 1984-09-15 00:00:00, 0.0
18.0, 15.7, 140.0, 91.0, 1984-09-16 00:00:00, 34.5
5.0, 17.9, 270.0, 89.0, 1984-09-17 00:00:00, 13.4
8.0, 18.2, 180.0, 82.0, 1984-09-18 00:00:00, 5.0
6.0, 20.5, 140.0, 43.0, 1984-09-19 00:00:00, 0.0
19.0, 16.5, 140.0, 72.0, 1984-09-20 00:00:00, 0.5
13.0, 15.0, 140.0, 79.0, 1984-09-21 00:00:00, 0.2
9.0, 13.0, 180.0, 73.0, 1984-09-22 00:00:00, 2.2
5.0, 17.0, 180.0, 45.0, 1984-09-23 00:00:00, 0.0
10.0, 15.5, 140.0, 65.0, 1984-09-24 00:00:00, 0.0
5.0, 12.5, 140.0, 86.0, 1984-09-25 00:00:00, 4.0
10.0, 15.0, 270.0, 62.0, 1984-09-26 00:00:00, 0.0
8.0, 15.5, 320.0, 64.0, 1984-09-27 00:00:00, 0.0
11.0, 20.5, 320.0, 37.0, 1984-09-28 00:00:00, 0.0
5.0, 23.5, 0.0, 23.0, 1984-09-29 00:00:00, 0.0
3.0, 16.6, 140.0, 72.0, 1984-09-30 00:00:00, 0.0
5.0, 16.3, 90.0, 51.0, 1985-05-01 00:00:00, 0.0
13.0, 18.9, 140.0, 40.0, 1985-05-02 00:00:00, 0.0
10.0, 15.8, 180.0, 59.0, 1985-05-03 00:00:00, 0.0
7.0, 4.6, 40.0, 98.0, 1985-05-04 00:00:00, 52.5
10.0, 10.0, 230.0, 81.0, 1985-05-05 00:00:00, 9.6
1.0, 7.8, 140.0, 95.0, 1985-05-06 00:00:00, 3.0
0.0, 9.4, 0.0, 93.0, 1985-05-07 00:00:00, 6.6
4.0, 7.4, 320.0, 97.0, 1985-05-08 00:00:00, 4.5
8.0, 7.9, 140.0, 90.0, 1985-05-09 00:00:00, 3.0
9.0, 11.7, 180.0, 76.0, 1985-05-10 00:00:00, 3.3
28.0, 9.0, 180.0, 67.0, 1985-05-11 00:00:00, 7.3
17.0, 8.7, 230.0, 58.0, 1985-05-12 00:00:00, 0.0
12.0, 10.0, 230.0, 67.0, 1985-05-13 00:00:00, 0.0
4.0, 8.8, 40.0, 97.0, 1985-05-14 00:00:00, 8.1
6.0, 19.5, 320.0, 46.0, 1985-05-15 00:00:00, 0.0
2.0, 20.8, 320.0, 42.0, 1985-05-16 00:00:00, 0.0
7.0, 29.8, 320.0, 24.0, 1985-05-17 00:00:00, 0.0
12.0, 14.5, 320.0, 80.0, 1985-05-18 00:00:00, 0.0
9.0, 13.2, 320.0, 84.0, 1985-05-19 00:00:00, 0.0
3.0, 11.5, 230.0, 91.0, 1985-05-20 00:00:00, 0.0
17.0, 14.6, 180.0, 79.0, 1985-05-21 00:00:00, 0.0
4.0, 20.9, 230.0, 55.0, 1985-05-22 00:00:00, 0.0
5.0, 17.7, 230.0, 78.0, 1985-05-23 00:00:00, 0.2
9.0, 14.5, 180.0, 94.0, 1985-05-24 00:00:00, 0.5
13.0, 13.2, 180.0, 94.0, 1985-05-25 00:00:00, 0.2
5.0, 16.6, 230.0, 87.0, 1985-05-26 00:00:00, 0.0
12.0, 12.4, 180.0, 88.0, 1985-05-27 00:00:00, 0.0
4.0, 14.0, 180.0, 87.0, 1985-05-28 00:00:00, 0.0
2.0, 6.9, 180.0, 84.0, 1985-05-29 00:00:00, 1.7
5.0, 10.4, 230.0, 98.0, 1985-05-30 00:00:00, 0.5
9.0, 20.9, 230.0, 66.0, 1985-05-31 00:00:00, 0.0
12.0, 11.9, 180.0, 96.0, 1985-06-01 00:00:00, 0.0
6.0, 12.8, 230.0, 92.0, 1985-06-02 00:00:00, 0.2
4.0, 16.5, 0.0, 73.0, 1985-06-03 00:00:00, 0.0
12.0, 11.5, 180.0, 97.0, 1985-06-04 00:00:00, 3.8
9.0, 13.8, 230.0, 67.0, 1985-06-05 00:00:00, 0.2
8.0, 11.8, 320.0, 97.0, 1985-06-06 00:00:00, 0.5
16.0, 11.5, 180.0, 97.0, 1985-06-07 00:00:00, 3.3
14.0, 13.0, 180.0, 69.0, 1985-06-08 00:00:00, 0.0
16.0, 17.9, 230.0, 55.0, 1985-06-09 00:00:00, 0.0
12.0, 20.5, 180.0, 54.0, 1985-06-10 00:00:00, 0.0
3.0, 13.3, 230.0, 94.0, 1985-06-11 00:00:00, 0.2
9.0, 13.0, 180.0, 91.0, 1985-06-12 00:00:00, 0.5
3.0, 14.3, 270.0, 90.0, 1985-06-13 00:00:00, 0.2
11.0, 14.4, 180.0, 97.0, 1985-06-14 00:00:00, 2.5
4.0, 16.4, 180.0, 65.0, 1985-06-15 00:00:00, 0.0
2.0, 20.8, 270.0, 43.0, 1985-06-16 00:00:00, 0.0
6.0, 28.4, 320.0, 25.0, 1985-06-17 00:00:00, 0.0
10.0, 29.7, 180.0, 33.0, 1985-06-18 00:00:00, 0.0
9.0, 21.8, 180.0, 68.0, 1985-06-19 00:00:00, 0.0
14.0, 21.8, 180.0, 45.0, 1985-06-20 00:00:00, 0.0
25.0, 13.5, 180.0, 82.0, 1985-06-21 00:00:00, 0.0
18.0, 15.7, 180.0, 68.0, 1985-06-22 00:00:00, 0.0
20.0, 15.8, 180.0, 59.0, 1985-06-23 00:00:00, 0.0
9.0, 16.6, 180.0, 67.0, 1985-06-24 00:00:00, 0.5
19.0, 18.2, 180.0, 62.0, 1985-06-25 00:00:00, 0.0
18.0, 16.4, 180.0, 69.0, 1985-06-26 00:00:00, 0.0
14.0, 15.4, 180.0, 67.0, 1985-06-27 00:00:00, 0.0
12.0, 16.2, 180.0, 66.0, 1985-06-28 00:00:00, 0.0
15.0, 16.8, 180.0, 55.0, 1985-06-29 00:00:00, 0.0
16.0, 15.7, 180.0, 61.0, 1985-06-30 00:00:00, 3.0
11.0, 23.1, 320.0, 41.0, 1985-07-01 00:00:00, 0.0
9.0, 26.6, 140.0, 25.0, 1985-07-02 00:00:00, 0.0
13.0, 22.7, 230.0, 55.0, 1985-07-03 00:00:00, 0.0
13.0, 21.6, 180.0, 41.0, 1985-07-04 00:00:00, 0.0
3.0, 15.6, 270.0, 87.0, 1985-07-05 00:00:00, 12.1
13.0, 21.5, 180.0, 62.0, 1985-07-06 00:00:00, 0.0
16.0, 23.6, 180.0, 58.0, 1985-07-07 00:00:00, 0.0
9.0, 25.3, 180.0, 53.0, 1985-07-08 00:00:00, 0.0
8.0, 23.3, 180.0, 34.0, 1985-07-09 00:00:00, 0.0
2.0, 19.0, 180.0, 82.0, 1985-07-10 00:00:00, 0.7
17.0, 21.1, 180.0, 66.0, 1985-07-11 00:00:00, 0.2
23.0, 18.6, 180.0, 69.0, 1985-07-12 00:00:00, 0.0
15.0, 20.2, 140.0, 69.0, 1985-07-13 00:00:00, 0.0
14.0, 23.7, 140.0, 59.0, 1985-07-14 00:00:00, 0.0
12.0, 24.3, 140.0, 64.0, 1985-07-15 00:00:00, 0.0
11.0, 22.1, 180.0, 72.0, 1985-07-16 00:00:00, 0.0
11.0, 23.7, 180.0, 69.0, 1985-07-17 00:00:00, 0.0
0.0, 28.3, 0.0, 56.0, 1985-07-18 00:00:00, 0.0
14.0, 31.3, 180.0, 37.0, 1985-07-19 00:00:00, 0.0
7.0, 23.8, 230.0, 65.0, 1985-07-20 00:00:00, 0.0
5.0, 20.9, 180.0, 74.0, 1985-07-21 00:00:00, 0.0
19.0, 20.5, 180.0, 75.0, 1985-07-22 00:00:00, 0.0
16.0, 17.0, 140.0, 89.0, 1985-07-23 00:00:00, 0.0
11.0, 20.1, 180.0, 74.0, 1985-07-24 00:00:00, 0.0
12.0, 22.8, 180.0, 64.0, 1985-07-25 00:00:00, 0.0
14.0, 25.2, 180.0, 48.0, 1985-07-26 00:00:00, 0.0
3.0, 27.7, 180.0, 44.0, 1985-07-27 00:00:00, 0.0
15.0, 30.0, 180.0, 37.0, 1985-07-28 00:00:00, 0.0
4.0, 27.0, 180.0, 56.0, 1985-07-29 00:00:00, 0.0
7.0, 21.1, 180.0, 66.0, 1985-07-30 00:00:00, 0.0
10.0, 17.5, 180.0, 89.0, 1985-07-31 00:00:00, 2.2
7.0, 15.6, 180.0, 91.0, 1985-08-01 00:00:00, 0.2
8.0, 19.6, 180.0, 71.0, 1985-08-02 00:00:00, 0.0
3.0, 17.4, 230.0, 87.0, 1985-08-03 00:00:00, 0.0
14.0, 19.3, 180.0, 77.0, 1985-08-04 00:00:00, 2.0
16.0, 20.8, 180.0, 67.0, 1985-08-05 00:00:00, 0.0
2.0, 15.7, 230.0, 85.0, 1985-08-06 00:00:00, 0.0
10.0, 15.3, 270.0, 80.0, 1985-08-07 00:00:00, 7.1
11.0, 18.7, 230.0, 70.0, 1985-08-08 00:00:00, 0.0
12.0, 15.3, 180.0, 90.0, 1985-08-09 00:00:00, 1.7
6.0, 23.1, 230.0, 45.0, 1985-08-10 00:00:00, 0.0
17.0, 21.6, 180.0, 57.0, 1985-08-11 00:00:00, 0.0
9.0, 24.8, 180.0, 51.0, 1985-08-12 00:00:00, 0.0
16.0, 28.8, 180.0, 30.0, 1985-08-13 00:00:00, 0.0
3.0, 28.7, 180.0, 22.0, 1985-08-14 00:00:00, 0.0
8.0, 25.9, 230.0, 42.0, 1985-08-15 00:00:00, 0.0
4.0, 30.0, 320.0, 21.0, 1985-08-16 00:00:00, 0.0
8.0, 28.5, 230.0, 33.0, 1985-08-17 00:00:00, 0.0
6.0, 15.7, 320.0, 75.0, 1985-08-18 00:00:00, 0.0
8.0, 13.5, 320.0, 84.0, 1985-08-19 00:00:00, 0.0
12.0, 19.1, 180.0, 68.0, 1985-08-20 00:00:00, 0.0
13.0, 19.0, 180.0, 67.0, 1985-08-21 00:00:00, 0.0
15.0, 23.0, 140.0, 52.0, 1985-08-22 00:00:00, 0.0
1.0, 28.4, 180.0, 42.0, 1985-08-23 00:00:00, 0.0
15.0, 27.0, 180.0, 45.0, 1985-08-24 00:00:00, 0.0
12.0, 23.0, 180.0, 48.0, 1985-08-25 00:00:00, 0.0
14.0, 23.0, 180.0, 39.0, 1985-08-26 00:00:00, 0.0
2.0, 18.0, 40.0, 68.0, 1985-08-27 00:00:00, 0.0
9.0, 15.5, 180.0, 71.0, 1985-08-28 00:00:00, 0.0
3.0, 19.5, 230.0, 54.0, 1985-08-29 00:00:00, 0.0
1.0, 12.5, 0.0, 94.0, 1985-08-30 00:00:00, 40.6
1.0, 15.5, 230.0, 89.0, 1985-08-31 00:00:00, 11.1
20.0, 19.5, 140.0, 69.0, 1985-09-01 00:00:00, 0.2
14.0, 20.5, 140.0, 63.0, 1985-09-02 00:00:00, 0.0
5.0, 19.5, 180.0, 73.0, 1985-09-03 00:00:00, 0.0
20.0, 13.0, 180.0, 92.0, 1985-09-04 00:00:00, 0.5
12.0, 13.0, 180.0, 91.0, 1985-09-05 00:00:00, 4.3
21.0, 12.6, 90.0, 79.0, 1985-09-06 00:00:00, 8.8
12.0, 17.0, 320.0, 65.0, 1985-09-07 00:00:00, 0.0
6.0, 18.5, 320.0, 51.0, 1985-09-08 00:00:00, 0.0
5.0, 21.0, 140.0, 49.0, 1985-09-09 00:00:00, 0.5
1.0, 22.0, 90.0, 59.0, 1985-09-10 00:00:00, 0.7
11.0, 18.0, 180.0, 59.0, 1985-09-11 00:00:00, 0.0
3.0, 12.0, 320.0, 94.0, 1985-09-12 00:00:00, 40.8
1.0, 12.0, 270.0, 93.0, 1985-09-13 00:00:00, 59.8
2.0, 12.0, 140.0, 94.0, 1985-09-14 00:00:00, 29.6
9.0, 14.0, 180.0, 86.0, 1985-09-15 00:00:00, 1.7
5.0, 13.5, 140.0, 92.0, 1985-09-16 00:00:00, 6.0
4.0, 14.0, 180.0, 72.0, 1985-09-17 00:00:00, 1.7
3.0, 13.0, 230.0, 80.0, 1985-09-18 00:00:00, 0.2
16.0, 17.0, 140.0, 71.0, 1985-09-19 00:00:00, 0.0
9.0, 13.5, 180.0, 90.0, 1985-09-20 00:00:00, 2.0
6.0, 18.0, 180.0, 71.0, 1985-09-21 00:00:00, 0.2
9.0, 17.5, 180.0, 74.0, 1985-09-22 00:00:00, 0.2
0.0, 20.0, 0.0, 59.0, 1985-09-23 00:00:00, 0.2
0.0, 20.0, 0.0, 65.0, 1985-09-24 00:00:00, 0.0
3.0, 23.5, 0.0, 51.0, 1985-09-25 00:00:00, 0.0
7.0, 22.5, 320.0, 37.0, 1985-09-26 00:00:00, 0.2
10.0, 21.0, 320.0, 24.0, 1985-09-27 00:00:00, 0.0
2.0, 21.0, 230.0, 30.0, 1985-09-28 00:00:00, 0.0
8.0, 25.5, 180.0, 39.0, 1985-09-29 00:00:00, 0.0
5.0, 21.0, 230.0, 41.0, 1985-09-30 00:00:00, 0.0
13.0, 8.2, 0.0, 91.0, 1986-04-27 00:00:00, 36.8
14.0, 6.3, 320.0, 94.0, 1986-04-28 00:00:00, 3.8
10.0, 5.2, 90.0, 98.0, 1986-04-29 00:00:00, 18.3
8.0, 7.5, 320.0, 75.0, 1986-04-30 00:00:00, 0.7
11.0, 8.2, 40.0, 87.0, 1986-05-01 00:00:00, 2.0
6.0, 7.3, 90.0, 99.0, 1986-05-02 00:00:00, 22.1
8.0, 9.0, 270.0, 99.0, 1986-05-03 00:00:00, 17.0
5.0, 9.4, 230.0, 92.0, 1986-05-04 00:00:00, 9.3
6.0, 6.5, 180.0, 95.0, 1986-05-05 00:00:00, 13.9
8.0, 14.4, 180.0, 72.0, 1986-05-06 00:00:00, 1.0
11.0, 10.0, 230.0, 94.0, 1986-05-07 00:00:00, 3.8
14.0, 12.4, 230.0, 71.0, 1986-05-08 00:00:00, 0.0
10.0, 13.4, 230.0, 63.0, 1986-05-09 00:00:00, 0.0
9.0, 10.0, 40.0, 62.0, 1986-05-10 00:00:00, 0.0
2.0, 7.6, 270.0, 94.0, 1986-05-11 00:00:00, 3.8
17.0, 9.5, 270.0, 99.0, 1986-05-12 00:00:00, 35.5
5.0, 7.1, 320.0, 74.0, 1986-05-13 00:00:00, 1.0
15.0, 14.1, 270.0, 62.0, 1986-05-14 00:00:00, 1.5
8.0, 11.8, 230.0, 71.0, 1986-05-15 00:00:00, 1.5
9.0, 7.9, 90.0, 92.0, 1986-05-16 00:00:00, 2.0
10.0, 11.9, 270.0, 99.0, 1986-05-17 00:00:00, 23.8
3.0, 11.4, 320.0, 90.0, 1986-05-18 00:00:00, 26.4
6.0, 11.9, 90.0, 96.0, 1986-05-19 00:00:00, 14.7
7.0, 10.7, 180.0, 80.0, 1986-05-20 00:00:00, 26.4
14.0, 11.4, 320.0, 71.0, 1986-05-21 00:00:00, 1.5
3.0, 9.3, 140.0, 79.0, 1986-05-22 00:00:00, 0.7
10.0, 15.7, 320.0, 57.0, 1986-05-23 00:00:00, 0.0
6.0, 14.4, 230.0, 96.0, 1986-05-24 00:00:00, 1.2
2.0, 15.4, 270.0, 98.0, 1986-05-25 00:00:00, 67.3
9.0, 12.7, 230.0, 99.0, 1986-05-26 00:00:00, 35.5
0.0, 14.3, 0.0, 82.0, 1986-05-27 00:00:00, 0.2
7.0, 17.4, 230.0, 71.0, 1986-05-28 00:00:00, 0.0
14.0, 20.5, 230.0, 62.0, 1986-05-29 00:00:00, 0.0
9.0, 27.0, 230.0, 49.0, 1986-05-30 00:00:00, 0.0
11.0, 28.2, 230.0, 47.0, 1986-05-31 00:00:00, 0.0
13.0, 23.0, 230.0, 59.0, 1986-06-01 00:00:00, 0.0
13.0, 26.0, 0.0, 32.0, 1986-06-02 00:00:00, 0.0
9.0, 21.6, 230.0, 58.0, 1986-06-03 00:00:00, 0.0
2.0, 16.7, 270.0, 73.0, 1986-06-04 00:00:00, 0.0
1.0, 13.6, 320.0, 86.0, 1986-06-05 00:00:00, 1.0
6.0, 15.2, 320.0, 80.0, 1986-06-06 00:00:00, 0.0
11.0, 10.9, 230.0, 99.0, 1986-06-07 00:00:00, 1.5
11.0, 15.2, 230.0, 75.0, 1986-06-08 00:00:00, 0.2
15.0, 17.6, 230.0, 71.0, 1986-06-09 00:00:00, 0.0
13.0, 19.9, 230.0, 70.0, 1986-06-10 00:00:00, 0.0
14.0, 23.3, 230.0, 53.0, 1986-06-11 00:00:00, 0.0
10.0, 26.1, 230.0, 39.0, 1986-06-12 00:00:00, 0.0
7.0, 30.8, 0.0, 24.0, 1986-06-13 00:00:00, 0.0
11.0, 14.4, 0.0, 95.0, 1986-06-14 00:00:00, 15.2
12.0, 11.8, 40.0, 97.0, 1986-06-15 00:00:00, 23.0
13.0, 8.0, 0.0, 98.0, 1986-06-16 00:00:00, 29.7
4.0, 12.6, 90.0, 87.0, 1986-06-17 00:00:00, 9.6
17.0, 8.1, 180.0, 97.0, 1986-06-18 00:00:00, 12.6
16.0, 7.5, 40.0, 98.0, 1986-06-19 00:00:00, 6.3
9.0, 8.2, 40.0, 97.0, 1986-06-20 00:00:00, 11.0
2.0, 11.8, 140.0, 84.0, 1986-06-21 00:00:00, 0.0
2.0, 14.7, 40.0, 90.0, 1986-06-22 00:00:00, 0.0
7.0, 18.2, 180.0, 80.0, 1986-06-23 00:00:00, 0.2
8.0, 16.6, 140.0, 80.0, 1986-06-24 00:00:00, 0.0
12.0, 18.9, 230.0, 70.0, 1986-06-25 00:00:00, 0.0
7.0, 20.6, 230.0, 58.0, 1986-06-26 00:00:00, 0.0
9.0, 24.1, 230.0, 53.0, 1986-06-27 00:00:00, 0.0
7.0, 19.7, 230.0, 72.0, 1986-06-28 00:00:00, 0.0
8.0, 9.5, 140.0, 97.0, 1986-06-29 00:00:00, 0.2
2.0, 13.0, 40.0, 77.0, 1986-06-30 00:00:00, 0.5
19.0, 10.9, 40.0, 99.0, 1986-07-01 00:00:00, 32.7
11.0, 16.0, 230.0, 77.0, 1986-07-02 00:00:00, 24.5
0.0, 10.5, 0.0, 94.0, 1986-07-03 00:00:00, 6.3
9.0, 17.0, 230.0, 79.0, 1986-07-04 00:00:00, 0.0
5.0, 13.0, 90.0, 79.0, 1986-07-05 00:00:00, 1.5
14.0, 19.0, 230.0, 66.0, 1986-07-06 00:00:00, 0.0
10.0, 15.5, 230.0, 89.0, 1986-07-07 00:00:00, 0.0
7.0, 17.2, 180.0, 89.0, 1986-07-08 00:00:00, 0.0
6.0, 14.8, 180.0, 96.0, 1986-07-09 00:00:00, 0.7
8.0, 15.8, 230.0, 95.0, 1986-07-10 00:00:00, 15.7
14.0, 12.9, 230.0, 95.0, 1986-07-11 00:00:00, 3.5
17.0, 15.3, 270.0, 85.0, 1986-07-12 00:00:00, 3.5
12.0, 15.7, 230.0, 89.0, 1986-07-13 00:00:00, 0.0
7.0, 16.4, 230.0, 86.0, 1986-07-14 00:00:00, 0.0
0.0, 15.1, 0.0, 74.0, 1986-07-15 00:00:00, 0.0
9.0, 14.2, 180.0, 83.0, 1986-07-16 00:00:00, 0.0
9.0, 12.3, 230.0, 98.0, 1986-07-17 00:00:00, 6.6
3.0, 18.5, 180.0, 77.0, 1986-07-18 00:00:00, 0.2
15.0, 21.0, 230.0, 66.0, 1986-07-19 00:00:00, 0.0
12.0, 23.1, 320.0, 65.0, 1986-07-20 00:00:00, 0.0
8.0, 22.6, 230.0, 73.0, 1986-07-21 00:00:00, 0.0
8.0, 17.3, 230.0, 88.0, 1986-07-22 00:00:00, 0.0
8.0, 20.6, 230.0, 80.0, 1986-07-23 00:00:00, 0.0
13.0, 18.1, 320.0, 78.0, 1986-07-24 00:00:00, 0.0
8.0, 16.1, 230.0, 89.0, 1986-07-25 00:00:00, 0.2
3.0, 14.4, 180.0, 89.0, 1986-07-26 00:00:00, 0.0
8.0, 17.6, 320.0, 76.0, 1986-07-27 00:00:00, 0.7
14.0, 17.0, 320.0, 73.0, 1986-07-28 00:00:00, 0.7
7.0, 15.6, 230.0, 79.0, 1986-07-29 00:00:00, 0.0
14.0, 19.9, 230.0, 69.0, 1986-07-30 00:00:00, 0.0
17.0, 21.0, 320.0, 73.0, 1986-07-31 00:00:00, 0.0
13.0, 25.8, 320.0, 63.0, 1986-08-01 00:00:00, 0.0
13.0, 26.4, 320.0, 58.0, 1986-08-02 00:00:00, 0.0
18.0, 20.3, 320.0, 70.0, 1986-08-03 00:00:00, 0.0
11.0, 20.8, 320.0, 73.0, 1986-08-04 00:00:00, 0.2
7.0, 21.1, 320.0, 74.0, 1986-08-05 00:00:00, 0.2
10.0, 28.9, 320.0, 48.0, 1986-08-06 00:00:00, 0.0
10.0, 31.5, 320.0, 37.0, 1986-08-07 00:00:00, 0.0
0.0, 30.2, 0.0, 49.0, 1986-08-08 00:00:00, 0.0
7.0, 28.0, 40.0, 55.0, 1986-08-09 00:00:00, 0.0
6.0, 14.5, 180.0, 80.0, 1986-08-10 00:00:00, 0.0
14.0, 16.0, 230.0, 81.0, 1986-08-11 00:00:00, 0.0
9.0, 15.8, 230.0, 85.0, 1986-08-12 00:00:00, 0.0
11.0, 23.8, 230.0, 68.0, 1986-08-13 00:00:00, 0.0
11.0, 24.2, 230.0, 69.0, 1986-08-14 00:00:00, 0.0
17.0, 21.1, 320.0, 64.0, 1986-08-15 00:00:00, 0.0
13.0, 23.2, 320.0, 46.0, 1986-08-16 00:00:00, 0.0
9.0, 24.3, 230.0, 51.0, 1986-08-17 00:00:00, 0.0
11.0, 20.6, 230.0, 67.0, 1986-08-18 00:00:00, 0.0
8.0, 22.9, 230.0, 67.0, 1986-08-19 00:00:00, 0.0
10.0, 25.5, 320.0, 23.0, 1986-08-20 00:00:00, 0.0
3.0, 26.6, 40.0, 25.0, 1986-08-21 00:00:00, 0.0
2.0, 24.5, 140.0, 38.0, 1986-08-22 00:00:00, 0.0
0.0, 17.9, 0.0, 64.0, 1986-08-23 00:00:00, 0.0
0.0, 20.4, 0.0, 79.0, 1986-08-24 00:00:00, 0.0
0.0, 22.9, 0.0, 62.0, 1986-08-25 00:00:00, 0.0
0.0, 28.4, 0.0, 42.0, 1986-08-26 00:00:00, 0.0
12.0, 30.4, 320.0, 37.0, 1986-08-27 00:00:00, 0.0
3.0, 20.5, 0.0, 79.0, 1986-08-28 00:00:00, 0.0
0.0, 17.5, 0.0, 93.0, 1986-08-29 00:00:00, 8.6
8.0, 17.0, 230.0, 90.0, 1986-08-30 00:00:00, 0.2
8.0, 20.6, 230.0, 76.0, 1986-08-31 00:00:00, 0.2
10.0, 19.5, 230.0, 84.0, 1986-09-01 00:00:00, 0.0
11.0, 21.4, 230.0, 86.0, 1986-09-02 00:00:00, 1.0
18.0, 15.9, 320.0, 70.0, 1986-09-03 00:00:00, 0.0
12.0, 16.4, 320.0, 73.0, 1986-09-04 00:00:00, 0.0
7.0, 21.1, 320.0, 74.0, 1986-09-05 00:00:00, 0.2
8.0, 12.2, 320.0, 92.0, 1986-09-06 00:00:00, 0.0
0.0, 12.3, 0.0, 96.0, 1986-09-07 00:00:00, 0.0
0.0, 15.7, 0.0, 97.0, 1986-09-08 00:00:00, 0.0
12.0, 12.3, 320.0, 97.0, 1986-09-09 00:00:00, 1.2
6.0, 16.7, 180.0, 99.0, 1986-09-10 00:00:00, 0.0
8.0, 16.0, 230.0, 72.0, 1986-09-11 00:00:00, 0.0
6.0, 18.9, 0.0, 49.0, 1986-09-12 00:00:00, 0.0
0.0, 15.5, 0.0, 73.0, 1986-09-13 00:00:00, 3.5
6.0, 14.4, 270.0, 72.0, 1986-09-14 00:00:00, 2.3
9.0, 16.6, 320.0, 71.0, 1986-09-15 00:00:00, 0.0
1.0, 16.3, 320.0, 75.0, 1986-09-16 00:00:00, 0.0
10.0, 17.5, 230.0, 71.0, 1986-09-17 00:00:00, 5.3
9.0, 18.8, 230.0, 75.0, 1986-09-18 00:00:00, 1.0
11.0, 20.2, 230.0, 68.0, 1986-09-19 00:00:00, 0.0
7.0, 18.3, 230.0, 73.0, 1986-09-20 00:00:00, 0.0
6.0, 13.7, 230.0, 86.0, 1986-09-21 00:00:00, 0.0
8.0, 11.8, 230.0, 91.0, 1986-09-22 00:00:00, 0.0
21.0, 11.7, 230.0, 94.0, 1986-09-23 00:00:00, 84.8
2.0, 10.4, 270.0, 94.0, 1986-09-24 00:00:00, 5.0
8.0, 13.2, 230.0, 82.0, 1986-09-25 00:00:00, 0.7
8.0, 16.3, 180.0, 71.0, 1986-09-26 00:00:00, 0.2
0.0, 11.9, 0.0, 91.0, 1986-09-27 00:00:00, 0.0
6.0, 11.4, 230.0, 99.0, 1986-09-28 00:00:00, 3.3
12.0, 13.4, 230.0, 90.0, 1986-09-29 00:00:00, 13.9
5.0, 15.7, 0.0, 72.0, 1986-09-30 00:00:00, 0.2
7.0, 15.5, 230.0, 78.0, 1986-10-01 00:00:00, 0.2
0.0, 14.2, 0.0, 80.0, 1986-10-02 00:00:00, 0.0
4.0, 13.0, 230.0, 90.0, 1986-10-03 00:00:00, 0.0
2.0, 18.2, 230.0, 86.0, 1986-10-04 00:00:00, 0.2
0.0, 14.6, 0.0, 90.0, 1986-10-05 00:00:00, 0.0
7.0, 16.7, 230.0, 84.0, 1986-10-06 00:00:00, 0.2
10.0, 14.9, 230.0, 90.0, 1986-10-07 00:00:00, 0.0
2.0, 17.6, 230.0, 77.0, 1986-10-08 00:00:00, 0.2
0.0, 11.7, 0.0, 93.0, 1986-10-09 00:00:00, 0.0
15.0, 18.1, 0.0, 44.0, 1986-10-10 00:00:00, 0.0
3.0, 19.5, 0.0, 34.0, 1986-10-11 00:00:00, 0.0
6.0, 18.8, 230.0, 45.0, 1986-10-12 00:00:00, 0.0
6.0, 16.8, 230.0, 59.0, 1986-10-13 00:00:00, 0.0
2.0, 16.6, 270.0, 71.0, 1986-10-14 00:00:00, 0.0
1.0, 15.4, 320.0, 69.0, 1986-10-15 00:00:00, 0.0
13.0, 23.3, 140.0, 19.0, 1987-04-01 00:00:00, 0.0
2.0, 15.3, 140.0, 52.0, 1987-04-02 00:00:00, 0.0
13.0, 10.4, 140.0, 92.0, 1987-04-03 00:00:00, 0.0
7.0, 10.0, 140.0, 95.0, 1987-04-04 00:00:00, 1.7
6.0, 8.8, 140.0, 89.0, 1987-04-05 00:00:00, 6.8
3.0, 7.9, 270.0, 88.0, 1987-04-06 00:00:00, 23.0
6.0, 8.9, 40.0, 74.0, 1987-04-07 00:00:00, 22.0
4.0, 6.5, 40.0, 80.0, 1987-04-08 00:00:00, 14.0
0.0, 6.9, 0.0, 75.0, 1987-04-09 00:00:00, 8.9
3.0, 5.2, 270.0, 85.0, 1987-04-10 00:00:00, 21.2
16.0, 8.9, 40.0, 86.0, 1987-04-11 00:00:00, 31.6
9.0, 9.6, 180.0, 87.0, 1987-04-12 00:00:00, 59.4
10.0, 9.4, 90.0, 77.0, 1987-04-13 00:00:00, 61.0
7.0, 9.9, 90.0, 88.0, 1987-04-14 00:00:00, 36.6
0.0, 8.0, 0.0, 85.0, 1987-04-15 00:00:00, 14.0
13.0, 8.4, 270.0, 84.0, 1987-04-16 00:00:00, 63.5
4.0, 9.2, 180.0, 62.0, 1987-04-17 00:00:00, 1.0
6.0, 8.3, 270.0, 60.0, 1987-04-18 00:00:00, 0.0
6.0, 7.0, 90.0, 80.0, 1987-04-19 00:00:00, 0.0
3.0, 7.9, 320.0, 78.0, 1987-04-20 00:00:00, 2.7
11.0, 7.7, 270.0, 98.0, 1987-04-21 00:00:00, 4.8
11.0, 13.2, 320.0, 48.0, 1987-04-22 00:00:00, 0.0
13.0, 14.9, 230.0, 60.0, 1987-04-23 00:00:00, 0.0
7.0, 11.4, 180.0, 51.0, 1987-04-24 00:00:00, 0.0
4.0, 13.6, 230.0, 53.0, 1987-04-25 00:00:00, 0.0
8.0, 21.8, 230.0, 27.0, 1987-04-26 00:00:00, 0.0
3.0, 20.4, 270.0, 31.0, 1987-04-27 00:00:00, 0.0
8.0, 7.3, 90.0, 96.0, 1987-04-28 00:00:00, 0.0
4.0, 15.4, 90.0, 70.0, 1987-04-29 00:00:00, 0.0
1.0, 7.5, 140.0, 97.0, 1987-04-30 00:00:00, 5.3
7.0, 8.5, 320.0, 95.0, 1987-05-01 00:00:00, 11.0
5.0, 8.6, 320.0, 93.0, 1987-05-02 00:00:00, 38.3
4.0, 10.0, 230.0, 97.0, 1987-05-03 00:00:00, 20.0
9.0, 13.5, 140.0, 71.0, 1987-05-04 00:00:00, 56.1
8.0, 17.5, 180.0, 73.0, 1987-05-05 00:00:00, 0.2
6.0, 23.4, 320.0, 38.0, 1987-05-06 00:00:00, 0.0
9.0, 26.5, 320.0, 32.0, 1987-05-07 00:00:00, 0.0
10.0, 27.8, 320.0, 35.0, 1987-05-08 00:00:00, 0.0
11.0, 20.8, 140.0, 59.0, 1987-05-09 00:00:00, 0.0
10.0, 19.7, 180.0, 60.0, 1987-05-10 00:00:00, 0.0
8.0, 11.7, 230.0, 94.0, 1987-05-11 00:00:00, 11.4
13.0, 8.8, 230.0, 91.0, 1987-05-12 00:00:00, 28.7
3.0, 1.1, 40.0, 68.0, 1987-05-13 00:00:00, 2.2
12.0, 11.6, 230.0, 78.0, 1987-05-14 00:00:00, 30.2
15.0, 11.6, 180.0, 69.0, 1987-05-15 00:00:00, 2.2
6.0, 16.8, 230.0, 51.0, 1987-05-16 00:00:00, 0.2
11.0, 14.4, 140.0, 68.0, 1987-05-17 00:00:00, 0.0
13.0, 13.1, 180.0, 47.0, 1987-05-18 00:00:00, 0.0
4.0, 16.0, 140.0, 55.0, 1987-05-19 00:00:00, 0.0
17.0, 19.6, 180.0, 47.0, 1987-05-20 00:00:00, 0.0
9.0, 16.8, 140.0, 67.0, 1987-05-21 00:00:00, 0.0
13.0, 15.5, 180.0, 62.0, 1987-05-22 00:00:00, 0.0
20.0, 16.7, 140.0, 66.0, 1987-05-23 00:00:00, 0.0
12.0, 18.1, 180.0, 66.0, 1987-05-24 00:00:00, 0.0
8.0, 13.2, 180.0, 81.0, 1987-05-25 00:00:00, 0.0
8.0, 12.1, 140.0, 87.0, 1987-05-26 00:00:00, 0.2
10.0, 10.6, 140.0, 93.0, 1987-05-27 00:00:00, 1.0
12.0, 9.7, 140.0, 95.0, 1987-05-28 00:00:00, 34.7
9.0, 10.5, 90.0, 81.0, 1987-05-29 00:00:00, 14.4
25.0, 10.6, 90.0, 89.0, 1987-05-30 00:00:00, 136.1
10.0, 7.9, 90.0, 98.0, 1987-05-31 00:00:00, 49.7
0.0, 9.9, 0.0, 92.0, 1987-06-01 00:00:00, 12.9
11.0, 17.3, 140.0, 63.0, 1987-06-02 00:00:00, 1.0
9.0, 23.5, 320.0, 46.0, 1987-06-03 00:00:00, 0.0
10.0, 10.3, 90.0, 60.0, 1987-06-04 00:00:00, 0.0
16.0, 9.6, 230.0, 97.0, 1987-06-05 00:00:00, 15.4
3.0, 16.8, 320.0, 65.0, 1987-06-06 00:00:00, 1.0
14.0, 21.4, 140.0, 51.0, 1987-06-07 00:00:00, 0.0
11.0, 17.5, 140.0, 71.0, 1987-06-08 00:00:00, 0.0
9.0, 13.6, 230.0, 82.0, 1987-06-09 00:00:00, 0.0
6.0, 10.7, 90.0, 91.0, 1987-06-10 00:00:00, 0.7
6.0, 14.4, 230.0, 81.0, 1987-06-11 00:00:00, 2.2
27.0, 12.6, 40.0, 83.0, 1987-06-12 00:00:00, 74.9
11.0, 14.5, 40.0, 71.0, 1987-06-13 00:00:00, 13.9
7.0, 17.0, 40.0, 67.0, 1987-06-14 00:00:00, 0.0
13.0, 12.7, 40.0, 65.0, 1987-06-15 00:00:00, 0.0
16.0, 15.1, 90.0, 71.0, 1987-06-16 00:00:00, 0.0
18.0, 16.7, 40.0, 64.0, 1987-06-17 00:00:00, 0.0
15.0, 17.2, 40.0, 64.0, 1987-06-18 00:00:00, 0.0
5.0, 14.7, 40.0, 82.0, 1987-06-19 00:00:00, 0.0
10.0, 12.5, 320.0, 90.0, 1987-06-20 00:00:00, 7.8
12.0, 12.3, 90.0, 87.0, 1987-06-21 00:00:00, 28.1
11.0, 12.6, 90.0, 81.0, 1987-06-22 00:00:00, 12.7
15.0, 16.9, 40.0, 69.0, 1987-06-23 00:00:00, 0.0
14.0, 21.3, 40.0, 58.0, 1987-06-24 00:00:00, 0.0
12.0, 25.1, 40.0, 51.0, 1987-06-25 00:00:00, 0.0
18.0, 24.6, 90.0, 52.0, 1987-06-26 00:00:00, 0.0
13.0, 21.0, 90.0, 69.0, 1987-06-27 00:00:00, 0.0
10.0, 25.1, 90.0, 62.0, 1987-06-28 00:00:00, 0.0
12.0, 32.3, 40.0, 36.0, 1987-06-29 00:00:00, 0.0
8.0, 24.8, 90.0, 65.0, 1987-06-30 00:00:00, 0.0
6.0, 19.2, 320.0, 73.0, 1987-07-01 00:00:00, 0.0
5.0, 16.5, 90.0, 81.0, 1987-07-02 00:00:00, 0.0
6.0, 14.8, 90.0, 86.0, 1987-07-03 00:00:00, 0.0
0.0, 13.6, 0.0, 91.0, 1987-07-04 00:00:00, 1.0
12.0, 12.2, 40.0, 91.0, 1987-07-05 00:00:00, 7.6
6.0, 14.9, 40.0, 70.0, 1987-07-06 00:00:00, 0.0
14.0, 13.7, 230.0, 95.0, 1987-07-07 00:00:00, 17.2
23.0, 14.6, 90.0, 81.0, 1987-07-08 00:00:00, 1.0
5.0, 15.9, 270.0, 79.0, 1987-07-09 00:00:00, 4.3
12.0, 21.2, 40.0, 66.0, 1987-07-10 00:00:00, 0.0
20.0, 21.3, 140.0, 65.0, 1987-07-11 00:00:00, 0.0
11.0, 20.8, 40.0, 69.0, 1987-07-12 00:00:00, 0.0
12.0, 24.8, 40.0, 59.0, 1987-07-13 00:00:00, 0.0
20.0, 23.4, 180.0, 58.0, 1987-07-14 00:00:00, 0.2
18.0, 19.8, 270.0, 55.0, 1987-07-15 00:00:00, 0.2
11.0, 19.9, 270.0, 59.0, 1987-07-16 00:00:00, 0.0
16.0, 27.9, 0.0, 23.0, 1987-07-17 00:00:00, 0.0
2.0, 20.6, 270.0, 68.0, 1987-07-18 00:00:00, 0.0
14.0, 18.7, 230.0, 73.0, 1987-07-19 00:00:00, 0.0
13.0, 21.8, 180.0, 65.0, 1987-07-20 00:00:00, 0.0
19.0, 26.1, 180.0, 55.0, 1987-07-21 00:00:00, 0.0
7.0, 15.1, 140.0, 85.0, 1987-07-22 00:00:00, 0.0
11.0, 22.7, 230.0, 69.0, 1987-07-23 00:00:00, 0.0
5.0, 15.5, 140.0, 91.0, 1987-07-24 00:00:00, 0.2
6.0, 13.0, 230.0, 94.0, 1987-07-25 00:00:00, 0.5
11.0, 18.8, 180.0, 76.0, 1987-07-26 00:00:00, 0.0
6.0, 18.8, 180.0, 69.0, 1987-07-27 00:00:00, 9.1
14.0, 20.2, 180.0, 65.0, 1987-07-28 00:00:00, 0.0
12.0, 20.5, 180.0, 63.0, 1987-07-29 00:00:00, 0.5
16.0, 20.7, 230.0, 60.0, 1987-07-30 00:00:00, 0.0
11.0, 15.1, 230.0, 79.0, 1987-07-31 00:00:00, 0.7
17.0, 20.2, 180.0, 65.0, 1987-08-01 00:00:00, 0.0
11.0, 23.1, 230.0, 57.0, 1987-08-02 00:00:00, 0.0
12.0, 26.0, 180.0, 47.0, 1987-08-03 00:00:00, 0.0
21.0, 16.6, 230.0, 87.0, 1987-08-04 00:00:00, 0.0
7.0, 17.9, 140.0, 80.0, 1987-08-05 00:00:00, 0.0
15.0, 22.2, 230.0, 68.0, 1987-08-06 00:00:00, 0.0
10.0, 25.4, 270.0, 62.0, 1987-08-07 00:00:00, 0.0
11.0, 29.3, 230.0, 47.0, 1987-08-08 00:00:00, 0.0
3.0, 22.2, 320.0, 66.0, 1987-08-09 00:00:00, 0.0
6.0, 17.9, 230.0, 75.0, 1987-08-10 00:00:00, 0.0
13.0, 21.3, 140.0, 65.0, 1987-08-11 00:00:00, 0.0
7.0, 16.6, 230.0, 83.0, 1987-08-12 00:00:00, 0.0
11.0, 15.2, 180.0, 91.0, 1987-08-13 00:00:00, 6.0
11.0, 18.7, 180.0, 80.0, 1987-08-14 00:00:00, 0.0
8.0, 15.2, 230.0, 85.0, 1987-08-15 00:00:00, 0.0
11.0, 15.3, 230.0, 82.0, 1987-08-16 00:00:00, 0.0
15.0, 19.2, 230.0, 73.0, 1987-08-17 00:00:00, 0.0
14.0, 22.5, 180.0, 60.0, 1987-08-18 00:00:00, 0.0
15.0, 16.2, 180.0, 78.0, 1987-08-19 00:00:00, 0.0
13.0, 20.9, 230.0, 51.0, 1987-08-20 00:00:00, 0.0
14.0, 21.5, 230.0, 58.0, 1987-08-21 00:00:00, 0.0
12.0, 24.6, 230.0, 42.0, 1987-08-22 00:00:00, 0.0
10.0, 27.4, 270.0, 35.0, 1987-08-23 00:00:00, 0.0
10.0, 23.9, 230.0, 58.0, 1987-08-24 00:00:00, 0.0
9.0, 23.0, 230.0, 65.0, 1987-08-25 00:00:00, 0.0
8.0, 21.6, 180.0, 66.0, 1987-08-26 00:00:00, 0.0
2.0, 22.7, 230.0, 68.0, 1987-08-27 00:00:00, 0.0
4.0, 17.3, 320.0, 77.0, 1987-08-28 00:00:00, 0.0
10.0, 23.1, 230.0, 58.0, 1987-08-29 00:00:00, 0.0
0.0, 28.0, 0.0, 44.0, 1987-08-30 00:00:00, 0.0
0.0, 32.0, 0.0, 34.0, 1987-08-31 00:00:00, 0.0
4.0, 26.0, 230.0, 39.0, 1987-09-01 00:00:00, 0.0
13.0, 17.8, 230.0, 80.0, 1987-09-02 00:00:00, 15.7
15.0, 21.0, 230.0, 63.0, 1987-09-03 00:00:00, 0.5
12.0, 24.8, 230.0, 55.0, 1987-09-04 00:00:00, 0.0
7.0, 25.9, 180.0, 53.0, 1987-09-05 00:00:00, 0.0
11.0, 28.0, 230.0, 43.0, 1987-09-06 00:00:00, 0.0
7.0, 19.0, 320.0, 78.0, 1987-09-07 00:00:00, 0.0
8.0, 18.5, 230.0, 79.0, 1987-09-08 00:00:00, 0.0
5.0, 19.5, 230.0, 75.0, 1987-09-09 00:00:00, 0.2
9.0, 21.4, 230.0, 68.0, 1987-09-10 00:00:00, 0.0
7.0, 14.4, 230.0, 87.0, 1987-09-11 00:00:00, 0.2
8.0, 15.7, 230.0, 82.0, 1987-09-12 00:00:00, 0.0
6.0, 15.3, 140.0, 80.0, 1987-09-13 00:00:00, 0.5
13.0, 14.9, 230.0, 89.0, 1987-09-14 00:00:00, 40.6
13.0, 13.6, 230.0, 78.0, 1987-09-15 00:00:00, 3.0
2.0, 15.7, 140.0, 71.0, 1987-09-16 00:00:00, 3.5
10.0, 20.2, 230.0, 59.0, 1987-09-17 00:00:00, 0.2
12.0, 17.3, 230.0, 70.0, 1987-09-18 00:00:00, 0.0
6.0, 15.2, 40.0, 88.0, 1987-09-19 00:00:00, 5.3
2.0, 21.4, 40.0, 77.0, 1987-09-20 00:00:00, 2.5
0.0, 24.6, 0.0, 64.0, 1987-09-21 00:00:00, 0.2
0.0, 24.9, 0.0, 60.0, 1987-09-22 00:00:00, 0.2
0.0, 28.5, 0.0, 42.0, 1987-09-23 00:00:00, 0.0
1.0, 14.6, 90.0, 91.0, 1987-09-24 00:00:00, 0.2
5.0, 15.5, 230.0, 85.0, 1987-09-25 00:00:00, 0.5
11.0, 15.7, 230.0, 69.0, 1987-09-26 00:00:00, 2.2
6.0, 17.6, 180.0, 67.0, 1987-09-27 00:00:00, 0.0
0.0, 22.4, 0.0, 46.0, 1987-09-28 00:00:00, 0.0
5.0, 24.0, 180.0, 50.0, 1987-09-29 00:00:00, 0.0
1.0, 27.1, 270.0, 38.0, 1987-09-30 00:00:00, 0.0
5.0, 29.1, 230.0, 38.0, 1987-10-01 00:00:00, 0.0
8.0, 16.6, 0.0, 91.0, 1987-10-02 00:00:00, 0.2
9.0, 15.3, 230.0, 81.0, 1987-10-03 00:00:00, 9.3
2.0, 16.3, 180.0, 71.0, 1987-10-04 00:00:00, 1.0
0.0, 21.2, 0.0, 40.0, 1987-10-05 00:00:00, 0.0
10.0, 22.7, 320.0, 44.0, 1987-10-06 00:00:00, 0.0
5.0, 22.9, 180.0, 48.0, 1987-10-07 00:00:00, 0.0
4.0, 19.5, 180.0, 67.0, 1987-10-08 00:00:00, 0.0
13.0, 20.3, 320.0, 34.0, 1987-10-09 00:00:00, 0.0
3.0, 23.0, 230.0, 32.0, 1987-10-10 00:00:00, 0.0
1.0, 22.2, 230.0, 34.0, 1987-10-11 00:00:00, 0.0
8.0, 18.3, 180.0, 52.0, 1987-10-12 00:00:00, 0.0
7.0, 18.1, 230.0, 56.0, 1987-10-13 00:00:00, 0.0
11.0, 15.0, 230.0, 64.0, 1987-10-14 00:00:00, 0.0
0.0, 13.7, 0.0, 67.0, 1987-10-15 00:00:00, 0.0
11.0, 14.9, 180.0, 70.0, 1987-10-16 00:00:00, 0.0
2.0, 14.2, 270.0, 70.0, 1987-10-17 00:00:00, 0.0
6.0, 15.7, 180.0, 60.0, 1987-10-18 00:00:00, 0.0
14.0, 19.3, 320.0, 41.0, 1987-10-19 00:00:00, 0.0
6.0, 20.0, 230.0, 46.0, 1987-10-20 00:00:00, 0.0
0.0, 17.9, 0.0, 46.0, 1987-10-21 00:00:00, 0.0
0.0, 9.2, 0.0, 95.0, 1987-10-22 00:00:00, 0.2
8.0, 11.3, 230.0, 87.0, 1987-10-23 00:00:00, 0.0
12.0, 12.9, 180.0, 82.0, 1987-10-24 00:00:00, 0.0
13.0, 13.7, 230.0, 86.0, 1987-10-25 00:00:00, 8.1
11.0, 13.3, 320.0, 63.0, 1987-10-26 00:00:00, 0.5
4.0, 10.9, 140.0, 81.0, 1987-10-27 00:00:00, 0.0
0.0, 13.3, 0.0, 73.0, 1987-10-28 00:00:00, 0.0
0.0, 13.8, 0.0, 98.0, 1987-10-29 00:00:00, 13.4
15.0, 13.1, 180.0, 91.0, 1987-10-30 00:00:00, 8.1
0.0, 12.1, 0.0, 94.0, 1987-10-31 00:00:00, 56.8
0.0, 7.0, 0.0, 80.0, 1988-05-01 00:00:00, 0.3
0.0, 6.1, 0.0, 96.0, 1988-05-02 00:00:00, 68.1
0.0, 6.9, 0.0, 93.0, 1988-05-03 00:00:00, 17.0
0.0, 13.2, 0.0, 76.0, 1988-05-04 00:00:00, 2.3
0.0, 13.1, 0.0, 71.0, 1988-05-05 00:00:00, 0.0
0.0, 12.2, 0.0, 78.0, 1988-05-06 00:00:00, 0.3
0.0, 18.2, 0.0, 61.0, 1988-05-07 00:00:00, 2.0
0.0, 15.8, 0.0, 78.0, 1988-05-08 00:00:00, 1.8
0.0, 14.5, 0.0, 58.0, 1988-05-09 00:00:00, 0.0
0.0, 18.9, 0.0, 70.0, 1988-05-10 00:00:00, 0.3
0.0, 23.8, 0.0, 60.0, 1988-05-11 00:00:00, 0.0
0.0, 17.2, 0.0, 63.0, 1988-05-12 00:00:00, 0.0
0.0, 9.6, 0.0, 92.0, 1988-05-13 00:00:00, 29.5
0.0, 11.6, 0.0, 81.0, 1988-05-14 00:00:00, 12.4
0.0, 11.2, 0.0, 95.0, 1988-05-15 00:00:00, 6.1
0.0, 11.3, 0.0, 85.0, 1988-05-16 00:00:00, 0.3
0.0, 9.8, 0.0, 86.0, 1988-05-17 00:00:00, 28.2
0.0, 9.7, 0.0, 96.0, 1988-05-18 00:00:00, 14.7
0.0, 11.4, 0.0, 80.0, 1988-05-19 00:00:00, 0.5
0.0, 17.9, 0.0, 62.0, 1988-05-20 00:00:00, 0.0
0.0, 25.9, 0.0, 36.0, 1988-05-21 00:00:00, 0.0
0.0, 11.8, 0.0, 95.0, 1988-05-22 00:00:00, 4.8
0.0, 11.9, 0.0, 66.0, 1988-05-23 00:00:00, 15.7
0.0, 13.5, 0.0, 72.0, 1988-05-24 00:00:00, 0.0
0.0, 12.2, 0.0, 84.0, 1988-05-25 00:00:00, 0.5
0.0, 10.6, 0.0, 86.0, 1988-05-26 00:00:00, 0.3
0.0, 10.8, 0.0, 94.0, 1988-05-27 00:00:00, 41.4
0.0, 10.2, 0.0, 92.0, 1988-05-28 00:00:00, 61.0
3.0, 13.4, 230.0, 67.0, 1988-05-29 00:00:00, 1.0
0.0, 12.3, 0.0, 72.0, 1988-05-30 00:00:00, 0.0
0.0, 10.4, 0.0, 82.0, 1988-05-31 00:00:00, 19.3
0.0, 6.6, 0.0, 95.0, 1988-06-01 00:00:00, 29.0
0.0, 8.6, 0.0, 94.0, 1988-06-02 00:00:00, 14.2
0.0, 9.8, 0.0, 87.0, 1988-06-03 00:00:00, 22.1
17.0, 13.5, 230.0, 70.0, 1988-06-04 00:00:00, 0.3
10.0, 16.5, 230.0, 64.0, 1988-06-05 00:00:00, 0.0
12.0, 13.2, 230.0, 83.0, 1988-06-06 00:00:00, 0.8
8.0, 14.3, 270.0, 83.0, 1988-06-07 00:00:00, 6.3
1.0, 15.7, 230.0, 66.0, 1988-06-08 00:00:00, 0.0
10.0, 19.8, 230.0, 54.0, 1988-06-09 00:00:00, 0.0
0.0, 10.6, 0.0, 88.0, 1988-06-10 00:00:00, 1.0
0.0, 15.8, 0.0, 72.0, 1988-06-11 00:00:00, 0.3
17.0, 17.4, 180.0, 68.0, 1988-06-12 00:00:00, 0.0
0.0, 21.1, 0.0, 61.0, 1988-06-13 00:00:00, 0.0
0.0, 24.1, 0.0, 47.0, 1988-06-14 00:00:00, 0.0
0.0, 17.6, 0.0, 78.0, 1988-06-15 00:00:00, 0.0
0.0, 15.3, 0.0, 79.0, 1988-06-16 00:00:00, 0.0
0.0, 12.7, 0.0, 94.0, 1988-06-17 00:00:00, 4.3
0.0, 11.2, 0.0, 92.0, 1988-06-18 00:00:00, 8.6
0.0, 17.2, 0.0, 73.0, 1988-06-19 00:00:00, 0.3
0.0, 14.2, 0.0, 86.0, 1988-06-20 00:00:00, 0.0
0.0, 14.6, 0.0, 80.0, 1988-06-21 00:00:00, 0.0
0.0, 11.7, 0.0, 94.0, 1988-06-22 00:00:00, 5.6
0.0, 11.0, 0.0, 88.0, 1988-06-23 00:00:00, 0.0
0.0, 13.2, 0.0, 82.0, 1988-06-24 00:00:00, 0.0
0.0, 12.9, 0.0, 90.0, 1988-06-25 00:00:00, 0.0
0.0, 12.3, 0.0, 93.0, 1988-06-26 00:00:00, 0.8
0.0, 14.0, 0.0, 79.0, 1988-06-27 00:00:00, 0.3
4.0, 15.5, 230.0, 66.0, 1988-06-28 00:00:00, 0.0
0.0, 13.6, 0.0, 82.0, 1988-06-29 00:00:00, 0.3
0.0, 16.0, 0.0, 72.0, 1988-06-30 00:00:00, 0.0
0.0, 14.4, 0.0, 93.0, 1988-07-01 00:00:00, 4.1
0.0, 12.2, 0.0, 90.0, 1988-07-02 00:00:00, 5.6
0.0, 15.8, 0.0, 65.0, 1988-07-03 00:00:00, 0.0
0.0, 12.8, 0.0, 81.0, 1988-07-04 00:00:00, 0.0
0.0, 11.7, 0.0, 94.0, 1988-07-05 00:00:00, 1.5
0.0, 12.3, 0.0, 93.0, 1988-07-06 00:00:00, 2.5
0.0, 20.2, 0.0, 67.0, 1988-07-07 00:00:00, 0.3
0.0, 22.6, 0.0, 63.0, 1988-07-08 00:00:00, 0.0
0.0, 18.3, 0.0, 77.0, 1988-07-09 00:00:00, 0.0
0.0, 14.7, 0.0, 89.0, 1988-07-10 00:00:00, 0.3
10.0, 12.9, 230.0, 94.0, 1988-07-11 00:00:00, 6.6
5.0, 12.7, 180.0, 93.0, 1988-07-12 00:00:00, 8.6
2.0, 14.7, 230.0, 89.0, 1988-07-13 00:00:00, 9.1
5.0, 16.3, 180.0, 77.0, 1988-07-14 00:00:00, 0.0
13.0, 18.2, 270.0, 77.0, 1988-07-15 00:00:00, 0.0
11.0, 19.2, 230.0, 63.0, 1988-07-16 00:00:00, 0.0
6.0, 20.0, 230.0, 67.0, 1988-07-17 00:00:00, 0.0
7.0, 27.2, 230.0, 42.0, 1988-07-18 00:00:00, 0.0
7.0, 32.2, 230.0, 32.0, 1988-07-19 00:00:00, 0.0
7.0, 25.3, 270.0, 55.0, 1988-07-20 00:00:00, 0.0
24.0, 17.4, 230.0, 80.0, 1988-07-21 00:00:00, 0.0
5.0, 19.0, 230.0, 77.0, 1988-07-22 00:00:00, 0.0
4.0, 20.8, 230.0, 73.0, 1988-07-23 00:00:00, 0.0
5.0, 23.4, 230.0, 70.0, 1988-07-24 00:00:00, 0.3
5.0, 28.6, 230.0, 52.0, 1988-07-25 00:00:00, 0.0
21.0, 22.7, 230.0, 55.0, 1988-07-26 00:00:00, 0.0
5.0, 18.5, 230.0, 74.0, 1988-07-27 00:00:00, 0.0
4.0, 16.4, 230.0, 81.0, 1988-07-28 00:00:00, 0.0
21.0, 18.0, 230.0, 80.0, 1988-07-29 00:00:00, 0.3
23.0, 19.1, 230.0, 72.0, 1988-07-30 00:00:00, 0.0
10.0, 17.3, 180.0, 81.0, 1988-07-31 00:00:00, 0.3
17.0, 21.5, 230.0, 59.0, 1988-08-01 00:00:00, 0.0
9.0, 25.9, 230.0, 52.0, 1988-08-02 00:00:00, 0.0
15.0, 28.7, 230.0, 39.0, 1988-08-03 00:00:00, 0.0
19.0, 22.4, 230.0, 60.0, 1988-08-04 00:00:00, 0.0
8.0, 17.2, 270.0, 79.0, 1988-08-05 00:00:00, 0.0
5.0, 15.5, 230.0, 79.0, 1988-08-06 00:00:00, 0.0
15.0, 18.6, 230.0, 75.0, 1988-08-07 00:00:00, 0.0
0.0, 16.4, 0.0, 82.0, 1988-08-08 00:00:00, 0.0
8.0, 17.6, 230.0, 88.0, 1988-08-09 00:00:00, 1.5
10.0, 19.9, 230.0, 81.0, 1988-08-10 00:00:00, 0.0
14.0, 20.9, 230.0, 73.0, 1988-08-11 00:00:00, 0.0
12.0, 18.9, 230.0, 71.0, 1988-08-12 00:00:00, 0.0
8.0, 16.0, 180.0, 79.0, 1988-08-13 00:00:00, 0.0
3.0, 14.5, 90.0, 90.0, 1988-08-14 00:00:00, 0.0
1.0, 13.8, 320.0, 92.0, 1988-08-15 00:00:00, 6.1
3.0, 14.6, 50.0, 89.0, 1988-08-16 00:00:00, 12.4
0.0, 14.4, 0.0, 92.0, 1988-08-17 00:00:00, 14.5
8.0, 17.5, 230.0, 79.0, 1988-08-18 00:00:00, 0.3
10.0, 16.0, 230.0, 91.0, 1988-08-19 00:00:00, 4.1
12.0, 17.8, 230.0, 78.0, 1988-08-20 00:00:00, 0.3
14.0, 20.9, 230.0, 64.0, 1988-08-21 00:00:00, 0.0
6.0, 26.6, 230.0, 54.0, 1988-08-22 00:00:00, 0.0
8.0, 30.2, 270.0, 45.0, 1988-08-23 00:00:00, 0.0
2.0, 16.2, 0.0, 84.0, 1988-08-24 00:00:00, 0.0
6.0, 16.9, 230.0, 79.0, 1988-08-25 00:00:00, 0.0
9.0, 20.5, 230.0, 78.0, 1988-08-26 00:00:00, 0.0
12.0, 25.0, 230.0, 68.0, 1988-08-27 00:00:00, 0.0
9.0, 25.8, 270.0, 64.0, 1988-08-28 00:00:00, 0.0
13.0, 16.8, 230.0, 79.0, 1988-08-29 00:00:00, 2.3
12.0, 18.7, 230.0, 76.0, 1988-08-30 00:00:00, 0.0
12.0, 21.7, 230.0, 63.0, 1988-08-31 00:00:00, 0.3
8.0, 28.6, 230.0, 47.0, 1988-09-01 00:00:00, 0.0
10.0, 31.2, 230.0, 37.0, 1988-09-02 00:00:00, 0.0
10.0, 23.5, 230.0, 67.0, 1988-09-03 00:00:00, 0.0
7.0, 17.2, 230.0, 87.0, 1988-09-04 00:00:00, 0.0
10.0, 18.2, 270.0, 81.0, 1988-09-05 00:00:00, 0.0
19.0, 13.7, 230.0, 92.0, 1988-09-06 00:00:00, 2.3
11.0, 17.5, 230.0, 84.0, 1988-09-07 00:00:00, 9.9
16.0, 16.9, 230.0, 74.0, 1988-09-08 00:00:00, 0.0
18.0, 16.1, 230.0, 74.0, 1988-09-09 00:00:00, 0.3
9.0, 19.8, 50.0, 35.0, 1988-09-10 00:00:00, 0.3
9.0, 23.6, 270.0, 42.0, 1988-09-11 00:00:00, 0.0
7.0, 26.3, 230.0, 50.0, 1988-09-12 00:00:00, 0.0
7.0, 28.5, 270.0, 36.0, 1988-09-13 00:00:00, 0.0
11.0, 23.0, 230.0, 57.0, 1988-09-14 00:00:00, 0.0
6.0, 14.1, 270.0, 90.0, 1988-09-15 00:00:00, 0.5
15.0, 15.3, 230.0, 76.0, 1988-09-16 00:00:00, 0.0
9.0, 17.2, 0.0, 57.0, 1988-09-17 00:00:00, 3.6
8.0, 9.9, 320.0, 91.0, 1988-09-18 00:00:00, 1.8
11.0, 12.6, 0.0, 92.0, 1988-09-19 00:00:00, 31.7
8.0, 17.9, 270.0, 76.0, 1988-09-20 00:00:00, 0.0
9.0, 13.3, 270.0, 88.0, 1988-09-21 00:00:00, 0.3
6.0, 10.4, 230.0, 93.0, 1988-09-22 00:00:00, 0.3
16.0, 12.1, 230.0, 90.0, 1988-09-23 00:00:00, 22.4
2.0, 12.5, 320.0, 83.0, 1988-09-24 00:00:00, 0.0
12.0, 14.0, 230.0, 75.0, 1988-09-25 00:00:00, 14.0
9.0, 11.3, 230.0, 92.0, 1988-09-26 00:00:00, 18.0
13.0, 14.1, 180.0, 79.0, 1988-09-27 00:00:00, 30.7
3.0, 12.7, 270.0, 78.0, 1988-09-28 00:00:00, 1.3
5.0, 17.4, 230.0, 81.0, 1988-09-29 00:00:00, 0.0
4.0, 21.9, 0.0, 66.0, 1988-09-30 00:00:00, 0.0
11.0, 24.9, 0.0, 54.0, 1988-10-01 00:00:00, 0.0
3.0, 14.5, 0.0, 88.0, 1988-10-02 00:00:00, 0.0
5.0, 15.6, 270.0, 86.0, 1988-10-03 00:00:00, 0.0
1.0, 14.2, 0.0, 91.0, 1988-10-04 00:00:00, 2.5
3.0, 16.6, 0.0, 85.0, 1988-10-05 00:00:00, 6.6
2.0, 15.0, 0.0, 91.0, 1988-10-06 00:00:00, 0.3
4.0, 19.6, 270.0, 76.0, 1988-10-07 00:00:00, 0.3
2.0, 17.8, 50.0, 80.0, 1988-10-08 00:00:00, 0.3
2.0, 23.2, 0.0, 48.0, 1988-10-09 00:00:00, 0.0
7.0, 24.2, 270.0, 51.0, 1988-10-10 00:00:00, 0.0
1.0, 13.7, 0.0, 91.0, 1988-10-11 00:00:00, 0.3
2.0, 13.0, 50.0, 92.0, 1988-10-12 00:00:00, 0.3
5.0, 13.7, 270.0, 91.0, 1988-10-13 00:00:00, 25.7
1.0, 12.1, 140.0, 92.0, 1988-10-14 00:00:00, 10.2
14.0, 13.2, 230.0, 93.0, 1988-10-15 00:00:00, 20.3
13.0, 11.4, 230.0, 90.0, 1988-10-16 00:00:00, 11.9
20.0, 9.4, 230.0, 74.0, 1991-03-28 00:00:00, 5.0
18.0, 8.5, 180.0, 99.0, 1991-03-29 00:00:00, 2.7
10.0, 11.2, 230.0, 91.0, 1991-03-30 00:00:00, 3.0
6.0, 12.7, 320.0, 82.0, 1991-03-31 00:00:00, 0.0
5.0, 10.2, 230.0, 82.0, 1991-04-01 00:00:00, 0.5
23.0, 5.3, 90.0, 98.0, 1991-04-02 00:00:00, 5.8
20.0, 8.2, 180.0, 99.0, 1991-04-03 00:00:00, 51.3
12.0, 8.6, 140.0, 93.0, 1991-04-04 00:00:00, 22.5
20.0, 8.5, 230.0, 88.0, 1991-04-05 00:00:00, 19.3
19.0, 6.8, 90.0, 97.0, 1991-04-06 00:00:00, 7.3
10.0, 7.6, 270.0, 82.0, 1991-04-07 00:00:00, 6.0
13.0, 6.2, 90.0, 94.0, 1991-04-08 00:00:00, 4.3
16.0, 8.2, 230.0, 83.0, 1991-04-09 00:00:00, 13.9
10.0, 10.3, 270.0, 69.0, 1991-04-10 00:00:00, 6.0
11.0, 13.2, 230.0, 57.0, 1991-04-11 00:00:00, 0.0
6.0, 15.4, 320.0, 42.0, 1991-04-12 00:00:00, 0.0
8.0, 12.3, 270.0, 55.0, 1991-04-13 00:00:00, 0.0
5.0, 12.3, 180.0, 91.0, 1991-04-14 00:00:00, 0.0
9.0, 13.6, 230.0, 77.0, 1991-04-15 00:00:00, 1.2
9.0, 14.8, 230.0, 71.0, 1991-04-16 00:00:00, 0.0
11.0, 14.7, 180.0, 74.0, 1991-04-17 00:00:00, 0.0
7.0, 13.6, 270.0, 79.0, 1991-04-18 00:00:00, 0.0
12.0, 17.0, 230.0, 69.0, 1991-04-19 00:00:00, 0.0
7.0, 21.1, 320.0, 46.0, 1991-04-20 00:00:00, 0.0
7.0, 15.3, 90.0, 70.0, 1991-04-21 00:00:00, 0.0
3.0, 9.1, 230.0, 88.0, 1991-04-22 00:00:00, 1.0
21.0, 7.9, 90.0, 97.0, 1991-04-23 00:00:00, 3.3
5.0, 7.9, 180.0, 89.0, 1991-04-25 00:00:00, 3.5
10.0, 8.4, 140.0, 92.0, 1991-04-26 00:00:00, 1.5
17.0, 12.1, 230.0, 68.0, 1991-04-27 00:00:00, 0.5
11.0, 8.7, 320.0, 96.0, 1991-04-28 00:00:00, 2.2
9.0, 14.2, 320.0, 65.0, 1991-04-29 00:00:00, 1.0
12.0, 19.5, 270.0, 46.0, 1991-04-30 00:00:00, 0.0
12.0, 23.8, 270.0, 28.0, 1991-05-01 00:00:00, 0.0
12.0, 23.7, 230.0, 24.0, 1991-05-02 00:00:00, 0.0
12.0, 15.7, 90.0, 68.0, 1991-05-03 00:00:00, 0.0
11.0, 12.2, 230.0, 73.0, 1991-05-04 00:00:00, 0.0
16.0, 13.3, 180.0, 90.0, 1991-05-05 00:00:00, 8.6
29.0, 10.7, 140.0, 96.0, 1991-05-06 00:00:00, 12.4
20.0, 9.6, 90.0, 95.0, 1991-05-07 00:00:00, 16.0
14.0, 8.9, 230.0, 95.0, 1991-05-08 00:00:00, 6.3
11.0, 15.2, 230.0, 69.0, 1991-05-09 00:00:00, 4.0
7.0, 13.1, 230.0, 81.0, 1991-05-10 00:00:00, 1.5
8.0, 12.8, 270.0, 90.0, 1991-05-11 00:00:00, 1.0
14.0, 12.1, 180.0, 96.0, 1991-05-12 00:00:00, 0.7
16.0, 14.2, 230.0, 70.0, 1991-05-13 00:00:00, 0.7
19.0, 12.3, 230.0, 79.0, 1991-05-14 00:00:00, 0.7
11.0, 11.3, 90.0, 90.0, 1991-05-15 00:00:00, 0.7
11.0, 14.8, 230.0, 77.0, 1991-05-16 00:00:00, 1.0
10.0, 18.9, 230.0, 66.0, 1991-05-17 00:00:00, 0.7
8.0, 18.0, 230.0, 71.0, 1991-05-18 00:00:00, 0.7
12.0, 12.9, 180.0, 89.0, 1991-05-19 00:00:00, 0.7
11.0, 12.0, 230.0, 94.0, 1991-05-20 00:00:00, 0.7
16.0, 16.0, 230.0, 66.0, 1991-05-21 00:00:00, 0.6
15.0, 16.8, 180.0, 62.0, 1991-05-22 00:00:00, 0.5
8.0, 11.3, 230.0, 78.0, 1991-05-23 00:00:00, 0.2
8.0, 10.2, 270.0, 95.0, 1991-05-24 00:00:00, 0.5
12.0, 10.4, 230.0, 95.0, 1991-05-25 00:00:00, 0.5
10.0, 16.2, 180.0, 79.0, 1991-05-26 00:00:00, 0.2
3.0, 11.6, 270.0, 88.0, 1991-05-27 00:00:00, 0.5
11.0, 12.5, 230.0, 87.0, 1991-05-28 00:00:00, 0.2
14.0, 8.9, 90.0, 96.0, 1991-05-29 00:00:00, 0.5
11.0, 14.5, 230.0, 78.0, 1991-05-30 00:00:00, 0.2
4.0, 12.9, 320.0, 76.0, 1991-05-31 00:00:00, 0.6
10.0, 16.8, 180.0, 67.0, 1991-06-01 00:00:00, 0.2
29.0, 13.0, 230.0, 69.0, 1991-06-02 00:00:00, 0.6
23.0, 13.4, 230.0, 61.0, 1991-06-03 00:00:00, 0.2
14.0, 17.3, 180.0, 53.0, 1991-06-04 00:00:00, 0.2
11.0, 20.7, 270.0, 50.0, 1991-06-05 00:00:00, 0.2
13.0, 19.2, 230.0, 66.0, 1991-06-06 00:00:00, 0.2
10.0, 13.8, 230.0, 95.0, 1991-06-07 00:00:00, 0.2
13.0, 17.1, 230.0, 82.0, 1991-06-08 00:00:00, 0.5
11.0, 20.1, 270.0, 69.0, 1991-06-09 00:00:00, 0.2
10.0, 13.9, 230.0, 96.0, 1991-06-10 00:00:00, 0.2
8.0, 11.4, 180.0, 95.0, 1991-06-11 00:00:00, 0.2
15.0, 13.2, 180.0, 86.0, 1991-06-12 00:00:00, 0.2
14.0, 15.3, 230.0, 77.0, 1991-06-13 00:00:00, 0.2
13.0, 13.1, 180.0, 84.0, 1991-06-14 00:00:00, 0.2
14.0, 12.3, 90.0, 90.0, 1991-06-15 00:00:00, 0.2
10.0, 15.3, 230.0, 72.0, 1991-06-16 00:00:00, 0.2
14.0, 16.2, 230.0, 72.0, 1991-06-17 00:00:00, 0.2
13.0, 19.1, 230.0, 67.0, 1991-06-18 00:00:00, 0.2
11.0, 24.7, 230.0, 47.0, 1991-06-19 00:00:00, 0.2
11.0, 13.8, 230.0, 91.0, 1991-06-20 00:00:00, 1.0
2.0, 14.6, 270.0, 90.0, 1991-06-21 00:00:00, 5.0
6.0, 12.8, 230.0, 96.0, 1991-06-22 00:00:00, 4.3
7.0, 15.9, 180.0, 87.0, 1991-06-23 00:00:00, 0.2
9.0, 16.1, 230.0, 90.0, 1991-06-24 00:00:00, 0.0
11.0, 14.9, 230.0, 88.0, 1991-06-25 00:00:00, 0.2
7.0, 14.0, 230.0, 89.0, 1991-06-26 00:00:00, 0.0
10.0, 20.2, 230.0, 71.0, 1991-06-27 00:00:00, 0.0
12.0, 16.3, 230.0, 87.0, 1991-06-28 00:00:00, 0.0
1.0, 14.1, 230.0, 93.0, 1991-06-29 00:00:00, 0.2
19.0, 14.6, 140.0, 89.0, 1991-06-30 00:00:00, 1.5
7.0, 19.5, 230.0, 83.0, 1991-07-01 00:00:00, 1.2
12.0, 25.5, 230.0, 59.0, 1991-07-02 00:00:00, 0.0
15.0, 19.0, 230.0, 76.0, 1991-07-03 00:00:00, 0.0
4.0, 14.7, 230.0, 88.0, 1991-07-04 00:00:00, 0.0
12.0, 19.5, 230.0, 68.0, 1991-07-05 00:00:00, 0.0
9.0, 21.3, 270.0, 62.0, 1991-07-06 00:00:00, 0.0
17.0, 25.7, 230.0, 44.0, 1991-07-07 00:00:00, 0.0
8.0, 21.5, 270.0, 88.0, 1991-07-08 00:00:00, 0.0
7.0, 18.2, 320.0, 74.0, 1991-07-09 00:00:00, 0.0
6.0, 13.3, 180.0, 86.0, 1991-07-10 00:00:00, 0.2
14.0, 16.2, 90.0, 82.0, 1991-07-11 00:00:00, 0.7
6.0, 19.2, 180.0, 84.0, 1991-07-12 00:00:00, 3.0
21.0, 15.3, 230.0, 80.0, 1991-07-13 00:00:00, 0.5
11.0, 16.1, 140.0, 70.0, 1991-07-14 00:00:00, 0.0
