station_observations
wind_speed, temperature, wind_direction, relative_humidity, time, precipitation
1.0, 14.4, 230.0, 22.0, 1991-04-18 00:00:00, 0.0
8.0, 16.6, 230.0, 22.0, 1991-04-19 00:00:00, 0.0
8.0, 19.3, 0.0, 19.0, 1991-04-20 00:00:00, 0.0
10.0, 20.2, 90.0, 20.0, 1991-04-21 00:00:00, 0.0
6.0, 20.2, 230.0, 19.0, 1991-04-22 00:00:00, 0.0
13.0, 19.5, 140.0, 27.0, 1991-04-23 00:00:00, 0.0
26.0, 12.6, 140.0, 54.0, 1991-04-24 00:00:00, 0.8
17.0, 11.7, 140.0, 30.0, 1991-04-25 00:00:00, 0.0
17.0, 11.4, 140.0, 34.0, 1991-04-26 00:00:00, 0.0
19.0, 13.6, 270.0, 36.0, 1991-04-27 00:00:00, 0.0
8.0, 13.3, 140.0, 27.0, 1991-04-28 00:00:00, 0.0
11.0, 14.7, 270.0, 26.0, 1991-04-29 00:00:00, 0.0
9.0, 11.8, 230.0, 45.0, 1991-04-30 00:00:00, 0.0
11.0, 11.5, 320.0, 33.0, 1991-05-01 00:00:00, 2.5
9.0, 12.6, 50.0, 26.0, 1991-05-02 00:00:00, 0.0
5.0, 11.2, 180.0, 41.0, 1991-05-03 00:00:00, 0.0
8.0, 14.0, 140.0, 30.0, 1991-05-04 00:00:00, 0.0
19.0, 13.7, 140.0, 51.0, 1991-05-05 00:00:00, 1.5
18.0, 14.0, 90.0, 50.0, 1991-05-06 00:00:00, 0.0
8.0, 11.4, 180.0, 76.0, 1991-05-07 00:00:00, 6.4
11.0, 8.2, 180.0, 95.0, 1991-05-08 00:00:00, 6.1
31.0, 9.9, 140.0, 53.0, 1991-05-09 00:00:00, 0.8
13.0, 16.3, 0.0, 43.0, 1991-05-10 00:00:00, 1.3
8.0, 19.9, 320.0, 35.0, 1991-05-11 00:00:00, 0.0
0.0, 11.1, 50.0, 96.0, 1991-05-12 00:00:00, 1.0
32.0, 17.5, 90.0, 42.0, 1991-05-13 00:00:00, 1.8
13.0, 15.6, 90.0, 44.0, 1991-05-14 00:00:00, 0.0
6.0, 16.4, 180.0, 32.0, 1991-05-15 00:00:00, 2.0
5.0, 19.4, 180.0, 30.0, 1991-05-16 00:00:00, 0.0
11.0, 22.2, 320.0, 44.0, 1991-05-17 00:00:00, 1.5
11.0, 15.5, 180.0, 70.0, 1991-05-18 00:00:00, 0.5
2.0, 14.2, 180.0, 80.0, 1991-05-19 00:00:00, 5.8
1.0, 20.5, 230.0, 38.0, 1991-05-20 00:00:00, 0.0
24.0, 15.3, 180.0, 68.0, 1991-05-21 00:00:00, 2.0
24.0, 19.0, 180.0, 33.0, 1991-05-22 00:00:00, 0.0
10.0, 17.8, 180.0, 32.0, 1991-05-23 00:00:00, 0.0
1.0, 9.9, 180.0, 92.0, 1991-05-24 00:00:00, 0.0
29.0, 12.3, 180.0, 48.0, 1991-05-25 00:00:00, 0.0
11.0, 14.0, 230.0, 51.0, 1991-05-26 00:00:00, 0.0
5.0, 17.5, 90.0, 40.0, 1991-05-27 00:00:00, 0.0
13.0, 17.6, 270.0, 44.0, 1991-05-28 00:00:00, 0.0
8.0, 17.3, 180.0, 48.0, 1991-05-29 00:00:00, 0.0
11.0, 22.3, 0.0, 31.0, 1991-05-30 00:00:00, 0.0
18.0, 19.9, 180.0, 48.0, 1991-05-31 00:00:00, 0.0
13.0, 22.0, 140.0, 32.0, 1991-06-01 00:00:00, 0.0
17.0, 24.0, 180.0, 31.0, 1991-06-02 00:00:00, 0.0
32.0, 18.3, 180.0, 12.0, 1991-06-03 00:00:00, 0.0
10.0, 16.3, 90.0, 22.0, 1991-06-04 00:00:00, 0.0
15.0, 19.0, 0.0, 24.0, 1991-06-05 00:00:00, 0.3
13.0, 18.4, 180.0, 44.0, 1991-06-06 00:00:00, 0.0
23.0, 13.1, 230.0, 74.0, 1991-06-07 00:00:00, 1.0
24.0, 16.6, 180.0, 56.0, 1991-06-08 00:00:00, 1.0
15.0, 20.4, 180.0, 41.0, 1991-06-09 00:00:00, 0.0
12.0, 24.3, 230.0, 36.0, 1991-06-10 00:00:00, 0.0
2.0, 6.3, 140.0, 94.0, 1991-06-11 00:00:00, 15.2
33.0, 15.1, 180.0, 39.0, 1991-06-12 00:00:00, 1.0
7.0, 14.5, 230.0, 36.0, 1991-06-13 00:00:00, 0.0
20.0, 14.4, 180.0, 43.0, 1991-06-14 00:00:00, 0.0
19.0, 14.8, 180.0, 42.0, 1991-06-15 00:00:00, 0.3
25.0, 16.1, 180.0, 43.0, 1991-06-16 00:00:00, 1.8
18.0, 13.8, 180.0, 48.0, 1991-06-17 00:00:00, 0.5
9.0, 19.1, 180.0, 35.0, 1991-06-18 00:00:00, 0.0
3.0, 19.8, 0.0, 38.0, 1991-06-19 00:00:00, 0.0
8.0, 14.8, 180.0, 80.0, 1991-06-20 00:00:00, 0.0
3.0, 16.6, 0.0, 53.0, 1991-06-21 00:00:00, 3.8
3.0, 17.7, 0.0, 56.0, 1991-06-22 00:00:00, 0.0
15.0, 13.6, 320.0, 84.0, 1991-06-23 00:00:00, 2.0
4.0, 22.1, 50.0, 33.0, 1991-06-24 00:00:00, 0.0
6.0, 19.9, 0.0, 47.0, 1991-06-25 00:00:00, 0.5
14.0, 20.0, 180.0, 49.0, 1991-06-26 00:00:00, 0.0
7.0, 20.8, 0.0, 45.0, 1991-06-27 00:00:00, 3.1
6.0, 22.9, 180.0, 43.0, 1991-06-28 00:00:00, 0.0
13.0, 24.2, 180.0, 38.0, 1991-06-29 00:00:00, 0.0
9.0, 17.4, 180.0, 84.0, 1991-06-30 00:00:00, 0.3
6.0, 23.3, 140.0, 35.0, 1991-07-01 00:00:00, 2.3
4.0, 27.1, 230.0, 25.0, 1991-07-02 00:00:00, 4.6
19.0, 30.5, 180.0, 26.0, 1991-07-03 00:00:00, 0.0
11.0, 29.1, 180.0, 27.0, 1991-07-04 00:00:00, 0.0
26.0, 27.5, 180.0, 14.0, 1991-07-05 00:00:00, 0.0
19.0, 18.1, 0.0, 34.0, 1991-07-06 00:00:00, 0.0
7.0, 22.2, 230.0, 23.0, 1991-07-07 00:00:00, 0.0
3.0, 25.0, 0.0, 21.0, 1991-07-08 00:00:00, 0.0
6.0, 27.2, 230.0, 25.0, 1991-07-09 00:00:00, 0.0
10.0, 14.8, 180.0, 94.0, 1991-07-10 00:00:00, 0.3
15.0, 20.3, 180.0, 61.0, 1991-07-11 00:00:00, 0.0
14.0, 27.2, 180.0, 33.0, 1991-07-12 00:00:00, 0.0
9.0, 26.7, 180.0, 38.0, 1991-07-13 00:00:00, 0.0
20.0, 24.1, 180.0, 32.0, 1991-07-14 00:00:00, 0.0
21.0, 23.7, 180.0, 28.0, 1991-07-15 00:00:00, 0.0
8.0, 22.0, 230.0, 32.0, 1991-07-16 00:00:00, 0.0
19.0, 17.1, 180.0, 68.0, 1991-07-17 00:00:00, 2.3
21.0, 20.2, 180.0, 48.0, 1991-07-18 00:00:00, 6.1
5.0, 18.8, 180.0, 50.0, 1991-07-19 00:00:00, 0.0
19.0, 24.2, 180.0, 37.0, 1991-07-20 00:00:00, 1.5
7.0, 25.1, 230.0, 19.0, 1991-07-21 00:00:00, 0.0
4.0, 26.1, 140.0, 19.0, 1991-07-22 00:00:00, 0.0
6.0, 29.2, 230.0, 19.0, 1991-07-23 00:00:00, 0.0
13.0, 29.7, 180.0, 20.0, 1991-07-24 00:00:00, 0.0
8.0, 19.6, 230.0, 82.0, 1991-07-25 00:00:00, 0.0
22.0, 24.1, 140.0, 39.0, 1991-07-26 00:00:00, 1.5
11.0, 23.0, 180.0, 36.0, 1991-07-27 00:00:00, 0.0
22.0, 26.9, 180.0, 29.0, 1991-07-28 00:00:00, 0.0
12.0, 25.2, 0.0, 32.0, 1991-07-29 00:00:00, 0.0
5.0, 25.4, 50.0, 21.0, 1991-07-30 00:00:00, 0.0
19.0, 27.2, 180.0, 25.0, 1991-07-31 00:00:00, 0.5
14.0, 16.6, 140.0, 89.0, 1991-08-01 00:00:00, 0.8
11.0, 22.4, 140.0, 47.0, 1991-08-02 00:00:00, 0.5
7.0, 28.5, 140.0, 23.0, 1991-08-03 00:00:00, 0.0
6.0, 29.6, 180.0, 19.0, 1991-08-04 00:00:00, 0.0
13.0, 29.8, 140.0, 23.0, 1991-08-05 00:00:00, 0.0
12.0, 21.4, 140.0, 58.0, 1991-08-06 00:00:00, 0.0
9.0, 24.8, 140.0, 49.0, 1991-08-07 00:00:00, 8.6
15.0, 30.1, 140.0, 19.0, 1991-08-08 00:00:00, 0.0
11.0, 31.6, 140.0, 17.0, 1991-08-09 00:00:00, 0.0
10.0, 24.9, 0.0, 39.0, 1991-08-10 00:00:00, 0.0
13.0, 23.7, 140.0, 17.0, 1991-08-11 00:00:00, 0.0
16.0, 24.9, 180.0, 26.0, 1991-08-12 00:00:00, 0.0
18.0, 23.1, 140.0, 31.0, 1991-08-13 00:00:00, 0.0
11.0, 21.4, 0.0, 50.0, 1991-08-14 00:00:00, 2.5
16.0, 24.2, 320.0, 39.0, 1991-08-15 00:00:00, 0.0
6.0, 29.6, 0.0, 24.0, 1991-08-16 00:00:00, 0.0
6.0, 29.2, 140.0, 22.0, 1991-08-17 00:00:00, 0.0
11.0, 28.5, 140.0, 28.0, 1991-08-18 00:00:00, 0.0
11.0, 27.7, 140.0, 33.0, 1991-08-19 00:00:00, 3.3
10.0, 29.8, 140.0, 21.0, 1991-08-20 00:00:00, 0.0
11.0, 30.7, 140.0, 19.0, 1991-08-21 00:00:00, 0.3
14.0, 30.1, 140.0, 18.0, 1991-08-22 00:00:00, 0.0
3.0, 23.5, 230.0, 36.0, 1991-08-23 00:00:00, 0.0
30.0, 26.6, 140.0, 4.0, 1991-08-24 00:00:00, 0.0
9.0, 21.2, 140.0, 27.0, 1991-08-25 00:00:00, 0.0
17.0, 21.9, 140.0, 10.0, 1991-08-26 00:00:00, 0.0
32.0, 26.6, 140.0, 5.0, 1991-08-27 00:00:00, 0.0
33.0, 18.8, 140.0, 46.0, 1991-08-28 00:00:00, 0.0
19.0, 20.3, 180.0, 47.0, 1991-08-29 00:00:00, 2.5
13.0, 27.2, 140.0, 31.0, 1991-08-30 00:00:00, 0.0
13.0, 27.7, 140.0, 22.0, 1991-08-31 00:00:00, 0.0
3.0, 21.3, 90.0, 37.0, 1991-09-01 00:00:00, 0.0
6.0, 20.3, 0.0, 15.0, 1991-09-02 00:00:00, 0.0
6.0, 20.2, 50.0, 14.0, 1991-09-03 00:00:00, 0.0
9.0, 23.6, 0.0, 20.0, 1991-09-04 00:00:00, 0.0
3.0, 24.1, 140.0, 21.0, 1991-09-05 00:00:00, 0.0
13.0, 25.2, 140.0, 22.0, 1991-09-06 00:00:00, 0.0
24.0, 23.8, 140.0, 26.0, 1991-09-07 00:00:00, 0.0
9.0, 11.7, 0.0, 92.0, 1991-09-08 00:00:00, 9.7
8.0, 17.8, 50.0, 36.0, 1991-09-09 00:00:00, 0.0
8.0, 20.6, 0.0, 32.0, 1991-09-10 00:00:00, 0.0
4.0, 20.7, 230.0, 32.0, 1991-09-11 00:00:00, 0.0
10.0, 22.1, 140.0, 38.0, 1991-09-12 00:00:00, 0.0
12.0, 14.6, 230.0, 67.0, 1991-09-13 00:00:00, 0.0
8.0, 15.7, 180.0, 48.0, 1991-09-14 00:00:00, 6.6
7.0, 16.9, 320.0, 45.0, 1991-09-15 00:00:00, 0.0
15.0, 17.4, 320.0, 56.0, 1991-09-16 00:00:00, 0.0
11.0, 17.1, 90.0, 45.0, 1991-09-17 00:00:00, 1.8
1.0, 12.7, 140.0, 54.0, 1991-09-18 00:00:00, 0.0
11.0, 17.4, 140.0, 42.0, 1991-09-19 00:00:00, 0.0
7.0, 19.2, 0.0, 35.0, 1991-09-20 00:00:00, 0.0
8.0, 11.4, 50.0, 48.0, 1991-09-21 00:00:00, 0.0
4.0, 8.9, 90.0, 72.0, 1991-09-22 00:00:00, 0.8
2.0, 17.5, 90.0, 29.0, 1991-09-23 00:00:00, 0.0
4.0, 18.3, 140.0, 38.0, 1991-09-24 00:00:00, 0.0
3.0, 19.2, 90.0, 40.0, 1991-09-25 00:00:00, 0.0
3.0, 20.8, 270.0, 36.0, 1991-09-26 00:00:00, 0.0
5.0, 21.1, 50.0, 33.0, 1991-09-27 00:00:00, 0.0
4.0, 21.5, 140.0, 40.0, 1991-09-28 00:00:00, 0.0
1.0, 20.2, 0.0, 34.0, 1991-09-29 00:00:00, 8.6
8.0, 14.9, 180.0, 41.0, 1991-09-30 00:00:00, 0.0
9.0, 23.2, 50.0, 9.0, 1991-10-01 00:00:00, 0.0
6.0, 16.5, 90.0, 17.0, 1991-10-02 00:00:00, 0.0
16.0, 14.7, 320.0, 8.0, 1991-10-03 00:00:00, 0.0
9.0, 11.5, 140.0, 34.0, 1991-10-04 00:00:00, 0.0
9.0, 12.2, 140.0, 30.0, 1991-10-05 00:00:00, 0.0
12.0, 14.5, 140.0, 33.0, 1991-10-06 00:00:00, 0.0
11.0, 18.9, 140.0, 13.0, 1991-10-07 00:00:00, 0.0
3.0, 15.0, 230.0, 16.0, 1991-10-08 00:00:00, 0.0
8.0, 13.0, 140.0, 30.0, 1991-10-09 00:00:00, 0.0
6.0, 19.3, 140.0, 23.0, 1991-10-10 00:00:00, 0.0
6.0, 18.9, 180.0, 31.0, 1991-10-11 00:00:00, 0.0
9.0, 16.3, 0.0, 30.0, 1991-10-12 00:00:00, 0.0
6.0, 13.7, 50.0, 22.0, 1991-10-13 00:00:00, 0.0
3.0, 16.4, 50.0, 20.0, 1991-10-14 00:00:00, 0.0
25.0, 22.9, 140.0, 18.0, 1991-10-15 00:00:00, 0.0
17.0, 15.7, 230.0, 24.0, 1991-10-16 00:00:00, 0.0
2.0, 8.2, 50.0, 23.0, 1991-10-17 00:00:00, 0.3
8.0, 4.6, 90.0, 32.0, 1991-10-18 00:00:00, 0.0
3.0, 9.5, 50.0, 32.0, 1991-10-19 00:00:00, 0.0
9.0, 11.4, 140.0, 39.0, 1991-10-20 00:00:00, 0.0
16.0, 9.2, 140.0, 90.0, 1991-10-21 00:00:00, 3.3
3.0, 1.6, 50.0, 67.0, 1991-10-22 00:00:00, 2.2
4.0, 0.3, 140.0, 82.0, 1991-10-23 00:00:00, 0.0
0.0, 2.8, 50.0, 94.0, 1991-10-24 00:00:00, 1.5
4.0, 1.4, 320.0, 89.0, 1991-10-25 00:00:00, 1.2
7.0, 1.0, 0.0, 64.0, 1991-10-26 00:00:00, 6.6
10.0, -2.2, 180.0, 43.0, 1991-10-27 00:00:00, 0.0
8.0, -4.4, 320.0, 51.0, 1991-10-28 00:00:00, 0.0
14.0, -4.5, 320.0, 53.0, 1991-10-29 00:00:00, 0.0
8.0, -6.7, 90.0, 63.0, 1991-10-30 00:00:00, 0.0
4.0, -3.5, 320.0, 86.0, 1991-10-31 00:00:00, 0.0
4.0, -4.0, 90.0, 39.0, 1991-11-01 00:00:00, 0.2
2.0, -7.5, 180.0, 56.0, 1991-11-02 00:00:00, 0.0
6.0, -6.7, 140.0, 61.0, 1991-11-03 00:00:00, 0.0
7.0, -5.3, 320.0, 91.0, 1991-11-04 00:00:00, 0.0
