station_observations
wind_speed, temperature, wind_direction, relative_humidity, time, precipitation
1.0, 16.2, 180.0, 47.0, 1991-06-27 00:00:00, 0.0
4.0, 20.7, 0.0, 35.0, 1991-06-28 00:00:00, 0.7
13.0, 22.1, 180.0, 35.0, 1991-06-29 00:00:00, 1.2
1.0, 11.2, 180.0, 92.0, 1991-06-30 00:00:00, 3.0
5.0, 18.8, 320.0, 41.0, 1991-07-01 00:00:00, 10.6
9.0, 22.9, 180.0, 29.0, 1991-07-02 00:00:00, 0.0
15.0, 25.2, 180.0, 26.0, 1991-07-03 00:00:00, 0.0
21.0, 22.2, 230.0, 30.0, 1991-07-04 00:00:00, 0.0
0.0, 5.6, 230.0, 72.0, 1991-07-05 00:00:00, 0.0
10.0, 12.3, 230.0, 44.0, 1991-07-06 00:00:00, 1.2
13.0, 19.2, 270.0, 28.0, 1991-07-07 00:00:00, 0.0
10.0, 20.6, 0.0, 24.0, 1991-07-08 00:00:00, 0.0
15.0, 21.4, 180.0, 21.0, 1991-07-09 00:00:00, 0.0
6.0, 12.2, 90.0, 90.0, 1991-07-10 00:00:00, 4.8
4.0, 19.4, 140.0, 46.0, 1991-07-11 00:00:00, 1.7
14.0, 23.6, 180.0, 32.0, 1991-07-12 00:00:00, 0.0
9.0, 23.5, 180.0, 31.0, 1991-07-13 00:00:00, 0.0
18.0, 20.0, 230.0, 35.0, 1991-07-14 00:00:00, 0.7
14.0, 16.6, 140.0, 38.0, 1991-07-15 00:00:00, 0.0
9.0, 21.8, 140.0, 26.0, 1991-07-16 00:00:00, 0.0
2.0, 11.7, 270.0, 83.0, 1991-07-17 00:00:00, 11.1
16.0, 14.7, 230.0, 47.0, 1991-07-18 00:00:00, 2.2
12.0, 9.9, 50.0, 93.0, 1991-07-19 00:00:00, 1.0
14.0, 19.2, 230.0, 38.0, 1991-07-20 00:00:00, 1.2
8.0, 16.6, 180.0, 48.0, 1991-07-21 00:00:00, 0.2
10.0, 22.2, 230.0, 23.0, 1991-07-22 00:00:00, 0.0
11.0, 24.4, 140.0, 31.0, 1991-07-23 00:00:00, 0.0
5.0, 27.2, 90.0, 17.0, 1991-07-24 00:00:00, 0.0
7.0, 19.1, 180.0, 63.0, 1991-07-25 00:00:00, 0.0
10.0, 18.7, 180.0, 40.0, 1991-07-26 00:00:00, 4.3
11.0, 16.2, 230.0, 53.0, 1991-07-27 00:00:00, 3.6
14.0, 18.4, 230.0, 51.0, 1991-07-28 00:00:00, 0.5
14.0, 14.1, 270.0, 79.0, 1991-07-29 00:00:00, 4.6
13.0, 20.9, 180.0, 29.0, 1991-07-30 00:00:00, 0.0
8.0, 22.9, 140.0, 22.0, 1991-07-31 00:00:00, 0.0
5.0, 20.1, 320.0, 44.0, 1991-08-01 00:00:00, 0.0
5.0, 22.2, 180.0, 35.0, 1991-08-02 00:00:00, 6.9
5.0, 23.2, 320.0, 27.0, 1991-08-03 00:00:00, 0.0
10.0, 26.8, 180.0, 22.0, 1991-08-04 00:00:00, 0.0
10.0, 25.5, 270.0, 23.0, 1991-08-05 00:00:00, 0.0
0.0, 22.1, 180.0, 43.0, 1991-08-06 00:00:00, 11.2
6.0, 24.5, 140.0, 42.0, 1991-08-07 00:00:00, 7.4
13.0, 26.9, 180.0, 25.0, 1991-08-08 00:00:00, 0.0
8.0, 27.3, 140.0, 30.0, 1991-08-09 00:00:00, 0.0
5.0, 25.3, 140.0, 40.0, 1991-08-10 00:00:00, 0.5
4.0, 20.7, 140.0, 34.0, 1991-08-11 00:00:00, 5.8
13.0, 20.2, 270.0, 36.0, 1991-08-12 00:00:00, 0.0
9.0, 19.7, 50.0, 32.0, 1991-08-13 00:00:00, 0.0
2.0, 11.5, 180.0, 91.0, 1991-08-14 00:00:00, 9.1
8.0, 19.6, 140.0, 56.0, 1991-08-15 00:00:00, 1.8
10.0, 26.5, 230.0, 31.0, 1991-08-16 00:00:00, 1.0
7.0, 26.2, 180.0, 34.0, 1991-08-17 00:00:00, 7.1
0.0, 23.9, 0.0, 42.0, 1991-08-18 00:00:00, 1.3
18.0, 25.0, 180.0, 25.0, 1991-08-19 00:00:00, 3.0
22.0, 24.6, 180.0, 33.0, 1991-08-20 00:00:00, 0.0
15.0, 25.3, 180.0, 25.0, 1991-08-21 00:00:00, 0.0
14.0, 25.6, 230.0, 20.0, 1991-08-22 00:00:00, 0.0
6.0, 19.5, 140.0, 48.0, 1991-08-23 00:00:00, 5.1
14.0, 19.2, 180.0, 25.0, 1991-08-24 00:00:00, 1.5
13.0, 18.1, 140.0, 36.0, 1991-08-25 00:00:00, 0.0
20.0, 14.8, 230.0, 31.0, 1991-08-26 00:00:00, 1.0
11.0, 22.2, 180.0, 11.0, 1991-08-27 00:00:00, 0.0
1.0, 12.4, 0.0, 91.0, 1991-08-28 00:00:00, 5.8
8.0, 15.6, 140.0, 54.0, 1991-08-29 00:00:00, 8.6
13.0, 24.1, 180.0, 30.0, 1991-08-30 00:00:00, 0.0
17.0, 27.9, 90.0, 14.0, 1991-08-31 00:00:00, 0.0
20.0, 14.7, 230.0, 49.0, 1991-09-01 00:00:00, 1.8
7.0, 11.6, 320.0, 33.0, 1991-09-02 00:00:00, 0.0
6.0, 17.9, 230.0, 18.0, 1991-09-03 00:00:00, 0.0
6.0, 22.4, 140.0, 20.0, 1991-09-04 00:00:00, 0.0
7.0, 23.0, 90.0, 25.0, 1991-09-05 00:00:00, 0.0
3.0, 22.8, 230.0, 23.0, 1991-09-06 00:00:00, 0.0
10.0, 20.0, 140.0, 27.0, 1991-09-07 00:00:00, 0.0
7.0, 7.7, 270.0, 85.0, 1991-09-08 00:00:00, 17.0
7.0, 15.9, 90.0, 36.0, 1991-09-09 00:00:00, 0.3
10.0, 19.9, 180.0, 27.0, 1991-09-10 00:00:00, 0.3
11.0, 20.9, 270.0, 23.0, 1991-09-11 00:00:00, 0.0
12.0, 21.1, 180.0, 32.0, 1991-09-12 00:00:00, 0.0
13.0, 19.0, 180.0, 26.0, 1991-09-13 00:00:00, 0.0
6.0, 10.4, 180.0, 68.0, 1991-09-14 00:00:00, 5.6
7.0, 14.1, 180.0, 48.0, 1991-09-15 00:00:00, 0.3
8.0, 10.4, 140.0, 91.0, 1991-09-16 00:00:00, 7.4
6.0, 13.0, 180.0, 51.0, 1991-09-17 00:00:00, 9.3
2.0, 9.3, 140.0, 63.0, 1991-09-18 00:00:00, 0.0
6.0, 15.4, 140.0, 44.0, 1991-09-19 00:00:00, 0.3
13.0, 17.9, 180.0, 28.0, 1991-09-20 00:00:00, 0.0
4.0, 4.5, 140.0, 83.0, 1991-09-21 00:00:00, 5.1
5.0, 1.5, 180.0, 91.0, 1991-09-22 00:00:00, 0.2
5.0, 9.5, 180.0, 49.0, 1991-09-23 00:00:00, 0.0
7.0, 15.5, 140.0, 46.0, 1991-09-24 00:00:00, 0.2
4.0, 19.2, 140.0, 37.0, 1991-09-25 00:00:00, 0.0
2.0, 19.5, 140.0, 34.0, 1991-09-26 00:00:00, 0.0
4.0, 20.3, 140.0, 35.0, 1991-09-27 00:00:00, 0.0
4.0, 20.8, 140.0, 35.0, 1991-09-28 00:00:00, 0.0
5.0, 16.2, 180.0, 48.0, 1991-09-29 00:00:00, 0.0
5.0, 17.4, 180.0, 48.0, 1991-09-30 00:00:00, 0.0
20.0, 14.7, 230.0, 49.0, 1991-10-01 00:00:00, 1.8
7.0, 11.6, 320.0, 33.0, 1991-10-02 00:00:00, 0.0
12.0, 10.6, 0.0, 20.0, 1991-10-03 00:00:00, 0.0
7.0, 7.4, 140.0, 44.0, 1991-10-04 00:00:00, 0.0
3.0, 12.5, 180.0, 26.0, 1991-10-05 00:00:00, 0.0
3.0, 15.3, 140.0, 29.0, 1991-10-06 00:00:00, 0.0
4.0, 17.1, 140.0, 23.0, 1991-10-07 00:00:00, 0.0
5.0, 12.5, 140.0, 21.0, 1991-10-08 00:00:00, 0.0
3.0, 13.8, 140.0, 25.0, 1991-10-09 00:00:00, 0.0
10.0, 13.1, 230.0, 50.0, 1992-05-27 00:00:00, 0.5
6.0, 14.5, 0.0, 32.0, 1992-05-28 00:00:00, 2.3
6.0, 10.9, 270.0, 73.0, 1992-05-29 00:00:00, 6.6
4.0, 12.8, 90.0, 42.0, 1992-05-30 00:00:00, 3.8
8.0, 19.2, 230.0, 26.0, 1992-05-31 00:00:00, 0.0
18.0, 23.5, 270.0, 21.0, 1992-06-01 00:00:00, 0.0
13.0, 13.8, 270.0, 32.0, 1992-06-02 00:00:00, 5.8
6.0, 13.4, 230.0, 30.0, 1992-06-03 00:00:00, 2.0
4.0, 12.2, 90.0, 30.0, 1992-06-04 00:00:00, 0.0
11.0, 11.1, 180.0, 48.0, 1992-06-05 00:00:00, 1.5
7.0, 16.3, 90.0, 26.0, 1992-06-06 00:00:00, 0.5
9.0, 17.8, 180.0, 36.0, 1992-06-07 00:00:00, 0.0
9.0, 21.1, 270.0, 23.0, 1992-06-08 00:00:00, 2.5
13.0, 21.8, 270.0, 13.0, 1992-06-09 00:00:00, 0.0
12.0, 20.8, 180.0, 20.0, 1992-06-10 00:00:00, 0.0
13.0, 25.2, 90.0, 11.0, 1992-06-11 00:00:00, 0.0
10.0, 19.3, 90.0, 45.0, 1992-06-12 00:00:00, 7.9
10.0, 10.1, 0.0, 73.0, 1992-06-13 00:00:00, 1.0
5.0, 14.5, 0.0, 42.0, 1992-06-14 00:00:00, 9.7
6.0, 15.5, 230.0, 42.0, 1992-06-15 00:00:00, 0.0
5.0, 21.1, 180.0, 30.0, 1992-06-16 00:00:00, 0.0
3.0, 13.0, 320.0, 88.0, 1992-06-17 00:00:00, 6.1
3.0, 19.9, 180.0, 29.0, 1992-06-18 00:00:00, 1.5
9.0, 24.4, 230.0, 21.0, 1992-06-19 00:00:00, 0.0
16.0, 24.4, 270.0, 26.0, 1992-06-20 00:00:00, 0.0
7.0, 24.8, 230.0, 22.0, 1992-06-21 00:00:00, 2.5
6.0, 26.3, 0.0, 16.0, 1992-06-22 00:00:00, 0.0
6.0, 28.5, 180.0, 7.0, 1992-06-23 00:00:00, 0.0
10.0, 21.7, 90.0, 34.0, 1992-06-24 00:00:00, 0.0
4.0, 26.9, 270.0, 31.0, 1992-06-25 00:00:00, 0.0
8.0, 27.2, 230.0, 22.0, 1992-06-26 00:00:00, 0.0
6.0, 27.5, 180.0, 17.0, 1992-06-27 00:00:00, 0.0
2.0, 16.9, 230.0, 74.0, 1992-06-28 00:00:00, 4.1
3.0, 10.6, 0.0, 70.0, 1992-06-29 00:00:00, 0.5
2.0, 9.4, 230.0, 70.0, 1992-06-30 00:00:00, 5.3
1.0, 12.7, 50.0, 48.0, 1992-07-01 00:00:00, 0.5
5.0, 11.8, 180.0, 67.0, 1992-07-02 00:00:00, 8.4
6.0, 12.9, 320.0, 75.0, 1992-07-03 00:00:00, 2.5
6.0, 18.8, 230.0, 35.0, 1992-07-04 00:00:00, 0.2
1.0, 10.8, 270.0, 81.0, 1992-07-05 00:00:00, 1.3
1.0, 11.2, 270.0, 76.0, 1992-07-06 00:00:00, 0.8
2.0, 11.5, 270.0, 79.0, 1992-07-07 00:00:00, 8.9
8.0, 10.0, 230.0, 89.0, 1992-07-08 00:00:00, 10.2
6.0, 9.4, 230.0, 88.0, 1992-07-09 00:00:00, 11.9
6.0, 13.1, 140.0, 63.0, 1992-07-10 00:00:00, 0.8
3.0, 16.6, 270.0, 34.0, 1992-07-11 00:00:00, 0.3
10.0, 18.1, 270.0, 37.0, 1992-07-12 00:00:00, 0.0
11.0, 18.8, 270.0, 43.0, 1992-07-13 00:00:00, 3.0
3.0, 13.1, 50.0, 48.0, 1992-07-14 00:00:00, 4.3
5.0, 16.2, 180.0, 29.0, 1992-07-15 00:00:00, 0.3
7.0, 20.3, 270.0, 31.0, 1992-07-16 00:00:00, 0.0
8.0, 22.2, 90.0, 28.0, 1992-07-17 00:00:00, 0.0
8.0, 24.4, 270.0, 23.0, 1992-07-18 00:00:00, 0.0
10.0, 16.9, 90.0, 38.0, 1992-07-19 00:00:00, 0.0
3.0, 22.4, 180.0, 21.0, 1992-07-20 00:00:00, 0.0
10.0, 24.1, 180.0, 23.0, 1992-07-21 00:00:00, 0.0
