station_observations
wind_speed, temperature, wind_direction, relative_humidity, time, precipitation
0.0, 0.0, 0.0, 0.0, 1992-05-24 00:00:00, 0.0
0.0, 18.0, 0.0, 55.0, 1992-05-25 00:00:00, 0.0
8.0, 13.0, 0.0, 85.0, 1992-05-26 00:00:00, 0.8
10.0, 12.1, 320.0, 78.0, 1992-05-27 00:00:00, 8.1
7.0, 18.2, 90.0, 41.0, 1992-05-28 00:00:00, 2.0
2.0, 11.8, 320.0, 82.0, 1992-05-29 00:00:00, 7.1
8.0, 16.9, 320.0, 42.0, 1992-05-30 00:00:00, 2.0
5.0, 22.1, 0.0, 33.0, 1992-05-31 00:00:00, 0.0
13.0, 26.9, 50.0, 31.0, 1992-06-01 00:00:00, 0.0
6.0, 17.4, 90.0, 46.0, 1992-06-02 00:00:00, 3.3
9.0, 16.6, 320.0, 35.0, 1992-06-03 00:00:00, 0.5
3.0, 16.4, 50.0, 35.0, 1992-06-04 00:00:00, 0.0
7.0, 12.8, 90.0, 51.0, 1992-06-05 00:00:00, 0.0
6.0, 19.5, 0.0, 37.0, 1992-06-06 00:00:00, 0.0
14.0, 22.2, 140.0, 39.0, 1992-06-07 00:00:00, 0.8
3.0, 23.9, 230.0, 32.0, 1992-06-08 00:00:00, 0.8
15.0, 24.7, 90.0, 22.0, 1992-06-09 00:00:00, 0.0
11.0, 24.3, 90.0, 27.0, 1992-06-10 00:00:00, 0.0
10.0, 25.9, 320.0, 32.0, 1992-06-11 00:00:00, 0.0
10.0, 24.1, 90.0, 46.0, 1992-06-12 00:00:00, 3.8
1.0, 11.2, 50.0, 92.0, 1992-06-13 00:00:00, 2.3
12.0, 18.1, 320.0, 57.0, 1992-06-14 00:00:00, 19.8
5.0, 16.6, 140.0, 51.0, 1992-06-15 00:00:00, 0.0
7.0, 24.4, 320.0, 41.0, 1992-06-16 00:00:00, 3.6
9.0, 18.8, 270.0, 62.0, 1992-06-17 00:00:00, 2.0
9.0, 23.7, 50.0, 39.0, 1992-06-18 00:00:00, 4.6
8.0, 27.7, 90.0, 31.0, 1992-06-19 00:00:00, 0.0
8.0, 28.1, 90.0, 34.0, 1992-06-20 00:00:00, 0.0
10.0, 27.0, 0.0, 29.0, 1992-06-21 00:00:00, 0.0
9.0, 28.8, 0.0, 30.0, 1992-06-22 00:00:00, 0.0
5.0, 31.4, 140.0, 20.0, 1992-06-23 00:00:00, 0.0
6.0, 26.6, 90.0, 37.0, 1992-06-24 00:00:00, 0.0
7.0, 28.3, 50.0, 38.0, 1992-06-25 00:00:00, 0.0
7.0, 28.3, 270.0, 34.0, 1992-06-26 00:00:00, 0.0
5.0, 28.7, 0.0, 32.0, 1992-06-27 00:00:00, 0.0
1.0, 16.7, 90.0, 86.0, 1992-06-28 00:00:00, 2.5
12.0, 14.1, 90.0, 59.0, 1992-06-29 00:00:00, 1.5
5.0, 9.9, 270.0, 90.0, 1992-06-30 00:00:00, 7.1
7.0, 16.9, 90.0, 49.0, 1992-07-01 00:00:00, 0.3
10.0, 14.0, 90.0, 81.0, 1992-07-02 00:00:00, 16.0
5.0, 15.3, 0.0, 79.0, 1992-07-03 00:00:00, 3.6
3.0, 22.8, 50.0, 42.0, 1992-07-04 00:00:00, 0.5
15.0, 16.8, 90.0, 64.0, 1992-07-05 00:00:00, 1.0
3.0, 13.4, 320.0, 82.0, 1992-07-06 00:00:00, 2.5
5.0, 13.8, 90.0, 89.0, 1992-07-07 00:00:00, 10.4
7.0, 13.2, 50.0, 90.0, 1992-07-08 00:00:00, 13.7
6.0, 11.6, 90.0, 93.0, 1992-07-09 00:00:00, 14.5
8.0, 15.4, 320.0, 71.0, 1992-07-10 00:00:00, 4.1
3.0, 21.9, 90.0, 35.0, 1992-07-11 00:00:00, 0.3
3.0, 21.7, 140.0, 43.0, 1992-07-12 00:00:00, 0.0
8.0, 21.2, 50.0, 52.0, 1992-07-13 00:00:00, 1.3
3.0, 16.4, 140.0, 56.0, 1992-07-14 00:00:00, 0.0
12.0, 19.7, 0.0, 34.0, 1992-07-15 00:00:00, 0.0
4.0, 22.0, 320.0, 37.0, 1992-07-16 00:00:00, 0.0
5.0, 25.9, 0.0, 38.0, 1992-07-17 00:00:00, 0.0
11.0, 27.7, 320.0, 33.0, 1992-07-18 00:00:00, 0.0
6.0, 22.0, 140.0, 40.0, 1992-07-19 00:00:00, 0.3
8.0, 24.6, 90.0, 29.0, 1992-07-20 00:00:00, 0.0
6.0, 25.8, 270.0, 36.0, 1992-07-21 00:00:00, 0.0
4.0, 23.4, 90.0, 42.0, 1992-07-22 00:00:00, 1.0
5.0, 13.5, 320.0, 94.0, 1992-07-23 00:00:00, 5.3
5.0, 20.3, 0.0, 57.0, 1992-07-24 00:00:00, 19.3
3.0, 24.1, 230.0, 48.0, 1992-07-25 00:00:00, 5.1
6.0, 24.4, 90.0, 44.0, 1992-07-26 00:00:00, 0.0
11.0, 20.5, 320.0, 50.0, 1992-07-27 00:00:00, 0.0
8.0, 23.2, 270.0, 39.0, 1992-07-28 00:00:00, 0.0
5.0, 22.1, 0.0, 46.0, 1992-07-29 00:00:00, 3.0
10.0, 25.4, 0.0, 33.0, 1992-07-30 00:00:00, 0.0
6.0, 29.9, 90.0, 30.0, 1992-07-31 00:00:00, 0.0
3.0, 29.1, 180.0, 39.0, 1992-08-01 00:00:00, 7.4
6.0, 26.4, 270.0, 43.0, 1992-08-02 00:00:00, 0.0
8.0, 26.0, 320.0, 39.0, 1992-08-03 00:00:00, 0.8
1.0, 25.4, 0.0, 43.0, 1992-08-04 00:00:00, 0.0
3.0, 18.8, 50.0, 63.0, 1992-08-05 00:00:00, 0.8
4.0, 23.8, 50.0, 41.0, 1992-08-06 00:00:00, 0.0
5.0, 18.4, 140.0, 58.0, 1992-08-07 00:00:00, 3.0
0.0, 14.9, 0.0, 64.0, 1992-08-08 00:00:00, 10.4
4.0, 17.1, 270.0, 50.0, 1992-08-09 00:00:00, 8.1
7.0, 21.1, 0.0, 40.0, 1992-08-10 00:00:00, 0.0
7.0, 24.4, 0.0, 36.0, 1992-08-11 00:00:00, 0.0
4.0, 25.8, 0.0, 36.0, 1992-08-12 00:00:00, 0.0
3.0, 27.4, 0.0, 36.0, 1992-08-13 00:00:00, 0.0
3.0, 29.3, 90.0, 37.0, 1992-08-14 00:00:00, 0.0
2.0, 30.0, 90.0, 28.0, 1992-08-15 00:00:00, 0.0
6.0, 28.6, 50.0, 24.0, 1992-08-16 00:00:00, 0.0
8.0, 29.7, 50.0, 29.0, 1992-08-17 00:00:00, 0.0
6.0, 30.4, 90.0, 23.0, 1992-08-18 00:00:00, 0.0
5.0, 28.0, 50.0, 24.0, 1992-08-19 00:00:00, 1.0
4.0, 22.1, 90.0, 27.0, 1992-08-20 00:00:00, 0.0
2.0, 18.8, 50.0, 54.0, 1992-08-21 00:00:00, 0.3
8.0, 6.4, 90.0, 53.0, 1992-08-22 00:00:00, 11.9
5.0, 8.1, 90.0, 44.0, 1992-08-23 00:00:00, 0.0
4.0, 11.6, 180.0, 41.0, 1992-08-24 00:00:00, 0.0
7.0, 16.7, 0.0, 40.0, 1992-08-25 00:00:00, 0.3
6.0, 16.9, 0.0, 51.0, 1992-08-26 00:00:00, 0.0
3.0, 21.0, 90.0, 45.0, 1992-08-27 00:00:00, 0.3
8.0, 9.1, 90.0, 77.0, 1992-08-28 00:00:00, 2.8
4.0, 17.1, 0.0, 37.0, 1992-08-29 00:00:00, 1.0
4.0, 20.6, 90.0, 31.0, 1992-08-30 00:00:00, 0.0
5.0, 18.5, 50.0, 50.0, 1992-08-31 00:00:00, 0.0
13.0, 23.4, 230.0, 31.0, 1992-09-01 00:00:00, 0.0
9.0, 21.7, 180.0, 29.0, 1992-09-02 00:00:00, 0.0
3.0, 18.5, 230.0, 46.0, 1992-09-03 00:00:00, 0.0
1.0, 10.4, 0.0, 91.0, 1992-09-04 00:00:00, 1.5
10.0, 8.1, 320.0, 72.0, 1992-09-05 00:00:00, 5.1
6.0, 9.8, 90.0, 61.0, 1992-09-06 00:00:00, 1.5
5.0, 10.8, 180.0, 42.0, 1992-09-07 00:00:00, 2.8
3.0, 10.7, 270.0, 70.0, 1992-09-08 00:00:00, 1.3
3.0, 13.9, 0.0, 38.0, 1992-09-09 00:00:00, 0.5
3.0, 19.0, 50.0, 36.0, 1992-09-10 00:00:00, 0.0
11.0, 22.7, 90.0, 27.0, 1992-09-11 00:00:00, 0.0
8.0, 12.9, 270.0, 58.0, 1992-09-12 00:00:00, 7.6
6.0, 3.0, 90.0, 93.0, 1992-09-13 00:00:00, 13.2
8.0, 8.4, 90.0, 48.0, 1992-09-14 00:00:00, 2.0
4.0, 7.3, 0.0, 50.0, 1992-09-15 00:00:00, 0.8
12.0, 9.3, 50.0, 48.0, 1992-09-16 00:00:00, 0.3
7.0, 11.9, 0.0, 34.0, 1992-09-17 00:00:00, 0.8
5.0, 14.2, 320.0, 26.0, 1992-09-18 00:00:00, 0.0
1.0, 15.0, 320.0, 41.0, 1992-09-19 00:00:00, 0.0
10.0, 19.4, 270.0, 40.0, 1992-09-20 00:00:00, 0.0
4.0, 21.1, 320.0, 32.0, 1992-09-21 00:00:00, 0.0
4.0, 20.8, 320.0, 41.0, 1992-09-22 00:00:00, 0.0
6.0, 16.5, 50.0, 67.0, 1992-09-23 00:00:00, 0.5
3.0, 10.6, 320.0, 89.0, 1992-09-24 00:00:00, 7.6
7.0, 14.1, 50.0, 52.0, 1992-09-25 00:00:00, 13.7
8.0, 7.9, 90.0, 71.0, 1992-09-26 00:00:00, 3.3
5.0, 10.9, 90.0, 54.0, 1992-09-27 00:00:00, 9.1
5.0, 13.1, 320.0, 46.0, 1992-09-28 00:00:00, 0.0
3.0, 18.1, 0.0, 38.0, 1992-09-29 00:00:00, 0.0
3.0, 21.6, 0.0, 37.0, 1992-09-30 00:00:00, 0.0
3.0, 20.0, 50.0, 42.0, 1992-10-01 00:00:00, 0.0
4.0, 21.2, 50.0, 41.0, 1992-10-02 00:00:00, 0.0
3.0, 19.6, 90.0, 44.0, 1992-10-03 00:00:00, 0.0
4.0, 13.3, 0.0, 57.0, 1992-10-04 00:00:00, 2.0
8.0, 12.0, 270.0, 42.0, 1992-10-05 00:00:00, 0.0
4.0, 10.0, 50.0, 37.0, 1992-10-06 00:00:00, 0.0
6.0, 8.0, 270.0, 39.0, 1992-10-07 00:00:00, 0.0
8.0, 13.6, 320.0, 30.0, 1992-10-08 00:00:00, 0.0
7.0, 12.0, 270.0, 33.0, 1992-10-09 00:00:00, 0.0
4.0, 14.2, 0.0, 41.0, 1992-10-10 00:00:00, 0.0
11.0, 15.0, 0.0, 41.0, 1992-10-11 00:00:00, 0.0
1.0, 7.9, 270.0, 94.0, 1992-10-12 00:00:00, 0.8
6.0, 5.1, 140.0, 62.0, 1992-10-13 00:00:00, 3.8
3.0, 1.4, 50.0, 62.0, 1992-10-14 00:00:00, 0.3
1.0, 0.6, 140.0, 44.0, 1992-10-15 00:00:00, 0.0
3.0, 4.8, 180.0, 39.0, 1992-10-16 00:00:00, 0.0
2.0, 5.3, 180.0, 56.0, 1992-10-17 00:00:00, 0.0
2.0, 7.8, 50.0, 61.0, 1992-10-18 00:00:00, 0.0
