station_observations
wind_speed, temperature, wind_direction, relative_humidity, time, precipitation
0.0, 0.0, 0.0, 0.0, 1992-09-02 00:00:00, 0.0
1.0, 13.5, 180.0, 64.0, 1992-09-03 00:00:00, 0.5
12.0, 10.8, 180.0, 74.0, 1992-09-04 00:00:00, 0.2
2.0, 2.7, 50.0, 83.0, 1992-09-05 00:00:00, 3.5
3.0, 5.3, 320.0, 64.0, 1992-09-06 00:00:00, 0.0
14.0, 6.2, 180.0, 62.0, 1992-09-07 00:00:00, 0.0
8.0, 5.7, 0.0, 58.0, 1992-09-08 00:00:00, 0.0
6.0, 9.5, 320.0, 57.0, 1992-09-09 00:00:00, 0.0
10.0, 15.2, 180.0, 51.0, 1992-09-10 00:00:00, 0.0
9.0, 9.0, 180.0, 57.0, 1992-09-11 00:00:00, 0.0
0.0, 8.7, 0.0, 71.0, 1992-09-12 00:00:00, 0.0
2.0, 4.1, 320.0, 79.0, 1992-09-13 00:00:00, 4.0
5.0, 3.5, 230.0, 68.0, 1992-09-14 00:00:00, 6.8
1.0, 2.7, 320.0, 66.0, 1992-09-15 00:00:00, 0.0
7.0, 5.2, 180.0, 62.0, 1992-09-16 00:00:00, 0.0
5.0, 7.4, 270.0, 45.0, 1992-09-17 00:00:00, 0.0
5.0, 7.6, 320.0, 48.0, 1992-09-18 00:00:00, 0.0
6.0, 9.9, 230.0, 60.0, 1992-09-19 00:00:00, 0.0
13.0, 12.5, 180.0, 69.0, 1992-09-20 00:00:00, 0.0
1.0, 15.2, 320.0, 50.0, 1992-09-21 00:00:00, 0.0
14.0, 16.0, 180.0, 57.0, 1992-09-22 00:00:00, 0.0
19.0, 13.8, 180.0, 70.0, 1992-09-23 00:00:00, 0.2
2.0, 6.8, 180.0, 95.0, 1992-09-24 00:00:00, 13.2
1.0, 6.8, 140.0, 79.0, 1992-09-25 00:00:00, 13.7
18.0, 2.1, 230.0, 88.0, 1992-09-26 00:00:00, 1.2
3.0, 4.8, 230.0, 97.0, 1992-09-27 00:00:00, 9.1
4.0, 8.0, 270.0, 71.0, 1992-09-28 00:00:00, 0.2
1.0, 12.9, 320.0, 52.0, 1992-09-29 00:00:00, 0.0
1.0, 16.3, 270.0, 52.0, 1992-09-30 00:00:00, 0.0
2.0, 17.8, 320.0, 47.0, 1992-10-01 00:00:00, 0.0
1.0, 17.5, 230.0, 50.0, 1992-10-02 00:00:00, 0.0
1.0, 18.1, 270.0, 43.0, 1992-10-03 00:00:00, 0.0
3.0, 9.7, 270.0, 73.0, 1992-10-04 00:00:00, 4.5
0.0, 5.8, 0.0, 60.0, 1992-10-05 00:00:00, 0.0
3.0, 4.1, 320.0, 60.0, 1992-10-06 00:00:00, 0.5
7.0, 4.6, 320.0, 53.0, 1992-10-07 00:00:00, 0.0
0.0, 0.0, 0.0, 0.0, 1993-07-22 00:00:00, 0.0
4.0, 15.1, 320.0, 65.0, 1993-07-23 00:00:00, 0.0
0.0, 14.0, 230.0, 73.0, 1993-07-24 00:00:00, 0.0
0.0, 10.6, 0.0, 93.0, 1993-07-25 00:00:00, 6.3
0.0, 14.3, 320.0, 67.0, 1993-07-26 00:00:00, 0.0
5.0, 15.8, 180.0, 63.0, 1993-07-27 00:00:00, 2.2
12.0, 20.0, 180.0, 48.0, 1993-07-28 00:00:00, 0.0
14.0, 19.4, 180.0, 54.0, 1993-07-29 00:00:00, 0.0
9.0, 8.7, 230.0, 82.0, 1993-07-30 00:00:00, 14.9
9.0, 14.9, 0.0, 47.0, 1993-07-31 00:00:00, 0.0
5.0, 16.7, 320.0, 47.0, 1993-08-01 00:00:00, 0.0
2.0, 16.5, 320.0, 52.0, 1993-08-02 00:00:00, 0.0
1.0, 18.6, 320.0, 48.0, 1993-08-03 00:00:00, 0.0
1.0, 19.6, 320.0, 47.0, 1993-08-04 00:00:00, 0.0
6.0, 21.8, 270.0, 46.0, 1993-08-05 00:00:00, 0.0
6.0, 19.4, 320.0, 65.0, 1993-08-06 00:00:00, 6.6
0.0, 13.1, 90.0, 86.0, 1993-08-07 00:00:00, 12.6
2.0, 17.3, 180.0, 51.0, 1993-08-08 00:00:00, 0.0
18.0, 20.2, 180.0, 28.0, 1993-08-09 00:00:00, 0.0
3.0, 9.7, 180.0, 89.0, 1993-08-10 00:00:00, 2.0
4.0, 11.8, 320.0, 79.0, 1993-08-11 00:00:00, 7.6
8.0, 16.4, 320.0, 49.0, 1993-08-12 00:00:00, 0.0
4.0, 18.8, 230.0, 40.0, 1993-08-13 00:00:00, 0.0
3.0, 14.4, 320.0, 70.0, 1993-08-14 00:00:00, 1.5
0.0, 12.9, 270.0, 84.0, 1993-08-15 00:00:00, 4.0
0.0, 12.4, 270.0, 99.0, 1993-08-16 00:00:00, 2.7
1.0, 14.4, 270.0, 91.0, 1993-08-17 00:00:00, 5.5
3.0, 17.2, 320.0, 68.0, 1993-08-18 00:00:00, 1.7
3.0, 20.0, 0.0, 56.0, 1993-08-19 00:00:00, 0.0
7.0, 21.6, 320.0, 56.0, 1993-08-20 00:00:00, 0.0
5.0, 17.8, 320.0, 65.0, 1993-08-21 00:00:00, 0.0
11.0, 15.0, 180.0, 74.0, 1993-08-22 00:00:00, 2.7
16.0, 12.9, 180.0, 76.0, 1993-08-23 00:00:00, 4.8
5.0, 3.7, 140.0, 98.0, 1993-08-24 00:00:00, 10.6
0.0, 6.7, 270.0, 95.0, 1993-08-25 00:00:00, 8.8
4.0, 9.2, 320.0, 58.0, 1993-08-26 00:00:00, 10.1
9.0, 6.6, 180.0, 99.0, 1993-08-27 00:00:00, 10.1
1.0, 7.7, 320.0, 98.0, 1993-08-28 00:00:00, 7.1
3.0, 11.6, 320.0, 63.0, 1993-08-29 00:00:00, 0.0
5.0, 11.4, 270.0, 70.0, 1993-08-30 00:00:00, 1.0
0.0, 6.8, 90.0, 98.0, 1993-08-31 00:00:00, 1.2
1.0, 10.6, 320.0, 93.0, 1993-09-01 00:00:00, 1.0
6.0, 14.4, 320.0, 71.0, 1993-09-02 00:00:00, 3.0
2.0, 16.1, 320.0, 68.0, 1993-09-03 00:00:00, 0.0
7.0, 17.5, 320.0, 55.0, 1993-09-04 00:00:00, 0.0
6.0, 14.1, 320.0, 53.0, 1993-09-05 00:00:00, 0.5
2.0, 15.5, 270.0, 55.0, 1993-09-06 00:00:00, 0.0
2.0, 16.7, 320.0, 57.0, 1993-09-07 00:00:00, 0.0
3.0, 18.5, 320.0, 53.0, 1993-09-08 00:00:00, 0.0
11.0, 15.5, 180.0, 55.0, 1993-09-09 00:00:00, 0.0
9.0, 18.3, 320.0, 59.0, 1993-09-10 00:00:00, 0.0
9.0, 9.9, 0.0, 69.0, 1993-09-11 00:00:00, 1.2
2.0, 6.1, 0.0, 58.0, 1993-09-12 00:00:00, 7.8
2.0, 4.9, 270.0, 82.0, 1993-09-13 00:00:00, 0.5
1.0, 5.2, 230.0, 97.0, 1993-09-14 00:00:00, 2.0
7.0, 7.9, 320.0, 69.0, 1993-09-15 00:00:00, 4.3
6.0, 8.1, 320.0, 61.0, 1993-09-16 00:00:00, 0.0
5.0, 10.0, 320.0, 58.0, 1993-09-17 00:00:00, 0.0
4.0, 10.3, 320.0, 57.0, 1993-09-18 00:00:00, 0.0
9.0, 6.9, 180.0, 83.0, 1993-09-19 00:00:00, 0.0
8.0, 5.0, 320.0, 74.0, 1993-09-20 00:00:00, 5.5
7.0, 6.0, 180.0, 64.0, 1993-09-21 00:00:00, 0.0
5.0, 7.7, 320.0, 67.0, 1993-09-22 00:00:00, 0.0
3.0, 9.9, 270.0, 62.0, 1993-09-23 00:00:00, 0.0
7.0, 10.1, 320.0, 63.0, 1993-09-24 00:00:00, 0.0
3.0, 9.7, 320.0, 59.0, 1993-09-25 00:00:00, 0.0
3.0, 11.6, 0.0, 51.0, 1993-09-26 00:00:00, 0.0
2.0, 13.7, 270.0, 60.0, 1993-09-27 00:00:00, 0.0
3.0, 13.8, 270.0, 80.0, 1993-09-28 00:00:00, 0.0
10.0, 13.9, 230.0, 52.0, 1993-09-29 00:00:00, 0.0
5.0, 12.6, 230.0, 39.0, 1993-09-30 00:00:00, 0.0
6.0, 12.8, 50.0, 45.0, 1993-10-01 00:00:00, 0.0
5.0, 12.5, 320.0, 53.0, 1993-10-02 00:00:00, 0.0
4.0, 14.4, 320.0, 54.0, 1993-10-03 00:00:00, 0.0
4.0, 14.0, 320.0, 62.0, 1993-10-04 00:00:00, 0.0
7.0, 15.2, 320.0, 61.0, 1993-10-05 00:00:00, 0.0
2.0, 4.7, 90.0, 71.0, 1993-10-06 00:00:00, 0.0
0.0, 4.8, 320.0, 85.0, 1993-10-07 00:00:00, 3.0
3.0, 7.7, 270.0, 57.0, 1993-10-08 00:00:00, 0.0
4.0, 9.7, 270.0, 49.0, 1993-10-09 00:00:00, 0.0
4.0, 7.4, 320.0, 62.0, 1993-10-10 00:00:00, 0.0
6.0, 8.6, 320.0, 64.0, 1993-10-11 00:00:00, 0.0
4.0, 8.5, 320.0, 60.0, 1993-10-12 00:00:00, 0.0
10.0, 8.6, 180.0, 80.0, 1993-10-13 00:00:00, 0.0
1.0, 5.0, 180.0, 99.0, 1993-10-14 00:00:00, 5.0
1.0, 2.7, 230.0, 99.0, 1993-10-15 00:00:00, 4.5
1.0, 3.5, 270.0, 99.0, 1993-10-16 00:00:00, 5.8
