station_observations
wind_speed, temperature, wind_direction, relative_humidity, time, precipitation
0.0, 0.0, 0.0, 0.0, 1993-05-18 00:00:00, 0.0
4.0, 25.9, 270.0, 22.0, 1993-05-19 00:00:00, 0.3
4.0, 18.4, 320.0, 64.0, 1993-05-20 00:00:00, 1.5
6.0, 16.6, 180.0, 54.0, 1993-05-21 00:00:00, 3.8
4.0, 12.0, 180.0, 86.0, 1993-05-22 00:00:00, 3.3
1.0, 14.4, 0.0, 60.0, 1993-05-23 00:00:00, 3.6
5.0, 20.2, 180.0, 42.0, 1993-05-24 00:00:00, 0.3
6.0, 23.5, 140.0, 25.0, 1993-05-25 00:00:00, 0.0
4.0, 23.3, 180.0, 36.0, 1993-05-26 00:00:00, 0.0
7.0, 22.9, 90.0, 39.0, 1993-05-27 00:00:00, 0.0
4.0, 23.2, 180.0, 40.0, 1993-05-28 00:00:00, 0.0
6.0, 16.0, 140.0, 73.0, 1993-05-29 00:00:00, 16.0
4.0, 20.5, 50.0, 47.0, 1993-05-30 00:00:00, 0.0
3.0, 23.2, 230.0, 44.0, 1993-05-31 00:00:00, 0.0
1.0, 13.3, 90.0, 99.0, 1993-06-01 00:00:00, 38.9
4.0, 13.8, 270.0, 94.0, 1993-06-02 00:00:00, 10.7
5.0, 18.5, 320.0, 36.0, 1993-06-03 00:00:00, 0.0
4.0, 21.2, 230.0, 38.0, 1993-06-04 00:00:00, 0.0
7.0, 21.4, 140.0, 31.0, 1993-06-05 00:00:00, 0.0
2.0, 21.2, 270.0, 35.0, 1993-06-06 00:00:00, 0.0
4.0, 21.9, 140.0, 44.0, 1993-06-07 00:00:00, 0.0
4.0, 12.9, 90.0, 95.0, 1993-06-08 00:00:00, 3.0
4.0, 17.8, 140.0, 53.0, 1993-06-09 00:00:00, 2.8
5.0, 18.6, 180.0, 36.0, 1993-06-10 00:00:00, 0.0
5.0, 16.5, 230.0, 43.0, 1993-06-11 00:00:00, 0.0
1.0, 6.9, 180.0, 99.0, 1993-06-12 00:00:00, 34.5
8.0, 18.2, 140.0, 63.0, 1993-06-13 00:00:00, 0.5
4.0, 17.1, 270.0, 63.0, 1993-06-14 00:00:00, 0.0
3.0, 17.0, 320.0, 70.0, 1993-06-15 00:00:00, 2.5
5.0, 17.1, 180.0, 52.0, 1993-06-16 00:00:00, 8.6
4.0, 21.7, 230.0, 50.0, 1993-06-17 00:00:00, 0.0
7.0, 25.7, 140.0, 47.0, 1993-06-18 00:00:00, 0.0
7.0, 27.2, 230.0, 30.0, 1993-06-19 00:00:00, 0.0
7.0, 27.6, 90.0, 32.0, 1993-06-20 00:00:00, 0.0
3.0, 15.8, 180.0, 99.0, 1993-06-21 00:00:00, 16.3
9.0, 10.1, 230.0, 64.0, 1993-06-22 00:00:00, 11.2
6.0, 9.0, 230.0, 63.0, 1993-06-23 00:00:00, 0.0
1.0, 15.4, 320.0, 60.0, 1993-06-24 00:00:00, 0.0
6.0, 18.2, 140.0, 63.0, 1993-06-25 00:00:00, 0.0
5.0, 24.7, 140.0, 44.0, 1993-06-26 00:00:00, 2.5
5.0, 19.9, 230.0, 41.0, 1993-06-27 00:00:00, 2.0
7.0, 20.7, 140.0, 41.0, 1993-06-28 00:00:00, 0.0
2.0, 8.6, 180.0, 99.0, 1993-06-29 00:00:00, 15.2
7.0, 17.1, 90.0, 63.0, 1993-06-30 00:00:00, 3.0
5.0, 15.9, 180.0, 60.0, 1993-07-01 00:00:00, 0.5
5.0, 18.9, 0.0, 52.0, 1993-07-02 00:00:00, 1.8
5.0, 21.3, 230.0, 51.0, 1993-07-03 00:00:00, 1.5
7.0, 19.9, 270.0, 61.0, 1993-07-04 00:00:00, 6.1
4.0, 15.8, 140.0, 89.0, 1993-07-05 00:00:00, 3.0
4.0, 17.6, 230.0, 69.0, 1993-07-06 00:00:00, 2.3
0.0, 12.5, 0.0, 99.0, 1993-07-07 00:00:00, 13.2
7.0, 18.3, 140.0, 71.0, 1993-07-08 00:00:00, 0.5
6.0, 12.7, 180.0, 80.0, 1993-07-09 00:00:00, 8.1
6.0, 18.7, 180.0, 50.0, 1993-07-10 00:00:00, 0.3
3.0, 12.1, 140.0, 99.0, 1993-07-11 00:00:00, 8.1
2.0, 8.5, 140.0, 99.0, 1993-07-12 00:00:00, 26.4
4.0, 14.9, 140.0, 64.0, 1993-07-13 00:00:00, 0.3
2.0, 11.0, 140.0, 95.0, 1993-07-14 00:00:00, 0.5
7.0, 17.0, 90.0, 62.0, 1993-07-15 00:00:00, 0.8
3.0, 17.1, 270.0, 63.0, 1993-07-16 00:00:00, 14.2
7.0, 16.9, 0.0, 66.0, 1993-07-17 00:00:00, 0.0
8.0, 18.9, 180.0, 64.0, 1993-07-18 00:00:00, 1.0
4.0, 20.5, 320.0, 61.0, 1993-07-19 00:00:00, 1.8
4.0, 11.5, 50.0, 99.0, 1993-07-20 00:00:00, 9.1
6.0, 14.1, 140.0, 84.0, 1993-07-21 00:00:00, 1.5
4.0, 20.6, 140.0, 57.0, 1993-07-22 00:00:00, 0.0
4.0, 21.6, 270.0, 51.0, 1993-07-23 00:00:00, 0.0
9.0, 15.7, 140.0, 85.0, 1993-07-24 00:00:00, 0.0
1.0, 14.7, 230.0, 94.0, 1993-07-25 00:00:00, 10.4
3.0, 19.0, 230.0, 77.0, 1993-07-26 00:00:00, 2.3
7.0, 21.3, 180.0, 64.0, 1993-07-27 00:00:00, 0.5
9.0, 25.4, 140.0, 47.0, 1993-07-28 00:00:00, 0.5
5.0, 22.1, 230.0, 53.0, 1993-07-29 00:00:00, 0.0
5.0, 17.2, 230.0, 48.0, 1993-07-30 00:00:00, 5.1
4.0, 22.0, 320.0, 42.0, 1993-07-31 00:00:00, 0.0
5.0, 21.7, 320.0, 39.0, 1993-08-01 00:00:00, 0.0
4.0, 23.6, 50.0, 44.0, 1993-08-02 00:00:00, 0.5
6.0, 23.7, 230.0, 47.0, 1993-08-03 00:00:00, 0.0
5.0, 24.9, 230.0, 38.0, 1993-08-04 00:00:00, 0.0
5.0, 25.4, 140.0, 44.0, 1993-08-05 00:00:00, 0.0
7.0, 24.6, 140.0, 51.0, 1993-08-06 00:00:00, 0.0
3.0, 23.5, 140.0, 58.0, 1993-08-07 00:00:00, 0.0
5.0, 23.8, 180.0, 47.0, 1993-08-08 00:00:00, 2.3
4.0, 24.7, 140.0, 32.0, 1993-08-09 00:00:00, 0.0
5.0, 23.9, 140.0, 34.0, 1993-08-10 00:00:00, 0.0
5.0, 20.3, 270.0, 52.0, 1993-08-11 00:00:00, 0.5
3.0, 22.3, 180.0, 46.0, 1993-08-12 00:00:00, 0.0
4.0, 24.7, 180.0, 40.0, 1993-08-13 00:00:00, 0.0
0.0, 17.3, 0.0, 76.0, 1993-08-14 00:00:00, 3.8
1.0, 13.4, 230.0, 99.0, 1993-08-15 00:00:00, 3.8
1.0, 15.3, 320.0, 96.0, 1993-08-16 00:00:00, 2.8
4.0, 17.1, 140.0, 92.0, 1993-08-17 00:00:00, 7.1
3.0, 20.1, 140.0, 76.0, 1993-08-18 00:00:00, 0.0
3.0, 20.1, 140.0, 76.0, 1993-08-19 00:00:00, 0.0
3.0, 20.1, 140.0, 76.0, 1993-08-20 00:00:00, 0.0
3.0, 20.1, 140.0, 76.0, 1993-08-21 00:00:00, 0.0
3.0, 20.1, 140.0, 76.0, 1993-08-22 00:00:00, 0.0
3.0, 20.1, 140.0, 76.0, 1993-08-23 00:00:00, 0.0
3.0, 12.5, 90.0, 65.0, 1993-08-24 00:00:00, 6.1
4.0, 12.0, 320.0, 65.0, 1993-08-25 00:00:00, 1.0
4.0, 18.4, 140.0, 50.0, 1993-08-26 00:00:00, 0.0
3.0, 14.7, 90.0, 67.0, 1993-08-27 00:00:00, 0.3
4.0, 14.2, 320.0, 72.0, 1993-08-28 00:00:00, 0.3
3.0, 17.9, 180.0, 47.0, 1993-08-29 00:00:00, 0.0
5.0, 18.8, 140.0, 50.0, 1993-08-30 00:00:00, 0.0
0.0, 11.0, 0.0, 97.0, 1993-08-31 00:00:00, 0.5
4.0, 16.0, 320.0, 79.0, 1993-09-01 00:00:00, 0.8
7.0, 20.3, 140.0, 52.0, 1993-09-02 00:00:00, 0.0
6.0, 23.9, 180.0, 47.0, 1993-09-03 00:00:00, 0.0
7.0, 23.1, 140.0, 51.0, 1993-09-04 00:00:00, 0.3
5.0, 19.5, 270.0, 52.0, 1993-09-05 00:00:00, 1.8
5.0, 20.4, 270.0, 49.0, 1993-09-06 00:00:00, 0.0
3.0, 22.0, 180.0, 44.0, 1993-09-07 00:00:00, 0.0
3.0, 24.3, 140.0, 42.0, 1993-09-08 00:00:00, 0.0
6.0, 23.4, 140.0, 35.0, 1993-09-09 00:00:00, 0.0
6.0, 24.3, 140.0, 43.0, 1993-09-10 00:00:00, 0.0
9.0, 20.2, 230.0, 27.0, 1993-09-11 00:00:00, 0.0
2.0, 12.1, 0.0, 74.0, 1993-09-12 00:00:00, 8.6
4.0, 13.2, 140.0, 60.0, 1993-09-13 00:00:00, 0.0
2.0, 10.1, 320.0, 87.0, 1993-09-14 00:00:00, 0.0
3.0, 10.3, 90.0, 96.0, 1993-09-15 00:00:00, 12.4
4.0, 11.2, 0.0, 68.0, 1993-09-16 00:00:00, 0.5
2.0, 14.2, 320.0, 57.0, 1993-09-17 00:00:00, 0.0
3.0, 14.8, 230.0, 57.0, 1993-09-18 00:00:00, 0.0
3.0, 14.1, 180.0, 65.0, 1993-09-19 00:00:00, 0.0
1.0, 8.9, 140.0, 87.0, 1993-09-20 00:00:00, 0.0
3.0, 16.4, 140.0, 93.0, 1993-09-21 00:00:00, 13.7
0.0, 0.0, 0.0, 0.0, 1994-05-17 00:00:00, 0.0
3.0, 16.0, 180.0, 52.0, 1994-05-18 00:00:00, 2.0
1.0, 12.4, 50.0, 66.0, 1994-05-19 00:00:00, 0.0
4.0, 13.1, 140.0, 62.0, 1994-05-20 00:00:00, 4.6
7.0, 16.1, 90.0, 53.0, 1994-05-21 00:00:00, 3.0
3.0, 20.5, 320.0, 27.0, 1994-05-22 00:00:00, 0.0
5.0, 22.1, 180.0, 29.0, 1994-05-23 00:00:00, 0.0
8.0, 25.1, 90.0, 28.0, 1994-05-24 00:00:00, 0.0
4.0, 25.6, 230.0, 25.0, 1994-05-25 00:00:00, 0.0
5.0, 15.3, 320.0, 85.0, 1994-05-26 00:00:00, 2.0
7.0, 16.8, 180.0, 28.0, 1994-05-27 00:00:00, 0.0
2.0, 14.8, 180.0, 34.0, 1994-05-28 00:00:00, 0.0
4.0, 7.8, 90.0, 88.0, 1994-05-29 00:00:00, 7.6
2.0, 15.4, 230.0, 34.0, 1994-05-30 00:00:00, 1.8
4.0, 18.7, 270.0, 23.0, 1994-05-31 00:00:00, 0.0
1.0, 14.3, 90.0, 88.0, 1994-06-01 00:00:00, 4.3
3.0, 21.0, 230.0, 26.0, 1994-06-02 00:00:00, 2.0
