station_observations
wind_speed, temperature, wind_direction, relative_humidity, time, precipitation
0.0, 0.0, 0.0, 0.0, 1993-06-08 00:00:00, 0.0
1.0, 14.2, 50.0, 47.0, 1993-06-09 00:00:00, 1.3
4.0, 15.8, 50.0, 36.0, 1993-06-10 00:00:00, 1.3
0.0, 14.0, 0.0, 40.0, 1993-06-11 00:00:00, 0.0
0.0, 7.4, 0.0, 96.0, 1993-06-12 00:00:00, 8.6
0.0, 14.8, 0.0, 51.0, 1993-06-13 00:00:00, 0.3
0.0, 16.5, 0.0, 58.0, 1993-06-14 00:00:00, 0.0
0.0, 14.2, 0.0, 88.0, 1993-06-15 00:00:00, 5.1
0.0, 15.9, 270.0, 52.0, 1993-06-16 00:00:00, 9.9
0.0, 18.4, 320.0, 51.0, 1993-06-17 00:00:00, 0.0
4.0, 23.7, 50.0, 38.0, 1993-06-18 00:00:00, 0.0
3.0, 24.5, 50.0, 25.0, 1993-06-19 00:00:00, 0.0
3.0, 25.9, 50.0, 19.0, 1993-06-20 00:00:00, 0.0
0.0, 15.1, 230.0, 93.0, 1993-06-21 00:00:00, 14.4
4.0, 6.9, 50.0, 83.0, 1993-06-22 00:00:00, 11.2
5.0, 6.0, 50.0, 82.0, 1993-06-23 00:00:00, 0.0
1.0, 15.3, 90.0, 46.0, 1993-06-24 00:00:00, 0.0
2.0, 20.4, 50.0, 47.0, 1993-06-25 00:00:00, 0.0
1.0, 23.9, 50.0, 31.0, 1993-06-26 00:00:00, 0.0
5.0, 17.7, 50.0, 41.0, 1993-06-27 00:00:00, 6.1
2.0, 16.9, 50.0, 35.0, 1993-06-28 00:00:00, 0.0
0.0, 8.1, 270.0, 95.0, 1993-06-29 00:00:00, 3.0
0.0, 10.4, 50.0, 87.0, 1993-06-30 00:00:00, 3.8
3.0, 17.3, 50.0, 47.0, 1993-07-01 00:00:00, 1.8
1.0, 17.1, 320.0, 44.0, 1993-07-02 00:00:00, 0.0
0.0, 16.0, 50.0, 66.0, 1993-07-03 00:00:00, 0.3
0.0, 13.0, 90.0, 90.0, 1993-07-04 00:00:00, 6.6
0.0, 11.6, 140.0, 90.0, 1993-07-05 00:00:00, 23.9
0.0, 13.2, 230.0, 87.0, 1993-07-06 00:00:00, 17.0
0.0, 10.4, 0.0, 93.0, 1993-07-07 00:00:00, 10.7
4.0, 18.9, 50.0, 59.0, 1993-07-08 00:00:00, 0.0
0.0, 11.2, 320.0, 80.0, 1993-07-09 00:00:00, 2.8
0.0, 16.2, 50.0, 45.0, 1993-07-10 00:00:00, 0.0
0.0, 14.0, 270.0, 70.0, 1993-07-11 00:00:00, 0.8
0.0, 6.1, 50.0, 94.0, 1993-07-12 00:00:00, 70.1
0.0, 13.5, 50.0, 57.0, 1993-07-13 00:00:00, 0.3
0.0, 10.4, 270.0, 89.0, 1993-07-14 00:00:00, 0.3
0.0, 15.4, 50.0, 53.0, 1993-07-15 00:00:00, 0.5
0.0, 14.3, 50.0, 69.0, 1993-07-16 00:00:00, 0.0
0.0, 8.6, 50.0, 93.0, 1993-07-17 00:00:00, 9.1
0.0, 11.2, 50.0, 92.0, 1993-07-18 00:00:00, 12.9
1.0, 19.2, 230.0, 53.0, 1993-07-19 00:00:00, 1.0
0.0, 11.5, 320.0, 93.0, 1993-07-20 00:00:00, 10.4
3.0, 12.2, 50.0, 85.0, 1993-07-21 00:00:00, 1.5
3.0, 18.8, 50.0, 42.0, 1993-07-22 00:00:00, 0.0
4.0, 14.8, 50.0, 73.0, 1993-07-23 00:00:00, 0.0
0.0, 12.0, 50.0, 95.0, 1993-07-24 00:00:00, 19.5
0.0, 13.6, 270.0, 91.0, 1993-07-25 00:00:00, 7.8
0.0, 17.6, 270.0, 68.0, 1993-07-26 00:00:00, 1.0
3.0, 21.3, 50.0, 53.0, 1993-07-27 00:00:00, 9.7
1.0, 23.6, 270.0, 58.0, 1993-07-28 00:00:00, 0.0
3.0, 19.9, 50.0, 48.0, 1993-07-29 00:00:00, 0.0
3.0, 16.6, 50.0, 42.0, 1993-07-30 00:00:00, 3.3
3.0, 20.5, 50.0, 37.0, 1993-07-31 00:00:00, 0.0
0.0, 22.1, 0.0, 34.0, 1993-08-01 00:00:00, 0.0
0.0, 22.6, 230.0, 34.0, 1993-08-02 00:00:00, 0.0
1.0, 22.6, 230.0, 35.0, 1993-08-03 00:00:00, 0.0
2.0, 23.2, 230.0, 30.0, 1993-08-04 00:00:00, 0.0
1.0, 24.5, 230.0, 32.0, 1993-08-05 00:00:00, 0.0
4.0, 25.9, 50.0, 34.0, 1993-08-06 00:00:00, 0.0
4.0, 23.7, 50.0, 28.0, 1993-08-07 00:00:00, 0.0
3.0, 24.1, 50.0, 30.0, 1993-08-08 00:00:00, 0.0
4.0, 24.9, 0.0, 15.0, 1993-08-09 00:00:00, 0.0
4.0, 22.1, 50.0, 26.0, 1993-08-10 00:00:00, 0.0
2.0, 17.1, 230.0, 53.0, 1993-08-11 00:00:00, 0.0
0.0, 22.1, 270.0, 33.0, 1993-08-12 00:00:00, 0.0
4.0, 23.9, 50.0, 27.0, 1993-08-13 00:00:00, 0.0
0.0, 21.5, 230.0, 44.0, 1993-08-14 00:00:00, 0.3
0.0, 12.5, 50.0, 94.0, 1993-08-15 00:00:00, 5.5
0.0, 13.8, 230.0, 91.0, 1993-08-16 00:00:00, 5.5
0.0, 16.2, 0.0, 85.0, 1993-08-17 00:00:00, 16.0
0.0, 18.7, 230.0, 76.0, 1993-08-18 00:00:00, 0.5
1.0, 22.9, 230.0, 49.0, 1993-08-19 00:00:00, 0.0
0.0, 24.6, 270.0, 49.0, 1993-08-20 00:00:00, 0.0
0.0, 16.0, 50.0, 91.0, 1993-08-21 00:00:00, 2.0
2.0, 19.8, 0.0, 59.0, 1993-08-22 00:00:00, 8.0
5.0, 15.5, 50.0, 66.0, 1993-08-23 00:00:00, 0.2
5.0, 13.8, 50.0, 49.0, 1993-08-24 00:00:00, 2.0
0.0, 11.4, 140.0, 60.0, 1993-08-25 00:00:00, 0.7
3.0, 17.4, 0.0, 44.0, 1993-08-26 00:00:00, 0.0
5.0, 16.7, 50.0, 43.0, 1993-08-27 00:00:00, 0.0
0.0, 11.7, 270.0, 75.0, 1993-08-28 00:00:00, 0.0
0.0, 16.9, 230.0, 40.0, 1993-08-29 00:00:00, 0.2
0.0, 17.4, 0.0, 43.0, 1993-08-30 00:00:00, 0.0
0.0, 10.7, 230.0, 89.0, 1993-08-31 00:00:00, 0.0
0.0, 16.7, 230.0, 67.0, 1993-09-01 00:00:00, 0.0
0.0, 19.9, 180.0, 56.0, 1993-09-02 00:00:00, 2.0
2.0, 24.6, 50.0, 33.0, 1993-09-03 00:00:00, 0.0
1.0, 21.7, 230.0, 52.0, 1993-09-04 00:00:00, 0.2
0.0, 18.0, 90.0, 53.0, 1993-09-05 00:00:00, 1.5
0.0, 19.8, 230.0, 48.0, 1993-09-06 00:00:00, 0.0
0.0, 22.0, 230.0, 43.0, 1993-09-07 00:00:00, 0.0
5.0, 25.5, 50.0, 27.0, 1993-09-08 00:00:00, 0.0
0.0, 22.1, 320.0, 34.0, 1993-09-09 00:00:00, 0.0
5.0, 25.3, 50.0, 28.0, 1993-09-10 00:00:00, 0.0
6.0, 18.8, 50.0, 26.0, 1993-09-11 00:00:00, 0.0
0.0, 9.7, 320.0, 69.0, 1993-09-12 00:00:00, 24.6
2.0, 12.3, 50.0, 52.0, 1993-09-13 00:00:00, 0.0
0.0, 8.9, 230.0, 89.0, 1993-09-14 00:00:00, 0.7
0.0, 7.9, 270.0, 92.0, 1993-09-15 00:00:00, 33.0
0.0, 11.6, 230.0, 60.0, 1993-09-16 00:00:00, 2.5
0.0, 14.1, 270.0, 48.0, 1993-09-17 00:00:00, 0.0
0.0, 15.3, 230.0, 51.0, 1993-09-18 00:00:00, 0.0
0.0, 13.9, 50.0, 40.0, 1993-09-19 00:00:00, 0.0
0.0, 8.2, 320.0, 74.0, 1993-09-20 00:00:00, 0.0
0.0, 8.1, 320.0, 66.0, 1993-09-21 00:00:00, 24.8
0.0, 11.8, 270.0, 60.0, 1993-09-22 00:00:00, 0.0
0.0, 13.8, 230.0, 53.0, 1993-09-23 00:00:00, 0.0
4.0, 16.9, 50.0, 39.0, 1993-09-24 00:00:00, 0.0
0.0, 0.0, 0.0, 0.0, 1994-05-31 00:00:00, 0.0
15.0, 13.5, 320.0, 74.0, 1994-06-01 00:00:00, 1.5
8.0, 18.7, 320.0, 30.0, 1994-06-02 00:00:00, 0.0
7.0, 22.8, 320.0, 26.0, 1994-06-03 00:00:00, 0.0
11.0, 9.2, 0.0, 89.0, 1994-06-04 00:00:00, 8.1
2.0, 19.0, 0.0, 39.0, 1994-06-05 00:00:00, 0.5
0.0, 11.0, 270.0, 96.0, 1994-06-06 00:00:00, 6.1
13.0, 12.9, 320.0, 56.0, 1994-06-07 00:00:00, 3.8
15.0, 13.1, 320.0, 51.0, 1994-06-08 00:00:00, 0.0
9.0, 14.1, 320.0, 49.0, 1994-06-09 00:00:00, 0.2
3.0, 18.0, 230.0, 36.0, 1994-06-10 00:00:00, 0.0
7.0, 19.0, 0.0, 47.0, 1994-06-11 00:00:00, 0.0
0.0, 16.8, 270.0, 65.0, 1994-06-12 00:00:00, 0.7
10.0, 7.0, 0.0, 96.0, 1994-06-13 00:00:00, 20.3
18.0, 9.9, 320.0, 61.0, 1994-06-14 00:00:00, 2.5
3.0, 8.9, 180.0, 83.0, 1994-06-15 00:00:00, 5.3
7.0, 9.2, 180.0, 89.0, 1994-06-16 00:00:00, 2.3
0.0, 11.5, 140.0, 81.0, 1994-06-17 00:00:00, 7.6
12.0, 11.2, 0.0, 80.0, 1994-06-18 00:00:00, 1.8
10.0, 18.0, 320.0, 37.0, 1994-06-19 00:00:00, 1.3
1.0, 22.3, 180.0, 31.0, 1994-06-20 00:00:00, 0.0
2.0, 25.9, 320.0, 21.0, 1994-06-21 00:00:00, 0.0
8.0, 28.0, 320.0, 19.0, 1994-06-22 00:00:00, 0.0
0.0, 28.9, 230.0, 19.0, 1994-06-23 00:00:00, 0.7
17.0, 19.4, 320.0, 35.0, 1994-06-24 00:00:00, 2.0
3.0, 23.2, 180.0, 35.0, 1994-06-25 00:00:00, 0.0
6.0, 9.8, 320.0, 96.0, 1994-06-26 00:00:00, 7.8
6.0, 18.9, 0.0, 51.0, 1994-06-27 00:00:00, 0.0
11.0, 23.4, 320.0, 35.0, 1994-06-28 00:00:00, 0.0
19.0, 23.4, 320.0, 30.0, 1994-06-29 00:00:00, 0.0
9.0, 23.6, 0.0, 25.0, 1994-06-30 00:00:00, 0.0
10.0, 21.5, 320.0, 37.0, 1994-07-01 00:00:00, 0.0
17.0, 13.5, 320.0, 50.0, 1994-07-02 00:00:00, 4.0
14.0, 13.8, 0.0, 57.0, 1994-07-03 00:00:00, 0.7
11.0, 17.2, 320.0, 47.0, 1994-07-04 00:00:00, 0.0
9.0, 20.5, 180.0, 39.0, 1994-07-05 00:00:00, 0.0
0.0, 20.8, 0.0, 44.0, 1994-07-06 00:00:00, 0.0
3.0, 23.0, 320.0, 36.0, 1994-07-07 00:00:00, 0.2
10.0, 25.4, 320.0, 34.0, 1994-07-08 00:00:00, 0.0
12.0, 26.9, 0.0, 14.0, 1994-07-09 00:00:00, 0.0
4.0, 24.6, 0.0, 9.0, 1994-07-10 00:00:00, 0.0
13.0, 25.1, 320.0, 16.0, 1994-07-11 00:00:00, 0.0
5.0, 22.6, 180.0, 26.0, 1994-07-12 00:00:00, 0.0
3.0, 25.4, 180.0, 27.0, 1994-07-13 00:00:00, 0.0
2.0, 20.6, 180.0, 38.0, 1994-07-14 00:00:00, 3.3
0.0, 21.5, 230.0, 45.0, 1994-07-15 00:00:00, 0.5
1.0, 25.0, 230.0, 35.0, 1994-07-16 00:00:00, 0.0
15.0, 27.0, 320.0, 19.0, 1994-07-17 00:00:00, 0.0
10.0, 21.8, 0.0, 35.0, 1994-07-18 00:00:00, 0.0
1.0, 24.4, 270.0, 28.0, 1994-07-19 00:00:00, 0.0
0.0, 28.4, 230.0, 17.0, 1994-07-20 00:00:00, 0.0
11.0, 32.6, 320.0, 14.0, 1994-07-21 00:00:00, 0.0
2.0, 29.5, 270.0, 22.0, 1994-07-22 00:00:00, 0.0
1.0, 33.6, 230.0, 15.0, 1994-07-23 00:00:00, 0.0
1.0, 26.1, 320.0, 38.0, 1994-07-24 00:00:00, 0.0
5.0, 30.4, 270.0, 27.0, 1994-07-25 00:00:00, 0.0
7.0, 32.2, 270.0, 14.0, 1994-07-26 00:00:00, 0.0
5.0, 30.5, 320.0, 8.0, 1994-07-27 00:00:00, 0.0
2.0, 30.2, 270.0, 11.0, 1994-07-28 00:00:00, 0.0
4.0, 32.5, 320.0, 7.0, 1994-07-29 00:00:00, 0.0
8.0, 27.1, 320.0, 21.0, 1994-07-30 00:00:00, 0.0
8.0, 28.6, 320.0, 7.0, 1994-07-31 00:00:00, 0.0
7.0, 29.3, 180.0, 16.0, 1994-08-01 00:00:00, 0.0
5.0, 31.8, 230.0, 13.0, 1994-08-02 00:00:00, 0.3
2.0, 30.9, 0.0, 16.0, 1994-08-03 00:00:00, 0.0
2.0, 29.7, 180.0, 24.0, 1994-08-04 00:00:00, 0.0
5.0, 30.7, 270.0, 11.0, 1994-08-05 00:00:00, 0.0
7.0, 24.3, 270.0, 10.0, 1994-08-06 00:00:00, 0.0
4.0, 23.6, 180.0, 30.0, 1994-08-07 00:00:00, 0.0
4.0, 20.0, 180.0, 50.0, 1994-08-08 00:00:00, 1.8
11.0, 19.1, 0.0, 32.0, 1994-08-09 00:00:00, 0.3
2.0, 24.4, 180.0, 22.0, 1994-08-10 00:00:00, 0.0
4.0, 27.4, 180.0, 10.0, 1994-08-11 00:00:00, 0.0
3.0, 29.0, 180.0, 10.0, 1994-08-12 00:00:00, 0.0
4.0, 30.4, 230.0, 12.0, 1994-08-13 00:00:00, 0.0
4.0, 33.2, 180.0, 11.0, 1994-08-14 00:00:00, 0.0
10.0, 27.2, 320.0, 11.0, 1994-08-15 00:00:00, 2.0
5.0, 25.8, 0.0, 16.0, 1994-08-16 00:00:00, 0.0
1.0, 22.1, 180.0, 27.0, 1994-08-17 00:00:00, 0.0
7.0, 24.2, 180.0, 20.0, 1994-08-18 00:00:00, 0.0
4.0, 27.3, 180.0, 13.0, 1994-08-19 00:00:00, 0.0
8.0, 28.5, 270.0, 7.0, 1994-08-20 00:00:00, 0.0
10.0, 25.7, 320.0, 12.0, 1994-08-21 00:00:00, 0.0
15.0, 20.1, 320.0, 30.0, 1994-08-22 00:00:00, 0.0
13.0, 20.5, 320.0, 30.0, 1994-08-23 00:00:00, 0.0
9.0, 24.1, 320.0, 13.0, 1994-08-24 00:00:00, 0.0
0.0, 20.9, 180.0, 27.0, 1994-08-25 00:00:00, 0.0
10.0, 16.3, 320.0, 53.0, 1994-08-26 00:00:00, 1.0
4.0, 18.7, 180.0, 36.0, 1994-08-27 00:00:00, 1.0
4.0, 23.4, 180.0, 25.0, 1994-08-28 00:00:00, 0.0
1.0, 13.6, 0.0, 78.0, 1994-08-29 00:00:00, 0.5
1.0, 17.2, 270.0, 59.0, 1994-08-30 00:00:00, 2.3
6.0, 18.0, 180.0, 31.0, 1994-08-31 00:00:00, 0.3
5.0, 20.5, 180.0, 29.0, 1994-09-01 00:00:00, 0.0
0.0, 20.1, 230.0, 40.0, 1994-09-02 00:00:00, 0.3
5.0, 11.0, 320.0, 85.0, 1994-09-03 00:00:00, 0.0
12.0, 15.2, 320.0, 46.0, 1994-09-04 00:00:00, 2.3
4.0, 20.3, 230.0, 28.0, 1994-09-05 00:00:00, 0.0
3.0, 23.4, 180.0, 25.0, 1994-09-06 00:00:00, 0.0
8.0, 25.6, 320.0, 10.0, 1994-09-07 00:00:00, 0.0
2.0, 26.7, 270.0, 5.0, 1994-09-08 00:00:00, 0.0
0.0, 0.0, 0.0, 0.0, 1995-05-14 00:00:00, 0.0
12.0, 19.9, 0.0, 22.0, 1995-05-15 00:00:00, 0.0
1.0, 17.6, 180.0, 32.0, 1995-05-16 00:00:00, 0.0
9.0, 14.0, 0.0, 72.0, 1995-05-17 00:00:00, 0.5
15.0, 15.1, 0.0, 37.0, 1995-05-18 00:00:00, 2.5
8.0, 15.5, 0.0, 21.0, 1995-05-19 00:00:00, 0.0
11.0, 17.7, 0.0, 17.0, 1995-05-20 00:00:00, 0.0
2.0, 12.1, 180.0, 29.0, 1995-05-21 00:00:00, 0.0
6.0, 15.5, 180.0, 20.0, 1995-05-22 00:00:00, 0.0
5.0, 18.9, 180.0, 16.0, 1995-05-23 00:00:00, 0.0
4.0, 18.0, 180.0, 15.0, 1995-05-24 00:00:00, 0.0
6.0, 6.4, 180.0, 85.0, 1995-05-25 00:00:00, 3.8
4.0, 13.8, 230.0, 22.0, 1995-05-26 00:00:00, 0.5
2.0, 19.2, 230.0, 18.0, 1995-05-27 00:00:00, 0.0
3.0, 24.2, 180.0, 16.0, 1995-05-28 00:00:00, 0.0
6.0, 27.5, 320.0, 17.0, 1995-05-29 00:00:00, 0.0
11.0, 26.3, 0.0, 14.0, 1995-05-30 00:00:00, 0.0
12.0, 24.1, 320.0, 20.0, 1995-05-31 00:00:00, 0.0
8.0, 25.6, 320.0, 19.0, 1995-06-01 00:00:00, 0.0
6.0, 23.2, 180.0, 28.0, 1995-06-02 00:00:00, 0.0
4.0, 20.8, 180.0, 51.0, 1995-06-03 00:00:00, 3.6
0.0, 18.7, 0.0, 84.0, 1995-06-04 00:00:00, 4.8
10.0, 16.9, 320.0, 51.0, 1995-06-05 00:00:00, 7.4
2.0, 4.9, 320.0, 95.0, 1995-06-06 00:00:00, 17.0
6.0, 14.8, 180.0, 34.0, 1995-06-07 00:00:00, 20.8
10.0, 15.1, 180.0, 29.0, 1995-06-08 00:00:00, 0.0
1.0, 16.7, 270.0, 25.0, 1995-06-09 00:00:00, 0.0
5.0, 20.0, 230.0, 24.0, 1995-06-10 00:00:00, 0.0
10.0, 16.8, 320.0, 57.0, 1995-06-11 00:00:00, 7.1
11.0, 21.3, 320.0, 24.0, 1995-06-12 00:00:00, 0.0
9.0, 17.0, 0.0, 37.0, 1995-06-13 00:00:00, 1.0
3.0, 13.3, 140.0, 63.0, 1995-06-14 00:00:00, 0.5
0.0, 20.8, 230.0, 36.0, 1995-06-15 00:00:00, 0.5
1.0, 21.5, 180.0, 54.0, 1995-06-16 00:00:00, 7.4
8.0, 12.9, 320.0, 86.0, 1995-06-17 00:00:00, 25.4
1.0, 19.9, 270.0, 36.0, 1995-06-18 00:00:00, 0.3
5.0, 16.9, 320.0, 45.0, 1995-06-19 00:00:00, 0.0
2.0, 8.8, 320.0, 92.0, 1995-06-20 00:00:00, 5.6
3.0, 14.9, 270.0, 77.0, 1995-06-21 00:00:00, 1.0
0.0, 16.1, 0.0, 65.0, 1995-06-22 00:00:00, 0.3
1.0, 20.9, 180.0, 51.0, 1995-06-23 00:00:00, 0.5
9.0, 25.5, 0.0, 26.0, 1995-06-24 00:00:00, 1.0
12.0, 24.7, 320.0, 33.0, 1995-06-25 00:00:00, 0.0
6.0, 22.7, 0.0, 26.0, 1995-06-26 00:00:00, 0.0
3.0, 14.6, 140.0, 49.0, 1995-06-27 00:00:00, 24.1
4.0, 20.4, 180.0, 28.0, 1995-06-28 00:00:00, 0.0
2.0, 23.2, 320.0, 31.0, 1995-06-29 00:00:00, 1.8
2.0, 25.6, 180.0, 25.0, 1995-06-30 00:00:00, 0.0
1.0, 23.0, 140.0, 50.0, 1995-07-01 00:00:00, 1.0
5.0, 15.7, 320.0, 66.0, 1995-07-02 00:00:00, 7.9
0.0, 13.7, 0.0, 91.0, 1995-07-03 00:00:00, 6.6
0.0, 17.0, 0.0, 70.0, 1995-07-04 00:00:00, 13.2
10.0, 19.7, 320.0, 47.0, 1995-07-05 00:00:00, 3.0
0.0, 23.6, 0.0, 25.0, 1995-07-06 00:00:00, 0.0
7.0, 21.7, 0.0, 50.0, 1995-07-07 00:00:00, 2.3
4.0, 22.7, 180.0, 46.0, 1995-07-08 00:00:00, 0.0
2.0, 23.5, 180.0, 52.0, 1995-07-09 00:00:00, 0.0
7.0, 20.5, 0.0, 56.0, 1995-07-10 00:00:00, 11.2
11.0, 19.6, 0.0, 39.0, 1995-07-11 00:00:00, 0.0
2.0, 21.3, 230.0, 26.0, 1995-07-12 00:00:00, 0.0
1.0, 19.6, 140.0, 39.0, 1995-07-13 00:00:00, 0.0
7.0, 23.3, 0.0, 25.0, 1995-07-14 00:00:00, 0.0
5.0, 21.5, 320.0, 41.0, 1995-07-15 00:00:00, 0.0
4.0, 24.8, 230.0, 23.0, 1995-07-16 00:00:00, 0.0
2.0, 26.1, 230.0, 22.0, 1995-07-17 00:00:00, 0.0
2.0, 27.3, 230.0, 19.0, 1995-07-18 00:00:00, 0.0
3.0, 25.8, 180.0, 25.0, 1995-07-19 00:00:00, 0.0
3.0, 25.7, 320.0, 40.0, 1995-07-20 00:00:00, 0.0
0.0, 14.6, 0.0, 92.0, 1995-07-21 00:00:00, 2.8
1.0, 20.0, 320.0, 63.0, 1995-07-22 00:00:00, 2.0
12.0, 22.1, 320.0, 49.0, 1995-07-23 00:00:00, 0.0
0.0, 18.1, 0.0, 71.0, 1995-07-24 00:00:00, 2.8
12.0, 23.0, 320.0, 41.0, 1995-07-25 00:00:00, 0.8
8.0, 16.1, 320.0, 73.0, 1995-07-26 00:00:00, 0.3
17.0, 19.3, 320.0, 41.0, 1995-07-27 00:00:00, 4.6
6.0, 24.0, 320.0, 30.0, 1995-07-28 00:00:00, 0.0
18.0, 19.0, 320.0, 18.0, 1995-07-29 00:00:00, 0.0
9.0, 20.2, 320.0, 31.0, 1995-07-30 00:00:00, 0.0
10.0, 22.7, 320.0, 30.0, 1995-07-31 00:00:00, 0.0
12.0, 24.0, 320.0, 30.0, 1995-08-01 00:00:00, 0.0
0.0, 19.8, 0.0, 60.0, 1995-08-02 00:00:00, 8.1
2.0, 23.5, 320.0, 39.0, 1995-08-03 00:00:00, 0.0
3.0, 26.9, 270.0, 29.0, 1995-08-04 00:00:00, 0.0
9.0, 28.0, 320.0, 23.0, 1995-08-05 00:00:00, 0.0
13.0, 15.2, 0.0, 44.0, 1995-08-06 00:00:00, 0.0
6.0, 12.7, 0.0, 92.0, 1995-08-07 00:00:00, 9.9
17.0, 13.4, 0.0, 65.0, 1995-08-08 00:00:00, 1.3
3.0, 19.0, 320.0, 43.0, 1995-08-09 00:00:00, 0.3
1.0, 21.5, 180.0, 36.0, 1995-08-10 00:00:00, 0.0
11.0, 14.1, 320.0, 82.0, 1995-08-11 00:00:00, 4.8
7.0, 13.8, 320.0, 54.0, 1995-08-12 00:00:00, 0.0
14.0, 15.7, 320.0, 57.0, 1995-08-13 00:00:00, 0.0
8.0, 18.8, 320.0, 41.0, 1995-08-14 00:00:00, 0.0
6.0, 14.4, 0.0, 72.0, 1995-08-15 00:00:00, 0.0
9.0, 17.2, 320.0, 54.0, 1995-08-16 00:00:00, 0.0
9.0, 10.3, 320.0, 81.0, 1995-08-17 00:00:00, 0.0
13.0, 15.0, 320.0, 52.0, 1995-08-18 00:00:00, 0.0
9.0, 16.9, 320.0, 47.0, 1995-08-19 00:00:00, 0.0
3.0, 23.6, 320.0, 30.0, 1995-08-20 00:00:00, 0.0
10.0, 26.9, 320.0, 17.0, 1995-08-21 00:00:00, 0.0
6.0, 25.4, 320.0, 13.0, 1995-08-22 00:00:00, 0.0
0.0, 21.2, 0.0, 47.0, 1995-08-23 00:00:00, 0.0
9.0, 20.2, 320.0, 29.0, 1995-08-24 00:00:00, 0.0
0.0, 19.9, 0.0, 22.0, 1995-08-25 00:00:00, 0.0
8.0, 21.8, 320.0, 28.0, 1995-08-26 00:00:00, 0.0
0.0, 19.6, 0.0, 28.0, 1995-08-27 00:00:00, 0.0
0.0, 21.8, 0.0, 25.0, 1995-08-28 00:00:00, 0.0
1.0, 11.8, 320.0, 89.0, 1995-08-29 00:00:00, 0.0
9.0, 18.9, 320.0, 38.0, 1995-08-30 00:00:00, 0.2
2.0, 21.1, 230.0, 36.0, 1995-08-31 00:00:00, 0.0
0.0, 22.7, 0.0, 29.0, 1995-09-01 00:00:00, 0.0
7.0, 26.8, 320.0, 17.0, 1995-09-02 00:00:00, 0.0
0.0, 26.9, 0.0, 19.0, 1995-09-03 00:00:00, 0.0
0.0, 24.9, 0.0, 19.0, 1995-09-04 00:00:00, 0.0
2.0, 17.0, 270.0, 82.0, 1995-09-05 00:00:00, 8.6
6.0, 18.9, 180.0, 52.0, 1995-09-06 00:00:00, 0.0
5.0, 19.2, 180.0, 46.0, 1995-09-07 00:00:00, 0.0
4.0, 19.3, 180.0, 35.0, 1995-09-08 00:00:00, 0.0
2.0, 20.8, 230.0, 34.0, 1995-09-09 00:00:00, 0.0
1.0, 22.7, 230.0, 35.0, 1995-09-10 00:00:00, 0.0
16.0, 24.1, 0.0, 30.0, 1995-09-11 00:00:00, 0.0
11.0, 25.0, 320.0, 26.0, 1995-09-12 00:00:00, 0.0
0.0, 22.6, 0.0, 33.0, 1995-09-13 00:00:00, 0.0
0.0, 24.0, 0.0, 34.0, 1995-09-14 00:00:00, 0.0
10.0, 27.2, 320.0, 14.0, 1995-09-15 00:00:00, 0.0
0.0, 20.3, 0.0, 34.0, 1995-09-16 00:00:00, 0.0
2.0, 20.9, 180.0, 37.0, 1995-09-17 00:00:00, 0.0
5.0, 13.3, 230.0, 39.0, 1995-09-18 00:00:00, 0.0
6.0, 13.4, 180.0, 38.0, 1995-09-19 00:00:00, 0.0
2.0, 13.6, 230.0, 20.0, 1995-09-20 00:00:00, 0.0
2.0, 12.9, 180.0, 27.0, 1995-09-21 00:00:00, 0.0
3.0, 13.5, 230.0, 36.0, 1995-09-22 00:00:00, 0.0
3.0, 18.4, 180.0, 29.0, 1995-09-23 00:00:00, 0.0
1.0, 19.4, 230.0, 18.0, 1995-09-24 00:00:00, 0.0
0.0, 18.7, 0.0, 24.0, 1995-09-25 00:00:00, 0.0
10.0, 15.3, 0.0, 40.0, 1995-09-26 00:00:00, 0.0
6.0, 10.9, 0.0, 71.0, 1995-09-27 00:00:00, 0.0
6.0, 14.3, 0.0, 63.0, 1995-09-28 00:00:00, 6.2
2.0, 10.4, 140.0, 85.0, 1995-09-29 00:00:00, 0.3
7.0, 12.6, 320.0, 68.0, 1995-09-30 00:00:00, 3.8
2.0, 11.3, 0.0, 33.0, 1995-10-01 00:00:00, 4.8
6.0, 8.9, 320.0, 52.0, 1995-10-02 00:00:00, 4.3
0.0, 0.0, 0.0, 0.0, 1997-04-29 00:00:00, 0.0
7.0, 19.0, 0.0, 31.0, 1997-04-30 00:00:00, 0.0
1.0, 12.9, 270.0, 37.0, 1997-05-01 00:00:00, 0.0
1.0, 12.0, 230.0, 46.0, 1997-05-02 00:00:00, 0.0
0.0, 15.4, 0.0, 45.0, 1997-05-03 00:00:00, 0.0
3.0, 17.8, 50.0, 42.0, 1997-05-04 00:00:00, 0.0
3.0, 12.0, 0.0, 62.0, 1997-05-05 00:00:00, 2.5
5.0, 15.2, 0.0, 51.0, 1997-05-06 00:00:00, 0.0
9.0, 17.5, 0.0, 43.0, 1997-05-07 00:00:00, 0.0
1.0, 17.3, 230.0, 51.0, 1997-05-08 00:00:00, 0.0
8.0, 20.3, 270.0, 16.0, 1997-05-09 00:00:00, 0.0
1.0, 18.3, 90.0, 19.0, 1997-05-10 00:00:00, 0.0
4.0, 18.6, 90.0, 9.0, 1997-05-11 00:00:00, 0.0
15.0, 22.4, 270.0, 13.0, 1997-05-12 00:00:00, 0.0
2.0, 23.8, 230.0, 20.0, 1997-05-13 00:00:00, 0.0
0.0, 23.7, 0.0, 25.0, 1997-05-14 00:00:00, 0.0
8.0, 22.1, 270.0, 35.0, 1997-05-15 00:00:00, 0.0
