station_observations
wind_speed, temperature, wind_direction, relative_humidity, time, precipitation
0.0, 0.0, 0.0, 0.0, 1993-04-30 00:00:00, 0.0
9.0, 11.8, 140.0, 52.0, 1993-05-01 00:00:00, 0.0
0.0, 0.0, 0.0, 0.0, 1994-04-12 00:00:00, 0.0
13.0, 5.4, 230.0, 49.0, 1994-04-13 00:00:00, 0.0
11.0, 2.6, 140.0, 35.0, 1994-04-14 00:00:00, 0.0
11.0, 12.6, 230.0, 34.0, 1994-04-15 00:00:00, 0.0
12.0, 17.2, 230.0, 33.0, 1994-04-16 00:00:00, 0.0
6.0, 13.5, 320.0, 51.0, 1994-04-17 00:00:00, 0.0
9.0, 16.3, 230.0, 30.0, 1994-04-18 00:00:00, 0.0
7.0, 7.9, 230.0, 95.0, 1994-04-19 00:00:00, 3.1
9.0, 11.9, 50.0, 68.0, 1994-04-20 00:00:00, 0.2
10.0, 16.4, 320.0, 41.0, 1994-04-21 00:00:00, 0.0
10.0, 14.3, 230.0, 36.0, 1994-04-22 00:00:00, 3.1
10.0, 13.8, 270.0, 29.0, 1994-04-23 00:00:00, 0.0
8.0, 10.4, 230.0, 42.0, 1994-04-24 00:00:00, 0.0
13.0, 9.9, 230.0, 29.0, 1994-04-25 00:00:00, 0.0
11.0, 9.6, 230.0, 31.0, 1994-04-26 00:00:00, 0.0
6.0, 10.9, 50.0, 28.0, 1994-04-27 00:00:00, 0.0
11.0, 10.6, 0.0, 24.0, 1994-04-28 00:00:00, 0.0
10.0, 14.4, 320.0, 22.0, 1994-04-29 00:00:00, 0.0
10.0, 14.4, 140.0, 32.0, 1994-04-30 00:00:00, 0.0
10.0, 7.7, 230.0, 46.0, 1994-05-01 00:00:00, 0.4
8.0, 9.0, 230.0, 51.0, 1994-05-02 00:00:00, 1.4
9.0, 10.6, 320.0, 32.0, 1994-05-03 00:00:00, 0.5
8.0, 9.1, 230.0, 40.0, 1994-05-04 00:00:00, 0.0
8.0, 14.9, 230.0, 39.0, 1994-05-05 00:00:00, 0.0
7.0, 17.9, 320.0, 31.0, 1994-05-06 00:00:00, 0.0
12.0, 22.5, 320.0, 27.0, 1994-05-07 00:00:00, 0.0
9.0, 21.0, 0.0, 21.0, 1994-05-08 00:00:00, 0.0
8.0, 21.4, 230.0, 27.0, 1994-05-09 00:00:00, 0.0
11.0, 18.2, 320.0, 34.0, 1994-05-10 00:00:00, 0.0
11.0, 19.6, 230.0, 34.0, 1994-05-11 00:00:00, 0.0
7.0, 14.3, 140.0, 70.0, 1994-05-12 00:00:00, 5.8
8.0, 8.0, 140.0, 91.0, 1994-05-13 00:00:00, 9.3
9.0, 12.3, 320.0, 32.0, 1994-05-14 00:00:00, 0.0
5.0, 11.2, 320.0, 56.0, 1994-05-15 00:00:00, 0.0
14.0, 10.4, 230.0, 65.0, 1994-05-16 00:00:00, 14.9
9.0, 14.9, 140.0, 37.0, 1994-05-17 00:00:00, 0.1
6.0, 10.5, 230.0, 63.0, 1994-05-18 00:00:00, 0.2
4.0, 10.3, 50.0, 63.0, 1994-05-19 00:00:00, 0.0
4.0, 8.5, 140.0, 75.0, 1994-05-20 00:00:00, 1.2
6.0, 9.3, 50.0, 91.0, 1994-05-21 00:00:00, 3.9
6.0, 12.4, 230.0, 57.0, 1994-05-22 00:00:00, 7.8
7.0, 17.3, 180.0, 39.0, 1994-05-23 00:00:00, 0.2
8.0, 20.2, 50.0, 31.0, 1994-05-24 00:00:00, 0.0
10.0, 20.8, 230.0, 34.0, 1994-05-25 00:00:00, 0.0
4.0, 13.7, 320.0, 88.0, 1994-05-26 00:00:00, 0.5
10.0, 14.2, 50.0, 64.0, 1994-05-27 00:00:00, 0.4
16.0, 12.1, 230.0, 41.0, 1994-05-28 00:00:00, 3.0
17.0, 9.0, 230.0, 68.0, 1994-05-29 00:00:00, 0.1
13.0, 10.9, 230.0, 45.0, 1994-05-30 00:00:00, 0.8
8.0, 16.6, 230.0, 26.0, 1994-05-31 00:00:00, 0.0
6.0, 14.0, 230.0, 76.0, 1994-06-01 00:00:00, 0.4
7.0, 13.4, 320.0, 58.0, 1994-06-02 00:00:00, 2.5
9.0, 19.1, 270.0, 35.0, 1994-06-03 00:00:00, 0.0
15.0, 9.5, 230.0, 97.0, 1994-06-04 00:00:00, 0.3
8.0, 16.3, 50.0, 44.0, 1994-06-05 00:00:00, 4.9
4.0, 11.5, 320.0, 93.0, 1994-06-06 00:00:00, 0.3
6.0, 9.7, 140.0, 74.0, 1994-06-07 00:00:00, 3.8
6.0, 8.9, 140.0, 75.0, 1994-06-08 00:00:00, 0.8
10.0, 13.6, 230.0, 44.0, 1994-06-09 00:00:00, 0.1
6.0, 16.5, 50.0, 38.0, 1994-06-10 00:00:00, 0.0
5.0, 14.3, 230.0, 66.0, 1994-06-11 00:00:00, 0.8
6.0, 15.1, 230.0, 67.0, 1994-06-12 00:00:00, 5.7
5.0, 8.3, 320.0, 94.0, 1994-06-13 00:00:00, 2.8
10.0, 7.9, 230.0, 82.0, 1994-06-14 00:00:00, 3.8
8.0, 9.2, 320.0, 71.0, 1994-06-15 00:00:00, 5.0
11.0, 13.1, 230.0, 43.0, 1994-06-16 00:00:00, 0.0
12.0, 12.5, 270.0, 76.0, 1994-06-17 00:00:00, 8.1
7.0, 15.4, 230.0, 56.0, 1994-06-18 00:00:00, 0.0
9.0, 13.9, 320.0, 47.0, 1994-06-19 00:00:00, 4.4
10.0, 18.4, 230.0, 31.0, 1994-06-20 00:00:00, 0.0
8.0, 22.8, 230.0, 24.0, 1994-06-21 00:00:00, 0.0
11.0, 24.3, 320.0, 28.0, 1994-06-22 00:00:00, 0.0
9.0, 25.5, 230.0, 24.0, 1994-06-23 00:00:00, 0.0
10.0, 11.3, 50.0, 90.0, 1994-06-24 00:00:00, 1.5
7.0, 18.5, 230.0, 46.0, 1994-06-25 00:00:00, 4.0
7.0, 13.8, 320.0, 79.0, 1994-06-26 00:00:00, 5.0
11.0, 15.2, 230.0, 69.0, 1994-06-27 00:00:00, 1.1
7.0, 22.0, 230.0, 39.0, 1994-06-28 00:00:00, 0.0
8.0, 18.1, 320.0, 70.0, 1994-06-29 00:00:00, 3.2
7.0, 19.1, 230.0, 41.0, 1994-06-30 00:00:00, 0.0
13.0, 18.7, 230.0, 50.0, 1994-07-01 00:00:00, 0.0
6.0, 6.9, 230.0, 96.0, 1994-07-02 00:00:00, 12.9
10.0, 12.1, 230.0, 55.0, 1994-07-03 00:00:00, 0.3
5.0, 11.1, 320.0, 77.0, 1994-07-04 00:00:00, 3.1
8.0, 14.9, 140.0, 65.0, 1994-07-05 00:00:00, 4.1
6.0, 20.2, 270.0, 46.0, 1994-07-06 00:00:00, 0.0
6.0, 22.6, 0.0, 39.0, 1994-07-07 00:00:00, 0.0
15.0, 23.2, 230.0, 45.0, 1994-07-08 00:00:00, 0.1
7.0, 24.3, 50.0, 32.0, 1994-07-09 00:00:00, 0.0
12.0, 22.7, 320.0, 22.0, 1994-07-10 00:00:00, 0.0
7.0, 22.6, 320.0, 32.0, 1994-07-11 00:00:00, 0.0
9.0, 20.6, 50.0, 33.0, 1994-07-12 00:00:00, 0.0
9.0, 21.8, 230.0, 34.0, 1994-07-13 00:00:00, 0.0
8.0, 23.2, 50.0, 33.0, 1994-07-14 00:00:00, 0.0
8.0, 21.3, 0.0, 44.0, 1994-07-15 00:00:00, 0.3
7.0, 18.2, 320.0, 62.0, 1994-07-16 00:00:00, 1.0
7.0, 24.4, 230.0, 40.0, 1994-07-17 00:00:00, 0.0
10.0, 19.5, 320.0, 53.0, 1994-07-18 00:00:00, 1.8
6.0, 19.5, 230.0, 41.0, 1994-07-19 00:00:00, 0.0
7.0, 23.4, 270.0, 34.0, 1994-07-20 00:00:00, 0.0
9.0, 26.4, 270.0, 32.0, 1994-07-21 00:00:00, 0.0
11.0, 25.7, 230.0, 40.0, 1994-07-22 00:00:00, 0.0
8.0, 26.8, 320.0, 42.0, 1994-07-23 00:00:00, 0.0
7.0, 25.4, 270.0, 50.0, 1994-07-24 00:00:00, 0.0
9.0, 26.6, 230.0, 37.0, 1994-07-25 00:00:00, 0.1
9.0, 26.3, 270.0, 43.0, 1994-07-26 00:00:00, 0.0
5.0, 24.9, 50.0, 33.0, 1994-07-27 00:00:00, 0.0
7.0, 25.3, 90.0, 32.0, 1994-07-28 00:00:00, 0.0
7.0, 24.6, 230.0, 36.0, 1994-07-29 00:00:00, 0.0
17.0, 28.4, 270.0, 31.0, 1994-07-30 00:00:00, 0.0
20.0, 25.0, 230.0, 31.0, 1994-07-31 00:00:00, 0.0
6.0, 24.4, 90.0, 33.0, 1994-08-01 00:00:00, 0.0
8.0, 25.9, 50.0, 33.0, 1994-08-02 00:00:00, 0.0
5.0, 27.8, 180.0, 35.0, 1994-08-03 00:00:00, 0.0
8.0, 23.6, 90.0, 52.0, 1994-08-04 00:00:00, 1.0
5.0, 23.6, 140.0, 43.0, 1994-08-05 00:00:00, 0.8
3.0, 16.6, 180.0, 77.0, 1994-08-06 00:00:00, 1.8
10.0, 16.7, 140.0, 74.0, 1994-08-07 00:00:00, 0.6
4.0, 14.4, 140.0, 84.0, 1994-08-08 00:00:00, 1.5
15.0, 18.1, 140.0, 57.0, 1994-08-09 00:00:00, 2.5
10.0, 22.2, 230.0, 32.0, 1994-08-10 00:00:00, 0.0
12.0, 25.2, 230.0, 26.0, 1994-08-11 00:00:00, 0.0
8.0, 27.0, 50.0, 24.0, 1994-08-12 00:00:00, 0.0
8.0, 28.4, 320.0, 28.0, 1994-08-13 00:00:00, 0.0
6.0, 28.7, 50.0, 25.0, 1994-08-14 00:00:00, 0.0
10.0, 28.8, 320.0, 23.0, 1994-08-15 00:00:00, 0.0
8.0, 24.9, 140.0, 31.0, 1994-08-16 00:00:00, 0.0
10.0, 14.4, 230.0, 68.0, 1994-08-17 00:00:00, 10.1
10.0, 22.2, 230.0, 34.0, 1994-08-18 00:00:00, 0.0
7.0, 25.6, 180.0, 26.0, 1994-08-19 00:00:00, 0.0
12.0, 24.2, 230.0, 34.0, 1994-08-20 00:00:00, 0.0
10.0, 25.9, 140.0, 18.0, 1994-08-21 00:00:00, 0.0
10.0, 17.8, 230.0, 45.0, 1994-08-22 00:00:00, 0.6
8.0, 19.9, 140.0, 29.0, 1994-08-23 00:00:00, 0.0
10.0, 18.9, 230.0, 30.0, 1994-08-24 00:00:00, 0.0
7.0, 17.3, 230.0, 45.0, 1994-08-25 00:00:00, 0.1
6.0, 6.9, 50.0, 99.0, 1994-08-26 00:00:00, 20.5
9.0, 12.2, 320.0, 72.0, 1994-08-27 00:00:00, 7.1
8.0, 19.8, 230.0, 35.0, 1994-08-28 00:00:00, 0.0
10.0, 20.5, 230.0, 48.0, 1994-08-29 00:00:00, 0.0
7.0, 14.3, 230.0, 73.0, 1994-08-30 00:00:00, 4.9
12.0, 18.2, 230.0, 40.0, 1994-08-31 00:00:00, 0.1
5.0, 13.4, 50.0, 58.0, 1994-09-01 00:00:00, 0.0
8.0, 16.5, 0.0, 66.0, 1994-09-02 00:00:00, 2.0
18.0, 13.8, 230.0, 52.0, 1994-09-03 00:00:00, 0.3
7.0, 13.9, 230.0, 70.0, 1994-09-04 00:00:00, 1.4
8.0, 17.8, 230.0, 35.0, 1994-09-05 00:00:00, 0.1
9.0, 20.7, 230.0, 39.0, 1994-09-06 00:00:00, 0.1
11.0, 22.5, 230.0, 33.0, 1994-09-07 00:00:00, 0.0
13.0, 22.6, 230.0, 31.0, 1994-09-08 00:00:00, 0.0
4.0, 11.6, 270.0, 89.0, 1994-09-09 00:00:00, 0.0
10.0, 9.7, 230.0, 85.0, 1994-09-10 00:00:00, 10.2
7.0, 11.8, 230.0, 65.0, 1994-09-11 00:00:00, 0.1
9.0, 14.3, 230.0, 45.0, 1994-09-12 00:00:00, 0.0
45.0, 21.1, 140.0, 30.0, 1995-05-31 00:00:00, 0.0
3.0, 21.4, 50.0, 29.0, 1995-06-01 00:00:00, 0.0
1.0, 18.7, 180.0, 38.0, 1995-06-02 00:00:00, 0.0
7.0, 16.5, 50.0, 60.0, 1995-06-03 00:00:00, 0.0
2.0, 20.1, 50.0, 44.0, 1995-06-04 00:00:00, 0.0
9.0, 13.8, 140.0, 72.0, 1995-06-05 00:00:00, 0.0
3.0, 10.9, 50.0, 96.0, 1995-06-06 00:00:00, 0.3
2.0, 16.7, 140.0, 28.0, 1995-06-07 00:00:00, 0.2
0.0, 14.7, 230.0, 31.0, 1995-06-08 00:00:00, 0.0
2.0, 17.5, 230.0, 28.0, 1995-06-09 00:00:00, 0.0
6.0, 18.3, 230.0, 26.0, 1995-06-10 00:00:00, 0.0
4.0, 13.4, 230.0, 87.0, 1995-06-11 00:00:00, 0.0
4.0, 17.4, 230.0, 36.0, 1995-06-12 00:00:00, 0.0
0.0, 12.1, 0.0, 62.0, 1995-06-13 00:00:00, 0.0
4.0, 14.2, 230.0, 52.0, 1995-06-14 00:00:00, 0.0
2.0, 16.1, 230.0, 60.0, 1995-06-15 00:00:00, 0.0
6.0, 19.0, 230.0, 48.0, 1995-06-16 00:00:00, 0.0
1.0, 12.7, 270.0, 97.0, 1995-06-17 00:00:00, 1.4
0.0, 11.3, 180.0, 95.0, 1995-06-18 00:00:00, 0.7
1.0, 15.4, 180.0, 65.0, 1995-06-19 00:00:00, 0.0
5.0, 7.1, 180.0, 99.0, 1995-06-20 00:00:00, 0.4
3.0, 12.2, 230.0, 86.0, 1995-06-21 00:00:00, 0.0
2.0, 15.5, 180.0, 77.0, 1995-06-22 00:00:00, 0.2
0.0, 18.8, 180.0, 67.0, 1995-06-23 00:00:00, 0.0
3.0, 22.5, 180.0, 47.0, 1995-06-24 00:00:00, 0.0
7.0, 22.9, 230.0, 44.0, 1995-06-25 00:00:00, 0.0
2.0, 16.6, 0.0, 47.0, 1995-06-26 00:00:00, 0.0
2.0, 15.7, 0.0, 40.0, 1995-06-27 00:00:00, 0.0
2.0, 18.9, 180.0, 43.0, 1995-06-28 00:00:00, 0.0
5.0, 18.9, 230.0, 46.0, 1995-06-29 00:00:00, 0.0
1.0, 22.0, 320.0, 37.0, 1995-06-30 00:00:00, 0.0
4.0, 17.2, 230.0, 62.0, 1995-07-01 00:00:00, 0.0
2.0, 14.6, 0.0, 92.0, 1995-07-02 00:00:00, 0.3
2.0, 14.4, 0.0, 92.0, 1995-07-03 00:00:00, 0.3
4.0, 14.2, 230.0, 83.0, 1995-07-04 00:00:00, 0.0
2.0, 15.5, 270.0, 68.0, 1995-07-05 00:00:00, 0.1
0.0, 19.5, 0.0, 48.0, 1995-07-06 00:00:00, 0.0
1.0, 16.6, 90.0, 81.0, 1995-07-07 00:00:00, 0.0
2.0, 19.9, 270.0, 61.0, 1995-07-08 00:00:00, 0.0
0.0, 12.4, 0.0, 99.0, 1995-07-09 00:00:00, 0.0
3.0, 19.3, 180.0, 71.0, 1995-07-10 00:00:00, 0.0
2.0, 16.3, 0.0, 62.0, 1995-07-11 00:00:00, 0.0
2.0, 19.8, 0.0, 38.0, 1995-07-12 00:00:00, 0.0
2.0, 20.5, 0.0, 35.0, 1995-07-13 00:00:00, 0.0
2.0, 15.2, 50.0, 69.0, 1995-07-14 00:00:00, 0.0
4.0, 21.8, 270.0, 38.0, 1995-07-15 00:00:00, 0.0
3.0, 21.7, 0.0, 35.0, 1995-07-16 00:00:00, 0.0
2.0, 22.4, 90.0, 36.0, 1995-07-17 00:00:00, 0.0
4.0, 24.7, 0.0, 28.0, 1995-07-18 00:00:00, 0.0
2.0, 22.9, 0.0, 40.0, 1995-07-19 00:00:00, 0.0
1.0, 15.2, 50.0, 80.0, 1995-07-20 00:00:00, 0.0
0.0, 15.6, 0.0, 82.0, 1995-07-21 00:00:00, 0.0
0.0, 16.2, 90.0, 75.0, 1995-07-22 00:00:00, 0.0
1.0, 14.9, 0.0, 97.0, 1995-07-23 00:00:00, 0.7
1.0, 18.6, 270.0, 58.0, 1995-07-24 00:00:00, 0.0
1.0, 18.8, 230.0, 69.0, 1995-07-25 00:00:00, 0.0
4.0, 14.6, 230.0, 88.0, 1995-07-26 00:00:00, 0.0
3.0, 18.3, 320.0, 40.0, 1995-07-27 00:00:00, 0.0
1.0, 12.5, 270.0, 59.0, 1995-07-28 00:00:00, 0.0
1.0, 11.5, 230.0, 89.0, 1995-07-29 00:00:00, 0.7
0.0, 15.0, 180.0, 52.0, 1995-07-30 00:00:00, 0.0
1.0, 14.9, 0.0, 62.0, 1995-07-31 00:00:00, 0.0
3.0, 14.4, 270.0, 80.0, 1995-08-01 00:00:00, 0.0
3.0, 19.4, 90.0, 50.0, 1995-08-02 00:00:00, 0.0
4.0, 21.0, 230.0, 37.0, 1995-08-03 00:00:00, 0.0
1.0, 21.5, 0.0, 47.0, 1995-08-04 00:00:00, 0.0
4.0, 25.1, 270.0, 35.0, 1995-08-05 00:00:00, 0.0
1.0, 10.0, 140.0, 99.0, 1995-08-06 00:00:00, 1.1
0.0, 11.8, 90.0, 0.0, 1995-08-07 00:00:00, 0.0
1.0, 10.2, 0.0, 97.0, 1995-08-08 00:00:00, 0.0
1.0, 14.4, 180.0, 68.0, 1995-08-09 00:00:00, 0.0
4.0, 17.0, 230.0, 52.0, 1995-08-10 00:00:00, 0.0
1.0, 12.4, 140.0, 96.0, 1995-08-11 00:00:00, 0.0
2.0, 9.3, 90.0, 0.0, 1995-08-12 00:00:00, 0.0
3.0, 10.4, 270.0, 90.0, 1995-08-13 00:00:00, 0.0
2.0, 14.3, 230.0, 71.0, 1995-08-14 00:00:00, 0.0
3.0, 14.1, 230.0, 74.0, 1995-08-15 00:00:00, 0.0
4.0, 12.9, 270.0, 88.0, 1995-08-16 00:00:00, 0.0
3.0, 13.4, 270.0, 64.0, 1995-08-17 00:00:00, 0.0
3.0, 10.4, 270.0, 87.0, 1995-08-18 00:00:00, 0.0
6.0, 13.6, 270.0, 60.0, 1995-08-19 00:00:00, 0.0
2.0, 16.6, 230.0, 61.0, 1995-08-20 00:00:00, 0.0
2.0, 18.2, 180.0, 51.0, 1995-08-21 00:00:00, 0.0
3.0, 19.5, 270.0, 50.0, 1995-08-22 00:00:00, 0.0
2.0, 18.5, 270.0, 47.0, 1995-08-23 00:00:00, 0.0
