station_observations
wind_speed, temperature, wind_direction, relative_humidity, time, precipitation
0.0, 0.0, 0.0, 0.0, 1993-04-30 00:00:00, 0.0
9.0, 10.4, 320.0, 62.0, 1993-05-01 00:00:00, 0.0
0.0, 0.0, 0.0, 0.0, 1994-05-06 00:00:00, 0.0
3.0, 21.6, 180.0, 29.0, 1994-05-07 00:00:00, 0.0
3.0, 21.7, 140.0, 17.0, 1994-05-08 00:00:00, 0.0
4.0, 22.7, 270.0, 24.0, 1994-05-09 00:00:00, 0.0
4.0, 14.9, 140.0, 42.0, 1994-05-10 00:00:00, 0.0
4.0, 9.0, 320.0, 81.0, 1994-05-11 00:00:00, 0.0
2.0, 10.2, 180.0, 76.0, 1994-05-12 00:00:00, 0.0
2.0, 10.8, 0.0, 63.0, 1994-05-13 00:00:00, 0.0
2.0, 12.3, 270.0, 61.0, 1994-05-14 00:00:00, 0.0
1.0, 11.8, 180.0, 70.0, 1994-05-15 00:00:00, 0.2
10.0, 7.3, 50.0, 84.0, 1994-05-16 00:00:00, 0.7
2.0, 13.3, 50.0, 46.0, 1994-05-17 00:00:00, 0.0
0.0, 10.0, 180.0, 75.0, 1994-05-18 00:00:00, 2.2
1.0, 10.0, 230.0, 64.0, 1994-05-19 00:00:00, 1.0
1.0, 8.0, 180.0, 82.0, 1994-05-20 00:00:00, 1.2
3.0, 11.5, 270.0, 80.0, 1994-05-21 00:00:00, 0.0
1.0, 13.1, 140.0, 57.0, 1994-05-22 00:00:00, 0.0
7.0, 17.3, 180.0, 39.0, 1994-05-23 00:00:00, 0.2
8.0, 20.2, 50.0, 31.0, 1994-05-24 00:00:00, 0.0
10.0, 20.8, 230.0, 34.0, 1994-05-25 00:00:00, 0.0
4.0, 13.7, 320.0, 88.0, 1994-05-26 00:00:00, 0.5
3.0, 14.9, 90.0, 56.0, 1994-05-27 00:00:00, 0.0
6.0, 12.5, 320.0, 56.0, 1994-05-28 00:00:00, 2.8
4.0, 10.2, 230.0, 71.0, 1994-05-29 00:00:00, 0.5
2.0, 11.0, 320.0, 53.0, 1994-05-30 00:00:00, 2.2
3.0, 19.5, 270.0, 32.0, 1994-05-31 00:00:00, 3.1
0.0, 14.4, 270.0, 75.0, 1994-06-01 00:00:00, 0.5
1.0, 15.4, 180.0, 49.0, 1994-06-02 00:00:00, 7.3
3.0, 22.2, 230.0, 38.0, 1994-06-03 00:00:00, 0.0
3.0, 10.0, 320.0, 99.0, 1994-06-04 00:00:00, 4.0
3.0, 18.0, 320.0, 52.0, 1994-06-05 00:00:00, 6.6
0.0, 12.1, 320.0, 94.0, 1994-06-06 00:00:00, 0.2
2.0, 10.1, 230.0, 77.0, 1994-06-07 00:00:00, 8.1
5.0, 5.5, 50.0, 89.0, 1994-06-08 00:00:00, 2.5
6.0, 16.6, 0.0, 37.0, 1994-06-09 00:00:00, 0.0
2.0, 17.4, 320.0, 41.0, 1994-06-10 00:00:00, 0.0
1.0, 16.7, 270.0, 58.0, 1994-06-11 00:00:00, 1.5
0.0, 15.2, 0.0, 74.0, 1994-06-12 00:00:00, 7.8
3.0, 11.4, 180.0, 78.0, 1994-06-13 00:00:00, 2.5
0.0, 8.1, 270.0, 88.0, 1994-06-14 00:00:00, 9.6
3.0, 9.3, 0.0, 67.0, 1994-06-15 00:00:00, 4.0
2.0, 14.0, 320.0, 51.0, 1994-06-16 00:00:00, 0.2
4.0, 15.0, 230.0, 69.0, 1994-06-17 00:00:00, 8.8
1.0, 17.3, 140.0, 46.0, 1994-06-18 00:00:00, 0.0
1.0, 11.8, 140.0, 57.0, 1994-06-19 00:00:00, 2.0
4.0, 20.6, 230.0, 37.0, 1994-06-20 00:00:00, 0.0
1.0, 24.0, 140.0, 28.0, 1994-06-21 00:00:00, 0.0
4.0, 27.6, 270.0, 31.0, 1994-06-22 00:00:00, 0.0
3.0, 27.7, 270.0, 27.0, 1994-06-23 00:00:00, 0.0
6.0, 11.6, 140.0, 73.0, 1994-06-24 00:00:00, 2.7
2.0, 22.1, 230.0, 47.0, 1994-06-25 00:00:00, 1.2
2.0, 15.8, 320.0, 80.0, 1994-06-26 00:00:00, 2.0
2.0, 17.9, 230.0, 66.0, 1994-06-27 00:00:00, 2.7
2.0, 22.5, 180.0, 41.0, 1994-06-28 00:00:00, 0.0
5.0, 20.1, 180.0, 50.0, 1994-06-29 00:00:00, 3.3
4.0, 27.5, 270.0, 39.0, 1994-06-30 00:00:00, 0.0
42.0, 20.9, 270.0, 48.0, 1994-07-01 00:00:00, 0.0
3.0, 7.0, 320.0, 99.0, 1994-07-02 00:00:00, 16.0
4.0, 12.1, 0.0, 60.0, 1994-07-03 00:00:00, 2.0
1.0, 12.1, 230.0, 91.0, 1994-07-04 00:00:00, 2.0
2.0, 18.5, 180.0, 61.0, 1994-07-05 00:00:00, 3.0
2.0, 19.2, 320.0, 45.0, 1994-07-06 00:00:00, 0.0
2.0, 23.7, 230.0, 37.0, 1994-07-07 00:00:00, 2.2
3.0, 22.4, 320.0, 53.0, 1994-07-08 00:00:00, 1.5
6.0, 25.2, 140.0, 28.0, 1994-07-09 00:00:00, 0.0
6.0, 21.8, 0.0, 23.0, 1994-07-10 00:00:00, 0.0
5.0, 23.8, 140.0, 24.0, 1994-07-11 00:00:00, 0.0
7.0, 21.4, 140.0, 33.0, 1994-07-12 00:00:00, 0.0
2.0, 21.9, 140.0, 40.0, 1994-07-13 00:00:00, 0.0
2.0, 24.0, 270.0, 35.0, 1994-07-14 00:00:00, 0.0
3.0, 24.0, 180.0, 46.0, 1994-07-15 00:00:00, 0.0
2.0, 22.1, 270.0, 49.0, 1994-07-16 00:00:00, 2.0
3.0, 27.7, 270.0, 37.0, 1994-07-17 00:00:00, 0.0
2.0, 18.2, 90.0, 55.0, 1994-07-18 00:00:00, 1.0
4.0, 22.2, 230.0, 39.0, 1994-07-19 00:00:00, 0.5
4.0, 27.4, 270.0, 32.0, 1994-07-20 00:00:00, 0.0
3.0, 30.9, 320.0, 29.0, 1994-07-21 00:00:00, 0.0
2.0, 28.8, 270.0, 34.0, 1994-07-22 00:00:00, 0.0
2.0, 31.3, 230.0, 29.0, 1994-07-23 00:00:00, 0.0
1.0, 24.6, 320.0, 49.0, 1994-07-24 00:00:00, 0.0
3.0, 30.4, 270.0, 36.0, 1994-07-25 00:00:00, 0.5
4.0, 31.0, 270.0, 33.0, 1994-07-26 00:00:00, 0.0
3.0, 28.0, 270.0, 28.0, 1994-07-27 00:00:00, 0.0
1.0, 29.0, 230.0, 27.0, 1994-07-28 00:00:00, 0.0
3.0, 29.2, 270.0, 25.0, 1994-07-29 00:00:00, 0.0
9.0, 29.3, 320.0, 25.0, 1994-07-30 00:00:00, 0.0
5.0, 28.1, 320.0, 25.0, 1994-07-31 00:00:00, 0.0
5.0, 28.3, 0.0, 22.0, 1994-08-01 00:00:00, 0.0
3.0, 30.0, 180.0, 25.0, 1994-08-02 00:00:00, 0.0
4.0, 30.0, 320.0, 26.0, 1994-08-03 00:00:00, 0.0
3.0, 27.9, 270.0, 39.0, 1994-08-04 00:00:00, 5.0
2.0, 26.9, 230.0, 40.0, 1994-08-05 00:00:00, 0.7
0.0, 21.6, 140.0, 43.0, 1994-08-06 00:00:00, 0.2
0.0, 18.8, 270.0, 58.0, 1994-08-07 00:00:00, 2.2
0.0, 13.8, 180.0, 90.0, 1994-08-08 00:00:00, 1.0
3.0, 16.6, 270.0, 75.0, 1994-08-09 00:00:00, 2.0
3.0, 22.1, 230.0, 39.0, 1994-08-10 00:00:00, 0.0
4.0, 25.2, 230.0, 27.0, 1994-08-11 00:00:00, 0.0
5.0, 26.6, 180.0, 24.0, 1994-08-12 00:00:00, 0.0
3.0, 28.3, 230.0, 30.0, 1994-08-13 00:00:00, 0.0
2.0, 28.6, 230.0, 21.0, 1994-08-14 00:00:00, 0.0
2.0, 30.0, 320.0, 19.0, 1994-08-15 00:00:00, 0.0
3.0, 24.0, 90.0, 26.0, 1994-08-16 00:00:00, 0.0
1.0, 13.8, 320.0, 92.0, 1994-08-17 00:00:00, 9.6
3.0, 21.7, 180.0, 40.0, 1994-08-18 00:00:00, 0.0
2.0, 24.8, 180.0, 34.0, 1994-08-19 00:00:00, 0.0
1.0, 23.5, 270.0, 37.0, 1994-08-20 00:00:00, 0.0
5.0, 25.8, 320.0, 20.0, 1994-08-21 00:00:00, 0.0
2.0, 19.1, 230.0, 42.0, 1994-08-22 00:00:00, 0.0
6.0, 18.1, 0.0, 30.0, 1994-08-23 00:00:00, 0.0
4.0, 21.2, 270.0, 29.0, 1994-08-24 00:00:00, 0.0
2.0, 18.2, 180.0, 43.0, 1994-08-25 00:00:00, 0.0
1.0, 6.3, 140.0, 91.0, 1994-08-26 00:00:00, 21.8
1.0, 8.8, 180.0, 98.0, 1994-08-27 00:00:00, 5.0
2.0, 18.7, 230.0, 49.0, 1994-08-28 00:00:00, 0.0
4.0, 20.7, 320.0, 47.0, 1994-08-29 00:00:00, 0.2
5.0, 12.7, 180.0, 92.0, 1994-08-30 00:00:00, 7.6
3.0, 16.6, 320.0, 57.0, 1994-08-31 00:00:00, 0.0
3.0, 17.5, 270.0, 40.0, 1994-09-01 00:00:00, 0.0
2.0, 17.9, 230.0, 56.0, 1994-09-02 00:00:00, 1.7
8.0, 13.0, 320.0, 63.0, 1994-09-03 00:00:00, 0.7
1.0, 15.3, 270.0, 62.0, 1994-09-04 00:00:00, 1.0
2.0, 16.8, 270.0, 46.0, 1994-09-05 00:00:00, 0.2
1.0, 19.8, 270.0, 45.0, 1994-09-06 00:00:00, 0.0
2.0, 21.2, 270.0, 39.0, 1994-09-07 00:00:00, 0.0
5.0, 21.2, 140.0, 30.0, 1995-05-31 00:00:00, 0.0
3.0, 21.4, 50.0, 29.0, 1995-06-01 00:00:00, 0.0
1.0, 18.7, 180.0, 38.0, 1995-06-02 00:00:00, 0.7
7.0, 16.5, 50.0, 60.0, 1995-06-03 00:00:00, 3.6
2.0, 20.1, 50.0, 44.0, 1995-06-04 00:00:00, 0.0
9.0, 13.8, 140.0, 72.0, 1995-06-05 00:00:00, 3.0
3.0, 10.9, 50.0, 96.0, 1995-06-06 00:00:00, 7.5
4.0, 15.6, 0.0, 20.0, 1995-06-07 00:00:00, 0.2
4.0, 14.9, 270.0, 27.0, 1995-06-08 00:00:00, 0.0
2.0, 15.2, 50.0, 30.0, 1995-06-09 00:00:00, 0.0
5.0, 17.7, 140.0, 27.0, 1995-06-10 00:00:00, 0.0
9.0, 13.7, 140.0, 49.0, 1995-06-14 00:00:00, 0.0
5.0, 14.3, 140.0, 64.0, 1995-06-15 00:00:00, 0.0
6.0, 15.6, 90.0, 60.0, 1995-06-16 00:00:00, 0.0
5.0, 12.2, 90.0, 91.0, 1995-06-17 00:00:00, 0.1
3.0, 9.7, 270.0, 95.0, 1995-06-18 00:00:00, 0.1
5.0, 11.0, 90.0, 84.0, 1995-06-19 00:00:00, 0.1
6.0, 5.3, 90.0, 98.0, 1995-06-20 00:00:00, 0.6
1.0, 10.6, 140.0, 93.0, 1995-06-21 00:00:00, 0.0
5.0, 12.7, 90.0, 84.0, 1995-06-22 00:00:00, 0.7
5.0, 17.1, 50.0, 64.0, 1995-06-23 00:00:00, 0.0
4.0, 20.8, 140.0, 51.0, 1995-06-24 00:00:00, 0.0
5.0, 20.3, 140.0, 50.0, 1995-06-25 00:00:00, 0.0
6.0, 16.1, 90.0, 43.0, 1995-06-26 00:00:00, 0.0
2.0, 15.3, 90.0, 35.0, 1995-06-27 00:00:00, 0.0
3.0, 14.7, 90.0, 52.0, 1995-06-28 00:00:00, 0.0
4.0, 18.9, 270.0, 45.0, 1995-06-29 00:00:00, 0.0
4.0, 21.0, 0.0, 39.0, 1995-06-30 00:00:00, 0.0
2.0, 17.2, 180.0, 62.0, 1995-07-01 00:00:00, 0.0
6.0, 13.0, 90.0, 96.0, 1995-07-02 00:00:00, 1.3
2.0, 12.0, 90.0, 96.0, 1995-07-03 00:00:00, 0.3
1.0, 12.3, 270.0, 89.0, 1995-07-04 00:00:00, 0.0
5.0, 13.8, 180.0, 75.0, 1995-07-05 00:00:00, 0.0
6.0, 19.3, 270.0, 50.0, 1995-07-06 00:00:00, 0.0
2.0, 14.7, 180.0, 89.0, 1995-07-07 00:00:00, 0.0
4.0, 20.2, 180.0, 62.0, 1995-07-08 00:00:00, 0.0
5.0, 12.3, 90.0, 97.0, 1995-07-09 00:00:00, 0.0
7.0, 17.9, 140.0, 70.0, 1995-07-10 00:00:00, 0.0
5.0, 16.3, 90.0, 56.0, 1995-07-11 00:00:00, 0.0
2.0, 17.9, 0.0, 41.0, 1995-07-12 00:00:00, 0.0
2.0, 14.3, 90.0, 45.0, 1995-07-13 00:00:00, 0.0
3.0, 12.1, 90.0, 78.0, 1995-07-14 00:00:00, 0.0
4.0, 13.8, 90.0, 45.0, 1995-07-15 00:00:00, 0.0
8.0, 15.9, 90.0, 39.0, 1995-07-16 00:00:00, 0.0
4.0, 17.1, 90.0, 39.0, 1995-07-17 00:00:00, 0.0
7.0, 16.4, 90.0, 50.0, 1995-07-18 00:00:00, 0.0
1.0, 16.9, 90.0, 35.0, 1995-07-19 00:00:00, 0.0
1.0, 16.5, 90.0, 57.0, 1995-07-20 00:00:00, 0.0
3.0, 13.7, 50.0, 89.0, 1995-07-21 00:00:00, 0.0
5.0, 15.0, 0.0, 76.0, 1995-07-22 00:00:00, 0.0
9.0, 13.9, 50.0, 89.0, 1995-07-23 00:00:00, 0.9
3.0, 17.3, 0.0, 62.0, 1995-07-24 00:00:00, 0.0
2.0, 18.9, 180.0, 59.0, 1995-07-25 00:00:00, 0.0
2.0, 13.7, 0.0, 92.0, 1995-07-26 00:00:00, 0.0
10.0, 15.2, 50.0, 42.0, 1995-07-27 00:00:00, 0.0
0.0, 11.6, 140.0, 60.0, 1995-07-28 00:00:00, 0.0
4.0, 9.5, 50.0, 98.0, 1995-07-29 00:00:00, 0.0
1.0, 13.2, 0.0, 47.0, 1995-07-30 00:00:00, 0.0
2.0, 15.4, 0.0, 51.0, 1995-07-31 00:00:00, 0.0
0.0, 13.8, 0.0, 77.0, 1995-08-01 00:00:00, 0.0
6.0, 16.0, 50.0, 52.0, 1995-08-02 00:00:00, 0.0
2.0, 19.8, 0.0, 43.0, 1995-08-03 00:00:00, 0.0
2.0, 19.8, 0.0, 54.0, 1995-08-04 00:00:00, 0.0
