station_observations
wind_speed, temperature, wind_direction, relative_humidity, time, precipitation
0.0, 0.0, 0.0, 0.0, 1994-04-25 00:00:00, 0.0
0.0, -20.0, 0.0, 8.0, 1994-04-26 00:00:00, 8.9
7.0, 11.4, 180.0, 20.0, 1994-04-27 00:00:00, 0.5
3.0, 11.0, 140.0, 24.0, 1994-04-28 00:00:00, 0.0
4.0, 15.1, 0.0, 26.0, 1994-04-29 00:00:00, 0.0
5.0, 16.9, 0.0, 23.0, 1994-04-30 00:00:00, 0.0
7.0, 10.0, 50.0, 36.0, 1994-05-01 00:00:00, 0.0
7.0, 10.9, 230.0, 47.0, 1994-05-02 00:00:00, 0.3
4.0, 12.3, 0.0, 48.0, 1994-05-03 00:00:00, 1.0
0.0, 7.7, 0.0, 98.0, 1994-05-04 00:00:00, 1.5
4.0, 14.6, 0.0, 58.0, 1994-05-05 00:00:00, 1.5
4.0, 19.1, 0.0, 35.0, 1994-05-06 00:00:00, 0.0
2.0, 22.9, 140.0, 33.0, 1994-05-07 00:00:00, 0.0
4.0, 22.6, 140.0, 24.0, 1994-05-08 00:00:00, 0.0
7.0, 25.6, 230.0, 24.0, 1994-05-09 00:00:00, 0.0
5.0, 22.2, 230.0, 29.0, 1994-05-10 00:00:00, 0.0
5.0, 23.4, 0.0, 35.0, 1994-05-11 00:00:00, 0.0
9.0, 20.4, 230.0, 32.0, 1994-05-12 00:00:00, 4.3
10.0, 14.6, 230.0, 32.0, 1994-05-13 00:00:00, 1.0
3.0, 17.1, 0.0, 38.0, 1994-05-14 00:00:00, 0.0
4.0, 13.1, 0.0, 81.0, 1994-05-15 00:00:00, 6.1
8.0, 11.6, 180.0, 63.0, 1994-05-16 00:00:00, 7.1
6.0, 14.9, 180.0, 50.0, 1994-05-17 00:00:00, 0.0
3.0, 13.3, 0.0, 58.0, 1994-05-18 00:00:00, 1.0
4.0, 8.6, 0.0, 89.0, 1994-05-19 00:00:00, 2.3
3.0, 10.8, 0.0, 75.0, 1994-05-20 00:00:00, 12.2
7.0, 13.6, 230.0, 65.0, 1994-05-21 00:00:00, 2.0
3.0, 17.3, 90.0, 50.0, 1994-05-22 00:00:00, 0.5
3.0, 20.6, 140.0, 45.0, 1994-05-23 00:00:00, 0.0
2.0, 21.8, 90.0, 43.0, 1994-05-24 00:00:00, 0.0
4.0, 25.0, 90.0, 38.0, 1994-05-25 00:00:00, 0.0
7.0, 20.8, 0.0, 56.0, 1994-05-26 00:00:00, 0.0
9.0, 14.9, 230.0, 45.0, 1994-05-27 00:00:00, 3.0
6.0, 14.1, 230.0, 40.0, 1994-05-28 00:00:00, 0.0
6.0, 4.8, 230.0, 96.0, 1994-05-29 00:00:00, 6.9
8.0, 14.7, 230.0, 49.0, 1994-05-30 00:00:00, 0.3
1.0, 19.6, 0.0, 40.0, 1994-05-31 00:00:00, 0.0
11.0, 14.8, 230.0, 70.0, 1994-06-01 00:00:00, 3.3
6.0, 19.2, 140.0, 41.0, 1994-06-02 00:00:00, 0.0
3.0, 22.7, 180.0, 36.0, 1994-06-03 00:00:00, 0.0
12.0, 13.5, 180.0, 75.0, 1994-06-04 00:00:00, 8.9
5.0, 19.7, 90.0, 47.0, 1994-06-05 00:00:00, 0.3
0.0, 12.2, 0.0, 98.0, 1994-06-06 00:00:00, 3.8
11.0, 13.4, 230.0, 55.0, 1994-06-07 00:00:00, 9.9
10.0, 12.6, 230.0, 55.0, 1994-06-08 00:00:00, 0.3
5.0, 14.0, 50.0, 62.0, 1994-06-09 00:00:00, 0.0
2.0, 18.3, 50.0, 49.0, 1994-06-10 00:00:00, 0.0
3.0, 19.0, 180.0, 58.0, 1994-06-11 00:00:00, 0.0
1.0, 17.9, 320.0, 61.0, 1994-06-12 00:00:00, 3.0
16.0, 12.0, 230.0, 74.0, 1994-06-13 00:00:00, 2.0
10.0, 11.7, 230.0, 59.0, 1994-06-14 00:00:00, 17.0
1.0, 8.4, 140.0, 95.0, 1994-06-15 00:00:00, 8.9
4.0, 12.3, 50.0, 72.0, 1994-06-16 00:00:00, 3.8
2.0, 14.6, 90.0, 68.0, 1994-06-17 00:00:00, 7.4
1.0, 14.9, 50.0, 78.0, 1994-06-18 00:00:00, 2.3
6.0, 19.8, 270.0, 35.0, 1994-06-19 00:00:00, 0.0
4.0, 22.4, 50.0, 39.0, 1994-06-20 00:00:00, 0.0
5.0, 26.1, 0.0, 33.0, 1994-06-21 00:00:00, 0.0
1.0, 27.1, 140.0, 40.0, 1994-06-22 00:00:00, 0.0
3.0, 29.1, 90.0, 34.0, 1994-06-23 00:00:00, 0.0
8.0, 21.8, 230.0, 34.0, 1994-06-24 00:00:00, 1.5
4.0, 23.4, 180.0, 40.0, 1994-06-25 00:00:00, 0.0
1.0, 9.4, 230.0, 92.0, 1994-06-26 00:00:00, 2.8
4.0, 19.9, 140.0, 56.0, 1994-06-27 00:00:00, 1.3
5.0, 25.1, 230.0, 36.0, 1994-06-28 00:00:00, 0.0
10.0, 25.7, 230.0, 32.0, 1994-06-29 00:00:00, 0.0
7.0, 25.2, 230.0, 27.0, 1994-06-30 00:00:00, 0.0
16.0, 24.8, 230.0, 28.0, 1994-07-01 00:00:00, 0.0
10.0, 14.4, 230.0, 50.0, 1994-07-02 00:00:00, 2.3
10.0, 16.2, 230.0, 49.0, 1994-07-03 00:00:00, 0.0
6.0, 18.1, 230.0, 48.0, 1994-07-04 00:00:00, 0.0
6.0, 21.0, 0.0, 44.0, 1994-07-05 00:00:00, 0.0
3.0, 22.8, 230.0, 44.0, 1994-07-06 00:00:00, 3.0
3.0, 24.6, 50.0, 42.0, 1994-07-07 00:00:00, 0.0
7.0, 28.2, 230.0, 35.0, 1994-07-08 00:00:00, 0.0
13.0, 29.3, 230.0, 18.0, 1994-07-09 00:00:00, 0.0
8.0, 26.1, 230.0, 17.0, 1994-07-10 00:00:00, 0.0
5.0, 27.1, 230.0, 18.0, 1994-07-11 00:00:00, 0.0
5.0, 23.1, 0.0, 36.0, 1994-07-12 00:00:00, 0.0
2.0, 25.0, 140.0, 34.0, 1994-07-13 00:00:00, 0.0
7.0, 24.0, 230.0, 38.0, 1994-07-14 00:00:00, 0.8
6.0, 24.2, 0.0, 39.0, 1994-07-15 00:00:00, 0.0
4.0, 25.2, 50.0, 44.0, 1994-07-16 00:00:00, 0.5
11.0, 30.3, 230.0, 20.0, 1994-07-17 00:00:00, 0.0
9.0, 24.9, 230.0, 34.0, 1994-07-18 00:00:00, 0.0
1.0, 23.8, 0.0, 32.0, 1994-07-19 00:00:00, 0.0
3.0, 29.2, 0.0, 26.0, 1994-07-20 00:00:00, 0.0
4.0, 32.8, 230.0, 23.0, 1994-07-21 00:00:00, 0.0
3.0, 31.0, 0.0, 26.0, 1994-07-22 00:00:00, 0.0
1.0, 33.8, 0.0, 22.0, 1994-07-23 00:00:00, 0.0
0.0, 21.7, 0.0, 77.0, 1994-07-24 00:00:00, 1.5
1.0, 29.5, 320.0, 36.0, 1994-07-25 00:00:00, 0.5
3.0, 31.8, 140.0, 30.0, 1994-07-26 00:00:00, 0.0
3.0, 32.4, 140.0, 19.0, 1994-07-27 00:00:00, 0.0
1.0, 28.0, 90.0, 27.0, 1994-07-28 00:00:00, 0.0
3.0, 30.9, 0.0, 20.0, 1994-07-29 00:00:00, 0.0
2.0, 25.4, 230.0, 38.0, 1994-07-30 00:00:00, 1.3
5.0, 29.6, 230.0, 10.0, 1994-07-31 00:00:00, 0.0
2.0, 29.5, 90.0, 21.0, 1994-08-01 00:00:00, 0.0
2.0, 32.5, 320.0, 20.0, 1994-08-02 00:00:00, 0.0
5.0, 32.7, 230.0, 19.0, 1994-08-03 00:00:00, 0.0
7.0, 31.0, 140.0, 26.0, 1994-08-04 00:00:00, 0.0
3.0, 29.9, 0.0, 29.0, 1994-08-05 00:00:00, 0.0
6.0, 25.8, 230.0, 16.0, 1994-08-06 00:00:00, 0.0
2.0, 24.3, 0.0, 36.0, 1994-08-07 00:00:00, 0.0
7.0, 23.6, 0.0, 39.0, 1994-08-08 00:00:00, 0.0
4.0, 22.7, 320.0, 32.0, 1994-08-09 00:00:00, 0.3
4.0, 25.1, 0.0, 28.0, 1994-08-10 00:00:00, 0.0
5.0, 27.8, 0.0, 23.0, 1994-08-11 00:00:00, 0.5
4.0, 29.5, 0.0, 20.0, 1994-08-12 00:00:00, 0.0
4.0, 30.5, 50.0, 22.0, 1994-08-13 00:00:00, 0.0
2.0, 32.2, 0.0, 17.0, 1994-08-14 00:00:00, 0.0
11.0, 28.9, 230.0, 10.0, 1994-08-15 00:00:00, 0.8
4.0, 26.7, 180.0, 25.0, 1994-08-16 00:00:00, 0.0
4.0, 23.5, 230.0, 26.0, 1994-08-17 00:00:00, 0.0
2.0, 24.8, 230.0, 29.0, 1994-08-18 00:00:00, 0.0
3.0, 27.4, 0.0, 21.0, 1994-08-19 00:00:00, 0.0
4.0, 29.1, 90.0, 22.0, 1994-08-20 00:00:00, 0.0
5.0, 26.9, 320.0, 16.0, 1994-08-21 00:00:00, 0.0
8.0, 20.7, 230.0, 29.0, 1994-08-22 00:00:00, 0.0
9.0, 19.1, 230.0, 38.0, 1994-08-23 00:00:00, 0.0
4.0, 22.3, 140.0, 25.0, 1994-08-24 00:00:00, 0.0
1.0, 22.2, 0.0, 32.0, 1994-08-25 00:00:00, 0.0
2.0, 17.0, 320.0, 60.0, 1994-08-26 00:00:00, 1.0
3.0, 20.1, 320.0, 40.0, 1994-08-27 00:00:00, 0.0
2.0, 23.6, 50.0, 32.0, 1994-08-28 00:00:00, 0.0
1.0, 16.8, 90.0, 88.0, 1994-08-29 00:00:00, 1.0
4.0, 14.9, 0.0, 75.0, 1994-08-30 00:00:00, 3.6
6.0, 19.2, 0.0, 36.0, 1994-08-31 00:00:00, 0.0
4.0, 20.5, 140.0, 35.0, 1994-09-01 00:00:00, 0.0
4.0, 20.5, 50.0, 45.0, 1994-09-02 00:00:00, 0.0
6.0, 13.3, 230.0, 63.0, 1994-09-03 00:00:00, 0.0
10.0, 16.8, 230.0, 49.0, 1994-09-04 00:00:00, 3.6
4.0, 19.2, 140.0, 39.0, 1994-09-05 00:00:00, 0.0
4.0, 22.8, 50.0, 32.0, 1994-09-06 00:00:00, 0.0
6.0, 26.3, 230.0, 17.0, 1994-09-07 00:00:00, 0.0
4.0, 27.6, 180.0, 9.0, 1994-09-08 00:00:00, 0.0
11.0, 14.4, 230.0, 46.0, 1994-09-09 00:00:00, 0.0
3.0, 8.7, 230.0, 90.0, 1994-09-10 00:00:00, 0.8
3.0, 13.8, 140.0, 57.0, 1994-09-11 00:00:00, 0.8
3.0, 16.7, 50.0, 49.0, 1994-09-12 00:00:00, 0.0
4.0, 18.5, 0.0, 36.0, 1994-09-13 00:00:00, 0.0
5.0, 18.6, 270.0, 38.0, 1994-09-14 00:00:00, 0.0
7.0, 21.4, 230.0, 35.0, 1994-09-15 00:00:00, 0.0
4.0, 21.6, 0.0, 41.0, 1994-09-16 00:00:00, 0.0
3.0, 25.4, 140.0, 34.0, 1994-09-17 00:00:00, 0.0
3.0, 25.9, 50.0, 26.0, 1994-09-18 00:00:00, 0.0
2.0, 23.4, 50.0, 26.0, 1994-09-19 00:00:00, 0.0
2.0, 24.8, 0.0, 25.0, 1994-09-20 00:00:00, 0.0
3.0, 18.5, 90.0, 13.0, 1994-09-21 00:00:00, 0.0
3.0, 21.3, 320.0, 19.0, 1994-09-22 00:00:00, 0.0
4.0, 26.3, 180.0, 18.0, 1994-09-23 00:00:00, 0.0
2.0, 23.9, 90.0, 23.0, 1994-09-24 00:00:00, 0.0
2.0, 25.0, 50.0, 20.0, 1994-09-25 00:00:00, 0.0
4.0, 24.4, 90.0, 19.0, 1994-09-26 00:00:00, 0.0
5.0, 26.2, 180.0, 20.0, 1994-09-27 00:00:00, 0.0
8.0, 27.3, 230.0, 15.0, 1994-09-28 00:00:00, 0.0
3.0, 23.3, 230.0, 27.0, 1994-09-29 00:00:00, 0.0
1.0, 23.4, 0.0, 39.0, 1994-09-30 00:00:00, 0.0
9.0, 18.7, 230.0, 50.0, 1994-10-01 00:00:00, 0.0
2.0, 6.4, 140.0, 79.0, 1994-10-02 00:00:00, 7.1
2.0, 9.2, 90.0, 54.0, 1994-10-03 00:00:00, 0.5
1.0, 12.0, 50.0, 48.0, 1994-10-04 00:00:00, 0.0
3.0, 12.5, 50.0, 51.0, 1994-10-05 00:00:00, 0.0
1.0, 15.2, 180.0, 44.0, 1994-10-06 00:00:00, 0.0
2.0, 14.6, 50.0, 35.0, 1994-10-07 00:00:00, 0.0
2.0, 15.2, 50.0, 40.0, 1994-10-08 00:00:00, 0.0
1.0, 16.2, 0.0, 40.0, 1994-10-09 00:00:00, 0.0
1.0, 14.7, 230.0, 45.0, 1994-10-10 00:00:00, 0.0
0.0, 7.1, 0.0, 96.0, 1994-10-11 00:00:00, 3.0
2.0, 10.2, 90.0, 56.0, 1994-10-12 00:00:00, 0.0
2.0, 11.3, 90.0, 53.0, 1994-10-13 00:00:00, 0.0
0.0, 0.0, 0.0, 0.0, 1996-04-22 00:00:00, 0.0
3.0, 7.4, 180.0, 94.0, 1996-04-23 00:00:00, 2.0
0.0, 8.0, 0.0, 50.0, 1996-04-24 00:00:00, 22.1
12.0, 8.6, 230.0, 39.0, 1996-04-25 00:00:00, 0.3
12.0, 5.6, 270.0, 43.0, 1996-04-26 00:00:00, 0.0
6.0, 10.0, 270.0, 29.0, 1996-04-27 00:00:00, 0.0
8.0, 13.3, 270.0, 15.0, 1996-04-28 00:00:00, 0.0
11.0, 11.7, 270.0, 30.0, 1996-04-29 00:00:00, 0.0
4.0, 12.2, 0.0, 29.0, 1996-04-30 00:00:00, 0.3
2.0, 3.2, 270.0, 94.0, 1996-05-01 00:00:00, 0.0
1.0, 8.0, 0.0, 41.0, 1996-05-02 00:00:00, 0.0
2.0, 7.7, 50.0, 52.0, 1996-05-03 00:00:00, 0.0
1.0, 7.1, 0.0, 81.0, 1996-05-04 00:00:00, 0.0
2.0, 10.1, 140.0, 47.0, 1996-05-05 00:00:00, 0.0
1.0, 10.5, 270.0, 45.0, 1996-05-06 00:00:00, 0.0
3.0, 7.0, 90.0, 69.0, 1996-05-07 00:00:00, 0.0
4.0, 6.8, 50.0, 58.0, 1996-05-08 00:00:00, 0.0
2.0, 6.5, 180.0, 42.0, 1996-05-09 00:00:00, 0.0
4.0, 10.9, 180.0, 38.0, 1996-05-10 00:00:00, 0.0
0.0, 10.2, 0.0, 55.0, 1996-05-11 00:00:00, 0.0
5.0, 17.3, 230.0, 42.0, 1996-05-12 00:00:00, 0.3
4.0, 11.8, 230.0, 91.0, 1996-05-13 00:00:00, 0.0
2.0, 10.2, 180.0, 93.0, 1996-05-14 00:00:00, 0.0
0.0, 10.0, 0.0, 92.0, 1996-05-15 00:00:00, 0.0
3.0, 15.2, 180.0, 55.0, 1996-05-16 00:00:00, 0.0
3.0, 10.5, 270.0, 86.0, 1996-05-17 00:00:00, 0.0
11.0, 12.8, 230.0, 47.0, 1996-05-18 00:00:00, 0.0
11.0, 13.7, 270.0, 40.0, 1996-05-19 00:00:00, 0.0
13.0, 14.0, 230.0, 29.0, 1996-05-20 00:00:00, 0.0
2.0, 17.2, 320.0, 12.0, 1996-05-21 00:00:00, 0.0
0.0, 8.7, 0.0, 93.0, 1996-05-22 00:00:00, 0.0
1.0, 13.4, 50.0, 55.0, 1996-05-23 00:00:00, 0.0
3.0, 18.7, 90.0, 27.0, 1996-05-24 00:00:00, 0.0
3.0, 21.4, 230.0, 25.0, 1996-05-25 00:00:00, 0.0
2.0, 19.6, 50.0, 43.0, 1996-05-26 00:00:00, 0.0
1.0, 21.2, 270.0, 33.0, 1996-05-27 00:00:00, 0.0
0.0, 14.8, 0.0, 62.0, 1996-05-28 00:00:00, 0.3
5.0, 6.2, 270.0, 93.0, 1996-05-29 00:00:00, 3.3
7.0, 9.4, 270.0, 61.0, 1996-05-30 00:00:00, 2.0
9.0, 10.2, 230.0, 67.0, 1996-05-31 00:00:00, 3.3
1.0, 18.3, 50.0, 47.0, 1996-06-01 00:00:00, 0.0
4.0, 22.5, 230.0, 29.0, 1996-06-02 00:00:00, 0.3
4.0, 21.5, 50.0, 46.0, 1996-06-03 00:00:00, 0.0
9.0, 19.2, 270.0, 30.0, 1996-06-04 00:00:00, 4.8
3.0, 12.7, 180.0, 66.0, 1996-06-05 00:00:00, 0.5
3.0, 21.2, 90.0, 33.0, 1996-06-06 00:00:00, 0.5
3.0, 29.6, 90.0, 19.0, 1996-06-07 00:00:00, 0.0
11.0, 27.0, 230.0, 8.0, 1996-06-08 00:00:00, 0.0
10.0, 22.9, 230.0, 7.0, 1996-06-09 00:00:00, 0.0
9.0, 20.8, 230.0, 21.0, 1996-06-10 00:00:00, 0.0
9.0, 20.1, 270.0, 21.0, 1996-06-11 00:00:00, 0.0
1.0, 22.2, 90.0, 18.0, 1996-06-12 00:00:00, 0.0
4.0, 26.0, 90.0, 17.0, 1996-06-13 00:00:00, 0.0
2.0, 24.4, 50.0, 23.0, 1996-06-14 00:00:00, 0.0
3.0, 25.8, 90.0, 24.0, 1996-06-15 00:00:00, 0.0
2.0, 24.6, 50.0, 16.0, 1996-06-16 00:00:00, 0.0
4.0, 16.2, 230.0, 37.0, 1996-06-17 00:00:00, 5.8
15.0, 11.0, 270.0, 46.0, 1996-06-18 00:00:00, 0.0
10.0, 16.8, 270.0, 31.0, 1996-06-19 00:00:00, 0.0
2.0, 20.7, 90.0, 26.0, 1996-06-20 00:00:00, 0.0
1.0, 21.6, 90.0, 31.0, 1996-06-21 00:00:00, 0.0
1.0, 12.3, 0.0, 62.0, 1996-06-22 00:00:00, 11.2
2.0, 15.5, 50.0, 63.0, 1996-06-23 00:00:00, 0.8
1.0, 13.7, 140.0, 87.0, 1996-06-24 00:00:00, 8.1
1.0, 18.9, 270.0, 43.0, 1996-06-25 00:00:00, 3.3
2.0, 20.6, 90.0, 39.0, 1996-06-26 00:00:00, 0.0
4.0, 15.1, 50.0, 82.0, 1996-06-27 00:00:00, 1.5
5.0, 16.7, 270.0, 47.0, 1996-06-28 00:00:00, 9.1
4.0, 18.4, 270.0, 35.0, 1996-06-29 00:00:00, 0.0
1.0, 22.9, 90.0, 28.0, 1996-06-30 00:00:00, 0.0
10.0, 26.7, 270.0, 16.0, 1996-07-01 00:00:00, 0.0
1.0, 27.4, 140.0, 30.0, 1996-07-02 00:00:00, 0.0
3.0, 29.2, 320.0, 23.0, 1996-07-03 00:00:00, 0.0
13.0, 23.5, 230.0, 28.0, 1996-07-04 00:00:00, 0.0
6.0, 20.1, 270.0, 22.0, 1996-07-05 00:00:00, 0.0
8.0, 22.6, 270.0, 18.0, 1996-07-06 00:00:00, 0.0
1.0, 25.1, 50.0, 14.0, 1996-07-07 00:00:00, 0.0
1.0, 27.0, 270.0, 20.0, 1996-07-08 00:00:00, 0.0
0.0, 0.0, 0.0, 0.0, 1997-04-20 00:00:00, 0.0
4.0, 14.6, 180.0, 23.0, 1997-04-21 00:00:00, 0.2
1.0, 9.8, 50.0, 35.0, 1997-04-22 00:00:00, 0.0
2.0, 11.3, 50.0, 33.0, 1997-04-23 00:00:00, 0.0
0.0, 13.9, 0.0, 31.0, 1997-04-24 00:00:00, 0.0
0.0, 13.5, 0.0, 44.0, 1997-04-25 00:00:00, 0.0
0.0, 16.6, 0.0, 43.0, 1997-04-26 00:00:00, 0.0
11.0, 9.3, 230.0, 86.0, 1997-04-27 00:00:00, 4.0
8.0, 8.8, 270.0, 47.0, 1997-04-28 00:00:00, 1.2
9.0, 12.1, 230.0, 58.0, 1997-04-29 00:00:00, 0.5
5.0, 9.0, 230.0, 49.0, 1997-04-30 00:00:00, 0.0
0.0, 7.5, 0.0, 76.0, 1997-05-01 00:00:00, 0.5
2.0, 13.3, 90.0, 47.0, 1997-05-02 00:00:00, 7.6
0.0, 11.0, 0.0, 55.0, 1997-05-03 00:00:00, 0.0
5.0, 8.3, 230.0, 81.0, 1997-05-04 00:00:00, 1.0
2.0, 13.3, 230.0, 50.0, 1997-05-05 00:00:00, 1.2
7.0, 13.4, 230.0, 45.0, 1997-05-06 00:00:00, 0.0
