station_observations
wind_speed, temperature, wind_direction, relative_humidity, time, precipitation
5.0, 20.0, 180.0, 35.0, 1994-07-02 00:00:00, 0.0
4.0, 10.5, 320.0, 51.0, 1994-07-03 00:00:00, 0.0
2.0, 9.8, 270.0, 84.0, 1994-07-04 00:00:00, 1.2
2.0, 12.3, 180.0, 81.0, 1994-07-05 00:00:00, 0.5
8.0, 17.3, 0.0, 51.0, 1994-07-06 00:00:00, 0.0
4.0, 20.0, 320.0, 40.0, 1994-07-07 00:00:00, 0.0
6.0, 20.6, 90.0, 54.0, 1994-07-08 00:00:00, 4.0
9.0, 21.5, 0.0, 41.0, 1994-07-09 00:00:00, 0.0
5.0, 19.0, 140.0, 28.0, 1994-07-10 00:00:00, 0.0
4.0, 20.1, 270.0, 33.0, 1994-07-11 00:00:00, 0.0
7.0, 16.9, 0.0, 46.0, 1994-07-12 00:00:00, 0.0
6.0, 19.8, 320.0, 39.0, 1994-07-13 00:00:00, 0.0
5.0, 20.9, 0.0, 38.0, 1994-07-14 00:00:00, 0.0
11.0, 19.0, 0.0, 54.0, 1994-07-15 00:00:00, 0.0
7.0, 19.9, 180.0, 48.0, 1994-07-16 00:00:00, 0.5
4.0, 22.4, 270.0, 41.0, 1994-07-17 00:00:00, 0.0
16.0, 15.6, 50.0, 55.0, 1994-07-18 00:00:00, 0.0
5.0, 18.7, 230.0, 42.0, 1994-07-19 00:00:00, 0.2
6.0, 24.4, 50.0, 32.0, 1994-07-20 00:00:00, 0.0
4.0, 28.4, 320.0, 29.0, 1994-07-21 00:00:00, 0.0
6.0, 25.8, 0.0, 38.0, 1994-07-22 00:00:00, 0.0
5.0, 28.5, 320.0, 33.0, 1994-07-23 00:00:00, 0.0
10.0, 27.6, 0.0, 33.0, 1994-07-24 00:00:00, 0.0
6.0, 26.5, 230.0, 42.0, 1994-07-25 00:00:00, 0.0
6.0, 28.4, 180.0, 31.0, 1994-07-26 00:00:00, 0.5
3.0, 25.8, 320.0, 32.0, 1994-07-27 00:00:00, 0.0
7.0, 26.6, 0.0, 28.0, 1994-07-28 00:00:00, 0.0
7.0, 27.2, 320.0, 22.0, 1994-07-29 00:00:00, 0.0
13.0, 26.1, 180.0, 29.0, 1994-07-30 00:00:00, 0.0
7.0, 24.2, 180.0, 24.0, 1994-07-31 00:00:00, 0.0
4.0, 26.3, 180.0, 21.0, 1994-08-01 00:00:00, 0.0
9.0, 27.4, 320.0, 27.0, 1994-08-02 00:00:00, 0.0
6.0, 27.9, 0.0, 31.0, 1994-08-03 00:00:00, 0.0
9.0, 24.9, 0.0, 42.0, 1994-08-04 00:00:00, 3.0
6.0, 22.9, 270.0, 42.0, 1994-08-05 00:00:00, 0.2
3.0, 18.2, 320.0, 48.0, 1994-08-06 00:00:00, 0.7
3.0, 16.8, 230.0, 64.0, 1994-08-07 00:00:00, 1.5
1.0, 14.4, 320.0, 73.0, 1994-08-08 00:00:00, 1.5
10.0, 15.4, 180.0, 51.0, 1994-08-09 00:00:00, 0.7
7.0, 18.6, 0.0, 43.0, 1994-08-10 00:00:00, 0.0
6.0, 22.3, 320.0, 30.0, 1994-08-11 00:00:00, 0.0
6.0, 23.4, 320.0, 33.0, 1994-08-12 00:00:00, 0.0
7.0, 25.7, 0.0, 32.0, 1994-08-13 00:00:00, 0.0
8.0, 28.3, 0.0, 15.0, 1994-08-14 00:00:00, 0.0
5.0, 23.8, 180.0, 31.0, 1994-08-15 00:00:00, 0.0
8.0, 21.3, 320.0, 38.0, 1994-08-16 00:00:00, 0.0
2.0, 15.6, 320.0, 61.0, 1994-08-17 00:00:00, 6.6
3.0, 18.3, 270.0, 46.0, 1994-08-18 00:00:00, 0.0
7.0, 22.8, 270.0, 35.0, 1994-08-19 00:00:00, 0.0
5.0, 23.9, 50.0, 31.0, 1994-08-20 00:00:00, 0.0
6.0, 22.0, 0.0, 24.0, 1994-08-21 00:00:00, 0.0
6.0, 14.3, 0.0, 42.0, 1994-08-22 00:00:00, 0.0
8.0, 15.9, 320.0, 36.0, 1994-08-23 00:00:00, 0.0
4.0, 16.0, 270.0, 38.0, 1994-08-24 00:00:00, 0.0
14.0, 14.2, 0.0, 46.0, 1994-08-25 00:00:00, 0.0
3.0, 5.1, 0.0, 99.0, 1994-08-26 00:00:00, 15.2
1.0, 8.8, 270.0, 94.0, 1994-08-27 00:00:00, 3.3
5.0, 16.8, 320.0, 49.0, 1994-08-28 00:00:00, 0.0
8.0, 16.9, 0.0, 54.0, 1994-08-29 00:00:00, 0.7
7.0, 13.8, 180.0, 69.0, 1994-08-30 00:00:00, 1.2
6.0, 13.5, 180.0, 58.0, 1994-08-31 00:00:00, 8.3
3.0, 13.4, 50.0, 51.0, 1994-09-01 00:00:00, 0.0
4.0, 14.3, 320.0, 73.0, 1994-09-02 00:00:00, 3.3
13.0, 9.0, 180.0, 67.0, 1994-09-03 00:00:00, 3.5
3.0, 11.4, 140.0, 63.0, 1994-09-04 00:00:00, 1.2
5.0, 14.6, 270.0, 51.0, 1994-09-05 00:00:00, 0.0
5.0, 18.5, 180.0, 42.0, 1994-09-06 00:00:00, 0.0
7.0, 19.9, 270.0, 34.0, 1994-09-07 00:00:00, 0.0
9.0, 20.6, 140.0, 27.0, 1994-09-08 00:00:00, 0.0
8.0, 9.4, 180.0, 74.0, 1994-09-09 00:00:00, 1.0
3.0, 7.9, 140.0, 79.0, 1994-09-10 00:00:00, 7.3
5.0, 8.6, 0.0, 77.0, 1994-09-11 00:00:00, 0.0
5.0, 14.8, 180.0, 47.0, 1994-09-12 00:00:00, 0.2
8.0, 15.5, 0.0, 49.0, 1994-09-13 00:00:00, 0.0
5.0, 14.8, 50.0, 50.0, 1994-09-14 00:00:00, 0.0
5.0, 14.8, 50.0, 50.0, 1994-09-15 00:00:00, 0.0
5.0, 18.1, 270.0, 49.0, 1994-09-16 00:00:00, 0.0
3.0, 20.5, 270.0, 45.0, 1994-09-17 00:00:00, 0.0
6.0, 20.1, 320.0, 33.0, 1994-09-18 00:00:00, 0.0
3.0, 19.6, 270.0, 36.0, 1994-09-19 00:00:00, 0.0
5.0, 18.3, 270.0, 44.0, 1994-09-20 00:00:00, 0.0
4.0, 13.5, 320.0, 39.0, 1994-09-21 00:00:00, 0.0
5.0, 17.5, 180.0, 35.0, 1994-09-22 00:00:00, 0.0
4.0, 19.6, 270.0, 32.0, 1994-09-23 00:00:00, 0.0
5.0, 21.0, 270.0, 32.0, 1994-09-24 00:00:00, 0.0
4.0, 22.3, 270.0, 24.0, 1994-09-25 00:00:00, 0.0
6.0, 19.2, 320.0, 31.0, 1994-09-26 00:00:00, 0.0
5.0, 20.4, 320.0, 33.0, 1994-09-27 00:00:00, 0.0
3.0, 19.9, 90.0, 32.0, 1994-09-28 00:00:00, 0.0
4.0, 19.2, 90.0, 34.0, 1994-09-29 00:00:00, 0.0
1.0, 14.8, 180.0, 53.0, 1994-09-30 00:00:00, 0.0
3.0, 10.2, 320.0, 82.0, 1994-10-01 00:00:00, 0.5
6.0, 4.8, 0.0, 61.0, 1994-10-02 00:00:00, 6.3
9.0, 5.9, 0.0, 57.0, 1994-10-03 00:00:00, 0.0
3.0, 9.3, 230.0, 57.0, 1994-10-04 00:00:00, 0.0
7.0, 9.0, 270.0, 61.0, 1994-10-05 00:00:00, 0.0
7.0, 9.5, 320.0, 56.0, 1994-10-06 00:00:00, 0.0
5.0, 10.3, 270.0, 41.0, 1994-10-07 00:00:00, 0.0
4.0, 10.6, 320.0, 39.0, 1994-10-08 00:00:00, 0.0
8.0, 12.8, 90.0, 38.0, 1994-10-09 00:00:00, 0.0
0.0, 8.7, 0.0, 82.0, 1995-06-18 00:00:00, 0.2
0.0, 11.4, 0.0, 79.0, 1995-06-19 00:00:00, 0.0
0.0, 5.1, 0.0, 99.0, 1995-06-20 00:00:00, 0.2
5.0, 9.9, 90.0, 94.0, 1995-06-21 00:00:00, 6.3
2.0, 12.6, 50.0, 87.0, 1995-06-22 00:00:00, 2.2
5.0, 16.7, 140.0, 71.0, 1995-06-23 00:00:00, 5.3
3.0, 19.9, 140.0, 55.0, 1995-06-24 00:00:00, 0.0
10.0, 19.1, 180.0, 60.0, 1995-06-25 00:00:00, 2.0
2.0, 12.4, 180.0, 58.0, 1995-06-26 00:00:00, 0.0
5.0, 12.4, 140.0, 48.0, 1995-06-27 00:00:00, 1.2
5.0, 15.7, 140.0, 50.0, 1995-06-28 00:00:00, 0.0
5.0, 18.0, 90.0, 50.0, 1995-06-29 00:00:00, 0.0
8.0, 19.9, 140.0, 48.0, 1995-06-30 00:00:00, 0.0
4.0, 17.4, 320.0, 60.0, 1995-07-01 00:00:00, 0.7
3.0, 13.7, 90.0, 85.0, 1995-07-02 00:00:00, 1.5
8.0, 10.2, 180.0, 98.0, 1995-07-03 00:00:00, 23.1
1.0, 11.9, 140.0, 97.0, 1995-07-04 00:00:00, 2.7
7.0, 13.8, 320.0, 70.0, 1995-07-05 00:00:00, 2.5
3.0, 17.2, 90.0, 53.0, 1995-07-06 00:00:00, 0.7
4.0, 15.5, 90.0, 81.0, 1995-07-07 00:00:00, 2.0
3.0, 17.0, 90.0, 71.0, 1995-07-08 00:00:00, 5.5
2.0, 14.9, 90.0, 86.0, 1995-07-09 00:00:00, 2.7
3.0, 17.8, 0.0, 65.0, 1995-07-10 00:00:00, 2.2
5.0, 15.4, 90.0, 56.0, 1995-07-11 00:00:00, 0.0
6.0, 15.5, 90.0, 48.0, 1995-07-12 00:00:00, 0.5
6.0, 18.4, 90.0, 43.0, 1995-07-13 00:00:00, 0.0
4.0, 14.8, 140.0, 73.0, 1995-07-14 00:00:00, 0.0
7.0, 18.1, 140.0, 47.0, 1995-07-15 00:00:00, 0.0
7.0, 19.3, 140.0, 36.0, 1995-07-16 00:00:00, 0.0
4.0, 20.6, 90.0, 41.0, 1995-07-17 00:00:00, 0.0
5.0, 21.3, 140.0, 41.0, 1995-07-18 00:00:00, 0.0
6.0, 20.8, 140.0, 48.0, 1995-07-19 00:00:00, 0.0
0.0, 16.8, 0.0, 58.0, 1995-07-20 00:00:00, 0.0
0.0, 12.8, 140.0, 89.0, 1995-07-21 00:00:00, 8.1
5.0, 13.2, 90.0, 91.0, 1995-07-22 00:00:00, 2.5
1.0, 15.1, 50.0, 85.0, 1995-07-23 00:00:00, 0.2
7.0, 15.3, 90.0, 74.0, 1995-07-24 00:00:00, 0.7
13.0, 16.3, 320.0, 68.0, 1995-07-25 00:00:00, 0.2
5.0, 12.4, 180.0, 87.0, 1995-07-26 00:00:00, 8.3
5.0, 13.5, 230.0, 55.0, 1995-07-27 00:00:00, 0.2
14.0, 14.9, 0.0, 55.0, 1995-07-28 00:00:00, 0.0
4.0, 11.7, 180.0, 57.0, 1995-07-29 00:00:00, 3.3
6.0, 12.5, 140.0, 59.0, 1995-07-30 00:00:00, 1.0
8.0, 15.4, 180.0, 51.0, 1995-07-31 00:00:00, 0.0
1.0, 16.0, 180.0, 65.0, 1995-08-01 00:00:00, 0.2
2.0, 15.5, 90.0, 60.0, 1995-08-02 00:00:00, 0.0
4.0, 19.2, 180.0, 47.0, 1995-08-03 00:00:00, 0.0
2.0, 20.9, 0.0, 47.0, 1995-08-04 00:00:00, 0.0
3.0, 23.1, 90.0, 39.0, 1995-08-05 00:00:00, 0.0
15.0, 8.0, 320.0, 96.0, 1995-08-06 00:00:00, 20.3
5.0, 11.4, 180.0, 96.0, 1995-08-07 00:00:00, 15.7
6.0, 9.1, 140.0, 81.0, 1995-08-08 00:00:00, 6.3
3.0, 12.7, 90.0, 71.0, 1995-08-09 00:00:00, 0.0
8.0, 15.9, 140.0, 61.0, 1995-08-10 00:00:00, 0.0
5.0, 10.0, 270.0, 96.0, 1995-08-11 00:00:00, 21.0
11.0, 5.6, 180.0, 94.0, 1995-08-12 00:00:00, 8.1
5.0, 10.8, 140.0, 85.0, 1995-08-13 00:00:00, 9.1
3.0, 13.1, 320.0, 67.0, 1995-08-14 00:00:00, 0.0
9.0, 13.0, 0.0, 69.0, 1995-08-15 00:00:00, 0.2
7.0, 12.9, 0.0, 66.0, 1995-08-16 00:00:00, 9.1
1.0, 10.5, 270.0, 72.0, 1995-08-17 00:00:00, 0.0
7.0, 9.0, 320.0, 79.0, 1995-08-18 00:00:00, 8.1
6.0, 11.7, 140.0, 68.0, 1995-08-19 00:00:00, 0.2
3.0, 16.4, 0.0, 62.0, 1995-08-20 00:00:00, 0.0
4.0, 18.1, 90.0, 53.0, 1995-08-21 00:00:00, 0.0
13.0, 19.1, 320.0, 35.0, 1995-08-22 00:00:00, 0.0
16.0, 19.7, 320.0, 29.0, 1995-08-23 00:00:00, 0.0
1.0, 11.7, 180.0, 70.0, 1995-08-24 00:00:00, 0.0
8.0, 12.7, 140.0, 56.0, 1995-08-25 00:00:00, 0.0
4.0, 15.7, 0.0, 44.0, 1995-08-26 00:00:00, 0.0
2.0, 13.1, 320.0, 68.0, 1995-08-27 00:00:00, 3.0
7.0, 17.2, 140.0, 48.0, 1995-08-28 00:00:00, 0.0
3.0, 6.4, 140.0, 99.0, 1995-08-29 00:00:00, 11.4
0.0, 11.5, 180.0, 73.0, 1995-08-30 00:00:00, 3.0
6.0, 13.8, 140.0, 56.0, 1995-08-31 00:00:00, 0.0
6.0, 15.8, 90.0, 56.0, 1995-09-01 00:00:00, 0.0
7.0, 18.9, 90.0, 47.0, 1995-09-02 00:00:00, 0.0
5.0, 20.3, 90.0, 39.0, 1995-09-03 00:00:00, 0.0
3.0, 20.2, 90.0, 46.0, 1995-09-04 00:00:00, 0.0
1.0, 11.9, 270.0, 96.0, 1995-09-05 00:00:00, 14.9
2.0, 11.2, 90.0, 99.0, 1995-09-06 00:00:00, 13.9
4.0, 14.0, 320.0, 74.0, 1995-09-07 00:00:00, 0.0
8.0, 15.7, 180.0, 53.0, 1995-09-08 00:00:00, 0.0
5.0, 15.1, 90.0, 63.0, 1995-09-09 00:00:00, 0.0
5.0, 16.0, 90.0, 65.0, 1995-09-10 00:00:00, 0.0
1.0, 17.6, 90.0, 60.0, 1995-09-11 00:00:00, 0.0
4.0, 18.2, 140.0, 52.0, 1995-09-12 00:00:00, 0.0
5.0, 17.0, 90.0, 56.0, 1995-09-13 00:00:00, 0.0
6.0, 15.7, 140.0, 63.0, 1995-09-14 00:00:00, 0.0
4.0, 17.8, 90.0, 48.0, 1995-09-15 00:00:00, 0.0
6.0, 14.4, 90.0, 57.0, 1995-09-16 00:00:00, 0.0
5.0, 14.6, 90.0, 65.0, 1995-09-17 00:00:00, 0.0
7.0, 5.9, 270.0, 75.0, 1995-09-18 00:00:00, 0.2
3.0, 6.5, 140.0, 75.0, 1995-09-19 00:00:00, 1.7
5.0, 7.0, 140.0, 39.0, 1995-09-20 00:00:00, 0.0
7.0, 6.3, 140.0, 53.0, 1995-09-21 00:00:00, 0.0
0.0, 7.8, 0.0, 56.0, 1995-09-22 00:00:00, 0.0
4.0, 13.1, 90.0, 52.0, 1995-09-23 00:00:00, 0.0
5.0, 12.8, 140.0, 45.0, 1995-09-24 00:00:00, 0.0
5.0, 14.1, 90.0, 47.0, 1995-09-25 00:00:00, 0.0
4.0, 14.8, 140.0, 42.0, 1995-09-26 00:00:00, 0.0
2.0, 8.7, 320.0, 66.0, 1995-09-27 00:00:00, 0.0
1.0, 9.8, 50.0, 76.0, 1995-09-28 00:00:00, 0.0
0.0, 8.1, 140.0, 99.0, 1995-09-29 00:00:00, 10.1
8.0, 6.9, 0.0, 84.0, 1995-09-30 00:00:00, 0.0
