station_observations
wind_speed, temperature, wind_direction, relative_humidity, time, precipitation
13.0, 10.8, 180.0, 44.0, 1989-05-10 00:00:00, 0.0
14.0, 10.0, 180.0, 47.0, 1989-05-11 00:00:00, 0.0
5.0, 11.7, 230.0, 47.0, 1989-05-12 00:00:00, 0.0
4.0, 14.6, 90.0, 38.0, 1989-05-13 00:00:00, 0.0
0.0, 10.8, 0.0, 84.0, 1989-05-14 00:00:00, 2.0
16.0, 14.7, 180.0, 65.0, 1989-05-15 00:00:00, 1.2
14.0, 10.8, 270.0, 33.0, 1989-05-16 00:00:00, 0.2
2.0, 14.1, 140.0, 28.0, 1989-05-17 00:00:00, 0.0
8.0, 17.9, 230.0, 29.0, 1989-05-18 00:00:00, 0.0
6.0, 13.1, 140.0, 33.0, 1989-05-19 00:00:00, 0.0
0.0, 12.6, 0.0, 38.0, 1989-05-20 00:00:00, 0.2
4.0, 10.5, 320.0, 83.0, 1989-05-21 00:00:00, 1.7
2.0, 16.2, 140.0, 39.0, 1989-05-22 00:00:00, 0.5
5.0, 18.8, 140.0, 23.0, 1989-05-23 00:00:00, 0.0
10.0, 17.8, 180.0, 27.0, 1989-05-24 00:00:00, 0.0
4.0, 15.8, 90.0, 34.0, 1989-05-25 00:00:00, 0.0
5.0, 17.6, 230.0, 36.0, 1989-05-26 00:00:00, 0.0
1.0, 19.2, 320.0, 33.0, 1989-05-27 00:00:00, 0.0
6.0, 23.0, 140.0, 16.0, 1989-05-28 00:00:00, 0.0
0.0, 25.3, 0.0, 23.0, 1989-05-29 00:00:00, 0.0
6.0, 15.5, 180.0, 69.0, 1989-05-30 00:00:00, 0.0
7.0, 16.3, 180.0, 71.0, 1989-05-31 00:00:00, 0.5
5.0, 19.9, 230.0, 23.0, 1989-06-01 00:00:00, 0.0
6.0, 23.1, 90.0, 16.0, 1989-06-02 00:00:00, 0.0
7.0, 27.0, 140.0, 11.0, 1989-06-03 00:00:00, 0.0
5.0, 24.9, 180.0, 27.0, 1989-06-04 00:00:00, 0.0
11.0, 15.5, 180.0, 42.0, 1989-06-05 00:00:00, 0.0
2.0, 19.5, 90.0, 32.0, 1989-06-06 00:00:00, 0.0
7.0, 20.1, 180.0, 36.0, 1989-06-07 00:00:00, 0.0
13.0, 19.9, 230.0, 35.0, 1989-06-08 00:00:00, 0.0
5.0, 20.3, 230.0, 37.0, 1989-06-09 00:00:00, 0.0
4.0, 23.5, 90.0, 27.0, 1989-06-10 00:00:00, 0.0
3.0, 24.8, 90.0, 29.0, 1989-06-11 00:00:00, 0.0
1.0, 19.4, 140.0, 55.0, 1989-06-12 00:00:00, 0.0
0.0, 14.4, 0.0, 82.0, 1989-06-13 00:00:00, 1.0
16.0, 19.6, 230.0, 21.0, 1989-06-14 00:00:00, 2.7
11.0, 15.3, 230.0, 44.0, 1989-06-15 00:00:00, 0.0
10.0, 17.0, 140.0, 39.0, 1989-06-16 00:00:00, 0.5
15.0, 20.5, 90.0, 25.0, 1989-06-17 00:00:00, 0.0
6.0, 17.4, 140.0, 35.0, 1989-06-18 00:00:00, 0.7
2.0, 13.9, 140.0, 60.0, 1989-06-19 00:00:00, 0.0
7.0, 15.4, 180.0, 54.0, 1989-06-20 00:00:00, 0.0
8.0, 12.0, 230.0, 72.0, 1989-06-21 00:00:00, 0.2
2.0, 20.5, 140.0, 43.0, 1989-06-22 00:00:00, 2.5
6.0, 25.3, 230.0, 38.0, 1989-06-23 00:00:00, 0.0
5.0, 27.5, 270.0, 30.0, 1989-06-24 00:00:00, 0.0
14.0, 21.7, 270.0, 24.0, 1989-06-25 00:00:00, 0.2
0.0, 10.9, 0.0, 74.0, 1989-06-26 00:00:00, 2.5
0.0, 15.0, 0.0, 69.0, 1989-06-27 00:00:00, 0.0
7.0, 22.5, 90.0, 30.0, 1989-06-28 00:00:00, 0.0
3.0, 23.4, 90.0, 37.0, 1989-06-29 00:00:00, 0.0
6.0, 15.5, 180.0, 69.0, 1989-06-30 00:00:00, 0.0
0.0, 15.0, 0.0, 81.0, 1989-07-01 00:00:00, 13.7
8.0, 18.6, 180.0, 54.0, 1989-07-02 00:00:00, 0.0
11.0, 15.9, 180.0, 61.0, 1989-07-03 00:00:00, 0.0
5.0, 14.8, 180.0, 77.0, 1989-07-04 00:00:00, 1.5
8.0, 14.4, 180.0, 69.0, 1989-07-05 00:00:00, 1.7
2.0, 19.5, 90.0, 32.0, 1989-07-06 00:00:00, 0.0
4.0, 22.8, 180.0, 42.0, 1989-07-07 00:00:00, 0.0
13.0, 19.9, 230.0, 35.0, 1989-07-08 00:00:00, 0.7
1.0, 20.9, 180.0, 50.0, 1989-07-09 00:00:00, 0.0
4.0, 23.5, 90.0, 27.0, 1989-07-10 00:00:00, 0.0
3.0, 24.8, 90.0, 29.0, 1989-07-11 00:00:00, 0.0
1.0, 19.4, 140.0, 55.0, 1989-07-12 00:00:00, 8.3
3.0, 21.1, 180.0, 65.0, 1989-07-13 00:00:00, 0.0
16.0, 19.6, 230.0, 21.0, 1989-07-14 00:00:00, 2.7
10.0, 24.0, 230.0, 22.0, 1989-07-15 00:00:00, 0.0
0.0, 19.7, 0.0, 47.0, 1989-07-16 00:00:00, 0.0
5.0, 24.0, 230.0, 39.0, 1989-07-17 00:00:00, 0.0
0.0, 23.9, 0.0, 38.0, 1989-07-18 00:00:00, 0.0
3.0, 14.5, 180.0, 82.0, 1989-07-19 00:00:00, 2.2
10.0, 20.2, 180.0, 50.0, 1989-07-20 00:00:00, 0.2
7.0, 12.0, 140.0, 72.0, 1989-07-21 00:00:00, 0.2
8.0, 16.5, 180.0, 59.0, 1989-07-22 00:00:00, 0.0
4.0, 22.8, 140.0, 34.0, 1989-07-23 00:00:00, 0.0
7.0, 23.1, 180.0, 37.0, 1989-07-24 00:00:00, 0.0
1.0, 24.5, 50.0, 32.0, 1989-07-25 00:00:00, 0.0
6.0, 28.0, 140.0, 21.0, 1989-07-26 00:00:00, 0.0
17.0, 17.2, 180.0, 60.0, 1989-07-27 00:00:00, 0.2
0.0, 17.0, 0.0, 70.0, 1989-07-28 00:00:00, 1.5
1.0, 25.3, 140.0, 39.0, 1989-07-29 00:00:00, 0.0
3.0, 27.6, 140.0, 24.0, 1989-07-30 00:00:00, 0.0
3.0, 18.3, 230.0, 76.0, 1989-07-31 00:00:00, 0.5
4.0, 25.4, 230.0, 39.0, 1989-08-01 00:00:00, 0.0
6.0, 19.5, 180.0, 64.0, 1989-08-02 00:00:00, 0.0
5.0, 20.2, 180.0, 45.0, 1989-08-03 00:00:00, 0.0
0.0, 17.9, 0.0, 77.0, 1989-08-04 00:00:00, 3.2
0.0, 19.4, 0.0, 67.0, 1989-08-05 00:00:00, 7.6
3.0, 19.4, 90.0, 61.0, 1989-08-06 00:00:00, 3.5
3.0, 21.8, 180.0, 40.0, 1989-08-07 00:00:00, 0.2
8.0, 22.4, 140.0, 31.0, 1989-08-08 00:00:00, 0.0
1.0, 13.9, 230.0, 79.0, 1989-08-09 00:00:00, 2.0
2.0, 13.1, 230.0, 81.0, 1989-08-10 00:00:00, 13.4
5.0, 20.7, 90.0, 60.0, 1989-08-11 00:00:00, 0.0
0.0, 23.8, 0.0, 52.0, 1989-08-12 00:00:00, 0.7
2.0, 14.9, 180.0, 80.0, 1989-08-13 00:00:00, 17.5
2.0, 19.0, 180.0, 68.0, 1989-08-14 00:00:00, 0.5
0.0, 19.9, 0.0, 65.0, 1989-08-15 00:00:00, 0.0
0.0, 22.7, 0.0, 52.0, 1989-08-16 00:00:00, 0.0
3.0, 22.4, 140.0, 58.0, 1989-08-17 00:00:00, 0.0
1.0, 22.0, 180.0, 58.0, 1989-08-18 00:00:00, 0.0
4.0, 22.4, 230.0, 49.0, 1989-08-19 00:00:00, 0.0
14.0, 18.3, 140.0, 65.0, 1989-08-20 00:00:00, 1.7
3.0, 17.9, 180.0, 58.0, 1989-08-21 00:00:00, 11.1
1.0, 16.6, 230.0, 64.0, 1989-08-22 00:00:00, 0.0
9.0, 19.1, 180.0, 58.0, 1989-08-23 00:00:00, 0.0
2.0, 21.4, 140.0, 46.0, 1989-08-24 00:00:00, 0.0
6.0, 23.0, 140.0, 38.0, 1989-08-25 00:00:00, 0.0
3.0, 24.4, 90.0, 33.0, 1989-08-26 00:00:00, 0.0
0.0, 24.7, 0.0, 27.0, 1989-08-27 00:00:00, 0.0
2.0, 24.0, 180.0, 36.0, 1989-08-28 00:00:00, 0.0
1.0, 14.9, 230.0, 74.0, 1989-08-29 00:00:00, 0.0
1.0, 15.7, 230.0, 70.0, 1989-08-30 00:00:00, 0.0
2.0, 17.5, 180.0, 52.0, 1989-08-31 00:00:00, 0.0
6.0, 18.3, 230.0, 50.0, 1989-09-01 00:00:00, 0.0
8.0, 17.3, 140.0, 47.0, 1989-09-02 00:00:00, 0.0
1.0, 15.3, 90.0, 77.0, 1989-09-03 00:00:00, 0.7
10.0, 13.2, 180.0, 71.0, 1989-09-04 00:00:00, 1.5
1.0, 18.8, 180.0, 51.0, 1989-09-05 00:00:00, 0.2
2.0, 19.9, 140.0, 48.0, 1989-09-06 00:00:00, 2.0
8.0, 25.0, 90.0, 35.0, 1989-09-07 00:00:00, 0.2
12.0, 25.7, 50.0, 21.0, 1989-09-08 00:00:00, 0.0
8.0, 22.2, 0.0, 29.0, 1989-09-09 00:00:00, 0.0
0.0, 22.3, 0.0, 28.0, 1989-09-10 00:00:00, 0.0
1.0, 21.9, 230.0, 34.0, 1989-09-11 00:00:00, 0.0
3.0, 21.1, 230.0, 40.0, 1989-09-12 00:00:00, 0.0
1.0, 19.5, 50.0, 44.0, 1989-09-13 00:00:00, 0.0
8.0, 18.2, 180.0, 27.0, 1989-09-14 00:00:00, 0.0
5.0, 13.1, 180.0, 56.0, 1989-09-15 00:00:00, 0.0
6.0, 12.0, 0.0, 75.0, 1989-09-16 00:00:00, 0.0
