station_observations
wind_speed, temperature, wind_direction, relative_humidity, time, precipitation
10.0, 11.2, 230.0, 40.0, 1989-05-19 00:00:00, 0.0
2.0, 11.8, 320.0, 51.0, 1989-05-20 00:00:00, 0.5
1.0, 9.2, 0.0, 88.0, 1989-05-21 00:00:00, 1.5
6.0, 13.1, 90.0, 59.0, 1989-05-22 00:00:00, 3.0
7.0, 16.2, 270.0, 43.0, 1989-05-23 00:00:00, 0.0
5.0, 14.8, 180.0, 45.0, 1989-05-24 00:00:00, 0.0
11.0, 12.7, 180.0, 53.0, 1989-05-25 00:00:00, 0.5
1.0, 15.5, 0.0, 47.0, 1989-05-26 00:00:00, 0.2
4.0, 16.3, 0.0, 45.0, 1989-05-27 00:00:00, 0.0
8.0, 20.7, 270.0, 32.0, 1989-05-28 00:00:00, 0.0
4.0, 23.0, 0.0, 40.0, 1989-05-29 00:00:00, 0.0
19.0, 13.4, 180.0, 74.0, 1989-05-30 00:00:00, 0.0
19.0, 14.3, 180.0, 80.0, 1989-05-31 00:00:00, 0.2
15.0, 18.2, 180.0, 39.0, 1989-06-01 00:00:00, 0.0
2.0, 20.1, 230.0, 34.0, 1989-06-02 00:00:00, 0.0
1.0, 24.8, 180.0, 26.0, 1989-06-03 00:00:00, 0.0
14.0, 24.4, 180.0, 38.0, 1989-06-04 00:00:00, 0.0
19.0, 14.5, 180.0, 56.0, 1989-06-05 00:00:00, 0.0
2.0, 18.5, 180.0, 44.0, 1989-06-06 00:00:00, 0.0
16.0, 19.3, 180.0, 45.0, 1989-06-07 00:00:00, 0.0
19.0, 19.1, 180.0, 45.0, 1989-06-08 00:00:00, 0.0
14.0, 20.2, 180.0, 46.0, 1989-06-09 00:00:00, 0.0
4.0, 23.2, 230.0, 36.0, 1989-06-10 00:00:00, 0.0
2.0, 24.7, 140.0, 40.0, 1989-06-11 00:00:00, 0.0
1.0, 19.7, 0.0, 56.0, 1989-06-12 00:00:00, 0.0
5.0, 14.0, 0.0, 92.0, 1989-06-13 00:00:00, 0.7
17.0, 18.0, 180.0, 40.0, 1989-06-14 00:00:00, 9.1
12.0, 14.7, 180.0, 54.0, 1989-06-15 00:00:00, 0.0
9.0, 16.9, 180.0, 46.0, 1989-06-16 00:00:00, 0.0
6.0, 18.2, 320.0, 45.0, 1989-06-17 00:00:00, 0.0
1.0, 14.1, 140.0, 54.0, 1989-06-18 00:00:00, 2.0
8.0, 12.3, 180.0, 68.0, 1989-06-19 00:00:00, 0.7
10.0, 14.3, 230.0, 65.0, 1989-06-20 00:00:00, 0.5
9.0, 11.8, 230.0, 82.0, 1989-06-21 00:00:00, 0.0
8.0, 19.0, 230.0, 57.0, 1989-06-22 00:00:00, 1.0
6.0, 22.3, 180.0, 51.0, 1989-06-23 00:00:00, 0.0
6.0, 26.0, 180.0, 43.0, 1989-06-24 00:00:00, 0.0
23.0, 20.9, 230.0, 41.0, 1989-06-25 00:00:00, 0.0
17.0, 7.9, 180.0, 85.0, 1989-06-26 00:00:00, 1.0
0.0, 13.1, 0.0, 83.0, 1989-06-27 00:00:00, 2.2
7.0, 21.5, 0.0, 39.0, 1989-06-28 00:00:00, 0.0
14.0, 20.9, 140.0, 56.0, 1989-06-29 00:00:00, 1.5
0.0, 18.4, 0.0, 64.0, 1989-06-30 00:00:00, 2.5
3.0, 13.7, 140.0, 91.0, 1989-07-01 00:00:00, 19.8
10.0, 15.8, 230.0, 74.0, 1989-07-02 00:00:00, 0.0
19.0, 15.3, 180.0, 72.0, 1989-07-03 00:00:00, 0.0
16.0, 11.6, 180.0, 78.0, 1989-07-04 00:00:00, 1.0
15.0, 18.7, 230.0, 60.0, 1989-07-05 00:00:00, 0.0
5.0, 16.7, 180.0, 69.0, 1989-07-06 00:00:00, 0.0
4.0, 20.8, 140.0, 59.0, 1989-07-07 00:00:00, 0.0
11.0, 21.7, 230.0, 62.0, 1989-07-08 00:00:00, 0.5
0.0, 20.3, 0.0, 65.0, 1989-07-09 00:00:00, 0.0
6.0, 25.9, 90.0, 60.0, 1989-07-10 00:00:00, 0.2
7.0, 28.5, 0.0, 33.0, 1989-07-11 00:00:00, 0.0
9.0, 27.1, 270.0, 46.0, 1989-07-12 00:00:00, 3.3
1.0, 21.9, 180.0, 63.0, 1989-07-13 00:00:00, 0.0
0.0, 18.4, 0.0, 70.0, 1989-07-14 00:00:00, 3.8
13.0, 20.2, 140.0, 53.0, 1989-07-15 00:00:00, 0.0
0.0, 18.0, 0.0, 66.0, 1989-07-16 00:00:00, 0.0
9.0, 21.2, 180.0, 57.0, 1989-07-17 00:00:00, 0.0
2.0, 19.8, 320.0, 67.0, 1989-07-18 00:00:00, 3.8
0.0, 13.1, 0.0, 95.0, 1989-07-19 00:00:00, 7.3
9.0, 16.9, 320.0, 74.0, 1989-07-20 00:00:00, 1.7
21.0, 18.1, 180.0, 59.0, 1989-07-21 00:00:00, 0.0
17.0, 14.5, 180.0, 78.0, 1989-07-22 00:00:00, 0.2
5.0, 20.4, 0.0, 45.0, 1989-07-23 00:00:00, 0.0
11.0, 20.7, 0.0, 54.0, 1989-07-24 00:00:00, 0.0
1.0, 22.9, 0.0, 45.0, 1989-07-25 00:00:00, 0.0
5.0, 25.6, 0.0, 37.0, 1989-07-26 00:00:00, 0.0
28.0, 15.9, 180.0, 80.0, 1989-07-27 00:00:00, 3.8
2.0, 15.6, 180.0, 79.0, 1989-07-28 00:00:00, 1.7
1.0, 23.3, 50.0, 55.0, 1989-07-29 00:00:00, 0.0
1.0, 25.4, 230.0, 43.0, 1989-07-30 00:00:00, 0.0
3.0, 15.6, 180.0, 92.0, 1989-07-31 00:00:00, 1.0
2.0, 23.7, 180.0, 54.0, 1989-08-01 00:00:00, 0.0
16.0, 16.6, 180.0, 69.0, 1989-08-02 00:00:00, 0.0
9.0, 18.6, 230.0, 59.0, 1989-08-03 00:00:00, 0.0
0.0, 15.6, 0.0, 94.0, 1989-08-04 00:00:00, 2.0
0.0, 17.4, 0.0, 83.0, 1989-08-05 00:00:00, 3.5
3.0, 17.4, 320.0, 76.0, 1989-08-06 00:00:00, 2.2
10.0, 19.7, 230.0, 56.0, 1989-08-07 00:00:00, 0.0
8.0, 20.3, 230.0, 43.0, 1989-08-08 00:00:00, 0.0
2.0, 13.0, 230.0, 87.0, 1989-08-09 00:00:00, 1.0
1.0, 12.3, 140.0, 96.0, 1989-08-10 00:00:00, 14.4
2.0, 18.4, 50.0, 77.0, 1989-08-11 00:00:00, 0.0
3.0, 22.1, 0.0, 60.0, 1989-08-12 00:00:00, 0.7
0.0, 14.1, 0.0, 96.0, 1989-08-13 00:00:00, 15.4
0.0, 17.1, 0.0, 82.0, 1989-08-14 00:00:00, 2.5
2.0, 17.5, 230.0, 78.0, 1989-08-15 00:00:00, 0.0
2.0, 21.0, 320.0, 68.0, 1989-08-16 00:00:00, 0.0
1.0, 20.3, 270.0, 76.0, 1989-08-17 00:00:00, 0.0
2.0, 20.1, 0.0, 76.0, 1989-08-18 00:00:00, 0.0
11.0, 19.2, 230.0, 74.0, 1989-08-19 00:00:00, 0.0
14.0, 17.0, 180.0, 84.0, 1989-08-20 00:00:00, 1.2
1.0, 14.7, 180.0, 72.0, 1989-08-21 00:00:00, 13.9
0.0, 16.1, 0.0, 75.0, 1989-08-22 00:00:00, 0.0
15.0, 18.0, 180.0, 73.0, 1989-08-23 00:00:00, 0.0
11.0, 18.7, 180.0, 63.0, 1989-08-24 00:00:00, 0.0
4.0, 20.9, 90.0, 52.0, 1989-08-25 00:00:00, 0.0
0.0, 22.9, 0.0, 45.0, 1989-08-26 00:00:00, 0.0
0.0, 23.2, 0.0, 43.0, 1989-08-27 00:00:00, 0.0
0.0, 22.8, 0.0, 49.0, 1989-08-28 00:00:00, 0.0
1.0, 16.5, 320.0, 80.0, 1989-08-29 00:00:00, 0.0
5.0, 13.9, 180.0, 87.0, 1989-08-30 00:00:00, 0.0
13.0, 16.6, 180.0, 64.0, 1989-08-31 00:00:00, 0.0
12.0, 15.9, 180.0, 68.0, 1989-09-01 00:00:00, 0.0
13.0, 14.8, 180.0, 62.0, 1989-09-02 00:00:00, 0.0
0.0, 13.6, 0.0, 92.0, 1989-09-03 00:00:00, 2.0
12.0, 12.2, 180.0, 85.0, 1989-09-04 00:00:00, 4.0
12.0, 16.3, 180.0, 68.0, 1989-09-05 00:00:00, 0.7
2.0, 18.0, 270.0, 67.0, 1989-09-06 00:00:00, 0.2
7.0, 23.3, 0.0, 48.0, 1989-09-07 00:00:00, 0.0
14.0, 23.5, 90.0, 34.0, 1989-09-08 00:00:00, 0.0
10.0, 21.5, 180.0, 38.0, 1989-09-09 00:00:00, 0.0
8.0, 21.0, 180.0, 40.0, 1989-09-10 00:00:00, 0.0
10.0, 20.5, 180.0, 45.0, 1989-09-11 00:00:00, 0.0
14.0, 20.2, 180.0, 50.0, 1989-09-12 00:00:00, 0.0
0.0, 17.8, 0.0, 61.0, 1989-09-13 00:00:00, 0.0
18.0, 16.7, 180.0, 47.0, 1989-09-14 00:00:00, 0.0
18.0, 12.7, 180.0, 67.0, 1989-09-15 00:00:00, 0.5
0.0, 10.0, 0.0, 88.0, 1989-09-16 00:00:00, 1.0
1.0, 12.1, 140.0, 73.0, 1989-09-17 00:00:00, 2.5
0.0, 6.8, 0.0, 97.0, 1989-09-18 00:00:00, 6.6
8.0, 14.9, 140.0, 88.0, 1989-09-19 00:00:00, 3.8
24.0, 15.5, 180.0, 86.0, 1989-09-20 00:00:00, 3.3
0.0, 14.1, 0.0, 90.0, 1989-09-21 00:00:00, 1.7
0.0, 12.9, 0.0, 95.0, 1989-09-22 00:00:00, 0.0
