station_observations
wind_speed, temperature, wind_direction, relative_humidity, time, precipitation
15.0, 23.7, 90.0, 40.0, 1990-08-08 00:00:00, 0.0
0.0, 18.9, 0.0, 86.0, 1990-08-09 00:00:00, 0.0
0.0, 24.3, 0.0, 63.0, 1990-08-10 00:00:00, 2.0
7.0, 29.3, 50.0, 40.0, 1990-08-11 00:00:00, 0.0
7.0, 30.6, 50.0, 35.0, 1990-08-12 00:00:00, 0.0
15.0, 26.0, 0.0, 65.0, 1990-08-13 00:00:00, 0.0
0.0, 18.0, 140.0, 83.0, 1990-08-14 00:00:00, 16.5
0.0, 17.9, 0.0, 83.0, 1990-08-15 00:00:00, 3.5
9.0, 20.6, 0.0, 71.0, 1990-08-16 00:00:00, 2.2
17.0, 20.3, 0.0, 69.0, 1990-08-17 00:00:00, 0.0
12.0, 22.4, 0.0, 56.0, 1990-08-18 00:00:00, 0.0
12.0, 21.7, 0.0, 51.0, 1990-08-19 00:00:00, 0.0
0.0, 19.4, 0.0, 75.0, 1990-08-20 00:00:00, 0.0
0.0, 21.6, 0.0, 66.0, 1990-08-21 00:00:00, 0.0
0.0, 14.4, 0.0, 67.0, 1990-08-22 00:00:00, 2.2
0.0, 17.5, 0.0, 51.0, 1990-08-23 00:00:00, 1.0
15.0, 15.6, 90.0, 63.0, 1990-08-24 00:00:00, 0.7
7.0, 19.5, 140.0, 35.0, 1990-08-25 00:00:00, 0.0
9.0, 19.9, 90.0, 38.0, 1990-08-26 00:00:00, 0.0
12.0, 13.4, 0.0, 68.0, 1990-08-27 00:00:00, 0.0
0.0, 16.0, 50.0, 76.0, 1990-08-28 00:00:00, 0.0
0.0, 15.5, 0.0, 77.0, 1990-08-29 00:00:00, 0.0
0.0, 12.7, 180.0, 95.0, 1990-08-30 00:00:00, 3.0
0.0, 13.5, 0.0, 82.0, 1990-08-31 00:00:00, 9.0
4.0, 11.5, 140.0, 85.0, 1990-09-01 00:00:00, 0.5
7.0, 12.5, 0.0, 74.0, 1990-09-02 00:00:00, 0.2
13.0, 11.3, 0.0, 71.0, 1990-09-03 00:00:00, 0.0
0.0, 11.6, 0.0, 79.0, 1990-09-04 00:00:00, 0.0
0.0, 17.2, 320.0, 58.0, 1990-09-05 00:00:00, 0.7
0.0, 16.8, 50.0, 66.0, 1990-09-06 00:00:00, 0.0
0.0, 11.0, 0.0, 95.0, 1990-09-07 00:00:00, 1.2
0.0, 14.8, 50.0, 73.0, 1990-09-08 00:00:00, 0.0
10.0, 16.5, 0.0, 54.0, 1990-09-09 00:00:00, 0.0
13.0, 13.6, 0.0, 47.0, 1990-09-10 00:00:00, 0.0
4.0, 14.8, 50.0, 60.0, 1990-09-11 00:00:00, 0.0
11.0, 15.5, 0.0, 68.0, 1990-09-12 00:00:00, 0.0
11.0, 13.5, 0.0, 78.0, 1990-09-13 00:00:00, 0.0
4.0, 18.8, 140.0, 63.0, 1990-09-14 00:00:00, 0.0
11.0, 16.2, 0.0, 73.0, 1990-09-15 00:00:00, 0.0
23.0, 13.9, 0.0, 63.0, 1990-09-16 00:00:00, 0.0
10.0, 11.0, 140.0, 71.0, 1990-09-17 00:00:00, 0.0
4.0, 14.9, 90.0, 60.0, 1990-09-18 00:00:00, 2.5
9.0, 13.2, 0.0, 59.0, 1990-09-19 00:00:00, 0.0
0.0, 7.7, 0.0, 96.0, 1990-09-20 00:00:00, 3.3
10.0, 11.5, 90.0, 94.0, 1990-09-21 00:00:00, 2.5
9.0, 14.9, 90.0, 91.0, 1990-09-22 00:00:00, 0.2
15.0, 17.9, 0.0, 70.0, 1990-09-23 00:00:00, 0.0
13.0, 12.6, 0.0, 92.0, 1990-09-24 00:00:00, 2.2
7.0, 12.5, 0.0, 68.0, 1990-09-25 00:00:00, 2.7
0.0, 0.0, 0.0, 0.0, 1996-07-08 00:00:00, 0.0
5.0, 14.1, 50.0, 69.0, 1996-07-09 00:00:00, 0.0
7.0, 16.4, 50.0, 55.0, 1996-07-10 00:00:00, 0.5
8.0, 17.6, 0.0, 53.0, 1996-07-11 00:00:00, 0.0
2.0, 19.0, 90.0, 55.0, 1996-07-12 00:00:00, 0.0
11.0, 22.4, 0.0, 47.0, 1996-07-13 00:00:00, 0.0
13.0, 21.2, 0.0, 46.0, 1996-07-14 00:00:00, 0.0
17.0, 18.5, 0.0, 39.0, 1996-07-15 00:00:00, 0.0
15.0, 14.7, 320.0, 55.0, 1996-07-16 00:00:00, 0.0
3.0, 13.0, 0.0, 84.0, 1996-07-17 00:00:00, 0.5
7.0, 10.2, 90.0, 88.0, 1996-07-18 00:00:00, 15.7
1.0, 10.1, 50.0, 87.0, 1996-07-19 00:00:00, 3.8
0.0, 12.3, 0.0, 84.0, 1996-07-20 00:00:00, 6.8
3.0, 14.1, 0.0, 79.0, 1996-07-21 00:00:00, 0.0
8.0, 17.6, 320.0, 63.0, 1996-07-22 00:00:00, 0.0
11.0, 21.0, 0.0, 53.0, 1996-07-23 00:00:00, 0.0
3.0, 24.6, 90.0, 42.0, 1996-07-24 00:00:00, 0.0
15.0, 27.3, 90.0, 35.0, 1996-07-25 00:00:00, 0.0
5.0, 25.0, 0.0, 44.0, 1996-07-26 00:00:00, 0.0
5.0, 26.0, 50.0, 44.0, 1996-07-27 00:00:00, 0.0
5.0, 25.5, 50.0, 53.0, 1996-07-28 00:00:00, 0.0
4.0, 22.0, 50.0, 56.0, 1996-07-29 00:00:00, 2.5
10.0, 14.0, 0.0, 70.0, 1996-07-30 00:00:00, 0.2
5.0, 15.0, 0.0, 64.0, 1996-07-31 00:00:00, 0.0
7.0, 18.3, 320.0, 58.0, 1996-08-01 00:00:00, 0.2
10.0, 18.4, 0.0, 58.0, 1996-08-02 00:00:00, 0.0
2.0, 12.4, 90.0, 79.0, 1996-08-03 00:00:00, 0.0
5.0, 15.6, 270.0, 66.0, 1996-08-04 00:00:00, 0.7
8.0, 20.3, 0.0, 43.0, 1996-08-05 00:00:00, 0.0
3.0, 16.8, 0.0, 54.0, 1996-08-06 00:00:00, 0.0
4.0, 15.2, 90.0, 62.0, 1996-08-07 00:00:00, 0.0
3.0, 16.5, 90.0, 67.0, 1996-08-08 00:00:00, 0.0
4.0, 13.7, 0.0, 86.0, 1996-08-09 00:00:00, 1.2
0.0, 17.3, 0.0, 79.0, 1996-08-10 00:00:00, 10.9
2.0, 14.9, 50.0, 85.0, 1996-08-11 00:00:00, 0.0
15.0, 15.7, 90.0, 68.0, 1996-08-12 00:00:00, 1.2
4.0, 14.6, 90.0, 67.0, 1996-08-13 00:00:00, 1.0
4.0, 18.3, 50.0, 51.0, 1996-08-14 00:00:00, 0.0
10.0, 17.2, 90.0, 62.0, 1996-08-15 00:00:00, 0.0
3.0, 10.8, 320.0, 86.0, 1996-08-16 00:00:00, 1.2
1.0, 11.6, 320.0, 85.0, 1996-08-17 00:00:00, 10.6
14.0, 13.0, 90.0, 85.0, 1996-08-18 00:00:00, 0.5
0.0, 12.5, 0.0, 82.0, 1996-08-19 00:00:00, 4.0
1.0, 12.3, 50.0, 84.0, 1996-08-20 00:00:00, 0.0
17.0, 11.6, 90.0, 85.0, 1996-08-21 00:00:00, 2.5
2.0, 14.2, 0.0, 87.0, 1996-08-22 00:00:00, 6.3
5.0, 15.4, 50.0, 72.0, 1996-08-23 00:00:00, 2.5
