station_observations
wind_speed, temperature, wind_direction, relative_humidity, time, precipitation
18.0, 13.1, 90.0, 59.0, 1994-06-01 00:00:00, 1.0
10.0, 14.8, 90.0, 62.0, 1994-06-02 00:00:00, 0.2
9.0, 14.2, 90.0, 70.0, 1994-06-03 00:00:00, 1.0
1.0, 12.1, 90.0, 91.0, 1994-06-04 00:00:00, 1.2
6.0, 16.0, 0.0, 71.0, 1994-06-05 00:00:00, 2.2
2.0, 10.5, 90.0, 98.0, 1994-06-06 00:00:00, 3.0
9.0, 14.1, 140.0, 69.0, 1994-06-07 00:00:00, 0.2
11.0, 14.9, 320.0, 57.0, 1994-06-08 00:00:00, 0.0
6.0, 16.0, 0.0, 59.0, 1994-06-09 00:00:00, 0.0
12.0, 16.8, 320.0, 49.0, 1994-06-10 00:00:00, 0.0
7.0, 13.7, 90.0, 89.0, 1994-06-11 00:00:00, 1.7
5.0, 13.0, 90.0, 81.0, 1994-06-12 00:00:00, 4.3
2.0, 13.2, 90.0, 92.0, 1994-06-13 00:00:00, 2.0
7.0, 16.9, 0.0, 49.0, 1994-06-14 00:00:00, 1.0
11.0, 18.7, 0.0, 52.0, 1994-06-15 00:00:00, 0.0
9.0, 14.9, 230.0, 63.0, 1994-06-16 00:00:00, 0.0
9.0, 15.3, 50.0, 68.0, 1994-06-17 00:00:00, 0.0
7.0, 15.5, 180.0, 60.0, 1994-06-18 00:00:00, 0.0
8.0, 14.7, 180.0, 65.0, 1994-06-19 00:00:00, 0.0
10.0, 14.1, 180.0, 60.0, 1994-06-20 00:00:00, 0.0
10.0, 19.3, 50.0, 54.0, 1994-06-21 00:00:00, 0.0
11.0, 22.8, 50.0, 49.0, 1994-06-22 00:00:00, 0.0
7.0, 21.6, 180.0, 57.0, 1994-06-23 00:00:00, 0.0
12.0, 17.7, 180.0, 68.0, 1994-06-24 00:00:00, 0.0
10.0, 20.0, 180.0, 55.0, 1994-06-25 00:00:00, 0.0
19.0, 16.9, 140.0, 48.0, 1994-06-26 00:00:00, 0.0
5.0, 14.3, 90.0, 58.0, 1994-06-27 00:00:00, 0.0
1.0, 11.7, 90.0, 97.0, 1994-06-28 00:00:00, 1.7
5.0, 13.7, 50.0, 83.0, 1994-06-29 00:00:00, 5.8
5.0, 13.0, 90.0, 84.0, 1994-06-30 00:00:00, 3.3
9.0, 15.1, 90.0, 85.0, 1994-07-01 00:00:00, 4.0
15.0, 13.6, 230.0, 82.0, 1994-07-02 00:00:00, 5.8
5.0, 14.6, 140.0, 73.0, 1994-07-03 00:00:00, 0.0
10.0, 16.2, 180.0, 63.0, 1994-07-04 00:00:00, 0.0
12.0, 18.2, 180.0, 61.0, 1994-07-05 00:00:00, 0.0
2.0, 14.1, 90.0, 93.0, 1994-07-06 00:00:00, 1.0
6.0, 13.3, 230.0, 75.0, 1994-07-07 00:00:00, 1.0
10.0, 14.4, 230.0, 72.0, 1994-07-08 00:00:00, 0.2
14.0, 14.6, 230.0, 63.0, 1994-07-09 00:00:00, 0.0
8.0, 20.2, 180.0, 56.0, 1994-07-10 00:00:00, 0.0
8.0, 24.0, 90.0, 53.0, 1994-07-11 00:00:00, 0.0
3.0, 21.4, 90.0, 72.0, 1994-07-12 00:00:00, 11.1
2.0, 13.2, 180.0, 92.0, 1994-07-13 00:00:00, 2.0
10.0, 23.1, 90.0, 59.0, 1994-07-14 00:00:00, 0.0
5.0, 17.3, 230.0, 65.0, 1994-07-15 00:00:00, 0.0
0.0, 14.9, 0.0, 92.0, 1994-07-16 00:00:00, 2.2
9.0, 17.6, 180.0, 72.0, 1994-07-17 00:00:00, 0.0
7.0, 19.2, 0.0, 74.0, 1994-07-18 00:00:00, 0.0
19.0, 20.7, 140.0, 62.0, 1994-07-19 00:00:00, 0.0
9.0, 23.6, 180.0, 44.0, 1994-07-20 00:00:00, 0.0
8.0, 25.7, 90.0, 33.0, 1994-07-21 00:00:00, 0.0
7.0, 27.1, 50.0, 30.0, 1994-07-22 00:00:00, 0.0
9.0, 27.8, 90.0, 32.0, 1994-07-23 00:00:00, 0.0
2.0, 19.5, 180.0, 22.0, 1994-07-24 00:00:00, 0.0
10.0, 20.0, 180.0, 55.0, 1994-07-25 00:00:00, 0.0
8.0, 27.5, 90.0, 36.0, 1994-07-26 00:00:00, 0.0
2.0, 19.4, 140.0, 96.0, 1994-07-27 00:00:00, 1.5
2.0, 12.6, 0.0, 92.0, 1994-07-28 00:00:00, 0.7
13.0, 18.7, 50.0, 53.0, 1994-07-29 00:00:00, 0.2
7.0, 19.4, 0.0, 58.0, 1994-07-30 00:00:00, 0.0
9.0, 20.1, 50.0, 60.0, 1994-07-31 00:00:00, 1.0
5.0, 25.2, 50.0, 61.0, 1994-08-01 00:00:00, 2.0
3.0, 24.3, 50.0, 57.0, 1994-08-02 00:00:00, 0.0
2.0, 20.0, 50.0, 84.0, 1994-08-03 00:00:00, 0.5
5.0, 17.9, 50.0, 90.0, 1994-08-04 00:00:00, 54.8
7.0, 15.2, 50.0, 95.0, 1994-08-05 00:00:00, 5.8
5.0, 16.1, 230.0, 91.0, 1994-08-06 00:00:00, 0.7
6.0, 23.6, 50.0, 72.0, 1994-08-07 00:00:00, 0.0
9.0, 26.6, 50.0, 54.0, 1994-08-08 00:00:00, 0.0
6.0, 23.5, 90.0, 56.0, 1994-08-09 00:00:00, 0.0
5.0, 23.9, 90.0, 60.0, 1994-08-10 00:00:00, 0.0
4.0, 25.3, 90.0, 55.0, 1994-08-11 00:00:00, 0.0
6.0, 23.9, 0.0, 66.0, 1994-08-12 00:00:00, 0.0
4.0, 15.5, 90.0, 97.0, 1994-08-13 00:00:00, 4.0
6.0, 18.3, 50.0, 76.0, 1994-08-14 00:00:00, 0.0
8.0, 21.2, 90.0, 66.0, 1994-08-15 00:00:00, 0.2
5.0, 22.2, 50.0, 62.0, 1994-08-16 00:00:00, 0.0
2.0, 19.9, 50.0, 71.0, 1994-08-17 00:00:00, 0.0
7.0, 22.2, 50.0, 72.0, 1994-08-18 00:00:00, 0.0
7.0, 17.1, 90.0, 94.0, 1994-08-19 00:00:00, 7.6
3.0, 16.4, 90.0, 86.0, 1994-08-20 00:00:00, 1.7
2.0, 11.3, 140.0, 97.0, 1994-08-21 00:00:00, 10.7
1.0, 12.9, 50.0, 96.0, 1994-08-22 00:00:00, 1.7
6.0, 13.9, 50.0, 88.0, 1994-08-23 00:00:00, 0.0
7.0, 16.3, 50.0, 74.0, 1994-08-24 00:00:00, 0.0
8.0, 18.8, 50.0, 60.0, 1994-08-25 00:00:00, 0.0
8.0, 20.5, 50.0, 61.0, 1994-08-26 00:00:00, 0.0
8.0, 21.3, 90.0, 57.0, 1994-08-27 00:00:00, 0.0
6.0, 16.8, 50.0, 79.0, 1994-08-28 00:00:00, 0.0
9.0, 20.1, 90.0, 62.0, 1994-08-29 00:00:00, 0.0
8.0, 14.0, 50.0, 88.0, 1994-08-30 00:00:00, 5.3
11.0, 15.9, 0.0, 60.0, 1994-08-31 00:00:00, 0.0
