station_observations
wind_speed, temperature, wind_direction, relative_humidity, time, precipitation
8.0, 12.1, 0.0, 87.0, 1986-06-10 00:00:00, 0.3
6.0, 15.2, 180.0, 69.0, 1986-06-11 00:00:00, 0.5
7.0, 20.5, 180.0, 36.0, 1986-06-12 00:00:00, 0.0
8.0, 25.2, 180.0, 28.0, 1986-06-13 00:00:00, 0.0
13.0, 10.2, 180.0, 94.0, 1986-06-14 00:00:00, 0.8
15.0, 16.8, 140.0, 83.0, 1986-06-15 00:00:00, 10.4
7.0, 8.2, 140.0, 84.0, 1986-06-16 00:00:00, 6.6
1.0, 8.8, 90.0, 88.0, 1986-06-17 00:00:00, 5.3
9.0, 8.4, 320.0, 92.0, 1986-06-18 00:00:00, 6.9
13.0, 6.0, 90.0, 94.0, 1986-06-19 00:00:00, 4.6
5.0, 10.4, 230.0, 88.0, 1986-06-20 00:00:00, 9.9
4.0, 8.9, 230.0, 95.0, 1986-06-21 00:00:00, 0.0
1.0, 10.9, 140.0, 96.0, 1986-06-22 00:00:00, 10.7
3.0, 15.1, 180.0, 93.0, 1986-06-23 00:00:00, 3.3
8.0, 14.2, 270.0, 90.0, 1986-06-24 00:00:00, 1.0
9.0, 15.2, 270.0, 74.0, 1986-06-25 00:00:00, 0.0
6.0, 20.2, 230.0, 46.0, 1986-06-26 00:00:00, 0.0
8.0, 20.8, 140.0, 43.0, 1986-06-27 00:00:00, 0.0
6.0, 23.1, 180.0, 41.0, 1986-06-28 00:00:00, 0.0
8.0, 14.9, 180.0, 71.0, 1986-06-29 00:00:00, 0.0
7.0, 12.5, 140.0, 82.0, 1986-06-30 00:00:00, 0.0
19.0, 9.8, 140.0, 97.0, 1986-07-01 00:00:00, 16.5
15.0, 9.6, 140.0, 95.0, 1986-07-02 00:00:00, 3.0
6.0, 9.2, 180.0, 88.0, 1986-07-03 00:00:00, 4.3
11.0, 13.6, 230.0, 81.0, 1986-07-04 00:00:00, 1.3
9.0, 14.2, 140.0, 79.0, 1986-07-05 00:00:00, 0.0
7.0, 18.3, 230.0, 68.0, 1986-07-06 00:00:00, 0.0
7.0, 21.2, 180.0, 59.0, 1986-07-07 00:00:00, 0.0
2.0, 14.6, 270.0, 80.0, 1986-07-08 00:00:00, 0.0
6.0, 14.4, 180.0, 86.0, 1986-07-09 00:00:00, 0.3
19.0, 10.0, 140.0, 96.0, 1986-07-10 00:00:00, 5.8
2.0, 9.1, 140.0, 98.0, 1986-07-11 00:00:00, 18.5
7.0, 10.5, 0.0, 95.0, 1986-07-12 00:00:00, 2.3
4.0, 13.9, 180.0, 86.0, 1986-07-13 00:00:00, 0.0
3.0, 10.3, 270.0, 95.0, 1986-07-14 00:00:00, 0.0
4.0, 11.8, 270.0, 84.0, 1986-07-15 00:00:00, 0.0
6.0, 14.2, 180.0, 82.0, 1986-07-16 00:00:00, 0.0
8.0, 9.1, 140.0, 99.0, 1986-07-17 00:00:00, 6.3
5.0, 15.0, 180.0, 87.0, 1986-07-18 00:00:00, 0.3
6.0, 19.5, 180.0, 69.0, 1986-07-19 00:00:00, 0.0
6.0, 20.6, 270.0, 60.0, 1986-07-20 00:00:00, 0.0
5.0, 19.5, 320.0, 70.0, 1986-07-21 00:00:00, 0.0
12.0, 17.2, 230.0, 74.0, 1986-07-22 00:00:00, 0.0
7.0, 16.2, 230.0, 76.0, 1986-07-23 00:00:00, 0.0
7.0, 15.7, 270.0, 77.0, 1986-07-24 00:00:00, 0.0
6.0, 16.7, 270.0, 77.0, 1986-07-25 00:00:00, 0.0
4.0, 14.7, 180.0, 78.0, 1986-07-26 00:00:00, 0.0
12.0, 12.5, 140.0, 84.0, 1986-07-27 00:00:00, 0.0
6.0, 13.6, 180.0, 59.0, 1986-07-28 00:00:00, 0.0
8.0, 16.6, 180.0, 62.0, 1986-07-29 00:00:00, 0.0
7.0, 15.2, 140.0, 62.0, 1986-07-30 00:00:00, 0.0
6.0, 20.6, 180.0, 56.0, 1986-07-31 00:00:00, 0.0
5.0, 23.1, 230.0, 56.0, 1986-08-01 00:00:00, 0.0
6.0, 23.7, 230.0, 56.0, 1986-08-02 00:00:00, 0.0
7.0, 19.4, 270.0, 71.0, 1986-08-03 00:00:00, 0.0
6.0, 18.7, 320.0, 71.0, 1986-08-04 00:00:00, 0.0
7.0, 20.0, 270.0, 69.0, 1986-08-05 00:00:00, 0.0
1.0, 24.1, 230.0, 55.0, 1986-08-06 00:00:00, 0.0
1.0, 25.3, 230.0, 45.0, 1986-08-07 00:00:00, 0.0
5.0, 23.5, 270.0, 54.0, 1986-08-08 00:00:00, 0.0
0.0, 28.0, 0.0, 38.0, 1986-08-09 00:00:00, 0.0
6.0, 20.8, 180.0, 65.0, 1986-08-10 00:00:00, 0.0
3.0, 14.7, 270.0, 92.0, 1986-08-11 00:00:00, 0.0
5.0, 18.3, 180.0, 79.0, 1986-08-12 00:00:00, 0.0
5.0, 20.1, 230.0, 75.0, 1986-08-13 00:00:00, 0.0
8.0, 18.3, 270.0, 69.0, 1986-08-14 00:00:00, 0.0
11.0, 16.5, 270.0, 62.0, 1986-08-15 00:00:00, 0.0
9.0, 19.3, 230.0, 60.0, 1986-08-16 00:00:00, 0.0
6.0, 19.7, 230.0, 48.0, 1986-08-17 00:00:00, 0.0
9.0, 21.2, 140.0, 47.0, 1986-08-18 00:00:00, 0.0
6.0, 20.7, 230.0, 60.0, 1986-08-19 00:00:00, 0.0
5.0, 23.2, 270.0, 37.0, 1986-08-20 00:00:00, 0.0
7.0, 23.5, 230.0, 38.0, 1986-08-21 00:00:00, 0.0
7.0, 22.7, 180.0, 44.0, 1986-08-22 00:00:00, 0.0
8.0, 16.1, 90.0, 55.0, 1986-08-23 00:00:00, 0.0
4.0, 16.5, 230.0, 85.0, 1986-08-24 00:00:00, 1.3
6.0, 21.9, 230.0, 57.0, 1986-08-25 00:00:00, 0.0
6.0, 26.0, 180.0, 36.0, 1986-08-26 00:00:00, 0.0
7.0, 29.2, 180.0, 29.0, 1986-08-27 00:00:00, 0.0
4.0, 26.1, 180.0, 38.0, 1986-08-28 00:00:00, 0.0
4.0, 15.6, 180.0, 93.0, 1986-08-29 00:00:00, 1.3
7.0, 18.5, 230.0, 81.0, 1986-08-30 00:00:00, 0.0
7.0, 19.5, 230.0, 66.0, 1986-08-31 00:00:00, 0.0
3.0, 15.3, 180.0, 92.0, 1986-09-01 00:00:00, 2.3
9.0, 16.6, 320.0, 91.0, 1986-09-02 00:00:00, 5.6
5.0, 18.7, 230.0, 76.0, 1986-09-03 00:00:00, 0.0
6.0, 19.0, 230.0, 73.0, 1986-09-04 00:00:00, 0.0
8.0, 23.1, 180.0, 37.0, 1986-09-05 00:00:00, 0.0
10.0, 20.0, 140.0, 35.0, 1986-09-06 00:00:00, 0.0
4.0, 13.7, 320.0, 79.0, 1986-09-07 00:00:00, 0.0
6.0, 15.1, 140.0, 77.0, 1986-09-08 00:00:00, 2.3
6.0, 13.8, 270.0, 86.0, 1986-09-09 00:00:00, 0.0
18.0, 10.0, 320.0, 73.0, 1986-09-10 00:00:00, 5.1
8.0, 12.7, 180.0, 71.0, 1986-09-11 00:00:00, 0.0
7.0, 16.6, 180.0, 37.0, 1986-09-12 00:00:00, 0.0
3.0, 13.4, 230.0, 48.0, 1986-09-13 00:00:00, 0.0
6.0, 7.1, 140.0, 96.0, 1986-09-14 00:00:00, 0.0
7.0, 14.9, 180.0, 55.0, 1986-09-15 00:00:00, 0.0
10.0, 14.3, 180.0, 69.0, 1986-09-16 00:00:00, 0.3
5.0, 14.7, 180.0, 62.0, 1986-09-17 00:00:00, 0.0
8.0, 19.1, 180.0, 39.0, 1986-09-18 00:00:00, 0.0
6.0, 17.2, 270.0, 42.0, 1986-09-19 00:00:00, 0.0
6.0, 17.2, 180.0, 42.0, 1986-09-20 00:00:00, 0.0
8.0, 13.5, 180.0, 45.0, 1986-09-21 00:00:00, 0.0
10.0, 9.0, 140.0, 92.0, 1986-09-22 00:00:00, 0.0
23.0, 8.1, 320.0, 96.0, 1986-09-23 00:00:00, 82.3
8.0, 7.6, 140.0, 94.0, 1986-09-24 00:00:00, 13.7
6.0, 11.6, 180.0, 77.0, 1986-09-25 00:00:00, 0.5
3.0, 8.8, 180.0, 82.0, 1986-09-26 00:00:00, 0.0
5.0, 8.1, 270.0, 93.0, 1986-09-27 00:00:00, 0.0
10.0, 6.9, 140.0, 96.0, 1986-09-28 00:00:00, 3.0
7.0, 7.3, 270.0, 94.0, 1986-09-29 00:00:00, 21.1
6.0, 10.0, 180.0, 92.0, 1986-09-30 00:00:00, 0.0
8.0, 9.4, 270.0, 89.0, 1986-10-01 00:00:00, 0.0
6.0, 7.6, 90.0, 86.0, 1986-10-02 00:00:00, 0.8
5.0, 7.5, 320.0, 98.0, 1986-10-03 00:00:00, 1.3
8.0, 8.7, 140.0, 72.0, 1987-04-04 00:00:00, 0.0
3.0, 3.9, 180.0, 98.0, 1987-04-05 00:00:00, 2.3
14.0, 4.2, 140.0, 95.0, 1987-04-06 00:00:00, 17.5
11.0, 14.5, 90.0, 91.0, 1987-04-07 00:00:00, 0.0
3.0, 2.6, 140.0, 96.0, 1987-04-08 00:00:00, 3.8
16.0, 1.5, 140.0, 99.0, 1987-04-09 00:00:00, 26.9
8.0, 7.1, 180.0, 80.0, 1987-04-10 00:00:00, 36.8
6.0, 2.2, 90.0, 99.0, 1987-04-11 00:00:00, 2.0
9.0, 2.3, 40.0, 87.0, 1987-04-12 00:00:00, 17.0
15.0, 2.0, 90.0, 99.0, 1987-04-13 00:00:00, 18.0
8.0, 4.4, 140.0, 97.0, 1987-04-14 00:00:00, 66.0
8.0, 4.4, 140.0, 78.0, 1987-04-15 00:00:00, 22.0
7.0, 3.3, 180.0, 85.0, 1987-04-16 00:00:00, 43.0
7.0, 3.5, 180.0, 78.0, 1987-04-17 00:00:00, 1.8
15.0, 3.4, 270.0, 59.0, 1987-04-18 00:00:00, 0.3
9.0, 4.1, 140.0, 63.0, 1987-04-19 00:00:00, 0.0
5.0, 1.9, 140.0, 99.0, 1987-04-20 00:00:00, 2.3
13.0, 5.4, 270.0, 90.0, 1987-04-21 00:00:00, 0.0
9.0, 10.3, 230.0, 52.0, 1987-04-22 00:00:00, 0.0
12.0, 11.9, 140.0, 41.0, 1987-04-23 00:00:00, 0.0
9.0, 10.0, 180.0, 51.0, 1987-04-24 00:00:00, 1.3
6.0, 8.2, 180.0, 53.0, 1987-04-25 00:00:00, 0.0
5.0, 15.7, 180.0, 36.0, 1987-04-26 00:00:00, 0.0
9.0, 21.5, 140.0, 28.0, 1987-04-27 00:00:00, 0.0
16.0, 17.0, 140.0, 40.0, 1987-04-28 00:00:00, 0.0
6.0, 12.9, 180.0, 96.0, 1987-04-29 00:00:00, 10.2
5.0, 8.7, 140.0, 99.0, 1987-04-30 00:00:00, 17.3
9.0, 3.9, 140.0, 98.0, 1987-05-01 00:00:00, 36.0
6.0, 2.6, 90.0, 99.0, 1987-05-02 00:00:00, 7.9
17.0, 4.6, 140.0, 99.0, 1987-05-03 00:00:00, 10.9
4.0, 8.4, 140.0, 96.0, 1987-05-04 00:00:00, 58.9
8.0, 14.6, 140.0, 59.0, 1987-05-05 00:00:00, 0.0
0.0, 19.1, 0.0, 40.0, 1987-05-06 00:00:00, 0.0
3.0, 19.9, 320.0, 34.0, 1987-05-07 00:00:00, 0.0
3.0, 20.8, 270.0, 38.0, 1987-05-08 00:00:00, 0.0
8.0, 17.5, 230.0, 45.0, 1987-05-09 00:00:00, 0.0
11.0, 17.2, 140.0, 40.0, 1987-05-10 00:00:00, 0.0
20.0, 8.2, 90.0, 98.0, 1987-05-11 00:00:00, 6.6
8.0, 7.6, 140.0, 83.0, 1987-05-12 00:00:00, 29.5
15.0, 6.4, 140.0, 91.0, 1987-05-13 00:00:00, 9.4
2.0, 7.6, 230.0, 78.0, 1987-05-14 00:00:00, 38.4
7.0, 7.7, 230.0, 69.0, 1987-05-15 00:00:00, 2.8
7.0, 12.3, 230.0, 62.0, 1987-05-16 00:00:00, 0.0
12.0, 7.5, 270.0, 80.0, 1987-05-17 00:00:00, 0.0
7.0, 7.9, 230.0, 62.0, 1987-05-18 00:00:00, 0.5
7.0, 13.6, 180.0, 45.0, 1987-05-19 00:00:00, 0.0
4.0, 17.2, 140.0, 41.0, 1987-05-20 00:00:00, 0.0
8.0, 15.5, 180.0, 48.0, 1987-05-21 00:00:00, 0.0
6.0, 11.0, 230.0, 84.0, 1987-05-22 00:00:00, 2.8
5.0, 12.8, 140.0, 71.0, 1987-05-23 00:00:00, 0.0
1.0, 16.5, 180.0, 58.0, 1987-05-24 00:00:00, 0.0
0.0, 17.9, 0.0, 48.0, 1987-05-25 00:00:00, 0.0
7.0, 14.9, 230.0, 72.0, 1987-05-26 00:00:00, 0.0
7.0, 11.6, 140.0, 84.0, 1987-05-27 00:00:00, 0.0
11.0, 10.9, 140.0, 88.0, 1987-05-28 00:00:00, 33.8
36.0, 5.0, 140.0, 99.0, 1987-05-29 00:00:00, 3.1
38.0, 7.0, 140.0, 98.0, 1987-05-30 00:00:00, 3.3
28.0, 5.3, 230.0, 99.0, 1987-05-31 00:00:00, 1.1
7.0, 5.8, 90.0, 97.0, 1987-06-01 00:00:00, 20.1
0.0, 12.9, 0.0, 72.0, 1987-06-02 00:00:00, 7.1
0.0, 18.7, 0.0, 60.0, 1987-06-03 00:00:00, 0.0
0.0, 19.6, 0.0, 46.0, 1987-06-04 00:00:00, 0.0
10.0, 9.1, 90.0, 93.0, 1987-06-05 00:00:00, 5.1
7.0, 12.9, 180.0, 87.0, 1987-06-06 00:00:00, 10.7
0.0, 19.9, 0.0, 52.0, 1987-06-07 00:00:00, 0.0
0.0, 19.4, 0.0, 58.0, 1987-06-08 00:00:00, 0.0
3.0, 8.9, 180.0, 95.0, 1987-06-09 00:00:00, 1.0
16.0, 5.4, 140.0, 99.0, 1987-06-10 00:00:00, 27.9
13.0, 9.1, 90.0, 95.0, 1987-06-11 00:00:00, 11.2
30.0, 8.5, 140.0, 99.0, 1987-06-12 00:00:00, 43.4
3.0, 14.7, 180.0, 87.0, 1987-06-13 00:00:00, 69.1
0.0, 15.0, 0.0, 77.0, 1987-06-14 00:00:00, 0.0
5.0, 12.9, 140.0, 66.0, 1987-06-15 00:00:00, 0.0
3.0, 14.1, 180.0, 66.0, 1987-06-16 00:00:00, 0.0
8.0, 15.7, 180.0, 61.0, 1987-06-17 00:00:00, 0.0
1.0, 18.9, 180.0, 52.0, 1987-06-18 00:00:00, 0.0
0.0, 19.6, 0.0, 57.0, 1987-06-19 00:00:00, 0.0
11.0, 10.1, 90.0, 93.0, 1987-06-20 00:00:00, 4.8
12.0, 7.1, 90.0, 94.0, 1987-06-21 00:00:00, 25.4
8.0, 9.1, 230.0, 95.0, 1987-06-22 00:00:00, 29.5
6.0, 15.3, 180.0, 71.0, 1987-06-23 00:00:00, 1.0
0.0, 17.9, 0.0, 48.0, 1987-06-24 00:00:00, 0.0
0.0, 22.2, 0.0, 55.0, 1987-06-25 00:00:00, 0.0
8.0, 21.9, 270.0, 50.0, 1987-06-26 00:00:00, 0.0
0.0, 21.4, 0.0, 59.0, 1987-06-27 00:00:00, 0.0
0.0, 25.6, 0.0, 45.0, 1987-06-28 00:00:00, 0.0
0.0, 29.0, 0.0, 34.0, 1987-06-29 00:00:00, 0.0
0.0, 27.3, 0.0, 31.0, 1987-06-30 00:00:00, 0.0
1.0, 23.7, 140.0, 56.0, 1987-07-01 00:00:00, 0.0
3.0, 15.2, 180.0, 92.0, 1987-07-02 00:00:00, 0.0
8.0, 18.6, 140.0, 71.0, 1987-07-03 00:00:00, 0.0
5.0, 11.5, 40.0, 96.0, 1987-07-04 00:00:00, 4.6
1.0, 9.4, 180.0, 96.0, 1987-07-05 00:00:00, 8.1
10.0, 8.5, 40.0, 97.0, 1987-07-06 00:00:00, 3.8
8.0, 9.3, 90.0, 95.0, 1987-07-07 00:00:00, 19.3
4.0, 10.2, 230.0, 91.0, 1987-07-08 00:00:00, 27.2
10.0, 14.0, 140.0, 79.0, 1987-07-09 00:00:00, 0.0
1.0, 19.3, 230.0, 68.0, 1987-07-10 00:00:00, 0.0
4.0, 20.7, 140.0, 60.0, 1987-07-11 00:00:00, 0.0
5.0, 22.1, 140.0, 52.0, 1987-07-12 00:00:00, 0.0
5.0, 22.5, 230.0, 55.0, 1987-07-13 00:00:00, 0.0
10.0, 17.9, 270.0, 64.0, 1987-07-14 00:00:00, 0.0
8.0, 15.7, 180.0, 61.0, 1987-07-15 00:00:00, 0.0
5.0, 17.6, 230.0, 56.0, 1987-07-16 00:00:00, 0.0
2.0, 22.2, 230.0, 30.0, 1987-07-17 00:00:00, 0.0
10.0, 21.7, 140.0, 32.0, 1987-07-18 00:00:00, 0.0
8.0, 19.7, 140.0, 58.0, 1987-07-19 00:00:00, 0.0
6.0, 18.8, 140.0, 70.0, 1987-07-20 00:00:00, 0.0
7.0, 22.4, 230.0, 56.0, 1987-07-21 00:00:00, 0.0
7.0, 21.4, 140.0, 59.0, 1987-07-22 00:00:00, 0.0
6.0, 19.4, 140.0, 75.0, 1987-07-23 00:00:00, 1.3
5.0, 23.5, 180.0, 56.0, 1987-07-24 00:00:00, 0.0
8.0, 13.6, 90.0, 96.0, 1987-07-25 00:00:00, 23.9
1.0, 17.3, 140.0, 81.0, 1987-07-26 00:00:00, 3.0
10.0, 10.6, 90.0, 94.0, 1987-07-27 00:00:00, 3.3
4.0, 15.7, 140.0, 72.0, 1987-07-28 00:00:00, 0.0
13.0, 18.2, 140.0, 67.0, 1987-07-29 00:00:00, 1.3
4.0, 14.5, 140.0, 79.0, 1987-07-30 00:00:00, 1.5
3.0, 10.3, 230.0, 95.0, 1987-07-31 00:00:00, 1.5
7.0, 14.3, 140.0, 75.0, 1987-08-01 00:00:00, 0.3
0.0, 17.5, 0.0, 70.0, 1987-08-02 00:00:00, 0.0
0.0, 20.2, 0.0, 69.0, 1987-08-03 00:00:00, 0.0
16.0, 17.2, 270.0, 65.0, 1987-08-04 00:00:00, 0.0
1.0, 18.1, 140.0, 75.0, 1987-08-05 00:00:00, 0.0
8.0, 18.3, 230.0, 76.0, 1987-08-06 00:00:00, 0.0
5.0, 19.5, 270.0, 70.0, 1987-08-07 00:00:00, 0.0
0.0, 20.2, 0.0, 70.0, 1987-08-08 00:00:00, 0.0
8.0, 15.2, 320.0, 81.0, 1987-08-09 00:00:00, 0.0
7.0, 18.4, 140.0, 71.0, 1987-08-10 00:00:00, 0.0
6.0, 20.0, 140.0, 69.0, 1987-08-11 00:00:00, 0.0
2.0, 16.1, 230.0, 76.0, 1987-08-12 00:00:00, 0.0
1.0, 11.0, 90.0, 97.0, 1987-08-13 00:00:00, 15.0
4.0, 16.6, 230.0, 87.0, 1987-08-14 00:00:00, 1.3
16.0, 12.6, 270.0, 79.0, 1987-08-15 00:00:00, 0.0
7.0, 14.0, 180.0, 74.0, 1987-08-16 00:00:00, 0.0
8.0, 16.0, 180.0, 72.0, 1987-08-17 00:00:00, 0.0
7.0, 17.3, 180.0, 58.0, 1987-08-18 00:00:00, 0.0
1.0, 11.5, 270.0, 94.0, 1987-08-19 00:00:00, 2.8
10.0, 14.6, 180.0, 75.0, 1987-08-20 00:00:00, 2.5
6.0, 17.0, 140.0, 52.0, 1987-08-21 00:00:00, 0.0
4.0, 20.9, 230.0, 45.0, 1987-08-22 00:00:00, 0.0
4.0, 25.8, 230.0, 29.0, 1987-08-23 00:00:00, 0.0
12.0, 26.6, 180.0, 23.0, 1987-08-24 00:00:00, 0.0
8.0, 23.1, 140.0, 25.0, 1987-08-25 00:00:00, 0.0
5.0, 21.1, 230.0, 50.0, 1987-08-26 00:00:00, 0.0
5.0, 20.5, 180.0, 63.0, 1987-08-27 00:00:00, 0.0
9.0, 18.6, 180.0, 60.0, 1987-08-28 00:00:00, 0.0
2.0, 18.8, 180.0, 60.0, 1987-08-29 00:00:00, 0.3
4.0, 23.6, 140.0, 45.0, 1987-08-30 00:00:00, 0.0
5.0, 27.1, 180.0, 34.0, 1987-08-31 00:00:00, 0.0
6.0, 21.6, 140.0, 33.0, 1987-09-01 00:00:00, 0.0
20.0, 10.9, 320.0, 88.0, 1987-09-02 00:00:00, 0.0
7.0, 15.6, 230.0, 80.0, 1987-09-03 00:00:00, 0.0
6.0, 15.9, 270.0, 81.0, 1987-09-04 00:00:00, 0.0
0.0, 21.0, 0.0, 66.0, 1987-09-05 00:00:00, 0.0
0.0, 24.7, 0.0, 31.0, 1987-09-06 00:00:00, 0.0
1.0, 23.4, 180.0, 23.0, 1987-09-07 00:00:00, 0.0
0.0, 22.7, 0.0, 41.0, 1987-09-08 00:00:00, 0.0
0.0, 21.3, 0.0, 49.0, 1987-09-09 00:00:00, 0.0
0.0, 24.0, 0.0, 39.0, 1987-09-10 00:00:00, 0.0
4.0, 18.6, 230.0, 68.0, 1987-09-11 00:00:00, 0.0
2.0, 10.0, 140.0, 98.0, 1987-09-12 00:00:00, 0.0
5.0, 11.2, 90.0, 91.0, 1987-09-13 00:00:00, 0.0
22.0, 9.6, 140.0, 92.0, 1987-09-14 00:00:00, 0.0
4.0, 6.5, 90.0, 92.0, 1987-09-15 00:00:00, 0.0
7.0, 11.7, 180.0, 87.0, 1987-09-16 00:00:00, 0.0
7.0, 12.7, 140.0, 70.0, 1987-09-17 00:00:00, 0.0
6.0, 14.0, 140.0, 82.0, 1987-09-18 00:00:00, 0.0
19.0, 10.4, 140.0, 95.0, 1987-09-19 00:00:00, 0.0
11.0, 14.0, 140.0, 90.0, 1987-09-20 00:00:00, 0.0
2.0, 21.5, 140.0, 59.0, 1987-09-21 00:00:00, 0.0
0.0, 22.3, 0.0, 49.0, 1987-09-22 00:00:00, 0.0
0.0, 22.9, 0.0, 40.0, 1987-09-23 00:00:00, 0.0
6.0, 19.2, 180.0, 50.0, 1987-09-24 00:00:00, 0.0
7.0, 9.7, 90.0, 93.0, 1987-09-25 00:00:00, 0.0
4.0, 10.9, 180.0, 82.0, 1987-09-26 00:00:00, 0.0
2.0, 10.7, 270.0, 80.0, 1987-09-27 00:00:00, 0.0
4.0, 16.2, 230.0, 65.0, 1987-09-28 00:00:00, 0.0
4.0, 20.5, 230.0, 58.0, 1987-09-29 00:00:00, 0.0
5.0, 22.2, 180.0, 39.0, 1987-09-30 00:00:00, 0.0
5.0, 25.5, 180.0, 22.0, 1987-10-01 00:00:00, 0.0
10.0, 14.4, 90.0, 76.0, 1987-10-02 00:00:00, 0.0
4.0, 12.8, 140.0, 77.0, 1987-10-03 00:00:00, 0.0
7.0, 10.2, 140.0, 57.0, 1987-10-04 00:00:00, 0.0
1.0, 12.1, 230.0, 82.0, 1987-10-05 00:00:00, 0.0
2.0, 17.8, 180.0, 50.0, 1987-10-06 00:00:00, 0.0
0.0, 17.0, 0.0, 47.0, 1987-10-07 00:00:00, 0.0
7.0, 16.7, 140.0, 40.0, 1987-10-08 00:00:00, 0.0
0.0, 16.2, 0.0, 36.0, 1987-10-09 00:00:00, 0.0
6.0, 18.8, 140.0, 23.0, 1987-10-10 00:00:00, 0.0
6.0, 20.1, 180.0, 25.0, 1987-10-11 00:00:00, 0.0
4.0, 11.0, 320.0, 64.0, 1987-10-12 00:00:00, 0.0
4.0, 10.9, 180.0, 64.0, 1987-10-13 00:00:00, 0.0
5.0, 8.6, 230.0, 77.0, 1987-10-14 00:00:00, 0.0
6.0, 7.7, 140.0, 82.0, 1987-10-15 00:00:00, 0.0
2.0, 7.8, 270.0, 83.0, 1987-10-16 00:00:00, 0.0
6.0, 8.0, 180.0, 49.0, 1987-10-17 00:00:00, 0.0
5.0, 9.5, 230.0, 69.0, 1987-10-18 00:00:00, 0.0
4.0, 14.6, 180.0, 49.0, 1987-10-19 00:00:00, 0.0
5.0, 16.9, 180.0, 41.0, 1987-10-20 00:00:00, 0.0
7.0, 15.7, 180.0, 42.0, 1987-10-21 00:00:00, 0.0
6.0, 14.9, 180.0, 44.0, 1987-10-22 00:00:00, 0.0
0.0, 13.1, 0.0, 56.0, 1987-10-23 00:00:00, 0.0
3.0, 5.6, 140.0, 93.0, 1987-10-24 00:00:00, 0.0
14.0, 7.6, 270.0, 92.0, 1987-10-25 00:00:00, 0.0
5.0, 8.9, 180.0, 81.0, 1987-10-26 00:00:00, 0.0
0.0, 10.0, 0.0, 46.0, 1987-10-27 00:00:00, 0.0
3.0, 8.6, 0.0, 76.0, 1987-10-28 00:00:00, 0.0
8.0, 9.7, 90.0, 92.0, 1987-10-29 00:00:00, 0.0
4.0, 13.2, 140.0, 73.0, 1988-06-21 00:00:00, 0.0
17.0, 17.0, 180.0, 79.0, 1988-06-22 00:00:00, 11.4
14.0, 13.6, 180.0, 80.0, 1988-06-23 00:00:00, 0.0
10.0, 16.6, 320.0, 59.0, 1988-06-24 00:00:00, 0.0
17.0, 21.3, 180.0, 49.0, 1988-06-25 00:00:00, 0.0
21.0, 15.7, 180.0, 70.0, 1988-06-26 00:00:00, 0.0
14.0, 10.3, 180.0, 96.0, 1988-06-27 00:00:00, 2.5
9.0, 13.8, 180.0, 79.0, 1988-06-28 00:00:00, 1.8
19.0, 11.7, 180.0, 80.0, 1988-06-29 00:00:00, 0.0
13.0, 10.0, 180.0, 82.0, 1988-06-30 00:00:00, 5.3
10.0, 10.1, 180.0, 99.0, 1988-07-01 00:00:00, 5.6
16.0, 12.4, 140.0, 73.0, 1988-07-02 00:00:00, 0.3
13.0, 13.3, 180.0, 77.0, 1988-07-03 00:00:00, 0.0
15.0, 13.3, 180.0, 71.0, 1988-07-04 00:00:00, 0.0
11.0, 13.8, 180.0, 84.0, 1988-07-05 00:00:00, 5.3
21.0, 19.0, 180.0, 63.0, 1988-07-06 00:00:00, 1.5
6.0, 20.8, 180.0, 58.0, 1988-07-07 00:00:00, 0.0
13.0, 25.3, 180.0, 39.0, 1988-07-08 00:00:00, 0.0
19.0, 24.1, 180.0, 46.0, 1988-07-09 00:00:00, 0.0
19.0, 20.3, 180.0, 62.0, 1988-07-10 00:00:00, 0.0
9.0, 12.0, 180.0, 99.0, 1988-07-11 00:00:00, 0.0
1.0, 10.8, 320.0, 99.0, 1988-07-12 00:00:00, 0.0
9.0, 15.9, 230.0, 99.0, 1988-07-13 00:00:00, 0.0
21.0, 12.8, 180.0, 99.0, 1988-07-14 00:00:00, 0.0
9.0, 17.1, 230.0, 99.0, 1988-07-15 00:00:00, 0.0
15.0, 20.1, 180.0, 68.0, 1988-07-16 00:00:00, 0.0
8.0, 21.6, 180.0, 58.0, 1988-07-17 00:00:00, 0.0
17.0, 24.7, 0.0, 36.0, 1988-07-18 00:00:00, 0.0
