station_observations
wind_speed, temperature, wind_direction, relative_humidity, time, precipitation
0.0, 0.0, 0.0, 0.0, 1978-05-30 00:00:00, 0.0
0.0, 27.0, 0.0, 42.0, 1978-05-31 00:00:00, 0.0
7.0, 29.0, 230.0, 35.0, 1978-06-01 00:00:00, 0.0
2.0, 32.0, 140.0, 34.0, 1978-06-02 00:00:00, 0.0
6.0, 31.0, 140.0, 28.0, 1978-06-03 00:00:00, 0.0
10.0, 27.0, 140.0, 42.0, 1978-06-04 00:00:00, 0.0
6.0, 25.0, 140.0, 46.0, 1978-06-05 00:00:00, 0.0
4.0, 24.0, 140.0, 51.0, 1978-06-06 00:00:00, 0.0
4.0, 22.0, 140.0, 48.0, 1978-06-07 00:00:00, 0.0
0.0, 17.0, 0.0, 65.0, 1978-06-08 00:00:00, 0.0
3.0, 16.0, 140.0, 81.0, 1978-06-09 00:00:00, 0.3
0.0, 13.0, 0.0, 99.0, 1978-06-10 00:00:00, 0.4
0.0, 15.0, 0.0, 90.0, 1978-06-11 00:00:00, 0.2
0.0, 16.5, 0.0, 91.0, 1978-06-12 00:00:00, 0.3
0.0, 17.0, 0.0, 81.0, 1978-06-13 00:00:00, 3.0
6.0, 15.0, 140.0, 71.0, 1978-06-14 00:00:00, 1.0
7.0, 17.0, 140.0, 72.0, 1978-06-15 00:00:00, 0.0
6.0, 19.0, 140.0, 59.0, 1978-06-16 00:00:00, 0.0
12.0, 20.0, 140.0, 60.0, 1978-06-17 00:00:00, 0.0
10.0, 19.0, 140.0, 63.0, 1978-06-18 00:00:00, 0.0
4.0, 15.0, 140.0, 76.0, 1978-06-19 00:00:00, 0.0
4.0, 22.0, 140.0, 62.0, 1978-06-20 00:00:00, 0.0
3.0, 16.5, 140.0, 77.0, 1978-06-21 00:00:00, 0.0
5.0, 21.0, 140.0, 50.0, 1978-06-22 00:00:00, 0.0
3.0, 29.0, 140.0, 40.0, 1978-06-23 00:00:00, 0.0
0.0, 25.0, 0.0, 45.0, 1978-06-24 00:00:00, 0.0
8.0, 19.0, 140.0, 66.0, 1978-06-25 00:00:00, 0.0
8.0, 20.0, 140.0, 63.0, 1978-06-26 00:00:00, 0.0
5.0, 22.0, 140.0, 65.0, 1978-06-27 00:00:00, 0.0
7.0, 22.0, 180.0, 61.0, 1978-06-28 00:00:00, 0.0
5.0, 21.0, 140.0, 67.0, 1978-06-29 00:00:00, 0.0
5.0, 21.0, 140.0, 67.0, 1978-06-30 00:00:00, 0.0
4.0, 23.0, 140.0, 55.0, 1978-07-01 00:00:00, 0.0
7.0, 20.0, 140.0, 63.0, 1978-07-02 00:00:00, 0.0
5.0, 20.0, 140.0, 63.0, 1978-07-03 00:00:00, 0.0
7.0, 20.0, 140.0, 63.0, 1978-07-04 00:00:00, 0.0
5.0, 20.0, 140.0, 67.0, 1978-07-05 00:00:00, 0.0
5.0, 22.0, 140.0, 65.0, 1978-07-06 00:00:00, 0.0
6.0, 17.0, 0.0, 81.0, 1978-07-07 00:00:00, 0.0
6.0, 17.0, 140.0, 81.0, 1978-07-08 00:00:00, 0.0
6.0, 19.0, 140.0, 66.0, 1978-07-09 00:00:00, 2.0
6.0, 15.0, 140.0, 99.0, 1978-07-10 00:00:00, 1.0
8.0, 18.0, 140.0, 83.0, 1978-07-11 00:00:00, 0.0
3.0, 24.0, 140.0, 56.0, 1978-07-12 00:00:00, 0.0
0.0, 17.0, 0.0, 90.0, 1978-07-13 00:00:00, 1.5
2.0, 21.0, 140.0, 60.0, 1978-07-14 00:00:00, 0.0
12.0, 22.0, 140.0, 61.0, 1978-07-15 00:00:00, 0.0
7.0, 23.0, 140.0, 49.0, 1978-07-16 00:00:00, 0.0
5.0, 24.0, 140.0, 50.0, 1978-07-17 00:00:00, 0.0
8.0, 25.0, 140.0, 45.0, 1978-07-18 00:00:00, 0.0
10.0, 25.0, 140.0, 51.0, 1978-07-19 00:00:00, 0.0
10.0, 24.0, 140.0, 56.0, 1978-07-20 00:00:00, 0.0
12.0, 23.0, 140.0, 63.0, 1978-07-21 00:00:00, 0.0
8.0, 23.0, 140.0, 55.0, 1978-07-22 00:00:00, 0.0
9.0, 20.0, 140.0, 67.0, 1978-07-23 00:00:00, 0.0
12.0, 23.0, 140.0, 63.0, 1978-07-24 00:00:00, 0.0
9.0, 24.0, 140.0, 56.0, 1978-07-25 00:00:00, 0.0
14.0, 27.0, 140.0, 41.0, 1978-07-26 00:00:00, 0.0
3.0, 17.0, 140.0, 72.0, 1978-07-27 00:00:00, 1.3
7.0, 23.0, 140.0, 63.0, 1978-07-28 00:00:00, 0.0
7.0, 24.0, 140.0, 53.0, 1978-07-29 00:00:00, 0.0
6.0, 23.0, 140.0, 55.0, 1978-07-30 00:00:00, 0.0
6.0, 22.0, 270.0, 68.0, 1978-07-31 00:00:00, 0.0
9.0, 24.0, 140.0, 50.0, 1978-08-01 00:00:00, 0.0
3.0, 23.0, 0.0, 55.0, 1978-08-02 00:00:00, 0.0
6.0, 24.0, 140.0, 50.0, 1978-08-03 00:00:00, 0.0
8.0, 23.0, 140.0, 49.0, 1978-08-04 00:00:00, 0.0
3.0, 23.0, 140.0, 55.0, 1978-08-05 00:00:00, 0.0
3.0, 23.0, 140.0, 76.0, 1978-08-06 00:00:00, 31.5
0.0, 26.0, 0.0, 58.0, 1978-08-07 00:00:00, 0.0
12.0, 28.0, 140.0, 43.0, 1978-08-08 00:00:00, 0.0
0.0, 22.0, 0.0, 61.0, 1978-08-09 00:00:00, 0.0
3.0, 18.0, 140.0, 82.0, 1978-08-10 00:00:00, 18.0
0.0, 15.0, 0.0, 80.0, 1978-08-11 00:00:00, 10.0
2.0, 16.0, 140.0, 81.0, 1978-08-12 00:00:00, 19.0
2.0, 23.0, 140.0, 61.0, 1978-08-13 00:00:00, 0.0
3.0, 15.0, 150.0, 99.0, 1978-08-14 00:00:00, 15.0
7.0, 19.0, 140.0, 58.0, 1978-08-15 00:00:00, 7.5
17.0, 20.0, 140.0, 52.0, 1978-08-16 00:00:00, 0.0
12.0, 18.0, 140.0, 73.0, 1978-08-17 00:00:00, 0.0
6.0, 16.5, 140.0, 86.0, 1978-08-18 00:00:00, 25.0
0.0, 17.0, 0.0, 64.0, 1978-08-19 00:00:00, 0.0
6.0, 21.0, 140.0, 75.0, 1978-08-20 00:00:00, 0.0
14.0, 20.0, 140.0, 59.0, 1978-08-21 00:00:00, 0.0
0.0, 15.0, 0.0, 80.0, 1978-08-22 00:00:00, 0.0
0.0, 16.0, 0.0, 90.0, 1978-08-23 00:00:00, 25.0
0.0, 18.0, 0.0, 73.0, 1978-08-24 00:00:00, 0.0
0.0, 16.0, 0.0, 99.0, 1978-08-25 00:00:00, 7.0
0.0, 16.5, 0.0, 86.0, 1978-08-26 00:00:00, 27.0
9.0, 17.0, 270.0, 81.0, 1978-08-27 00:00:00, 20.0
6.0, 17.0, 270.0, 72.0, 1978-08-28 00:00:00, 0.0
6.0, 18.0, 270.0, 73.0, 1978-08-29 00:00:00, 0.0
0.0, 21.0, 0.0, 67.0, 1978-08-30 00:00:00, 0.0
0.0, 13.0, 0.0, 99.0, 1978-08-31 00:00:00, 60.0
0.0, 18.0, 0.0, 73.0, 1978-09-01 00:00:00, 11.0
0.0, 16.0, 0.0, 81.0, 1978-09-02 00:00:00, 4.0
3.0, 10.0, 140.0, 74.0, 1978-09-03 00:00:00, 8.0
2.0, 20.0, 140.0, 75.0, 1978-09-04 00:00:00, 17.0
10.0, 18.0, 140.0, 73.0, 1978-09-05 00:00:00, 0.0
0.0, 18.0, 0.0, 65.0, 1978-09-06 00:00:00, 0.0
0.0, 17.0, 0.0, 72.0, 1978-09-07 00:00:00, 5.0
0.0, 17.0, 0.0, 81.0, 1978-09-08 00:00:00, 0.0
0.0, 15.0, 0.0, 90.0, 1978-09-09 00:00:00, 7.8
2.0, 16.0, 140.0, 81.0, 1978-09-10 00:00:00, 10.5
0.0, 16.0, 0.0, 90.0, 1978-09-11 00:00:00, 6.8
2.0, 18.0, 140.0, 82.0, 1978-09-12 00:00:00, 0.0
3.0, 17.0, 140.0, 81.0, 1978-09-13 00:00:00, 45.7
0.0, 14.0, 0.0, 90.0, 1978-09-14 00:00:00, 2.5
8.0, 13.0, 140.0, 89.0, 1978-09-15 00:00:00, 25.1
6.0, 11.0, 140.0, 89.0, 1978-09-16 00:00:00, 15.2
2.0, 18.0, 140.0, 73.0, 1978-09-17 00:00:00, 0.0
6.0, 17.0, 140.0, 72.0, 1978-09-18 00:00:00, 0.0
0.0, 14.0, 0.0, 80.0, 1978-09-19 00:00:00, 0.0
2.0, 11.0, 140.0, 89.0, 1978-09-20 00:00:00, 15.7
0.0, 10.0, 0.0, 99.0, 1978-09-21 00:00:00, 44.4
0.0, 11.0, 0.0, 99.0, 1978-09-22 00:00:00, 15.3
0.0, 16.0, 0.0, 63.0, 1978-09-23 00:00:00, 2.5
0.0, 11.0, 0.0, 89.0, 1978-09-24 00:00:00, 9.8
4.0, 15.0, 140.0, 71.0, 1978-09-25 00:00:00, 2.8
0.0, 0.0, 0.0, 0.0, 1979-05-11 00:00:00, 0.0
0.0, 15.5, 0.0, 95.0, 1979-05-12 00:00:00, 2.5
0.0, 17.5, 0.0, 69.0, 1979-05-13 00:00:00, 0.0
0.0, 9.5, 0.0, 94.0, 1979-05-14 00:00:00, 8.5
0.0, 13.0, 0.0, 69.0, 1979-05-15 00:00:00, 7.5
0.0, 13.0, 0.0, 69.0, 1979-05-16 00:00:00, 0.0
0.0, 9.5, 0.0, 94.0, 1979-05-17 00:00:00, 6.0
30.0, 18.0, 0.0, 65.0, 1979-05-18 00:00:00, 0.0
0.0, 10.0, 0.0, 90.0, 1979-05-19 00:00:00, 1.5
0.0, 8.5, 0.0, 90.0, 1979-05-20 00:00:00, 10.5
25.0, 14.0, 0.0, 85.0, 1979-05-21 00:00:00, 0.0
10.0, 14.5, 0.0, 85.0, 1979-05-22 00:00:00, 0.0
0.0, 17.0, 0.0, 75.0, 1979-05-23 00:00:00, 8.5
0.0, 12.5, 0.0, 95.0, 1979-05-24 00:00:00, 12.0
0.0, 12.0, 0.0, 89.0, 1979-05-25 00:00:00, 3.8
0.0, 14.0, 0.0, 85.0, 1979-05-26 00:00:00, 10.5
0.0, 14.0, 0.0, 95.0, 1979-05-27 00:00:00, 62.0
0.0, 14.0, 0.0, 51.0, 1979-05-28 00:00:00, 0.5
8.0, 18.0, 0.0, 49.0, 1979-05-29 00:00:00, 0.0
5.0, 19.0, 0.0, 40.0, 1979-05-30 00:00:00, 0.0
3.0, 14.0, 0.0, 58.0, 1979-05-31 00:00:00, 0.0
0.0, 19.0, 0.0, 82.0, 1979-06-01 00:00:00, 0.0
0.0, 13.5, 0.0, 95.0, 1979-06-02 00:00:00, 8.0
0.0, 19.0, 0.0, 82.0, 1979-06-03 00:00:00, 0.0
0.0, 12.5, 0.0, 99.0, 1979-06-04 00:00:00, 17.0
5.0, 10.5, 0.0, 99.0, 1979-06-05 00:00:00, 44.0
0.0, 14.0, 0.0, 51.0, 1979-06-06 00:00:00, 0.0
5.0, 18.0, 0.0, 57.0, 1979-06-07 00:00:00, 0.0
6.0, 15.0, 0.0, 62.0, 1979-06-08 00:00:00, 0.0
0.0, 14.0, 0.0, 80.0, 1979-06-09 00:00:00, 5.0
0.0, 15.0, 0.0, 71.0, 1979-06-10 00:00:00, 0.0
10.0, 17.0, 0.0, 64.0, 1979-06-11 00:00:00, 0.0
8.0, 9.0, 0.0, 75.0, 1979-06-12 00:00:00, 5.0
30.0, 10.0, 0.0, 77.0, 1979-06-13 00:00:00, 0.0
20.0, 17.0, 0.0, 48.0, 1979-06-14 00:00:00, 0.0
0.0, 15.0, 0.0, 85.0, 1979-06-15 00:00:00, 40.0
6.0, 12.0, 0.0, 78.0, 1979-06-16 00:00:00, 15.0
10.0, 17.0, 0.0, 48.0, 1979-06-17 00:00:00, 0.0
0.0, 15.0, 0.0, 80.0, 1979-06-18 00:00:00, 0.0
7.0, 14.0, 0.0, 70.0, 1979-06-19 00:00:00, 0.0
0.0, 14.0, 0.0, 90.0, 1979-06-20 00:00:00, 8.0
0.0, 14.0, 0.0, 90.0, 1979-06-21 00:00:00, 2.0
0.0, 10.0, 0.0, 99.0, 1979-06-22 00:00:00, 15.0
0.0, 14.0, 0.0, 90.0, 1979-06-23 00:00:00, 22.0
8.0, 18.0, 0.0, 65.0, 1979-06-24 00:00:00, 2.0
12.0, 22.0, 0.0, 47.0, 1979-06-25 00:00:00, 0.0
5.0, 23.0, 0.0, 49.0, 1979-06-26 00:00:00, 0.0
7.0, 19.0, 0.0, 66.0, 1979-06-27 00:00:00, 0.0
5.0, 22.0, 0.0, 54.0, 1979-06-28 00:00:00, 0.0
12.0, 20.0, 0.0, 67.0, 1979-06-29 00:00:00, 0.0
20.0, 16.0, 0.0, 54.0, 1979-06-30 00:00:00, 19.0
5.0, 17.0, 0.0, 56.0, 1979-07-01 00:00:00, 0.0
0.0, 10.0, 0.0, 94.0, 1979-07-02 00:00:00, 14.0
9.0, 16.0, 0.0, 54.0, 1979-07-03 00:00:00, 7.0
0.0, 18.0, 0.0, 65.0, 1979-07-04 00:00:00, 0.0
0.0, 20.0, 0.0, 75.0, 1979-07-05 00:00:00, 0.0
10.0, 21.0, 0.0, 60.0, 1979-07-06 00:00:00, 0.0
0.0, 20.0, 0.0, 67.0, 1979-07-07 00:00:00, 0.0
0.0, 20.0, 0.0, 75.0, 1979-07-08 00:00:00, 6.0
0.0, 18.0, 0.0, 75.0, 1979-07-09 00:00:00, 5.0
0.0, 20.0, 0.0, 75.0, 1979-07-10 00:00:00, 0.5
0.0, 14.0, 0.0, 99.0, 1979-07-11 00:00:00, 30.0
0.0, 14.0, 0.0, 90.0, 1979-07-12 00:00:00, 30.0
0.0, 20.0, 0.0, 59.0, 1979-07-13 00:00:00, 2.0
15.0, 21.0, 0.0, 50.0, 1979-07-14 00:00:00, 0.0
0.0, 22.0, 0.0, 44.0, 1979-07-15 00:00:00, 0.0
5.0, 25.0, 0.0, 57.0, 1979-07-16 00:00:00, 0.0
10.0, 25.0, 0.0, 51.0, 1979-07-17 00:00:00, 0.0
15.0, 21.0, 0.0, 75.0, 1979-07-18 00:00:00, 0.0
15.0, 21.0, 0.0, 75.0, 1979-07-19 00:00:00, 0.0
5.0, 18.0, 0.0, 86.0, 1979-07-20 00:00:00, 0.0
20.0, 18.0, 0.0, 82.0, 1979-07-21 00:00:00, 0.0
5.0, 19.0, 0.0, 66.0, 1979-07-22 00:00:00, 0.0
10.0, 21.0, 0.0, 60.0, 1979-07-23 00:00:00, 0.0
8.0, 23.0, 0.0, 58.0, 1979-07-24 00:00:00, 0.0
5.0, 23.0, 0.0, 49.0, 1979-07-25 00:00:00, 0.0
9.0, 20.0, 0.0, 67.0, 1979-07-26 00:00:00, 0.0
10.0, 20.5, 0.0, 63.0, 1979-07-27 00:00:00, 0.0
0.0, 13.0, 0.0, 64.0, 1979-07-28 00:00:00, 0.0
0.0, 15.0, 0.0, 86.0, 1979-07-29 00:00:00, 2.0
0.0, 18.0, 0.0, 91.0, 1979-07-30 00:00:00, 3.1
0.0, 18.0, 0.0, 91.0, 1979-07-31 00:00:00, 30.0
3.0, 19.0, 0.0, 66.0, 1979-08-01 00:00:00, 0.0
10.0, 19.0, 0.0, 66.0, 1979-08-02 00:00:00, 0.0
16.0, 20.0, 0.0, 59.0, 1979-08-03 00:00:00, 0.0
10.0, 21.0, 0.0, 56.0, 1979-08-04 00:00:00, 0.0
0.0, 19.0, 0.0, 74.0, 1979-08-05 00:00:00, 0.0
0.0, 18.0, 0.0, 73.0, 1979-08-06 00:00:00, 1.0
0.0, 21.5, 0.0, 57.0, 1979-08-07 00:00:00, 0.0
5.0, 19.0, 0.0, 70.0, 1979-08-08 00:00:00, 0.0
25.0, 23.5, 0.0, 56.0, 1979-08-09 00:00:00, 0.0
0.0, 23.0, 0.0, 46.0, 1979-08-10 00:00:00, 0.0
0.0, 18.0, 0.0, 73.0, 1979-08-11 00:00:00, 0.0
0.0, 23.0, 0.0, 55.0, 1979-08-12 00:00:00, 0.0
10.0, 24.0, 0.0, 63.0, 1979-08-13 00:00:00, 0.0
0.0, 18.0, 0.0, 82.0, 1979-08-14 00:00:00, 0.0
0.0, 19.0, 0.0, 82.0, 1979-08-15 00:00:00, 0.0
0.0, 18.0, 0.0, 77.0, 1979-08-16 00:00:00, 0.0
0.0, 15.0, 0.0, 99.0, 1979-08-17 00:00:00, 1.6
0.0, 18.0, 0.0, 91.0, 1979-08-18 00:00:00, 23.4
0.0, 19.0, 0.0, 82.0, 1979-08-19 00:00:00, 2.0
0.0, 22.0, 0.0, 61.0, 1979-08-20 00:00:00, 1.0
0.0, 23.0, 0.0, 69.0, 1979-08-21 00:00:00, 0.0
0.0, 17.0, 0.0, 99.0, 1979-08-22 00:00:00, 8.0
0.0, 21.0, 0.0, 67.0, 1979-08-23 00:00:00, 0.0
0.0, 15.0, 0.0, 69.0, 1979-08-24 00:00:00, 0.0
0.0, 21.0, 0.0, 75.0, 1979-08-25 00:00:00, 4.0
0.0, 23.0, 0.0, 69.0, 1979-08-26 00:00:00, 0.0
0.0, 22.0, 0.0, 76.0, 1979-08-27 00:00:00, 0.0
0.0, 20.0, 0.0, 67.0, 1979-08-28 00:00:00, 0.0
0.0, 16.0, 0.0, 81.0, 1979-08-29 00:00:00, 0.0
0.0, 19.0, 0.0, 75.0, 1979-08-30 00:00:00, 0.0
0.0, 19.0, 0.0, 75.0, 1979-08-31 00:00:00, 0.0
0.0, 16.0, 0.0, 85.0, 1979-09-01 00:00:00, 3.0
0.0, 13.0, 0.0, 99.0, 1979-09-02 00:00:00, 20.0
0.0, 11.0, 0.0, 99.0, 1979-09-03 00:00:00, 23.0
0.0, 12.0, 0.0, 89.0, 1979-09-04 00:00:00, 46.0
0.0, 11.0, 0.0, 99.0, 1979-09-05 00:00:00, 28.0
0.0, 16.0, 0.0, 81.0, 1979-09-06 00:00:00, 10.0
0.0, 13.0, 0.0, 99.0, 1979-09-07 00:00:00, 10.0
0.0, 13.0, 0.0, 99.0, 1979-09-08 00:00:00, 5.0
0.0, 14.0, 0.0, 80.0, 1979-09-09 00:00:00, 0.0
0.0, 16.0, 0.0, 72.0, 1979-09-10 00:00:00, 10.0
0.0, 15.0, 0.0, 62.0, 1979-09-11 00:00:00, 0.0
0.0, 16.0, 0.0, 63.0, 1979-09-12 00:00:00, 0.0
0.0, 20.0, 0.0, 67.0, 1979-09-13 00:00:00, 0.0
3.0, 27.0, 0.0, 47.0, 1979-09-14 00:00:00, 0.0
0.0, 19.0, 0.0, 74.0, 1979-09-15 00:00:00, 0.0
0.0, 15.0, 0.0, 90.0, 1979-09-16 00:00:00, 10.0
5.0, 20.0, 0.0, 59.0, 1979-09-17 00:00:00, 0.0
0.0, 16.0, 0.0, 81.0, 1979-09-18 00:00:00, 0.0
0.0, 17.0, 0.0, 72.0, 1979-09-19 00:00:00, 0.0
0.0, 14.0, 0.0, 70.0, 1979-09-20 00:00:00, 0.0
0.0, 15.0, 0.0, 90.0, 1979-09-21 00:00:00, 16.0
0.0, 16.0, 0.0, 81.0, 1979-09-22 00:00:00, 0.0
0.0, 17.0, 0.0, 64.0, 1979-09-23 00:00:00, 0.0
0.0, 16.0, 0.0, 76.0, 1979-09-24 00:00:00, 0.0
0.0, 16.0, 0.0, 72.0, 1979-09-25 00:00:00, 0.0
0.0, 12.0, 0.0, 89.0, 1979-09-26 00:00:00, 3.0
0.0, 12.0, 0.0, 94.0, 1979-09-27 00:00:00, 23.0
0.0, 12.0, 0.0, 89.0, 1979-09-28 00:00:00, 7.0
0.0, 11.0, 0.0, 70.0, 1979-09-29 00:00:00, 10.0
0.0, 12.0, 0.0, 89.0, 1979-09-30 00:00:00, 0.0
0.0, 18.0, 0.0, 57.0, 1980-05-01 00:00:00, 0.0
0.0, 13.0, 0.0, 50.0, 1980-05-02 00:00:00, 11.0
10.0, 16.0, 140.0, 30.0, 1980-05-03 00:00:00, 0.0
10.0, 17.0, 180.0, 40.0, 1980-05-04 00:00:00, 0.0
0.0, 14.0, 0.0, 61.0, 1980-05-05 00:00:00, 0.0
0.0, 11.5, 0.0, 83.0, 1980-05-06 00:00:00, 21.0
5.0, 12.0, 140.0, 78.0, 1980-05-07 00:00:00, 5.0
9.0, 11.0, 270.0, 78.0, 1980-05-08 00:00:00, 8.0
5.0, 13.0, 180.0, 59.0, 1980-05-09 00:00:00, 6.0
10.0, 22.0, 90.0, 41.0, 1980-05-10 00:00:00, 0.0
10.0, 21.0, 180.0, 46.0, 1980-05-11 00:00:00, 0.0
5.0, 10.0, 180.0, 99.0, 1980-05-12 00:00:00, 0.0
0.0, 12.0, 0.0, 68.0, 1980-05-13 00:00:00, 0.0
10.0, 11.0, 270.0, 78.0, 1980-05-14 00:00:00, 6.0
0.0, 12.0, 0.0, 78.0, 1980-05-15 00:00:00, 8.0
15.0, 16.0, 140.0, 54.0, 1980-05-16 00:00:00, 0.0
0.0, 16.0, 0.0, 72.0, 1980-05-17 00:00:00, 0.0
0.0, 18.0, 0.0, 65.0, 1980-05-18 00:00:00, 0.0
0.0, 9.0, 0.0, 76.0, 1980-05-19 00:00:00, 17.0
0.0, 9.0, 0.0, 76.0, 1980-05-20 00:00:00, 42.0
0.0, 12.0, 0.0, 58.0, 1980-05-21 00:00:00, 18.0
0.0, 8.0, 0.0, 75.0, 1980-05-22 00:00:00, 9.0
0.0, 16.0, 0.0, 54.0, 1980-05-23 00:00:00, 3.0
13.0, 16.0, 270.0, 72.0, 1980-05-24 00:00:00, 4.0
14.0, 16.0, 270.0, 72.0, 1980-05-25 00:00:00, 0.0
12.0, 17.0, 140.0, 56.0, 1980-05-26 00:00:00, 0.0
0.0, 14.0, 0.0, 80.0, 1980-05-27 00:00:00, 10.0
11.0, 17.0, 140.0, 72.0, 1980-05-28 00:00:00, 5.0
15.0, 17.0, 270.0, 64.0, 1980-05-29 00:00:00, 0.0
12.0, 18.0, 180.0, 65.0, 1980-05-30 00:00:00, 0.0
5.0, 10.0, 320.0, 99.0, 1980-05-31 00:00:00, 6.0
15.0, 17.0, 0.0, 82.0, 1980-06-01 00:00:00, 0.0
15.0, 13.0, 0.0, 41.0, 1980-06-02 00:00:00, 0.0
15.0, 17.0, 0.0, 56.0, 1980-06-03 00:00:00, 0.0
5.0, 14.5, 0.0, 85.0, 1980-06-04 00:00:00, 0.0
10.0, 21.0, 0.0, 75.0, 1980-06-05 00:00:00, 0.0
5.0, 18.0, 0.0, 61.0, 1980-06-06 00:00:00, 0.0
18.0, 22.0, 0.0, 47.0, 1980-06-07 00:00:00, 0.0
0.0, 16.0, 0.0, 76.0, 1980-06-08 00:00:00, 0.0
5.0, 16.0, 0.0, 81.0, 1980-06-09 00:00:00, 7.0
0.0, 17.0, 0.0, 69.0, 1980-06-10 00:00:00, 3.0
10.0, 16.0, 0.0, 72.0, 1980-06-11 00:00:00, 9.0
10.0, 18.0, 0.0, 61.0, 1980-06-12 00:00:00, 0.0
12.0, 19.5, 0.0, 62.0, 1980-06-13 00:00:00, 0.0
12.0, 17.0, 0.0, 72.0, 1980-06-14 00:00:00, 0.0
5.0, 16.0, 0.0, 46.0, 1980-06-15 00:00:00, 0.0
10.0, 13.0, 0.0, 89.0, 1980-06-16 00:00:00, 2.0
10.0, 15.0, 0.0, 71.0, 1980-06-17 00:00:00, 0.0
17.0, 17.0, 0.0, 72.0, 1980-06-18 00:00:00, 0.0
16.0, 22.0, 0.0, 47.0, 1980-06-19 00:00:00, 0.0
16.0, 18.0, 0.0, 73.0, 1980-06-20 00:00:00, 0.0
5.0, 22.5, 0.0, 65.0, 1980-06-21 00:00:00, 0.0
5.0, 15.0, 0.0, 71.0, 1980-06-22 00:00:00, 10.0
0.0, 17.0, 0.0, 64.0, 1980-06-23 00:00:00, 30.0
16.0, 22.0, 0.0, 35.0, 1980-06-24 00:00:00, 0.0
12.0, 21.0, 0.0, 53.0, 1980-06-25 00:00:00, 0.0
0.0, 17.0, 0.0, 64.0, 1980-06-26 00:00:00, 4.0
5.0, 15.0, 0.0, 90.0, 1980-06-27 00:00:00, 3.0
0.0, 14.0, 0.0, 70.0, 1980-06-28 00:00:00, 3.0
0.0, 17.0, 0.0, 64.0, 1980-06-29 00:00:00, 6.0
5.0, 18.0, 0.0, 69.0, 1980-06-30 00:00:00, 0.0
12.0, 20.0, 270.0, 59.0, 1980-07-01 00:00:00, 0.0
0.0, 13.5, 0.0, 95.0, 1980-07-02 00:00:00, 1.8
0.0, 13.0, 0.0, 95.0, 1980-07-03 00:00:00, 2.0
0.0, 10.0, 0.0, 99.0, 1980-07-04 00:00:00, 2.7
0.0, 13.0, 0.0, 79.0, 1980-07-05 00:00:00, 1.3
5.0, 16.0, 270.0, 63.0, 1980-07-06 00:00:00, 0.0
10.0, 20.0, 270.0, 67.0, 1980-07-07 00:00:00, 0.0
10.0, 22.0, 230.0, 61.0, 1980-07-08 00:00:00, 0.0
5.0, 18.5, 230.0, 78.0, 1980-07-09 00:00:00, 0.0
0.0, 14.0, 0.0, 90.0, 1980-07-10 00:00:00, 1.4
12.0, 19.0, 180.0, 66.0, 1980-07-11 00:00:00, 3.5
10.0, 21.0, 230.0, 75.0, 1980-07-12 00:00:00, 0.0
5.0, 17.0, 0.0, 72.0, 1980-07-13 00:00:00, 0.4
0.0, 17.0, 0.0, 81.0, 1980-07-14 00:00:00, 0.2
5.0, 15.5, 180.0, 85.0, 1980-07-15 00:00:00, 0.4
12.0, 18.0, 180.0, 69.0, 1980-07-16 00:00:00, 0.0
12.0, 21.0, 180.0, 60.0, 1980-07-17 00:00:00, 0.0
0.0, 21.5, 0.0, 61.0, 1980-07-18 00:00:00, 0.0
0.0, 15.0, 0.0, 99.0, 1980-07-19 00:00:00, 0.6
0.0, 17.0, 0.0, 99.0, 1980-07-20 00:00:00, 2.0
4.0, 27.0, 140.0, 59.0, 1980-07-21 00:00:00, 0.3
0.0, 17.0, 0.0, 90.0, 1980-07-22 00:00:00, 0.0
6.0, 20.0, 270.0, 67.0, 1980-07-23 00:00:00, 0.0
12.0, 22.5, 270.0, 51.0, 1980-07-24 00:00:00, 0.0
5.0, 20.0, 230.0, 75.0, 1980-07-25 00:00:00, 0.0
10.0, 22.0, 180.0, 68.0, 1980-07-26 00:00:00, 0.0
12.0, 22.0, 180.0, 68.0, 1980-07-27 00:00:00, 0.0
15.0, 22.0, 90.0, 54.0, 1980-07-28 00:00:00, 0.0
12.0, 21.0, 230.0, 60.0, 1980-07-29 00:00:00, 0.0
4.0, 20.0, 180.0, 83.0, 1980-07-30 00:00:00, 0.0
5.0, 19.0, 180.0, 74.0, 1980-07-31 00:00:00, 0.0
10.0, 14.0, 0.0, 99.0, 1980-08-01 00:00:00, 10.0
0.0, 16.0, 0.0, 81.0, 1980-08-02 00:00:00, 11.0
15.0, 18.0, 0.0, 73.0, 1980-08-03 00:00:00, 0.0
0.0, 17.0, 0.0, 72.0, 1980-08-04 00:00:00, 0.0
5.0, 19.0, 0.0, 66.0, 1980-08-05 00:00:00, 0.0
5.0, 19.0, 0.0, 74.0, 1980-08-06 00:00:00, 0.0
12.0, 23.0, 0.0, 49.0, 1980-08-07 00:00:00, 0.0
10.0, 21.5, 0.0, 68.0, 1980-08-08 00:00:00, 0.0
10.0, 23.0, 0.0, 62.0, 1980-08-09 00:00:00, 0.0
0.0, 25.0, 0.0, 56.0, 1980-08-10 00:00:00, 0.0
0.0, 27.0, 0.0, 53.0, 1980-08-11 00:00:00, 0.0
5.0, 23.0, 0.0, 69.0, 1980-08-12 00:00:00, 0.0
15.0, 22.0, 0.0, 61.0, 1980-08-13 00:00:00, 0.0
15.0, 17.0, 0.0, 72.0, 1980-08-14 00:00:00, 0.0
0.0, 17.0, 0.0, 77.0, 1980-08-15 00:00:00, 0.0
0.0, 19.0, 0.0, 74.0, 1980-08-16 00:00:00, 0.0
15.0, 16.0, 0.0, 99.0, 1980-08-17 00:00:00, 35.0
10.0, 18.0, 0.0, 65.0, 1980-08-18 00:00:00, 0.0
12.0, 21.0, 0.0, 67.0, 1980-08-19 00:00:00, 0.0
15.0, 19.0, 0.0, 62.0, 1980-08-20 00:00:00, 0.0
10.0, 18.5, 0.0, 61.0, 1980-08-21 00:00:00, 0.0
0.0, 13.0, 0.0, 99.0, 1980-08-22 00:00:00, 0.0
0.0, 17.5, 0.0, 77.0, 1980-08-23 00:00:00, 11.0
9.0, 19.0, 0.0, 66.0, 1980-08-24 00:00:00, 0.0
0.0, 15.0, 0.0, 80.0, 1980-08-25 00:00:00, 0.0
0.0, 15.0, 0.0, 99.0, 1980-08-26 00:00:00, 45.0
10.0, 15.0, 0.0, 95.0, 1980-08-27 00:00:00, 7.0
6.0, 15.5, 0.0, 67.0, 1980-08-28 00:00:00, 0.0
0.0, 15.0, 0.0, 62.0, 1980-08-29 00:00:00, 0.0
6.0, 19.0, 0.0, 70.0, 1980-08-30 00:00:00, 3.0
0.0, 14.0, 0.0, 95.0, 1980-08-31 00:00:00, 7.0
0.0, 12.5, 0.0, 99.0, 1980-09-01 00:00:00, 30.0
0.0, 12.5, 0.0, 89.0, 1980-09-02 00:00:00, 9.0
0.0, 12.5, 0.0, 95.0, 1980-09-03 00:00:00, 3.0
0.0, 12.5, 0.0, 99.0, 1980-09-04 00:00:00, 22.0
0.0, 12.5, 0.0, 95.0, 1980-09-05 00:00:00, 85.0
0.0, 12.5, 0.0, 95.0, 1980-09-06 00:00:00, 50.0
0.0, 13.0, 0.0, 89.0, 1980-09-07 00:00:00, 30.0
0.0, 20.0, 0.0, 67.0, 1980-09-08 00:00:00, 0.0
15.0, 19.0, 0.0, 66.0, 1980-09-09 00:00:00, 0.0
0.0, 15.0, 0.0, 80.0, 1980-09-10 00:00:00, 0.0
5.0, 13.5, 0.0, 84.0, 1980-09-11 00:00:00, 0.0
0.0, 19.0, 0.0, 62.0, 1980-09-12 00:00:00, 0.0
0.0, 21.0, 0.0, 52.0, 1980-09-13 00:00:00, 0.0
5.0, 21.0, 0.0, 52.0, 1980-09-14 00:00:00, 0.0
0.0, 22.0, 0.0, 55.0, 1980-09-15 00:00:00, 0.0
10.0, 13.0, 0.0, 89.0, 1980-09-16 00:00:00, 0.0
18.0, 17.0, 0.0, 72.0, 1980-09-17 00:00:00, 0.0
0.0, 14.5, 0.0, 85.0, 1980-09-18 00:00:00, 0.0
0.0, 10.5, 0.0, 88.0, 1980-09-19 00:00:00, 56.0
6.0, 14.0, 0.0, 90.0, 1980-09-20 00:00:00, 43.0
0.0, 15.0, 0.0, 71.0, 1980-09-21 00:00:00, 0.0
0.0, 12.0, 0.0, 89.0, 1980-09-22 00:00:00, 17.0
0.0, 16.0, 0.0, 81.0, 1980-09-23 00:00:00, 3.0
12.0, 18.0, 0.0, 73.0, 1980-09-24 00:00:00, 0.0
0.0, 20.0, 0.0, 59.0, 1980-09-25 00:00:00, 0.0
0.0, 20.0, 0.0, 59.0, 1980-09-26 00:00:00, 0.0
0.0, 13.5, 0.0, 95.0, 1980-09-27 00:00:00, 3.0
0.0, 13.0, 0.0, 89.0, 1980-09-28 00:00:00, 0.0
0.0, 14.0, 0.0, 90.0, 1980-09-29 00:00:00, 3.0
0.0, 14.5, 0.0, 85.0, 1980-09-30 00:00:00, 6.0
0.0, 0.0, 0.0, 0.0, 1981-05-11 00:00:00, 0.0
13.0, 17.0, 0.0, 48.0, 1981-05-12 00:00:00, 0.0
0.0, 11.0, 0.0, 78.0, 1981-05-13 00:00:00, 2.0
0.0, 10.0, 0.0, 99.0, 1981-05-14 00:00:00, 16.0
10.0, 11.0, 0.0, 78.0, 1981-05-15 00:00:00, 11.0
16.0, 16.5, 0.0, 51.0, 1981-05-16 00:00:00, 0.0
0.0, 14.0, 0.0, 70.0, 1981-05-17 00:00:00, 2.0
0.0, 14.0, 0.0, 65.0, 1981-05-18 00:00:00, 1.0
0.0, 14.0, 0.0, 65.0, 1981-05-19 00:00:00, 2.0
5.0, 15.0, 0.0, 66.0, 1981-05-20 00:00:00, 4.0
10.0, 11.5, 0.0, 73.0, 1981-05-21 00:00:00, 0.0
16.0, 18.0, 0.0, 57.0, 1981-05-22 00:00:00, 0.0
0.0, 18.0, 0.0, 57.0, 1981-05-23 00:00:00, 0.0
0.0, 14.0, 0.0, 70.0, 1981-05-24 00:00:00, 26.0
0.0, 15.0, 0.0, 71.0, 1981-05-25 00:00:00, 20.0
0.0, 10.0, 0.0, 88.0, 1981-05-26 00:00:00, 13.0
0.0, 14.0, 0.0, 65.0, 1981-05-27 00:00:00, 6.0
0.0, 17.0, 0.0, 48.0, 1981-05-28 00:00:00, 0.0
0.0, 15.0, 0.0, 90.0, 1981-05-29 00:00:00, 2.0
10.0, 14.0, 0.0, 80.0, 1981-05-30 00:00:00, 18.0
10.0, 17.0, 0.0, 56.0, 1981-05-31 00:00:00, 3.0
18.0, 21.0, 0.0, 46.0, 1981-06-01 00:00:00, 0.0
0.0, 13.5, 0.0, 95.0, 1981-06-02 00:00:00, 4.0
10.0, 12.5, 0.0, 89.0, 1981-06-03 00:00:00, 32.0
5.0, 13.0, 0.0, 89.0, 1981-06-04 00:00:00, 17.0
0.0, 13.0, 0.0, 89.0, 1981-06-05 00:00:00, 23.0
9.0, 10.0, 0.0, 88.0, 1981-06-06 00:00:00, 28.0
5.0, 11.0, 0.0, 78.0, 1981-06-07 00:00:00, 8.0
10.0, 16.0, 0.0, 63.0, 1981-06-08 00:00:00, 2.0
0.0, 14.0, 0.0, 80.0, 1981-06-09 00:00:00, 11.0
0.0, 14.0, 0.0, 90.0, 1981-06-10 00:00:00, 7.0
0.0, 13.0, 0.0, 79.0, 1981-06-11 00:00:00, 0.0
20.0, 14.0, 0.0, 70.0, 1981-06-12 00:00:00, 6.0
10.0, 19.0, 0.0, 58.0, 1981-06-13 00:00:00, 1.0
15.0, 21.0, 0.0, 46.0, 1981-06-14 00:00:00, 0.0
0.0, 12.0, 0.0, 99.0, 1981-06-15 00:00:00, 13.0
5.0, 11.0, 0.0, 99.0, 1981-06-16 00:00:00, 32.0
5.0, 11.0, 0.0, 89.0, 1981-06-17 00:00:00, 23.0
0.0, 7.0, 0.0, 99.0, 1981-06-18 00:00:00, 41.0
0.0, 11.0, 0.0, 99.0, 1981-06-19 00:00:00, 23.0
0.0, 11.0, 0.0, 94.0, 1981-06-20 00:00:00, 22.0
0.0, 11.0, 0.0, 94.0, 1981-06-21 00:00:00, 21.0
5.0, 14.0, 0.0, 66.0, 1981-06-22 00:00:00, 18.0
10.0, 16.0, 0.0, 63.0, 1981-06-23 00:00:00, 3.0
12.0, 21.0, 0.0, 33.0, 1981-06-24 00:00:00, 0.0
16.0, 19.0, 0.0, 66.0, 1981-06-25 00:00:00, 0.0
12.0, 21.0, 0.0, 60.0, 1981-06-26 00:00:00, 0.0
14.0, 19.0, 0.0, 54.0, 1981-06-27 00:00:00, 0.0
5.0, 17.0, 0.0, 90.0, 1981-06-28 00:00:00, 0.0
0.0, 14.0, 0.0, 99.0, 1981-06-29 00:00:00, 15.0
10.0, 17.0, 0.0, 72.0, 1981-06-30 00:00:00, 1.5
15.0, 19.5, 0.0, 58.0, 1981-07-01 00:00:00, 0.0
0.0, 20.5, 0.0, 71.0, 1981-07-02 00:00:00, 0.0
15.0, 21.0, 0.0, 60.0, 1981-07-03 00:00:00, 0.0
12.0, 20.0, 0.0, 67.0, 1981-07-04 00:00:00, 0.0
5.0, 18.0, 0.0, 65.0, 1981-07-05 00:00:00, 0.0
10.0, 16.0, 0.0, 54.0, 1981-07-06 00:00:00, 0.0
15.0, 15.0, 0.0, 62.0, 1981-07-07 00:00:00, 0.0
5.0, 15.0, 0.0, 80.0, 1981-07-08 00:00:00, 2.0
0.0, 22.0, 0.0, 47.0, 1981-07-09 00:00:00, 0.0
10.0, 20.0, 0.0, 67.0, 1981-07-10 00:00:00, 0.0
10.0, 18.0, 0.0, 73.0, 1981-07-11 00:00:00, 0.0
12.0, 21.0, 0.0, 67.0, 1981-07-12 00:00:00, 0.0
0.0, 15.0, 0.0, 90.0, 1981-07-13 00:00:00, 0.0
15.0, 24.0, 0.0, 56.0, 1981-07-14 00:00:00, 0.0
5.0, 20.0, 0.0, 67.0, 1981-07-15 00:00:00, 0.0
5.0, 11.0, 0.0, 99.0, 1981-07-16 00:00:00, 32.0
15.0, 24.0, 0.0, 63.0, 1981-07-17 00:00:00, 0.0
10.0, 20.0, 0.0, 83.0, 1981-07-18 00:00:00, 2.0
15.0, 20.0, 0.0, 75.0, 1981-07-19 00:00:00, 0.0
15.0, 21.0, 0.0, 60.0, 1981-07-20 00:00:00, 0.0
20.0, 18.0, 0.0, 82.0, 1981-07-21 00:00:00, 0.0
5.0, 15.0, 0.0, 81.0, 1981-07-22 00:00:00, 0.0
9.0, 22.0, 0.0, 68.0, 1981-07-23 00:00:00, 0.0
9.0, 23.0, 0.0, 62.0, 1981-07-24 00:00:00, 0.0
10.0, 25.0, 0.0, 70.0, 1981-07-25 00:00:00, 0.0
12.0, 24.0, 0.0, 70.0, 1981-07-26 00:00:00, 0.0
15.0, 22.0, 0.0, 68.0, 1981-07-27 00:00:00, 0.0
10.0, 20.0, 0.0, 71.0, 1981-07-28 00:00:00, 0.0
10.0, 18.0, 0.0, 77.0, 1981-07-29 00:00:00, 7.0
0.0, 20.0, 0.0, 67.0, 1981-07-30 00:00:00, 12.0
14.0, 21.0, 0.0, 67.0, 1981-07-31 00:00:00, 0.0
0.0, 23.0, 0.0, 55.0, 1981-08-01 00:00:00, 0.0
20.0, 21.0, 0.0, 60.0, 1981-08-02 00:00:00, 0.0
0.0, 18.0, 0.0, 82.0, 1981-08-03 00:00:00, 0.0
14.0, 22.0, 0.0, 61.0, 1981-08-04 00:00:00, 0.0
10.0, 25.0, 0.0, 59.0, 1981-08-05 00:00:00, 0.0
5.0, 27.0, 0.0, 53.0, 1981-08-06 00:00:00, 0.0
0.0, 25.0, 0.0, 57.0, 1981-08-07 00:00:00, 0.8
15.0, 25.5, 0.0, 61.0, 1981-08-08 00:00:00, 0.0
15.0, 27.0, 0.0, 50.0, 1981-08-09 00:00:00, 0.0
15.0, 24.0, 0.0, 70.0, 1981-08-10 00:00:00, 0.0
10.0, 19.0, 0.0, 82.0, 1981-08-11 00:00:00, 0.0
15.0, 18.5, 0.0, 78.0, 1981-08-12 00:00:00, 0.0
0.0, 20.0, 0.0, 57.0, 1981-08-13 00:00:00, 0.0
17.0, 22.0, 0.0, 68.0, 1981-08-14 00:00:00, 0.0
15.0, 21.0, 0.0, 71.0, 1981-08-15 00:00:00, 0.0
10.0, 20.5, 0.0, 71.0, 1981-08-16 00:00:00, 0.0
14.0, 24.0, 0.0, 50.0, 1981-08-17 00:00:00, 0.0
10.0, 27.0, 0.0, 50.0, 1981-08-18 00:00:00, 0.0
15.0, 23.0, 0.0, 62.0, 1981-08-19 00:00:00, 0.0
22.0, 22.5, 0.0, 65.0, 1981-08-20 00:00:00, 0.0
0.0, 19.0, 0.0, 70.0, 1981-08-21 00:00:00, 0.0
5.0, 18.5, 0.0, 91.0, 1981-08-22 00:00:00, 4.0
8.0, 17.0, 0.0, 90.0, 1981-08-23 00:00:00, 1.0
0.0, 14.0, 0.0, 99.0, 1981-08-24 00:00:00, 5.0
5.0, 16.0, 0.0, 90.0, 1981-08-25 00:00:00, 10.0
5.0, 16.0, 0.0, 72.0, 1981-08-26 00:00:00, 7.0
0.0, 12.0, 0.0, 99.0, 1981-08-27 00:00:00, 12.0
5.0, 14.0, 0.0, 95.0, 1981-08-28 00:00:00, 12.0
0.0, 16.0, 0.0, 81.0, 1981-08-29 00:00:00, 5.0
18.0, 19.5, 0.0, 62.0, 1981-08-30 00:00:00, 0.0
10.0, 13.5, 0.0, 99.0, 1981-08-31 00:00:00, 2.1
0.0, 16.0, 0.0, 85.0, 1981-09-01 00:00:00, 40.0
0.0, 15.0, 0.0, 99.0, 1981-09-02 00:00:00, 5.0
0.0, 16.0, 0.0, 99.0, 1981-09-03 00:00:00, 8.0
5.0, 16.0, 0.0, 90.0, 1981-09-04 00:00:00, 3.0
0.0, 18.0, 0.0, 91.0, 1981-09-05 00:00:00, 8.0
8.0, 23.0, 0.0, 49.0, 1981-09-06 00:00:00, 0.0
12.0, 28.0, 0.0, 51.0, 1981-09-07 00:00:00, 0.0
8.0, 25.0, 0.0, 45.0, 1981-09-08 00:00:00, 0.0
10.0, 17.0, 0.0, 81.0, 1981-09-09 00:00:00, 20.0
10.0, 18.0, 0.0, 82.0, 1981-09-10 00:00:00, 8.0
11.0, 18.0, 0.0, 73.0, 1981-09-11 00:00:00, 0.0
5.0, 17.0, 0.0, 90.0, 1981-09-12 00:00:00, 0.0
15.0, 18.0, 0.0, 73.0, 1981-09-13 00:00:00, 0.0
5.0, 20.0, 0.0, 67.0, 1981-09-14 00:00:00, 0.0
0.0, 26.0, 0.0, 35.0, 1981-09-15 00:00:00, 1.0
10.0, 22.5, 0.0, 55.0, 1981-09-16 00:00:00, 0.0
0.0, 21.0, 0.0, 67.0, 1981-09-17 00:00:00, 0.0
0.0, 14.5, 0.0, 99.0, 1981-09-18 00:00:00, 47.0
10.0, 12.0, 0.0, 89.0, 1981-09-19 00:00:00, 27.0
0.0, 11.0, 0.0, 89.0, 1981-09-20 00:00:00, 2.0
0.0, 10.0, 0.0, 99.0, 1981-09-21 00:00:00, 12.0
5.0, 11.0, 0.0, 89.0, 1981-09-22 00:00:00, 7.0
0.0, 12.0, 0.0, 78.0, 1981-09-23 00:00:00, 4.0
0.0, 10.5, 0.0, 83.0, 1981-09-24 00:00:00, 4.0
10.0, 13.5, 0.0, 69.0, 1981-09-25 00:00:00, 0.0
0.0, 15.0, 0.0, 53.0, 1981-09-26 00:00:00, 0.0
0.0, 10.5, 0.0, 99.0, 1981-09-27 00:00:00, 7.0
0.0, 10.0, 0.0, 99.0, 1981-09-28 00:00:00, 25.0
0.0, 9.5, 0.0, 94.0, 1981-09-29 00:00:00, 6.5
0.0, 9.0, 0.0, 99.0, 1981-09-30 00:00:00, 90.0
0.0, 0.0, 0.0, 0.0, 1992-05-07 00:00:00, 0.0
14.0, 11.2, 230.0, 86.0, 1992-05-08 00:00:00, 0.0
15.0, 9.2, 180.0, 97.0, 1992-05-09 00:00:00, 2.5
20.0, 11.0, 230.0, 87.0, 1992-05-10 00:00:00, 5.3
14.0, 12.6, 180.0, 69.0, 1992-05-11 00:00:00, 0.0
12.0, 13.0, 0.0, 64.0, 1992-05-12 00:00:00, 0.0
10.0, 19.6, 230.0, 46.0, 1992-05-13 00:00:00, 0.0
8.0, 18.6, 230.0, 52.0, 1992-05-14 00:00:00, 0.0
9.0, 15.3, 270.0, 65.0, 1992-05-15 00:00:00, 0.0
9.0, 20.1, 180.0, 60.0, 1992-05-16 00:00:00, 0.0
6.0, 22.3, 270.0, 42.0, 1992-05-17 00:00:00, 0.0
22.0, 15.1, 90.0, 67.0, 1992-05-18 00:00:00, 0.0
0.0, 0.0, 0.0, 0.0, 1992-05-19 00:00:00, 0.0
17.0, 14.5, 180.0, 66.0, 1992-05-20 00:00:00, 0.0
12.0, 13.7, 230.0, 62.0, 1992-05-21 00:00:00, 0.0
3.0, 14.5, 230.0, 65.0, 1992-05-22 00:00:00, 0.0
6.0, 20.7, 0.0, 50.0, 1992-05-23 00:00:00, 0.0
7.0, 25.7, 230.0, 45.0, 1992-05-24 00:00:00, 0.0
8.0, 19.3, 230.0, 65.0, 1992-05-25 00:00:00, 0.0
15.0, 11.5, 230.0, 91.0, 1992-05-26 00:00:00, 3.3
8.0, 14.3, 180.0, 89.0, 1992-05-27 00:00:00, 0.5
13.0, 13.2, 230.0, 99.0, 1992-05-28 00:00:00, 8.9
5.0, 13.2, 230.0, 98.0, 1992-05-29 00:00:00, 5.1
4.0, 16.6, 270.0, 86.0, 1992-05-30 00:00:00, 0.0
4.0, 18.3, 230.0, 80.0, 1992-05-31 00:00:00, 0.0
10.0, 15.1, 180.0, 92.0, 1992-06-01 00:00:00, 0.0
12.0, 16.8, 180.0, 75.0, 1992-06-02 00:00:00, 0.0
5.0, 20.5, 230.0, 53.0, 1992-06-03 00:00:00, 0.0
10.0, 17.8, 180.0, 73.0, 1992-06-04 00:00:00, 0.0
9.0, 17.4, 270.0, 78.0, 1992-06-05 00:00:00, 0.0
9.0, 13.3, 230.0, 90.0, 1992-06-06 00:00:00, 0.0
7.0, 14.9, 180.0, 79.0, 1992-06-07 00:00:00, 0.0
9.0, 12.3, 230.0, 89.0, 1992-06-08 00:00:00, 0.0
7.0, 11.6, 50.0, 99.0, 1992-06-09 00:00:00, 0.0
7.0, 12.8, 90.0, 99.0, 1992-06-10 00:00:00, 0.0
3.0, 15.4, 270.0, 92.0, 1992-06-11 00:00:00, 0.0
5.0, 13.4, 230.0, 99.0, 1992-06-12 00:00:00, 0.0
11.0, 12.8, 230.0, 99.0, 1992-06-13 00:00:00, 0.0
7.0, 15.3, 270.0, 87.0, 1992-06-14 00:00:00, 0.0
7.0, 14.0, 230.0, 94.0, 1992-06-15 00:00:00, 0.0
8.0, 14.4, 230.0, 93.0, 1992-06-16 00:00:00, 0.0
8.0, 16.4, 270.0, 82.0, 1992-06-17 00:00:00, 0.0
9.0, 19.4, 230.0, 77.0, 1992-06-18 00:00:00, 0.0
6.0, 17.0, 180.0, 85.0, 1992-06-19 00:00:00, 0.0
9.0, 19.4, 230.0, 79.0, 1992-06-20 00:00:00, 0.0
7.0, 24.5, 230.0, 70.0, 1992-06-21 00:00:00, 0.0
8.0, 27.6, 270.0, 52.0, 1992-06-22 00:00:00, 0.0
7.0, 24.2, 230.0, 66.0, 1992-06-23 00:00:00, 0.0
9.0, 23.9, 230.0, 69.0, 1992-06-24 00:00:00, 0.0
11.0, 19.6, 230.0, 77.0, 1992-06-25 00:00:00, 0.0
3.0, 17.3, 90.0, 81.0, 1992-06-26 00:00:00, 0.0
8.0, 21.3, 270.0, 68.0, 1992-06-27 00:00:00, 0.0
6.0, 16.4, 230.0, 97.0, 1992-06-28 00:00:00, 0.0
2.0, 14.1, 230.0, 99.0, 1992-06-29 00:00:00, 0.0
4.0, 17.1, 230.0, 89.0, 1992-06-30 00:00:00, 0.0
7.0, 14.9, 230.0, 97.0, 1992-07-01 00:00:00, 0.0
10.0, 17.0, 180.0, 88.0, 1992-07-02 00:00:00, 0.0
8.0, 16.0, 230.0, 87.0, 1992-07-03 00:00:00, 0.8
12.0, 19.7, 230.0, 78.0, 1992-07-04 00:00:00, 0.0
2.0, 14.7, 180.0, 97.0, 1992-07-05 00:00:00, 1.3
10.0, 16.0, 230.0, 88.0, 1992-07-06 00:00:00, 0.8
9.0, 15.2, 180.0, 94.0, 1992-07-07 00:00:00, 0.0
3.0, 15.7, 270.0, 90.0, 1992-07-08 00:00:00, 0.0
8.0, 19.8, 230.0, 81.0, 1992-07-09 00:00:00, 0.0
4.0, 16.3, 270.0, 99.0, 1992-07-10 00:00:00, 3.3
3.0, 16.5, 230.0, 94.0, 1992-07-11 00:00:00, 0.0
4.0, 14.4, 180.0, 99.0, 1992-07-12 00:00:00, 0.0
15.0, 15.9, 230.0, 80.0, 1992-07-13 00:00:00, 0.3
7.0, 16.8, 180.0, 82.0, 1992-07-14 00:00:00, 0.0
10.0, 21.7, 180.0, 67.0, 1992-07-15 00:00:00, 0.0
5.0, 24.6, 230.0, 63.0, 1992-07-16 00:00:00, 0.0
9.0, 26.9, 230.0, 58.0, 1992-07-17 00:00:00, 0.0
8.0, 27.9, 230.0, 52.0, 1992-07-18 00:00:00, 0.0
8.0, 18.4, 270.0, 87.0, 1992-07-19 00:00:00, 0.0
3.0, 16.6, 230.0, 94.0, 1992-07-20 00:00:00, 0.8
5.0, 15.6, 230.0, 98.0, 1992-07-21 00:00:00, 0.3
4.0, 16.9, 180.0, 94.0, 1992-07-22 00:00:00, 0.5
9.0, 18.4, 90.0, 78.0, 1992-07-23 00:00:00, 0.0
7.0, 16.1, 230.0, 89.0, 1992-07-24 00:00:00, 0.0
5.0, 18.8, 230.0, 81.0, 1992-07-25 00:00:00, 0.0
2.0, 16.0, 230.0, 94.0, 1992-07-26 00:00:00, 0.0
7.0, 14.8, 320.0, 93.0, 1992-07-27 00:00:00, 0.0
5.0, 20.1, 230.0, 77.0, 1992-07-28 00:00:00, 0.0
4.0, 19.8, 230.0, 85.0, 1992-07-29 00:00:00, 0.0
6.0, 26.2, 270.0, 62.0, 1992-07-30 00:00:00, 0.0
6.0, 21.4, 230.0, 76.0, 1992-07-31 00:00:00, 0.0
9.0, 16.0, 230.0, 93.0, 1992-08-01 00:00:00, 0.0
3.0, 16.6, 270.0, 83.0, 1992-08-02 00:00:00, 0.0
10.0, 20.3, 230.0, 78.0, 1992-08-03 00:00:00, 0.0
4.0, 15.2, 140.0, 95.0, 1992-08-04 00:00:00, 0.0
3.0, 16.7, 90.0, 86.0, 1992-08-05 00:00:00, 0.0
