station_observations
wind_speed, temperature, wind_direction, relative_humidity, time, precipitation
32.0, 11.5, 230.0, 88.0, 1970-05-25 00:00:00, 6.9
29.0, 11.0, 230.0, 75.0, 1970-05-26 00:00:00, 0.0
16.0, 11.0, 230.0, 75.0, 1970-05-27 00:00:00, 0.0
13.0, 13.0, 270.0, 70.0, 1970-05-28 00:00:00, 0.0
13.0, 14.0, 270.0, 66.0, 1970-05-29 00:00:00, 0.0
16.0, 18.0, 270.0, 64.0, 1970-05-30 00:00:00, 0.0
16.0, 19.0, 270.0, 74.0, 1970-05-31 00:00:00, 0.3
5.0, 25.5, 270.0, 51.0, 1970-06-01 00:00:00, 0.0
24.0, 24.0, 270.0, 54.0, 1970-06-02 00:00:00, 0.0
48.0, 21.0, 270.0, 67.0, 1970-06-03 00:00:00, 0.0
24.0, 18.0, 270.0, 60.0, 1970-06-04 00:00:00, 0.3
16.0, 21.0, 270.0, 54.0, 1970-06-05 00:00:00, 0.0
23.0, 22.0, 270.0, 55.0, 1970-06-06 00:00:00, 0.0
16.0, 15.0, 230.0, 72.0, 1970-06-07 00:00:00, 0.0
32.0, 15.5, 270.0, 63.0, 1970-06-08 00:00:00, 0.0
16.0, 13.5, 230.0, 77.0, 1970-06-09 00:00:00, 0.8
6.0, 8.5, 230.0, 93.0, 1970-06-10 00:00:00, 11.4
13.0, 15.5, 270.0, 72.0, 1970-06-11 00:00:00, 3.3
16.0, 19.5, 270.0, 57.0, 1970-06-12 00:00:00, 0.0
10.0, 23.5, 270.0, 50.0, 1970-06-13 00:00:00, 0.0
24.0, 24.5, 270.0, 44.0, 1970-06-14 00:00:00, 0.0
16.0, 19.0, 270.0, 61.0, 1970-06-15 00:00:00, 0.0
24.0, 19.5, 270.0, 53.0, 1970-06-16 00:00:00, 0.0
24.0, 20.5, 270.0, 55.0, 1970-06-17 00:00:00, 0.0
32.0, 21.5, 270.0, 53.0, 1970-06-18 00:00:00, 0.0
13.0, 24.5, 270.0, 48.0, 1970-06-19 00:00:00, 0.0
16.0, 24.5, 270.0, 48.0, 1970-06-20 00:00:00, 0.0
16.0, 16.5, 270.0, 84.0, 1970-06-21 00:00:00, 0.5
13.0, 21.5, 270.0, 49.0, 1970-06-22 00:00:00, 0.0
16.0, 17.0, 270.0, 70.0, 1970-06-23 00:00:00, 0.5
24.0, 18.5, 270.0, 56.0, 1970-06-24 00:00:00, 0.0
10.0, 20.0, 270.0, 59.0, 1970-06-25 00:00:00, 2.8
19.0, 19.0, 270.0, 66.0, 1970-06-26 00:00:00, 0.0
16.0, 15.5, 270.0, 58.0, 1970-06-27 00:00:00, 0.0
13.0, 14.5, 270.0, 62.0, 1970-06-28 00:00:00, 0.0
13.0, 16.0, 270.0, 50.0, 1970-06-29 00:00:00, 0.0
13.0, 18.0, 270.0, 56.0, 1970-06-30 00:00:00, 0.0
10.0, 18.5, 270.0, 58.0, 1970-07-01 00:00:00, 0.3
6.0, 23.5, 270.0, 57.0, 1970-07-02 00:00:00, 0.0
6.0, 26.0, 270.0, 58.0, 1970-07-03 00:00:00, 0.0
8.0, 21.0, 230.0, 68.0, 1970-07-04 00:00:00, 0.0
19.0, 21.0, 270.0, 56.0, 1970-07-05 00:00:00, 0.0
16.0, 15.5, 230.0, 73.0, 1970-07-06 00:00:00, 0.0
19.0, 19.5, 270.0, 67.0, 1970-07-07 00:00:00, 0.5
16.0, 18.5, 270.0, 57.0, 1970-07-08 00:00:00, 0.0
16.0, 20.0, 270.0, 43.0, 1970-07-09 00:00:00, 0.0
11.0, 21.5, 270.0, 41.0, 1970-07-10 00:00:00, 0.0
13.0, 20.0, 270.0, 44.0, 1970-07-11 00:00:00, 0.0
16.0, 22.0, 270.0, 49.0, 1970-07-12 00:00:00, 0.0
10.0, 20.5, 270.0, 59.0, 1970-07-13 00:00:00, 0.0
23.0, 25.0, 270.0, 41.0, 1970-07-14 00:00:00, 0.0
16.0, 24.5, 270.0, 50.0, 1970-07-15 00:00:00, 0.0
19.0, 23.0, 270.0, 54.0, 1970-07-16 00:00:00, 0.0
8.0, 19.5, 270.0, 67.0, 1970-07-17 00:00:00, 0.0
0.0, 18.5, 0.0, 90.0, 1970-07-18 00:00:00, 0.8
24.0, 19.5, 270.0, 59.0, 1970-07-19 00:00:00, 11.4
16.0, 18.5, 270.0, 57.0, 1970-07-20 00:00:00, 0.0
11.0, 21.0, 270.0, 40.0, 1970-07-21 00:00:00, 0.0
6.0, 18.0, 270.0, 61.0, 1970-07-22 00:00:00, 0.0
11.0, 14.5, 230.0, 89.0, 1970-07-23 00:00:00, 15.5
10.0, 16.5, 270.0, 65.0, 1970-07-24 00:00:00, 0.0
0.0, 14.5, 0.0, 89.0, 1970-07-25 00:00:00, 6.9
16.0, 15.5, 270.0, 78.0, 1970-07-26 00:00:00, 12.2
6.0, 12.0, 270.0, 94.0, 1970-07-27 00:00:00, 3.8
16.0, 16.5, 270.0, 75.0, 1970-07-28 00:00:00, 36.6
8.0, 14.5, 270.0, 78.0, 1970-07-29 00:00:00, 0.0
5.0, 15.5, 230.0, 60.0, 1970-07-30 00:00:00, 0.0
10.0, 20.0, 270.0, 63.0, 1970-07-31 00:00:00, 0.0
16.0, 23.5, 270.0, 61.0, 1970-08-01 00:00:00, 0.0
19.0, 20.5, 270.0, 72.0, 1970-08-02 00:00:00, 0.0
23.0, 19.5, 270.0, 71.0, 1970-08-03 00:00:00, 0.0
11.0, 21.5, 270.0, 69.0, 1970-08-04 00:00:00, 0.0
19.0, 20.5, 270.0, 69.0, 1970-08-05 00:00:00, 0.0
16.0, 15.0, 230.0, 84.0, 1970-08-06 00:00:00, 0.5
8.0, 18.5, 230.0, 71.0, 1970-08-07 00:00:00, 9.7
8.0, 15.0, 140.0, 78.0, 1970-08-08 00:00:00, 4.1
8.0, 16.5, 230.0, 74.0, 1970-08-09 00:00:00, 0.0
8.0, 14.5, 140.0, 89.0, 1970-08-10 00:00:00, 9.1
6.0, 17.0, 230.0, 85.0, 1970-08-11 00:00:00, 7.1
16.0, 15.5, 230.0, 79.0, 1970-08-12 00:00:00, 8.9
16.0, 15.5, 180.0, 74.0, 1970-08-13 00:00:00, 2.8
8.0, 18.5, 180.0, 66.0, 1970-08-14 00:00:00, 0.0
16.0, 16.5, 230.0, 69.0, 1970-08-15 00:00:00, 0.0
23.0, 16.0, 180.0, 60.0, 1970-08-16 00:00:00, 2.8
10.0, 13.0, 230.0, 77.0, 1970-08-17 00:00:00, 0.3
16.0, 19.0, 270.0, 62.0, 1970-08-18 00:00:00, 0.0
10.0, 19.5, 270.0, 67.0, 1970-08-19 00:00:00, 0.0
13.0, 20.5, 180.0, 60.0, 1970-08-20 00:00:00, 0.0
13.0, 20.5, 270.0, 68.0, 1970-08-21 00:00:00, 0.0
8.0, 23.0, 180.0, 65.0, 1970-08-22 00:00:00, 0.0
16.0, 22.0, 270.0, 65.0, 1970-08-23 00:00:00, 0.0
11.0, 23.0, 270.0, 53.0, 1970-08-24 00:00:00, 0.0
13.0, 20.0, 270.0, 67.0, 1970-08-25 00:00:00, 0.0
13.0, 18.5, 270.0, 66.0, 1970-08-26 00:00:00, 0.0
10.0, 13.0, 230.0, 94.0, 1970-08-27 00:00:00, 1.0
13.0, 16.0, 230.0, 74.0, 1970-08-28 00:00:00, 5.1
0.0, 20.0, 0.0, 59.0, 1970-08-29 00:00:00, 0.0
0.0, 21.0, 0.0, 64.0, 1970-08-30 00:00:00, 0.0
8.0, 21.5, 270.0, 60.0, 1970-08-31 00:00:00, 0.0
24.0, 16.0, 230.0, 74.0, 1970-09-01 00:00:00, 0.0
0.0, 13.5, 0.0, 94.0, 1970-09-02 00:00:00, 5.1
0.0, 14.0, 0.0, 83.0, 1970-09-03 00:00:00, 16.3
0.0, 14.5, 0.0, 78.0, 1970-09-04 00:00:00, 3.8
16.0, 13.5, 230.0, 88.0, 1970-09-05 00:00:00, 6.1
16.0, 11.0, 230.0, 94.0, 1970-09-06 00:00:00, 6.6
10.0, 11.5, 230.0, 88.0, 1970-09-07 00:00:00, 2.8
13.0, 13.5, 270.0, 72.0, 1970-09-08 00:00:00, 6.4
13.0, 14.0, 270.0, 61.0, 1970-09-09 00:00:00, 0.0
16.0, 13.5, 90.0, 72.0, 1970-09-10 00:00:00, 9.1
32.0, 16.5, 90.0, 33.0, 1970-09-11 00:00:00, 0.0
8.0, 16.5, 90.0, 33.0, 1970-09-12 00:00:00, 0.0
0.0, 13.0, 0.0, 55.0, 1970-09-13 00:00:00, 0.0
10.0, 15.5, 270.0, 68.0, 1970-09-14 00:00:00, 0.0
10.0, 15.5, 270.0, 68.0, 1970-09-15 00:00:00, 0.0
0.0, 14.0, 0.0, 82.0, 1970-09-16 00:00:00, 0.0
0.0, 13.5, 0.0, 94.0, 1970-09-17 00:00:00, 4.1
5.0, 13.5, 230.0, 83.0, 1970-09-18 00:00:00, 7.9
6.0, 14.0, 230.0, 77.0, 1970-09-19 00:00:00, 1.3
0.0, 14.0, 0.0, 83.0, 1970-09-20 00:00:00, 3.0
16.0, 10.5, 140.0, 94.0, 1970-09-21 00:00:00, 2.5
8.0, 12.0, 230.0, 70.0, 1970-09-22 00:00:00, 48.0
10.0, 10.0, 270.0, 75.0, 1970-09-23 00:00:00, 0.3
8.0, 9.5, 90.0, 68.0, 1970-09-24 00:00:00, 0.0
0.0, 11.0, 0.0, 94.0, 1970-09-25 00:00:00, 18.8
8.0, 15.5, 90.0, 68.0, 1970-09-26 00:00:00, 2.0
6.0, 15.5, 90.0, 74.0, 1970-09-27 00:00:00, 0.0
5.0, 16.0, 90.0, 64.0, 1970-09-28 00:00:00, 0.0
16.0, 14.5, 270.0, 78.0, 1970-09-29 00:00:00, 0.0
6.0, 15.0, 270.0, 83.0, 1970-09-30 00:00:00, 0.0
16.0, 10.0, 230.0, 88.0, 1971-05-01 00:00:00, 8.9
8.0, 18.5, 90.0, 52.0, 1971-05-02 00:00:00, 0.0
13.0, 13.0, 270.0, 77.0, 1971-05-03 00:00:00, 0.0
16.0, 15.5, 270.0, 64.0, 1971-05-04 00:00:00, 0.0
13.0, 12.0, 270.0, 70.0, 1971-05-05 00:00:00, 0.0
8.0, 20.0, 270.0, 47.0, 1971-05-06 00:00:00, 0.0
32.0, 13.0, 230.0, 87.0, 1971-05-07 00:00:00, 0.0
8.0, 13.0, 270.0, 61.0, 1971-05-08 00:00:00, 1.0
13.0, 15.0, 270.0, 43.0, 1971-05-09 00:00:00, 0.0
8.0, 15.5, 270.0, 40.0, 1971-05-10 00:00:00, 0.0
8.0, 22.0, 270.0, 46.0, 1971-05-11 00:00:00, 0.0
5.0, 13.5, 230.0, 95.0, 1971-05-12 00:00:00, 1.0
24.0, 11.0, 230.0, 81.0, 1971-05-13 00:00:00, 4.6
5.0, 10.0, 230.0, 68.0, 1971-05-14 00:00:00, 1.8
5.0, 10.5, 230.0, 63.0, 1971-05-15 00:00:00, 0.0
8.0, 10.5, 230.0, 75.0, 1971-05-16 00:00:00, 0.0
10.0, 14.0, 270.0, 51.0, 1971-05-17 00:00:00, 0.0
6.0, 11.5, 230.0, 76.0, 1971-05-18 00:00:00, 0.0
5.0, 12.0, 270.0, 65.0, 1971-05-19 00:00:00, 3.3
3.0, 16.0, 270.0, 59.0, 1971-05-20 00:00:00, 0.0
8.0, 13.5, 230.0, 77.0, 1971-05-21 00:00:00, 0.0
6.0, 18.5, 270.0, 62.0, 1971-05-22 00:00:00, 0.0
10.0, 16.0, 230.0, 64.0, 1971-05-23 00:00:00, 0.0
6.0, 14.5, 270.0, 57.0, 1971-05-24 00:00:00, 0.0
5.0, 18.5, 270.0, 57.0, 1971-05-25 00:00:00, 0.0
10.0, 15.5, 270.0, 68.0, 1971-05-26 00:00:00, 0.0
8.0, 17.0, 270.0, 56.0, 1971-05-27 00:00:00, 0.0
14.0, 18.5, 270.0, 62.0, 1971-05-28 00:00:00, 0.0
13.0, 16.0, 270.0, 54.0, 1971-05-29 00:00:00, 0.0
10.0, 16.5, 270.0, 60.0, 1971-05-30 00:00:00, 0.0
8.0, 19.0, 90.0, 49.0, 1971-05-31 00:00:00, 0.0
8.0, 21.5, 270.0, 49.0, 1971-06-01 00:00:00, 0.0
16.0, 18.5, 270.0, 62.0, 1971-06-02 00:00:00, 0.0
19.0, 19.5, 270.0, 63.0, 1971-06-03 00:00:00, 0.0
10.0, 18.5, 270.0, 66.0, 1971-06-04 00:00:00, 0.0
6.0, 20.5, 270.0, 51.0, 1971-06-05 00:00:00, 0.0
10.0, 17.0, 270.0, 65.0, 1971-06-06 00:00:00, 0.0
5.0, 10.5, 230.0, 94.0, 1971-06-07 00:00:00, 15.0
5.0, 17.0, 270.0, 56.0, 1971-06-08 00:00:00, 6.1
8.0, 20.0, 270.0, 51.0, 1971-06-09 00:00:00, 0.0
6.0, 13.0, 230.0, 95.0, 1971-06-10 00:00:00, 0.5
10.0, 14.0, 270.0, 71.0, 1971-06-11 00:00:00, 0.8
8.0, 14.5, 270.0, 72.0, 1971-06-12 00:00:00, 0.3
8.0, 15.0, 270.0, 72.0, 1971-06-13 00:00:00, 0.8
6.0, 15.5, 270.0, 64.0, 1971-06-14 00:00:00, 2.0
6.0, 13.5, 270.0, 65.0, 1971-06-15 00:00:00, 0.3
6.0, 16.0, 270.0, 59.0, 1971-06-16 00:00:00, 0.5
6.0, 19.0, 270.0, 62.0, 1971-06-17 00:00:00, 0.0
8.0, 21.5, 270.0, 57.0, 1971-06-18 00:00:00, 0.0
10.0, 17.0, 270.0, 79.0, 1971-06-19 00:00:00, 3.0
8.0, 20.5, 270.0, 72.0, 1971-06-20 00:00:00, 0.0
10.0, 19.0, 270.0, 71.0, 1971-06-21 00:00:00, 0.3
6.0, 16.5, 270.0, 84.0, 1971-06-22 00:00:00, 0.0
6.0, 14.5, 270.0, 83.0, 1971-06-23 00:00:00, 5.3
0.0, 10.5, 0.0, 87.0, 1971-06-24 00:00:00, 5.3
6.0, 14.5, 270.0, 78.0, 1971-06-25 00:00:00, 1.0
8.0, 15.5, 270.0, 58.0, 1971-06-26 00:00:00, 6.4
13.0, 18.0, 270.0, 61.0, 1971-06-27 00:00:00, 0.0
14.0, 18.5, 270.0, 53.0, 1971-06-28 00:00:00, 0.0
8.0, 16.0, 270.0, 64.0, 1971-06-29 00:00:00, 0.0
5.0, 14.5, 270.0, 78.0, 1971-06-30 00:00:00, 1.8
6.0, 12.0, 230.0, 77.0, 1971-07-01 00:00:00, 10.2
10.0, 15.0, 270.0, 53.0, 1971-07-02 00:00:00, 0.3
8.0, 19.0, 270.0, 54.0, 1971-07-03 00:00:00, 0.0
8.0, 13.5, 230.0, 87.0, 1971-07-04 00:00:00, 9.4
6.0, 16.0, 270.0, 64.0, 1971-07-05 00:00:00, 1.5
6.0, 15.5, 230.0, 68.0, 1971-07-06 00:00:00, 0.0
5.0, 19.5, 270.0, 54.0, 1971-07-07 00:00:00, 0.0
8.0, 23.0, 270.0, 54.0, 1971-07-08 00:00:00, 0.0
0.0, 16.0, 0.0, 89.0, 1971-07-09 00:00:00, 8.1
0.0, 14.0, 0.0, 88.0, 1971-07-10 00:00:00, 12.7
0.0, 18.0, 0.0, 75.0, 1971-07-11 00:00:00, 0.0
5.0, 16.5, 270.0, 74.0, 1971-07-12 00:00:00, 0.0
10.0, 20.5, 270.0, 59.0, 1971-07-13 00:00:00, 0.0
11.0, 20.5, 270.0, 62.0, 1971-07-14 00:00:00, 0.0
13.0, 13.5, 230.0, 95.0, 1971-07-15 00:00:00, 0.3
8.0, 20.0, 270.0, 63.0, 1971-07-16 00:00:00, 6.4
5.0, 24.5, 270.0, 56.0, 1971-07-17 00:00:00, 0.0
8.0, 25.5, 270.0, 57.0, 1971-07-18 00:00:00, 0.0
11.0, 26.0, 270.0, 54.0, 1971-07-19 00:00:00, 0.0
13.0, 26.0, 270.0, 44.0, 1971-07-20 00:00:00, 0.0
14.0, 24.5, 270.0, 59.0, 1971-07-21 00:00:00, 0.0
11.0, 23.5, 270.0, 58.0, 1971-07-22 00:00:00, 0.0
13.0, 22.0, 270.0, 53.0, 1971-07-23 00:00:00, 0.0
8.0, 24.0, 270.0, 52.0, 1971-07-24 00:00:00, 0.0
8.0, 27.0, 270.0, 49.0, 1971-07-25 00:00:00, 0.0
10.0, 29.5, 270.0, 48.0, 1971-07-26 00:00:00, 0.0
13.0, 29.5, 270.0, 48.0, 1971-07-27 00:00:00, 0.0
11.0, 30.5, 270.0, 46.0, 1971-07-28 00:00:00, 0.0
5.0, 33.0, 270.0, 43.0, 1971-07-29 00:00:00, 0.0
8.0, 31.0, 270.0, 46.0, 1971-07-30 00:00:00, 0.0
13.0, 27.0, 270.0, 65.0, 1971-07-31 00:00:00, 0.0
10.0, 18.0, 230.0, 90.0, 1971-08-01 00:00:00, 2.5
10.0, 19.0, 270.0, 80.0, 1971-08-02 00:00:00, 13.5
3.0, 19.5, 270.0, 90.0, 1971-08-03 00:00:00, 0.8
5.0, 16.5, 270.0, 89.0, 1971-08-04 00:00:00, 6.4
6.0, 19.5, 270.0, 81.0, 1971-08-05 00:00:00, 8.9
11.0, 20.5, 270.0, 72.0, 1971-08-06 00:00:00, 0.0
10.0, 24.0, 270.0, 66.0, 1971-08-07 00:00:00, 0.0
14.0, 25.0, 270.0, 56.0, 1971-08-08 00:00:00, 0.0
11.0, 26.0, 270.0, 57.0, 1971-08-09 00:00:00, 0.0
11.0, 27.0, 270.0, 51.0, 1971-08-10 00:00:00, 0.0
13.0, 25.5, 270.0, 68.0, 1971-08-11 00:00:00, 0.0
16.0, 21.5, 270.0, 77.0, 1971-08-12 00:00:00, 0.0
19.0, 20.5, 270.0, 77.0, 1971-08-13 00:00:00, 0.0
6.0, 16.5, 230.0, 84.0, 1971-08-14 00:00:00, 17.3
5.0, 19.0, 230.0, 77.0, 1971-08-15 00:00:00, 0.0
10.0, 20.0, 230.0, 76.0, 1971-08-16 00:00:00, 3.3
0.0, 17.0, 0.0, 84.0, 1971-08-17 00:00:00, 1.3
0.0, 16.5, 0.0, 89.0, 1971-08-18 00:00:00, 11.4
0.0, 18.0, 0.0, 95.0, 1971-08-19 00:00:00, 11.7
13.0, 15.5, 230.0, 95.0, 1971-08-20 00:00:00, 9.4
8.0, 16.0, 230.0, 89.0, 1971-08-21 00:00:00, 28.2
8.0, 15.5, 230.0, 88.0, 1971-08-22 00:00:00, 2.5
0.0, 14.5, 0.0, 95.0, 1971-08-23 00:00:00, 6.1
32.0, 14.5, 230.0, 88.0, 1971-08-24 00:00:00, 14.0
8.0, 16.5, 270.0, 79.0, 1971-08-25 00:00:00, 0.5
6.0, 14.5, 270.0, 83.0, 1971-08-26 00:00:00, 0.0
11.0, 18.5, 270.0, 71.0, 1971-08-27 00:00:00, 0.0
5.0, 23.0, 270.0, 61.0, 1971-08-28 00:00:00, 0.0
0.0, 22.0, 0.0, 69.0, 1971-08-29 00:00:00, 0.0
8.0, 18.5, 270.0, 75.0, 1971-08-30 00:00:00, 0.0
8.0, 15.5, 230.0, 95.0, 1971-08-31 00:00:00, 0.0
0.0, 14.0, 0.0, 95.0, 1971-09-01 00:00:00, 6.1
8.0, 16.5, 270.0, 74.0, 1971-09-02 00:00:00, 0.0
0.0, 14.0, 0.0, 95.0, 1971-09-03 00:00:00, 0.5
0.0, 13.5, 0.0, 95.0, 1971-09-04 00:00:00, 41.1
11.0, 15.0, 230.0, 83.0, 1971-09-05 00:00:00, 2.0
6.0, 14.5, 270.0, 83.0, 1971-09-06 00:00:00, 0.5
11.0, 13.0, 230.0, 95.0, 1971-09-07 00:00:00, 11.7
16.0, 11.5, 230.0, 87.0, 1971-09-08 00:00:00, 31.0
3.0, 13.5, 270.0, 77.0, 1971-09-09 00:00:00, 0.0
0.0, 9.5, 0.0, 94.0, 1971-09-10 00:00:00, 29.5
24.0, 13.5, 230.0, 82.0, 1971-09-11 00:00:00, 20.3
24.0, 10.5, 230.0, 87.0, 1971-09-12 00:00:00, 21.6
16.0, 11.0, 230.0, 87.0, 1971-09-13 00:00:00, 5.3
5.0, 15.5, 230.0, 68.0, 1971-09-14 00:00:00, 0.3
8.0, 15.0, 270.0, 63.0, 1971-09-15 00:00:00, 0.0
13.0, 20.0, 90.0, 35.0, 1971-09-16 00:00:00, 0.0
0.0, 18.5, 0.0, 49.0, 1971-09-17 00:00:00, 0.0
0.0, 17.0, 0.0, 60.0, 1971-09-18 00:00:00, 0.0
5.0, 19.5, 320.0, 63.0, 1971-09-19 00:00:00, 0.0
8.0, 16.5, 90.0, 46.0, 1971-09-20 00:00:00, 0.0
3.0, 18.0, 90.0, 52.0, 1971-09-21 00:00:00, 0.0
0.0, 18.0, 0.0, 56.0, 1971-09-22 00:00:00, 0.0
16.0, 15.5, 230.0, 79.0, 1971-09-23 00:00:00, 0.0
5.0, 13.0, 230.0, 94.0, 1971-09-24 00:00:00, 0.0
6.0, 15.5, 90.0, 68.0, 1971-09-25 00:00:00, 1.0
19.0, 16.5, 90.0, 51.0, 1971-09-26 00:00:00, 0.0
6.0, 10.0, 230.0, 94.0, 1971-09-27 00:00:00, 1.5
5.0, 11.0, 90.0, 81.0, 1971-09-28 00:00:00, 1.8
32.0, 12.0, 90.0, 50.0, 1971-09-29 00:00:00, 0.3
0.0, 10.0, 0.0, 75.0, 1971-09-30 00:00:00, 0.0
11.0, 12.0, 230.0, 65.0, 1972-05-01 00:00:00, 0.0
10.0, 15.5, 140.0, 63.0, 1972-05-02 00:00:00, 0.3
8.0, 17.0, 180.0, 42.0, 1972-05-03 00:00:00, 0.0
3.0, 21.0, 230.0, 37.0, 1972-05-04 00:00:00, 0.0
13.0, 23.5, 140.0, 51.0, 1972-05-05 00:00:00, 0.0
14.0, 17.0, 180.0, 51.0, 1972-05-06 00:00:00, 0.0
13.0, 19.5, 230.0, 42.0, 1972-05-07 00:00:00, 0.0
19.0, 18.5, 50.0, 57.0, 1972-05-08 00:00:00, 0.0
21.0, 13.5, 140.0, 77.0, 1972-05-09 00:00:00, 0.0
11.0, 14.0, 140.0, 66.0, 1972-05-10 00:00:00, 0.0
3.0, 12.0, 50.0, 82.0, 1972-05-11 00:00:00, 0.0
5.0, 12.0, 180.0, 94.0, 1972-05-12 00:00:00, 3.3
21.0, 12.0, 230.0, 82.0, 1972-05-13 00:00:00, 29.5
18.0, 14.0, 230.0, 66.0, 1972-05-14 00:00:00, 4.8
19.0, 10.5, 320.0, 62.0, 1972-05-15 00:00:00, 0.0
24.0, 11.0, 50.0, 36.0, 1972-05-16 00:00:00, 0.0
3.0, 13.5, 180.0, 65.0, 1972-05-17 00:00:00, 1.0
16.0, 18.0, 230.0, 48.0, 1972-05-18 00:00:00, 0.0
5.0, 20.0, 320.0, 43.0, 1972-05-19 00:00:00, 0.0
5.0, 24.0, 50.0, 44.0, 1972-05-20 00:00:00, 0.0
40.0, 13.0, 140.0, 82.0, 1972-05-21 00:00:00, 0.3
24.0, 16.0, 230.0, 45.0, 1972-05-22 00:00:00, 2.5
24.0, 15.0, 320.0, 48.0, 1972-05-23 00:00:00, 0.0
19.0, 14.5, 320.0, 47.0, 1972-05-24 00:00:00, 0.0
3.0, 17.0, 230.0, 47.0, 1972-05-25 00:00:00, 0.0
11.0, 20.5, 230.0, 47.0, 1972-05-26 00:00:00, 0.0
5.0, 21.0, 50.0, 44.0, 1972-05-27 00:00:00, 0.0
8.0, 24.5, 50.0, 29.0, 1972-05-28 00:00:00, 0.0
18.0, 21.0, 320.0, 48.0, 1972-05-29 00:00:00, 0.0
21.0, 20.0, 230.0, 55.0, 1972-05-30 00:00:00, 0.0
18.0, 11.0, 180.0, 94.0, 1972-05-31 00:00:00, 3.6
18.0, 13.0, 230.0, 71.0, 1972-06-01 00:00:00, 2.3
26.0, 18.0, 0.0, 56.0, 1972-06-02 00:00:00, 0.0
37.0, 15.5, 0.0, 68.0, 1972-06-03 00:00:00, 0.0
3.0, 12.0, 180.0, 88.0, 1972-06-04 00:00:00, 0.0
21.0, 14.5, 140.0, 77.0, 1972-06-05 00:00:00, 5.3
19.0, 18.5, 180.0, 57.0, 1972-06-06 00:00:00, 0.0
21.0, 17.0, 50.0, 60.0, 1972-06-07 00:00:00, 0.0
19.0, 20.0, 270.0, 63.0, 1972-06-08 00:00:00, 0.0
0.0, 19.5, 0.0, 62.0, 1972-06-09 00:00:00, 0.0
37.0, 13.5, 270.0, 61.0, 1972-06-10 00:00:00, 0.0
32.0, 10.5, 50.0, 94.0, 1972-06-11 00:00:00, 12.2
21.0, 10.5, 270.0, 87.0, 1972-06-12 00:00:00, 12.2
0.0, 14.5, 0.0, 83.0, 1972-06-13 00:00:00, 3.6
14.0, 16.0, 230.0, 84.0, 1972-06-14 00:00:00, 0.0
27.0, 13.0, 230.0, 88.0, 1972-06-15 00:00:00, 5.6
21.0, 12.0, 230.0, 88.0, 1972-06-16 00:00:00, 3.8
19.0, 18.0, 230.0, 61.0, 1972-06-17 00:00:00, 0.0
16.0, 21.0, 230.0, 52.0, 1972-06-18 00:00:00, 0.0
24.0, 18.5, 230.0, 66.0, 1972-06-19 00:00:00, 0.0
23.0, 17.0, 230.0, 65.0, 1972-06-20 00:00:00, 0.5
29.0, 18.5, 230.0, 57.0, 1972-06-21 00:00:00, 0.0
24.0, 16.5, 230.0, 64.0, 1972-06-22 00:00:00, 2.0
0.0, 19.5, 0.0, 62.0, 1972-06-23 00:00:00, 0.0
24.0, 23.5, 180.0, 51.0, 1972-06-24 00:00:00, 0.0
26.0, 14.5, 270.0, 52.0, 1972-06-25 00:00:00, 0.0
29.0, 13.5, 320.0, 77.0, 1972-06-26 00:00:00, 0.0
35.0, 18.0, 230.0, 66.0, 1972-06-27 00:00:00, 1.5
0.0, 15.0, 0.0, 83.0, 1972-06-28 00:00:00, 15.5
31.0, 14.5, 270.0, 72.0, 1972-06-29 00:00:00, 7.9
27.0, 18.5, 0.0, 44.0, 1972-06-30 00:00:00, 0.8
8.0, 20.0, 320.0, 47.0, 1972-07-01 00:00:00, 0.0
14.0, 26.5, 320.0, 47.0, 1972-07-02 00:00:00, 0.0
8.0, 26.5, 0.0, 38.0, 1972-07-03 00:00:00, 0.0
13.0, 26.5, 320.0, 47.0, 1972-07-04 00:00:00, 0.0
8.0, 28.0, 230.0, 52.0, 1972-07-05 00:00:00, 0.0
27.0, 20.0, 180.0, 63.0, 1972-07-06 00:00:00, 0.0
13.0, 16.5, 320.0, 79.0, 1972-07-07 00:00:00, 2.8
19.0, 12.0, 270.0, 94.0, 1972-07-08 00:00:00, 15.5
6.0, 14.5, 230.0, 77.0, 1972-07-09 00:00:00, 10.7
0.0, 15.5, 0.0, 73.0, 1972-07-10 00:00:00, 0.0
0.0, 16.0, 0.0, 89.0, 1972-07-11 00:00:00, 0.0
0.0, 17.0, 0.0, 84.0, 1972-07-12 00:00:00, 6.9
14.0, 15.0, 180.0, 89.0, 1972-07-13 00:00:00, 4.8
10.0, 18.5, 230.0, 75.0, 1972-07-14 00:00:00, 0.0
16.0, 24.5, 270.0, 55.0, 1972-07-15 00:00:00, 0.0
8.0, 22.0, 320.0, 65.0, 1972-07-16 00:00:00, 0.0
16.0, 25.5, 270.0, 53.0, 1972-07-17 00:00:00, 0.0
23.0, 26.5, 140.0, 44.0, 1972-07-18 00:00:00, 0.0
13.0, 29.0, 230.0, 50.0, 1972-07-19 00:00:00, 0.0
0.0, 28.0, 0.0, 37.0, 1972-07-20 00:00:00, 0.0
14.0, 28.5, 320.0, 43.0, 1972-07-21 00:00:00, 0.0
11.0, 16.5, 230.0, 74.0, 1972-07-22 00:00:00, 0.0
24.0, 18.5, 180.0, 75.0, 1972-07-23 00:00:00, 0.0
14.0, 13.0, 180.0, 82.0, 1972-07-24 00:00:00, 2.5
11.0, 16.0, 230.0, 84.0, 1972-07-25 00:00:00, 3.0
8.0, 19.5, 230.0, 67.0, 1972-07-26 00:00:00, 0.0
0.0, 16.0, 0.0, 84.0, 1972-07-27 00:00:00, 2.0
14.0, 16.0, 180.0, 84.0, 1972-07-28 00:00:00, 4.8
0.0, 20.5, 0.0, 72.0, 1972-07-29 00:00:00, 0.0
11.0, 21.5, 230.0, 64.0, 1972-07-30 00:00:00, 0.0
10.0, 23.5, 230.0, 62.0, 1972-07-31 00:00:00, 0.0
21.0, 21.0, 230.0, 68.0, 1972-08-01 00:00:00, 0.0
10.0, 22.0, 270.0, 61.0, 1972-08-02 00:00:00, 0.0
11.0, 22.0, 270.0, 61.0, 1972-08-03 00:00:00, 0.0
24.0, 21.5, 270.0, 73.0, 1972-08-04 00:00:00, 0.0
13.0, 23.5, 230.0, 70.0, 1972-08-05 00:00:00, 0.0
10.0, 27.0, 270.0, 54.0, 1972-08-06 00:00:00, 0.0
13.0, 27.0, 230.0, 57.0, 1972-08-07 00:00:00, 0.0
23.0, 26.0, 270.0, 68.0, 1972-08-08 00:00:00, 0.0
14.0, 20.5, 230.0, 59.0, 1972-08-09 00:00:00, 0.0
8.0, 18.5, 270.0, 70.0, 1972-08-10 00:00:00, 0.0
0.0, 17.0, 0.0, 74.0, 1972-08-11 00:00:00, 4.6
11.0, 18.0, 230.0, 75.0, 1972-08-12 00:00:00, 3.0
10.0, 23.0, 320.0, 58.0, 1972-08-13 00:00:00, 0.0
0.0, 21.5, 0.0, 60.0, 1972-08-14 00:00:00, 0.0
0.0, 22.0, 0.0, 57.0, 1972-08-15 00:00:00, 0.0
16.0, 21.0, 270.0, 68.0, 1972-08-16 00:00:00, 0.0
14.0, 15.5, 270.0, 79.0, 1972-08-17 00:00:00, 5.8
0.0, 18.0, 0.0, 79.0, 1972-08-18 00:00:00, 1.0
8.0, 21.0, 270.0, 48.0, 1972-08-19 00:00:00, 0.0
14.0, 24.0, 270.0, 44.0, 1972-08-20 00:00:00, 0.0
14.0, 20.5, 270.0, 72.0, 1972-08-21 00:00:00, 0.0
11.0, 20.5, 270.0, 68.0, 1972-08-22 00:00:00, 2.3
0.0, 22.0, 0.0, 69.0, 1972-08-23 00:00:00, 0.0
8.0, 18.0, 230.0, 85.0, 1972-08-24 00:00:00, 0.3
6.0, 18.5, 230.0, 80.0, 1972-08-25 00:00:00, 0.5
8.0, 23.0, 230.0, 65.0, 1972-08-26 00:00:00, 0.0
14.0, 22.0, 230.0, 61.0, 1972-08-27 00:00:00, 0.0
23.0, 20.0, 270.0, 67.0, 1972-08-28 00:00:00, 0.0
23.0, 19.5, 230.0, 54.0, 1972-08-29 00:00:00, 0.0
10.0, 20.0, 270.0, 59.0, 1972-08-30 00:00:00, 0.0
0.0, 18.5, 0.0, 57.0, 1972-08-31 00:00:00, 0.0
0.0, 20.0, 0.0, 59.0, 1972-09-01 00:00:00, 0.0
8.0, 23.5, 270.0, 47.0, 1972-09-02 00:00:00, 0.0
16.0, 24.5, 230.0, 45.0, 1972-09-03 00:00:00, 0.0
19.0, 23.0, 230.0, 46.0, 1972-09-04 00:00:00, 0.0
29.0, 20.0, 270.0, 47.0, 1972-09-05 00:00:00, 0.0
6.0, 13.0, 320.0, 76.0, 1972-09-06 00:00:00, 0.0
0.0, 15.0, 0.0, 89.0, 1972-09-07 00:00:00, 1.0
0.0, 15.0, 0.0, 78.0, 1972-09-08 00:00:00, 4.1
11.0, 20.5, 230.0, 59.0, 1972-09-09 00:00:00, 0.8
5.0, 18.0, 270.0, 61.0, 1972-09-10 00:00:00, 0.0
0.0, 20.5, 0.0, 55.0, 1972-09-11 00:00:00, 0.0
11.0, 18.0, 320.0, 66.0, 1972-09-12 00:00:00, 0.0
8.0, 20.0, 270.0, 67.0, 1972-09-13 00:00:00, 0.0
8.0, 16.5, 230.0, 74.0, 1972-09-14 00:00:00, 0.0
34.0, 13.5, 180.0, 88.0, 1972-09-15 00:00:00, 2.5
8.0, 14.5, 230.0, 72.0, 1972-09-16 00:00:00, 5.8
10.0, 14.0, 230.0, 83.0, 1972-09-17 00:00:00, 0.5
0.0, 12.0, 0.0, 70.0, 1972-09-18 00:00:00, 14.0
3.0, 13.5, 230.0, 66.0, 1972-09-19 00:00:00, 1.0
26.0, 10.0, 140.0, 81.0, 1972-09-20 00:00:00, 0.0
5.0, 8.5, 180.0, 86.0, 1972-09-21 00:00:00, 16.8
0.0, 12.0, 0.0, 76.0, 1972-09-22 00:00:00, 5.3
11.0, 12.0, 230.0, 65.0, 1972-09-23 00:00:00, 3.3
0.0, 15.0, 0.0, 63.0, 1972-09-24 00:00:00, 0.0
0.0, 9.0, 0.0, 67.0, 1972-09-25 00:00:00, 0.0
3.0, 9.0, 180.0, 60.0, 1972-09-26 00:00:00, 0.0
13.0, 8.0, 230.0, 72.0, 1972-09-27 00:00:00, 0.0
0.0, 10.5, 0.0, 81.0, 1972-09-28 00:00:00, 6.9
40.0, 15.5, 230.0, 78.0, 1972-09-29 00:00:00, 2.0
13.0, 15.0, 230.0, 63.0, 1972-09-30 00:00:00, 1.3
5.0, 19.0, 270.0, 62.0, 1973-05-01 00:00:00, 0.0
8.0, 17.0, 270.0, 60.0, 1973-05-02 00:00:00, 0.0
16.0, 10.0, 270.0, 87.0, 1973-05-03 00:00:00, 5.1
16.0, 17.0, 270.0, 60.0, 1973-05-04 00:00:00, 6.4
19.0, 13.5, 270.0, 66.0, 1973-05-05 00:00:00, 0.0
26.0, 11.0, 270.0, 36.0, 1973-05-06 00:00:00, 2.0
11.0, 15.5, 270.0, 49.0, 1973-05-07 00:00:00, 0.0
26.0, 11.5, 270.0, 64.0, 1973-05-08 00:00:00, 0.5
23.0, 11.0, 270.0, 75.0, 1973-05-09 00:00:00, 0.0
26.0, 14.5, 270.0, 52.0, 1973-05-10 00:00:00, 0.0
10.0, 18.0, 270.0, 56.0, 1973-05-11 00:00:00, 0.0
0.0, 18.5, 0.0, 75.0, 1973-05-12 00:00:00, 0.0
8.0, 25.0, 270.0, 56.0, 1973-05-13 00:00:00, 0.0
5.0, 27.0, 270.0, 42.0, 1973-05-14 00:00:00, 0.0
8.0, 21.0, 270.0, 81.0, 1973-05-15 00:00:00, 0.0
23.0, 20.5, 270.0, 68.0, 1973-05-16 00:00:00, 0.0
29.0, 11.5, 270.0, 99.0, 1973-05-17 00:00:00, 0.5
19.0, 13.5, 270.0, 71.0, 1973-05-18 00:00:00, 1.0
23.0, 11.5, 270.0, 64.0, 1973-05-19 00:00:00, 0.0
26.0, 15.0, 320.0, 58.0, 1973-05-20 00:00:00, 0.0
14.0, 10.0, 270.0, 87.0, 1973-05-21 00:00:00, 0.5
19.0, 13.0, 270.0, 71.0, 1973-05-22 00:00:00, 1.8
13.0, 21.5, 270.0, 53.0, 1973-05-23 00:00:00, 0.0
35.0, 11.0, 270.0, 94.0, 1973-05-24 00:00:00, 0.8
23.0, 13.5, 270.0, 82.0, 1973-05-25 00:00:00, 0.0
16.0, 16.5, 270.0, 55.0, 1973-05-26 00:00:00, 0.0
19.0, 19.5, 270.0, 34.0, 1973-05-27 00:00:00, 0.0
14.0, 19.0, 270.0, 58.0, 1973-05-28 00:00:00, 0.0
19.0, 20.5, 270.0, 51.0, 1973-05-29 00:00:00, 0.0
32.0, 13.0, 270.0, 71.0, 1973-05-30 00:00:00, 0.0
35.0, 15.0, 270.0, 53.0, 1973-05-31 00:00:00, 0.0
26.0, 15.0, 270.0, 48.0, 1973-06-01 00:00:00, 0.0
23.0, 15.0, 270.0, 63.0, 1973-06-02 00:00:00, 0.0
35.0, 18.0, 270.0, 52.0, 1973-06-03 00:00:00, 0.0
11.0, 15.0, 270.0, 78.0, 1973-06-04 00:00:00, 0.0
5.0, 17.0, 270.0, 70.0, 1973-06-05 00:00:00, 0.0
8.0, 14.5, 270.0, 89.0, 1973-06-06 00:00:00, 2.5
23.0, 16.0, 270.0, 59.0, 1973-06-07 00:00:00, 5.1
32.0, 15.0, 270.0, 53.0, 1973-06-08 00:00:00, 12.7
32.0, 12.0, 270.0, 70.0, 1973-06-09 00:00:00, 0.0
26.0, 16.0, 270.0, 54.0, 1973-06-10 00:00:00, 0.0
10.0, 20.0, 270.0, 51.0, 1973-06-11 00:00:00, 0.0
10.0, 20.5, 270.0, 68.0, 1973-06-12 00:00:00, 0.8
10.0, 17.0, 270.0, 70.0, 1973-06-13 00:00:00, 1.5
19.0, 18.0, 270.0, 52.0, 1973-06-14 00:00:00, 0.0
26.0, 14.5, 270.0, 72.0, 1973-06-15 00:00:00, 0.0
19.0, 18.5, 270.0, 62.0, 1973-06-16 00:00:00, 0.0
35.0, 15.0, 320.0, 68.0, 1973-06-17 00:00:00, 0.0
10.0, 19.5, 270.0, 54.0, 1973-06-18 00:00:00, 0.0
23.0, 18.5, 270.0, 57.0, 1973-06-19 00:00:00, 0.0
0.0, 17.0, 0.0, 65.0, 1973-06-20 00:00:00, 0.0
19.0, 20.5, 270.0, 64.0, 1973-06-21 00:00:00, 0.0
14.0, 23.5, 270.0, 62.0, 1973-06-22 00:00:00, 0.0
0.0, 16.5, 0.0, 46.0, 1973-06-23 00:00:00, 0.0
19.0, 20.0, 270.0, 63.0, 1973-06-24 00:00:00, 0.0
26.0, 18.5, 270.0, 62.0, 1973-06-25 00:00:00, 0.0
32.0, 19.5, 270.0, 58.0, 1973-06-26 00:00:00, 0.0
35.0, 16.5, 270.0, 64.0, 1973-06-27 00:00:00, 0.0
26.0, 17.0, 270.0, 56.0, 1973-06-28 00:00:00, 0.0
26.0, 17.0, 270.0, 51.0, 1973-06-29 00:00:00, 0.0
26.0, 17.0, 270.0, 51.0, 1973-06-30 00:00:00, 0.0
29.0, 20.5, 270.0, 40.0, 1973-07-01 00:00:00, 0.0
16.0, 19.5, 270.0, 58.0, 1973-07-02 00:00:00, 0.0
13.0, 16.5, 270.0, 74.0, 1973-07-03 00:00:00, 0.0
19.0, 16.0, 270.0, 74.0, 1973-07-04 00:00:00, 4.1
26.0, 15.0, 270.0, 63.0, 1973-07-05 00:00:00, 0.0
19.0, 16.5, 270.0, 46.0, 1973-07-06 00:00:00, 0.0
13.0, 15.5, 270.0, 73.0, 1973-07-07 00:00:00, 2.5
13.0, 18.5, 270.0, 62.0, 1973-07-08 00:00:00, 0.0
13.0, 20.0, 270.0, 63.0, 1973-07-09 00:00:00, 0.0
8.0, 19.5, 270.0, 67.0, 1973-07-10 00:00:00, 5.1
29.0, 18.0, 270.0, 56.0, 1973-07-11 00:00:00, 1.8
6.0, 20.5, 270.0, 60.0, 1973-07-12 00:00:00, 0.0
16.0, 24.5, 270.0, 67.0, 1973-07-13 00:00:00, 0.0
29.0, 24.0, 270.0, 74.0, 1973-07-14 00:00:00, 0.0
39.0, 23.5, 270.0, 58.0, 1973-07-15 00:00:00, 0.0
23.0, 25.5, 270.0, 60.0, 1973-07-16 00:00:00, 0.0
11.0, 28.5, 270.0, 46.0, 1973-07-17 00:00:00, 0.0
19.0, 28.0, 270.0, 34.0, 1973-07-18 00:00:00, 0.0
26.0, 26.5, 270.0, 51.0, 1973-07-19 00:00:00, 0.0
35.0, 18.5, 270.0, 66.0, 1973-07-20 00:00:00, 0.0
16.0, 18.0, 270.0, 56.0, 1973-07-21 00:00:00, 0.0
16.0, 13.0, 270.0, 94.0, 1973-07-22 00:00:00, 4.1
26.0, 17.0, 270.0, 65.0, 1973-07-23 00:00:00, 0.0
10.0, 17.0, 270.0, 74.0, 1973-07-24 00:00:00, 0.0
14.0, 19.0, 270.0, 80.0, 1973-07-25 00:00:00, 6.1
16.0, 22.0, 270.0, 78.0, 1973-07-26 00:00:00, 0.0
16.0, 24.0, 270.0, 70.0, 1973-07-27 00:00:00, 0.0
16.0, 23.0, 270.0, 69.0, 1973-07-28 00:00:00, 0.0
14.0, 23.5, 270.0, 66.0, 1973-07-29 00:00:00, 0.0
14.0, 22.0, 270.0, 69.0, 1973-07-30 00:00:00, 0.0
19.0, 23.0, 270.0, 65.0, 1973-07-31 00:00:00, 0.0
19.0, 22.0, 270.0, 73.0, 1973-08-01 00:00:00, 0.0
14.0, 23.0, 270.0, 61.0, 1973-08-02 00:00:00, 0.0
14.0, 24.0, 270.0, 59.0, 1973-08-03 00:00:00, 0.0
39.0, 19.0, 270.0, 66.0, 1973-08-04 00:00:00, 0.0
14.0, 23.0, 270.0, 54.0, 1973-08-05 00:00:00, 0.0
16.0, 23.0, 270.0, 65.0, 1973-08-06 00:00:00, 0.0
16.0, 25.0, 270.0, 60.0, 1973-08-07 00:00:00, 0.0
16.0, 23.0, 270.0, 73.0, 1973-08-08 00:00:00, 0.0
23.0, 21.5, 270.0, 69.0, 1973-08-09 00:00:00, 0.0
19.0, 21.5, 270.0, 60.0, 1973-08-10 00:00:00, 0.0
11.0, 22.0, 270.0, 69.0, 1973-08-11 00:00:00, 0.0
19.0, 25.5, 270.0, 50.0, 1973-08-12 00:00:00, 0.0
23.0, 22.0, 270.0, 61.0, 1973-08-13 00:00:00, 0.0
42.0, 16.5, 270.0, 74.0, 1973-08-14 00:00:00, 0.0
11.0, 13.0, 270.0, 94.0, 1973-08-15 00:00:00, 2.0
14.0, 17.0, 270.0, 70.0, 1973-08-16 00:00:00, 8.6
0.0, 13.5, 0.0, 77.0, 1973-08-17 00:00:00, 0.0
8.0, 16.5, 270.0, 64.0, 1973-08-18 00:00:00, 0.0
6.0, 21.0, 270.0, 52.0, 1973-08-19 00:00:00, 0.0
29.0, 20.5, 270.0, 40.0, 1973-08-20 00:00:00, 0.0
13.0, 18.5, 270.0, 66.0, 1973-08-21 00:00:00, 0.0
16.0, 18.5, 270.0, 70.0, 1973-08-22 00:00:00, 0.0
10.0, 16.5, 270.0, 89.0, 1973-08-23 00:00:00, 2.8
13.0, 16.5, 270.0, 84.0, 1973-08-24 00:00:00, 0.0
23.0, 15.0, 270.0, 73.0, 1973-08-25 00:00:00, 0.0
35.0, 17.0, 270.0, 65.0, 1973-08-26 00:00:00, 0.0
8.0, 14.5, 270.0, 77.0, 1973-08-27 00:00:00, 0.0
32.0, 18.5, 270.0, 66.0, 1973-08-28 00:00:00, 0.0
26.0, 19.5, 270.0, 54.0, 1973-08-29 00:00:00, 0.0
32.0, 17.0, 270.0, 56.0, 1973-08-30 00:00:00, 0.0
13.0, 19.0, 270.0, 53.0, 1973-08-31 00:00:00, 0.0
8.0, 11.5, 270.0, 94.0, 1973-09-01 00:00:00, 0.0
0.0, 16.0, 0.0, 94.0, 1973-09-02 00:00:00, 2.8
10.0, 14.0, 270.0, 83.0, 1973-09-03 00:00:00, 0.0
5.0, 18.5, 270.0, 75.0, 1973-09-04 00:00:00, 0.0
5.0, 24.0, 270.0, 66.0, 1973-09-05 00:00:00, 0.0
13.0, 16.5, 270.0, 94.0, 1973-09-06 00:00:00, 4.6
10.0, 18.5, 270.0, 57.0, 1973-09-07 00:00:00, 3.8
29.0, 13.5, 270.0, 88.0, 1973-09-08 00:00:00, 14.2
0.0, 15.5, 0.0, 94.0, 1973-09-09 00:00:00, 20.3
0.0, 19.5, 0.0, 71.0, 1973-09-10 00:00:00, 0.0
45.0, 16.5, 270.0, 89.0, 1973-09-11 00:00:00, 2.3
0.0, 15.5, 0.0, 78.0, 1973-09-12 00:00:00, 0.0
19.0, 16.5, 270.0, 50.0, 1973-09-13 00:00:00, 0.0
16.0, 17.0, 90.0, 47.0, 1973-09-14 00:00:00, 0.0
8.0, 17.0, 90.0, 42.0, 1973-09-15 00:00:00, 0.0
6.0, 18.5, 90.0, 53.0, 1973-09-16 00:00:00, 0.0
5.0, 16.5, 270.0, 64.0, 1973-09-17 00:00:00, 0.0
0.0, 16.0, 0.0, 68.0, 1973-09-18 00:00:00, 0.8
5.0, 19.5, 270.0, 54.0, 1973-09-19 00:00:00, 0.0
5.0, 16.5, 270.0, 69.0, 1973-09-20 00:00:00, 0.0
6.0, 14.5, 270.0, 89.0, 1973-09-21 00:00:00, 4.6
5.0, 15.0, 270.0, 78.0, 1973-09-22 00:00:00, 0.0
5.0, 15.0, 270.0, 89.0, 1973-09-23 00:00:00, 1.0
0.0, 13.5, 0.0, 82.0, 1973-09-24 00:00:00, 2.0
0.0, 13.0, 0.0, 65.0, 1973-09-25 00:00:00, 0.8
29.0, 14.0, 270.0, 94.0, 1973-09-26 00:00:00, 46.5
0.0, 14.5, 0.0, 83.0, 1973-09-27 00:00:00, 85.3
0.0, 14.5, 0.0, 83.0, 1973-09-28 00:00:00, 0.0
0.0, 14.5, 0.0, 83.0, 1973-09-29 00:00:00, 0.0
0.0, 14.5, 0.0, 83.0, 1973-09-30 00:00:00, 0.0
29.0, 11.5, 270.0, 94.0, 1974-05-01 00:00:00, 0.0
29.0, 10.5, 270.0, 87.0, 1974-05-02 00:00:00, 0.0
35.0, 12.0, 270.0, 70.0, 1974-05-03 00:00:00, 0.0
26.0, 16.0, 270.0, 64.0, 1974-05-04 00:00:00, 0.0
34.0, 11.5, 270.0, 88.0, 1974-05-05 00:00:00, 0.0
6.0, 13.5, 270.0, 82.0, 1974-05-06 00:00:00, 1.5
19.0, 11.5, 270.0, 82.0, 1974-05-07 00:00:00, 6.4
13.0, 12.0, 270.0, 59.0, 1974-05-08 00:00:00, 0.0
0.0, 11.5, 0.0, 75.0, 1974-05-09 00:00:00, 0.0
13.0, 11.5, 270.0, 75.0, 1974-05-10 00:00:00, 1.8
19.0, 9.5, 270.0, 80.0, 1974-05-11 00:00:00, 0.0
29.0, 13.0, 270.0, 55.0, 1974-05-12 00:00:00, 0.0
10.0, 9.5, 270.0, 80.0, 1974-05-13 00:00:00, 0.0
32.0, 14.0, 270.0, 51.0, 1974-05-14 00:00:00, 1.8
16.0, 14.5, 270.0, 42.0, 1974-05-15 00:00:00, 0.0
5.0, 10.5, 270.0, 81.0, 1974-05-16 00:00:00, 0.0
6.0, 17.0, 270.0, 60.0, 1974-05-17 00:00:00, 4.1
13.0, 19.5, 270.0, 38.0, 1974-05-18 00:00:00, 0.0
16.0, 16.0, 270.0, 59.0, 1974-05-19 00:00:00, 0.0
23.0, 14.5, 270.0, 77.0, 1974-05-20 00:00:00, 0.0
0.0, 16.0, 0.0, 74.0, 1974-05-21 00:00:00, 0.0
16.0, 15.0, 270.0, 83.0, 1974-05-22 00:00:00, 0.0
10.0, 15.0, 270.0, 63.0, 1974-05-23 00:00:00, 0.3
10.0, 14.5, 270.0, 83.0, 1974-05-24 00:00:00, 0.0
32.0, 11.5, 270.0, 88.0, 1974-05-25 00:00:00, 1.3
16.0, 11.5, 270.0, 82.0, 1974-05-26 00:00:00, 4.1
26.0, 13.0, 270.0, 71.0, 1974-05-27 00:00:00, 0.0
19.0, 15.0, 270.0, 63.0, 1974-05-28 00:00:00, 0.0
0.0, 14.0, 0.0, 77.0, 1974-05-29 00:00:00, 0.0
19.0, 17.0, 270.0, 65.0, 1974-05-30 00:00:00, 0.0
16.0, 17.0, 270.0, 60.0, 1974-05-31 00:00:00, 0.0
8.0, 12.0, 270.0, 94.0, 1974-06-01 00:00:00, 4.6
29.0, 11.0, 270.0, 88.0, 1974-06-02 00:00:00, 0.3
0.0, 11.0, 0.0, 75.0, 1974-06-03 00:00:00, 0.0
14.0, 13.0, 270.0, 88.0, 1974-06-04 00:00:00, 1.8
16.0, 14.0, 270.0, 72.0, 1974-06-05 00:00:00, 0.0
32.0, 11.5, 270.0, 82.0, 1974-06-06 00:00:00, 1.3
13.0, 15.0, 270.0, 68.0, 1974-06-07 00:00:00, 0.0
23.0, 14.5, 270.0, 67.0, 1974-06-08 00:00:00, 0.0
8.0, 15.0, 270.0, 83.0, 1974-06-09 00:00:00, 0.0
10.0, 12.0, 270.0, 94.0, 1974-06-10 00:00:00, 3.3
11.0, 15.5, 270.0, 73.0, 1974-06-11 00:00:00, 0.0
23.0, 18.0, 270.0, 56.0, 1974-06-12 00:00:00, 0.0
0.0, 23.0, 0.0, 46.0, 1974-06-13 00:00:00, 0.0
8.0, 23.5, 270.0, 54.0, 1974-06-14 00:00:00, 0.0
19.0, 18.5, 270.0, 85.0, 1974-06-15 00:00:00, 0.0
19.0, 19.5, 270.0, 71.0, 1974-06-16 00:00:00, 0.0
23.0, 21.0, 270.0, 52.0, 1974-06-17 00:00:00, 0.0
26.0, 20.5, 270.0, 55.0, 1974-06-18 00:00:00, 0.0
16.0, 21.5, 270.0, 60.0, 1974-06-19 00:00:00, 0.0
19.0, 18.5, 270.0, 75.0, 1974-06-20 00:00:00, 0.0
19.0, 19.5, 270.0, 67.0, 1974-06-21 00:00:00, 0.0
32.0, 17.0, 270.0, 60.0, 1974-06-22 00:00:00, 0.0
23.0, 15.0, 270.0, 63.0, 1974-06-23 00:00:00, 0.0
16.0, 17.0, 270.0, 60.0, 1974-06-24 00:00:00, 0.0
5.0, 20.0, 270.0, 59.0, 1974-06-25 00:00:00, 0.0
0.0, 18.5, 0.0, 62.0, 1974-06-26 00:00:00, 0.0
35.0, 16.0, 270.0, 50.0, 1974-06-27 00:00:00, 1.5
0.0, 15.5, 0.0, 68.0, 1974-06-28 00:00:00, 0.0
23.0, 18.5, 270.0, 85.0, 1974-06-29 00:00:00, 6.6
32.0, 11.5, 270.0, 94.0, 1974-06-30 00:00:00, 0.0
19.0, 14.0, 270.0, 83.0, 1974-07-01 00:00:00, 0.0
23.0, 15.5, 270.0, 78.0, 1974-07-02 00:00:00, 0.0
13.0, 13.0, 270.0, 94.0, 1974-07-03 00:00:00, 3.0
32.0, 15.5, 270.0, 68.0, 1974-07-04 00:00:00, 10.7
23.0, 15.5, 270.0, 73.0, 1974-07-05 00:00:00, 0.0
19.0, 20.0, 270.0, 67.0, 1974-07-06 00:00:00, 0.0
10.0, 23.5, 270.0, 58.0, 1974-07-07 00:00:00, 0.0
0.0, 21.5, 0.0, 64.0, 1974-07-08 00:00:00, 1.0
23.0, 21.0, 270.0, 72.0, 1974-07-09 00:00:00, 0.0
19.0, 11.5, 270.0, 88.0, 1974-07-10 00:00:00, 1.8
13.0, 18.5, 270.0, 70.0, 1974-07-11 00:00:00, 1.3
26.0, 17.0, 270.0, 60.0, 1974-07-12 00:00:00, 0.0
16.0, 20.0, 270.0, 67.0, 1974-07-13 00:00:00, 0.0
19.0, 19.5, 270.0, 80.0, 1974-07-14 00:00:00, 0.0
6.0, 15.0, 270.0, 83.0, 1974-07-15 00:00:00, 1.0
6.0, 19.0, 270.0, 71.0, 1974-07-16 00:00:00, 0.0
6.0, 14.5, 270.0, 94.0, 1974-07-17 00:00:00, 4.3
13.0, 16.0, 270.0, 84.0, 1974-07-18 00:00:00, 0.3
14.0, 14.0, 270.0, 88.0, 1974-07-19 00:00:00, 2.8
23.0, 18.5, 270.0, 70.0, 1974-07-20 00:00:00, 0.0
5.0, 22.0, 270.0, 69.0, 1974-07-21 00:00:00, 0.0
6.0, 18.0, 270.0, 95.0, 1974-07-22 00:00:00, 0.0
14.0, 16.5, 270.0, 84.0, 1974-07-23 00:00:00, 0.0
35.0, 16.5, 270.0, 79.0, 1974-07-24 00:00:00, 0.0
6.0, 18.5, 270.0, 70.0, 1974-07-25 00:00:00, 0.0
8.0, 19.5, 270.0, 71.0, 1974-07-26 00:00:00, 0.0
0.0, 21.0, 0.0, 72.0, 1974-07-27 00:00:00, 0.0
14.0, 23.5, 270.0, 74.0, 1974-07-28 00:00:00, 0.0
23.0, 24.0, 270.0, 63.0, 1974-07-29 00:00:00, 0.0
8.0, 22.0, 270.0, 61.0, 1974-07-30 00:00:00, 0.0
8.0, 23.5, 270.0, 66.0, 1974-07-31 00:00:00, 0.0
5.0, 25.5, 270.0, 53.0, 1974-08-01 00:00:00, 0.0
8.0, 23.5, 270.0, 62.0, 1974-08-02 00:00:00, 0.0
23.0, 22.0, 270.0, 73.0, 1974-08-03 00:00:00, 0.0
19.0, 19.5, 270.0, 76.0, 1974-08-04 00:00:00, 0.0
29.0, 18.0, 270.0, 70.0, 1974-08-05 00:00:00, 0.0
29.0, 18.5, 270.0, 70.0, 1974-08-06 00:00:00, 0.0
35.0, 19.0, 270.0, 66.0, 1974-08-07 00:00:00, 0.0
16.0, 20.5, 270.0, 72.0, 1974-08-08 00:00:00, 0.0
32.0, 24.0, 270.0, 48.0, 1974-08-09 00:00:00, 0.0
23.0, 18.5, 270.0, 85.0, 1974-08-10 00:00:00, 0.0
0.0, 16.0, 0.0, 84.0, 1974-08-11 00:00:00, 0.0
0.0, 18.5, 0.0, 80.0, 1974-08-12 00:00:00, 1.8
0.0, 22.0, 0.0, 61.0, 1974-08-13 00:00:00, 0.0
8.0, 21.5, 270.0, 77.0, 1974-08-14 00:00:00, 0.0
10.0, 21.0, 270.0, 77.0, 1974-08-15 00:00:00, 0.0
13.0, 21.5, 270.0, 73.0, 1974-08-16 00:00:00, 0.0
10.0, 21.0, 270.0, 81.0, 1974-08-17 00:00:00, 0.0
29.0, 19.5, 270.0, 67.0, 1974-08-18 00:00:00, 0.0
23.0, 18.0, 270.0, 79.0, 1974-08-19 00:00:00, 0.0
26.0, 18.0, 270.0, 75.0, 1974-08-20 00:00:00, 0.0
16.0, 18.0, 270.0, 70.0, 1974-08-21 00:00:00, 0.0
13.0, 16.0, 270.0, 89.0, 1974-08-22 00:00:00, 0.0
6.0, 18.5, 270.0, 85.0, 1974-08-23 00:00:00, 0.8
32.0, 16.5, 270.0, 41.0, 1974-08-24 00:00:00, 0.0
6.0, 16.5, 270.0, 84.0, 1974-08-25 00:00:00, 0.0
0.0, 21.5, 0.0, 73.0, 1974-08-26 00:00:00, 0.0
0.0, 25.0, 0.0, 67.0, 1974-08-27 00:00:00, 0.0
0.0, 26.5, 0.0, 61.0, 1974-08-28 00:00:00, 0.0
0.0, 27.0, 0.0, 68.0, 1974-08-29 00:00:00, 0.0
0.0, 28.0, 0.0, 55.0, 1974-08-30 00:00:00, 0.0
0.0, 25.0, 0.0, 75.0, 1974-08-31 00:00:00, 0.0
0.0, 26.5, 0.0, 47.0, 1974-09-01 00:00:00, 0.0
0.0, 25.5, 0.0, 57.0, 1974-09-02 00:00:00, 0.0
0.0, 23.5, 0.0, 66.0, 1974-09-03 00:00:00, 0.0
0.0, 16.5, 0.0, 94.0, 1974-09-04 00:00:00, 0.8
10.0, 16.0, 270.0, 89.0, 1974-09-05 00:00:00, 2.8
19.0, 16.0, 270.0, 84.0, 1974-09-06 00:00:00, 5.1
0.0, 17.0, 0.0, 84.0, 1974-09-07 00:00:00, 0.5
0.0, 18.5, 0.0, 90.0, 1974-09-08 00:00:00, 0.0
5.0, 14.5, 270.0, 94.0, 1974-09-09 00:00:00, 5.1
10.0, 16.5, 270.0, 84.0, 1974-09-10 00:00:00, 0.0
0.0, 18.5, 0.0, 70.0, 1974-09-11 00:00:00, 0.0
0.0, 20.0, 0.0, 72.0, 1974-09-12 00:00:00, 0.0
0.0, 21.0, 0.0, 86.0, 1974-09-13 00:00:00, 0.0
0.0, 21.0, 0.0, 77.0, 1974-09-14 00:00:00, 0.0
0.0, 19.5, 0.0, 76.0, 1974-09-15 00:00:00, 0.0
8.0, 18.5, 270.0, 90.0, 1974-09-16 00:00:00, 0.0
11.0, 19.5, 270.0, 80.0, 1974-09-17 00:00:00, 0.0
0.0, 19.0, 0.0, 85.0, 1974-09-18 00:00:00, 0.0
0.0, 19.5, 0.0, 85.0, 1974-09-19 00:00:00, 0.0
0.0, 22.0, 0.0, 61.0, 1974-09-20 00:00:00, 0.0
0.0, 24.0, 0.0, 63.0, 1974-09-21 00:00:00, 0.0
0.0, 21.0, 0.0, 68.0, 1974-09-22 00:00:00, 0.0
0.0, 21.5, 0.0, 60.0, 1974-09-23 00:00:00, 0.0
0.0, 21.0, 0.0, 60.0, 1974-09-24 00:00:00, 0.0
35.0, 20.0, 270.0, 55.0, 1974-09-25 00:00:00, 0.0
32.0, 15.5, 270.0, 78.0, 1974-09-26 00:00:00, 0.0
32.0, 12.0, 270.0, 88.0, 1974-09-27 00:00:00, 0.0
16.0, 13.0, 270.0, 82.0, 1974-09-28 00:00:00, 0.8
10.0, 11.0, 270.0, 94.0, 1974-09-29 00:00:00, 0.0
6.0, 10.0, 270.0, 87.0, 1974-09-30 00:00:00, 0.0
0.0, 14.5, 0.0, 57.0, 1975-05-01 00:00:00, 0.0
8.0, 15.5, 270.0, 35.0, 1975-05-02 00:00:00, 0.0
16.0, 10.0, 270.0, 74.0, 1975-05-03 00:00:00, 25.7
0.0, 15.0, 0.0, 68.0, 1975-05-04 00:00:00, 6.1
19.0, 14.0, 270.0, 56.0, 1975-05-05 00:00:00, 0.0
31.0, 9.0, 270.0, 73.0, 1975-05-06 00:00:00, 0.8
11.0, 16.0, 270.0, 40.0, 1975-05-07 00:00:00, 0.0
10.0, 20.0, 270.0, 35.0, 1975-05-08 00:00:00, 0.0
0.0, 24.0, 0.0, 34.0, 1975-05-09 00:00:00, 0.0
19.0, 23.5, 270.0, 37.0, 1975-05-10 00:00:00, 0.0
16.0, 12.0, 270.0, 88.0, 1975-05-11 00:00:00, 0.5
26.0, 14.0, 270.0, 61.0, 1975-05-12 00:00:00, 1.0
0.0, 18.0, 0.0, 39.0, 1975-05-13 00:00:00, 0.0
19.0, 21.5, 270.0, 34.0, 1975-05-14 00:00:00, 0.0
32.0, 12.0, 270.0, 70.0, 1975-05-15 00:00:00, 0.3
0.0, 14.0, 0.0, 72.0, 1975-05-16 00:00:00, 0.0
0.0, 9.0, 0.0, 80.0, 1975-05-17 00:00:00, 0.3
19.0, 9.0, 270.0, 73.0, 1975-05-18 00:00:00, 9.7
16.0, 13.5, 270.0, 50.0, 1975-05-19 00:00:00, 0.0
8.0, 15.5, 270.0, 63.0, 1975-05-20 00:00:00, 0.0
29.0, 15.0, 270.0, 63.0, 1975-05-21 00:00:00, 0.0
14.0, 9.0, 270.0, 80.0, 1975-05-22 00:00:00, 0.0
29.0, 10.0, 270.0, 74.0, 1975-05-23 00:00:00, 0.3
29.0, 13.5, 270.0, 50.0, 1975-05-24 00:00:00, 0.0
26.0, 16.5, 270.0, 74.0, 1975-05-25 00:00:00, 0.0
29.0, 18.5, 270.0, 44.0, 1975-05-26 00:00:00, 0.0
19.0, 20.5, 270.0, 44.0, 1975-05-27 00:00:00, 0.0
16.0, 17.0, 270.0, 70.0, 1975-05-28 00:00:00, 1.5
26.0, 20.0, 270.0, 51.0, 1975-05-29 00:00:00, 0.0
23.0, 23.0, 270.0, 43.0, 1975-05-30 00:00:00, 0.0
10.0, 24.5, 270.0, 38.0, 1975-05-31 00:00:00, 0.0
8.0, 9.0, 0.0, 95.0, 1975-06-01 00:00:00, 0.0
19.0, 9.5, 0.0, 95.0, 1975-06-02 00:00:00, 0.0
29.0, 9.5, 0.0, 98.0, 1975-06-03 00:00:00, 4.6
13.0, 10.0, 0.0, 95.0, 1975-06-04 00:00:00, 10.4
19.0, 10.0, 0.0, 80.0, 1975-06-05 00:00:00, 0.3
14.0, 11.0, 0.0, 71.0, 1975-06-06 00:00:00, 0.0
10.0, 11.0, 0.0, 70.0, 1975-06-07 00:00:00, 0.0
8.0, 11.0, 0.0, 75.0, 1975-06-08 00:00:00, 0.0
13.0, 9.5, 0.0, 98.0, 1975-06-09 00:00:00, 0.0
21.0, 13.0, 0.0, 69.0, 1975-06-10 00:00:00, 9.7
19.0, 13.0, 0.0, 68.0, 1975-06-11 00:00:00, 0.0
23.0, 9.0, 0.0, 98.0, 1975-06-12 00:00:00, 0.0
11.0, 10.0, 0.0, 99.0, 1975-06-13 00:00:00, 18.3
23.0, 10.0, 0.0, 98.0, 1975-06-14 00:00:00, 1.3
10.0, 9.5, 0.0, 99.0, 1975-06-15 00:00:00, 7.9
14.0, 11.5, 0.0, 78.0, 1975-06-16 00:00:00, 0.0
19.0, 15.5, 0.0, 69.0, 1975-06-17 00:00:00, 0.0
8.0, 16.5, 0.0, 66.0, 1975-06-18 00:00:00, 0.0
13.0, 16.5, 0.0, 65.0, 1975-06-19 00:00:00, 0.0
19.0, 13.5, 0.0, 63.0, 1975-06-20 00:00:00, 0.0
14.0, 10.5, 0.0, 72.0, 1975-06-21 00:00:00, 0.0
8.0, 9.5, 0.0, 95.0, 1975-06-22 00:00:00, 0.0
10.0, 13.5, 0.0, 72.0, 1975-06-23 00:00:00, 3.0
13.0, 9.5, 0.0, 95.0, 1975-06-24 00:00:00, 0.0
14.0, 11.0, 0.0, 90.0, 1975-06-25 00:00:00, 3.8
10.0, 11.0, 0.0, 83.0, 1975-06-26 00:00:00, 0.3
19.0, 12.0, 0.0, 76.0, 1975-06-27 00:00:00, 0.0
13.0, 11.5, 0.0, 84.0, 1975-06-28 00:00:00, 0.0
5.0, 12.5, 0.0, 75.0, 1975-06-29 00:00:00, 0.0
13.0, 15.0, 0.0, 69.0, 1975-06-30 00:00:00, 0.0
26.0, 24.0, 270.0, 59.0, 1975-07-01 00:00:00, 0.0
32.0, 25.0, 270.0, 56.0, 1975-07-02 00:00:00, 0.0
26.0, 25.0, 270.0, 52.0, 1975-07-03 00:00:00, 0.0
13.0, 28.0, 270.0, 55.0, 1975-07-04 00:00:00, 0.0
29.0, 26.5, 270.0, 54.0, 1975-07-05 00:00:00, 0.0
13.0, 27.0, 270.0, 51.0, 1975-07-06 00:00:00, 0.0
0.0, 30.5, 0.0, 54.0, 1975-07-07 00:00:00, 0.0
11.0, 26.5, 270.0, 64.0, 1975-07-08 00:00:00, 0.5
23.0, 26.0, 270.0, 64.0, 1975-07-09 00:00:00, 0.0
23.0, 23.0, 270.0, 73.0, 1975-07-10 00:00:00, 0.0
16.0, 24.5, 270.0, 63.0, 1975-07-11 00:00:00, 0.0
26.0, 20.0, 270.0, 59.0, 1975-07-12 00:00:00, 0.0
26.0, 23.0, 270.0, 58.0, 1975-07-13 00:00:00, 0.0
14.0, 20.0, 270.0, 76.0, 1975-07-14 00:00:00, 0.0
29.0, 18.0, 270.0, 79.0, 1975-07-15 00:00:00, 0.0
42.0, 20.5, 270.0, 55.0, 1975-07-16 00:00:00, 0.0
23.0, 20.0, 270.0, 63.0, 1975-07-17 00:00:00, 0.0
16.0, 16.5, 270.0, 79.0, 1975-07-18 00:00:00, 2.5
23.0, 16.0, 270.0, 79.0, 1975-07-19 00:00:00, 0.0
23.0, 16.5, 270.0, 69.0, 1975-07-20 00:00:00, 1.5
23.0, 20.5, 270.0, 55.0, 1975-07-21 00:00:00, 0.0
16.0, 23.0, 270.0, 54.0, 1975-07-22 00:00:00, 0.0
0.0, 25.5, 0.0, 53.0, 1975-07-23 00:00:00, 0.0
16.0, 19.5, 270.0, 76.0, 1975-07-24 00:00:00, 1.3
8.0, 18.0, 270.0, 70.0, 1975-07-25 00:00:00, 0.0
11.0, 19.0, 270.0, 85.0, 1975-07-26 00:00:00, 0.0
32.0, 15.5, 270.0, 73.0, 1975-07-27 00:00:00, 13.5
29.0, 17.0, 270.0, 56.0, 1975-07-28 00:00:00, 0.0
16.0, 17.0, 270.0, 65.0, 1975-07-29 00:00:00, 0.0
14.0, 15.5, 270.0, 73.0, 1975-07-30 00:00:00, 0.0
23.0, 19.5, 270.0, 71.0, 1975-07-31 00:00:00, 0.0
29.0, 16.0, 270.0, 79.0, 1975-08-01 00:00:00, 4.3
23.0, 16.0, 270.0, 74.0, 1975-08-02 00:00:00, 3.6
0.0, 15.0, 0.0, 89.0, 1975-08-03 00:00:00, 9.4
14.0, 18.5, 270.0, 75.0, 1975-08-04 00:00:00, 7.1
13.0, 17.0, 270.0, 79.0, 1975-08-05 00:00:00, 0.5
14.0, 15.0, 270.0, 78.0, 1975-08-06 00:00:00, 0.0
11.0, 15.0, 270.0, 89.0, 1975-08-07 00:00:00, 6.9
32.0, 16.5, 270.0, 64.0, 1975-08-08 00:00:00, 0.0
10.0, 14.5, 270.0, 89.0, 1975-08-09 00:00:00, 0.3
32.0, 15.0, 270.0, 73.0, 1975-08-10 00:00:00, 0.0
19.0, 18.5, 270.0, 62.0, 1975-08-11 00:00:00, 0.0
0.0, 25.5, 0.0, 40.0, 1975-08-12 00:00:00, 0.0
0.0, 27.0, 0.0, 51.0, 1975-08-13 00:00:00, 0.0
10.0, 28.0, 270.0, 46.0, 1975-08-14 00:00:00, 0.0
0.0, 19.0, 0.0, 85.0, 1975-08-15 00:00:00, 0.8
0.0, 19.0, 0.0, 85.0, 1975-08-16 00:00:00, 2.5
16.0, 19.5, 270.0, 80.0, 1975-08-17 00:00:00, 0.0
14.0, 23.0, 270.0, 73.0, 1975-08-18 00:00:00, 0.0
10.0, 19.0, 270.0, 71.0, 1975-08-19 00:00:00, 0.0
10.0, 18.5, 270.0, 85.0, 1975-08-20 00:00:00, 2.3
39.0, 16.0, 270.0, 59.0, 1975-08-21 00:00:00, 1.0
19.0, 18.0, 270.0, 56.0, 1975-08-22 00:00:00, 0.0
19.0, 21.0, 270.0, 60.0, 1975-08-23 00:00:00, 0.0
19.0, 18.5, 270.0, 62.0, 1975-08-24 00:00:00, 0.0
13.0, 14.5, 270.0, 83.0, 1975-08-25 00:00:00, 0.0
0.0, 16.5, 0.0, 79.0, 1975-08-26 00:00:00, 4.8
13.0, 20.5, 270.0, 77.0, 1975-08-27 00:00:00, 0.0
0.0, 16.5, 0.0, 84.0, 1975-08-28 00:00:00, 4.1
0.0, 15.0, 0.0, 78.0, 1975-08-29 00:00:00, 0.0
10.0, 18.0, 270.0, 70.0, 1975-08-30 00:00:00, 1.0
23.0, 18.0, 270.0, 66.0, 1975-08-31 00:00:00, 0.0
0.0, 0.0, 0.0, 0.0, 1975-09-01 00:00:00, 0.0
0.0, 0.0, 0.0, 0.0, 1975-09-02 00:00:00, 0.0
0.0, 0.0, 0.0, 0.0, 1975-09-03 00:00:00, 0.0
0.0, 0.0, 0.0, 0.0, 1975-09-04 00:00:00, 0.0
0.0, 0.0, 0.0, 0.0, 1975-09-05 00:00:00, 0.0
0.0, 0.0, 0.0, 0.0, 1975-09-06 00:00:00, 0.0
0.0, 0.0, 0.0, 0.0, 1975-09-07 00:00:00, 0.0
25.0, 21.0, 0.0, 50.0, 1976-05-01 00:00:00, 0.0
14.0, 14.5, 270.0, 71.0, 1976-05-02 00:00:00, 1.5
21.0, 16.5, 0.0, 51.0, 1976-05-03 00:00:00, 0.0
11.0, 12.0, 270.0, 84.0, 1976-05-04 00:00:00, 0.0
16.0, 14.0, 270.0, 61.0, 1976-05-05 00:00:00, 0.0
11.0, 12.0, 270.0, 73.0, 1976-05-06 00:00:00, 0.0
10.0, 15.5, 270.0, 62.0, 1976-05-07 00:00:00, 0.0
16.0, 16.0, 270.0, 76.0, 1976-05-08 00:00:00, 2.5
5.0, 20.0, 270.0, 45.0, 1976-05-09 00:00:00, 0.0
22.0, 12.0, 270.0, 78.0, 1976-05-10 00:00:00, 4.6
16.0, 12.0, 270.0, 58.0, 1976-05-11 00:00:00, 3.1
8.0, 10.0, 270.0, 82.0, 1976-05-12 00:00:00, 4.3
29.0, 11.0, 270.0, 67.0, 1976-05-13 00:00:00, 13.5
16.0, 15.0, 270.0, 57.0, 1976-05-14 00:00:00, 0.0
10.0, 18.0, 270.0, 49.0, 1976-05-15 00:00:00, 0.0
6.0, 21.0, 270.0, 39.0, 1976-05-16 00:00:00, 0.0
22.0, 9.5, 270.0, 65.0, 1976-05-17 00:00:00, 1.3
16.0, 13.0, 270.0, 55.0, 1976-05-18 00:00:00, 0.0
11.0, 15.5, 270.0, 54.0, 1976-05-19 00:00:00, 0.0
8.0, 13.0, 270.0, 64.0, 1976-05-20 00:00:00, 0.0
13.0, 15.0, 270.0, 62.0, 1976-05-21 00:00:00, 0.0
14.0, 11.5, 270.0, 78.0, 1976-05-22 00:00:00, 1.0
13.0, 14.0, 270.0, 75.0, 1976-05-23 00:00:00, 3.8
6.0, 14.0, 270.0, 65.0, 1976-05-24 00:00:00, 0.0
8.0, 11.5, 270.0, 67.0, 1976-05-25 00:00:00, 2.3
13.0, 14.0, 270.0, 70.0, 1976-05-26 00:00:00, 1.5
19.0, 11.0, 270.0, 72.0, 1976-05-27 00:00:00, 7.6
22.0, 11.5, 270.0, 38.0, 1976-05-28 00:00:00, 0.0
8.0, 14.0, 270.0, 56.0, 1976-05-29 00:00:00, 0.0
29.0, 15.0, 270.0, 53.0, 1976-05-30 00:00:00, 0.0
16.0, 13.0, 270.0, 69.0, 1976-05-31 00:00:00, 0.0
38.0, 10.0, 270.0, 77.0, 1976-06-01 00:00:00, 3.6
29.0, 10.5, 270.0, 94.0, 1976-06-02 00:00:00, 1.0
19.0, 15.0, 270.0, 57.0, 1976-06-03 00:00:00, 0.0
29.0, 16.0, 270.0, 59.0, 1976-06-04 00:00:00, 0.0
19.0, 18.5, 270.0, 54.0, 1976-06-05 00:00:00, 0.0
14.0, 22.0, 270.0, 54.0, 1976-06-06 00:00:00, 0.0
8.0, 22.0, 270.0, 54.0, 1976-06-07 00:00:00, 0.0
26.0, 21.0, 270.0, 56.0, 1976-06-08 00:00:00, 0.0
19.0, 11.5, 270.0, 89.0, 1976-06-09 00:00:00, 0.8
22.0, 14.0, 270.0, 70.0, 1976-06-10 00:00:00, 0.8
19.0, 14.0, 270.0, 66.0, 1976-06-11 00:00:00, 0.0
29.0, 10.0, 270.0, 77.0, 1976-06-12 00:00:00, 2.5
13.0, 18.0, 270.0, 57.0, 1976-06-13 00:00:00, 0.0
6.0, 14.0, 270.0, 90.0, 1976-06-14 00:00:00, 5.8
14.0, 15.5, 270.0, 95.0, 1976-06-15 00:00:00, 18.3
13.0, 21.5, 270.0, 64.0, 1976-06-16 00:00:00, 1.0
14.0, 23.5, 270.0, 69.0, 1976-06-17 00:00:00, 0.0
14.0, 16.0, 270.0, 90.0, 1976-06-18 00:00:00, 2.5
29.0, 14.5, 270.0, 66.0, 1976-06-19 00:00:00, 2.5
12.0, 18.0, 270.0, 49.0, 1976-06-20 00:00:00, 0.0
19.0, 15.5, 270.0, 80.0, 1976-06-21 00:00:00, 0.0
32.0, 17.0, 270.0, 64.0, 1976-06-22 00:00:00, 0.0
19.0, 17.0, 270.0, 79.0, 1976-06-23 00:00:00, 0.0
38.0, 13.5, 270.0, 69.0, 1976-06-24 00:00:00, 4.1
45.0, 11.0, 270.0, 78.0, 1976-06-25 00:00:00, 0.0
29.0, 16.0, 270.0, 72.0, 1976-06-26 00:00:00, 1.0
16.0, 21.0, 270.0, 56.0, 1976-06-27 00:00:00, 0.0
11.0, 20.0, 270.0, 71.0, 1976-06-28 00:00:00, 0.0
8.0, 18.5, 270.0, 78.0, 1976-06-29 00:00:00, 0.0
26.0, 18.5, 270.0, 82.0, 1976-06-30 00:00:00, 1.5
26.0, 18.5, 270.0, 65.0, 1976-07-01 00:00:00, 0.0
14.0, 16.5, 270.0, 81.0, 1976-07-02 00:00:00, 1.0
14.0, 19.0, 270.0, 74.0, 1976-07-03 00:00:00, 0.0
22.0, 19.0, 270.0, 70.0, 1976-07-04 00:00:00, 1.0
17.0, 23.5, 0.0, 52.0, 1976-07-05 00:00:00, 0.0
14.0, 19.0, 270.0, 74.0, 1976-07-06 00:00:00, 0.0
16.0, 19.0, 270.0, 78.0, 1976-07-07 00:00:00, 0.0
26.0, 18.5, 270.0, 69.0, 1976-07-08 00:00:00, 1.0
22.0, 17.0, 270.0, 64.0, 1976-07-09 00:00:00, 0.0
22.0, 20.5, 270.0, 63.0, 1976-07-10 00:00:00, 0.0
26.0, 17.0, 270.0, 72.0, 1976-07-11 00:00:00, 0.0
22.0, 16.0, 270.0, 76.0, 1976-07-12 00:00:00, 0.0
19.0, 16.0, 270.0, 72.0, 1976-07-13 00:00:00, 4.1
6.0, 21.0, 270.0, 75.0, 1976-07-14 00:00:00, 0.0
11.0, 23.5, 270.0, 66.0, 1976-07-15 00:00:00, 0.0
19.0, 19.0, 270.0, 66.0, 1976-07-16 00:00:00, 0.0
29.0, 17.0, 270.0, 64.0, 1976-07-17 00:00:00, 0.0
16.0, 18.5, 270.0, 61.0, 1976-07-18 00:00:00, 0.0
22.0, 19.0, 270.0, 74.0, 1976-07-19 00:00:00, 0.0
16.0, 22.0, 270.0, 72.0, 1976-07-20 00:00:00, 0.0
14.0, 15.5, 270.0, 76.0, 1976-07-21 00:00:00, 0.0
19.0, 22.0, 270.0, 76.0, 1976-07-22 00:00:00, 1.0
14.0, 16.0, 270.0, 90.0, 1976-07-23 00:00:00, 1.3
22.0, 19.5, 270.0, 62.0, 1976-07-24 00:00:00, 3.8
19.0, 20.0, 270.0, 67.0, 1976-07-25 00:00:00, 0.0
32.0, 15.0, 270.0, 62.0, 1976-07-26 00:00:00, 0.8
26.0, 18.0, 270.0, 73.0, 1976-07-27 00:00:00, 0.0
19.0, 18.0, 270.0, 77.0, 1976-07-28 00:00:00, 7.6
8.0, 15.5, 270.0, 95.0, 1976-07-29 00:00:00, 1.3
19.0, 20.5, 270.0, 83.0, 1976-07-30 00:00:00, 2.3
11.0, 18.5, 270.0, 86.0, 1976-07-31 00:00:00, 11.7
8.0, 24.5, 270.0, 47.0, 1976-08-01 00:00:00, 0.0
10.0, 20.0, 270.0, 83.0, 1976-08-02 00:00:00, 0.0
6.0, 24.5, 270.0, 70.0, 1976-08-03 00:00:00, 0.0
13.0, 18.5, 270.0, 82.0, 1976-08-04 00:00:00, 0.0
10.0, 24.0, 270.0, 66.0, 1976-08-05 00:00:00, 0.0
14.0, 22.0, 270.0, 76.0, 1976-08-06 00:00:00, 0.0
26.0, 23.0, 270.0, 80.0, 1976-08-07 00:00:00, 0.0
26.0, 19.5, 270.0, 74.0, 1976-08-08 00:00:00, 0.0
10.0, 21.0, 270.0, 67.0, 1976-08-09 00:00:00, 0.5
16.0, 23.0, 270.0, 76.0, 1976-08-10 00:00:00, 0.0
13.0, 19.0, 270.0, 82.0, 1976-08-11 00:00:00, 0.3
26.0, 17.0, 270.0, 81.0, 1976-08-12 00:00:00, 0.0
16.0, 21.5, 270.0, 75.0, 1976-08-13 00:00:00, 0.0
22.0, 18.0, 270.0, 77.0, 1976-08-14 00:00:00, 12.5
8.0, 21.0, 270.0, 67.0, 1976-08-15 00:00:00, 0.0
32.0, 18.0, 270.0, 77.0, 1976-08-16 00:00:00, 2.8
35.0, 19.5, 270.0, 58.0, 1976-08-17 00:00:00, 0.0
19.0, 19.5, 270.0, 62.0, 1976-08-18 00:00:00, 0.0
13.0, 13.0, 270.0, 84.0, 1976-08-19 00:00:00, 13.5
26.0, 17.0, 270.0, 77.0, 1976-08-20 00:00:00, 5.6
8.0, 16.0, 270.0, 76.0, 1976-08-21 00:00:00, 0.0
19.0, 18.5, 270.0, 65.0, 1976-08-22 00:00:00, 0.5
11.0, 20.5, 270.0, 71.0, 1976-08-23 00:00:00, 0.0
11.0, 19.5, 270.0, 74.0, 1976-08-24 00:00:00, 4.1
22.0, 15.0, 270.0, 71.0, 1976-08-25 00:00:00, 0.0
10.0, 19.0, 270.0, 66.0, 1976-08-26 00:00:00, 0.0
8.0, 16.5, 270.0, 76.0, 1976-08-27 00:00:00, 2.3
8.0, 14.5, 270.0, 95.0, 1976-08-28 00:00:00, 7.6
5.0, 15.5, 270.0, 90.0, 1976-08-29 00:00:00, 13.5
7.0, 19.5, 0.0, 78.0, 1976-08-30 00:00:00, 0.0
10.0, 21.5, 270.0, 72.0, 1976-08-31 00:00:00, 0.0
19.0, 15.5, 270.0, 90.0, 1976-09-01 00:00:00, 0.8
16.0, 15.0, 270.0, 80.0, 1976-09-02 00:00:00, 2.3
13.0, 18.5, 270.0, 82.0, 1976-09-03 00:00:00, 2.8
19.0, 15.0, 270.0, 90.0, 1976-09-04 00:00:00, 11.2
26.0, 14.0, 270.0, 70.0, 1976-09-05 00:00:00, 1.3
29.0, 16.5, 270.0, 59.0, 1976-09-06 00:00:00, 2.5
5.0, 16.5, 270.0, 55.0, 1976-09-07 00:00:00, 0.0
5.0, 17.0, 270.0, 68.0, 1976-09-08 00:00:00, 0.0
13.0, 19.0, 0.0, 56.0, 1976-09-09 00:00:00, 0.0
14.0, 17.0, 270.0, 77.0, 1976-09-10 00:00:00, 0.0
10.0, 16.0, 270.0, 85.0, 1976-09-11 00:00:00, 0.0
13.0, 15.5, 270.0, 80.0, 1976-09-12 00:00:00, 6.9
5.0, 15.5, 270.0, 90.0, 1976-09-13 00:00:00, 0.3
16.0, 16.0, 270.0, 81.0, 1976-09-14 00:00:00, 3.6
10.0, 16.5, 270.0, 76.0, 1976-09-15 00:00:00, 0.0
16.0, 16.5, 270.0, 81.0, 1976-09-16 00:00:00, 0.0
6.0, 20.0, 270.0, 67.0, 1976-09-17 00:00:00, 0.0
8.0, 21.0, 270.0, 67.0, 1976-09-18 00:00:00, 0.0
6.0, 23.0, 270.0, 55.0, 1976-09-19 00:00:00, 0.0
10.0, 24.5, 270.0, 57.0, 1976-09-20 00:00:00, 0.0
5.0, 23.5, 270.0, 55.0, 1976-09-21 00:00:00, 0.0
10.0, 16.5, 270.0, 86.0, 1976-09-22 00:00:00, 0.0
16.0, 17.0, 270.0, 90.0, 1976-09-23 00:00:00, 2.5
10.0, 20.5, 0.0, 79.0, 1976-09-24 00:00:00, 0.0
8.0, 25.5, 270.0, 64.0, 1976-09-25 00:00:00, 0.0
11.0, 21.5, 0.0, 61.0, 1976-09-26 00:00:00, 0.0
10.0, 18.0, 270.0, 77.0, 1976-09-27 00:00:00, 0.0
8.0, 14.5, 270.0, 90.0, 1976-09-28 00:00:00, 1.8
48.0, 15.5, 270.0, 68.0, 1976-09-29 00:00:00, 0.3
15.0, 15.0, 270.0, 62.0, 1976-09-30 00:00:00, 0.0
14.0, 20.0, 270.0, 75.0, 1977-05-01 00:00:00, 0.0
22.0, 14.0, 270.0, 70.0, 1977-05-02 00:00:00, 0.0
38.0, 14.0, 270.0, 43.0, 1977-05-03 00:00:00, 2.5
14.0, 14.0, 270.0, 51.0, 1977-05-04 00:00:00, 0.0
14.0, 10.0, 270.0, 77.0, 1977-05-05 00:00:00, 0.0
0.0, 19.0, 0.0, 69.0, 1977-05-06 00:00:00, 1.0
26.0, 20.0, 270.0, 83.0, 1977-05-07 00:00:00, 0.0
22.0, 19.0, 270.0, 66.0, 1977-05-08 00:00:00, 0.0
22.0, 16.0, 270.0, 72.0, 1977-05-09 00:00:00, 0.0
35.0, 16.0, 270.0, 46.0, 1977-05-10 00:00:00, 0.0
32.0, 14.0, 270.0, 43.0, 1977-05-11 00:00:00, 0.0
14.0, 14.0, 270.0, 43.0, 1977-05-12 00:00:00, 0.0
38.0, 10.0, 270.0, 55.0, 1977-05-13 00:00:00, 3.3
11.0, 16.0, 270.0, 54.0, 1977-05-14 00:00:00, 0.0
10.0, 15.0, 270.0, 71.0, 1977-05-15 00:00:00, 0.0
11.0, 17.0, 270.0, 81.0, 1977-05-16 00:00:00, 0.0
14.0, 20.0, 90.0, 59.0, 1977-05-17 00:00:00, 0.0
6.0, 20.0, 90.0, 59.0, 1977-05-18 00:00:00, 0.0
26.0, 16.0, 270.0, 81.0, 1977-05-19 00:00:00, 0.0
5.0, 19.0, 270.0, 58.0, 1977-05-20 00:00:00, 0.0
29.0, 16.0, 270.0, 54.0, 1977-05-21 00:00:00, 3.0
11.0, 15.0, 270.0, 71.0, 1977-05-22 00:00:00, 0.0
16.0, 13.0, 270.0, 79.0, 1977-05-23 00:00:00, 0.0
19.0, 14.0, 270.0, 43.0, 1977-05-24 00:00:00, 0.0
0.0, 16.0, 0.0, 63.0, 1977-05-25 00:00:00, 0.0
22.0, 16.0, 270.0, 63.0, 1977-05-26 00:00:00, 0.0
10.0, 17.0, 270.0, 56.0, 1977-05-27 00:00:00, 0.0
35.0, 16.0, 270.0, 54.0, 1977-05-28 00:00:00, 0.0
29.0, 19.0, 270.0, 82.0, 1977-05-29 00:00:00, 0.0
11.0, 18.0, 270.0, 34.0, 1977-05-30 00:00:00, 0.0
26.0, 17.0, 270.0, 64.0, 1977-05-31 00:00:00, 0.0
22.0, 10.0, 270.0, 77.0, 1977-06-01 00:00:00, 0.0
26.0, 15.0, 270.0, 62.0, 1977-06-02 00:00:00, 2.5
8.0, 21.0, 270.0, 60.0, 1977-06-03 00:00:00, 0.0
6.0, 19.0, 270.0, 82.0, 1977-06-04 00:00:00, 0.5
19.0, 20.0, 270.0, 67.0, 1977-06-05 00:00:00, 0.0
14.0, 17.0, 270.0, 81.0, 1977-06-06 00:00:00, 2.0
26.0, 20.0, 270.0, 59.0, 1977-06-07 00:00:00, 0.0
19.0, 17.0, 270.0, 64.0, 1977-06-08 00:00:00, 0.5
32.0, 17.0, 270.0, 72.0, 1977-06-09 00:00:00, 0.0
16.0, 26.0, 270.0, 46.0, 1977-06-10 00:00:00, 0.0
29.0, 27.0, 270.0, 41.0, 1977-06-11 00:00:00, 0.0
26.0, 26.0, 270.0, 35.0, 1977-06-12 00:00:00, 0.0
22.0, 26.0, 270.0, 46.0, 1977-06-13 00:00:00, 0.0
16.0, 26.0, 270.0, 49.0, 1977-06-14 00:00:00, 2.5
35.0, 22.0, 270.0, 68.0, 1977-06-15 00:00:00, 0.0
14.0, 28.0, 270.0, 43.0, 1977-06-16 00:00:00, 0.0
16.0, 25.0, 270.0, 57.0, 1977-06-17 00:00:00, 0.0
19.0, 23.0, 270.0, 62.0, 1977-06-18 00:00:00, 0.0
32.0, 20.0, 270.0, 67.0, 1977-06-19 00:00:00, 0.3
19.0, 19.0, 270.0, 70.0, 1977-06-20 00:00:00, 0.5
13.0, 17.0, 270.0, 90.0, 1977-06-21 00:00:00, 16.8
35.0, 18.0, 270.0, 65.0, 1977-06-22 00:00:00, 6.1
22.0, 19.0, 270.0, 58.0, 1977-06-23 00:00:00, 0.0
32.0, 20.0, 270.0, 59.0, 1977-06-24 00:00:00, 1.3
29.0, 17.0, 270.0, 64.0, 1977-06-25 00:00:00, 0.0
13.0, 18.0, 270.0, 73.0, 1977-06-26 00:00:00, 3.1
26.0, 18.0, 270.0, 65.0, 1977-06-27 00:00:00, 1.3
48.0, 16.0, 230.0, 72.0, 1977-06-28 00:00:00, 0.1
32.0, 18.0, 270.0, 49.0, 1977-06-29 00:00:00, 0.0
14.0, 17.0, 270.0, 81.0, 1977-06-30 00:00:00, 0.0
14.0, 15.0, 270.0, 71.0, 1977-07-01 00:00:00, 0.0
45.0, 18.0, 230.0, 65.0, 1977-07-02 00:00:00, 0.0
22.0, 18.0, 270.0, 65.0, 1977-07-03 00:00:00, 0.3
29.0, 19.0, 270.0, 50.0, 1977-07-04 00:00:00, 0.0
22.0, 14.0, 270.0, 80.0, 1977-07-05 00:00:00, 8.1
32.0, 19.0, 270.0, 58.0, 1977-07-06 00:00:00, 0.0
10.0, 20.0, 270.0, 67.0, 1977-07-07 00:00:00, 0.0
6.0, 18.0, 270.0, 73.0, 1977-07-08 00:00:00, 4.6
29.0, 18.0, 270.0, 65.0, 1977-07-09 00:00:00, 0.0
14.0, 18.0, 270.0, 82.0, 1977-07-10 00:00:00, 0.0
32.0, 17.0, 270.0, 72.0, 1977-07-11 00:00:00, 0.0
11.0, 19.0, 270.0, 74.0, 1977-07-12 00:00:00, 0.0
22.0, 19.0, 270.0, 66.0, 1977-07-13 00:00:00, 0.0
26.0, 19.0, 270.0, 66.0, 1977-07-14 00:00:00, 0.0
14.0, 17.0, 270.0, 72.0, 1977-07-15 00:00:00, 0.0
45.0, 19.0, 270.0, 58.0, 1977-07-16 00:00:00, 3.5
38.0, 14.0, 270.0, 80.0, 1977-07-17 00:00:00, 1.5
29.0, 15.0, 270.0, 71.0, 1977-07-18 00:00:00, 0.0
22.0, 22.0, 270.0, 61.0, 1977-07-19 00:00:00, 0.0
22.0, 26.0, 270.0, 52.0, 1977-07-20 00:00:00, 0.0
19.0, 19.0, 270.0, 66.0, 1977-07-21 00:00:00, 1.0
19.0, 19.0, 270.0, 66.0, 1977-07-22 00:00:00, 0.0
19.0, 24.0, 270.0, 50.0, 1977-07-23 00:00:00, 0.0
5.0, 28.0, 270.0, 48.0, 1977-07-24 00:00:00, 0.0
19.0, 27.0, 270.0, 47.0, 1977-07-25 00:00:00, 0.0
22.0, 27.0, 90.0, 53.0, 1977-07-26 00:00:00, 0.0
19.0, 28.0, 270.0, 54.0, 1977-07-27 00:00:00, 0.0
22.0, 18.0, 270.0, 73.0, 1977-07-28 00:00:00, 0.0
29.0, 20.0, 270.0, 67.0, 1977-07-29 00:00:00, 19.6
14.0, 20.0, 270.0, 91.0, 1977-07-30 00:00:00, 1.3
19.0, 23.0, 270.0, 62.0, 1977-07-31 00:00:00, 0.0
16.0, 26.0, 90.0, 58.0, 1977-08-01 00:00:00, 0.0
16.0, 27.0, 270.0, 59.0, 1977-08-02 00:00:00, 0.0
13.0, 27.0, 270.0, 53.0, 1977-08-03 00:00:00, 0.0
10.0, 32.0, 270.0, 42.0, 1977-08-04 00:00:00, 0.0
11.0, 30.5, 90.0, 43.0, 1977-08-05 00:00:00, 0.0
6.0, 29.5, 90.0, 42.0, 1977-08-06 00:00:00, 0.0
19.0, 27.0, 270.0, 47.0, 1977-08-07 00:00:00, 0.0
14.0, 25.5, 270.0, 61.0, 1977-08-08 00:00:00, 0.0
5.0, 27.5, 90.0, 53.0, 1977-08-09 00:00:00, 0.0
13.0, 29.0, 270.0, 39.0, 1977-08-10 00:00:00, 0.0
19.0, 28.0, 270.0, 54.0, 1977-08-11 00:00:00, 0.0
16.0, 28.5, 270.0, 49.0, 1977-08-12 00:00:00, 0.0
19.0, 33.5, 270.0, 37.0, 1977-08-13 00:00:00, 0.0
14.0, 28.0, 90.0, 37.0, 1977-08-14 00:00:00, 0.0
10.0, 29.5, 90.0, 37.0, 1977-08-15 00:00:00, 0.0
0.0, 30.0, 0.0, 33.0, 1977-08-16 00:00:00, 0.0
16.0, 30.0, 90.0, 40.0, 1977-08-17 00:00:00, 0.0
8.0, 32.5, 90.0, 40.0, 1977-08-18 00:00:00, 0.0
13.0, 29.0, 90.0, 49.0, 1977-08-19 00:00:00, 0.0
10.0, 31.5, 90.0, 39.0, 1977-08-20 00:00:00, 0.0
32.0, 21.0, 270.0, 67.0, 1977-08-21 00:00:00, 0.0
32.0, 22.0, 270.0, 54.0, 1977-08-22 00:00:00, 0.0
22.0, 17.5, 270.0, 60.0, 1977-08-23 00:00:00, 4.8
19.0, 20.0, 270.0, 59.0, 1977-08-24 00:00:00, 0.0
16.0, 18.0, 270.0, 65.0, 1977-08-25 00:00:00, 5.5
35.0, 21.5, 270.0, 40.0, 1977-08-26 00:00:00, 0.0
16.0, 18.5, 270.0, 61.0, 1977-08-27 00:00:00, 0.0
0.0, 14.5, 0.0, 90.0, 1977-08-28 00:00:00, 8.1
29.0, 17.0, 270.0, 68.0, 1977-08-29 00:00:00, 9.1
26.0, 19.5, 270.0, 58.0, 1977-08-30 00:00:00, 0.0
19.0, 21.5, 270.0, 57.0, 1977-08-31 00:00:00, 0.0
14.0, 18.0, 270.0, 69.0, 1977-09-01 00:00:00, 0.0
16.0, 17.0, 270.0, 81.0, 1977-09-02 00:00:00, 0.5
3.0, 19.5, 270.0, 70.0, 1977-09-03 00:00:00, 0.8
8.0, 17.0, 270.0, 81.0, 1977-09-04 00:00:00, 3.8
19.0, 16.0, 270.0, 76.0, 1977-09-05 00:00:00, 1.0
16.0, 14.5, 270.0, 75.0, 1977-09-06 00:00:00, 1.5
6.0, 14.5, 270.0, 85.0, 1977-09-07 00:00:00, 2.3
48.0, 15.0, 270.0, 71.0, 1977-09-08 00:00:00, 0.0
13.0, 19.5, 270.0, 70.0, 1977-09-09 00:00:00, 1.3
5.0, 20.0, 270.0, 52.0, 1977-09-10 00:00:00, 0.0
0.0, 20.0, 0.0, 67.0, 1977-09-11 00:00:00, 0.0
6.0, 21.5, 270.0, 57.0, 1977-09-12 00:00:00, 0.0
10.0, 21.5, 270.0, 61.0, 1977-09-13 00:00:00, 0.0
8.0, 21.0, 90.0, 53.0, 1977-09-14 00:00:00, 0.0
0.0, 15.5, 0.0, 76.0, 1977-09-15 00:00:00, 0.0
6.0, 19.5, 90.0, 55.0, 1977-09-16 00:00:00, 0.0
10.0, 16.0, 90.0, 81.0, 1977-09-17 00:00:00, 0.0
0.0, 16.5, 0.0, 76.0, 1977-09-18 00:00:00, 7.1
6.0, 15.5, 270.0, 90.0, 1977-09-19 00:00:00, 0.5
29.0, 14.0, 270.0, 70.0, 1977-09-20 00:00:00, 3.3
8.0, 16.0, 270.0, 72.0, 1977-09-21 00:00:00, 0.0
10.0, 10.5, 270.0, 94.0, 1977-09-22 00:00:00, 2.8
5.0, 12.0, 270.0, 78.0, 1977-09-23 00:00:00, 5.8
5.0, 11.0, 270.0, 83.0, 1977-09-24 00:00:00, 0.0
6.0, 17.0, 90.0, 64.0, 1977-09-25 00:00:00, 0.0
10.0, 15.0, 270.0, 66.0, 1977-09-26 00:00:00, 0.0
6.0, 14.5, 90.0, 57.0, 1977-09-27 00:00:00, 0.0
8.0, 16.0, 270.0, 63.0, 1977-09-28 00:00:00, 0.0
16.0, 14.5, 270.0, 75.0, 1977-09-29 00:00:00, 0.0
22.0, 13.5, 270.0, 74.0, 1977-09-30 00:00:00, 0.0
6.0, 11.5, 270.0, 83.0, 1978-05-01 00:00:00, 0.0
14.0, 14.5, 270.0, 57.0, 1978-05-02 00:00:00, 4.8
10.0, 11.5, 270.0, 52.0, 1978-05-03 00:00:00, 0.0
14.0, 11.0, 270.0, 67.0, 1978-05-04 00:00:00, 0.0
6.0, 15.5, 270.0, 37.0, 1978-05-05 00:00:00, 0.0
4.0, 18.0, 270.0, 42.0, 1978-05-06 00:00:00, 0.0
6.0, 18.0, 270.0, 45.0, 1978-05-07 00:00:00, 0.0
7.0, 17.0, 270.0, 68.0, 1978-05-08 00:00:00, 2.0
8.0, 17.0, 270.0, 48.0, 1978-05-09 00:00:00, 0.0
7.0, 15.0, 270.0, 62.0, 1978-05-10 00:00:00, 0.0
9.0, 15.0, 270.0, 57.0, 1978-05-11 00:00:00, 0.0
5.0, 13.0, 270.0, 64.0, 1978-05-12 00:00:00, 4.6
8.0, 16.0, 270.0, 59.0, 1978-05-13 00:00:00, 0.0
4.0, 17.0, 270.0, 56.0, 1978-05-14 00:00:00, 0.0
14.0, 16.0, 270.0, 59.0, 1978-05-15 00:00:00, 0.0
18.0, 16.5, 270.0, 55.0, 1978-05-16 00:00:00, 0.0
7.0, 16.0, 270.0, 59.0, 1978-05-17 00:00:00, 0.0
6.0, 20.0, 270.0, 59.0, 1978-05-18 00:00:00, 0.0
4.0, 23.5, 270.0, 52.0, 1978-05-19 00:00:00, 0.0
10.0, 13.5, 270.0, 69.0, 1978-05-20 00:00:00, 0.0
14.0, 15.5, 270.0, 45.0, 1978-05-21 00:00:00, 0.0
14.0, 15.5, 270.0, 54.0, 1978-05-22 00:00:00, 0.0
7.0, 12.0, 270.0, 73.0, 1978-05-23 00:00:00, 0.0
4.0, 19.5, 270.0, 47.0, 1978-05-24 00:00:00, 0.0
9.0, 18.0, 270.0, 45.0, 1978-05-25 00:00:00, 0.0
8.0, 15.5, 270.0, 76.0, 1978-05-26 00:00:00, 0.0
10.0, 13.5, 270.0, 74.0, 1978-05-27 00:00:00, 2.3
12.0, 13.5, 270.0, 69.0, 1978-05-28 00:00:00, 1.0
8.0, 15.5, 270.0, 58.0, 1978-05-29 00:00:00, 0.0
5.0, 21.0, 270.0, 46.0, 1978-05-30 00:00:00, 0.0
8.0, 25.0, 270.0, 51.0, 1978-05-31 00:00:00, 0.0
10.0, 25.5, 270.0, 54.0, 1978-06-01 00:00:00, 0.0
10.0, 26.0, 270.0, 46.0, 1978-06-02 00:00:00, 0.0
10.0, 28.5, 270.0, 46.0, 1978-06-03 00:00:00, 0.0
11.0, 27.0, 270.0, 44.0, 1978-06-04 00:00:00, 0.0
19.0, 25.0, 270.0, 45.0, 1978-06-05 00:00:00, 0.0
5.0, 28.0, 270.0, 45.0, 1978-06-06 00:00:00, 0.0
22.0, 21.5, 270.0, 50.0, 1978-06-07 00:00:00, 0.0
10.0, 18.5, 270.0, 69.0, 1978-06-08 00:00:00, 0.0
11.0, 16.5, 270.0, 72.0, 1978-06-09 00:00:00, 0.3
0.0, 19.0, 0.0, 74.0, 1978-06-10 00:00:00, 0.0
11.0, 19.0, 270.0, 70.0, 1978-06-11 00:00:00, 2.3
6.0, 23.0, 270.0, 62.0, 1978-06-12 00:00:00, 0.0
22.0, 16.5, 270.0, 47.0, 1978-06-13 00:00:00, 0.0
16.0, 13.0, 270.0, 79.0, 1978-06-14 00:00:00, 0.0
34.0, 19.0, 270.0, 54.0, 1978-06-15 00:00:00, 0.0
34.0, 21.0, 270.0, 56.0, 1978-06-16 00:00:00, 0.0
32.0, 20.0, 270.0, 63.0, 1978-06-17 00:00:00, 0.0
26.0, 23.0, 270.0, 33.0, 1978-06-18 00:00:00, 0.0
29.0, 21.0, 270.0, 53.0, 1978-06-19 00:00:00, 0.0
29.0, 22.0, 270.0, 51.0, 1978-06-20 00:00:00, 0.0
38.0, 16.0, 270.0, 76.0, 1978-06-21 00:00:00, 0.0
11.0, 20.0, 270.0, 63.0, 1978-06-22 00:00:00, 0.0
19.0, 22.0, 270.0, 54.0, 1978-06-23 00:00:00, 0.0
24.0, 20.0, 270.0, 59.0, 1978-06-24 00:00:00, 0.0
45.0, 20.5, 270.0, 56.0, 1978-06-25 00:00:00, 0.0
35.0, 23.5, 270.0, 49.0, 1978-06-26 00:00:00, 0.0
32.0, 26.0, 270.0, 46.0, 1978-06-27 00:00:00, 0.0
16.0, 26.5, 270.0, 49.0, 1978-06-28 00:00:00, 0.0
32.0, 25.0, 270.0, 51.0, 1978-06-29 00:00:00, 0.0
38.0, 21.0, 270.0, 79.0, 1978-06-30 00:00:00, 0.0
22.0, 24.0, 270.0, 35.0, 1978-07-01 00:00:00, 0.0
6.0, 25.0, 270.0, 36.0, 1978-07-02 00:00:00, 0.0
13.0, 25.0, 270.0, 51.0, 1978-07-03 00:00:00, 0.0
26.0, 25.0, 270.0, 42.0, 1978-07-04 00:00:00, 0.0
42.0, 25.0, 270.0, 39.0, 1978-07-05 00:00:00, 0.0
24.0, 26.5, 270.0, 46.0, 1978-07-06 00:00:00, 0.0
19.0, 25.0, 270.0, 54.0, 1978-07-07 00:00:00, 0.0
14.0, 19.5, 270.0, 70.0, 1978-07-08 00:00:00, 0.0
13.0, 16.0, 270.0, 81.0, 1978-07-09 00:00:00, 0.3
8.0, 14.5, 270.0, 95.0, 1978-07-10 00:00:00, 12.2
8.0, 16.5, 270.0, 81.0, 1978-07-11 00:00:00, 0.3
22.0, 22.0, 270.0, 68.0, 1978-07-12 00:00:00, 0.0
10.0, 22.0, 270.0, 76.0, 1978-07-13 00:00:00, 2.5
3.0, 22.0, 270.0, 72.0, 1978-07-14 00:00:00, 0.0
29.0, 25.0, 270.0, 58.0, 1978-07-15 00:00:00, 0.0
32.0, 21.0, 270.0, 96.0, 1978-07-16 00:00:00, 0.0
35.0, 20.5, 270.0, 56.0, 1978-07-17 00:00:00, 0.0
22.0, 23.5, 270.0, 43.0, 1978-07-18 00:00:00, 0.0
16.0, 26.5, 270.0, 46.0, 1978-07-19 00:00:00, 0.0
19.0, 28.5, 270.0, 43.0, 1978-07-20 00:00:00, 0.0
16.0, 29.5, 270.0, 52.0, 1978-07-21 00:00:00, 0.0
26.0, 29.5, 270.0, 47.0, 1978-07-22 00:00:00, 0.0
25.0, 24.5, 270.0, 63.0, 1978-07-23 00:00:00, 0.0
32.0, 25.5, 270.0, 42.0, 1978-07-24 00:00:00, 0.0
22.0, 28.0, 270.0, 45.0, 1978-07-25 00:00:00, 0.0
16.0, 28.0, 270.0, 45.0, 1978-07-26 00:00:00, 0.0
32.0, 23.0, 270.0, 49.0, 1978-07-27 00:00:00, 0.0
16.0, 24.0, 270.0, 43.0, 1978-07-28 00:00:00, 0.0
0.0, 26.5, 0.0, 46.0, 1978-07-29 00:00:00, 0.0
22.0, 27.0, 270.0, 50.0, 1978-07-30 00:00:00, 0.0
19.0, 26.5, 270.0, 55.0, 1978-07-31 00:00:00, 0.0
14.0, 28.5, 270.0, 51.0, 1978-08-01 00:00:00, 0.0
16.0, 29.5, 270.0, 47.0, 1978-08-02 00:00:00, 0.0
24.0, 26.5, 270.0, 58.0, 1978-08-03 00:00:00, 0.0
38.0, 21.0, 270.0, 49.0, 1978-08-04 00:00:00, 0.0
22.0, 21.0, 270.0, 60.0, 1978-08-05 00:00:00, 0.8
58.0, 18.5, 270.0, 82.0, 1978-08-06 00:00:00, 22.6
13.0, 25.5, 270.0, 67.0, 1978-08-07 00:00:00, 2.5
19.0, 28.0, 270.0, 57.0, 1978-08-08 00:00:00, 0.0
5.0, 24.0, 270.0, 73.0, 1978-08-09 00:00:00, 0.0
38.0, 18.5, 270.0, 69.0, 1978-08-10 00:00:00, 5.1
6.0, 15.5, 270.0, 90.0, 1978-08-11 00:00:00, 1.0
38.0, 21.0, 270.0, 64.0, 1978-08-12 00:00:00, 0.0
29.0, 20.5, 270.0, 60.0, 1978-08-13 00:00:00, 0.0
10.0, 16.5, 270.0, 86.0, 1978-08-14 00:00:00, 0.1
32.0, 18.5, 270.0, 57.0, 1978-08-15 00:00:00, 1.8
6.0, 19.5, 270.0, 70.0, 1978-08-16 00:00:00, 0.0
13.0, 19.5, 270.0, 70.0, 1978-08-17 00:00:00, 0.0
14.0, 16.5, 270.0, 76.0, 1978-08-18 00:00:00, 1.1
5.0, 22.0, 270.0, 51.0, 1978-08-19 00:00:00, 0.0
6.0, 21.0, 270.0, 53.0, 1978-08-20 00:00:00, 4.3
24.0, 20.0, 270.0, 55.0, 1978-08-21 00:00:00, 0.0
5.0, 20.0, 270.0, 59.0, 1978-08-22 00:00:00, 0.0
5.0, 21.0, 270.0, 60.0, 1978-08-23 00:00:00, 0.0
5.0, 22.0, 270.0, 54.0, 1978-08-24 00:00:00, 0.0
0.0, 17.0, 0.0, 86.0, 1978-08-25 00:00:00, 0.0
0.0, 18.5, 0.0, 69.0, 1978-08-26 00:00:00, 0.3
0.0, 20.0, 0.0, 67.0, 1978-08-27 00:00:00, 0.0
0.0, 23.0, 0.0, 55.0, 1978-08-28 00:00:00, 0.0
0.0, 23.0, 0.0, 52.0, 1978-08-29 00:00:00, 0.0
11.0, 21.5, 270.0, 72.0, 1978-08-30 00:00:00, 0.0
24.0, 16.5, 270.0, 76.0, 1978-08-31 00:00:00, 0.3
8.0, 18.0, 270.0, 69.0, 1978-09-01 00:00:00, 0.0
11.0, 16.5, 270.0, 81.0, 1978-09-02 00:00:00, 5.6
10.0, 17.0, 270.0, 77.0, 1978-09-03 00:00:00, 1.8
0.0, 14.5, 0.0, 85.0, 1978-09-04 00:00:00, 3.6
0.0, 17.0, 0.0, 81.0, 1978-09-05 00:00:00, 5.1
5.0, 20.0, 270.0, 63.0, 1978-09-06 00:00:00, 1.0
22.0, 18.5, 270.0, 65.0, 1978-09-07 00:00:00, 0.0
8.0, 19.5, 270.0, 51.0, 1978-09-08 00:00:00, 0.0
16.0, 21.0, 270.0, 49.0, 1978-09-09 00:00:00, 0.0
8.0, 16.0, 270.0, 76.0, 1978-09-10 00:00:00, 0.3
2.0, 18.0, 270.0, 69.0, 1978-09-11 00:00:00, 0.0
2.0, 20.5, 270.0, 52.0, 1978-09-12 00:00:00, 0.0
6.0, 16.5, 270.0, 65.0, 1978-09-13 00:00:00, 0.0
29.0, 16.0, 270.0, 81.0, 1978-09-14 00:00:00, 0.0
27.0, 10.0, 270.0, 94.0, 1978-09-15 00:00:00, 7.6
22.0, 11.0, 270.0, 89.0, 1978-09-16 00:00:00, 0.8
6.0, 15.0, 270.0, 53.0, 1978-09-17 00:00:00, 0.0
6.0, 16.5, 270.0, 59.0, 1978-09-18 00:00:00, 0.0
2.0, 15.0, 270.0, 71.0, 1978-09-19 00:00:00, 0.0
5.0, 14.0, 270.0, 70.0, 1978-09-20 00:00:00, 4.1
11.0, 9.0, 270.0, 94.0, 1978-09-21 00:00:00, 7.6
6.0, 13.0, 270.0, 69.0, 1978-09-22 00:00:00, 2.0
6.0, 12.0, 270.0, 68.0, 1978-09-23 00:00:00, 0.0
0.0, 11.0, 0.0, 89.0, 1978-09-24 00:00:00, 3.1
11.0, 16.0, 270.0, 53.0, 1978-09-25 00:00:00, 0.0
22.0, 18.0, 90.0, 49.0, 1978-09-26 00:00:00, 0.8
5.0, 16.0, 270.0, 81.0, 1978-09-27 00:00:00, 3.8
6.0, 15.5, 270.0, 90.0, 1978-09-28 00:00:00, 0.0
0.0, 14.5, 0.0, 85.0, 1978-09-29 00:00:00, 2.3
11.0, 14.5, 270.0, 95.0, 1978-09-30 00:00:00, 6.4
22.0, 16.0, 270.0, 81.0, 1979-05-01 00:00:00, 0.0
14.0, 13.0, 270.0, 89.0, 1979-05-02 00:00:00, 0.0
6.0, 16.0, 270.0, 81.0, 1979-05-03 00:00:00, 2.8
29.0, 12.0, 270.0, 78.0, 1979-05-04 00:00:00, 4.3
22.0, 14.0, 270.0, 61.0, 1979-05-05 00:00:00, 0.0
10.0, 16.0, 270.0, 46.0, 1979-05-06 00:00:00, 9.4
19.0, 14.0, 270.0, 80.0, 1979-05-07 00:00:00, 0.5
19.0, 15.0, 270.0, 71.0, 1979-05-08 00:00:00, 0.0
59.0, 14.0, 270.0, 43.0, 1979-05-09 00:00:00, 0.0
45.0, 14.0, 270.0, 61.0, 1979-05-10 00:00:00, 0.8
22.0, 14.0, 270.0, 61.0, 1979-05-11 00:00:00, 0.0
26.0, 14.0, 270.0, 61.0, 1979-05-12 00:00:00, 0.8
32.0, 15.0, 270.0, 71.0, 1979-05-13 00:00:00, 0.0
10.0, 18.0, 270.0, 57.0, 1979-05-14 00:00:00, 0.0
26.0, 10.0, 270.0, 77.0, 1979-05-15 00:00:00, 3.3
35.0, 17.0, 270.0, 64.0, 1979-05-16 00:00:00, 2.3
48.0, 14.0, 270.0, 61.0, 1979-05-17 00:00:00, 2.0
38.0, 14.0, 270.0, 43.0, 1979-05-18 00:00:00, 0.0
19.0, 15.0, 270.0, 53.0, 1979-05-19 00:00:00, 0.0
42.0, 10.0, 270.0, 77.0, 1979-05-20 00:00:00, 0.3
16.0, 18.0, 270.0, 65.0, 1979-05-21 00:00:00, 0.0
8.0, 22.0, 270.0, 47.0, 1979-05-22 00:00:00, 0.0
10.0, 18.0, 270.0, 65.0, 1979-05-23 00:00:00, 0.0
42.0, 14.5, 270.0, 85.0, 1979-05-24 00:00:00, 0.0
16.0, 15.0, 270.0, 80.0, 1979-05-25 00:00:00, 0.0
35.0, 13.0, 270.0, 50.0, 1979-05-26 00:00:00, 11.9
35.0, 14.0, 270.0, 80.0, 1979-05-27 00:00:00, 0.0
29.0, 15.0, 270.0, 62.0, 1979-05-28 00:00:00, 0.0
35.0, 16.0, 270.0, 63.0, 1979-05-29 00:00:00, 0.0
32.0, 18.0, 270.0, 61.0, 1979-05-30 00:00:00, 0.0
22.0, 22.5, 270.0, 65.0, 1979-05-31 00:00:00, 0.0
8.0, 21.0, 270.0, 67.0, 1979-06-01 00:00:00, 0.0
6.0, 14.5, 270.0, 85.0, 1979-06-02 00:00:00, 6.9
16.0, 19.0, 270.0, 66.0, 1979-06-03 00:00:00, 0.0
11.0, 14.0, 270.0, 80.0, 1979-06-04 00:00:00, 0.8
34.0, 10.0, 270.0, 88.0, 1979-06-05 00:00:00, 8.9
29.0, 15.0, 270.0, 53.0, 1979-06-06 00:00:00, 0.0
42.0, 16.0, 270.0, 63.0, 1979-06-07 00:00:00, 0.0
34.0, 15.5, 270.0, 67.0, 1979-06-08 00:00:00, 0.0
24.0, 17.0, 270.0, 81.0, 1979-06-09 00:00:00, 2.8
29.0, 15.0, 270.0, 71.0, 1979-06-10 00:00:00, 0.0
26.0, 17.0, 270.0, 64.0, 1979-06-11 00:00:00, 0.0
26.0, 12.0, 270.0, 78.0, 1979-06-12 00:00:00, 2.8
35.0, 15.0, 270.0, 53.0, 1979-06-13 00:00:00, 0.0
29.0, 18.0, 270.0, 61.0, 1979-06-14 00:00:00, 0.0
16.0, 15.5, 270.0, 67.0, 1979-06-15 00:00:00, 0.0
0.0, 19.0, 0.0, 58.0, 1979-06-16 00:00:00, 1.8
29.0, 22.0, 270.0, 54.0, 1979-06-17 00:00:00, 0.0
35.0, 16.0, 270.0, 81.0, 1979-06-18 00:00:00, 0.0
38.0, 17.0, 270.0, 56.0, 1979-06-19 00:00:00, 0.0
32.0, 17.0, 270.0, 64.0, 1979-06-20 00:00:00, 0.0
22.0, 16.0, 270.0, 63.0, 1979-06-21 00:00:00, 0.3
14.0, 15.0, 270.0, 71.0, 1979-06-22 00:00:00, 0.0
22.0, 14.0, 270.0, 80.0, 1979-06-23 00:00:00, 0.0
32.0, 19.0, 270.0, 54.0, 1979-06-24 00:00:00, 0.3
16.0, 23.0, 270.0, 55.0, 1979-06-25 00:00:00, 0.0
29.0, 23.0, 270.0, 69.0, 1979-06-26 00:00:00, 0.0
38.0, 23.0, 270.0, 52.0, 1979-06-27 00:00:00, 0.0
14.0, 25.0, 270.0, 64.0, 1979-06-28 00:00:00, 0.0
32.0, 23.0, 270.0, 49.0, 1979-06-29 00:00:00, 0.0
35.0, 17.0, 270.0, 52.0, 1979-06-30 00:00:00, 7.6
24.0, 16.0, 270.0, 59.0, 1979-07-01 00:00:00, 0.0
14.0, 12.0, 270.0, 89.0, 1979-07-02 00:00:00, 7.6
0.0, 17.0, 0.0, 64.0, 1979-07-03 00:00:00, 0.0
14.0, 22.0, 270.0, 65.0, 1979-07-04 00:00:00, 0.5
16.0, 18.0, 270.0, 86.0, 1979-07-05 00:00:00, 7.6
14.0, 22.5, 270.0, 58.0, 1979-07-06 00:00:00, 0.0
22.0, 21.0, 270.0, 64.0, 1979-07-07 00:00:00, 0.0
16.0, 21.5, 270.0, 64.0, 1979-07-08 00:00:00, 0.0
6.0, 22.0, 270.0, 68.0, 1979-07-09 00:00:00, 1.3
10.0, 24.0, 270.0, 73.0, 1979-07-10 00:00:00, 0.5
22.0, 19.0, 270.0, 70.0, 1979-07-11 00:00:00, 0.0
32.0, 20.0, 270.0, 59.0, 1979-07-12 00:00:00, 0.0
24.0, 17.0, 270.0, 72.0, 1979-07-13 00:00:00, 0.3
24.0, 23.0, 270.0, 43.0, 1979-07-14 00:00:00, 0.0
14.0, 25.0, 270.0, 51.0, 1979-07-15 00:00:00, 0.0
14.0, 27.0, 270.0, 53.0, 1979-07-16 00:00:00, 0.0
16.0, 28.0, 270.0, 63.0, 1979-07-17 00:00:00, 0.0
20.0, 27.5, 270.0, 53.0, 1979-07-18 00:00:00, 0.0
22.0, 26.0, 270.0, 58.0, 1979-07-19 00:00:00, 0.0
29.0, 22.0, 270.0, 68.0, 1979-07-20 00:00:00, 0.0
24.0, 18.0, 270.0, 65.0, 1979-07-21 00:00:00, 0.0
22.0, 16.0, 270.0, 72.0, 1979-07-22 00:00:00, 0.0
19.0, 23.0, 270.0, 55.0, 1979-07-23 00:00:00, 0.0
19.0, 28.0, 270.0, 30.0, 1979-07-24 00:00:00, 0.0
19.0, 27.0, 270.0, 44.0, 1979-07-25 00:00:00, 0.0
22.0, 26.5, 270.0, 58.0, 1979-07-26 00:00:00, 0.0
26.0, 21.0, 270.0, 64.0, 1979-07-27 00:00:00, 0.0
29.0, 21.5, 270.0, 57.0, 1979-07-28 00:00:00, 0.0
14.0, 20.0, 270.0, 63.0, 1979-07-29 00:00:00, 0.0
29.0, 20.5, 270.0, 79.0, 1979-07-30 00:00:00, 3.6
42.0, 19.0, 270.0, 70.0, 1979-07-31 00:00:00, 2.3
42.0, 20.0, 270.0, 59.0, 1979-08-01 00:00:00, 0.0
19.0, 21.0, 270.0, 53.0, 1979-08-02 00:00:00, 0.0
8.0, 23.0, 270.0, 62.0, 1979-08-03 00:00:00, 0.0
0.0, 18.0, 0.0, 77.0, 1979-08-04 00:00:00, 3.1
26.0, 16.0, 270.0, 72.0, 1979-08-05 00:00:00, 0.8
22.0, 19.0, 270.0, 70.0, 1979-08-06 00:00:00, 0.0
22.0, 22.0, 270.0, 54.0, 1979-08-07 00:00:00, 0.0
26.0, 24.0, 270.0, 63.0, 1979-08-08 00:00:00, 0.0
19.0, 25.0, 270.0, 51.0, 1979-08-09 00:00:00, 0.0
19.0, 26.0, 270.0, 61.0, 1979-08-10 00:00:00, 0.0
26.0, 24.0, 270.0, 56.0, 1979-08-11 00:00:00, 0.0
6.0, 28.0, 270.0, 38.0, 1979-08-12 00:00:00, 0.0
5.0, 32.0, 270.0, 28.0, 1979-08-13 00:00:00, 0.0
29.0, 20.0, 270.0, 79.0, 1979-08-14 00:00:00, 0.0
11.0, 22.0, 270.0, 68.0, 1979-08-15 00:00:00, 0.0
26.0, 22.0, 270.0, 80.0, 1979-08-16 00:00:00, 0.0
13.0, 22.5, 270.0, 76.0, 1979-08-17 00:00:00, 0.0
16.0, 20.5, 270.0, 79.0, 1979-08-18 00:00:00, 6.9
11.0, 22.0, 270.0, 57.0, 1979-08-19 00:00:00, 0.0
10.0, 27.0, 90.0, 56.0, 1979-08-20 00:00:00, 0.5
6.0, 30.5, 270.0, 42.0, 1979-08-21 00:00:00, 0.0
22.0, 19.5, 270.0, 78.0, 1979-08-22 00:00:00, 0.0
14.0, 23.5, 270.0, 77.0, 1979-08-23 00:00:00, 7.4
0.0, 19.0, 0.0, 91.0, 1979-08-24 00:00:00, 6.6
6.0, 23.0, 270.0, 84.0, 1979-08-25 00:00:00, 0.8
8.0, 25.0, 270.0, 58.0, 1979-08-26 00:00:00, 3.3
19.0, 23.5, 270.0, 66.0, 1979-08-27 00:00:00, 0.0
29.0, 21.0, 270.0, 64.0, 1979-08-28 00:00:00, 0.0
14.0, 20.0, 270.0, 71.0, 1979-08-29 00:00:00, 0.0
19.0, 19.0, 270.0, 66.0, 1979-08-30 00:00:00, 0.0
19.0, 19.0, 270.0, 66.0, 1979-08-31 00:00:00, 0.0
10.0, 22.0, 270.0, 67.0, 1979-09-01 00:00:00, 0.0
0.0, 21.5, 0.0, 64.0, 1979-09-02 00:00:00, 0.5
22.0, 16.0, 270.0, 76.0, 1979-09-03 00:00:00, 0.3
13.0, 17.0, 270.0, 72.0, 1979-09-04 00:00:00, 0.0
5.0, 15.5, 270.0, 90.0, 1979-09-05 00:00:00, 5.1
6.0, 20.0, 270.0, 63.0, 1979-09-06 00:00:00, 0.0
14.0, 17.5, 270.0, 52.0, 1979-09-07 00:00:00, 0.0
19.0, 19.5, 270.0, 70.0, 1979-09-08 00:00:00, 2.3
19.0, 17.0, 270.0, 72.0, 1979-09-09 00:00:00, 0.5
24.0, 15.0, 270.0, 80.0, 1979-09-10 00:00:00, 0.0
6.0, 19.5, 270.0, 51.0, 1979-09-11 00:00:00, 0.0
5.0, 21.0, 270.0, 64.0, 1979-09-12 00:00:00, 0.0
8.0, 25.0, 270.0, 51.0, 1979-09-13 00:00:00, 0.0
5.0, 26.0, 270.0, 29.0, 1979-09-14 00:00:00, 0.0
32.0, 19.0, 270.0, 66.0, 1979-09-15 00:00:00, 0.0
16.0, 16.0, 270.0, 85.0, 1979-09-16 00:00:00, 2.5
3.0, 17.5, 270.0, 77.0, 1979-09-17 00:00:00, 0.8
13.0, 20.0, 270.0, 79.0, 1979-09-18 00:00:00, 1.5
5.0, 22.0, 270.0, 57.0, 1979-09-19 00:00:00, 0.0
11.0, 19.0, 270.0, 58.0, 1979-09-20 00:00:00, 0.0
13.0, 15.5, 270.0, 85.0, 1979-09-21 00:00:00, 6.4
16.0, 19.0, 270.0, 66.0, 1979-09-22 00:00:00, 0.0
10.0, 17.0, 270.0, 68.0, 1979-09-23 00:00:00, 0.0
6.0, 20.0, 270.0, 55.0, 1979-09-24 00:00:00, 0.0
5.0, 20.0, 270.0, 63.0, 1979-09-25 00:00:00, 0.0
38.0, 16.0, 270.0, 81.0, 1979-09-26 00:00:00, 2.8
16.0, 13.0, 270.0, 89.0, 1979-09-27 00:00:00, 5.8
10.0, 14.0, 270.0, 95.0, 1979-09-28 00:00:00, 2.3
13.0, 10.0, 270.0, 94.0, 1979-09-29 00:00:00, 2.5
0.0, 11.5, 0.0, 89.0, 1979-09-30 00:00:00, 25.4
16.0, 18.0, 270.0, 61.0, 1980-05-01 00:00:00, 0.0
29.0, 13.0, 270.0, 50.0, 1980-05-02 00:00:00, 1.3
11.0, 17.0, 270.0, 32.0, 1980-05-03 00:00:00, 0.0
15.0, 21.0, 90.0, 30.0, 1980-05-04 00:00:00, 0.0
13.0, 14.0, 90.0, 80.0, 1980-05-05 00:00:00, 0.0
14.0, 14.0, 270.0, 70.0, 1980-05-06 00:00:00, 0.5
14.0, 16.0, 270.0, 59.0, 1980-05-07 00:00:00, 0.0
13.0, 14.5, 270.0, 66.0, 1980-05-08 00:00:00, 0.0
0.0, 13.0, 0.0, 95.0, 1980-05-09 00:00:00, 2.0
0.0, 23.0, 0.0, 65.0, 1980-05-10 00:00:00, 0.0
26.0, 24.0, 270.0, 43.0, 1980-05-11 00:00:00, 0.0
16.0, 14.0, 270.0, 75.0, 1980-05-12 00:00:00, 0.0
10.0, 14.0, 270.0, 75.0, 1980-05-13 00:00:00, 4.3
26.0, 12.0, 270.0, 73.0, 1980-05-14 00:00:00, 4.8
19.0, 16.0, 270.0, 81.0, 1980-05-15 00:00:00, 7.1
13.0, 16.5, 270.0, 63.0, 1980-05-16 00:00:00, 0.0
22.0, 17.0, 270.0, 60.0, 1980-05-17 00:00:00, 0.0
11.0, 16.0, 270.0, 67.0, 1980-05-18 00:00:00, 0.0
5.0, 10.0, 270.0, 94.0, 1980-05-19 00:00:00, 6.6
11.0, 9.0, 270.0, 88.0, 1980-05-20 00:00:00, 16.3
10.0, 14.0, 270.0, 61.0, 1980-05-21 00:00:00, 3.0
24.0, 13.0, 270.0, 64.0, 1980-05-22 00:00:00, 12.2
8.0, 16.0, 270.0, 63.0, 1980-05-23 00:00:00, 6.4
0.0, 11.0, 0.0, 89.0, 1980-05-24 00:00:00, 2.8
19.0, 20.5, 270.0, 60.0, 1980-05-25 00:00:00, 0.0
19.0, 18.0, 270.0, 47.0, 1980-05-26 00:00:00, 0.0
13.0, 18.0, 270.0, 69.0, 1980-05-27 00:00:00, 2.5
24.0, 15.5, 0.0, 85.0, 1980-05-28 00:00:00, 0.0
32.0, 18.5, 270.0, 57.0, 1980-05-29 00:00:00, 0.0
26.0, 21.0, 270.0, 64.0, 1980-05-30 00:00:00, 0.0
38.0, 13.5, 270.0, 75.0, 1980-05-31 00:00:00, 1.0
24.0, 12.0, 270.0, 68.0, 1980-06-01 00:00:00, 0.0
6.0, 17.0, 270.0, 52.0, 1980-06-02 00:00:00, 0.0
8.0, 13.0, 90.0, 89.0, 1980-06-03 00:00:00, 0.5
16.0, 17.0, 270.0, 86.0, 1980-06-04 00:00:00, 2.8
0.0, 19.0, 0.0, 82.0, 1980-06-05 00:00:00, 2.5
4.0, 22.5, 90.0, 38.0, 1980-06-06 00:00:00, 0.0
16.0, 25.5, 90.0, 34.0, 1980-06-07 00:00:00, 0.0
19.0, 20.0, 270.0, 59.0, 1980-06-08 00:00:00, 0.0
22.0, 20.0, 270.0, 75.0, 1980-06-09 00:00:00, 3.1
6.0, 15.5, 270.0, 85.0, 1980-06-10 00:00:00, 17.3
16.0, 20.0, 270.0, 67.0, 1980-06-11 00:00:00, 0.0
32.0, 21.0, 270.0, 64.0, 1980-06-12 00:00:00, 0.0
24.0, 22.5, 270.0, 88.0, 1980-06-13 00:00:00, 0.0
19.0, 21.5, 270.0, 61.0, 1980-06-14 00:00:00, 0.0
19.0, 21.5, 270.0, 72.0, 1980-06-15 00:00:00, 0.0
19.0, 18.0, 270.0, 73.0, 1980-06-16 00:00:00, 0.0
32.0, 17.0, 270.0, 77.0, 1980-06-17 00:00:00, 0.0
32.0, 19.0, 270.0, 47.0, 1980-06-18 00:00:00, 0.0
13.0, 22.5, 270.0, 51.0, 1980-06-19 00:00:00, 0.0
26.0, 24.0, 270.0, 57.0, 1980-06-20 00:00:00, 0.0
19.0, 19.0, 270.0, 78.0, 1980-06-21 00:00:00, 0.5
22.0, 16.5, 270.0, 86.0, 1980-06-22 00:00:00, 2.0
19.0, 18.0, 270.0, 65.0, 1980-06-23 00:00:00, 0.0
10.0, 25.0, 270.0, 42.0, 1980-06-24 00:00:00, 0.3
13.0, 24.5, 90.0, 53.0, 1980-06-25 00:00:00, 0.3
42.0, 18.0, 270.0, 73.0, 1980-06-26 00:00:00, 0.0
38.0, 17.0, 270.0, 68.0, 1980-06-27 00:00:00, 0.0
0.0, 12.5, 0.0, 95.0, 1980-06-28 00:00:00, 2.8
29.0, 18.5, 270.0, 69.0, 1980-06-29 00:00:00, 1.0
11.0, 22.0, 270.0, 56.0, 1980-06-30 00:00:00, 0.0
19.0, 23.0, 270.0, 65.0, 1980-07-01 00:00:00, 0.0
34.0, 17.5, 270.0, 75.0, 1980-07-02 00:00:00, 0.0
16.0, 19.0, 270.0, 74.0, 1980-07-03 00:00:00, 0.0
32.0, 13.0, 270.0, 84.0, 1980-07-04 00:00:00, 7.9
26.0, 15.5, 270.0, 67.0, 1980-07-05 00:00:00, 0.0
26.0, 19.5, 270.0, 70.0, 1980-07-06 00:00:00, 0.0
22.0, 22.0, 270.0, 61.0, 1980-07-07 00:00:00, 0.0
24.0, 20.0, 270.0, 75.0, 1980-07-08 00:00:00, 0.0
14.0, 15.5, 270.0, 85.0, 1980-07-09 00:00:00, 2.5
11.0, 14.0, 270.0, 95.0, 1980-07-10 00:00:00, 5.1
6.0, 22.0, 270.0, 65.0, 1980-07-11 00:00:00, 10.2
22.0, 23.0, 270.0, 62.0, 1980-07-12 00:00:00, 0.0
35.0, 16.0, 270.0, 81.0, 1980-07-13 00:00:00, 0.3
32.0, 20.5, 270.0, 63.0, 1980-07-14 00:00:00, 0.1
42.0, 15.0, 270.0, 71.0, 1980-07-15 00:00:00, 0.0
38.0, 18.0, 270.0, 73.0, 1980-07-16 00:00:00, 0.0
22.0, 20.0, 270.0, 59.0, 1980-07-17 00:00:00, 0.0
14.0, 20.5, 270.0, 71.0, 1980-07-18 00:00:00, 0.0
14.0, 18.5, 270.0, 78.0, 1980-07-19 00:00:00, 0.0
19.0, 18.0, 270.0, 86.0, 1980-07-20 00:00:00, 1.0
5.0, 23.5, 270.0, 66.0, 1980-07-21 00:00:00, 0.0
35.0, 24.0, 270.0, 63.0, 1980-07-22 00:00:00, 0.0
24.0, 18.0, 270.0, 82.0, 1980-07-23 00:00:00, 3.1
16.0, 19.0, 270.0, 70.0, 1980-07-24 00:00:00, 0.0
38.0, 21.0, 270.0, 60.0, 1980-07-25 00:00:00, 0.0
19.0, 16.5, 270.0, 86.0, 1980-07-26 00:00:00, 0.0
19.0, 21.0, 270.0, 87.0, 1980-07-27 00:00:00, 3.8
32.0, 20.0, 270.0, 55.0, 1980-07-28 00:00:00, 0.0
29.0, 20.0, 270.0, 67.0, 1980-07-29 00:00:00, 0.0
22.0, 20.5, 270.0, 63.0, 1980-07-30 00:00:00, 0.0
16.0, 19.0, 270.0, 74.0, 1980-07-31 00:00:00, 0.0
35.0, 17.0, 270.0, 72.0, 1980-08-01 00:00:00, 0.0
19.0, 18.5, 270.0, 69.0, 1980-08-02 00:00:00, 7.6
38.0, 19.5, 270.0, 55.0, 1980-08-03 00:00:00, 0.0
22.0, 20.0, 270.0, 71.0, 1980-08-04 00:00:00, 0.0
8.0, 20.0, 270.0, 75.0, 1980-08-05 00:00:00, 5.8
5.0, 18.0, 270.0, 69.0, 1980-08-06 00:00:00, 2.3
11.0, 22.0, 270.0, 84.0, 1980-08-07 00:00:00, 2.3
8.0, 25.0, 90.0, 57.0, 1980-08-08 00:00:00, 0.0
19.0, 25.5, 270.0, 54.0, 1980-08-09 00:00:00, 0.0
5.0, 29.5, 90.0, 58.0, 1980-08-10 00:00:00, 0.0
11.0, 29.5, 90.0, 39.0, 1980-08-11 00:00:00, 1.0
10.0, 28.0, 90.0, 48.0, 1980-08-12 00:00:00, 0.0
26.0, 19.0, 270.0, 78.0, 1980-08-13 00:00:00, 0.0
32.0, 18.0, 270.0, 61.0, 1980-08-14 00:00:00, 0.0
32.0, 17.0, 270.0, 77.0, 1980-08-15 00:00:00, 0.0
35.0, 17.0, 270.0, 81.0, 1980-08-16 00:00:00, 0.1
35.0, 17.5, 270.0, 77.0, 1980-08-17 00:00:00, 13.7
14.0, 20.0, 270.0, 79.0, 1980-08-18 00:00:00, 7.6
42.0, 19.0, 270.0, 54.0, 1980-08-19 00:00:00, 0.0
16.0, 19.0, 270.0, 74.0, 1980-08-20 00:00:00, 0.0
19.0, 19.5, 270.0, 66.0, 1980-08-21 00:00:00, 0.0
13.0, 14.0, 270.0, 90.0, 1980-08-22 00:00:00, 0.0
35.0, 15.0, 270.0, 90.0, 1980-08-23 00:00:00, 0.8
8.0, 21.0, 270.0, 49.0, 1980-08-24 00:00:00, 0.0
0.0, 18.0, 0.0, 61.0, 1980-08-25 00:00:00, 0.0
16.0, 15.0, 270.0, 90.0, 1980-08-26 00:00:00, 5.8
42.0, 16.0, 270.0, 85.0, 1980-08-27 00:00:00, 4.6
16.0, 17.0, 270.0, 64.0, 1980-08-28 00:00:00, 0.0
11.0, 15.0, 270.0, 75.0, 1980-08-29 00:00:00, 0.0
22.0, 17.0, 270.0, 86.0, 1980-08-30 00:00:00, 1.8
13.0, 18.0, 270.0, 69.0, 1980-08-31 00:00:00, 0.0
42.0, 15.0, 270.0, 80.0, 1980-09-01 00:00:00, 15.8
16.0, 14.0, 270.0, 75.0, 1980-09-02 00:00:00, 1.3
6.0, 14.0, 270.0, 75.0, 1980-09-03 00:00:00, 0.3
8.0, 14.5, 270.0, 85.0, 1980-09-04 00:00:00, 2.5
0.0, 15.0, 0.0, 90.0, 1980-09-05 00:00:00, 46.3
14.0, 14.0, 270.0, 95.0, 1980-09-06 00:00:00, 48.3
0.0, 17.5, 0.0, 77.0, 1980-09-07 00:00:00, 0.3
5.0, 19.0, 270.0, 58.0, 1980-09-08 00:00:00, 0.0
6.0, 20.5, 270.0, 67.0, 1980-09-09 00:00:00, 0.0
24.0, 18.5, 270.0, 78.0, 1980-09-10 00:00:00, 0.0
13.0, 16.0, 270.0, 90.0, 1980-09-11 00:00:00, 0.0
11.0, 17.0, 270.0, 81.0, 1980-09-12 00:00:00, 0.0
16.0, 16.0, 270.0, 54.0, 1980-09-13 00:00:00, 0.0
11.0, 18.5, 270.0, 69.0, 1980-09-14 00:00:00, 0.0
0.0, 21.0, 0.0, 71.0, 1980-09-15 00:00:00, 0.0
29.0, 19.5, 270.0, 66.0, 1980-09-16 00:00:00, 0.0
34.0, 20.5, 270.0, 64.0, 1980-09-17 00:00:00, 0.0
4.0, 15.5, 270.0, 80.0, 1980-09-18 00:00:00, 0.0
42.0, 13.0, 320.0, 74.0, 1980-09-19 00:00:00, 8.1
26.0, 13.0, 270.0, 69.0, 1980-09-20 00:00:00, 0.5
24.0, 12.0, 270.0, 84.0, 1980-09-21 00:00:00, 0.0
6.0, 12.0, 270.0, 94.0, 1980-09-22 00:00:00, 8.4
6.0, 14.0, 270.0, 85.0, 1980-09-23 00:00:00, 2.0
10.0, 19.0, 270.0, 66.0, 1980-09-24 00:00:00, 4.3
19.0, 18.5, 270.0, 61.0, 1980-09-25 00:00:00, 0.0
5.0, 18.5, 270.0, 65.0, 1980-09-26 00:00:00, 0.0
6.0, 14.0, 270.0, 90.0, 1980-09-27 00:00:00, 0.0
0.0, 13.0, 0.0, 95.0, 1980-09-28 00:00:00, 0.0
0.0, 13.0, 0.0, 95.0, 1980-09-29 00:00:00, 59.4
6.0, 11.5, 270.0, 94.0, 1980-09-30 00:00:00, 4.8
11.0, 12.0, 270.0, 94.0, 1981-05-01 00:00:00, 3.6
11.0, 12.0, 270.0, 59.0, 1981-05-02 00:00:00, 0.0
29.0, 12.0, 270.0, 68.0, 1981-05-03 00:00:00, 0.0
14.0, 12.0, 270.0, 89.0, 1981-05-04 00:00:00, 3.1
19.0, 16.0, 270.0, 72.0, 1981-05-05 00:00:00, 4.1
0.0, 17.0, 0.0, 64.0, 1981-05-06 00:00:00, 0.0
5.0, 15.5, 270.0, 58.0, 1981-05-07 00:00:00, 0.5
10.0, 17.5, 270.0, 60.0, 1981-05-08 00:00:00, 0.0
22.0, 14.0, 270.0, 51.0, 1981-05-09 00:00:00, 0.0
22.0, 10.0, 270.0, 88.0, 1981-05-10 00:00:00, 3.8
6.0, 17.0, 270.0, 56.0, 1981-05-11 00:00:00, 0.0
16.0, 20.0, 90.0, 38.0, 1981-05-12 00:00:00, 0.0
16.0, 14.5, 270.0, 80.0, 1981-05-13 00:00:00, 0.0
22.0, 15.0, 270.0, 71.0, 1981-05-14 00:00:00, 0.0
10.0, 9.0, 270.0, 88.0, 1981-05-15 00:00:00, 7.9
16.0, 16.5, 270.0, 68.0, 1981-05-16 00:00:00, 0.5
11.0, 15.0, 270.0, 71.0, 1981-05-17 00:00:00, 0.0
13.0, 20.0, 270.0, 59.0, 1981-05-18 00:00:00, 0.0
5.0, 17.5, 270.0, 95.0, 1981-05-19 00:00:00, 4.8
19.0, 18.0, 270.0, 77.0, 1981-05-20 00:00:00, 0.0
26.0, 16.0, 270.0, 63.0, 1981-05-21 00:00:00, 0.0
11.0, 19.0, 270.0, 62.0, 1981-05-22 00:00:00, 0.0
5.0, 21.0, 270.0, 56.0, 1981-05-23 00:00:00, 0.0
10.0, 22.0, 270.0, 61.0, 1981-05-24 00:00:00, 2.5
29.0, 12.5, 270.0, 84.0, 1981-05-25 00:00:00, 3.8
35.0, 13.0, 270.0, 69.0, 1981-05-26 00:00:00, 1.0
26.0, 17.0, 270.0, 56.0, 1981-05-27 00:00:00, 0.0
5.0, 21.0, 270.0, 75.0, 1981-05-28 00:00:00, 0.0
16.0, 17.0, 270.0, 65.0, 1981-05-29 00:00:00, 0.0
35.0, 14.0, 320.0, 70.0, 1981-05-30 00:00:00, 0.8
26.0, 18.0, 270.0, 45.0, 1981-05-31 00:00:00, 0.0
16.0, 18.0, 270.0, 57.0, 1981-06-01 00:00:00, 0.0
14.0, 18.0, 270.0, 69.0, 1981-06-02 00:00:00, 0.0
35.0, 10.0, 270.0, 94.0, 1981-06-03 00:00:00, 1.0
22.0, 15.0, 270.0, 71.0, 1981-06-04 00:00:00, 1.3
13.0, 17.0, 270.0, 68.0, 1981-06-05 00:00:00, 0.0
35.0, 12.0, 270.0, 89.0, 1981-06-06 00:00:00, 2.5
8.0, 14.0, 270.0, 70.0, 1981-06-07 00:00:00, 0.0
11.0, 16.0, 270.0, 59.0, 1981-06-08 00:00:00, 0.0
19.0, 20.0, 270.0, 63.0, 1981-06-09 00:00:00, 2.0
19.0, 15.0, 270.0, 71.0, 1981-06-10 00:00:00, 0.5
16.0, 12.0, 270.0, 89.0, 1981-06-11 00:00:00, 6.1
19.0, 17.0, 270.0, 64.0, 1981-06-12 00:00:00, 0.0
29.0, 19.0, 270.0, 58.0, 1981-06-13 00:00:00, 0.0
26.0, 18.0, 270.0, 69.0, 1981-06-14 00:00:00, 0.0
22.0, 13.0, 270.0, 79.0, 1981-06-15 00:00:00, 0.0
8.0, 14.5, 270.0, 80.0, 1981-06-16 00:00:00, 1.5
16.0, 15.0, 270.0, 62.0, 1981-06-17 00:00:00, 1.0
10.0, 11.0, 270.0, 89.0, 1981-06-18 00:00:00, 2.8
13.0, 14.5, 270.0, 75.0, 1981-06-19 00:00:00, 4.8
32.0, 13.0, 270.0, 74.0, 1981-06-20 00:00:00, 3.8
14.0, 15.0, 270.0, 71.0, 1981-06-21 00:00:00, 0.0
32.0, 17.0, 270.0, 64.0, 1981-06-22 00:00:00, 0.1
32.0, 18.0, 270.0, 57.0, 1981-06-23 00:00:00, 0.0
19.0, 20.0, 270.0, 55.0, 1981-06-24 00:00:00, 0.0
32.0, 19.0, 270.0, 50.0, 1981-06-25 00:00:00, 0.0
10.0, 19.0, 270.0, 66.0, 1981-06-26 00:00:00, 0.0
29.0, 19.0, 270.0, 47.0, 1981-06-27 00:00:00, 0.0
14.0, 17.5, 270.0, 69.0, 1981-06-28 00:00:00, 0.0
38.0, 16.0, 270.0, 67.0, 1981-06-29 00:00:00, 0.0
26.0, 19.0, 270.0, 66.0, 1981-06-30 00:00:00, 0.0
26.0, 20.0, 270.0, 52.0, 1981-07-01 00:00:00, 0.0
15.0, 21.0, 270.0, 67.0, 1981-07-02 00:00:00, 0.1
38.0, 21.5, 270.0, 50.0, 1981-07-03 00:00:00, 0.0
22.0, 22.0, 270.0, 61.0, 1981-07-04 00:00:00, 0.0
42.0, 18.5, 270.0, 65.0, 1981-07-05 00:00:00, 0.0
32.0, 18.0, 320.0, 49.0, 1981-07-06 00:00:00, 1.3
35.0, 19.5, 270.0, 40.0, 1981-07-07 00:00:00, 0.0
10.0, 18.0, 270.0, 65.0, 1981-07-08 00:00:00, 0.0
10.0, 23.0, 270.0, 49.0, 1981-07-09 00:00:00, 0.1
8.0, 28.0, 270.0, 32.0, 1981-07-10 00:00:00, 0.0
19.0, 25.0, 270.0, 60.0, 1981-07-11 00:00:00, 0.0
26.0, 24.0, 270.0, 56.0, 1981-07-12 00:00:00, 0.0
19.0, 25.0, 270.0, 58.0, 1981-07-13 00:00:00, 0.0
29.0, 22.0, 270.0, 54.0, 1981-07-14 00:00:00, 0.0
13.0, 24.0, 270.0, 63.0, 1981-07-15 00:00:00, 0.0
10.0, 30.0, 270.0, 40.0, 1981-07-16 00:00:00, 0.0
11.0, 28.0, 90.0, 63.0, 1981-07-17 00:00:00, 0.0
19.0, 26.0, 270.0, 74.0, 1981-07-18 00:00:00, 3.6
38.0, 23.0, 270.0, 62.0, 1981-07-19 00:00:00, 0.0
38.0, 22.0, 270.0, 65.0, 1981-07-20 00:00:00, 0.0
26.0, 23.0, 270.0, 49.0, 1981-07-21 00:00:00, 0.0
29.0, 24.0, 270.0, 56.0, 1981-07-22 00:00:00, 0.0
14.0, 26.0, 270.0, 55.0, 1981-07-23 00:00:00, 0.0
6.0, 30.0, 270.0, 50.0, 1981-07-24 00:00:00, 1.0
32.0, 26.0, 270.0, 52.0, 1981-07-25 00:00:00, 0.0
35.0, 27.5, 270.0, 48.0, 1981-07-26 00:00:00, 0.0
26.0, 25.0, 270.0, 45.0, 1981-07-27 00:00:00, 0.0
32.0, 23.0, 270.0, 62.0, 1981-07-28 00:00:00, 0.0
16.0, 20.0, 270.0, 63.0, 1981-07-29 00:00:00, 0.0
26.0, 23.0, 270.0, 52.0, 1981-07-30 00:00:00, 0.0
29.0, 23.0, 270.0, 62.0, 1981-07-31 00:00:00, 0.0
13.0, 24.0, 270.0, 50.0, 1981-08-01 00:00:00, 0.0
16.0, 21.0, 270.0, 60.0, 1981-08-02 00:00:00, 0.0
26.0, 24.0, 270.0, 66.0, 1981-08-03 00:00:00, 0.0
26.0, 24.0, 270.0, 53.0, 1981-08-04 00:00:00, 0.0
22.0, 25.0, 270.0, 70.0, 1981-08-05 00:00:00, 0.0
0.0, 33.0, 0.0, 32.0, 1981-08-06 00:00:00, 0.0
26.0, 32.0, 270.0, 44.0, 1981-08-07 00:00:00, 0.0
5.0, 35.0, 270.0, 54.0, 1981-08-08 00:00:00, 0.0
6.0, 33.0, 270.0, 34.0, 1981-08-09 00:00:00, 0.0
16.0, 31.5, 270.0, 59.0, 1981-08-10 00:00:00, 0.0
19.0, 30.0, 270.0, 45.0, 1981-08-11 00:00:00, 0.0
29.0, 30.0, 270.0, 47.0, 1981-08-12 00:00:00, 0.0
22.0, 27.0, 270.0, 53.0, 1981-08-13 00:00:00, 0.0
22.0, 29.0, 270.0, 41.0, 1981-08-14 00:00:00, 0.0
19.0, 28.0, 270.0, 43.0, 1981-08-15 00:00:00, 0.0
19.0, 27.0, 270.0, 53.0, 1981-08-16 00:00:00, 0.0
6.0, 28.0, 270.0, 27.0, 1981-08-17 00:00:00, 0.0
14.0, 27.0, 270.0, 41.0, 1981-08-18 00:00:00, 0.0
22.0, 25.0, 270.0, 54.0, 1981-08-19 00:00:00, 0.0
19.0, 24.0, 270.0, 70.0, 1981-08-20 00:00:00, 1.0
10.0, 17.0, 270.0, 81.0, 1981-08-21 00:00:00, 0.0
26.0, 22.0, 270.0, 61.0, 1981-08-22 00:00:00, 0.0
0.0, 18.0, 0.0, 82.0, 1981-08-23 00:00:00, 0.0
19.0, 20.0, 270.0, 66.0, 1981-08-24 00:00:00, 3.8
11.0, 17.0, 270.0, 86.0, 1981-08-25 00:00:00, 2.0
19.0, 19.0, 270.0, 58.0, 1981-08-26 00:00:00, 0.0
6.0, 19.0, 270.0, 62.0, 1981-08-27 00:00:00, 0.0
14.0, 15.0, 270.0, 80.0, 1981-08-28 00:00:00, 1.5
0.0, 18.0, 0.0, 73.0, 1981-08-29 00:00:00, 5.1
19.0, 12.0, 270.0, 54.0, 1981-08-30 00:00:00, 0.0
0.0, 16.0, 0.0, 90.0, 1981-08-31 00:00:00, 8.6
45.0, 16.0, 0.0, 67.0, 1981-09-01 00:00:00, 3.6
16.0, 17.0, 0.0, 72.0, 1981-09-02 00:00:00, 0.0
14.0, 16.0, 0.0, 81.0, 1981-09-03 00:00:00, 0.0
10.0, 19.0, 0.0, 70.0, 1981-09-04 00:00:00, 0.8
19.0, 18.0, 0.0, 73.0, 1981-09-05 00:00:00, 0.0
0.0, 25.0, 0.0, 51.0, 1981-09-06 00:00:00, 0.0
13.0, 24.5, 0.0, 53.0, 1981-09-07 00:00:00, 0.0
10.0, 25.0, 0.0, 60.0, 1981-09-08 00:00:00, 0.0
26.0, 19.0, 0.0, 74.0, 1981-09-09 00:00:00, 3.6
22.0, 21.0, 0.0, 60.0, 1981-09-10 00:00:00, 0.0
35.0, 19.0, 0.0, 66.0, 1981-09-11 00:00:00, 0.0
14.0, 18.0, 0.0, 57.0, 1981-09-12 00:00:00, 0.0
11.0, 21.0, 0.0, 60.0, 1981-09-13 00:00:00, 0.0
0.0, 16.0, 0.0, 72.0, 1981-09-14 00:00:00, 0.3
8.0, 25.0, 0.0, 48.0, 1981-09-15 00:00:00, 0.0
13.0, 23.0, 0.0, 65.0, 1981-09-16 00:00:00, 0.0
13.0, 25.0, 0.0, 48.0, 1981-09-17 00:00:00, 0.0
13.0, 18.0, 0.0, 73.0, 1981-09-18 00:00:00, 3.3
26.0, 15.0, 0.0, 71.0, 1981-09-19 00:00:00, 0.0
0.0, 15.0, 0.0, 71.0, 1981-09-20 00:00:00, 0.0
14.0, 15.0, 0.0, 71.0, 1981-09-21 00:00:00, 0.0
14.0, 14.0, 0.0, 75.0, 1981-09-22 00:00:00, 0.0
14.0, 15.5, 0.0, 54.0, 1981-09-23 00:00:00, 0.0
14.0, 16.0, 0.0, 59.0, 1981-09-24 00:00:00, 0.0
8.0, 15.0, 0.0, 66.0, 1981-09-25 00:00:00, 0.8
0.0, 0.0, 0.0, 0.0, 1982-05-02 00:00:00, 0.0
21.0, 10.0, 0.0, 60.0, 1982-05-03 00:00:00, 1.0
7.0, 15.0, 0.0, 36.0, 1982-05-04 00:00:00, 0.5
3.0, 10.5, 0.0, 72.0, 1982-05-05 00:00:00, 0.0
1.0, 8.0, 0.0, 87.0, 1982-05-06 00:00:00, 0.0
